0.5 1.167953e+04 1.169066e+04 1.160117e+04 1.159004e+04
1.5 1.166601e+04 1.167910e+04 1.163370e+04 1.162061e+04
2.5 1.163853e+04 1.160502e+04 1.163454e+04 1.166805e+04
3.5 1.163016e+04 1.158715e+04 1.164418e+04 1.168719e+04
4.5 1.166709e+04 1.163451e+04 1.163785e+04 1.167042e+04
5.5 1.167568e+04 1.166060e+04 1.167796e+04 1.169305e+04
6.5 1.168388e+04 1.164508e+04 1.164194e+04 1.168074e+04
7.5 1.165119e+04 1.162927e+04 1.162665e+04 1.164856e+04
8.5 1.166911e+04 1.164879e+04 1.163964e+04 1.165997e+04
9.5 1.162508e+04 1.164328e+04 1.163298e+04 1.161477e+04
10.5 1.163893e+04 1.163880e+04 1.163881e+04 1.163894e+04
11.5 1.166134e+04 1.165541e+04 1.162654e+04 1.163246e+04
12.5 1.166751e+04 1.167446e+04 1.162306e+04 1.161611e+04
13.5 1.175622e+04 1.170878e+04 1.162564e+04 1.167308e+04
14.5 1.178100e+04 1.173764e+04 1.160275e+04 1.164611e+04
15.5 1.176212e+04 1.172213e+04 1.162046e+04 1.166045e+04
16.5 1.159267e+04 1.166876e+04 1.162141e+04 1.154531e+04
17.5 1.157248e+04 1.164389e+04 1.161321e+04 1.154180e+04
18.5 1.160362e+04 1.165492e+04 1.165057e+04 1.159927e+04
19.5 1.166051e+04 1.166915e+04 1.164277e+04 1.163413e+04
20.5 1.169001e+04 1.170927e+04 1.163254e+04 1.161329e+04
21.5 1.172597e+04 1.175020e+04 1.161856e+04 1.159433e+04
22.5 1.167821e+04 1.170320e+04 1.160923e+04 1.158424e+04
23.5 1.162362e+04 1.166528e+04 1.162409e+04 1.158243e+04
24.5 1.166269e+04 1.163864e+04 1.161466e+04 1.163871e+04
25.5 1.159292e+04 1.161137e+04 1.160654e+04 1.158809e+04
26.5 1.161548e+04 1.165766e+04 1.164592e+04 1.160374e+04
0.5 1.168385e+04 1.169545e+04 1.165560e+04 1.164400e+04
1.5 1.166320e+04 1.164997e+04 1.165050e+04 1.166373e+04
2.5 1.170625e+04 1.164758e+04 1.166591e+04 1.172459e+04
3.5 1.163072e+04 1.162494e+04 1.165450e+04 1.166028e+04
4.5 1.167313e+04 1.166261e+04 1.166176e+04 1.167228e+04
5.5 1.168369e+04 1.168272e+04 1.164804e+04 1.164902e+04
6.5 1.171000e+04 1.172857e+04 1.166521e+04 1.164663e+04
7.5 1.175077e+04 1.181057e+04 1.168745e+04 1.162764e+04
8.5 1.180589e+04 1.179584e+04 1.164778e+04 1.165783e+04
9.5 1.174474e+04 1.184941e+04 1.166676e+04 1.156209e+04
10.5 1.179868e+04 1.182451e+04 1.166157e+04 1.163574e+04
11.5 1.170792e+04 1.181749e+04 1.166084e+04 1.155127e+04
12.5 1.181089e+04 1.182400e+04 1.163900e+04 1.162590e+04
13.5 1.175153e+04 1.177105e+04 1.164940e+04 1.162988e+04
14.5 1.176109e+04 1.177068e+04 1.165784e+04 1.164825e+04
15.5 1.172991e+04 1.172311e+04 1.168630e+04 1.169311e+04
16.5 1.173550e+04 1.170563e+04 1.165284e+04 1.168271e+04
17.5 1.173835e+04 1.171238e+04 1.167030e+04 1.169627e+04
18.5 1.174016e+04 1.171060e+04 1.167232e+04 1.170188e+04
19.5 1.179490e+04 1.172503e+04 1.165413e+04 1.172400e+04
20.5 1.166758e+04 1.166503e+04 1.166483e+04 1.166739e+04
21.5 1.165382e+04 1.165278e+04 1.165778e+04 1.165882e+04
22.5 1.159462e+04 1.161728e+04 1.166220e+04 1.163954e+04
23.5 1.168105e+04 1.162734e+04 1.164924e+04 1.170294e+04
24.5 1.166326e+04 1.163386e+04 1.165349e+04 1.168288e+04
25.5 1.159978e+04 1.165570e+04 1.166451e+04 1.160858e+04
26.5 1.160803e+04 1.161922e+04 1.166085e+04 1.164965e+04
0.5 1.180589e+04 1.179584e+04 1.164778e+04 1.165783e+04
1.5 1.174474e+04 1.184941e+04 1.166676e+04 1.156209e+04
2.5 1.179868e+04 1.182451e+04 1.166157e+04 1.163574e+04
3.5 1.170792e+04 1.181749e+04 1.166084e+04 1.155127e+04
4.5 1.181089e+04 1.182400e+04 1.163900e+04 1.162590e+04
5.5 1.175153e+04 1.177105e+04 1.164940e+04 1.162988e+04
6.5 1.176109e+04 1.177068e+04 1.165784e+04 1.164825e+04
7.5 1.172991e+04 1.172311e+04 1.168630e+04 1.169311e+04
8.5 1.173550e+04 1.170563e+04 1.165284e+04 1.168271e+04
9.5 1.173835e+04 1.171238e+04 1.167030e+04 1.169627e+04
10.5 1.174016e+04 1.171060e+04 1.167232e+04 1.170188e+04
11.5 1.179490e+04 1.172503e+04 1.165413e+04 1.172400e+04
12.5 1.166758e+04 1.166503e+04 1.166483e+04 1.166739e+04
13.5 1.165382e+04 1.165278e+04 1.165778e+04 1.165882e+04
14.5 1.159462e+04 1.161728e+04 1.166220e+04 1.163954e+04
15.5 1.168105e+04 1.162734e+04 1.164924e+04 1.170294e+04
16.5 1.166326e+04 1.163386e+04 1.165349e+04 1.168288e+04
17.5 1.159978e+04 1.165570e+04 1.166451e+04 1.160858e+04
18.5 1.160803e+04 1.161922e+04 1.166085e+04 1.164965e+04
19.5 1.161350e+04 1.159927e+04 1.165727e+04 1.167150e+04
20.5 1.158654e+04 1.159699e+04 1.166048e+04 1.165003e+04
21.5 1.161225e+04 1.155386e+04 1.167059e+04 1.172898e+04
22.5 1.157818e+04 1.153986e+04 1.166144e+04 1.169976e+04
23.5 1.154075e+04 1.153830e+04 1.165295e+04 1.165540e+04
24.5 1.152856e+04 1.149403e+04 1.165227e+04 1.168680e+04
25.5 1.153592e+04 1.153699e+04 1.167059e+04 1.166951e+04
26.5 1.150201e+04 1.151808e+04 1.165772e+04 1.164166e+04
0.5 1.173550e+04 1.170563e+04 1.165284e+04 1.168271e+04
1.5 1.173835e+04 1.171238e+04 1.167030e+04 1.169627e+04
2.5 1.174016e+04 1.171060e+04 1.167232e+04 1.170188e+04
3.5 1.179490e+04 1.172503e+04 1.165413e+04 1.172400e+04
4.5 1.166758e+04 1.166503e+04 1.166483e+04 1.166739e+04
5.5 1.165382e+04 1.165278e+04 1.165778e+04 1.165882e+04
6.5 1.159462e+04 1.161728e+04 1.166220e+04 1.163954e+04
7.5 1.168105e+04 1.162734e+04 1.164924e+04 1.170294e+04
8.5 1.166326e+04 1.163386e+04 1.165349e+04 1.168288e+04
9.5 1.159978e+04 1.165570e+04 1.166451e+04 1.160858e+04
10.5 1.160803e+04 1.161922e+04 1.166085e+04 1.164965e+04
11.5 1.161350e+04 1.159927e+04 1.165727e+04 1.167150e+04
12.5 1.158654e+04 1.159699e+04 1.166048e+04 1.165003e+04
13.5 1.161225e+04 1.155386e+04 1.167059e+04 1.172898e+04
14.5 1.157818e+04 1.153986e+04 1.166144e+04 1.169976e+04
15.5 1.154075e+04 1.153830e+04 1.165295e+04 1.165540e+04
16.5 1.152856e+04 1.149403e+04 1.165227e+04 1.168680e+04
17.5 1.153592e+04 1.153699e+04 1.167059e+04 1.166951e+04
18.5 1.150201e+04 1.151808e+04 1.165772e+04 1.164166e+04
19.5 1.149762e+04 1.152176e+04 1.166213e+04 1.163799e+04
20.5 1.150423e+04 1.152115e+04 1.165866e+04 1.164174e+04
21.5 1.152569e+04 1.151283e+04 1.167076e+04 1.168362e+04
22.5 1.149127e+04 1.151664e+04 1.164613e+04 1.162077e+04
23.5 1.149337e+04 1.152698e+04 1.166942e+04 1.163580e+04
24.5 1.154848e+04 1.153552e+04 1.165361e+04 1.166657e+04
25.5 1.153403e+04 1.148714e+04 1.165207e+04 1.169895e+04
26.5 1.154441e+04 1.149615e+04 1.165488e+04 1.170314e+04
0.5 1.153576e+04 1.153490e+04 1.165396e+04 1.165482e+04
1.5 1.154779e+04 1.153816e+04 1.167523e+04 1.168486e+04
2.5 1.156517e+04 1.155399e+04 1.169725e+04 1.170843e+04
3.5 1.151307e+04 1.151509e+04 1.166236e+04 1.166033e+04
4.5 1.149649e+04 1.151016e+04 1.167368e+04 1.166001e+04
5.5 1.153712e+04 1.153312e+04 1.165329e+04 1.165730e+04
6.5 1.149621e+04 1.153458e+04 1.165483e+04 1.161646e+04
7.5 1.151954e+04 1.152285e+04 1.164129e+04 1.163798e+04
8.5 1.158037e+04 1.157481e+04 1.172254e+04 1.172810e+04
9.5 1.150548e+04 1.151894e+04 1.168385e+04 1.167040e+04
10.5 1.156457e+04 1.151467e+04 1.166161e+04 1.171152e+04
11.5 1.164447e+04 1.158244e+04 1.170210e+04 1.176413e+04
12.5 1.170772e+04 1.158623e+04 1.162947e+04 1.175096e+04
13.5 1.170938e+04 1.164098e+04 1.166848e+04 1.173688e+04
14.5 1.157739e+04 1.156062e+04 1.163914e+04 1.165591e+04
15.5 1.157309e+04 1.155226e+04 1.164876e+04 1.166960e+04
16.5 1.155617e+04 1.154426e+04 1.165737e+04 1.166928e+04
17.5 1.150233e+04 1.154507e+04 1.167557e+04 1.163283e+04
18.5 1.163549e+04 1.163468e+04 1.165122e+04 1.165203e+04
19.5 1.165317e+04 1.165225e+04 1.166533e+04 1.166625e+04
20.5 1.162365e+04 1.167576e+04 1.167266e+04 1.162055e+04
21.5 1.158845e+04 1.164278e+04 1.166103e+04 1.160670e+04
0.5 1.151307e+04 1.151509e+04 1.166236e+04 1.166033e+04
1.5 1.149649e+04 1.151016e+04 1.167368e+04 1.166001e+04
2.5 1.153712e+04 1.153312e+04 1.165329e+04 1.165730e+04
3.5 1.149621e+04 1.153458e+04 1.165483e+04 1.161646e+04
4.5 1.151954e+04 1.152285e+04 1.164129e+04 1.163798e+04
5.5 1.158037e+04 1.157481e+04 1.172254e+04 1.172810e+04
6.5 1.150548e+04 1.151894e+04 1.168385e+04 1.167040e+04
7.5 1.156457e+04 1.151467e+04 1.166161e+04 1.171152e+04
8.5 1.164447e+04 1.158244e+04 1.170210e+04 1.176413e+04
9.5 1.170772e+04 1.158623e+04 1.162947e+04 1.175096e+04
10.5 1.170938e+04 1.164098e+04 1.166848e+04 1.173688e+04
11.5 1.157739e+04 1.156062e+04 1.163914e+04 1.165591e+04
12.5 1.157309e+04 1.155226e+04 1.164876e+04 1.166960e+04
13.5 1.155617e+04 1.154426e+04 1.165737e+04 1.166928e+04
14.5 1.150233e+04 1.154507e+04 1.167557e+04 1.163283e+04
15.5 1.163549e+04 1.163468e+04 1.165122e+04 1.165203e+04
16.5 1.165317e+04 1.165225e+04 1.166533e+04 1.166625e+04
17.5 1.162365e+04 1.167576e+04 1.167266e+04 1.162055e+04
18.5 1.158845e+04 1.164278e+04 1.166103e+04 1.160670e+04
0.5 1.156457e+04 1.151467e+04 1.166161e+04 1.171152e+04
1.5 1.164447e+04 1.158244e+04 1.170210e+04 1.176413e+04
2.5 1.170772e+04 1.158623e+04 1.162947e+04 1.175096e+04
3.5 1.170938e+04 1.164098e+04 1.166848e+04 1.173688e+04
4.5 1.157739e+04 1.156062e+04 1.163914e+04 1.165591e+04
5.5 1.157309e+04 1.155226e+04 1.164876e+04 1.166960e+04
6.5 1.155617e+04 1.154426e+04 1.165737e+04 1.166928e+04
7.5 1.150233e+04 1.154507e+04 1.167557e+04 1.163283e+04
8.5 1.163549e+04 1.163468e+04 1.165122e+04 1.165203e+04
9.5 1.165317e+04 1.165225e+04 1.166533e+04 1.166625e+04
10.5 1.162365e+04 1.167576e+04 1.167266e+04 1.162055e+04
11.5 1.158845e+04 1.164278e+04 1.166103e+04 1.160670e+04
0.5 1.170772e+04 1.158623e+04 1.162947e+04 1.175096e+04
1.5 1.170938e+04 1.164098e+04 1.166848e+04 1.173688e+04
2.5 1.157739e+04 1.156062e+04 1.163914e+04 1.165591e+04
3.5 1.157309e+04 1.155226e+04 1.164876e+04 1.166960e+04
4.5 1.155617e+04 1.154426e+04 1.165737e+04 1.166928e+04
5.5 1.150233e+04 1.154507e+04 1.167557e+04 1.163283e+04
6.5 1.163549e+04 1.163468e+04 1.165122e+04 1.165203e+04
7.5 1.165317e+04 1.165225e+04 1.166533e+04 1.166625e+04
8.5 1.162365e+04 1.167576e+04 1.167266e+04 1.162055e+04
9.5 1.158845e+04 1.164278e+04 1.166103e+04 1.160670e+04
