0.2 1.106619e+04 1.104784e+04 1.108739e+04 1.110574e+04
1.2 1.104759e+04 1.100545e+04 1.108690e+04 1.112904e+04
2.2 1.110865e+04 1.105513e+04 1.108367e+04 1.113719e+04
3.2 1.112286e+04 1.109624e+04 1.108175e+04 1.110836e+04
4.2 1.110693e+04 1.108173e+04 1.108295e+04 1.110815e+04
5.2 1.108924e+04 1.107520e+04 1.108499e+04 1.109903e+04
6.2 1.107927e+04 1.108878e+04 1.108650e+04 1.107699e+04
7.2 1.104745e+04 1.107238e+04 1.108736e+04 1.106243e+04
8.2 1.106215e+04 1.108037e+04 1.108777e+04 1.106956e+04
9.2 1.107479e+04 1.109920e+04 1.108790e+04 1.106348e+04
10.2 1.107512e+04 1.112569e+04 1.108786e+04 1.103728e+04
11.2 1.115075e+04 1.113924e+04 1.108673e+04 1.109824e+04
12.2 1.123967e+04 1.120059e+04 1.108316e+04 1.112224e+04
13.2 1.120619e+04 1.121449e+04 1.108195e+04 1.107365e+04
14.2 1.106620e+04 1.112238e+04 1.108340e+04 1.102722e+04
15.2 1.105167e+04 1.110600e+04 1.108298e+04 1.102865e+04
16.2 1.103438e+04 1.107952e+04 1.108136e+04 1.103622e+04
17.2 1.105132e+04 1.107735e+04 1.108242e+04 1.105639e+04
18.2 1.117568e+04 1.116319e+04 1.108475e+04 1.109723e+04
19.2 1.121890e+04 1.121070e+04 1.108657e+04 1.109476e+04
20.2 1.114699e+04 1.116359e+04 1.108757e+04 1.107096e+04
0.4 1.107512e+04 1.112569e+04 1.108786e+04 1.103728e+04
1.4 1.115075e+04 1.113924e+04 1.108673e+04 1.109824e+04
2.4 1.123967e+04 1.120059e+04 1.108316e+04 1.112224e+04
3.4 1.120619e+04 1.121449e+04 1.108195e+04 1.107365e+04
4.4 1.106620e+04 1.112238e+04 1.108340e+04 1.102722e+04
5.4 1.105167e+04 1.110600e+04 1.108298e+04 1.102865e+04
6.4 1.103438e+04 1.107952e+04 1.108136e+04 1.103622e+04
7.4 1.105132e+04 1.107735e+04 1.108242e+04 1.105639e+04
8.4 1.117568e+04 1.116319e+04 1.108475e+04 1.109723e+04
9.4 1.121890e+04 1.121070e+04 1.108657e+04 1.109476e+04
10.4 1.114699e+04 1.116359e+04 1.108757e+04 1.107096e+04
11.4 1.111369e+04 1.113934e+04 1.108799e+04 1.106234e+04
12.4 1.105219e+04 1.107261e+04 1.108808e+04 1.106766e+04
13.4 1.101763e+04 1.103270e+04 1.108800e+04 1.107293e+04
14.4 1.104854e+04 1.106720e+04 1.108785e+04 1.106919e+04
15.4 1.110404e+04 1.107541e+04 1.108769e+04 1.111632e+04
16.4 1.115490e+04 1.113782e+04 1.108757e+04 1.110465e+04
17.4 1.126443e+04 1.119077e+04 1.108749e+04 1.116115e+04
18.4 1.126761e+04 1.124694e+04 1.108744e+04 1.110812e+04
19.4 1.116881e+04 1.115687e+04 1.108742e+04 1.109935e+04
20.4 1.110604e+04 1.108100e+04 1.108680e+04 1.111184e+04
0.8 1.106620e+04 1.112238e+04 1.108340e+04 1.102722e+04
1.8 1.105167e+04 1.110600e+04 1.108298e+04 1.102865e+04
2.8 1.103438e+04 1.107952e+04 1.108136e+04 1.103622e+04
3.8 1.105132e+04 1.107735e+04 1.108242e+04 1.105639e+04
4.8 1.117568e+04 1.116319e+04 1.108475e+04 1.109723e+04
5.8 1.121890e+04 1.121070e+04 1.108657e+04 1.109476e+04
6.8 1.114699e+04 1.116359e+04 1.108757e+04 1.107096e+04
7.8 1.111369e+04 1.113934e+04 1.108799e+04 1.106234e+04
8.8 1.105219e+04 1.107261e+04 1.108808e+04 1.106766e+04
9.8 1.101763e+04 1.103270e+04 1.108800e+04 1.107293e+04
10.8 1.104854e+04 1.106720e+04 1.108785e+04 1.106919e+04
11.8 1.110404e+04 1.107541e+04 1.108769e+04 1.111632e+04
12.8 1.115490e+04 1.113782e+04 1.108757e+04 1.110465e+04
13.8 1.126443e+04 1.119077e+04 1.108749e+04 1.116115e+04
14.8 1.126761e+04 1.124694e+04 1.108744e+04 1.110812e+04
15.8 1.116881e+04 1.115687e+04 1.108742e+04 1.109935e+04
16.8 1.110604e+04 1.108100e+04 1.108680e+04 1.111184e+04
17.8 1.104977e+04 1.104738e+04 1.108348e+04 1.108587e+04
18.8 1.096937e+04 1.098732e+04 1.108175e+04 1.106379e+04
19.8 1.095174e+04 1.094576e+04 1.108306e+04 1.108905e+04
20.8 1.093175e+04 1.092221e+04 1.108510e+04 1.109464e+04
0.2 1.116881e+04 1.115687e+04 1.108742e+04 1.109935e+04
1.2 1.110604e+04 1.108100e+04 1.108680e+04 1.111184e+04
2.2 1.104977e+04 1.104738e+04 1.108348e+04 1.108587e+04
3.2 1.096937e+04 1.098732e+04 1.108175e+04 1.106379e+04
4.2 1.095174e+04 1.094576e+04 1.108306e+04 1.108905e+04
5.2 1.093175e+04 1.092221e+04 1.108510e+04 1.109464e+04
6.2 1.094106e+04 1.092033e+04 1.108656e+04 1.110729e+04
7.2 1.095922e+04 1.093509e+04 1.108739e+04 1.111152e+04
8.2 1.100244e+04 1.100889e+04 1.108778e+04 1.108133e+04
9.2 1.116843e+04 1.114455e+04 1.108780e+04 1.111169e+04
10.2 1.121719e+04 1.121196e+04 1.108540e+04 1.109063e+04
11.2 1.111784e+04 1.114388e+04 1.108233e+04 1.105630e+04
12.2 1.103659e+04 1.104251e+04 1.108254e+04 1.107663e+04
13.2 1.098327e+04 1.106131e+04 1.108385e+04 1.100581e+04
14.2 1.093778e+04 1.099816e+04 1.108221e+04 1.102184e+04
15.2 1.093302e+04 1.097857e+04 1.108151e+04 1.103596e+04
16.2 1.096012e+04 1.099200e+04 1.108335e+04 1.105147e+04
17.2 1.099547e+04 1.100432e+04 1.108559e+04 1.107674e+04
18.2 1.104064e+04 1.105769e+04 1.108706e+04 1.107001e+04
19.2 1.109351e+04 1.109804e+04 1.108779e+04 1.108325e+04
20.2 1.124556e+04 1.121039e+04 1.108805e+04 1.112322e+04
0.8 1.116843e+04 1.114455e+04 1.108780e+04 1.111169e+04
1.8 1.121719e+04 1.121196e+04 1.108540e+04 1.109063e+04
2.8 1.111784e+04 1.114388e+04 1.108233e+04 1.105630e+04
3.8 1.103659e+04 1.104251e+04 1.108254e+04 1.107663e+04
4.8 1.098327e+04 1.106131e+04 1.108385e+04 1.100581e+04
5.8 1.093778e+04 1.099816e+04 1.108221e+04 1.102184e+04
6.8 1.093302e+04 1.097857e+04 1.108151e+04 1.103596e+04
7.8 1.096012e+04 1.099200e+04 1.108335e+04 1.105147e+04
8.8 1.099547e+04 1.100432e+04 1.108559e+04 1.107674e+04
9.8 1.104064e+04 1.105769e+04 1.108706e+04 1.107001e+04
10.8 1.109351e+04 1.109804e+04 1.108779e+04 1.108325e+04
11.8 1.124556e+04 1.121039e+04 1.108805e+04 1.112322e+04
12.8 1.125625e+04 1.122291e+04 1.108806e+04 1.112140e+04
13.8 1.120533e+04 1.119592e+04 1.108794e+04 1.109735e+04
14.8 1.112304e+04 1.111788e+04 1.108778e+04 1.109294e+04
15.8 1.109809e+04 1.105619e+04 1.108764e+04 1.112954e+04
16.8 1.109781e+04 1.107695e+04 1.108687e+04 1.110773e+04
17.8 1.103773e+04 1.102964e+04 1.108345e+04 1.109154e+04
18.8 1.100158e+04 1.097332e+04 1.108179e+04 1.111005e+04
19.8 1.096427e+04 1.094483e+04 1.108314e+04 1.110258e+04
20.8 1.101733e+04 1.098994e+04 1.108515e+04 1.111254e+04
0.2 1.103659e+04 1.104251e+04 1.108254e+04 1.107663e+04
1.2 1.098327e+04 1.106131e+04 1.108385e+04 1.100581e+04
2.2 1.093778e+04 1.099816e+04 1.108221e+04 1.102184e+04
3.2 1.093302e+04 1.097857e+04 1.108151e+04 1.103596e+04
4.2 1.096012e+04 1.099200e+04 1.108335e+04 1.105147e+04
5.2 1.099547e+04 1.100432e+04 1.108559e+04 1.107674e+04
6.2 1.104064e+04 1.105769e+04 1.108706e+04 1.107001e+04
7.2 1.109351e+04 1.109804e+04 1.108779e+04 1.108325e+04
8.2 1.124556e+04 1.121039e+04 1.108805e+04 1.112322e+04
9.2 1.125625e+04 1.122291e+04 1.108806e+04 1.112140e+04
10.2 1.120533e+04 1.119592e+04 1.108794e+04 1.109735e+04
11.2 1.112304e+04 1.111788e+04 1.108778e+04 1.109294e+04
12.2 1.109809e+04 1.105619e+04 1.108764e+04 1.112954e+04
13.2 1.109781e+04 1.107695e+04 1.108687e+04 1.110773e+04
14.2 1.103773e+04 1.102964e+04 1.108345e+04 1.109154e+04
15.2 1.100158e+04 1.097332e+04 1.108179e+04 1.111005e+04
16.2 1.096427e+04 1.094483e+04 1.108314e+04 1.110258e+04
17.2 1.101733e+04 1.098994e+04 1.108515e+04 1.111254e+04
18.2 1.105952e+04 1.103324e+04 1.108660e+04 1.111288e+04
19.2 1.097863e+04 1.101973e+04 1.108675e+04 1.104564e+04
20.2 1.095597e+04 1.099061e+04 1.108377e+04 1.104913e+04
0.3 1.109809e+04 1.105619e+04 1.108764e+04 1.112954e+04
1.3 1.109781e+04 1.107695e+04 1.108687e+04 1.110773e+04
2.3 1.103773e+04 1.102964e+04 1.108345e+04 1.109154e+04
3.3 1.100158e+04 1.097332e+04 1.108179e+04 1.111005e+04
4.3 1.096427e+04 1.094483e+04 1.108314e+04 1.110258e+04
5.3 1.101733e+04 1.098994e+04 1.108515e+04 1.111254e+04
6.3 1.105952e+04 1.103324e+04 1.108660e+04 1.111288e+04
7.3 1.097863e+04 1.101973e+04 1.108675e+04 1.104564e+04
8.3 1.095597e+04 1.099061e+04 1.108377e+04 1.104913e+04
9.3 1.097498e+04 1.100901e+04 1.108226e+04 1.104822e+04
10.3 1.101504e+04 1.104638e+04 1.108356e+04 1.105221e+04
11.3 1.107640e+04 1.105489e+04 1.108376e+04 1.110527e+04
12.3 1.110263e+04 1.109579e+04 1.108176e+04 1.108860e+04
13.3 1.110979e+04 1.107719e+04 1.108218e+04 1.111477e+04
14.3 1.111737e+04 1.111888e+04 1.108437e+04 1.108286e+04
15.3 1.111250e+04 1.111863e+04 1.108631e+04 1.108018e+04
16.3 1.109400e+04 1.113272e+04 1.108741e+04 1.104870e+04
17.3 1.115195e+04 1.113804e+04 1.108631e+04 1.110021e+04
18.3 1.116377e+04 1.117722e+04 1.108309e+04 1.106963e+04
19.3 1.107154e+04 1.117562e+04 1.108263e+04 1.097854e+04
20.3 1.121967e+04 1.118535e+04 1.108433e+04 1.111865e+04
0.3 1.105952e+04 1.103324e+04 1.108660e+04 1.111288e+04
1.3 1.097863e+04 1.101973e+04 1.108675e+04 1.104564e+04
2.3 1.095597e+04 1.099061e+04 1.108377e+04 1.104913e+04
3.3 1.097498e+04 1.100901e+04 1.108226e+04 1.104822e+04
4.3 1.101504e+04 1.104638e+04 1.108356e+04 1.105221e+04
5.3 1.107640e+04 1.105489e+04 1.108376e+04 1.110527e+04
6.3 1.110263e+04 1.109579e+04 1.108176e+04 1.108860e+04
7.3 1.110979e+04 1.107719e+04 1.108218e+04 1.111477e+04
8.3 1.111737e+04 1.111888e+04 1.108437e+04 1.108286e+04
9.3 1.111250e+04 1.111863e+04 1.108631e+04 1.108018e+04
10.3 1.109400e+04 1.113272e+04 1.108741e+04 1.104870e+04
11.3 1.115195e+04 1.113804e+04 1.108631e+04 1.110021e+04
12.3 1.116377e+04 1.117722e+04 1.108309e+04 1.106963e+04
13.3 1.107154e+04 1.117562e+04 1.108263e+04 1.097854e+04
14.3 1.121967e+04 1.118535e+04 1.108433e+04 1.111865e+04
15.3 1.139805e+04 1.131836e+04 1.108596e+04 1.116565e+04
16.3 1.132923e+04 1.135807e+04 1.108468e+04 1.105584e+04
17.3 1.124922e+04 1.122553e+04 1.108228e+04 1.110598e+04
18.3 1.120868e+04 1.116668e+04 1.108283e+04 1.112484e+04
19.3 1.114801e+04 1.109895e+04 1.108484e+04 1.113391e+04
20.3 1.108015e+04 1.105236e+04 1.108622e+04 1.111401e+04
0.6 1.101504e+04 1.104638e+04 1.108356e+04 1.105221e+04
1.6 1.107640e+04 1.105489e+04 1.108376e+04 1.110527e+04
2.6 1.110263e+04 1.109579e+04 1.108176e+04 1.108860e+04
3.6 1.110979e+04 1.107719e+04 1.108218e+04 1.111477e+04
4.6 1.111737e+04 1.111888e+04 1.108437e+04 1.108286e+04
5.6 1.111250e+04 1.111863e+04 1.108631e+04 1.108018e+04
6.6 1.109400e+04 1.113272e+04 1.108741e+04 1.104870e+04
7.6 1.115195e+04 1.113804e+04 1.108631e+04 1.110021e+04
8.6 1.116377e+04 1.117722e+04 1.108309e+04 1.106963e+04
9.6 1.107154e+04 1.117562e+04 1.108263e+04 1.097854e+04
10.6 1.121967e+04 1.118535e+04 1.108433e+04 1.111865e+04
11.6 1.139805e+04 1.131836e+04 1.108596e+04 1.116565e+04
12.6 1.132923e+04 1.135807e+04 1.108468e+04 1.105584e+04
13.6 1.124922e+04 1.122553e+04 1.108228e+04 1.110598e+04
14.6 1.120868e+04 1.116668e+04 1.108283e+04 1.112484e+04
15.6 1.114801e+04 1.109895e+04 1.108484e+04 1.113391e+04
16.6 1.108015e+04 1.105236e+04 1.108622e+04 1.111401e+04
17.6 1.097527e+04 1.098253e+04 1.108422e+04 1.107696e+04
18.6 1.090047e+04 1.091196e+04 1.108226e+04 1.107077e+04
19.6 1.090587e+04 1.089819e+04 1.108326e+04 1.109093e+04
20.6 1.091689e+04 1.096002e+04 1.108526e+04 1.104213e+04
0.6 1.109400e+04 1.113272e+04 1.108741e+04 1.104870e+04
1.6 1.115195e+04 1.113804e+04 1.108631e+04 1.110021e+04
2.6 1.116377e+04 1.117722e+04 1.108309e+04 1.106963e+04
3.6 1.107154e+04 1.117562e+04 1.108263e+04 1.097854e+04
4.6 1.121967e+04 1.118535e+04 1.108433e+04 1.111865e+04
5.6 1.139805e+04 1.131836e+04 1.108596e+04 1.116565e+04
6.6 1.132923e+04 1.135807e+04 1.108468e+04 1.105584e+04
7.6 1.124922e+04 1.122553e+04 1.108228e+04 1.110598e+04
8.6 1.120868e+04 1.116668e+04 1.108283e+04 1.112484e+04
9.6 1.114801e+04 1.109895e+04 1.108484e+04 1.113391e+04
10.6 1.108015e+04 1.105236e+04 1.108622e+04 1.111401e+04
11.6 1.097527e+04 1.098253e+04 1.108422e+04 1.107696e+04
12.6 1.090047e+04 1.091196e+04 1.108226e+04 1.107077e+04
13.6 1.090587e+04 1.089819e+04 1.108326e+04 1.109093e+04
14.6 1.091689e+04 1.096002e+04 1.108526e+04 1.104213e+04
15.6 1.095259e+04 1.094809e+04 1.108614e+04 1.109065e+04
16.6 1.113471e+04 1.107623e+04 1.108363e+04 1.114211e+04
17.6 1.119275e+04 1.114486e+04 1.108225e+04 1.113015e+04
18.6 1.109367e+04 1.108676e+04 1.108365e+04 1.109057e+04
19.6 1.098897e+04 1.099795e+04 1.108562e+04 1.107663e+04
20.6 1.090065e+04 1.091156e+04 1.108695e+04 1.107604e+04
0.8 1.139805e+04 1.131836e+04 1.108596e+04 1.116565e+04
1.8 1.132923e+04 1.135807e+04 1.108468e+04 1.105584e+04
2.8 1.124922e+04 1.122553e+04 1.108228e+04 1.110598e+04
3.8 1.120868e+04 1.116668e+04 1.108283e+04 1.112484e+04
4.8 1.114801e+04 1.109895e+04 1.108484e+04 1.113391e+04
5.8 1.108015e+04 1.105236e+04 1.108622e+04 1.111401e+04
6.8 1.097527e+04 1.098253e+04 1.108422e+04 1.107696e+04
7.8 1.090047e+04 1.091196e+04 1.108226e+04 1.107077e+04
8.8 1.090587e+04 1.089819e+04 1.108326e+04 1.109093e+04
9.8 1.091689e+04 1.096002e+04 1.108526e+04 1.104213e+04
10.8 1.095259e+04 1.094809e+04 1.108614e+04 1.109065e+04
11.8 1.113471e+04 1.107623e+04 1.108363e+04 1.114211e+04
12.8 1.119275e+04 1.114486e+04 1.108225e+04 1.113015e+04
13.8 1.109367e+04 1.108676e+04 1.108365e+04 1.109057e+04
14.8 1.098897e+04 1.099795e+04 1.108562e+04 1.107663e+04
15.8 1.090065e+04 1.091156e+04 1.108695e+04 1.107604e+04
16.8 1.086759e+04 1.087522e+04 1.108765e+04 1.108001e+04
17.8 1.083947e+04 1.088982e+04 1.108793e+04 1.103759e+04
18.8 1.089971e+04 1.096330e+04 1.108798e+04 1.102439e+04
19.8 1.092174e+04 1.098398e+04 1.108789e+04 1.102565e+04
20.8 1.113001e+04 1.109633e+04 1.108776e+04 1.112144e+04
1.0 1.108015e+04 1.105236e+04 1.108622e+04 1.111401e+04
2.0 1.097527e+04 1.098253e+04 1.108422e+04 1.107696e+04
3.0 1.090047e+04 1.091196e+04 1.108226e+04 1.107077e+04
4.0 1.090587e+04 1.089819e+04 1.108326e+04 1.109093e+04
5.0 1.091689e+04 1.096002e+04 1.108526e+04 1.104213e+04
6.0 1.095259e+04 1.094809e+04 1.108614e+04 1.109065e+04
7.0 1.113471e+04 1.107623e+04 1.108363e+04 1.114211e+04
8.0 1.119275e+04 1.114486e+04 1.108225e+04 1.113015e+04
9.0 1.109367e+04 1.108676e+04 1.108365e+04 1.109057e+04
10.0 1.098897e+04 1.099795e+04 1.108562e+04 1.107663e+04
11.0 1.090065e+04 1.091156e+04 1.108695e+04 1.107604e+04
12.0 1.086759e+04 1.087522e+04 1.108765e+04 1.108001e+04
13.0 1.083947e+04 1.088982e+04 1.108793e+04 1.103759e+04
14.0 1.089971e+04 1.096330e+04 1.108798e+04 1.102439e+04
15.0 1.092174e+04 1.098398e+04 1.108789e+04 1.102565e+04
16.0 1.113001e+04 1.109633e+04 1.108776e+04 1.112144e+04
17.0 1.121847e+04 1.120238e+04 1.108763e+04 1.110372e+04
18.0 1.111537e+04 1.109965e+04 1.108753e+04 1.110324e+04
19.0 1.100689e+04 1.100720e+04 1.108747e+04 1.108715e+04
20.0 1.094439e+04 1.098926e+04 1.108743e+04 1.104256e+04
21.0 1.095531e+04 1.096965e+04 1.108741e+04 1.107307e+04
0.2 1.091689e+04 1.096002e+04 1.108526e+04 1.104213e+04
1.2 1.095259e+04 1.094809e+04 1.108614e+04 1.109065e+04
2.2 1.113471e+04 1.107623e+04 1.108363e+04 1.114211e+04
3.2 1.119275e+04 1.114486e+04 1.108225e+04 1.113015e+04
4.2 1.109367e+04 1.108676e+04 1.108365e+04 1.109057e+04
5.2 1.098897e+04 1.099795e+04 1.108562e+04 1.107663e+04
6.2 1.090065e+04 1.091156e+04 1.108695e+04 1.107604e+04
7.2 1.086759e+04 1.087522e+04 1.108765e+04 1.108001e+04
8.2 1.083947e+04 1.088982e+04 1.108793e+04 1.103759e+04
9.2 1.089971e+04 1.096330e+04 1.108798e+04 1.102439e+04
10.2 1.092174e+04 1.098398e+04 1.108789e+04 1.102565e+04
11.2 1.113001e+04 1.109633e+04 1.108776e+04 1.112144e+04
12.2 1.121847e+04 1.120238e+04 1.108763e+04 1.110372e+04
13.2 1.111537e+04 1.109965e+04 1.108753e+04 1.110324e+04
14.2 1.100689e+04 1.100720e+04 1.108747e+04 1.108715e+04
15.2 1.094439e+04 1.098926e+04 1.108743e+04 1.104256e+04
16.2 1.095531e+04 1.096965e+04 1.108741e+04 1.107307e+04
17.2 1.098295e+04 1.100150e+04 1.108631e+04 1.106776e+04
18.2 1.098231e+04 1.101718e+04 1.108285e+04 1.104798e+04
19.2 1.103234e+04 1.106481e+04 1.108184e+04 1.104937e+04
20.2 1.117658e+04 1.115350e+04 1.108348e+04 1.110655e+04
0.4 1.095531e+04 1.096965e+04 1.108741e+04 1.107307e+04
1.4 1.098295e+04 1.100150e+04 1.108631e+04 1.106776e+04
2.4 1.098231e+04 1.101718e+04 1.108285e+04 1.104798e+04
3.4 1.103234e+04 1.106481e+04 1.108184e+04 1.104937e+04
4.4 1.117658e+04 1.115350e+04 1.108348e+04 1.110655e+04
5.4 1.125086e+04 1.121250e+04 1.108545e+04 1.112381e+04
6.4 1.122089e+04 1.119004e+04 1.108677e+04 1.111762e+04
7.4 1.113724e+04 1.113050e+04 1.108750e+04 1.109424e+04
8.4 1.102556e+04 1.104811e+04 1.108782e+04 1.106527e+04
9.4 1.097604e+04 1.100891e+04 1.108790e+04 1.105502e+04
10.4 1.098855e+04 1.099388e+04 1.108783e+04 1.108250e+04
11.4 1.107253e+04 1.103406e+04 1.108771e+04 1.112618e+04
12.4 1.109429e+04 1.106383e+04 1.108760e+04 1.111806e+04
13.4 1.112702e+04 1.106985e+04 1.108751e+04 1.114469e+04
14.4 1.114653e+04 1.109574e+04 1.108746e+04 1.113824e+04
15.4 1.115865e+04 1.110937e+04 1.108742e+04 1.113671e+04
16.4 1.118613e+04 1.116459e+04 1.108741e+04 1.110895e+04
17.4 1.116972e+04 1.115898e+04 1.108740e+04 1.109814e+04
18.4 1.121643e+04 1.120649e+04 1.108740e+04 1.109733e+04
19.4 1.123946e+04 1.125815e+04 1.108653e+04 1.106784e+04
20.4 1.125577e+04 1.128481e+04 1.108310e+04 1.105406e+04
0.3 1.121643e+04 1.120649e+04 1.108740e+04 1.109733e+04
1.3 1.123946e+04 1.125815e+04 1.108653e+04 1.106784e+04
2.3 1.125577e+04 1.128481e+04 1.108310e+04 1.105406e+04
3.3 1.121983e+04 1.128193e+04 1.108178e+04 1.101969e+04
4.3 1.119687e+04 1.123333e+04 1.108330e+04 1.104683e+04
5.3 1.119025e+04 1.125498e+04 1.108530e+04 1.102058e+04
6.3 1.117487e+04 1.126388e+04 1.108669e+04 1.099768e+04
7.3 1.119153e+04 1.123208e+04 1.108746e+04 1.104690e+04
8.3 1.117261e+04 1.116005e+04 1.108781e+04 1.110036e+04
9.3 1.116096e+04 1.116004e+04 1.108790e+04 1.108882e+04
10.3 1.109382e+04 1.112365e+04 1.108784e+04 1.105801e+04
11.3 1.106943e+04 1.106175e+04 1.108772e+04 1.109540e+04
12.3 1.107101e+04 1.107472e+04 1.108761e+04 1.108390e+04
13.3 1.115393e+04 1.113475e+04 1.108672e+04 1.110590e+04
14.3 1.115700e+04 1.112951e+04 1.108325e+04 1.111075e+04
15.3 1.113325e+04 1.108842e+04 1.108180e+04 1.112663e+04
16.3 1.106963e+04 1.106397e+04 1.108326e+04 1.108892e+04
17.3 1.103858e+04 1.102307e+04 1.108526e+04 1.110076e+04
18.3 1.104273e+04 1.105466e+04 1.108666e+04 1.107474e+04
19.3 1.105853e+04 1.105785e+04 1.108744e+04 1.108813e+04
20.3 1.109127e+04 1.111513e+04 1.108780e+04 1.106393e+04
0.3 1.107101e+04 1.107472e+04 1.108761e+04 1.108390e+04
1.3 1.115393e+04 1.113475e+04 1.108672e+04 1.110590e+04
2.3 1.115700e+04 1.112951e+04 1.108325e+04 1.111075e+04
3.3 1.113325e+04 1.108842e+04 1.108180e+04 1.112663e+04
4.3 1.106963e+04 1.106397e+04 1.108326e+04 1.108892e+04
5.3 1.103858e+04 1.102307e+04 1.108526e+04 1.110076e+04
6.3 1.104273e+04 1.105466e+04 1.108666e+04 1.107474e+04
7.3 1.105853e+04 1.105785e+04 1.108744e+04 1.108813e+04
8.3 1.109127e+04 1.111513e+04 1.108780e+04 1.106393e+04
9.3 1.119192e+04 1.117166e+04 1.108777e+04 1.110803e+04
10.3 1.121323e+04 1.116112e+04 1.108518e+04 1.113728e+04
11.3 1.102831e+04 1.101051e+04 1.108225e+04 1.110005e+04
12.3 1.094361e+04 1.088215e+04 1.108263e+04 1.114408e+04
13.3 1.084388e+04 1.081977e+04 1.108456e+04 1.110866e+04
14.3 1.084672e+04 1.083158e+04 1.108621e+04 1.110134e+04
15.3 1.085158e+04 1.081418e+04 1.108720e+04 1.112460e+04
16.3 1.086368e+04 1.082915e+04 1.108770e+04 1.112224e+04
17.3 1.088397e+04 1.088751e+04 1.108789e+04 1.108434e+04
18.3 1.090226e+04 1.094924e+04 1.108788e+04 1.104090e+04
19.3 1.093513e+04 1.098298e+04 1.108778e+04 1.103993e+04
20.3 1.096445e+04 1.100365e+04 1.108766e+04 1.104846e+04
0.9 1.119192e+04 1.117166e+04 1.108777e+04 1.110803e+04
1.9 1.121323e+04 1.116112e+04 1.108518e+04 1.113728e+04
2.9 1.102831e+04 1.101051e+04 1.108225e+04 1.110005e+04
3.9 1.094361e+04 1.088215e+04 1.108263e+04 1.114408e+04
4.9 1.084388e+04 1.081977e+04 1.108456e+04 1.110866e+04
5.9 1.084672e+04 1.083158e+04 1.108621e+04 1.110134e+04
6.9 1.085158e+04 1.081418e+04 1.108720e+04 1.112460e+04
7.9 1.086368e+04 1.082915e+04 1.108770e+04 1.112224e+04
8.9 1.088397e+04 1.088751e+04 1.108789e+04 1.108434e+04
9.9 1.090226e+04 1.094924e+04 1.108788e+04 1.104090e+04
10.9 1.093513e+04 1.098298e+04 1.108778e+04 1.103993e+04
11.9 1.096445e+04 1.100365e+04 1.108766e+04 1.104846e+04
12.9 1.101792e+04 1.106945e+04 1.108755e+04 1.103602e+04
13.9 1.104520e+04 1.108819e+04 1.108748e+04 1.104450e+04
14.9 1.109071e+04 1.109220e+04 1.108744e+04 1.108595e+04
15.9 1.115256e+04 1.113649e+04 1.108742e+04 1.110349e+04
16.9 1.114691e+04 1.113970e+04 1.108686e+04 1.109406e+04
17.9 1.116774e+04 1.114910e+04 1.108357e+04 1.110221e+04
18.9 1.116844e+04 1.114722e+04 1.108175e+04 1.110297e+04
19.9 1.115716e+04 1.111773e+04 1.108301e+04 1.112244e+04
20.9 1.114201e+04 1.112221e+04 1.108504e+04 1.110485e+04
0.2 1.115256e+04 1.113649e+04 1.108742e+04 1.110349e+04
1.2 1.114691e+04 1.113970e+04 1.108686e+04 1.109406e+04
2.2 1.116774e+04 1.114910e+04 1.108357e+04 1.110221e+04
3.2 1.116844e+04 1.114722e+04 1.108175e+04 1.110297e+04
4.2 1.115716e+04 1.111773e+04 1.108301e+04 1.112244e+04
5.2 1.114201e+04 1.112221e+04 1.108504e+04 1.110485e+04
6.2 1.114915e+04 1.113151e+04 1.108653e+04 1.110417e+04
7.2 1.116435e+04 1.113262e+04 1.108738e+04 1.111910e+04
8.2 1.127455e+04 1.121861e+04 1.108778e+04 1.114371e+04
9.2 1.122160e+04 1.120543e+04 1.108790e+04 1.110407e+04
10.2 1.111334e+04 1.110557e+04 1.108785e+04 1.109562e+04
11.2 1.101907e+04 1.105836e+04 1.108774e+04 1.104846e+04
12.2 1.093980e+04 1.097519e+04 1.108762e+04 1.105224e+04
13.2 1.092387e+04 1.097965e+04 1.108753e+04 1.103175e+04
14.2 1.096092e+04 1.097126e+04 1.108747e+04 1.107713e+04
15.2 1.100051e+04 1.100442e+04 1.108739e+04 1.108348e+04
16.2 1.101462e+04 1.101225e+04 1.108538e+04 1.108775e+04
17.2 1.102268e+04 1.103880e+04 1.108218e+04 1.106606e+04
18.2 1.100792e+04 1.102600e+04 1.108215e+04 1.106407e+04
19.2 1.100784e+04 1.103342e+04 1.108408e+04 1.105850e+04
20.2 1.106533e+04 1.107395e+04 1.108590e+04 1.107728e+04
0.7 1.100051e+04 1.100442e+04 1.108739e+04 1.108348e+04
1.7 1.101462e+04 1.101225e+04 1.108538e+04 1.108775e+04
2.7 1.102268e+04 1.103880e+04 1.108218e+04 1.106606e+04
3.7 1.100792e+04 1.102600e+04 1.108215e+04 1.106407e+04
4.7 1.100784e+04 1.103342e+04 1.108408e+04 1.105850e+04
5.7 1.106533e+04 1.107395e+04 1.108590e+04 1.107728e+04
6.7 1.109270e+04 1.109043e+04 1.108703e+04 1.108930e+04
7.7 1.114045e+04 1.115670e+04 1.108763e+04 1.107137e+04
8.7 1.113477e+04 1.116955e+04 1.108787e+04 1.105308e+04
9.7 1.113190e+04 1.113509e+04 1.108789e+04 1.108470e+04
10.7 1.114471e+04 1.114569e+04 1.108780e+04 1.108682e+04
11.7 1.114878e+04 1.113044e+04 1.108768e+04 1.110601e+04
12.7 1.116257e+04 1.115130e+04 1.108754e+04 1.109880e+04
13.7 1.118253e+04 1.118738e+04 1.108567e+04 1.108081e+04
14.7 1.117958e+04 1.117349e+04 1.108233e+04 1.108843e+04
15.7 1.118409e+04 1.118076e+04 1.108209e+04 1.108542e+04
16.7 1.115403e+04 1.120260e+04 1.108397e+04 1.103540e+04
17.7 1.113486e+04 1.119725e+04 1.108582e+04 1.102343e+04
18.7 1.132510e+04 1.135558e+04 1.108699e+04 1.105651e+04
19.7 1.141097e+04 1.143437e+04 1.108760e+04 1.106421e+04
20.7 1.135337e+04 1.137290e+04 1.108786e+04 1.106833e+04
0.7 1.116257e+04 1.115130e+04 1.108754e+04 1.109880e+04
1.7 1.118253e+04 1.118738e+04 1.108567e+04 1.108081e+04
2.7 1.117958e+04 1.117349e+04 1.108233e+04 1.108843e+04
3.7 1.118409e+04 1.118076e+04 1.108209e+04 1.108542e+04
4.7 1.115403e+04 1.120260e+04 1.108397e+04 1.103540e+04
5.7 1.113486e+04 1.119725e+04 1.108582e+04 1.102343e+04
6.7 1.132510e+04 1.135558e+04 1.108699e+04 1.105651e+04
7.7 1.141097e+04 1.143437e+04 1.108760e+04 1.106421e+04
8.7 1.135337e+04 1.137290e+04 1.108786e+04 1.106833e+04
9.7 1.127981e+04 1.124990e+04 1.108789e+04 1.111781e+04
10.7 1.125924e+04 1.123322e+04 1.108781e+04 1.111383e+04
11.7 1.125401e+04 1.120625e+04 1.108768e+04 1.113545e+04
12.7 1.122342e+04 1.116762e+04 1.108757e+04 1.114338e+04
13.7 1.125552e+04 1.117908e+04 1.108750e+04 1.116394e+04
14.7 1.126030e+04 1.122082e+04 1.108745e+04 1.112693e+04
15.7 1.127030e+04 1.122803e+04 1.108742e+04 1.112969e+04
16.7 1.132919e+04 1.130838e+04 1.108741e+04 1.110822e+04
17.7 1.130083e+04 1.127991e+04 1.108740e+04 1.110832e+04
18.7 1.127043e+04 1.130490e+04 1.108740e+04 1.105292e+04
19.7 1.126335e+04 1.131568e+04 1.108740e+04 1.103506e+04
20.7 1.119802e+04 1.121397e+04 1.108739e+04 1.107144e+04
0.1 1.118321e+04 1.118479e+04 1.108739e+04 1.108581e+04
1.1 1.114372e+04 1.113944e+04 1.108704e+04 1.109132e+04
2.1 1.107790e+04 1.108366e+04 1.108398e+04 1.107822e+04
3.1 1.114977e+04 1.115369e+04 1.108177e+04 1.107784e+04
4.1 1.118703e+04 1.114714e+04 1.108278e+04 1.112266e+04
5.1 1.126156e+04 1.123963e+04 1.108483e+04 1.110676e+04
6.1 1.129060e+04 1.131814e+04 1.108640e+04 1.105886e+04
7.1 1.134673e+04 1.132418e+04 1.108731e+04 1.110985e+04
8.1 1.135972e+04 1.141313e+04 1.108775e+04 1.103433e+04
9.1 1.134118e+04 1.136452e+04 1.108789e+04 1.106456e+04
10.1 1.138264e+04 1.140585e+04 1.108786e+04 1.106466e+04
11.1 1.135382e+04 1.140427e+04 1.108775e+04 1.103731e+04
12.1 1.135449e+04 1.133362e+04 1.108684e+04 1.110772e+04
13.1 1.132567e+04 1.133411e+04 1.108333e+04 1.107489e+04
14.1 1.123496e+04 1.122845e+04 1.108185e+04 1.108835e+04
15.1 1.128091e+04 1.124838e+04 1.108328e+04 1.111581e+04
16.1 1.125895e+04 1.124562e+04 1.108527e+04 1.109860e+04
17.1 1.128221e+04 1.125683e+04 1.108667e+04 1.111205e+04
18.1 1.127207e+04 1.127152e+04 1.108744e+04 1.108799e+04
19.1 1.121281e+04 1.119306e+04 1.108780e+04 1.110756e+04
20.1 1.115078e+04 1.118484e+04 1.108790e+04 1.105384e+04
0.3 1.135382e+04 1.140427e+04 1.108775e+04 1.103731e+04
1.3 1.135449e+04 1.133362e+04 1.108684e+04 1.110772e+04
2.3 1.132567e+04 1.133411e+04 1.108333e+04 1.107489e+04
3.3 1.123496e+04 1.122845e+04 1.108185e+04 1.108835e+04
4.3 1.128091e+04 1.124838e+04 1.108328e+04 1.111581e+04
5.3 1.125895e+04 1.124562e+04 1.108527e+04 1.109860e+04
6.3 1.128221e+04 1.125683e+04 1.108667e+04 1.111205e+04
7.3 1.127207e+04 1.127152e+04 1.108744e+04 1.108799e+04
8.3 1.121281e+04 1.119306e+04 1.108780e+04 1.110756e+04
9.3 1.115078e+04 1.118484e+04 1.108790e+04 1.105384e+04
10.3 1.110622e+04 1.113426e+04 1.108784e+04 1.105980e+04
11.3 1.110754e+04 1.111210e+04 1.108773e+04 1.108317e+04
12.3 1.113374e+04 1.110025e+04 1.108761e+04 1.112111e+04
13.3 1.111736e+04 1.114619e+04 1.108752e+04 1.105870e+04
14.3 1.105994e+04 1.107004e+04 1.108746e+04 1.107736e+04
15.3 1.110661e+04 1.108881e+04 1.108743e+04 1.110523e+04
16.3 1.106861e+04 1.106313e+04 1.108741e+04 1.109289e+04
17.3 1.103624e+04 1.102411e+04 1.108740e+04 1.109953e+04
18.3 1.104518e+04 1.101027e+04 1.108740e+04 1.112231e+04
19.3 1.097592e+04 1.099400e+04 1.108740e+04 1.106931e+04
20.3 1.099907e+04 1.096778e+04 1.108740e+04 1.111869e+04
0.4 1.096833e+04 1.094655e+04 1.108739e+04 1.110917e+04
1.4 1.093780e+04 1.094458e+04 1.108646e+04 1.107967e+04
2.4 1.094167e+04 1.095336e+04 1.108301e+04 1.107132e+04
3.4 1.091160e+04 1.094609e+04 1.108180e+04 1.104731e+04
4.4 1.092093e+04 1.095063e+04 1.108336e+04 1.105367e+04
5.4 1.095274e+04 1.095997e+04 1.108534e+04 1.107811e+04
6.4 1.095005e+04 1.096075e+04 1.108518e+04 1.107447e+04
7.4 1.088022e+04 1.091828e+04 1.108255e+04 1.104448e+04
8.4 1.092587e+04 1.091937e+04 1.108239e+04 1.108888e+04
9.4 1.096771e+04 1.094268e+04 1.108429e+04 1.110932e+04
10.4 1.101205e+04 1.098702e+04 1.108612e+04 1.111116e+04
11.4 1.095156e+04 1.096125e+04 1.108724e+04 1.107754e+04
12.4 1.093743e+04 1.093817e+04 1.108778e+04 1.108704e+04
13.4 1.095979e+04 1.092369e+04 1.108797e+04 1.112407e+04
14.4 1.092683e+04 1.092363e+04 1.108741e+04 1.109061e+04
15.4 1.091982e+04 1.092209e+04 1.108402e+04 1.108175e+04
16.4 1.092119e+04 1.091895e+04 1.108206e+04 1.108429e+04
17.4 1.088192e+04 1.091545e+04 1.108320e+04 1.104968e+04
18.4 1.096663e+04 1.096132e+04 1.108515e+04 1.109046e+04
19.4 1.098512e+04 1.100449e+04 1.108549e+04 1.106613e+04
20.4 1.102094e+04 1.098805e+04 1.108285e+04 1.111574e+04
0.6 1.095274e+04 1.095997e+04 1.108534e+04 1.107811e+04
1.6 1.095005e+04 1.096075e+04 1.108518e+04 1.107447e+04
2.6 1.088022e+04 1.091828e+04 1.108255e+04 1.104448e+04
3.6 1.092587e+04 1.091937e+04 1.108239e+04 1.108888e+04
4.6 1.096771e+04 1.094268e+04 1.108429e+04 1.110932e+04
5.6 1.101205e+04 1.098702e+04 1.108612e+04 1.111116e+04
6.6 1.095156e+04 1.096125e+04 1.108724e+04 1.107754e+04
7.6 1.093743e+04 1.093817e+04 1.108778e+04 1.108704e+04
8.6 1.095979e+04 1.092369e+04 1.108797e+04 1.112407e+04
9.6 1.092683e+04 1.092363e+04 1.108741e+04 1.109061e+04
10.6 1.091982e+04 1.092209e+04 1.108402e+04 1.108175e+04
11.6 1.092119e+04 1.091895e+04 1.108206e+04 1.108429e+04
12.6 1.088192e+04 1.091545e+04 1.108320e+04 1.104968e+04
13.6 1.096663e+04 1.096132e+04 1.108515e+04 1.109046e+04
14.6 1.098512e+04 1.100449e+04 1.108549e+04 1.106613e+04
15.6 1.102094e+04 1.098805e+04 1.108285e+04 1.111574e+04
16.6 1.101395e+04 1.099769e+04 1.108223e+04 1.109849e+04
17.6 1.094963e+04 1.094547e+04 1.108389e+04 1.108805e+04
18.6 1.092727e+04 1.094418e+04 1.108346e+04 1.106654e+04
19.6 1.092989e+04 1.092343e+04 1.108172e+04 1.108817e+04
20.6 1.097684e+04 1.094759e+04 1.108265e+04 1.111190e+04
0.2 1.095979e+04 1.092369e+04 1.108797e+04 1.112407e+04
1.2 1.092683e+04 1.092363e+04 1.108741e+04 1.109061e+04
2.2 1.091982e+04 1.092209e+04 1.108402e+04 1.108175e+04
3.2 1.092119e+04 1.091895e+04 1.108206e+04 1.108429e+04
4.2 1.088192e+04 1.091545e+04 1.108320e+04 1.104968e+04
5.2 1.096663e+04 1.096132e+04 1.108515e+04 1.109046e+04
6.2 1.098512e+04 1.100449e+04 1.108549e+04 1.106613e+04
7.2 1.102094e+04 1.098805e+04 1.108285e+04 1.111574e+04
8.2 1.101395e+04 1.099769e+04 1.108223e+04 1.109849e+04
9.2 1.094963e+04 1.094547e+04 1.108389e+04 1.108805e+04
10.2 1.092727e+04 1.094418e+04 1.108346e+04 1.106654e+04
11.2 1.092989e+04 1.092343e+04 1.108172e+04 1.108817e+04
12.2 1.097684e+04 1.094759e+04 1.108265e+04 1.111190e+04
13.2 1.098683e+04 1.097636e+04 1.108428e+04 1.109475e+04
14.2 1.101831e+04 1.099822e+04 1.108272e+04 1.110280e+04
15.2 1.096416e+04 1.098986e+04 1.108195e+04 1.105625e+04
16.2 1.094259e+04 1.095518e+04 1.108364e+04 1.107106e+04
17.2 1.093507e+04 1.096211e+04 1.108396e+04 1.105692e+04
18.2 1.095745e+04 1.098739e+04 1.108206e+04 1.105212e+04
19.2 1.099477e+04 1.102966e+04 1.108252e+04 1.104764e+04
20.2 1.100416e+04 1.101379e+04 1.108465e+04 1.107501e+04
0.4 1.096663e+04 1.096132e+04 1.108515e+04 1.109046e+04
1.4 1.098512e+04 1.100449e+04 1.108549e+04 1.106613e+04
2.4 1.102094e+04 1.098805e+04 1.108285e+04 1.111574e+04
3.4 1.101395e+04 1.099769e+04 1.108223e+04 1.109849e+04
4.4 1.094963e+04 1.094547e+04 1.108389e+04 1.108805e+04
5.4 1.092727e+04 1.094418e+04 1.108346e+04 1.106654e+04
6.4 1.092989e+04 1.092343e+04 1.108172e+04 1.108817e+04
7.4 1.097684e+04 1.094759e+04 1.108265e+04 1.111190e+04
8.4 1.098683e+04 1.097636e+04 1.108428e+04 1.109475e+04
9.4 1.101831e+04 1.099822e+04 1.108272e+04 1.110280e+04
10.4 1.096416e+04 1.098986e+04 1.108195e+04 1.105625e+04
11.4 1.094259e+04 1.095518e+04 1.108364e+04 1.107106e+04
12.4 1.093507e+04 1.096211e+04 1.108396e+04 1.105692e+04
13.4 1.095745e+04 1.098739e+04 1.108206e+04 1.105212e+04
14.4 1.099477e+04 1.102966e+04 1.108252e+04 1.104764e+04
15.4 1.100416e+04 1.101379e+04 1.108465e+04 1.107501e+04
16.4 1.102642e+04 1.106467e+04 1.108649e+04 1.104824e+04
17.4 1.097619e+04 1.096637e+04 1.108751e+04 1.109733e+04
18.4 1.097828e+04 1.098558e+04 1.108617e+04 1.107887e+04
19.4 1.106655e+04 1.099781e+04 1.108299e+04 1.115173e+04
20.4 1.114339e+04 1.102423e+04 1.108271e+04 1.120187e+04
0.8 1.094963e+04 1.094547e+04 1.108389e+04 1.108805e+04
1.8 1.092727e+04 1.094418e+04 1.108346e+04 1.106654e+04
2.8 1.092989e+04 1.092343e+04 1.108172e+04 1.108817e+04
3.8 1.097684e+04 1.094759e+04 1.108265e+04 1.111190e+04
4.8 1.098683e+04 1.097636e+04 1.108428e+04 1.109475e+04
5.8 1.101831e+04 1.099822e+04 1.108272e+04 1.110280e+04
6.8 1.096416e+04 1.098986e+04 1.108195e+04 1.105625e+04
7.8 1.094259e+04 1.095518e+04 1.108364e+04 1.107106e+04
8.8 1.093507e+04 1.096211e+04 1.108396e+04 1.105692e+04
9.8 1.095745e+04 1.098739e+04 1.108206e+04 1.105212e+04
10.8 1.099477e+04 1.102966e+04 1.108252e+04 1.104764e+04
11.8 1.100416e+04 1.101379e+04 1.108465e+04 1.107501e+04
12.8 1.102642e+04 1.106467e+04 1.108649e+04 1.104824e+04
13.8 1.097619e+04 1.096637e+04 1.108751e+04 1.109733e+04
14.8 1.097828e+04 1.098558e+04 1.108617e+04 1.107887e+04
15.8 1.106655e+04 1.099781e+04 1.108299e+04 1.115173e+04
16.8 1.114339e+04 1.102423e+04 1.108271e+04 1.120187e+04
17.8 1.115679e+04 1.108639e+04 1.108445e+04 1.115484e+04
18.8 1.105946e+04 1.101923e+04 1.108614e+04 1.112637e+04
19.8 1.101833e+04 1.102316e+04 1.108718e+04 1.108235e+04
20.8 1.096938e+04 1.098539e+04 1.108771e+04 1.107170e+04
0.2 1.097684e+04 1.094759e+04 1.108265e+04 1.111190e+04
1.2 1.098683e+04 1.097636e+04 1.108428e+04 1.109475e+04
2.2 1.101831e+04 1.099822e+04 1.108272e+04 1.110280e+04
3.2 1.096416e+04 1.098986e+04 1.108195e+04 1.105625e+04
4.2 1.094259e+04 1.095518e+04 1.108364e+04 1.107106e+04
5.2 1.093507e+04 1.096211e+04 1.108396e+04 1.105692e+04
6.2 1.095745e+04 1.098739e+04 1.108206e+04 1.105212e+04
7.2 1.099477e+04 1.102966e+04 1.108252e+04 1.104764e+04
8.2 1.100416e+04 1.101379e+04 1.108465e+04 1.107501e+04
9.2 1.102642e+04 1.106467e+04 1.108649e+04 1.104824e+04
10.2 1.097619e+04 1.096637e+04 1.108751e+04 1.109733e+04
11.2 1.097828e+04 1.098558e+04 1.108617e+04 1.107887e+04
12.2 1.106655e+04 1.099781e+04 1.108299e+04 1.115173e+04
13.2 1.114339e+04 1.102423e+04 1.108271e+04 1.120187e+04
14.2 1.115679e+04 1.108639e+04 1.108445e+04 1.115484e+04
15.2 1.105946e+04 1.101923e+04 1.108614e+04 1.112637e+04
16.2 1.101833e+04 1.102316e+04 1.108718e+04 1.108235e+04
17.2 1.096938e+04 1.098539e+04 1.108771e+04 1.107170e+04
18.2 1.101216e+04 1.101945e+04 1.108791e+04 1.108062e+04
19.2 1.115043e+04 1.113296e+04 1.108792e+04 1.110539e+04
20.2 1.115236e+04 1.115693e+04 1.108782e+04 1.108325e+04
0.7 1.094259e+04 1.095518e+04 1.108364e+04 1.107106e+04
1.7 1.093507e+04 1.096211e+04 1.108396e+04 1.105692e+04
2.7 1.095745e+04 1.098739e+04 1.108206e+04 1.105212e+04
3.7 1.099477e+04 1.102966e+04 1.108252e+04 1.104764e+04
4.7 1.100416e+04 1.101379e+04 1.108465e+04 1.107501e+04
5.7 1.102642e+04 1.106467e+04 1.108649e+04 1.104824e+04
6.7 1.097619e+04 1.096637e+04 1.108751e+04 1.109733e+04
7.7 1.097828e+04 1.098558e+04 1.108617e+04 1.107887e+04
8.7 1.106655e+04 1.099781e+04 1.108299e+04 1.115173e+04
9.7 1.114339e+04 1.102423e+04 1.108271e+04 1.120187e+04
10.7 1.115679e+04 1.108639e+04 1.108445e+04 1.115484e+04
11.7 1.105946e+04 1.101923e+04 1.108614e+04 1.112637e+04
12.7 1.101833e+04 1.102316e+04 1.108718e+04 1.108235e+04
13.7 1.096938e+04 1.098539e+04 1.108771e+04 1.107170e+04
14.7 1.101216e+04 1.101945e+04 1.108791e+04 1.108062e+04
15.7 1.115043e+04 1.113296e+04 1.108792e+04 1.110539e+04
16.7 1.115236e+04 1.115693e+04 1.108782e+04 1.108325e+04
17.7 1.114384e+04 1.119223e+04 1.108769e+04 1.103930e+04
18.7 1.109361e+04 1.114836e+04 1.108758e+04 1.103283e+04
0.7 1.097619e+04 1.096637e+04 1.108751e+04 1.109733e+04
1.7 1.097828e+04 1.098558e+04 1.108617e+04 1.107887e+04
2.7 1.106655e+04 1.099781e+04 1.108299e+04 1.115173e+04
3.7 1.114339e+04 1.102423e+04 1.108271e+04 1.120187e+04
4.7 1.115679e+04 1.108639e+04 1.108445e+04 1.115484e+04
5.7 1.105946e+04 1.101923e+04 1.108614e+04 1.112637e+04
6.7 1.101833e+04 1.102316e+04 1.108718e+04 1.108235e+04
7.7 1.096938e+04 1.098539e+04 1.108771e+04 1.107170e+04
8.7 1.101216e+04 1.101945e+04 1.108791e+04 1.108062e+04
9.7 1.115043e+04 1.113296e+04 1.108792e+04 1.110539e+04
10.7 1.115236e+04 1.115693e+04 1.108782e+04 1.108325e+04
11.7 1.114384e+04 1.119223e+04 1.108769e+04 1.103930e+04
12.7 1.109361e+04 1.114836e+04 1.108758e+04 1.103283e+04
