0.2 9.731024e+03 9.693766e+03 9.841055e+03 9.878313e+03
1.2 9.731813e+03 9.706409e+03 9.832480e+03 9.857885e+03
2.2 9.686070e+03 9.716744e+03 9.776056e+03 9.745382e+03
3.2 9.490336e+03 9.573525e+03 9.742474e+03 9.659285e+03
4.2 9.612818e+03 9.634177e+03 9.763456e+03 9.742097e+03
5.2 9.697614e+03 9.676464e+03 9.799091e+03 9.820241e+03
6.2 9.838945e+03 9.746628e+03 9.825425e+03 9.917742e+03
7.2 9.871247e+03 9.782054e+03 9.840423e+03 9.929616e+03
8.2 9.814815e+03 9.751863e+03 9.847607e+03 9.910559e+03
9.2 9.701872e+03 9.729170e+03 9.849822e+03 9.822524e+03
10.2 9.753816e+03 9.792476e+03 9.849098e+03 9.810438e+03
11.2 9.939039e+03 9.896898e+03 9.829471e+03 9.871612e+03
12.2 1.002433e+04 9.972729e+03 9.767081e+03 9.818686e+03
13.2 9.912642e+03 9.863120e+03 9.746025e+03 9.795546e+03
14.2 9.840773e+03 9.772647e+03 9.771291e+03 9.839417e+03
15.2 9.744310e+03 9.755900e+03 9.764065e+03 9.752475e+03
16.2 9.618381e+03 9.671834e+03 9.735700e+03 9.682247e+03
17.2 9.668242e+03 9.718730e+03 9.754183e+03 9.703695e+03
18.2 9.831688e+03 9.898534e+03 9.794820e+03 9.727974e+03
19.2 9.949844e+03 9.987148e+03 9.826630e+03 9.789326e+03
20.2 9.894608e+03 9.893457e+03 9.844032e+03 9.845183e+03
0.4 9.753816e+03 9.792476e+03 9.849098e+03 9.810438e+03
1.4 9.939039e+03 9.896898e+03 9.829471e+03 9.871612e+03
2.4 1.002433e+04 9.972729e+03 9.767081e+03 9.818686e+03
3.4 9.912642e+03 9.863120e+03 9.746025e+03 9.795546e+03
4.4 9.840773e+03 9.772647e+03 9.771291e+03 9.839417e+03
5.4 9.744310e+03 9.755900e+03 9.764065e+03 9.752475e+03
6.4 9.618381e+03 9.671834e+03 9.735700e+03 9.682247e+03
7.4 9.668242e+03 9.718730e+03 9.754183e+03 9.703695e+03
8.4 9.831688e+03 9.898534e+03 9.794820e+03 9.727974e+03
9.4 9.949844e+03 9.987148e+03 9.826630e+03 9.789326e+03
10.4 9.894608e+03 9.893457e+03 9.844032e+03 9.845183e+03
11.4 9.669212e+03 9.775391e+03 9.851435e+03 9.745256e+03
12.4 9.688701e+03 9.743572e+03 9.853077e+03 9.798206e+03
13.4 9.704849e+03 9.755063e+03 9.851649e+03 9.801435e+03
14.4 9.694329e+03 9.852429e+03 9.848983e+03 9.690883e+03
15.4 9.755194e+03 9.942584e+03 9.846288e+03 9.658898e+03
16.4 9.903757e+03 1.000262e+04 9.844166e+03 9.745308e+03
17.4 1.005565e+04 1.004387e+04 9.842746e+03 9.854522e+03
18.4 1.003838e+04 9.944380e+03 9.841905e+03 9.935910e+03
19.4 9.913968e+03 9.759685e+03 9.841453e+03 9.995736e+03
20.4 9.649625e+03 9.676998e+03 9.830727e+03 9.803354e+03
0.8 9.840773e+03 9.772647e+03 9.771291e+03 9.839417e+03
1.8 9.744310e+03 9.755900e+03 9.764065e+03 9.752475e+03
2.8 9.618381e+03 9.671834e+03 9.735700e+03 9.682247e+03
3.8 9.668242e+03 9.718730e+03 9.754183e+03 9.703695e+03
4.8 9.831688e+03 9.898534e+03 9.794820e+03 9.727974e+03
5.8 9.949844e+03 9.987148e+03 9.826630e+03 9.789326e+03
6.8 9.894608e+03 9.893457e+03 9.844032e+03 9.845183e+03
7.8 9.669212e+03 9.775391e+03 9.851435e+03 9.745256e+03
8.8 9.688701e+03 9.743572e+03 9.853077e+03 9.798206e+03
9.8 9.704849e+03 9.755063e+03 9.851649e+03 9.801435e+03
10.8 9.694329e+03 9.852429e+03 9.848983e+03 9.690883e+03
11.8 9.755194e+03 9.942584e+03 9.846288e+03 9.658898e+03
12.8 9.903757e+03 1.000262e+04 9.844166e+03 9.745308e+03
13.8 1.005565e+04 1.004387e+04 9.842746e+03 9.854522e+03
14.8 1.003838e+04 9.944380e+03 9.841905e+03 9.935910e+03
15.8 9.913968e+03 9.759685e+03 9.841453e+03 9.995736e+03
16.8 9.649625e+03 9.676998e+03 9.830727e+03 9.803354e+03
17.8 9.428384e+03 9.584116e+03 9.772668e+03 9.616936e+03
18.8 9.457010e+03 9.508554e+03 9.742521e+03 9.690977e+03
19.8 9.545390e+03 9.482466e+03 9.765481e+03 9.828405e+03
20.8 9.470906e+03 9.524006e+03 9.800932e+03 9.747833e+03
0.2 9.913968e+03 9.759685e+03 9.841453e+03 9.995736e+03
1.2 9.649625e+03 9.676998e+03 9.830727e+03 9.803354e+03
2.2 9.428384e+03 9.584116e+03 9.772668e+03 9.616936e+03
3.2 9.457010e+03 9.508554e+03 9.742521e+03 9.690977e+03
4.2 9.545390e+03 9.482466e+03 9.765481e+03 9.828405e+03
5.2 9.470906e+03 9.524006e+03 9.800932e+03 9.747833e+03
6.2 9.572877e+03 9.655397e+03 9.826557e+03 9.744037e+03
7.2 9.646273e+03 9.673498e+03 9.841012e+03 9.813787e+03
8.2 9.849312e+03 9.782318e+03 9.847845e+03 9.914839e+03
9.2 1.003996e+04 9.912687e+03 9.848188e+03 9.975455e+03
10.2 1.000992e+04 9.931061e+03 9.806256e+03 9.885112e+03
11.2 9.822034e+03 9.724436e+03 9.752713e+03 9.850311e+03
12.2 9.766693e+03 9.595639e+03 9.756388e+03 9.927442e+03
13.2 9.717033e+03 9.667986e+03 9.779138e+03 9.828185e+03
14.2 9.650542e+03 9.628520e+03 9.750574e+03 9.772597e+03
15.2 9.659612e+03 9.616479e+03 9.738382e+03 9.781516e+03
16.2 9.761406e+03 9.726191e+03 9.770517e+03 9.805732e+03
17.2 9.806902e+03 9.764651e+03 9.809480e+03 9.851732e+03
18.2 9.863757e+03 9.837281e+03 9.835133e+03 9.861609e+03
19.2 9.917561e+03 9.905417e+03 9.847871e+03 9.860014e+03
20.2 1.008604e+04 1.000801e+04 9.852555e+03 9.930583e+03
0.8 1.003996e+04 9.912687e+03 9.848188e+03 9.975455e+03
1.8 1.000992e+04 9.931061e+03 9.806256e+03 9.885112e+03
2.8 9.822034e+03 9.724436e+03 9.752713e+03 9.850311e+03
3.8 9.766693e+03 9.595639e+03 9.756388e+03 9.927442e+03
4.8 9.717033e+03 9.667986e+03 9.779138e+03 9.828185e+03
5.8 9.650542e+03 9.628520e+03 9.750574e+03 9.772597e+03
6.8 9.659612e+03 9.616479e+03 9.738382e+03 9.781516e+03
7.8 9.761406e+03 9.726191e+03 9.770517e+03 9.805732e+03
8.8 9.806902e+03 9.764651e+03 9.809480e+03 9.851732e+03
9.8 9.863757e+03 9.837281e+03 9.835133e+03 9.861609e+03
10.8 9.917561e+03 9.905417e+03 9.847871e+03 9.860014e+03
11.8 1.008604e+04 1.000801e+04 9.852555e+03 9.930583e+03
12.8 1.018604e+04 1.006893e+04 9.852712e+03 9.969817e+03
13.8 9.905492e+03 9.903775e+03 9.850620e+03 9.852337e+03
14.8 9.583362e+03 9.662429e+03 9.847845e+03 9.768779e+03
15.8 9.612501e+03 9.701700e+03 9.845345e+03 9.756146e+03
16.8 9.630286e+03 9.710132e+03 9.831955e+03 9.752110e+03
17.8 9.513646e+03 9.635727e+03 9.772208e+03 9.650127e+03
18.8 9.486899e+03 9.536264e+03 9.743206e+03 9.693841e+03
19.8 9.589578e+03 9.588674e+03 9.766779e+03 9.767684e+03
20.8 9.683401e+03 9.669013e+03 9.801958e+03 9.816347e+03
0.2 9.766693e+03 9.595639e+03 9.756388e+03 9.927442e+03
1.2 9.717033e+03 9.667986e+03 9.779138e+03 9.828185e+03
2.2 9.650542e+03 9.628520e+03 9.750574e+03 9.772597e+03
3.2 9.659612e+03 9.616479e+03 9.738382e+03 9.781516e+03
4.2 9.761406e+03 9.726191e+03 9.770517e+03 9.805732e+03
5.2 9.806902e+03 9.764651e+03 9.809480e+03 9.851732e+03
6.2 9.863757e+03 9.837281e+03 9.835133e+03 9.861609e+03
7.2 9.917561e+03 9.905417e+03 9.847871e+03 9.860014e+03
8.2 1.008604e+04 1.000801e+04 9.852555e+03 9.930583e+03
9.2 1.018604e+04 1.006893e+04 9.852712e+03 9.969817e+03
10.2 9.905492e+03 9.903775e+03 9.850620e+03 9.852337e+03
11.2 9.583362e+03 9.662429e+03 9.847845e+03 9.768779e+03
12.2 9.612501e+03 9.701700e+03 9.845345e+03 9.756146e+03
13.2 9.630286e+03 9.710132e+03 9.831955e+03 9.752110e+03
14.2 9.513646e+03 9.635727e+03 9.772208e+03 9.650127e+03
15.2 9.486899e+03 9.536264e+03 9.743206e+03 9.693841e+03
16.2 9.589578e+03 9.588674e+03 9.766779e+03 9.767684e+03
17.2 9.683401e+03 9.669013e+03 9.801958e+03 9.816347e+03
18.2 9.737768e+03 9.758950e+03 9.827158e+03 9.805975e+03
19.2 9.706881e+03 9.738752e+03 9.829759e+03 9.797887e+03
20.2 9.723223e+03 9.740857e+03 9.777825e+03 9.760191e+03
0.3 9.612501e+03 9.701700e+03 9.845345e+03 9.756146e+03
1.3 9.630286e+03 9.710132e+03 9.831955e+03 9.752110e+03
2.3 9.513646e+03 9.635727e+03 9.772208e+03 9.650127e+03
3.3 9.486899e+03 9.536264e+03 9.743206e+03 9.693841e+03
4.3 9.589578e+03 9.588674e+03 9.766779e+03 9.767684e+03
5.3 9.683401e+03 9.669013e+03 9.801958e+03 9.816347e+03
6.3 9.737768e+03 9.758950e+03 9.827158e+03 9.805975e+03
7.3 9.706881e+03 9.738752e+03 9.829759e+03 9.797887e+03
8.3 9.723223e+03 9.740857e+03 9.777825e+03 9.760191e+03
9.3 9.850020e+03 9.797926e+03 9.751369e+03 9.803462e+03
10.3 9.880954e+03 9.837673e+03 9.774041e+03 9.817322e+03
11.3 9.946709e+03 9.875762e+03 9.777627e+03 9.848574e+03
12.3 1.000684e+04 9.968455e+03 9.742778e+03 9.781164e+03
13.3 9.968581e+03 9.922658e+03 9.749964e+03 9.795886e+03
14.3 1.013063e+04 1.004620e+04 9.788197e+03 9.872630e+03
15.3 1.006416e+04 9.996883e+03 9.822077e+03 9.889349e+03
16.3 1.003052e+04 1.006852e+04 9.841392e+03 9.803396e+03
17.3 1.015956e+04 1.006144e+04 9.822088e+03 9.920207e+03
18.3 1.010892e+04 1.012709e+04 9.765914e+03 9.747743e+03
19.3 1.002116e+04 1.004202e+04 9.757843e+03 9.736982e+03
20.3 1.010568e+04 1.007001e+04 9.787498e+03 9.823171e+03
0.3 9.737768e+03 9.758950e+03 9.827158e+03 9.805975e+03
1.3 9.706881e+03 9.738752e+03 9.829759e+03 9.797887e+03
2.3 9.723223e+03 9.740857e+03 9.777825e+03 9.760191e+03
3.3 9.850020e+03 9.797926e+03 9.751369e+03 9.803462e+03
4.3 9.880954e+03 9.837673e+03 9.774041e+03 9.817322e+03
5.3 9.946709e+03 9.875762e+03 9.777627e+03 9.848574e+03
6.3 1.000684e+04 9.968455e+03 9.742778e+03 9.781164e+03
7.3 9.968581e+03 9.922658e+03 9.749964e+03 9.795886e+03
8.3 1.013063e+04 1.004620e+04 9.788197e+03 9.872630e+03
9.3 1.006416e+04 9.996883e+03 9.822077e+03 9.889349e+03
10.3 1.003052e+04 1.006852e+04 9.841392e+03 9.803396e+03
11.3 1.015956e+04 1.006144e+04 9.822088e+03 9.920207e+03
12.3 1.010892e+04 1.012709e+04 9.765914e+03 9.747743e+03
13.3 1.002116e+04 1.004202e+04 9.757843e+03 9.736982e+03
14.3 1.010568e+04 1.007001e+04 9.787498e+03 9.823171e+03
15.3 1.021371e+04 1.020185e+04 9.815974e+03 9.827841e+03
16.3 1.013204e+04 1.016423e+04 9.793730e+03 9.761541e+03
17.3 9.791101e+03 9.957558e+03 9.751857e+03 9.585400e+03
18.3 9.652709e+03 9.786453e+03 9.761436e+03 9.627691e+03
19.3 9.635807e+03 9.728605e+03 9.796539e+03 9.703740e+03
20.3 9.689851e+03 9.718457e+03 9.820547e+03 9.791941e+03
0.6 9.880954e+03 9.837673e+03 9.774041e+03 9.817322e+03
1.6 9.946709e+03 9.875762e+03 9.777627e+03 9.848574e+03
2.6 1.000684e+04 9.968455e+03 9.742778e+03 9.781164e+03
3.6 9.968581e+03 9.922658e+03 9.749964e+03 9.795886e+03
4.6 1.013063e+04 1.004620e+04 9.788197e+03 9.872630e+03
5.6 1.006416e+04 9.996883e+03 9.822077e+03 9.889349e+03
6.6 1.003052e+04 1.006852e+04 9.841392e+03 9.803396e+03
7.6 1.015956e+04 1.006144e+04 9.822088e+03 9.920207e+03
8.6 1.010892e+04 1.012709e+04 9.765914e+03 9.747743e+03
9.6 1.002116e+04 1.004202e+04 9.757843e+03 9.736982e+03
10.6 1.010568e+04 1.007001e+04 9.787498e+03 9.823171e+03
11.6 1.021371e+04 1.020185e+04 9.815974e+03 9.827841e+03
12.6 1.013204e+04 1.016423e+04 9.793730e+03 9.761541e+03
13.6 9.791101e+03 9.957558e+03 9.751857e+03 9.585400e+03
14.6 9.652709e+03 9.786453e+03 9.761436e+03 9.627691e+03
15.6 9.635807e+03 9.728605e+03 9.796539e+03 9.703740e+03
16.6 9.689851e+03 9.718457e+03 9.820547e+03 9.791941e+03
17.6 9.520706e+03 9.644516e+03 9.785684e+03 9.661874e+03
18.6 9.395191e+03 9.544935e+03 9.751354e+03 9.601610e+03
19.6 9.468387e+03 9.603432e+03 9.768882e+03 9.633836e+03
20.6 9.549091e+03 9.739168e+03 9.803815e+03 9.613738e+03
0.6 1.003052e+04 1.006852e+04 9.841392e+03 9.803396e+03
1.6 1.015956e+04 1.006144e+04 9.822088e+03 9.920207e+03
2.6 1.010892e+04 1.012709e+04 9.765914e+03 9.747743e+03
3.6 1.002116e+04 1.004202e+04 9.757843e+03 9.736982e+03
4.6 1.010568e+04 1.007001e+04 9.787498e+03 9.823171e+03
5.6 1.021371e+04 1.020185e+04 9.815974e+03 9.827841e+03
6.6 1.013204e+04 1.016423e+04 9.793730e+03 9.761541e+03
7.6 9.791101e+03 9.957558e+03 9.751857e+03 9.585400e+03
8.6 9.652709e+03 9.786453e+03 9.761436e+03 9.627691e+03
9.6 9.635807e+03 9.728605e+03 9.796539e+03 9.703740e+03
10.6 9.689851e+03 9.718457e+03 9.820547e+03 9.791941e+03
11.6 9.520706e+03 9.644516e+03 9.785684e+03 9.661874e+03
12.6 9.395191e+03 9.544935e+03 9.751354e+03 9.601610e+03
13.6 9.468387e+03 9.603432e+03 9.768882e+03 9.633836e+03
14.6 9.549091e+03 9.739168e+03 9.803815e+03 9.613738e+03
15.6 9.747945e+03 9.895836e+03 9.819217e+03 9.671327e+03
16.6 9.969020e+03 1.000337e+04 9.775291e+03 9.740937e+03
17.6 9.999966e+03 9.959332e+03 9.751333e+03 9.791967e+03
18.6 9.796188e+03 9.763997e+03 9.775764e+03 9.807955e+03
19.6 9.654469e+03 9.639898e+03 9.810031e+03 9.824602e+03
20.6 9.624362e+03 9.509576e+03 9.833360e+03 9.948147e+03
0.8 1.021371e+04 1.020185e+04 9.815974e+03 9.827841e+03
1.8 1.013204e+04 1.016423e+04 9.793730e+03 9.761541e+03
2.8 9.791101e+03 9.957558e+03 9.751857e+03 9.585400e+03
3.8 9.652709e+03 9.786453e+03 9.761436e+03 9.627691e+03
4.8 9.635807e+03 9.728605e+03 9.796539e+03 9.703740e+03
5.8 9.689851e+03 9.718457e+03 9.820547e+03 9.791941e+03
6.8 9.520706e+03 9.644516e+03 9.785684e+03 9.661874e+03
7.8 9.395191e+03 9.544935e+03 9.751354e+03 9.601610e+03
8.8 9.468387e+03 9.603432e+03 9.768882e+03 9.633836e+03
9.8 9.549091e+03 9.739168e+03 9.803815e+03 9.613738e+03
10.8 9.747945e+03 9.895836e+03 9.819217e+03 9.671327e+03
11.8 9.969020e+03 1.000337e+04 9.775291e+03 9.740937e+03
12.8 9.999966e+03 9.959332e+03 9.751333e+03 9.791967e+03
13.8 9.796188e+03 9.763997e+03 9.775764e+03 9.807955e+03
14.8 9.654469e+03 9.639898e+03 9.810031e+03 9.824602e+03
15.8 9.624362e+03 9.509576e+03 9.833360e+03 9.948147e+03
16.8 9.663646e+03 9.560656e+03 9.845479e+03 9.948469e+03
17.8 9.751479e+03 9.616328e+03 9.850484e+03 9.985635e+03
18.8 9.811631e+03 9.737346e+03 9.851266e+03 9.925551e+03
19.8 9.960172e+03 9.861925e+03 9.849744e+03 9.947990e+03
20.8 1.013514e+04 1.002872e+04 9.847368e+03 9.953783e+03
1.0 9.689851e+03 9.718457e+03 9.820547e+03 9.791941e+03
2.0 9.520706e+03 9.644516e+03 9.785684e+03 9.661874e+03
3.0 9.395191e+03 9.544935e+03 9.751354e+03 9.601610e+03
4.0 9.468387e+03 9.603432e+03 9.768882e+03 9.633836e+03
5.0 9.549091e+03 9.739168e+03 9.803815e+03 9.613738e+03
6.0 9.747945e+03 9.895836e+03 9.819217e+03 9.671327e+03
7.0 9.969020e+03 1.000337e+04 9.775291e+03 9.740937e+03
8.0 9.999966e+03 9.959332e+03 9.751333e+03 9.791967e+03
9.0 9.796188e+03 9.763997e+03 9.775764e+03 9.807955e+03
10.0 9.654469e+03 9.639898e+03 9.810031e+03 9.824602e+03
11.0 9.624362e+03 9.509576e+03 9.833360e+03 9.948147e+03
12.0 9.663646e+03 9.560656e+03 9.845479e+03 9.948469e+03
13.0 9.751479e+03 9.616328e+03 9.850484e+03 9.985635e+03
14.0 9.811631e+03 9.737346e+03 9.851266e+03 9.925551e+03
15.0 9.960172e+03 9.861925e+03 9.849744e+03 9.947990e+03
16.0 1.013514e+04 1.002872e+04 9.847368e+03 9.953783e+03
17.0 1.014906e+04 1.001425e+04 9.845108e+03 9.979920e+03
18.0 9.815100e+03 9.879330e+03 9.843403e+03 9.779173e+03
19.0 9.697952e+03 9.712534e+03 9.842301e+03 9.827719e+03
20.0 9.787005e+03 9.774593e+03 9.841667e+03 9.854079e+03
21.0 9.805213e+03 9.783099e+03 9.841293e+03 9.863407e+03
0.2 9.549091e+03 9.739168e+03 9.803815e+03 9.613738e+03
1.2 9.747945e+03 9.895836e+03 9.819217e+03 9.671327e+03
2.2 9.969020e+03 1.000337e+04 9.775291e+03 9.740937e+03
3.2 9.999966e+03 9.959332e+03 9.751333e+03 9.791967e+03
4.2 9.796188e+03 9.763997e+03 9.775764e+03 9.807955e+03
5.2 9.654469e+03 9.639898e+03 9.810031e+03 9.824602e+03
6.2 9.624362e+03 9.509576e+03 9.833360e+03 9.948147e+03
7.2 9.663646e+03 9.560656e+03 9.845479e+03 9.948469e+03
8.2 9.751479e+03 9.616328e+03 9.850484e+03 9.985635e+03
9.2 9.811631e+03 9.737346e+03 9.851266e+03 9.925551e+03
10.2 9.960172e+03 9.861925e+03 9.849744e+03 9.947990e+03
11.2 1.013514e+04 1.002872e+04 9.847368e+03 9.953783e+03
12.2 1.014906e+04 1.001425e+04 9.845108e+03 9.979920e+03
13.2 9.815100e+03 9.879330e+03 9.843403e+03 9.779173e+03
14.2 9.697952e+03 9.712534e+03 9.842301e+03 9.827719e+03
15.2 9.787005e+03 9.774593e+03 9.841667e+03 9.854079e+03
16.2 9.805213e+03 9.783099e+03 9.841293e+03 9.863407e+03
17.2 9.917823e+03 9.859029e+03 9.822093e+03 9.880887e+03
18.2 9.893927e+03 9.910670e+03 9.761668e+03 9.744925e+03
19.2 9.967404e+03 9.967463e+03 9.744024e+03 9.743965e+03
20.2 1.013320e+04 1.006412e+04 9.772734e+03 9.841816e+03
0.4 9.805213e+03 9.783099e+03 9.841293e+03 9.863407e+03
1.4 9.917823e+03 9.859029e+03 9.822093e+03 9.880887e+03
2.4 9.893927e+03 9.910670e+03 9.761668e+03 9.744925e+03
3.4 9.967404e+03 9.967463e+03 9.744024e+03 9.743965e+03
4.4 1.013320e+04 1.006412e+04 9.772734e+03 9.841816e+03
5.4 1.015625e+04 1.009168e+04 9.807060e+03 9.871632e+03
6.4 1.005221e+04 9.954495e+03 9.830232e+03 9.927949e+03
7.4 9.889757e+03 9.848637e+03 9.842882e+03 9.884002e+03
8.4 9.749870e+03 9.764352e+03 9.848560e+03 9.834078e+03
9.4 9.736225e+03 9.753473e+03 9.849848e+03 9.832600e+03
10.4 9.786512e+03 9.797231e+03 9.848686e+03 9.837967e+03
11.4 9.859657e+03 9.916362e+03 9.846605e+03 9.789900e+03
12.4 9.959388e+03 9.992237e+03 9.844596e+03 9.811747e+03
13.4 9.925050e+03 1.000359e+04 9.843087e+03 9.764550e+03
14.4 1.000722e+04 1.001896e+04 9.842122e+03 9.830381e+03
15.4 9.997075e+03 1.004386e+04 9.841575e+03 9.794789e+03
16.4 1.012910e+04 1.008250e+04 9.841292e+03 9.887891e+03
17.4 1.014030e+04 1.012075e+04 9.841157e+03 9.860710e+03
18.4 1.019785e+04 1.020938e+04 9.841086e+03 9.829559e+03
19.4 1.024029e+04 1.020156e+04 9.826003e+03 9.864738e+03
20.4 1.026522e+04 1.023755e+04 9.766089e+03 9.793760e+03
0.3 1.019785e+04 1.020938e+04 9.841086e+03 9.829559e+03
1.3 1.024029e+04 1.020156e+04 9.826003e+03 9.864738e+03
2.3 1.026522e+04 1.023755e+04 9.766089e+03 9.793760e+03
3.3 1.034804e+04 1.029397e+04 9.743094e+03 9.797167e+03
4.3 1.036647e+04 1.024126e+04 9.769588e+03 9.894789e+03
5.3 1.028468e+04 1.026033e+04 9.804493e+03 9.828836e+03
6.3 1.026434e+04 1.021124e+04 9.828711e+03 9.881802e+03
7.3 1.005854e+04 1.011773e+04 9.842116e+03 9.782926e+03
8.3 1.008601e+04 1.005757e+04 9.848276e+03 9.876720e+03
9.3 1.008506e+04 1.009464e+04 9.849859e+03 9.840276e+03
10.3 9.937430e+03 1.003520e+04 9.848840e+03 9.751070e+03
11.3 1.005521e+04 9.977553e+03 9.846791e+03 9.924444e+03
12.3 9.967390e+03 9.974737e+03 9.844746e+03 9.837398e+03
13.3 9.885279e+03 1.004209e+04 9.829354e+03 9.672542e+03
14.3 9.850115e+03 9.997774e+03 9.768787e+03 9.621128e+03
15.3 9.794463e+03 9.938822e+03 9.743429e+03 9.599070e+03
16.3 9.706004e+03 9.915545e+03 9.768804e+03 9.559263e+03
17.3 9.640244e+03 9.868258e+03 9.803726e+03 9.575712e+03
18.3 9.760646e+03 9.863865e+03 9.828231e+03 9.725013e+03
19.3 9.882331e+03 9.953457e+03 9.841866e+03 9.770740e+03
20.3 1.003204e+04 1.002780e+04 9.848181e+03 9.852418e+03
0.3 9.967390e+03 9.974737e+03 9.844746e+03 9.837398e+03
1.3 9.885279e+03 1.004209e+04 9.829354e+03 9.672542e+03
2.3 9.850115e+03 9.997774e+03 9.768787e+03 9.621128e+03
3.3 9.794463e+03 9.938822e+03 9.743429e+03 9.599070e+03
4.3 9.706004e+03 9.915545e+03 9.768804e+03 9.559263e+03
5.3 9.640244e+03 9.868258e+03 9.803726e+03 9.575712e+03
6.3 9.760646e+03 9.863865e+03 9.828231e+03 9.725013e+03
7.3 9.882331e+03 9.953457e+03 9.841866e+03 9.770740e+03
8.3 1.003204e+04 1.002780e+04 9.848181e+03 9.852418e+03
9.3 1.015282e+04 1.007579e+04 9.847540e+03 9.924574e+03
10.3 1.013307e+04 9.955864e+03 9.802356e+03 9.979560e+03
11.3 9.749112e+03 9.710085e+03 9.751274e+03 9.790301e+03
12.3 9.614403e+03 9.581435e+03 9.757882e+03 9.790850e+03
13.3 9.603375e+03 9.524484e+03 9.791559e+03 9.870450e+03
14.3 9.666754e+03 9.569620e+03 9.820334e+03 9.917468e+03
15.3 9.792758e+03 9.598412e+03 9.837657e+03 1.003200e+04
16.3 9.826132e+03 9.623120e+03 9.846424e+03 1.004944e+04
17.3 9.826034e+03 9.715429e+03 9.849680e+03 9.960286e+03
18.3 9.770821e+03 9.771668e+03 9.849564e+03 9.848717e+03
19.3 9.730160e+03 9.840835e+03 9.847793e+03 9.737118e+03
20.3 9.833249e+03 9.894421e+03 9.845647e+03 9.784475e+03
0.9 1.015282e+04 1.007579e+04 9.847540e+03 9.924574e+03
1.9 1.013307e+04 9.955864e+03 9.802356e+03 9.979560e+03
2.9 9.749112e+03 9.710085e+03 9.751274e+03 9.790301e+03
3.9 9.614403e+03 9.581435e+03 9.757882e+03 9.790850e+03
4.9 9.603375e+03 9.524484e+03 9.791559e+03 9.870450e+03
5.9 9.666754e+03 9.569620e+03 9.820334e+03 9.917468e+03
6.9 9.792758e+03 9.598412e+03 9.837657e+03 1.003200e+04
7.9 9.826132e+03 9.623120e+03 9.846424e+03 1.004944e+04
8.9 9.826034e+03 9.715429e+03 9.849680e+03 9.960286e+03
9.9 9.770821e+03 9.771668e+03 9.849564e+03 9.848717e+03
10.9 9.730160e+03 9.840835e+03 9.847793e+03 9.737118e+03
11.9 9.833249e+03 9.894421e+03 9.845647e+03 9.784475e+03
12.9 9.843936e+03 9.944358e+03 9.843835e+03 9.743413e+03
13.9 9.944011e+03 9.969035e+03 9.842585e+03 9.817561e+03
14.9 1.003968e+04 1.005561e+04 9.841830e+03 9.825895e+03
15.9 1.002985e+04 1.008910e+04 9.841420e+03 9.782170e+03
16.9 1.006008e+04 1.009025e+04 9.831707e+03 9.801534e+03
17.9 1.011700e+04 1.006765e+04 9.774380e+03 9.823732e+03
18.9 1.005549e+04 1.002118e+04 9.742486e+03 9.776799e+03
19.9 9.963296e+03 1.001346e+04 9.764469e+03 9.714304e+03
20.9 9.967039e+03 1.001552e+04 9.800017e+03 9.751540e+03
0.2 1.002985e+04 1.008910e+04 9.841420e+03 9.782170e+03
1.2 1.006008e+04 1.009025e+04 9.831707e+03 9.801534e+03
2.2 1.011700e+04 1.006765e+04 9.774380e+03 9.823732e+03
3.2 1.005549e+04 1.002118e+04 9.742486e+03 9.776799e+03
4.2 9.963296e+03 1.001346e+04 9.764469e+03 9.714304e+03
5.2 9.967039e+03 1.001552e+04 9.800017e+03 9.751540e+03
6.2 9.910322e+03 1.001142e+04 9.825996e+03 9.724895e+03
7.2 1.003376e+04 1.006093e+04 9.840721e+03 9.813551e+03
8.2 1.020806e+04 1.009296e+04 9.847728e+03 9.962828e+03
9.2 9.958002e+03 1.003313e+04 9.849834e+03 9.774711e+03
10.2 9.867805e+03 9.884101e+03 9.849080e+03 9.832784e+03
11.2 9.780550e+03 9.789190e+03 9.847100e+03 9.838460e+03
12.2 9.713738e+03 9.715854e+03 9.845019e+03 9.842903e+03
13.2 9.747963e+03 9.675386e+03 9.843382e+03 9.915959e+03
14.2 9.870711e+03 9.727925e+03 9.842301e+03 9.985086e+03
15.2 9.874517e+03 9.720693e+03 9.840909e+03 9.994733e+03
16.2 9.971145e+03 9.748130e+03 9.805924e+03 1.002894e+04
17.2 9.995962e+03 9.772630e+03 9.750030e+03 9.973362e+03
18.2 9.794169e+03 9.756407e+03 9.749505e+03 9.787267e+03
19.2 9.596613e+03 9.776168e+03 9.783251e+03 9.603696e+03
20.2 9.622159e+03 9.831639e+03 9.814955e+03 9.605476e+03
0.7 9.874517e+03 9.720693e+03 9.840909e+03 9.994733e+03
1.7 9.971145e+03 9.748130e+03 9.805924e+03 1.002894e+04
2.7 9.995962e+03 9.772630e+03 9.750030e+03 9.973362e+03
3.7 9.794169e+03 9.756407e+03 9.749505e+03 9.787267e+03
4.7 9.596613e+03 9.776168e+03 9.783251e+03 9.603696e+03
5.7 9.622159e+03 9.831639e+03 9.814955e+03 9.605476e+03
6.7 9.755434e+03 9.874873e+03 9.834754e+03 9.715314e+03
7.7 9.901854e+03 9.913453e+03 9.845084e+03 9.833485e+03
8.7 9.914375e+03 9.961999e+03 9.849284e+03 9.801660e+03
9.7 9.900032e+03 9.931562e+03 9.849691e+03 9.818161e+03
10.7 9.865833e+03 9.932290e+03 9.848130e+03 9.781674e+03
11.7 9.792317e+03 9.927227e+03 9.845996e+03 9.711085e+03
12.7 9.639563e+03 9.863385e+03 9.843621e+03 9.619800e+03
13.7 9.733206e+03 9.861945e+03 9.810898e+03 9.682159e+03
14.7 9.887128e+03 9.862756e+03 9.752702e+03 9.777073e+03
15.7 1.003159e+04 9.872598e+03 9.748520e+03 9.907515e+03
16.7 1.010046e+04 1.003866e+04 9.781330e+03 9.843137e+03
17.7 1.023016e+04 1.009072e+04 9.813533e+03 9.952966e+03
18.7 1.034145e+04 1.015727e+04 9.833946e+03 1.001813e+04
19.7 1.032559e+04 1.012006e+04 9.844697e+03 1.005023e+04
20.7 1.000073e+04 9.997079e+03 9.849169e+03 9.852821e+03
0.7 9.639563e+03 9.863385e+03 9.843621e+03 9.619800e+03
1.7 9.733206e+03 9.861945e+03 9.810898e+03 9.682159e+03
2.7 9.887128e+03 9.862756e+03 9.752702e+03 9.777073e+03
3.7 1.003159e+04 9.872598e+03 9.748520e+03 9.907515e+03
4.7 1.010046e+04 1.003866e+04 9.781330e+03 9.843137e+03
5.7 1.023016e+04 1.009072e+04 9.813533e+03 9.952966e+03
6.7 1.034145e+04 1.015727e+04 9.833946e+03 1.001813e+04
7.7 1.032559e+04 1.012006e+04 9.844697e+03 1.005023e+04
8.7 1.000073e+04 9.997079e+03 9.849169e+03 9.852821e+03
9.7 9.628515e+03 9.641798e+03 9.849736e+03 9.836453e+03
10.7 9.441804e+03 9.556822e+03 9.848246e+03 9.733227e+03
11.7 9.494996e+03 9.563461e+03 9.846116e+03 9.777651e+03
12.7 9.627521e+03 9.595523e+03 9.844201e+03 9.876199e+03
13.7 9.709659e+03 9.655280e+03 9.842822e+03 9.897202e+03
14.7 9.623127e+03 9.721193e+03 9.841966e+03 9.743900e+03
15.7 9.577722e+03 9.613128e+03 9.841492e+03 9.806086e+03
16.7 9.752645e+03 9.659892e+03 9.841251e+03 9.934004e+03
17.7 9.897411e+03 9.703120e+03 9.841138e+03 1.003543e+04
18.7 9.792605e+03 9.697705e+03 9.841089e+03 9.935989e+03
19.7 9.606833e+03 9.577219e+03 9.841068e+03 9.870682e+03
20.7 9.491828e+03 9.555947e+03 9.841060e+03 9.776940e+03
0.1 9.549567e+03 9.570572e+03 9.841055e+03 9.820050e+03
1.1 9.557333e+03 9.605637e+03 9.834932e+03 9.786628e+03
2.1 9.541992e+03 9.519778e+03 9.781442e+03 9.803655e+03
3.1 9.531935e+03 9.489330e+03 9.742820e+03 9.785424e+03
4.1 9.481248e+03 9.590305e+03 9.760510e+03 9.651453e+03
5.1 9.606904e+03 9.712481e+03 9.796264e+03 9.690687e+03
6.1 9.666739e+03 9.885819e+03 9.823655e+03 9.604575e+03
7.1 9.903659e+03 9.936294e+03 9.839493e+03 9.806858e+03
8.1 1.002796e+04 1.011408e+04 9.847219e+03 9.761099e+03
9.1 9.994676e+03 1.001273e+04 9.849773e+03 9.831715e+03
10.1 9.891836e+03 9.925504e+03 9.849255e+03 9.815587e+03
11.1 9.854524e+03 9.938428e+03 9.847342e+03 9.763438e+03
12.1 9.857281e+03 9.879671e+03 9.831399e+03 9.809009e+03
13.1 9.775200e+03 9.802906e+03 9.770140e+03 9.742435e+03
14.1 9.735995e+03 9.609302e+03 9.744219e+03 9.870912e+03
15.1 9.846171e+03 9.771019e+03 9.769220e+03 9.844372e+03
16.1 9.780451e+03 9.785978e+03 9.803928e+03 9.798402e+03
17.1 9.691784e+03 9.756404e+03 9.828323e+03 9.763703e+03
18.1 9.842863e+03 9.805198e+03 9.841905e+03 9.879571e+03
19.1 9.759551e+03 9.750046e+03 9.848196e+03 9.857701e+03
20.1 9.668779e+03 9.688302e+03 9.849867e+03 9.830344e+03
0.3 9.854524e+03 9.938428e+03 9.847342e+03 9.763438e+03
1.3 9.857281e+03 9.879671e+03 9.831399e+03 9.809009e+03
2.3 9.775200e+03 9.802906e+03 9.770140e+03 9.742435e+03
3.3 9.735995e+03 9.609302e+03 9.744219e+03 9.870912e+03
4.3 9.846171e+03 9.771019e+03 9.769220e+03 9.844372e+03
5.3 9.780451e+03 9.785978e+03 9.803928e+03 9.798402e+03
6.3 9.691784e+03 9.756404e+03 9.828323e+03 9.763703e+03
7.3 9.842863e+03 9.805198e+03 9.841905e+03 9.879571e+03
8.3 9.759551e+03 9.750046e+03 9.848196e+03 9.857701e+03
9.3 9.668779e+03 9.688302e+03 9.849867e+03 9.830344e+03
10.3 9.542351e+03 9.588669e+03 9.848890e+03 9.802572e+03
11.3 9.569393e+03 9.675158e+03 9.846853e+03 9.741087e+03
12.3 9.800888e+03 9.744440e+03 9.844804e+03 9.901252e+03
13.3 9.734069e+03 9.852665e+03 9.843231e+03 9.724635e+03
14.3 9.666276e+03 9.706899e+03 9.842209e+03 9.801586e+03
15.3 9.607473e+03 9.613795e+03 9.841621e+03 9.835299e+03
16.3 9.703793e+03 9.614872e+03 9.841315e+03 9.930235e+03
17.3 9.592361e+03 9.591125e+03 9.841167e+03 9.842404e+03
18.3 9.881312e+03 9.660084e+03 9.841101e+03 1.006233e+04
19.3 9.753108e+03 9.663157e+03 9.841073e+03 9.931025e+03
20.3 9.607846e+03 9.537053e+03 9.841062e+03 9.911855e+03
0.4 9.739362e+03 9.681402e+03 9.841038e+03 9.898998e+03
1.4 9.708315e+03 9.706865e+03 9.824703e+03 9.826153e+03
2.4 9.692416e+03 9.659297e+03 9.764551e+03 9.797671e+03
3.4 9.593417e+03 9.618386e+03 9.743355e+03 9.718386e+03
4.4 9.630633e+03 9.671080e+03 9.770631e+03 9.730184e+03
5.4 9.845337e+03 9.733953e+03 9.805135e+03 9.916519e+03
6.4 9.772429e+03 9.762678e+03 9.802462e+03 9.812213e+03
7.4 9.561181e+03 9.593615e+03 9.756435e+03 9.724001e+03
8.4 9.572326e+03 9.648893e+03 9.753625e+03 9.677058e+03
9.4 9.730842e+03 9.759836e+03 9.786795e+03 9.757800e+03
10.4 9.714065e+03 9.781472e+03 9.818869e+03 9.751462e+03
11.4 9.601307e+03 9.654848e+03 9.838269e+03 9.784728e+03
12.4 9.623870e+03 9.625044e+03 9.847693e+03 9.846519e+03
13.4 9.778305e+03 9.724476e+03 9.851066e+03 9.904895e+03
14.4 9.761438e+03 9.781943e+03 9.841391e+03 9.820887e+03
15.4 9.626771e+03 9.684002e+03 9.782214e+03 9.724983e+03
16.4 9.556986e+03 9.592010e+03 9.747950e+03 9.712925e+03
17.4 9.574866e+03 9.683781e+03 9.767856e+03 9.658941e+03
18.4 9.739180e+03 9.812548e+03 9.801880e+03 9.728512e+03
19.4 9.725875e+03 9.893151e+03 9.807897e+03 9.640621e+03
20.4 9.637552e+03 9.777860e+03 9.761756e+03 9.621447e+03
0.6 9.845337e+03 9.733953e+03 9.805135e+03 9.916519e+03
1.6 9.772429e+03 9.762678e+03 9.802462e+03 9.812213e+03
2.6 9.561181e+03 9.593615e+03 9.756435e+03 9.724001e+03
3.6 9.572326e+03 9.648893e+03 9.753625e+03 9.677058e+03
4.6 9.730842e+03 9.759836e+03 9.786795e+03 9.757800e+03
5.6 9.714065e+03 9.781472e+03 9.818869e+03 9.751462e+03
6.6 9.601307e+03 9.654848e+03 9.838269e+03 9.784728e+03
7.6 9.623870e+03 9.625044e+03 9.847693e+03 9.846519e+03
8.6 9.778305e+03 9.724476e+03 9.851066e+03 9.904895e+03
9.6 9.761438e+03 9.781943e+03 9.841391e+03 9.820887e+03
10.6 9.626771e+03 9.684002e+03 9.782214e+03 9.724983e+03
11.6 9.556986e+03 9.592010e+03 9.747950e+03 9.712925e+03
12.6 9.574866e+03 9.683781e+03 9.767856e+03 9.658941e+03
13.6 9.739180e+03 9.812548e+03 9.801880e+03 9.728512e+03
14.6 9.725875e+03 9.893151e+03 9.807897e+03 9.640621e+03
15.6 9.637552e+03 9.777860e+03 9.761756e+03 9.621447e+03
16.6 9.736096e+03 9.724287e+03 9.750887e+03 9.762696e+03
17.6 9.723393e+03 9.742088e+03 9.779939e+03 9.761244e+03
18.6 9.663492e+03 9.681358e+03 9.772343e+03 9.754478e+03
19.6 9.591462e+03 9.543811e+03 9.741966e+03 9.789617e+03
20.6 9.786877e+03 9.669775e+03 9.758274e+03 9.875376e+03
0.2 9.778305e+03 9.724476e+03 9.851066e+03 9.904895e+03
1.2 9.761438e+03 9.781943e+03 9.841391e+03 9.820887e+03
2.2 9.626771e+03 9.684002e+03 9.782214e+03 9.724983e+03
3.2 9.556986e+03 9.592010e+03 9.747950e+03 9.712925e+03
4.2 9.574866e+03 9.683781e+03 9.767856e+03 9.658941e+03
5.2 9.739180e+03 9.812548e+03 9.801880e+03 9.728512e+03
6.2 9.725875e+03 9.893151e+03 9.807897e+03 9.640621e+03
7.2 9.637552e+03 9.777860e+03 9.761756e+03 9.621447e+03
8.2 9.736096e+03 9.724287e+03 9.750887e+03 9.762696e+03
9.2 9.723393e+03 9.742088e+03 9.779939e+03 9.761244e+03
10.2 9.663492e+03 9.681358e+03 9.772343e+03 9.754478e+03
11.2 9.591462e+03 9.543811e+03 9.741966e+03 9.789617e+03
12.2 9.786877e+03 9.669775e+03 9.758274e+03 9.875376e+03
13.2 9.860854e+03 9.823859e+03 9.786681e+03 9.823676e+03
14.2 9.722650e+03 9.724438e+03 9.759391e+03 9.757604e+03
15.2 9.715797e+03 9.617252e+03 9.746025e+03 9.844571e+03
16.2 9.735463e+03 9.713438e+03 9.775587e+03 9.797612e+03
17.2 9.740151e+03 9.732488e+03 9.781162e+03 9.788825e+03
18.2 9.698634e+03 9.716713e+03 9.747938e+03 9.729859e+03
19.2 9.725911e+03 9.697220e+03 9.755986e+03 9.784678e+03
20.2 9.703870e+03 9.743509e+03 9.793163e+03 9.753524e+03
0.4 9.739180e+03 9.812548e+03 9.801880e+03 9.728512e+03
1.4 9.725875e+03 9.893151e+03 9.807897e+03 9.640621e+03
2.4 9.637552e+03 9.777860e+03 9.761756e+03 9.621447e+03
3.4 9.736096e+03 9.724287e+03 9.750887e+03 9.762696e+03
4.4 9.723393e+03 9.742088e+03 9.779939e+03 9.761244e+03
5.4 9.663492e+03 9.681358e+03 9.772343e+03 9.754478e+03
6.4 9.591462e+03 9.543811e+03 9.741966e+03 9.789617e+03
7.4 9.786877e+03 9.669775e+03 9.758274e+03 9.875376e+03
8.4 9.860854e+03 9.823859e+03 9.786681e+03 9.823676e+03
9.4 9.722650e+03 9.724438e+03 9.759391e+03 9.757604e+03
10.4 9.715797e+03 9.617252e+03 9.746025e+03 9.844571e+03
11.4 9.735463e+03 9.713438e+03 9.775587e+03 9.797612e+03
12.4 9.740151e+03 9.732488e+03 9.781162e+03 9.788825e+03
13.4 9.698634e+03 9.716713e+03 9.747938e+03 9.729859e+03
14.4 9.725911e+03 9.697220e+03 9.755986e+03 9.784678e+03
15.4 9.703870e+03 9.743509e+03 9.793163e+03 9.753524e+03
16.4 9.755048e+03 9.797833e+03 9.825347e+03 9.782562e+03
17.4 9.718809e+03 9.834287e+03 9.843095e+03 9.727617e+03
18.4 9.657044e+03 9.820189e+03 9.819654e+03 9.656509e+03
19.4 9.763131e+03 9.714704e+03 9.764244e+03 9.812671e+03
20.4 9.960126e+03 9.824102e+03 9.759248e+03 9.895272e+03
0.8 9.723393e+03 9.742088e+03 9.779939e+03 9.761244e+03
1.8 9.663492e+03 9.681358e+03 9.772343e+03 9.754478e+03
2.8 9.591462e+03 9.543811e+03 9.741966e+03 9.789617e+03
3.8 9.786877e+03 9.669775e+03 9.758274e+03 9.875376e+03
4.8 9.860854e+03 9.823859e+03 9.786681e+03 9.823676e+03
5.8 9.722650e+03 9.724438e+03 9.759391e+03 9.757604e+03
6.8 9.715797e+03 9.617252e+03 9.746025e+03 9.844571e+03
7.8 9.735463e+03 9.713438e+03 9.775587e+03 9.797612e+03
8.8 9.740151e+03 9.732488e+03 9.781162e+03 9.788825e+03
9.8 9.698634e+03 9.716713e+03 9.747938e+03 9.729859e+03
10.8 9.725911e+03 9.697220e+03 9.755986e+03 9.784678e+03
11.8 9.703870e+03 9.743509e+03 9.793163e+03 9.753524e+03
12.8 9.755048e+03 9.797833e+03 9.825347e+03 9.782562e+03
13.8 9.718809e+03 9.834287e+03 9.843095e+03 9.727617e+03
14.8 9.657044e+03 9.820189e+03 9.819654e+03 9.656509e+03
15.8 9.763131e+03 9.714704e+03 9.764244e+03 9.812671e+03
16.8 9.960126e+03 9.824102e+03 9.759248e+03 9.895272e+03
17.8 1.000121e+04 9.845324e+03 9.789627e+03 9.945508e+03
18.8 9.934100e+03 9.808287e+03 9.819146e+03 9.944959e+03
19.8 9.948447e+03 9.834148e+03 9.837349e+03 9.951648e+03
20.8 9.864222e+03 9.826969e+03 9.846576e+03 9.883829e+03
0.2 9.786877e+03 9.669775e+03 9.758274e+03 9.875376e+03
1.2 9.860854e+03 9.823859e+03 9.786681e+03 9.823676e+03
2.2 9.722650e+03 9.724438e+03 9.759391e+03 9.757604e+03
3.2 9.715797e+03 9.617252e+03 9.746025e+03 9.844571e+03
4.2 9.735463e+03 9.713438e+03 9.775587e+03 9.797612e+03
5.2 9.740151e+03 9.732488e+03 9.781162e+03 9.788825e+03
6.2 9.698634e+03 9.716713e+03 9.747938e+03 9.729859e+03
7.2 9.725911e+03 9.697220e+03 9.755986e+03 9.784678e+03
8.2 9.703870e+03 9.743509e+03 9.793163e+03 9.753524e+03
9.2 9.755048e+03 9.797833e+03 9.825347e+03 9.782562e+03
10.2 9.718809e+03 9.834287e+03 9.843095e+03 9.727617e+03
11.2 9.657044e+03 9.820189e+03 9.819654e+03 9.656509e+03
12.2 9.763131e+03 9.714704e+03 9.764244e+03 9.812671e+03
13.2 9.960126e+03 9.824102e+03 9.759248e+03 9.895272e+03
14.2 1.000121e+04 9.845324e+03 9.789627e+03 9.945508e+03
15.2 9.934100e+03 9.808287e+03 9.819146e+03 9.944959e+03
16.2 9.948447e+03 9.834148e+03 9.837349e+03 9.951648e+03
17.2 9.864222e+03 9.826969e+03 9.846576e+03 9.883829e+03
18.2 9.846449e+03 9.768844e+03 9.850126e+03 9.927731e+03
19.2 9.905113e+03 9.937202e+03 9.850192e+03 9.818103e+03
20.2 9.885274e+03 9.943422e+03 9.848449e+03 9.790301e+03
0.7 9.735463e+03 9.713438e+03 9.775587e+03 9.797612e+03
1.7 9.740151e+03 9.732488e+03 9.781162e+03 9.788825e+03
2.7 9.698634e+03 9.716713e+03 9.747938e+03 9.729859e+03
3.7 9.725911e+03 9.697220e+03 9.755986e+03 9.784678e+03
4.7 9.703870e+03 9.743509e+03 9.793163e+03 9.753524e+03
5.7 9.755048e+03 9.797833e+03 9.825347e+03 9.782562e+03
6.7 9.718809e+03 9.834287e+03 9.843095e+03 9.727617e+03
7.7 9.657044e+03 9.820189e+03 9.819654e+03 9.656509e+03
8.7 9.763131e+03 9.714704e+03 9.764244e+03 9.812671e+03
9.7 9.960126e+03 9.824102e+03 9.759248e+03 9.895272e+03
10.7 1.000121e+04 9.845324e+03 9.789627e+03 9.945508e+03
11.7 9.934100e+03 9.808287e+03 9.819146e+03 9.944959e+03
12.7 9.948447e+03 9.834148e+03 9.837349e+03 9.951648e+03
13.7 9.864222e+03 9.826969e+03 9.846576e+03 9.883829e+03
14.7 9.846449e+03 9.768844e+03 9.850126e+03 9.927731e+03
15.7 9.905113e+03 9.937202e+03 9.850192e+03 9.818103e+03
16.7 9.885274e+03 9.943422e+03 9.848449e+03 9.790301e+03
17.7 9.892379e+03 9.998331e+03 9.846199e+03 9.740247e+03
18.7 9.919884e+03 9.943752e+03 9.844235e+03 9.820366e+03
0.7 9.718809e+03 9.834287e+03 9.843095e+03 9.727617e+03
1.7 9.657044e+03 9.820189e+03 9.819654e+03 9.656509e+03
2.7 9.763131e+03 9.714704e+03 9.764244e+03 9.812671e+03
3.7 9.960126e+03 9.824102e+03 9.759248e+03 9.895272e+03
4.7 1.000121e+04 9.845324e+03 9.789627e+03 9.945508e+03
5.7 9.934100e+03 9.808287e+03 9.819146e+03 9.944959e+03
6.7 9.948447e+03 9.834148e+03 9.837349e+03 9.951648e+03
7.7 9.864222e+03 9.826969e+03 9.846576e+03 9.883829e+03
8.7 9.846449e+03 9.768844e+03 9.850126e+03 9.927731e+03
9.7 9.905113e+03 9.937202e+03 9.850192e+03 9.818103e+03
10.7 9.885274e+03 9.943422e+03 9.848449e+03 9.790301e+03
11.7 9.892379e+03 9.998331e+03 9.846199e+03 9.740247e+03
12.7 9.919884e+03 9.943752e+03 9.844235e+03 9.820366e+03
