0.2 1.080824e+03 1.086759e+03 1.084348e+03 1.078413e+03
1.2 1.059109e+03 1.079049e+03 1.083965e+03 1.064025e+03
2.2 1.091920e+03 1.087929e+03 1.081441e+03 1.085433e+03
3.2 1.111700e+03 1.096401e+03 1.079940e+03 1.095239e+03
4.2 1.091648e+03 1.083892e+03 1.080878e+03 1.088634e+03
5.2 1.078099e+03 1.069747e+03 1.082472e+03 1.090824e+03
6.2 1.052636e+03 1.083217e+03 1.083649e+03 1.053069e+03
7.2 1.082892e+03 1.094356e+03 1.084320e+03 1.072856e+03
8.2 1.073148e+03 1.083675e+03 1.084641e+03 1.074114e+03
9.2 1.085215e+03 1.081760e+03 1.084741e+03 1.088195e+03
10.2 1.104500e+03 1.096554e+03 1.084709e+03 1.092655e+03
11.2 1.065208e+03 1.084534e+03 1.084622e+03 1.065296e+03
12.2 1.100111e+03 1.098847e+03 1.084528e+03 1.085792e+03
13.2 1.094010e+03 1.085555e+03 1.084241e+03 1.092696e+03
14.2 1.068126e+03 1.078840e+03 1.081904e+03 1.071190e+03
15.2 1.112702e+03 1.092733e+03 1.080005e+03 1.099974e+03
16.2 1.077657e+03 1.087100e+03 1.080674e+03 1.071231e+03
17.2 1.073170e+03 1.081727e+03 1.082265e+03 1.073708e+03
18.2 1.104249e+03 1.096586e+03 1.083518e+03 1.091180e+03
19.2 1.074844e+03 1.091106e+03 1.084063e+03 1.067801e+03
20.2 1.059022e+03 1.068581e+03 1.082194e+03 1.072635e+03
1.0 1.094010e+03 1.085555e+03 1.084241e+03 1.092696e+03
2.0 1.068126e+03 1.078840e+03 1.081904e+03 1.071190e+03
3.0 1.112702e+03 1.092733e+03 1.080005e+03 1.099974e+03
4.0 1.077657e+03 1.087100e+03 1.080674e+03 1.071231e+03
5.0 1.073170e+03 1.081727e+03 1.082265e+03 1.073708e+03
6.0 1.104249e+03 1.096586e+03 1.083518e+03 1.091180e+03
7.0 1.074844e+03 1.091106e+03 1.084063e+03 1.067801e+03
8.0 1.059022e+03 1.068581e+03 1.082194e+03 1.072635e+03
9.0 1.058694e+03 1.071753e+03 1.080379e+03 1.067320e+03
10.0 1.075623e+03 1.064935e+03 1.080990e+03 1.091677e+03
11.0 1.083372e+03 1.082076e+03 1.082502e+03 1.083798e+03
12.0 1.095646e+03 1.077901e+03 1.083679e+03 1.101424e+03
13.0 1.093965e+03 1.079380e+03 1.084349e+03 1.098934e+03
14.0 1.066351e+03 1.093061e+03 1.084667e+03 1.057957e+03
15.0 1.100656e+03 1.091337e+03 1.084766e+03 1.094086e+03
16.0 1.082666e+03 1.086270e+03 1.084734e+03 1.081129e+03
17.0 1.090801e+03 1.087139e+03 1.083853e+03 1.087515e+03
18.0 1.117759e+03 1.096277e+03 1.081058e+03 1.102539e+03
19.0 1.088918e+03 1.064814e+03 1.080110e+03 1.104214e+03
20.0 1.101294e+03 1.074652e+03 1.081310e+03 1.107952e+03
21.0 1.056782e+03 1.075500e+03 1.082822e+03 1.064104e+03
1.0 1.074844e+03 1.091106e+03 1.084063e+03 1.067801e+03
2.0 1.059022e+03 1.068581e+03 1.082194e+03 1.072635e+03
3.0 1.058694e+03 1.071753e+03 1.080379e+03 1.067320e+03
4.0 1.075623e+03 1.064935e+03 1.080990e+03 1.091677e+03
5.0 1.083372e+03 1.082076e+03 1.082502e+03 1.083798e+03
6.0 1.095646e+03 1.077901e+03 1.083679e+03 1.101424e+03
7.0 1.093965e+03 1.079380e+03 1.084349e+03 1.098934e+03
8.0 1.066351e+03 1.093061e+03 1.084667e+03 1.057957e+03
9.0 1.100656e+03 1.091337e+03 1.084766e+03 1.094086e+03
10.0 1.082666e+03 1.086270e+03 1.084734e+03 1.081129e+03
11.0 1.090801e+03 1.087139e+03 1.083853e+03 1.087515e+03
12.0 1.117759e+03 1.096277e+03 1.081058e+03 1.102539e+03
13.0 1.088918e+03 1.064814e+03 1.080110e+03 1.104214e+03
14.0 1.101294e+03 1.074652e+03 1.081310e+03 1.107952e+03
15.0 1.056782e+03 1.075500e+03 1.082822e+03 1.064104e+03
16.0 1.072107e+03 1.081785e+03 1.083857e+03 1.074179e+03
17.0 1.069732e+03 1.090143e+03 1.084426e+03 1.064015e+03
18.0 1.087761e+03 1.075206e+03 1.084683e+03 1.097237e+03
19.0 1.092247e+03 1.093011e+03 1.084743e+03 1.083979e+03
20.0 1.074853e+03 1.096634e+03 1.084693e+03 1.062911e+03
21.0 1.055781e+03 1.079097e+03 1.084586e+03 1.061271e+03
0.4 1.082666e+03 1.086270e+03 1.084734e+03 1.081129e+03
1.4 1.090801e+03 1.087139e+03 1.083853e+03 1.087515e+03
2.4 1.117759e+03 1.096277e+03 1.081058e+03 1.102539e+03
3.4 1.088918e+03 1.064814e+03 1.080110e+03 1.104214e+03
4.4 1.101294e+03 1.074652e+03 1.081310e+03 1.107952e+03
5.4 1.056782e+03 1.075500e+03 1.082822e+03 1.064104e+03
6.4 1.072107e+03 1.081785e+03 1.083857e+03 1.074179e+03
7.4 1.069732e+03 1.090143e+03 1.084426e+03 1.064015e+03
8.4 1.087761e+03 1.075206e+03 1.084683e+03 1.097237e+03
9.4 1.092247e+03 1.093011e+03 1.084743e+03 1.083979e+03
10.4 1.074853e+03 1.096634e+03 1.084693e+03 1.062911e+03
11.4 1.055781e+03 1.079097e+03 1.084586e+03 1.061271e+03
12.4 1.099059e+03 1.090612e+03 1.083238e+03 1.091684e+03
13.4 1.089251e+03 1.100948e+03 1.080546e+03 1.068849e+03
14.4 1.110260e+03 1.080856e+03 1.080185e+03 1.109589e+03
15.4 1.121405e+03 1.065659e+03 1.081599e+03 1.137345e+03
16.4 1.071811e+03 1.069193e+03 1.082982e+03 1.085601e+03
17.4 1.060194e+03 1.079619e+03 1.082082e+03 1.062657e+03
18.4 1.074978e+03 1.071679e+03 1.080275e+03 1.083575e+03
19.4 1.077542e+03 1.076272e+03 1.080745e+03 1.082014e+03
20.4 1.073659e+03 1.075199e+03 1.082337e+03 1.080796e+03
0.6 1.055781e+03 1.079097e+03 1.084586e+03 1.061271e+03
1.6 1.099059e+03 1.090612e+03 1.083238e+03 1.091684e+03
2.6 1.089251e+03 1.100948e+03 1.080546e+03 1.068849e+03
3.6 1.110260e+03 1.080856e+03 1.080185e+03 1.109589e+03
4.6 1.121405e+03 1.065659e+03 1.081599e+03 1.137345e+03
5.6 1.071811e+03 1.069193e+03 1.082982e+03 1.085601e+03
6.6 1.060194e+03 1.079619e+03 1.082082e+03 1.062657e+03
7.6 1.074978e+03 1.071679e+03 1.080275e+03 1.083575e+03
8.6 1.077542e+03 1.076272e+03 1.080745e+03 1.082014e+03
9.6 1.073659e+03 1.075199e+03 1.082337e+03 1.080796e+03
10.6 1.069905e+03 1.074871e+03 1.083636e+03 1.078670e+03
11.6 1.086531e+03 1.092306e+03 1.084369e+03 1.078594e+03
12.6 1.077800e+03 1.084597e+03 1.084707e+03 1.077910e+03
13.6 1.085724e+03 1.082874e+03 1.084807e+03 1.087657e+03
14.6 1.062121e+03 1.078144e+03 1.084772e+03 1.068749e+03
15.6 1.094460e+03 1.088790e+03 1.084675e+03 1.090345e+03
16.6 1.079893e+03 1.095882e+03 1.084568e+03 1.068579e+03
17.6 1.073869e+03 1.081218e+03 1.084481e+03 1.077131e+03
18.6 1.109770e+03 1.102039e+03 1.084421e+03 1.092153e+03
19.6 1.073605e+03 1.090866e+03 1.084385e+03 1.067124e+03
20.6 1.115502e+03 1.100005e+03 1.084366e+03 1.099863e+03
0.8 1.071811e+03 1.069193e+03 1.082982e+03 1.085601e+03
1.8 1.060194e+03 1.079619e+03 1.082082e+03 1.062657e+03
2.8 1.074978e+03 1.071679e+03 1.080275e+03 1.083575e+03
3.8 1.077542e+03 1.076272e+03 1.080745e+03 1.082014e+03
4.8 1.073659e+03 1.075199e+03 1.082337e+03 1.080796e+03
5.8 1.069905e+03 1.074871e+03 1.083636e+03 1.078670e+03
6.8 1.086531e+03 1.092306e+03 1.084369e+03 1.078594e+03
7.8 1.077800e+03 1.084597e+03 1.084707e+03 1.077910e+03
8.8 1.085724e+03 1.082874e+03 1.084807e+03 1.087657e+03
9.8 1.062121e+03 1.078144e+03 1.084772e+03 1.068749e+03
10.8 1.094460e+03 1.088790e+03 1.084675e+03 1.090345e+03
11.8 1.079893e+03 1.095882e+03 1.084568e+03 1.068579e+03
12.8 1.073869e+03 1.081218e+03 1.084481e+03 1.077131e+03
13.8 1.109770e+03 1.102039e+03 1.084421e+03 1.092153e+03
14.8 1.073605e+03 1.090866e+03 1.084385e+03 1.067124e+03
15.8 1.115502e+03 1.100005e+03 1.084366e+03 1.099863e+03
16.8 1.109653e+03 1.099014e+03 1.084356e+03 1.094996e+03
17.8 1.056766e+03 1.083365e+03 1.084352e+03 1.057753e+03
18.8 1.098983e+03 1.093782e+03 1.084350e+03 1.089551e+03
19.8 1.123022e+03 1.097629e+03 1.084349e+03 1.109742e+03
20.8 1.056600e+03 1.080042e+03 1.084349e+03 1.060906e+03
0.5 1.101344e+03 1.095972e+03 1.084346e+03 1.089718e+03
1.5 1.055633e+03 1.084652e+03 1.083430e+03 1.054412e+03
2.5 1.091576e+03 1.079845e+03 1.080733e+03 1.092464e+03
3.5 1.079351e+03 1.097016e+03 1.080025e+03 1.062360e+03
4.5 1.090968e+03 1.088730e+03 1.081340e+03 1.083578e+03
5.5 1.107119e+03 1.097655e+03 1.082865e+03 1.092329e+03
6.5 1.084581e+03 1.088705e+03 1.083886e+03 1.079762e+03
7.5 1.114028e+03 1.095534e+03 1.084441e+03 1.102935e+03
8.5 1.077286e+03 1.087498e+03 1.084688e+03 1.074476e+03
9.5 1.096538e+03 1.082211e+03 1.084741e+03 1.099069e+03
10.5 1.064881e+03 1.082928e+03 1.084687e+03 1.066641e+03
11.5 1.086362e+03 1.085012e+03 1.084594e+03 1.085944e+03
12.5 1.066237e+03 1.066613e+03 1.084503e+03 1.084127e+03
13.5 1.091469e+03 1.083977e+03 1.083584e+03 1.091076e+03
14.5 1.067248e+03 1.084064e+03 1.080843e+03 1.064026e+03
15.5 1.091878e+03 1.085692e+03 1.080031e+03 1.086216e+03
16.5 1.081851e+03 1.091188e+03 1.081303e+03 1.071965e+03
17.5 1.059421e+03 1.076692e+03 1.082819e+03 1.065549e+03
18.5 1.082865e+03 1.090953e+03 1.082595e+03 1.074507e+03
19.5 1.085580e+03 1.091189e+03 1.080536e+03 1.074927e+03
20.5 1.081855e+03 1.086529e+03 1.080472e+03 1.075798e+03
0.4 1.066237e+03 1.066613e+03 1.084503e+03 1.084127e+03
1.4 1.091469e+03 1.083977e+03 1.083584e+03 1.091076e+03
2.4 1.067248e+03 1.084064e+03 1.080843e+03 1.064026e+03
3.4 1.091878e+03 1.085692e+03 1.080031e+03 1.086216e+03
4.4 1.081851e+03 1.091188e+03 1.081303e+03 1.071965e+03
5.4 1.059421e+03 1.076692e+03 1.082819e+03 1.065549e+03
6.4 1.082865e+03 1.090953e+03 1.082595e+03 1.074507e+03
7.4 1.085580e+03 1.091189e+03 1.080536e+03 1.074927e+03
8.4 1.081855e+03 1.086529e+03 1.080472e+03 1.075798e+03
9.4 1.081848e+03 1.089819e+03 1.081805e+03 1.073835e+03
10.4 1.045643e+03 1.077404e+03 1.081053e+03 1.049291e+03
11.4 1.113103e+03 1.091950e+03 1.079898e+03 1.101052e+03
12.4 1.094428e+03 1.099040e+03 1.080881e+03 1.076269e+03
13.4 1.093135e+03 1.075924e+03 1.082619e+03 1.099830e+03
14.4 1.131872e+03 1.081763e+03 1.083896e+03 1.134006e+03
15.4 1.088492e+03 1.082561e+03 1.084569e+03 1.090500e+03
16.4 1.107132e+03 1.086987e+03 1.084841e+03 1.104986e+03
17.4 1.063553e+03 1.067877e+03 1.084883e+03 1.080560e+03
18.4 1.088337e+03 1.069117e+03 1.084806e+03 1.104025e+03
19.4 1.093218e+03 1.079489e+03 1.084010e+03 1.097739e+03
20.4 1.071937e+03 1.068838e+03 1.081213e+03 1.084312e+03
0.6 1.059421e+03 1.076692e+03 1.082819e+03 1.065549e+03
1.6 1.082865e+03 1.090953e+03 1.082595e+03 1.074507e+03
2.6 1.085580e+03 1.091189e+03 1.080536e+03 1.074927e+03
3.6 1.081855e+03 1.086529e+03 1.080472e+03 1.075798e+03
4.6 1.081848e+03 1.089819e+03 1.081805e+03 1.073835e+03
5.6 1.045643e+03 1.077404e+03 1.081053e+03 1.049291e+03
6.6 1.113103e+03 1.091950e+03 1.079898e+03 1.101052e+03
7.6 1.094428e+03 1.099040e+03 1.080881e+03 1.076269e+03
8.6 1.093135e+03 1.075924e+03 1.082619e+03 1.099830e+03
9.6 1.131872e+03 1.081763e+03 1.083896e+03 1.134006e+03
10.6 1.088492e+03 1.082561e+03 1.084569e+03 1.090500e+03
11.6 1.107132e+03 1.086987e+03 1.084841e+03 1.104986e+03
12.6 1.063553e+03 1.067877e+03 1.084883e+03 1.080560e+03
13.6 1.088337e+03 1.069117e+03 1.084806e+03 1.104025e+03
14.6 1.093218e+03 1.079489e+03 1.084010e+03 1.097739e+03
15.6 1.071937e+03 1.068838e+03 1.081213e+03 1.084312e+03
16.6 1.096914e+03 1.087545e+03 1.080095e+03 1.089463e+03
17.6 1.051105e+03 1.079260e+03 1.081221e+03 1.053066e+03
18.6 1.077578e+03 1.073342e+03 1.082747e+03 1.086983e+03
19.6 1.096239e+03 1.085149e+03 1.083812e+03 1.094902e+03
20.6 1.043992e+03 1.073834e+03 1.084403e+03 1.054561e+03
1.0 1.081848e+03 1.089819e+03 1.081805e+03 1.073835e+03
2.0 1.045643e+03 1.077404e+03 1.081053e+03 1.049291e+03
3.0 1.113103e+03 1.091950e+03 1.079898e+03 1.101052e+03
4.0 1.094428e+03 1.099040e+03 1.080881e+03 1.076269e+03
5.0 1.093135e+03 1.075924e+03 1.082619e+03 1.099830e+03
6.0 1.131872e+03 1.081763e+03 1.083896e+03 1.134006e+03
7.0 1.088492e+03 1.082561e+03 1.084569e+03 1.090500e+03
8.0 1.107132e+03 1.086987e+03 1.084841e+03 1.104986e+03
9.0 1.063553e+03 1.067877e+03 1.084883e+03 1.080560e+03
10.0 1.088337e+03 1.069117e+03 1.084806e+03 1.104025e+03
11.0 1.093218e+03 1.079489e+03 1.084010e+03 1.097739e+03
12.0 1.071937e+03 1.068838e+03 1.081213e+03 1.084312e+03
13.0 1.096914e+03 1.087545e+03 1.080095e+03 1.089463e+03
14.0 1.051105e+03 1.079260e+03 1.081221e+03 1.053066e+03
15.0 1.077578e+03 1.073342e+03 1.082747e+03 1.086983e+03
16.0 1.096239e+03 1.085149e+03 1.083812e+03 1.094902e+03
17.0 1.043992e+03 1.073834e+03 1.084403e+03 1.054561e+03
18.0 1.108331e+03 1.087271e+03 1.084674e+03 1.105734e+03
19.0 1.046056e+03 1.083086e+03 1.084743e+03 1.047714e+03
20.0 1.097972e+03 1.078061e+03 1.084697e+03 1.104608e+03
21.0 1.097612e+03 1.090865e+03 1.084601e+03 1.091349e+03
0.3 1.088337e+03 1.069117e+03 1.084806e+03 1.104025e+03
1.3 1.093218e+03 1.079489e+03 1.084010e+03 1.097739e+03
2.3 1.071937e+03 1.068838e+03 1.081213e+03 1.084312e+03
3.3 1.096914e+03 1.087545e+03 1.080095e+03 1.089463e+03
4.3 1.051105e+03 1.079260e+03 1.081221e+03 1.053066e+03
5.3 1.077578e+03 1.073342e+03 1.082747e+03 1.086983e+03
6.3 1.096239e+03 1.085149e+03 1.083812e+03 1.094902e+03
7.3 1.043992e+03 1.073834e+03 1.084403e+03 1.054561e+03
8.3 1.108331e+03 1.087271e+03 1.084674e+03 1.105734e+03
9.3 1.046056e+03 1.083086e+03 1.084743e+03 1.047714e+03
10.3 1.097972e+03 1.078061e+03 1.084697e+03 1.104608e+03
11.3 1.097612e+03 1.090865e+03 1.084601e+03 1.091349e+03
12.3 1.061451e+03 1.079855e+03 1.083529e+03 1.065126e+03
13.3 1.075545e+03 1.080132e+03 1.080768e+03 1.076181e+03
14.3 1.078015e+03 1.074677e+03 1.080095e+03 1.083433e+03
15.3 1.067560e+03 1.067963e+03 1.081411e+03 1.081009e+03
16.3 1.080571e+03 1.077414e+03 1.082914e+03 1.086071e+03
17.3 1.102208e+03 1.084482e+03 1.083913e+03 1.101639e+03
18.3 1.071706e+03 1.088706e+03 1.084454e+03 1.067454e+03
19.3 1.075240e+03 1.085596e+03 1.084693e+03 1.074337e+03
20.3 1.083220e+03 1.093708e+03 1.084467e+03 1.073980e+03
0.5 1.097612e+03 1.090865e+03 1.084601e+03 1.091349e+03
1.5 1.061451e+03 1.079855e+03 1.083529e+03 1.065126e+03
2.5 1.075545e+03 1.080132e+03 1.080768e+03 1.076181e+03
3.5 1.078015e+03 1.074677e+03 1.080095e+03 1.083433e+03
4.5 1.067560e+03 1.067963e+03 1.081411e+03 1.081009e+03
5.5 1.080571e+03 1.077414e+03 1.082914e+03 1.086071e+03
6.5 1.102208e+03 1.084482e+03 1.083913e+03 1.101639e+03
7.5 1.071706e+03 1.088706e+03 1.084454e+03 1.067454e+03
8.5 1.075240e+03 1.085596e+03 1.084693e+03 1.074337e+03
9.5 1.083220e+03 1.093708e+03 1.084467e+03 1.073980e+03
10.5 1.086089e+03 1.086481e+03 1.082019e+03 1.081627e+03
11.5 1.072759e+03 1.090966e+03 1.080198e+03 1.061991e+03
12.5 1.091786e+03 1.098839e+03 1.080897e+03 1.073844e+03
13.5 1.110711e+03 1.087060e+03 1.081515e+03 1.105165e+03
14.5 1.110637e+03 1.104407e+03 1.080001e+03 1.086230e+03
15.5 1.121838e+03 1.103073e+03 1.079978e+03 1.098743e+03
16.5 1.073751e+03 1.089113e+03 1.081551e+03 1.066189e+03
17.5 1.102861e+03 1.096693e+03 1.081346e+03 1.087514e+03
18.5 1.122844e+03 1.108926e+03 1.080036e+03 1.093955e+03
19.5 1.064884e+03 1.089350e+03 1.080762e+03 1.056295e+03
20.5 1.084701e+03 1.075343e+03 1.082474e+03 1.091832e+03
0.1 1.075240e+03 1.085596e+03 1.084693e+03 1.074337e+03
1.1 1.083220e+03 1.093708e+03 1.084467e+03 1.073980e+03
2.1 1.086089e+03 1.086481e+03 1.082019e+03 1.081627e+03
3.1 1.072759e+03 1.090966e+03 1.080198e+03 1.061991e+03
4.1 1.091786e+03 1.098839e+03 1.080897e+03 1.073844e+03
5.1 1.110711e+03 1.087060e+03 1.081515e+03 1.105165e+03
6.1 1.110637e+03 1.104407e+03 1.080001e+03 1.086230e+03
7.1 1.121838e+03 1.103073e+03 1.079978e+03 1.098743e+03
8.1 1.073751e+03 1.089113e+03 1.081551e+03 1.066189e+03
9.1 1.102861e+03 1.096693e+03 1.081346e+03 1.087514e+03
10.1 1.122844e+03 1.108926e+03 1.080036e+03 1.093955e+03
11.1 1.064884e+03 1.089350e+03 1.080762e+03 1.056295e+03
12.1 1.084701e+03 1.075343e+03 1.082474e+03 1.091832e+03
13.1 1.108580e+03 1.092079e+03 1.083813e+03 1.100314e+03
14.1 1.100312e+03 1.080822e+03 1.084537e+03 1.104026e+03
15.1 1.104415e+03 1.081403e+03 1.084837e+03 1.107850e+03
16.1 1.079942e+03 1.081369e+03 1.084896e+03 1.083469e+03
17.1 1.052991e+03 1.071017e+03 1.084825e+03 1.066799e+03
18.1 1.057518e+03 1.072696e+03 1.084320e+03 1.069142e+03
19.1 1.044262e+03 1.088196e+03 1.081676e+03 1.037741e+03
20.1 1.077996e+03 1.095280e+03 1.080079e+03 1.062794e+03
0.5 1.091786e+03 1.098839e+03 1.080897e+03 1.073844e+03
1.5 1.110711e+03 1.087060e+03 1.081515e+03 1.105165e+03
2.5 1.110637e+03 1.104407e+03 1.080001e+03 1.086230e+03
3.5 1.121838e+03 1.103073e+03 1.079978e+03 1.098743e+03
4.5 1.073751e+03 1.089113e+03 1.081551e+03 1.066189e+03
5.5 1.102861e+03 1.096693e+03 1.081346e+03 1.087514e+03
6.5 1.122844e+03 1.108926e+03 1.080036e+03 1.093955e+03
7.5 1.064884e+03 1.089350e+03 1.080762e+03 1.056295e+03
8.5 1.084701e+03 1.075343e+03 1.082474e+03 1.091832e+03
9.5 1.108580e+03 1.092079e+03 1.083813e+03 1.100314e+03
10.5 1.100312e+03 1.080822e+03 1.084537e+03 1.104026e+03
11.5 1.104415e+03 1.081403e+03 1.084837e+03 1.107850e+03
12.5 1.079942e+03 1.081369e+03 1.084896e+03 1.083469e+03
13.5 1.052991e+03 1.071017e+03 1.084825e+03 1.066799e+03
14.5 1.057518e+03 1.072696e+03 1.084320e+03 1.069142e+03
15.5 1.044262e+03 1.088196e+03 1.081676e+03 1.037741e+03
16.5 1.077996e+03 1.095280e+03 1.080079e+03 1.062794e+03
17.5 1.075532e+03 1.082652e+03 1.080946e+03 1.073826e+03
18.5 1.100074e+03 1.096371e+03 1.081385e+03 1.085088e+03
19.5 1.091931e+03 1.093583e+03 1.079877e+03 1.078225e+03
20.5 1.122846e+03 1.089301e+03 1.080067e+03 1.113612e+03
0.8 1.073751e+03 1.089113e+03 1.081551e+03 1.066189e+03
1.8 1.102861e+03 1.096693e+03 1.081346e+03 1.087514e+03
2.8 1.122844e+03 1.108926e+03 1.080036e+03 1.093955e+03
3.8 1.064884e+03 1.089350e+03 1.080762e+03 1.056295e+03
4.8 1.084701e+03 1.075343e+03 1.082474e+03 1.091832e+03
5.8 1.108580e+03 1.092079e+03 1.083813e+03 1.100314e+03
6.8 1.100312e+03 1.080822e+03 1.084537e+03 1.104026e+03
7.8 1.104415e+03 1.081403e+03 1.084837e+03 1.107850e+03
8.8 1.079942e+03 1.081369e+03 1.084896e+03 1.083469e+03
9.8 1.052991e+03 1.071017e+03 1.084825e+03 1.066799e+03
10.8 1.057518e+03 1.072696e+03 1.084320e+03 1.069142e+03
11.8 1.044262e+03 1.088196e+03 1.081676e+03 1.037741e+03
12.8 1.077996e+03 1.095280e+03 1.080079e+03 1.062794e+03
13.8 1.075532e+03 1.082652e+03 1.080946e+03 1.073826e+03
14.8 1.100074e+03 1.096371e+03 1.081385e+03 1.085088e+03
15.8 1.091931e+03 1.093583e+03 1.079877e+03 1.078225e+03
16.8 1.122846e+03 1.089301e+03 1.080067e+03 1.113612e+03
17.8 1.085479e+03 1.101038e+03 1.081777e+03 1.066218e+03
18.8 1.076388e+03 1.083318e+03 1.083368e+03 1.076437e+03
19.8 1.120495e+03 1.101843e+03 1.084311e+03 1.102963e+03
20.8 1.079601e+03 1.094141e+03 1.084746e+03 1.070206e+03
0.2 1.052991e+03 1.071017e+03 1.084825e+03 1.066799e+03
1.2 1.057518e+03 1.072696e+03 1.084320e+03 1.069142e+03
2.2 1.044262e+03 1.088196e+03 1.081676e+03 1.037741e+03
3.2 1.077996e+03 1.095280e+03 1.080079e+03 1.062794e+03
4.2 1.075532e+03 1.082652e+03 1.080946e+03 1.073826e+03
5.2 1.100074e+03 1.096371e+03 1.081385e+03 1.085088e+03
6.2 1.091931e+03 1.093583e+03 1.079877e+03 1.078225e+03
7.2 1.122846e+03 1.089301e+03 1.080067e+03 1.113612e+03
8.2 1.085479e+03 1.101038e+03 1.081777e+03 1.066218e+03
9.2 1.076388e+03 1.083318e+03 1.083368e+03 1.076437e+03
10.2 1.120495e+03 1.101843e+03 1.084311e+03 1.102963e+03
11.2 1.079601e+03 1.094141e+03 1.084746e+03 1.070206e+03
12.2 1.093237e+03 1.095227e+03 1.084879e+03 1.082888e+03
13.2 1.083150e+03 1.093288e+03 1.084846e+03 1.074708e+03
14.2 1.078513e+03 1.088730e+03 1.084737e+03 1.074520e+03
15.2 1.080134e+03 1.088183e+03 1.084592e+03 1.076543e+03
16.2 1.090175e+03 1.086238e+03 1.083086e+03 1.087023e+03
17.2 1.100799e+03 1.107039e+03 1.080448e+03 1.074208e+03
18.2 1.083475e+03 1.097884e+03 1.080238e+03 1.065829e+03
19.2 1.074441e+03 1.097953e+03 1.081691e+03 1.058180e+03
20.2 1.128395e+03 1.087272e+03 1.083124e+03 1.124247e+03
0.5 1.075532e+03 1.082652e+03 1.080946e+03 1.073826e+03
1.5 1.100074e+03 1.096371e+03 1.081385e+03 1.085088e+03
2.5 1.091931e+03 1.093583e+03 1.079877e+03 1.078225e+03
3.5 1.122846e+03 1.089301e+03 1.080067e+03 1.113612e+03
4.5 1.085479e+03 1.101038e+03 1.081777e+03 1.066218e+03
5.5 1.076388e+03 1.083318e+03 1.083368e+03 1.076437e+03
6.5 1.120495e+03 1.101843e+03 1.084311e+03 1.102963e+03
7.5 1.079601e+03 1.094141e+03 1.084746e+03 1.070206e+03
8.5 1.093237e+03 1.095227e+03 1.084879e+03 1.082888e+03
9.5 1.083150e+03 1.093288e+03 1.084846e+03 1.074708e+03
10.5 1.078513e+03 1.088730e+03 1.084737e+03 1.074520e+03
11.5 1.080134e+03 1.088183e+03 1.084592e+03 1.076543e+03
12.5 1.090175e+03 1.086238e+03 1.083086e+03 1.087023e+03
13.5 1.100799e+03 1.107039e+03 1.080448e+03 1.074208e+03
14.5 1.083475e+03 1.097884e+03 1.080238e+03 1.065829e+03
15.5 1.074441e+03 1.097953e+03 1.081691e+03 1.058180e+03
16.5 1.128395e+03 1.087272e+03 1.083124e+03 1.124247e+03
17.5 1.081305e+03 1.082604e+03 1.084033e+03 1.082734e+03
18.5 1.100693e+03 1.097733e+03 1.084513e+03 1.087473e+03
19.5 1.121169e+03 1.094952e+03 1.084712e+03 1.110929e+03
20.5 1.112227e+03 1.101374e+03 1.084737e+03 1.095590e+03
0.7 1.080134e+03 1.088183e+03 1.084592e+03 1.076543e+03
1.7 1.090175e+03 1.086238e+03 1.083086e+03 1.087023e+03
2.7 1.100799e+03 1.107039e+03 1.080448e+03 1.074208e+03
3.7 1.083475e+03 1.097884e+03 1.080238e+03 1.065829e+03
4.7 1.074441e+03 1.097953e+03 1.081691e+03 1.058180e+03
5.7 1.128395e+03 1.087272e+03 1.083124e+03 1.124247e+03
6.7 1.081305e+03 1.082604e+03 1.084033e+03 1.082734e+03
7.7 1.100693e+03 1.097733e+03 1.084513e+03 1.087473e+03
8.7 1.121169e+03 1.094952e+03 1.084712e+03 1.110929e+03
9.7 1.112227e+03 1.101374e+03 1.084737e+03 1.095590e+03
10.7 1.104691e+03 1.097337e+03 1.084457e+03 1.091811e+03
11.7 1.076202e+03 1.082499e+03 1.082074e+03 1.075776e+03
12.7 1.087853e+03 1.068795e+03 1.080118e+03 1.099176e+03
13.7 1.068955e+03 1.067161e+03 1.080738e+03 1.082532e+03
14.7 1.128674e+03 1.073999e+03 1.081446e+03 1.136122e+03
15.7 1.035776e+03 1.059341e+03 1.079982e+03 1.056417e+03
16.7 1.064146e+03 1.046479e+03 1.079918e+03 1.097585e+03
17.7 1.058537e+03 1.081327e+03 1.081559e+03 1.058770e+03
18.7 1.062802e+03 1.078732e+03 1.083217e+03 1.067287e+03
19.7 1.066110e+03 1.089265e+03 1.084233e+03 1.061078e+03
20.7 1.074157e+03 1.079804e+03 1.083799e+03 1.078152e+03
1.0 1.104691e+03 1.097337e+03 1.084457e+03 1.091811e+03
2.0 1.076202e+03 1.082499e+03 1.082074e+03 1.075776e+03
3.0 1.087853e+03 1.068795e+03 1.080118e+03 1.099176e+03
4.0 1.068955e+03 1.067161e+03 1.080738e+03 1.082532e+03
5.0 1.128674e+03 1.073999e+03 1.081446e+03 1.136122e+03
6.0 1.035776e+03 1.059341e+03 1.079982e+03 1.056417e+03
7.0 1.064146e+03 1.046479e+03 1.079918e+03 1.097585e+03
8.0 1.058537e+03 1.081327e+03 1.081559e+03 1.058770e+03
9.0 1.062802e+03 1.078732e+03 1.083217e+03 1.067287e+03
10.0 1.066110e+03 1.089265e+03 1.084233e+03 1.061078e+03
11.0 1.074157e+03 1.079804e+03 1.083799e+03 1.078152e+03
12.0 1.061845e+03 1.068864e+03 1.081261e+03 1.074242e+03
13.0 1.041842e+03 1.069209e+03 1.080533e+03 1.053167e+03
14.0 1.063301e+03 1.068766e+03 1.081655e+03 1.076191e+03
15.0 1.046896e+03 1.078850e+03 1.081148e+03 1.049193e+03
16.0 1.063035e+03 1.055169e+03 1.079811e+03 1.087677e+03
17.0 1.099924e+03 1.062374e+03 1.080613e+03 1.118163e+03
18.0 1.117588e+03 1.084789e+03 1.082382e+03 1.115181e+03
19.0 1.107558e+03 1.085890e+03 1.083757e+03 1.105424e+03
20.0 1.131312e+03 1.091767e+03 1.084504e+03 1.124050e+03
21.0 1.103660e+03 1.088294e+03 1.084820e+03 1.100185e+03
0.4 1.068955e+03 1.067161e+03 1.080738e+03 1.082532e+03
1.4 1.128674e+03 1.073999e+03 1.081446e+03 1.136122e+03
2.4 1.035776e+03 1.059341e+03 1.079982e+03 1.056417e+03
3.4 1.064146e+03 1.046479e+03 1.079918e+03 1.097585e+03
4.4 1.058537e+03 1.081327e+03 1.081559e+03 1.058770e+03
5.4 1.062802e+03 1.078732e+03 1.083217e+03 1.067287e+03
6.4 1.066110e+03 1.089265e+03 1.084233e+03 1.061078e+03
7.4 1.074157e+03 1.079804e+03 1.083799e+03 1.078152e+03
8.4 1.061845e+03 1.068864e+03 1.081261e+03 1.074242e+03
9.4 1.041842e+03 1.069209e+03 1.080533e+03 1.053167e+03
10.4 1.063301e+03 1.068766e+03 1.081655e+03 1.076191e+03
11.4 1.046896e+03 1.078850e+03 1.081148e+03 1.049193e+03
12.4 1.063035e+03 1.055169e+03 1.079811e+03 1.087677e+03
13.4 1.099924e+03 1.062374e+03 1.080613e+03 1.118163e+03
14.4 1.117588e+03 1.084789e+03 1.082382e+03 1.115181e+03
15.4 1.107558e+03 1.085890e+03 1.083757e+03 1.105424e+03
16.4 1.131312e+03 1.091767e+03 1.084504e+03 1.124050e+03
17.4 1.103660e+03 1.088294e+03 1.084820e+03 1.100185e+03
18.4 1.105914e+03 1.079490e+03 1.084885e+03 1.111309e+03
19.4 1.110970e+03 1.083592e+03 1.084818e+03 1.112196e+03
20.4 1.069680e+03 1.078598e+03 1.084699e+03 1.075780e+03
0.5 1.066110e+03 1.089265e+03 1.084233e+03 1.061078e+03
1.5 1.074157e+03 1.079804e+03 1.083799e+03 1.078152e+03
2.5 1.061845e+03 1.068864e+03 1.081261e+03 1.074242e+03
3.5 1.041842e+03 1.069209e+03 1.080533e+03 1.053167e+03
4.5 1.063301e+03 1.068766e+03 1.081655e+03 1.076191e+03
5.5 1.046896e+03 1.078850e+03 1.081148e+03 1.049193e+03
6.5 1.063035e+03 1.055169e+03 1.079811e+03 1.087677e+03
7.5 1.099924e+03 1.062374e+03 1.080613e+03 1.118163e+03
8.5 1.117588e+03 1.084789e+03 1.082382e+03 1.115181e+03
9.5 1.107558e+03 1.085890e+03 1.083757e+03 1.105424e+03
10.5 1.131312e+03 1.091767e+03 1.084504e+03 1.124050e+03
11.5 1.103660e+03 1.088294e+03 1.084820e+03 1.100185e+03
12.5 1.105914e+03 1.079490e+03 1.084885e+03 1.111309e+03
13.5 1.110970e+03 1.083592e+03 1.084818e+03 1.112196e+03
14.5 1.069680e+03 1.078598e+03 1.084699e+03 1.075780e+03
15.5 1.086079e+03 1.082739e+03 1.084579e+03 1.087919e+03
16.5 1.056958e+03 1.081306e+03 1.084381e+03 1.060033e+03
17.5 1.051921e+03 1.063860e+03 1.082341e+03 1.070403e+03
18.5 1.050938e+03 1.061530e+03 1.080111e+03 1.069518e+03
19.5 1.046717e+03 1.060229e+03 1.080478e+03 1.066966e+03
20.5 1.074856e+03 1.079007e+03 1.082045e+03 1.077895e+03
0.9 1.063301e+03 1.068766e+03 1.081655e+03 1.076191e+03
1.9 1.046896e+03 1.078850e+03 1.081148e+03 1.049193e+03
2.9 1.063035e+03 1.055169e+03 1.079811e+03 1.087677e+03
3.9 1.099924e+03 1.062374e+03 1.080613e+03 1.118163e+03
4.9 1.117588e+03 1.084789e+03 1.082382e+03 1.115181e+03
5.9 1.107558e+03 1.085890e+03 1.083757e+03 1.105424e+03
6.9 1.131312e+03 1.091767e+03 1.084504e+03 1.124050e+03
7.9 1.103660e+03 1.088294e+03 1.084820e+03 1.100185e+03
8.9 1.105914e+03 1.079490e+03 1.084885e+03 1.111309e+03
9.9 1.110970e+03 1.083592e+03 1.084818e+03 1.112196e+03
10.9 1.069680e+03 1.078598e+03 1.084699e+03 1.075780e+03
11.9 1.086079e+03 1.082739e+03 1.084579e+03 1.087919e+03
12.9 1.056958e+03 1.081306e+03 1.084381e+03 1.060033e+03
13.9 1.051921e+03 1.063860e+03 1.082341e+03 1.070403e+03
14.9 1.050938e+03 1.061530e+03 1.080111e+03 1.069518e+03
15.9 1.046717e+03 1.060229e+03 1.080478e+03 1.066966e+03
16.9 1.074856e+03 1.079007e+03 1.082045e+03 1.077895e+03
17.9 1.060421e+03 1.074823e+03 1.083373e+03 1.068972e+03
18.9 1.048678e+03 1.065045e+03 1.084172e+03 1.067805e+03
19.9 1.080524e+03 1.075049e+03 1.084543e+03 1.090019e+03
20.9 1.055389e+03 1.064280e+03 1.083145e+03 1.074255e+03
0.9 1.056958e+03 1.081306e+03 1.084381e+03 1.060033e+03
1.9 1.051921e+03 1.063860e+03 1.082341e+03 1.070403e+03
2.9 1.050938e+03 1.061530e+03 1.080111e+03 1.069518e+03
3.9 1.046717e+03 1.060229e+03 1.080478e+03 1.066966e+03
4.9 1.074856e+03 1.079007e+03 1.082045e+03 1.077895e+03
5.9 1.060421e+03 1.074823e+03 1.083373e+03 1.068972e+03
6.9 1.048678e+03 1.065045e+03 1.084172e+03 1.067805e+03
7.9 1.080524e+03 1.075049e+03 1.084543e+03 1.090019e+03
8.9 1.055389e+03 1.064280e+03 1.083145e+03 1.074255e+03
9.9 1.055374e+03 1.058651e+03 1.080650e+03 1.077373e+03
10.9 1.028771e+03 1.071457e+03 1.080552e+03 1.037866e+03
11.9 1.074617e+03 1.079737e+03 1.081623e+03 1.076503e+03
12.9 1.053125e+03 1.066212e+03 1.080477e+03 1.067390e+03
13.9 1.045994e+03 1.067073e+03 1.079729e+03 1.058650e+03
14.9 1.057472e+03 1.082881e+03 1.081048e+03 1.055639e+03
15.9 1.097480e+03 1.078853e+03 1.082814e+03 1.101440e+03
16.9 1.108727e+03 1.075546e+03 1.083343e+03 1.116523e+03
17.9 1.046348e+03 1.067185e+03 1.081273e+03 1.060435e+03
18.9 1.100200e+03 1.078908e+03 1.080477e+03 1.101769e+03
19.9 1.075021e+03 1.062194e+03 1.081681e+03 1.094508e+03
20.9 1.065592e+03 1.071431e+03 1.083153e+03 1.077313e+03
0.7 1.080524e+03 1.075049e+03 1.084543e+03 1.090019e+03
1.7 1.055389e+03 1.064280e+03 1.083145e+03 1.074255e+03
2.7 1.055374e+03 1.058651e+03 1.080650e+03 1.077373e+03
3.7 1.028771e+03 1.071457e+03 1.080552e+03 1.037866e+03
4.7 1.074617e+03 1.079737e+03 1.081623e+03 1.076503e+03
5.7 1.053125e+03 1.066212e+03 1.080477e+03 1.067390e+03
6.7 1.045994e+03 1.067073e+03 1.079729e+03 1.058650e+03
7.7 1.057472e+03 1.082881e+03 1.081048e+03 1.055639e+03
8.7 1.097480e+03 1.078853e+03 1.082814e+03 1.101440e+03
9.7 1.108727e+03 1.075546e+03 1.083343e+03 1.116523e+03
10.7 1.046348e+03 1.067185e+03 1.081273e+03 1.060435e+03
11.7 1.100200e+03 1.078908e+03 1.080477e+03 1.101769e+03
12.7 1.075021e+03 1.062194e+03 1.081681e+03 1.094508e+03
13.7 1.065592e+03 1.071431e+03 1.083153e+03 1.077313e+03
14.7 1.097959e+03 1.100882e+03 1.084111e+03 1.081188e+03
15.7 1.118226e+03 1.083496e+03 1.083923e+03 1.118652e+03
16.7 1.075819e+03 1.081425e+03 1.081434e+03 1.075828e+03
17.7 1.042625e+03 1.077324e+03 1.080422e+03 1.045723e+03
18.7 1.074233e+03 1.071491e+03 1.081531e+03 1.084272e+03
19.7 1.087838e+03 1.081064e+03 1.082984e+03 1.089758e+03
20.7 1.110826e+03 1.095857e+03 1.083967e+03 1.098936e+03
0.1 1.028771e+03 1.071457e+03 1.080552e+03 1.037866e+03
1.1 1.074617e+03 1.079737e+03 1.081623e+03 1.076503e+03
2.1 1.053125e+03 1.066212e+03 1.080477e+03 1.067390e+03
3.1 1.045994e+03 1.067073e+03 1.079729e+03 1.058650e+03
4.1 1.057472e+03 1.082881e+03 1.081048e+03 1.055639e+03
5.1 1.097480e+03 1.078853e+03 1.082814e+03 1.101440e+03
6.1 1.108727e+03 1.075546e+03 1.083343e+03 1.116523e+03
7.1 1.046348e+03 1.067185e+03 1.081273e+03 1.060435e+03
8.1 1.100200e+03 1.078908e+03 1.080477e+03 1.101769e+03
9.1 1.075021e+03 1.062194e+03 1.081681e+03 1.094508e+03
10.1 1.065592e+03 1.071431e+03 1.083153e+03 1.077313e+03
11.1 1.097959e+03 1.100882e+03 1.084111e+03 1.081188e+03
12.1 1.118226e+03 1.083496e+03 1.083923e+03 1.118652e+03
13.1 1.075819e+03 1.081425e+03 1.081434e+03 1.075828e+03
14.1 1.042625e+03 1.077324e+03 1.080422e+03 1.045723e+03
15.1 1.074233e+03 1.071491e+03 1.081531e+03 1.084272e+03
16.1 1.087838e+03 1.081064e+03 1.082984e+03 1.089758e+03
17.1 1.110826e+03 1.095857e+03 1.083967e+03 1.098936e+03
18.1 1.104276e+03 1.093787e+03 1.083763e+03 1.094252e+03
19.1 1.068276e+03 1.066859e+03 1.081301e+03 1.082719e+03
20.1 1.081314e+03 1.070808e+03 1.080398e+03 1.090904e+03
0.4 1.097480e+03 1.078853e+03 1.082814e+03 1.101440e+03
1.4 1.108727e+03 1.075546e+03 1.083343e+03 1.116523e+03
2.4 1.046348e+03 1.067185e+03 1.081273e+03 1.060435e+03
3.4 1.100200e+03 1.078908e+03 1.080477e+03 1.101769e+03
4.4 1.075021e+03 1.062194e+03 1.081681e+03 1.094508e+03
5.4 1.065592e+03 1.071431e+03 1.083153e+03 1.077313e+03
6.4 1.097959e+03 1.100882e+03 1.084111e+03 1.081188e+03
7.4 1.118226e+03 1.083496e+03 1.083923e+03 1.118652e+03
8.4 1.075819e+03 1.081425e+03 1.081434e+03 1.075828e+03
9.4 1.042625e+03 1.077324e+03 1.080422e+03 1.045723e+03
10.4 1.074233e+03 1.071491e+03 1.081531e+03 1.084272e+03
11.4 1.087838e+03 1.081064e+03 1.082984e+03 1.089758e+03
12.4 1.110826e+03 1.095857e+03 1.083967e+03 1.098936e+03
13.4 1.104276e+03 1.093787e+03 1.083763e+03 1.094252e+03
14.4 1.068276e+03 1.066859e+03 1.081301e+03 1.082719e+03
15.4 1.081314e+03 1.070808e+03 1.080398e+03 1.090904e+03
16.4 1.076313e+03 1.083742e+03 1.081558e+03 1.074130e+03
17.4 1.075495e+03 1.085663e+03 1.083013e+03 1.072846e+03
18.4 1.084405e+03 1.090765e+03 1.083987e+03 1.077626e+03
19.4 1.082563e+03 1.089673e+03 1.084504e+03 1.077393e+03
20.4 1.079395e+03 1.105431e+03 1.084727e+03 1.058691e+03
0.4 1.097959e+03 1.100882e+03 1.084111e+03 1.081188e+03
1.4 1.118226e+03 1.083496e+03 1.083923e+03 1.118652e+03
2.4 1.075819e+03 1.081425e+03 1.081434e+03 1.075828e+03
3.4 1.042625e+03 1.077324e+03 1.080422e+03 1.045723e+03
4.4 1.074233e+03 1.071491e+03 1.081531e+03 1.084272e+03
5.4 1.087838e+03 1.081064e+03 1.082984e+03 1.089758e+03
6.4 1.110826e+03 1.095857e+03 1.083967e+03 1.098936e+03
7.4 1.104276e+03 1.093787e+03 1.083763e+03 1.094252e+03
8.4 1.068276e+03 1.066859e+03 1.081301e+03 1.082719e+03
9.4 1.081314e+03 1.070808e+03 1.080398e+03 1.090904e+03
10.4 1.076313e+03 1.083742e+03 1.081558e+03 1.074130e+03
11.4 1.075495e+03 1.085663e+03 1.083013e+03 1.072846e+03
12.4 1.084405e+03 1.090765e+03 1.083987e+03 1.077626e+03
13.4 1.082563e+03 1.089673e+03 1.084504e+03 1.077393e+03
14.4 1.079395e+03 1.105431e+03 1.084727e+03 1.058691e+03
15.4 1.062532e+03 1.080335e+03 1.084767e+03 1.066964e+03
16.4 1.110427e+03 1.084046e+03 1.084706e+03 1.111087e+03
17.4 1.072220e+03 1.090815e+03 1.084607e+03 1.066013e+03
18.4 1.112374e+03 1.098936e+03 1.084513e+03 1.097952e+03
19.4 1.059059e+03 1.091639e+03 1.084443e+03 1.051863e+03
20.4 1.080843e+03 1.077360e+03 1.084398e+03 1.087881e+03
0.4 1.110826e+03 1.095857e+03 1.083967e+03 1.098936e+03
1.4 1.104276e+03 1.093787e+03 1.083763e+03 1.094252e+03
2.4 1.068276e+03 1.066859e+03 1.081301e+03 1.082719e+03
3.4 1.081314e+03 1.070808e+03 1.080398e+03 1.090904e+03
4.4 1.076313e+03 1.083742e+03 1.081558e+03 1.074130e+03
5.4 1.075495e+03 1.085663e+03 1.083013e+03 1.072846e+03
6.4 1.084405e+03 1.090765e+03 1.083987e+03 1.077626e+03
7.4 1.082563e+03 1.089673e+03 1.084504e+03 1.077393e+03
8.4 1.079395e+03 1.105431e+03 1.084727e+03 1.058691e+03
9.4 1.062532e+03 1.080335e+03 1.084767e+03 1.066964e+03
10.4 1.110427e+03 1.084046e+03 1.084706e+03 1.111087e+03
11.4 1.072220e+03 1.090815e+03 1.084607e+03 1.066013e+03
12.4 1.112374e+03 1.098936e+03 1.084513e+03 1.097952e+03
13.4 1.059059e+03 1.091639e+03 1.084443e+03 1.051863e+03
14.4 1.080843e+03 1.077360e+03 1.084398e+03 1.087881e+03
15.4 1.101459e+03 1.091966e+03 1.084186e+03 1.093678e+03
16.4 1.106132e+03 1.090007e+03 1.081942e+03 1.098067e+03
17.4 1.097337e+03 1.072102e+03 1.079996e+03 1.105232e+03
18.4 1.095842e+03 1.071405e+03 1.080622e+03 1.105059e+03
19.4 1.105603e+03 1.092835e+03 1.082216e+03 1.094985e+03
20.4 1.110514e+03 1.095851e+03 1.083487e+03 1.098150e+03
1.0 1.101459e+03 1.091966e+03 1.084186e+03 1.093678e+03
2.0 1.106132e+03 1.090007e+03 1.081942e+03 1.098067e+03
3.0 1.097337e+03 1.072102e+03 1.079996e+03 1.105232e+03
4.0 1.095842e+03 1.071405e+03 1.080622e+03 1.105059e+03
5.0 1.105603e+03 1.092835e+03 1.082216e+03 1.094985e+03
6.0 1.110514e+03 1.095851e+03 1.083487e+03 1.098150e+03
7.0 1.088438e+03 1.084751e+03 1.084234e+03 1.087921e+03
8.0 1.084524e+03 1.093634e+03 1.084605e+03 1.075496e+03
9.0 1.067067e+03 1.086544e+03 1.084735e+03 1.065258e+03
10.0 1.073694e+03 1.085806e+03 1.084721e+03 1.072609e+03
11.0 1.072914e+03 1.076386e+03 1.084638e+03 1.081167e+03
12.0 1.070914e+03 1.079530e+03 1.084543e+03 1.075927e+03
13.0 1.090786e+03 1.088109e+03 1.084465e+03 1.087141e+03
14.0 1.087518e+03 1.087741e+03 1.084412e+03 1.084189e+03
15.0 1.094297e+03 1.082690e+03 1.084380e+03 1.095987e+03
16.0 1.095669e+03 1.065717e+03 1.084363e+03 1.114315e+03
17.0 1.070328e+03 1.078743e+03 1.084355e+03 1.075940e+03
18.0 1.072620e+03 1.084262e+03 1.084351e+03 1.072709e+03
19.0 1.072709e+03 1.088091e+03 1.084350e+03 1.068967e+03
20.0 1.087629e+03 1.075997e+03 1.084349e+03 1.095981e+03
21.0 1.083236e+03 1.080634e+03 1.084349e+03 1.086951e+03
0.7 1.077180e+03 1.080076e+03 1.084327e+03 1.081430e+03
1.7 1.059411e+03 1.075781e+03 1.082923e+03 1.066554e+03
2.7 1.068917e+03 1.068326e+03 1.080358e+03 1.080949e+03
3.7 1.076716e+03 1.074003e+03 1.080191e+03 1.082905e+03
4.7 1.059634e+03 1.066419e+03 1.081669e+03 1.074884e+03
5.7 1.060154e+03 1.071079e+03 1.083114e+03 1.072189e+03
6.7 1.049795e+03 1.058442e+03 1.084029e+03 1.075383e+03
