0.5 1.118728e+04 1.113937e+04 1.105663e+04 1.110454e+04
1.5 1.113783e+04 1.114092e+04 1.108974e+04 1.108665e+04
2.5 1.106619e+04 1.104784e+04 1.109059e+04 1.110893e+04
3.5 1.104759e+04 1.100545e+04 1.110041e+04 1.114254e+04
4.5 1.110865e+04 1.105513e+04 1.109396e+04 1.114748e+04
5.5 1.112286e+04 1.109624e+04 1.113478e+04 1.116140e+04
6.5 1.110693e+04 1.108173e+04 1.109813e+04 1.112332e+04
7.5 1.108924e+04 1.107520e+04 1.108256e+04 1.109661e+04
8.5 1.107927e+04 1.108878e+04 1.109579e+04 1.108628e+04
9.5 1.104745e+04 1.107238e+04 1.108901e+04 1.106408e+04
10.5 1.106215e+04 1.108037e+04 1.109493e+04 1.107672e+04
11.5 1.107479e+04 1.109920e+04 1.108245e+04 1.105804e+04
12.5 1.107512e+04 1.112569e+04 1.107891e+04 1.102833e+04
13.5 1.115075e+04 1.113924e+04 1.108153e+04 1.109305e+04
14.5 1.123967e+04 1.120059e+04 1.105824e+04 1.109733e+04
15.5 1.120619e+04 1.121449e+04 1.107626e+04 1.106796e+04
16.5 1.106620e+04 1.112238e+04 1.107723e+04 1.102105e+04
17.5 1.105167e+04 1.110600e+04 1.106889e+04 1.101456e+04
18.5 1.103438e+04 1.107952e+04 1.110690e+04 1.106177e+04
19.5 1.105132e+04 1.107735e+04 1.109897e+04 1.107294e+04
20.5 1.117568e+04 1.116319e+04 1.108856e+04 1.110105e+04
21.5 1.121890e+04 1.121070e+04 1.107433e+04 1.108252e+04
22.5 1.114699e+04 1.116359e+04 1.106484e+04 1.104824e+04
23.5 1.111369e+04 1.113934e+04 1.107996e+04 1.105430e+04
24.5 1.105219e+04 1.107261e+04 1.107036e+04 1.104994e+04
25.5 1.101763e+04 1.103270e+04 1.106210e+04 1.104703e+04
26.5 1.104854e+04 1.106720e+04 1.110217e+04 1.108352e+04
0.5 1.119802e+04 1.121397e+04 1.111202e+04 1.109607e+04
1.5 1.118321e+04 1.118479e+04 1.110683e+04 1.110525e+04
2.5 1.114372e+04 1.113944e+04 1.112252e+04 1.112680e+04
3.5 1.107790e+04 1.108366e+04 1.111090e+04 1.110514e+04
4.5 1.114977e+04 1.115369e+04 1.111829e+04 1.111437e+04
5.5 1.118703e+04 1.114714e+04 1.110433e+04 1.114421e+04
6.5 1.126156e+04 1.123963e+04 1.112180e+04 1.114373e+04
7.5 1.129060e+04 1.131814e+04 1.114443e+04 1.111689e+04
8.5 1.134673e+04 1.132418e+04 1.110406e+04 1.112661e+04
9.5 1.135972e+04 1.141313e+04 1.112338e+04 1.106996e+04
10.5 1.134118e+04 1.136452e+04 1.111810e+04 1.109476e+04
11.5 1.138264e+04 1.140585e+04 1.111736e+04 1.109415e+04
12.5 1.135382e+04 1.140427e+04 1.109513e+04 1.104469e+04
13.5 1.135449e+04 1.133362e+04 1.110571e+04 1.112659e+04
14.5 1.132567e+04 1.133411e+04 1.111430e+04 1.110586e+04
15.5 1.123496e+04 1.122845e+04 1.114327e+04 1.114978e+04
16.5 1.128091e+04 1.124838e+04 1.110922e+04 1.114175e+04
17.5 1.125895e+04 1.124562e+04 1.112699e+04 1.114032e+04
18.5 1.128221e+04 1.125683e+04 1.112904e+04 1.115442e+04
19.5 1.127207e+04 1.127152e+04 1.111053e+04 1.111108e+04
20.5 1.121281e+04 1.119306e+04 1.112142e+04 1.114117e+04
21.5 1.115078e+04 1.118484e+04 1.111425e+04 1.108019e+04
22.5 1.110622e+04 1.113426e+04 1.111874e+04 1.109070e+04
23.5 1.110754e+04 1.111210e+04 1.110555e+04 1.110099e+04
24.5 1.113374e+04 1.110025e+04 1.110987e+04 1.114337e+04
25.5 1.111736e+04 1.114619e+04 1.112109e+04 1.109226e+04
26.5 1.105994e+04 1.107004e+04 1.111736e+04 1.110726e+04
0.5 1.134673e+04 1.132418e+04 1.110406e+04 1.112661e+04
1.5 1.135972e+04 1.141313e+04 1.112338e+04 1.106996e+04
2.5 1.134118e+04 1.136452e+04 1.111810e+04 1.109476e+04
3.5 1.138264e+04 1.140585e+04 1.111736e+04 1.109415e+04
4.5 1.135382e+04 1.140427e+04 1.109513e+04 1.104469e+04
5.5 1.135449e+04 1.133362e+04 1.110571e+04 1.112659e+04
6.5 1.132567e+04 1.133411e+04 1.111430e+04 1.110586e+04
7.5 1.123496e+04 1.122845e+04 1.114327e+04 1.114978e+04
8.5 1.128091e+04 1.124838e+04 1.110922e+04 1.114175e+04
9.5 1.125895e+04 1.124562e+04 1.112699e+04 1.114032e+04
10.5 1.128221e+04 1.125683e+04 1.112904e+04 1.115442e+04
11.5 1.127207e+04 1.127152e+04 1.111053e+04 1.111108e+04
12.5 1.121281e+04 1.119306e+04 1.112142e+04 1.114117e+04
13.5 1.115078e+04 1.118484e+04 1.111425e+04 1.108019e+04
14.5 1.110622e+04 1.113426e+04 1.111874e+04 1.109070e+04
15.5 1.110754e+04 1.111210e+04 1.110555e+04 1.110099e+04
16.5 1.113374e+04 1.110025e+04 1.110987e+04 1.114337e+04
17.5 1.111736e+04 1.114619e+04 1.112109e+04 1.109226e+04
18.5 1.105994e+04 1.107004e+04 1.111736e+04 1.110726e+04
19.5 1.110661e+04 1.108881e+04 1.111373e+04 1.113153e+04
20.5 1.106861e+04 1.106313e+04 1.111699e+04 1.112247e+04
21.5 1.103624e+04 1.102411e+04 1.112727e+04 1.113941e+04
22.5 1.104518e+04 1.101027e+04 1.111797e+04 1.115288e+04
23.5 1.097592e+04 1.099400e+04 1.110933e+04 1.109125e+04
24.5 1.099907e+04 1.096778e+04 1.110864e+04 1.113993e+04
25.5 1.100176e+04 1.099899e+04 1.112727e+04 1.113005e+04
26.5 1.097422e+04 1.098202e+04 1.111419e+04 1.110639e+04
0.5 1.128091e+04 1.124838e+04 1.110922e+04 1.114175e+04
1.5 1.125895e+04 1.124562e+04 1.112699e+04 1.114032e+04
2.5 1.128221e+04 1.125683e+04 1.112904e+04 1.115442e+04
3.5 1.127207e+04 1.127152e+04 1.111053e+04 1.111108e+04
4.5 1.121281e+04 1.119306e+04 1.112142e+04 1.114117e+04
5.5 1.115078e+04 1.118484e+04 1.111425e+04 1.108019e+04
6.5 1.110622e+04 1.113426e+04 1.111874e+04 1.109070e+04
7.5 1.110754e+04 1.111210e+04 1.110555e+04 1.110099e+04
8.5 1.113374e+04 1.110025e+04 1.110987e+04 1.114337e+04
9.5 1.111736e+04 1.114619e+04 1.112109e+04 1.109226e+04
10.5 1.105994e+04 1.107004e+04 1.111736e+04 1.110726e+04
11.5 1.110661e+04 1.108881e+04 1.111373e+04 1.113153e+04
12.5 1.106861e+04 1.106313e+04 1.111699e+04 1.112247e+04
13.5 1.103624e+04 1.102411e+04 1.112727e+04 1.113941e+04
14.5 1.104518e+04 1.101027e+04 1.111797e+04 1.115288e+04
15.5 1.097592e+04 1.099400e+04 1.110933e+04 1.109125e+04
16.5 1.099907e+04 1.096778e+04 1.110864e+04 1.113993e+04
17.5 1.100176e+04 1.099899e+04 1.112727e+04 1.113005e+04
18.5 1.097422e+04 1.098202e+04 1.111419e+04 1.110639e+04
19.5 1.096580e+04 1.098075e+04 1.111867e+04 1.110371e+04
20.5 1.093945e+04 1.095140e+04 1.111513e+04 1.110319e+04
21.5 1.091882e+04 1.093168e+04 1.112745e+04 1.111458e+04
22.5 1.094235e+04 1.094130e+04 1.110239e+04 1.110345e+04
23.5 1.098696e+04 1.098487e+04 1.112609e+04 1.112817e+04
24.5 1.097260e+04 1.098197e+04 1.111000e+04 1.110063e+04
25.5 1.093171e+04 1.091163e+04 1.110843e+04 1.112850e+04
26.5 1.096833e+04 1.094655e+04 1.111129e+04 1.113306e+04
0.5 1.098683e+04 1.097636e+04 1.111036e+04 1.112083e+04
1.5 1.101831e+04 1.099822e+04 1.113200e+04 1.115209e+04
2.5 1.096416e+04 1.098986e+04 1.115441e+04 1.112871e+04
3.5 1.094259e+04 1.095518e+04 1.111890e+04 1.110632e+04
4.5 1.093507e+04 1.096211e+04 1.113043e+04 1.110338e+04
5.5 1.095745e+04 1.098739e+04 1.110968e+04 1.107974e+04
6.5 1.099477e+04 1.102966e+04 1.111125e+04 1.107636e+04
7.5 1.100416e+04 1.101379e+04 1.109746e+04 1.108782e+04
8.5 1.102642e+04 1.106467e+04 1.118015e+04 1.114190e+04
9.5 1.097619e+04 1.096637e+04 1.114078e+04 1.115059e+04
10.5 1.097828e+04 1.098558e+04 1.111815e+04 1.111084e+04
11.5 1.106655e+04 1.099781e+04 1.115935e+04 1.122808e+04
12.5 1.114339e+04 1.102423e+04 1.108543e+04 1.120459e+04
13.5 1.115679e+04 1.108639e+04 1.112513e+04 1.119552e+04
14.5 1.105946e+04 1.101923e+04 1.109528e+04 1.113551e+04
15.5 1.101833e+04 1.102316e+04 1.110507e+04 1.110024e+04
16.5 1.096938e+04 1.098539e+04 1.111383e+04 1.109781e+04
17.5 1.101216e+04 1.101945e+04 1.113234e+04 1.112505e+04
18.5 1.115043e+04 1.113296e+04 1.110756e+04 1.112504e+04
19.5 1.115236e+04 1.115693e+04 1.112193e+04 1.111736e+04
20.5 1.114384e+04 1.119223e+04 1.112938e+04 1.108099e+04
21.5 1.109361e+04 1.114836e+04 1.111755e+04 1.106280e+04
0.5 1.094259e+04 1.095518e+04 1.111890e+04 1.110632e+04
1.5 1.093507e+04 1.096211e+04 1.113043e+04 1.110338e+04
2.5 1.095745e+04 1.098739e+04 1.110968e+04 1.107974e+04
3.5 1.099477e+04 1.102966e+04 1.111125e+04 1.107636e+04
4.5 1.100416e+04 1.101379e+04 1.109746e+04 1.108782e+04
5.5 1.102642e+04 1.106467e+04 1.118015e+04 1.114190e+04
6.5 1.097619e+04 1.096637e+04 1.114078e+04 1.115059e+04
7.5 1.097828e+04 1.098558e+04 1.111815e+04 1.111084e+04
8.5 1.106655e+04 1.099781e+04 1.115935e+04 1.122808e+04
9.5 1.114339e+04 1.102423e+04 1.108543e+04 1.120459e+04
10.5 1.115679e+04 1.108639e+04 1.112513e+04 1.119552e+04
11.5 1.105946e+04 1.101923e+04 1.109528e+04 1.113551e+04
12.5 1.101833e+04 1.102316e+04 1.110507e+04 1.110024e+04
13.5 1.096938e+04 1.098539e+04 1.111383e+04 1.109781e+04
14.5 1.101216e+04 1.101945e+04 1.113234e+04 1.112505e+04
15.5 1.115043e+04 1.113296e+04 1.110756e+04 1.112504e+04
16.5 1.115236e+04 1.115693e+04 1.112193e+04 1.111736e+04
17.5 1.114384e+04 1.119223e+04 1.112938e+04 1.108099e+04
18.5 1.109361e+04 1.114836e+04 1.111755e+04 1.106280e+04
0.5 1.097828e+04 1.098558e+04 1.111815e+04 1.111084e+04
1.5 1.106655e+04 1.099781e+04 1.115935e+04 1.122808e+04
2.5 1.114339e+04 1.102423e+04 1.108543e+04 1.120459e+04
3.5 1.115679e+04 1.108639e+04 1.112513e+04 1.119552e+04
4.5 1.105946e+04 1.101923e+04 1.109528e+04 1.113551e+04
5.5 1.101833e+04 1.102316e+04 1.110507e+04 1.110024e+04
6.5 1.096938e+04 1.098539e+04 1.111383e+04 1.109781e+04
7.5 1.101216e+04 1.101945e+04 1.113234e+04 1.112505e+04
8.5 1.115043e+04 1.113296e+04 1.110756e+04 1.112504e+04
9.5 1.115236e+04 1.115693e+04 1.112193e+04 1.111736e+04
10.5 1.114384e+04 1.119223e+04 1.112938e+04 1.108099e+04
11.5 1.109361e+04 1.114836e+04 1.111755e+04 1.106280e+04
0.5 1.114339e+04 1.102423e+04 1.108543e+04 1.120459e+04
1.5 1.115679e+04 1.108639e+04 1.112513e+04 1.119552e+04
2.5 1.105946e+04 1.101923e+04 1.109528e+04 1.113551e+04
3.5 1.101833e+04 1.102316e+04 1.110507e+04 1.110024e+04
4.5 1.096938e+04 1.098539e+04 1.111383e+04 1.109781e+04
5.5 1.101216e+04 1.101945e+04 1.113234e+04 1.112505e+04
6.5 1.115043e+04 1.113296e+04 1.110756e+04 1.112504e+04
7.5 1.115236e+04 1.115693e+04 1.112193e+04 1.111736e+04
8.5 1.114384e+04 1.119223e+04 1.112938e+04 1.108099e+04
9.5 1.109361e+04 1.114836e+04 1.111755e+04 1.106280e+04
