0.2 1.416457e+03 1.377775e+03 1.437625e+03 1.476306e+03
1.2 1.417404e+03 1.404085e+03 1.438464e+03 1.451783e+03
2.2 1.376318e+03 1.404829e+03 1.443986e+03 1.415475e+03
3.2 1.361579e+03 1.380507e+03 1.447272e+03 1.428345e+03
4.2 1.357294e+03 1.388373e+03 1.445219e+03 1.414140e+03
5.2 1.451055e+03 1.447191e+03 1.441732e+03 1.445596e+03
6.2 1.514364e+03 1.436415e+03 1.439154e+03 1.517102e+03
7.2 1.457042e+03 1.429756e+03 1.437686e+03 1.464973e+03
8.2 1.495442e+03 1.448218e+03 1.436983e+03 1.484207e+03
9.2 1.505613e+03 1.409189e+03 1.436767e+03 1.533191e+03
10.2 1.339216e+03 1.387482e+03 1.436835e+03 1.388569e+03
11.2 1.530954e+03 1.418522e+03 1.437027e+03 1.549459e+03
12.2 1.416930e+03 1.416974e+03 1.437231e+03 1.437188e+03
13.2 1.470703e+03 1.467686e+03 1.437860e+03 1.440877e+03
14.2 1.487616e+03 1.472431e+03 1.442974e+03 1.458158e+03
15.2 1.506060e+03 1.438668e+03 1.447129e+03 1.514521e+03
16.2 1.398156e+03 1.403211e+03 1.445665e+03 1.440610e+03
17.2 1.450966e+03 1.455735e+03 1.442184e+03 1.437415e+03
18.2 1.364394e+03 1.402456e+03 1.439443e+03 1.401381e+03
19.2 1.385369e+03 1.450156e+03 1.438249e+03 1.373461e+03
20.2 1.483806e+03 1.476820e+03 1.442339e+03 1.449324e+03
1.0 1.470703e+03 1.467686e+03 1.437860e+03 1.440877e+03
2.0 1.487616e+03 1.472431e+03 1.442974e+03 1.458158e+03
3.0 1.506060e+03 1.438668e+03 1.447129e+03 1.514521e+03
4.0 1.398156e+03 1.403211e+03 1.445665e+03 1.440610e+03
5.0 1.450966e+03 1.455735e+03 1.442184e+03 1.437415e+03
6.0 1.364394e+03 1.402456e+03 1.439443e+03 1.401381e+03
7.0 1.385369e+03 1.450156e+03 1.438249e+03 1.373461e+03
8.0 1.483806e+03 1.476820e+03 1.442339e+03 1.449324e+03
9.0 1.526558e+03 1.483287e+03 1.446310e+03 1.489581e+03
10.0 1.504378e+03 1.486071e+03 1.444974e+03 1.463281e+03
11.0 1.457307e+03 1.419824e+03 1.441664e+03 1.479147e+03
12.0 1.375443e+03 1.432103e+03 1.439089e+03 1.382429e+03
13.0 1.421029e+03 1.428902e+03 1.437623e+03 1.429750e+03
14.0 1.393887e+03 1.422938e+03 1.436927e+03 1.407876e+03
15.0 1.457267e+03 1.447869e+03 1.436710e+03 1.446108e+03
16.0 1.617977e+03 1.425084e+03 1.436781e+03 1.629674e+03
17.0 1.457397e+03 1.446166e+03 1.438708e+03 1.449939e+03
18.0 1.393188e+03 1.419529e+03 1.444826e+03 1.418485e+03
19.0 1.508621e+03 1.517105e+03 1.446899e+03 1.438415e+03
20.0 1.547819e+03 1.485785e+03 1.444275e+03 1.506308e+03
21.0 1.416042e+03 1.485773e+03 1.440964e+03 1.371234e+03
1.0 1.385369e+03 1.450156e+03 1.438249e+03 1.373461e+03
2.0 1.483806e+03 1.476820e+03 1.442339e+03 1.449324e+03
3.0 1.526558e+03 1.483287e+03 1.446310e+03 1.489581e+03
4.0 1.504378e+03 1.486071e+03 1.444974e+03 1.463281e+03
5.0 1.457307e+03 1.419824e+03 1.441664e+03 1.479147e+03
6.0 1.375443e+03 1.432103e+03 1.439089e+03 1.382429e+03
7.0 1.421029e+03 1.428902e+03 1.437623e+03 1.429750e+03
8.0 1.393887e+03 1.422938e+03 1.436927e+03 1.407876e+03
9.0 1.457267e+03 1.447869e+03 1.436710e+03 1.446108e+03
10.0 1.617977e+03 1.425084e+03 1.436781e+03 1.629674e+03
11.0 1.457397e+03 1.446166e+03 1.438708e+03 1.449939e+03
12.0 1.393188e+03 1.419529e+03 1.444826e+03 1.418485e+03
13.0 1.508621e+03 1.517105e+03 1.446899e+03 1.438415e+03
14.0 1.547819e+03 1.485785e+03 1.444275e+03 1.506308e+03
15.0 1.416042e+03 1.485773e+03 1.440964e+03 1.371234e+03
16.0 1.406126e+03 1.469606e+03 1.438700e+03 1.375220e+03
17.0 1.409489e+03 1.446379e+03 1.437456e+03 1.400566e+03
18.0 1.575777e+03 1.469574e+03 1.436893e+03 1.543096e+03
19.0 1.446842e+03 1.448266e+03 1.436761e+03 1.435337e+03
20.0 1.423459e+03 1.399855e+03 1.436872e+03 1.460476e+03
21.0 1.497585e+03 1.504551e+03 1.437104e+03 1.430138e+03
0.4 1.617977e+03 1.425084e+03 1.436781e+03 1.629674e+03
1.4 1.457397e+03 1.446166e+03 1.438708e+03 1.449939e+03
2.4 1.393188e+03 1.419529e+03 1.444826e+03 1.418485e+03
3.4 1.508621e+03 1.517105e+03 1.446899e+03 1.438415e+03
4.4 1.547819e+03 1.485785e+03 1.444275e+03 1.506308e+03
5.4 1.416042e+03 1.485773e+03 1.440964e+03 1.371234e+03
6.4 1.406126e+03 1.469606e+03 1.438700e+03 1.375220e+03
7.4 1.409489e+03 1.446379e+03 1.437456e+03 1.400566e+03
8.4 1.575777e+03 1.469574e+03 1.436893e+03 1.543096e+03
9.4 1.446842e+03 1.448266e+03 1.436761e+03 1.435337e+03
10.4 1.423459e+03 1.399855e+03 1.436872e+03 1.460476e+03
11.4 1.497585e+03 1.504551e+03 1.437104e+03 1.430138e+03
12.4 1.489085e+03 1.462498e+03 1.440055e+03 1.466642e+03
13.4 1.370510e+03 1.434906e+03 1.445946e+03 1.381550e+03
14.4 1.395418e+03 1.457480e+03 1.446736e+03 1.384674e+03
15.4 1.489445e+03 1.487865e+03 1.443641e+03 1.445222e+03
16.4 1.511276e+03 1.529025e+03 1.440615e+03 1.422865e+03
17.4 1.447805e+03 1.454433e+03 1.442585e+03 1.435957e+03
18.4 1.510864e+03 1.509683e+03 1.446538e+03 1.447718e+03
19.4 1.451519e+03 1.466380e+03 1.445511e+03 1.430650e+03
20.4 1.483542e+03 1.471069e+03 1.442026e+03 1.454498e+03
0.6 1.497585e+03 1.504551e+03 1.437104e+03 1.430138e+03
1.6 1.489085e+03 1.462498e+03 1.440055e+03 1.466642e+03
2.6 1.370510e+03 1.434906e+03 1.445946e+03 1.381550e+03
3.6 1.395418e+03 1.457480e+03 1.446736e+03 1.384674e+03
4.6 1.489445e+03 1.487865e+03 1.443641e+03 1.445222e+03
5.6 1.511276e+03 1.529025e+03 1.440615e+03 1.422865e+03
6.6 1.447805e+03 1.454433e+03 1.442585e+03 1.435957e+03
7.6 1.510864e+03 1.509683e+03 1.446538e+03 1.447718e+03
8.6 1.451519e+03 1.466380e+03 1.445511e+03 1.430650e+03
9.6 1.483542e+03 1.471069e+03 1.442026e+03 1.454498e+03
10.6 1.411191e+03 1.466119e+03 1.439185e+03 1.384257e+03
11.6 1.430105e+03 1.420912e+03 1.437579e+03 1.446772e+03
12.6 1.456193e+03 1.439784e+03 1.436841e+03 1.453250e+03
13.6 1.482274e+03 1.434843e+03 1.436621e+03 1.484051e+03
14.6 1.496769e+03 1.471191e+03 1.436697e+03 1.462275e+03
15.6 1.494011e+03 1.459560e+03 1.436911e+03 1.471362e+03
16.6 1.461546e+03 1.453468e+03 1.437144e+03 1.445222e+03
17.6 1.482354e+03 1.492131e+03 1.437335e+03 1.427558e+03
18.6 1.492932e+03 1.485590e+03 1.437466e+03 1.444808e+03
19.6 1.462983e+03 1.484451e+03 1.437544e+03 1.416076e+03
20.6 1.487302e+03 1.504531e+03 1.437587e+03 1.420358e+03
0.8 1.511276e+03 1.529025e+03 1.440615e+03 1.422865e+03
1.8 1.447805e+03 1.454433e+03 1.442585e+03 1.435957e+03
2.8 1.510864e+03 1.509683e+03 1.446538e+03 1.447718e+03
3.8 1.451519e+03 1.466380e+03 1.445511e+03 1.430650e+03
4.8 1.483542e+03 1.471069e+03 1.442026e+03 1.454498e+03
5.8 1.411191e+03 1.466119e+03 1.439185e+03 1.384257e+03
6.8 1.430105e+03 1.420912e+03 1.437579e+03 1.446772e+03
7.8 1.456193e+03 1.439784e+03 1.436841e+03 1.453250e+03
8.8 1.482274e+03 1.434843e+03 1.436621e+03 1.484051e+03
9.8 1.496769e+03 1.471191e+03 1.436697e+03 1.462275e+03
10.8 1.494011e+03 1.459560e+03 1.436911e+03 1.471362e+03
11.8 1.461546e+03 1.453468e+03 1.437144e+03 1.445222e+03
12.8 1.482354e+03 1.492131e+03 1.437335e+03 1.427558e+03
13.8 1.492932e+03 1.485590e+03 1.437466e+03 1.444808e+03
14.8 1.462983e+03 1.484451e+03 1.437544e+03 1.416076e+03
15.8 1.487302e+03 1.504531e+03 1.437587e+03 1.420358e+03
16.8 1.429403e+03 1.423745e+03 1.437608e+03 1.443266e+03
17.8 1.490831e+03 1.546963e+03 1.437618e+03 1.381486e+03
18.8 1.448171e+03 1.440129e+03 1.437622e+03 1.445664e+03
19.8 1.455129e+03 1.448924e+03 1.437624e+03 1.443829e+03
20.8 1.505434e+03 1.498928e+03 1.437624e+03 1.444130e+03
0.5 1.522332e+03 1.383446e+03 1.437631e+03 1.576517e+03
1.5 1.429692e+03 1.477924e+03 1.439633e+03 1.391401e+03
2.5 1.399157e+03 1.393336e+03 1.445536e+03 1.451356e+03
3.5 1.399810e+03 1.370085e+03 1.447085e+03 1.476809e+03
4.5 1.411205e+03 1.406261e+03 1.444209e+03 1.449152e+03
5.5 1.329723e+03 1.372725e+03 1.440870e+03 1.397868e+03
6.5 1.378717e+03 1.378466e+03 1.438636e+03 1.438887e+03
7.5 1.382072e+03 1.451285e+03 1.437422e+03 1.368209e+03
8.5 1.488548e+03 1.398162e+03 1.436882e+03 1.527268e+03
9.5 1.526377e+03 1.443294e+03 1.436765e+03 1.519848e+03
10.5 1.356546e+03 1.422689e+03 1.436883e+03 1.370740e+03
11.5 1.432018e+03 1.460453e+03 1.437088e+03 1.408652e+03
12.5 1.515942e+03 1.466707e+03 1.437287e+03 1.486521e+03
13.5 1.467510e+03 1.422355e+03 1.439297e+03 1.484452e+03
14.5 1.414381e+03 1.379757e+03 1.445296e+03 1.479921e+03
15.5 1.490748e+03 1.432180e+03 1.447073e+03 1.505640e+03
16.5 1.402068e+03 1.391374e+03 1.444289e+03 1.454983e+03
17.5 1.423797e+03 1.450890e+03 1.440971e+03 1.413878e+03
18.5 1.451050e+03 1.424665e+03 1.441462e+03 1.467847e+03
19.5 1.361212e+03 1.402143e+03 1.445968e+03 1.405037e+03
20.5 1.431234e+03 1.454542e+03 1.446107e+03 1.422799e+03
0.4 1.515942e+03 1.466707e+03 1.437287e+03 1.486521e+03
1.4 1.467510e+03 1.422355e+03 1.439297e+03 1.484452e+03
2.4 1.414381e+03 1.379757e+03 1.445296e+03 1.479921e+03
3.4 1.490748e+03 1.432180e+03 1.447073e+03 1.505640e+03
4.4 1.402068e+03 1.391374e+03 1.444289e+03 1.454983e+03
5.4 1.423797e+03 1.450890e+03 1.440971e+03 1.413878e+03
6.4 1.451050e+03 1.424665e+03 1.441462e+03 1.467847e+03
7.4 1.361212e+03 1.402143e+03 1.445968e+03 1.405037e+03
8.4 1.431234e+03 1.454542e+03 1.446107e+03 1.422799e+03
9.4 1.421190e+03 1.388182e+03 1.443189e+03 1.476198e+03
10.4 1.465456e+03 1.491465e+03 1.444837e+03 1.418827e+03
11.4 1.448150e+03 1.415196e+03 1.447363e+03 1.480317e+03
12.4 1.403364e+03 1.425452e+03 1.445213e+03 1.423125e+03
13.4 1.488207e+03 1.501548e+03 1.441409e+03 1.428067e+03
14.4 1.454146e+03 1.456431e+03 1.438614e+03 1.436329e+03
15.4 1.590828e+03 1.581217e+03 1.437142e+03 1.446753e+03
16.4 1.469201e+03 1.536977e+03 1.436548e+03 1.368771e+03
17.4 1.500407e+03 1.518371e+03 1.436454e+03 1.418490e+03
18.4 1.487104e+03 1.521264e+03 1.436625e+03 1.402464e+03
19.4 1.431140e+03 1.416352e+03 1.438365e+03 1.453153e+03
20.4 1.576895e+03 1.517778e+03 1.444485e+03 1.503602e+03
0.6 1.423797e+03 1.450890e+03 1.440971e+03 1.413878e+03
1.6 1.451050e+03 1.424665e+03 1.441462e+03 1.467847e+03
2.6 1.361212e+03 1.402143e+03 1.445968e+03 1.405037e+03
3.6 1.431234e+03 1.454542e+03 1.446107e+03 1.422799e+03
4.6 1.421190e+03 1.388182e+03 1.443189e+03 1.476198e+03
5.6 1.465456e+03 1.491465e+03 1.444837e+03 1.418827e+03
6.6 1.448150e+03 1.415196e+03 1.447363e+03 1.480317e+03
7.6 1.403364e+03 1.425452e+03 1.445213e+03 1.423125e+03
8.6 1.488207e+03 1.501548e+03 1.441409e+03 1.428067e+03
9.6 1.454146e+03 1.456431e+03 1.438614e+03 1.436329e+03
10.6 1.590828e+03 1.581217e+03 1.437142e+03 1.446753e+03
11.6 1.469201e+03 1.536977e+03 1.436548e+03 1.368771e+03
12.6 1.500407e+03 1.518371e+03 1.436454e+03 1.418490e+03
13.6 1.487104e+03 1.521264e+03 1.436625e+03 1.402464e+03
14.6 1.431140e+03 1.416352e+03 1.438365e+03 1.453153e+03
15.6 1.576895e+03 1.517778e+03 1.444485e+03 1.503602e+03
16.6 1.486326e+03 1.447834e+03 1.446932e+03 1.485425e+03
17.6 1.460093e+03 1.397217e+03 1.444469e+03 1.507345e+03
18.6 1.633331e+03 1.532089e+03 1.441128e+03 1.542370e+03
19.6 1.407585e+03 1.425067e+03 1.438798e+03 1.421316e+03
20.6 1.430736e+03 1.460033e+03 1.437506e+03 1.408208e+03
1.0 1.421190e+03 1.388182e+03 1.443189e+03 1.476198e+03
2.0 1.465456e+03 1.491465e+03 1.444837e+03 1.418827e+03
3.0 1.448150e+03 1.415196e+03 1.447363e+03 1.480317e+03
4.0 1.403364e+03 1.425452e+03 1.445213e+03 1.423125e+03
5.0 1.488207e+03 1.501548e+03 1.441409e+03 1.428067e+03
6.0 1.454146e+03 1.456431e+03 1.438614e+03 1.436329e+03
7.0 1.590828e+03 1.581217e+03 1.437142e+03 1.446753e+03
8.0 1.469201e+03 1.536977e+03 1.436548e+03 1.368771e+03
9.0 1.500407e+03 1.518371e+03 1.436454e+03 1.418490e+03
10.0 1.487104e+03 1.521264e+03 1.436625e+03 1.402464e+03
11.0 1.431140e+03 1.416352e+03 1.438365e+03 1.453153e+03
12.0 1.576895e+03 1.517778e+03 1.444485e+03 1.503602e+03
13.0 1.486326e+03 1.447834e+03 1.446932e+03 1.485425e+03
14.0 1.460093e+03 1.397217e+03 1.444469e+03 1.507345e+03
15.0 1.633331e+03 1.532089e+03 1.441128e+03 1.542370e+03
16.0 1.407585e+03 1.425067e+03 1.438798e+03 1.421316e+03
17.0 1.430736e+03 1.460033e+03 1.437506e+03 1.408208e+03
18.0 1.545324e+03 1.543859e+03 1.436912e+03 1.438377e+03
19.0 1.403241e+03 1.441345e+03 1.436761e+03 1.398656e+03
20.0 1.547718e+03 1.562472e+03 1.436862e+03 1.422108e+03
21.0 1.408001e+03 1.438787e+03 1.437072e+03 1.406286e+03
0.3 1.487104e+03 1.521264e+03 1.436625e+03 1.402464e+03
1.3 1.431140e+03 1.416352e+03 1.438365e+03 1.453153e+03
2.3 1.576895e+03 1.517778e+03 1.444485e+03 1.503602e+03
3.3 1.486326e+03 1.447834e+03 1.446932e+03 1.485425e+03
4.3 1.460093e+03 1.397217e+03 1.444469e+03 1.507345e+03
5.3 1.633331e+03 1.532089e+03 1.441128e+03 1.542370e+03
6.3 1.407585e+03 1.425067e+03 1.438798e+03 1.421316e+03
7.3 1.430736e+03 1.460033e+03 1.437506e+03 1.408208e+03
8.3 1.545324e+03 1.543859e+03 1.436912e+03 1.438377e+03
9.3 1.403241e+03 1.441345e+03 1.436761e+03 1.398656e+03
10.3 1.547718e+03 1.562472e+03 1.436862e+03 1.422108e+03
11.3 1.408001e+03 1.438787e+03 1.437072e+03 1.406286e+03
12.3 1.421934e+03 1.444504e+03 1.439418e+03 1.416848e+03
13.3 1.526532e+03 1.453204e+03 1.445459e+03 1.518786e+03
14.3 1.348937e+03 1.415012e+03 1.446933e+03 1.380858e+03
15.3 1.451403e+03 1.488939e+03 1.444052e+03 1.406516e+03
16.3 1.334268e+03 1.472747e+03 1.440764e+03 1.302285e+03
17.3 1.341353e+03 1.437365e+03 1.438578e+03 1.342566e+03
18.3 1.423088e+03 1.436094e+03 1.437394e+03 1.424389e+03
19.3 1.342552e+03 1.354383e+03 1.436872e+03 1.425040e+03
20.3 1.397020e+03 1.436621e+03 1.437364e+03 1.397763e+03
0.5 1.408001e+03 1.438787e+03 1.437072e+03 1.406286e+03
1.5 1.421934e+03 1.444504e+03 1.439418e+03 1.416848e+03
2.5 1.526532e+03 1.453204e+03 1.445459e+03 1.518786e+03
3.5 1.348937e+03 1.415012e+03 1.446933e+03 1.380858e+03
4.5 1.451403e+03 1.488939e+03 1.444052e+03 1.406516e+03
5.5 1.334268e+03 1.472747e+03 1.440764e+03 1.302285e+03
6.5 1.341353e+03 1.437365e+03 1.438578e+03 1.342566e+03
7.5 1.423088e+03 1.436094e+03 1.437394e+03 1.424389e+03
8.5 1.342552e+03 1.354383e+03 1.436872e+03 1.425040e+03
9.5 1.397020e+03 1.436621e+03 1.437364e+03 1.397763e+03
10.5 1.381585e+03 1.387749e+03 1.442722e+03 1.436558e+03
11.5 1.354278e+03 1.320075e+03 1.446708e+03 1.480911e+03
12.5 1.443776e+03 1.439328e+03 1.445177e+03 1.449625e+03
13.5 1.386636e+03 1.421466e+03 1.443825e+03 1.408995e+03
14.5 1.339366e+03 1.416841e+03 1.447138e+03 1.369663e+03
15.5 1.529100e+03 1.478861e+03 1.447189e+03 1.497428e+03
16.5 1.410867e+03 1.420831e+03 1.443746e+03 1.433781e+03
17.5 1.464094e+03 1.444549e+03 1.444194e+03 1.463739e+03
18.5 1.522659e+03 1.458594e+03 1.447061e+03 1.511126e+03
19.5 1.436543e+03 1.450092e+03 1.445473e+03 1.431924e+03
20.5 1.605896e+03 1.542128e+03 1.441727e+03 1.505495e+03
0.1 1.342552e+03 1.354383e+03 1.436872e+03 1.425040e+03
1.1 1.397020e+03 1.436621e+03 1.437364e+03 1.397763e+03
2.1 1.381585e+03 1.387749e+03 1.442722e+03 1.436558e+03
3.1 1.354278e+03 1.320075e+03 1.446708e+03 1.480911e+03
4.1 1.443776e+03 1.439328e+03 1.445177e+03 1.449625e+03
5.1 1.386636e+03 1.421466e+03 1.443825e+03 1.408995e+03
6.1 1.339366e+03 1.416841e+03 1.447138e+03 1.369663e+03
7.1 1.529100e+03 1.478861e+03 1.447189e+03 1.497428e+03
8.1 1.410867e+03 1.420831e+03 1.443746e+03 1.433781e+03
9.1 1.464094e+03 1.444549e+03 1.444194e+03 1.463739e+03
10.1 1.522659e+03 1.458594e+03 1.447061e+03 1.511126e+03
11.1 1.436543e+03 1.450092e+03 1.445473e+03 1.431924e+03
12.1 1.605896e+03 1.542128e+03 1.441727e+03 1.505495e+03
13.1 1.507612e+03 1.506697e+03 1.438796e+03 1.439711e+03
14.1 1.506220e+03 1.456803e+03 1.437213e+03 1.486630e+03
15.1 1.556750e+03 1.553687e+03 1.436555e+03 1.439618e+03
16.1 1.505294e+03 1.459254e+03 1.436428e+03 1.482467e+03
17.1 1.417991e+03 1.476000e+03 1.436581e+03 1.378571e+03
18.1 1.538906e+03 1.491489e+03 1.437687e+03 1.485104e+03
19.1 1.527983e+03 1.476094e+03 1.443474e+03 1.495362e+03
20.1 1.484356e+03 1.431970e+03 1.446968e+03 1.499354e+03
0.5 1.443776e+03 1.439328e+03 1.445177e+03 1.449625e+03
1.5 1.386636e+03 1.421466e+03 1.443825e+03 1.408995e+03
2.5 1.339366e+03 1.416841e+03 1.447138e+03 1.369663e+03
3.5 1.529100e+03 1.478861e+03 1.447189e+03 1.497428e+03
4.5 1.410867e+03 1.420831e+03 1.443746e+03 1.433781e+03
5.5 1.464094e+03 1.444549e+03 1.444194e+03 1.463739e+03
6.5 1.522659e+03 1.458594e+03 1.447061e+03 1.511126e+03
7.5 1.436543e+03 1.450092e+03 1.445473e+03 1.431924e+03
8.5 1.605896e+03 1.542128e+03 1.441727e+03 1.505495e+03
9.5 1.507612e+03 1.506697e+03 1.438796e+03 1.439711e+03
10.5 1.506220e+03 1.456803e+03 1.437213e+03 1.486630e+03
11.5 1.556750e+03 1.553687e+03 1.436555e+03 1.439618e+03
12.5 1.505294e+03 1.459254e+03 1.436428e+03 1.482467e+03
13.5 1.417991e+03 1.476000e+03 1.436581e+03 1.378571e+03
14.5 1.538906e+03 1.491489e+03 1.437687e+03 1.485104e+03
15.5 1.527983e+03 1.476094e+03 1.443474e+03 1.495362e+03
16.5 1.484356e+03 1.431970e+03 1.446968e+03 1.499354e+03
17.5 1.519522e+03 1.481281e+03 1.445070e+03 1.483311e+03
18.5 1.467187e+03 1.417869e+03 1.444109e+03 1.493427e+03
19.5 1.449460e+03 1.400164e+03 1.447409e+03 1.496704e+03
20.5 1.410752e+03 1.411408e+03 1.446994e+03 1.446339e+03
0.8 1.410867e+03 1.420831e+03 1.443746e+03 1.433781e+03
1.8 1.464094e+03 1.444549e+03 1.444194e+03 1.463739e+03
2.8 1.522659e+03 1.458594e+03 1.447061e+03 1.511126e+03
3.8 1.436543e+03 1.450092e+03 1.445473e+03 1.431924e+03
4.8 1.605896e+03 1.542128e+03 1.441727e+03 1.505495e+03
5.8 1.507612e+03 1.506697e+03 1.438796e+03 1.439711e+03
6.8 1.506220e+03 1.456803e+03 1.437213e+03 1.486630e+03
7.8 1.556750e+03 1.553687e+03 1.436555e+03 1.439618e+03
8.8 1.505294e+03 1.459254e+03 1.436428e+03 1.482467e+03
9.8 1.417991e+03 1.476000e+03 1.436581e+03 1.378571e+03
10.8 1.538906e+03 1.491489e+03 1.437687e+03 1.485104e+03
11.8 1.527983e+03 1.476094e+03 1.443474e+03 1.495362e+03
12.8 1.484356e+03 1.431970e+03 1.446968e+03 1.499354e+03
13.8 1.519522e+03 1.481281e+03 1.445070e+03 1.483311e+03
14.8 1.467187e+03 1.417869e+03 1.444109e+03 1.493427e+03
15.8 1.449460e+03 1.400164e+03 1.447409e+03 1.496704e+03
16.8 1.410752e+03 1.411408e+03 1.446994e+03 1.446339e+03
17.8 1.361877e+03 1.380018e+03 1.443251e+03 1.425110e+03
18.8 1.405435e+03 1.440302e+03 1.439770e+03 1.404902e+03
19.8 1.424172e+03 1.435147e+03 1.437706e+03 1.426731e+03
20.8 1.379094e+03 1.393138e+03 1.436756e+03 1.422712e+03
0.2 1.417991e+03 1.476000e+03 1.436581e+03 1.378571e+03
1.2 1.538906e+03 1.491489e+03 1.437687e+03 1.485104e+03
2.2 1.527983e+03 1.476094e+03 1.443474e+03 1.495362e+03
3.2 1.484356e+03 1.431970e+03 1.446968e+03 1.499354e+03
4.2 1.519522e+03 1.481281e+03 1.445070e+03 1.483311e+03
5.2 1.467187e+03 1.417869e+03 1.444109e+03 1.493427e+03
6.2 1.449460e+03 1.400164e+03 1.447409e+03 1.496704e+03
7.2 1.410752e+03 1.411408e+03 1.446994e+03 1.446339e+03
8.2 1.361877e+03 1.380018e+03 1.443251e+03 1.425110e+03
9.2 1.405435e+03 1.440302e+03 1.439770e+03 1.404902e+03
10.2 1.424172e+03 1.435147e+03 1.437706e+03 1.426731e+03
11.2 1.379094e+03 1.393138e+03 1.436756e+03 1.422712e+03
12.2 1.456135e+03 1.495154e+03 1.436465e+03 1.397446e+03
13.2 1.464083e+03 1.461717e+03 1.436537e+03 1.438903e+03
14.2 1.435917e+03 1.425640e+03 1.436775e+03 1.447052e+03
15.2 1.519222e+03 1.475021e+03 1.437092e+03 1.481293e+03
16.2 1.505644e+03 1.434912e+03 1.440388e+03 1.511120e+03
17.2 1.426905e+03 1.432195e+03 1.446159e+03 1.440868e+03
18.2 1.447087e+03 1.458670e+03 1.446620e+03 1.435037e+03
19.2 1.431311e+03 1.433285e+03 1.443439e+03 1.441465e+03
20.2 1.448236e+03 1.510895e+03 1.440304e+03 1.377645e+03
0.5 1.519522e+03 1.481281e+03 1.445070e+03 1.483311e+03
1.5 1.467187e+03 1.417869e+03 1.444109e+03 1.493427e+03
2.5 1.449460e+03 1.400164e+03 1.447409e+03 1.496704e+03
3.5 1.410752e+03 1.411408e+03 1.446994e+03 1.446339e+03
4.5 1.361877e+03 1.380018e+03 1.443251e+03 1.425110e+03
5.5 1.405435e+03 1.440302e+03 1.439770e+03 1.404902e+03
6.5 1.424172e+03 1.435147e+03 1.437706e+03 1.426731e+03
7.5 1.379094e+03 1.393138e+03 1.436756e+03 1.422712e+03
8.5 1.456135e+03 1.495154e+03 1.436465e+03 1.397446e+03
9.5 1.464083e+03 1.461717e+03 1.436537e+03 1.438903e+03
10.5 1.435917e+03 1.425640e+03 1.436775e+03 1.447052e+03
11.5 1.519222e+03 1.475021e+03 1.437092e+03 1.481293e+03
12.5 1.505644e+03 1.434912e+03 1.440388e+03 1.511120e+03
13.5 1.426905e+03 1.432195e+03 1.446159e+03 1.440868e+03
14.5 1.447087e+03 1.458670e+03 1.446620e+03 1.435037e+03
15.5 1.431311e+03 1.433285e+03 1.443439e+03 1.441465e+03
16.5 1.448236e+03 1.510895e+03 1.440304e+03 1.377645e+03
17.5 1.411574e+03 1.423326e+03 1.438315e+03 1.426563e+03
18.5 1.409432e+03 1.466593e+03 1.437266e+03 1.380105e+03
19.5 1.431169e+03 1.476870e+03 1.436830e+03 1.391128e+03
20.5 1.435176e+03 1.438404e+03 1.436775e+03 1.433547e+03
0.7 1.519222e+03 1.475021e+03 1.437092e+03 1.481293e+03
1.7 1.505644e+03 1.434912e+03 1.440388e+03 1.511120e+03
2.7 1.426905e+03 1.432195e+03 1.446159e+03 1.440868e+03
3.7 1.447087e+03 1.458670e+03 1.446620e+03 1.435037e+03
4.7 1.431311e+03 1.433285e+03 1.443439e+03 1.441465e+03
5.7 1.448236e+03 1.510895e+03 1.440304e+03 1.377645e+03
6.7 1.411574e+03 1.423326e+03 1.438315e+03 1.426563e+03
7.7 1.409432e+03 1.466593e+03 1.437266e+03 1.380105e+03
8.7 1.431169e+03 1.476870e+03 1.436830e+03 1.391128e+03
9.7 1.435176e+03 1.438404e+03 1.436775e+03 1.433547e+03
10.7 1.389559e+03 1.405187e+03 1.437388e+03 1.421760e+03
11.7 1.381008e+03 1.427280e+03 1.442603e+03 1.396331e+03
12.7 1.468631e+03 1.445276e+03 1.446883e+03 1.470238e+03
13.7 1.313338e+03 1.383439e+03 1.445525e+03 1.375424e+03
14.7 1.451923e+03 1.416388e+03 1.443975e+03 1.479510e+03
15.7 1.480342e+03 1.426629e+03 1.447179e+03 1.500893e+03
16.7 1.477555e+03 1.414543e+03 1.447320e+03 1.510332e+03
17.7 1.270646e+03 1.299614e+03 1.443728e+03 1.414759e+03
18.7 1.287579e+03 1.348183e+03 1.440100e+03 1.379496e+03
19.7 1.317701e+03 1.310079e+03 1.437878e+03 1.445500e+03
20.7 1.334576e+03 1.357149e+03 1.438826e+03 1.416253e+03
1.0 1.389559e+03 1.405187e+03 1.437388e+03 1.421760e+03
2.0 1.381008e+03 1.427280e+03 1.442603e+03 1.396331e+03
3.0 1.468631e+03 1.445276e+03 1.446883e+03 1.470238e+03
4.0 1.313338e+03 1.383439e+03 1.445525e+03 1.375424e+03
5.0 1.451923e+03 1.416388e+03 1.443975e+03 1.479510e+03
6.0 1.480342e+03 1.426629e+03 1.447179e+03 1.500893e+03
7.0 1.477555e+03 1.414543e+03 1.447320e+03 1.510332e+03
8.0 1.270646e+03 1.299614e+03 1.443728e+03 1.414759e+03
9.0 1.287579e+03 1.348183e+03 1.440100e+03 1.379496e+03
10.0 1.317701e+03 1.310079e+03 1.437878e+03 1.445500e+03
11.0 1.334576e+03 1.357149e+03 1.438826e+03 1.416253e+03
12.0 1.195275e+03 1.353716e+03 1.444381e+03 1.285939e+03
13.0 1.180720e+03 1.390098e+03 1.445973e+03 1.236595e+03
14.0 1.506576e+03 1.390606e+03 1.443518e+03 1.559488e+03
15.0 1.475445e+03 1.344414e+03 1.444628e+03 1.575660e+03
16.0 1.568036e+03 1.337614e+03 1.447553e+03 1.677975e+03
17.0 1.376224e+03 1.355407e+03 1.445798e+03 1.466614e+03
18.0 1.201234e+03 1.298890e+03 1.441927e+03 1.344272e+03
19.0 1.311289e+03 1.344835e+03 1.438919e+03 1.405373e+03
20.0 1.361263e+03 1.329403e+03 1.437283e+03 1.469143e+03
21.0 1.318617e+03 1.277347e+03 1.436594e+03 1.477864e+03
0.4 1.313338e+03 1.383439e+03 1.445525e+03 1.375424e+03
1.4 1.451923e+03 1.416388e+03 1.443975e+03 1.479510e+03
2.4 1.480342e+03 1.426629e+03 1.447179e+03 1.500893e+03
3.4 1.477555e+03 1.414543e+03 1.447320e+03 1.510332e+03
4.4 1.270646e+03 1.299614e+03 1.443728e+03 1.414759e+03
5.4 1.287579e+03 1.348183e+03 1.440100e+03 1.379496e+03
6.4 1.317701e+03 1.310079e+03 1.437878e+03 1.445500e+03
7.4 1.334576e+03 1.357149e+03 1.438826e+03 1.416253e+03
8.4 1.195275e+03 1.353716e+03 1.444381e+03 1.285939e+03
9.4 1.180720e+03 1.390098e+03 1.445973e+03 1.236595e+03
10.4 1.506576e+03 1.390606e+03 1.443518e+03 1.559488e+03
11.4 1.475445e+03 1.344414e+03 1.444628e+03 1.575660e+03
12.4 1.568036e+03 1.337614e+03 1.447553e+03 1.677975e+03
13.4 1.376224e+03 1.355407e+03 1.445798e+03 1.466614e+03
14.4 1.201234e+03 1.298890e+03 1.441927e+03 1.344272e+03
15.4 1.311289e+03 1.344835e+03 1.438919e+03 1.405373e+03
16.4 1.361263e+03 1.329403e+03 1.437283e+03 1.469143e+03
17.4 1.318617e+03 1.277347e+03 1.436594e+03 1.477864e+03
18.4 1.343738e+03 1.370814e+03 1.436450e+03 1.409374e+03
19.4 1.399018e+03 1.338623e+03 1.436596e+03 1.496991e+03
20.4 1.307590e+03 1.364111e+03 1.436858e+03 1.380338e+03
0.5 1.317701e+03 1.310079e+03 1.437878e+03 1.445500e+03
1.5 1.334576e+03 1.357149e+03 1.438826e+03 1.416253e+03
2.5 1.195275e+03 1.353716e+03 1.444381e+03 1.285939e+03
3.5 1.180720e+03 1.390098e+03 1.445973e+03 1.236595e+03
4.5 1.506576e+03 1.390606e+03 1.443518e+03 1.559488e+03
5.5 1.475445e+03 1.344414e+03 1.444628e+03 1.575660e+03
6.5 1.568036e+03 1.337614e+03 1.447553e+03 1.677975e+03
7.5 1.376224e+03 1.355407e+03 1.445798e+03 1.466614e+03
8.5 1.201234e+03 1.298890e+03 1.441927e+03 1.344272e+03
9.5 1.311289e+03 1.344835e+03 1.438919e+03 1.405373e+03
10.5 1.361263e+03 1.329403e+03 1.437283e+03 1.469143e+03
11.5 1.318617e+03 1.277347e+03 1.436594e+03 1.477864e+03
12.5 1.343738e+03 1.370814e+03 1.436450e+03 1.409374e+03
13.5 1.399018e+03 1.338623e+03 1.436596e+03 1.496991e+03
14.5 1.307590e+03 1.364111e+03 1.436858e+03 1.380338e+03
15.5 1.454999e+03 1.423702e+03 1.437120e+03 1.468417e+03
16.5 1.509952e+03 1.470314e+03 1.437553e+03 1.477190e+03
17.5 1.556113e+03 1.564561e+03 1.442017e+03 1.433569e+03
18.5 1.615357e+03 1.541489e+03 1.446897e+03 1.520765e+03
19.5 1.501418e+03 1.529403e+03 1.446093e+03 1.418108e+03
20.5 1.539573e+03 1.545673e+03 1.442665e+03 1.436565e+03
0.9 1.506576e+03 1.390606e+03 1.443518e+03 1.559488e+03
1.9 1.475445e+03 1.344414e+03 1.444628e+03 1.575660e+03
2.9 1.568036e+03 1.337614e+03 1.447553e+03 1.677975e+03
3.9 1.376224e+03 1.355407e+03 1.445798e+03 1.466614e+03
4.9 1.201234e+03 1.298890e+03 1.441927e+03 1.344272e+03
5.9 1.311289e+03 1.344835e+03 1.438919e+03 1.405373e+03
6.9 1.361263e+03 1.329403e+03 1.437283e+03 1.469143e+03
7.9 1.318617e+03 1.277347e+03 1.436594e+03 1.477864e+03
8.9 1.343738e+03 1.370814e+03 1.436450e+03 1.409374e+03
9.9 1.399018e+03 1.338623e+03 1.436596e+03 1.496991e+03
10.9 1.307590e+03 1.364111e+03 1.436858e+03 1.380338e+03
11.9 1.454999e+03 1.423702e+03 1.437120e+03 1.468417e+03
12.9 1.509952e+03 1.470314e+03 1.437553e+03 1.477190e+03
13.9 1.556113e+03 1.564561e+03 1.442017e+03 1.433569e+03
14.9 1.615357e+03 1.541489e+03 1.446897e+03 1.520765e+03
15.9 1.501418e+03 1.529403e+03 1.446093e+03 1.418108e+03
16.9 1.539573e+03 1.545673e+03 1.442665e+03 1.436565e+03
17.9 1.525745e+03 1.522640e+03 1.439759e+03 1.442864e+03
18.9 1.526759e+03 1.534034e+03 1.438010e+03 1.430735e+03
19.9 1.572188e+03 1.537282e+03 1.437198e+03 1.472104e+03
20.9 1.570858e+03 1.594974e+03 1.440257e+03 1.416141e+03
0.9 1.509952e+03 1.470314e+03 1.437553e+03 1.477190e+03
1.9 1.556113e+03 1.564561e+03 1.442017e+03 1.433569e+03
2.9 1.615357e+03 1.541489e+03 1.446897e+03 1.520765e+03
3.9 1.501418e+03 1.529403e+03 1.446093e+03 1.418108e+03
4.9 1.539573e+03 1.545673e+03 1.442665e+03 1.436565e+03
5.9 1.525745e+03 1.522640e+03 1.439759e+03 1.442864e+03
6.9 1.526759e+03 1.534034e+03 1.438010e+03 1.430735e+03
7.9 1.572188e+03 1.537282e+03 1.437198e+03 1.472104e+03
8.9 1.570858e+03 1.594974e+03 1.440257e+03 1.416141e+03
9.9 1.602382e+03 1.600332e+03 1.445717e+03 1.447767e+03
10.9 1.575620e+03 1.633871e+03 1.445932e+03 1.387681e+03
11.9 1.594992e+03 1.590137e+03 1.443589e+03 1.448444e+03
12.9 1.574524e+03 1.611066e+03 1.446095e+03 1.409554e+03
13.9 1.563935e+03 1.555158e+03 1.447733e+03 1.456510e+03
14.9 1.557959e+03 1.516383e+03 1.444846e+03 1.486422e+03
15.9 1.622960e+03 1.531302e+03 1.440983e+03 1.532642e+03
16.9 1.527583e+03 1.505436e+03 1.439825e+03 1.461972e+03
17.9 1.585929e+03 1.607263e+03 1.444354e+03 1.423021e+03
18.9 1.497087e+03 1.521642e+03 1.446097e+03 1.421542e+03
19.9 1.533774e+03 1.553244e+03 1.443463e+03 1.423993e+03
20.9 1.485599e+03 1.493438e+03 1.440242e+03 1.432403e+03
0.7 1.572188e+03 1.537282e+03 1.437198e+03 1.472104e+03
1.7 1.570858e+03 1.594974e+03 1.440257e+03 1.416141e+03
2.7 1.602382e+03 1.600332e+03 1.445717e+03 1.447767e+03
3.7 1.575620e+03 1.633871e+03 1.445932e+03 1.387681e+03
4.7 1.594992e+03 1.590137e+03 1.443589e+03 1.448444e+03
5.7 1.574524e+03 1.611066e+03 1.446095e+03 1.409554e+03
6.7 1.563935e+03 1.555158e+03 1.447733e+03 1.456510e+03
7.7 1.557959e+03 1.516383e+03 1.444846e+03 1.486422e+03
8.7 1.622960e+03 1.531302e+03 1.440983e+03 1.532642e+03
9.7 1.527583e+03 1.505436e+03 1.439825e+03 1.461972e+03
10.7 1.585929e+03 1.607263e+03 1.444354e+03 1.423021e+03
11.7 1.497087e+03 1.521642e+03 1.446097e+03 1.421542e+03
12.7 1.533774e+03 1.553244e+03 1.443463e+03 1.423993e+03
13.7 1.485599e+03 1.493438e+03 1.440242e+03 1.432403e+03
14.7 1.567430e+03 1.522365e+03 1.438144e+03 1.483209e+03
15.7 1.536624e+03 1.571100e+03 1.438556e+03 1.404080e+03
16.7 1.538187e+03 1.537615e+03 1.444002e+03 1.444574e+03
17.7 1.563861e+03 1.610572e+03 1.446216e+03 1.399505e+03
18.7 1.533599e+03 1.552096e+03 1.443791e+03 1.425294e+03
19.7 1.525148e+03 1.494564e+03 1.440611e+03 1.471195e+03
20.7 1.459041e+03 1.507971e+03 1.438460e+03 1.389530e+03
0.1 1.575620e+03 1.633871e+03 1.445932e+03 1.387681e+03
1.1 1.594992e+03 1.590137e+03 1.443589e+03 1.448444e+03
2.1 1.574524e+03 1.611066e+03 1.446095e+03 1.409554e+03
3.1 1.563935e+03 1.555158e+03 1.447733e+03 1.456510e+03
4.1 1.557959e+03 1.516383e+03 1.444846e+03 1.486422e+03
5.1 1.622960e+03 1.531302e+03 1.440983e+03 1.532642e+03
6.1 1.527583e+03 1.505436e+03 1.439825e+03 1.461972e+03
7.1 1.585929e+03 1.607263e+03 1.444354e+03 1.423021e+03
8.1 1.497087e+03 1.521642e+03 1.446097e+03 1.421542e+03
9.1 1.533774e+03 1.553244e+03 1.443463e+03 1.423993e+03
10.1 1.485599e+03 1.493438e+03 1.440242e+03 1.432403e+03
11.1 1.567430e+03 1.522365e+03 1.438144e+03 1.483209e+03
12.1 1.536624e+03 1.571100e+03 1.438556e+03 1.404080e+03
13.1 1.538187e+03 1.537615e+03 1.444002e+03 1.444574e+03
14.1 1.563861e+03 1.610572e+03 1.446216e+03 1.399505e+03
15.1 1.533599e+03 1.552096e+03 1.443791e+03 1.425294e+03
16.1 1.525148e+03 1.494564e+03 1.440611e+03 1.471195e+03
17.1 1.459041e+03 1.507971e+03 1.438460e+03 1.389530e+03
18.1 1.439223e+03 1.498693e+03 1.438907e+03 1.379436e+03
19.1 1.512522e+03 1.588494e+03 1.444292e+03 1.368320e+03
20.1 1.469829e+03 1.548781e+03 1.446270e+03 1.367318e+03
0.4 1.622960e+03 1.531302e+03 1.440983e+03 1.532642e+03
1.4 1.527583e+03 1.505436e+03 1.439825e+03 1.461972e+03
2.4 1.585929e+03 1.607263e+03 1.444354e+03 1.423021e+03
3.4 1.497087e+03 1.521642e+03 1.446097e+03 1.421542e+03
4.4 1.533774e+03 1.553244e+03 1.443463e+03 1.423993e+03
5.4 1.485599e+03 1.493438e+03 1.440242e+03 1.432403e+03
6.4 1.567430e+03 1.522365e+03 1.438144e+03 1.483209e+03
7.4 1.536624e+03 1.571100e+03 1.438556e+03 1.404080e+03
8.4 1.538187e+03 1.537615e+03 1.444002e+03 1.444574e+03
9.4 1.563861e+03 1.610572e+03 1.446216e+03 1.399505e+03
10.4 1.533599e+03 1.552096e+03 1.443791e+03 1.425294e+03
11.4 1.525148e+03 1.494564e+03 1.440611e+03 1.471195e+03
12.4 1.459041e+03 1.507971e+03 1.438460e+03 1.389530e+03
13.4 1.439223e+03 1.498693e+03 1.438907e+03 1.379436e+03
14.4 1.512522e+03 1.588494e+03 1.444292e+03 1.368320e+03
15.4 1.469829e+03 1.548781e+03 1.446270e+03 1.367318e+03
16.4 1.568180e+03 1.543877e+03 1.443730e+03 1.468033e+03
17.4 1.518748e+03 1.497738e+03 1.440546e+03 1.461557e+03
18.4 1.482105e+03 1.537851e+03 1.438416e+03 1.382670e+03
19.4 1.487607e+03 1.532977e+03 1.437284e+03 1.391914e+03
20.4 1.503309e+03 1.521879e+03 1.436797e+03 1.418228e+03
0.4 1.567430e+03 1.522365e+03 1.438144e+03 1.483209e+03
1.4 1.536624e+03 1.571100e+03 1.438556e+03 1.404080e+03
2.4 1.538187e+03 1.537615e+03 1.444002e+03 1.444574e+03
3.4 1.563861e+03 1.610572e+03 1.446216e+03 1.399505e+03
4.4 1.533599e+03 1.552096e+03 1.443791e+03 1.425294e+03
5.4 1.525148e+03 1.494564e+03 1.440611e+03 1.471195e+03
6.4 1.459041e+03 1.507971e+03 1.438460e+03 1.389530e+03
7.4 1.439223e+03 1.498693e+03 1.438907e+03 1.379436e+03
8.4 1.512522e+03 1.588494e+03 1.444292e+03 1.368320e+03
9.4 1.469829e+03 1.548781e+03 1.446270e+03 1.367318e+03
10.4 1.568180e+03 1.543877e+03 1.443730e+03 1.468033e+03
11.4 1.518748e+03 1.497738e+03 1.440546e+03 1.461557e+03
12.4 1.482105e+03 1.537851e+03 1.438416e+03 1.382670e+03
13.4 1.487607e+03 1.532977e+03 1.437284e+03 1.391914e+03
14.4 1.503309e+03 1.521879e+03 1.436797e+03 1.418228e+03
15.4 1.541093e+03 1.532180e+03 1.436709e+03 1.445622e+03
16.4 1.566722e+03 1.515046e+03 1.436843e+03 1.488519e+03
17.4 1.540347e+03 1.489178e+03 1.437059e+03 1.488228e+03
18.4 1.582527e+03 1.537851e+03 1.437264e+03 1.481940e+03
19.4 1.460551e+03 1.483460e+03 1.437417e+03 1.414508e+03
20.4 1.546510e+03 1.518250e+03 1.437515e+03 1.465774e+03
0.4 1.459041e+03 1.507971e+03 1.438460e+03 1.389530e+03
1.4 1.439223e+03 1.498693e+03 1.438907e+03 1.379436e+03
2.4 1.512522e+03 1.588494e+03 1.444292e+03 1.368320e+03
3.4 1.469829e+03 1.548781e+03 1.446270e+03 1.367318e+03
4.4 1.568180e+03 1.543877e+03 1.443730e+03 1.468033e+03
5.4 1.518748e+03 1.497738e+03 1.440546e+03 1.461557e+03
6.4 1.482105e+03 1.537851e+03 1.438416e+03 1.382670e+03
7.4 1.487607e+03 1.532977e+03 1.437284e+03 1.391914e+03
8.4 1.503309e+03 1.521879e+03 1.436797e+03 1.418228e+03
9.4 1.541093e+03 1.532180e+03 1.436709e+03 1.445622e+03
10.4 1.566722e+03 1.515046e+03 1.436843e+03 1.488519e+03
11.4 1.540347e+03 1.489178e+03 1.437059e+03 1.488228e+03
12.4 1.582527e+03 1.537851e+03 1.437264e+03 1.481940e+03
13.4 1.460551e+03 1.483460e+03 1.437417e+03 1.414508e+03
14.4 1.546510e+03 1.518250e+03 1.437515e+03 1.465774e+03
15.4 1.540139e+03 1.496613e+03 1.437981e+03 1.481507e+03
16.4 1.542345e+03 1.552024e+03 1.442891e+03 1.433212e+03
17.4 1.521390e+03 1.537230e+03 1.447148e+03 1.431309e+03
18.4 1.442872e+03 1.500031e+03 1.445780e+03 1.388621e+03
19.4 1.473459e+03 1.481865e+03 1.442291e+03 1.433885e+03
20.4 1.457579e+03 1.485638e+03 1.439509e+03 1.411450e+03
1.0 1.540139e+03 1.496613e+03 1.437981e+03 1.481507e+03
2.0 1.542345e+03 1.552024e+03 1.442891e+03 1.433212e+03
3.0 1.521390e+03 1.537230e+03 1.447148e+03 1.431309e+03
4.0 1.442872e+03 1.500031e+03 1.445780e+03 1.388621e+03
5.0 1.473459e+03 1.481865e+03 1.442291e+03 1.433885e+03
6.0 1.457579e+03 1.485638e+03 1.439509e+03 1.411450e+03
7.0 1.389918e+03 1.480257e+03 1.437874e+03 1.347535e+03
8.0 1.481354e+03 1.437229e+03 1.437063e+03 1.481188e+03
9.0 1.472544e+03 1.445113e+03 1.436779e+03 1.464210e+03
10.0 1.510674e+03 1.401379e+03 1.436810e+03 1.546105e+03
11.0 1.516234e+03 1.480208e+03 1.436991e+03 1.473017e+03
12.0 1.522644e+03 1.445276e+03 1.437199e+03 1.514567e+03
13.0 1.479266e+03 1.441839e+03 1.437369e+03 1.474796e+03
14.0 1.549334e+03 1.433742e+03 1.437486e+03 1.553077e+03
15.0 1.440031e+03 1.428272e+03 1.437555e+03 1.449314e+03
16.0 1.399491e+03 1.394096e+03 1.437592e+03 1.442986e+03
17.0 1.422793e+03 1.392301e+03 1.437610e+03 1.468102e+03
18.0 1.475700e+03 1.443000e+03 1.437619e+03 1.470319e+03
19.0 1.397324e+03 1.390868e+03 1.437622e+03 1.444078e+03
20.0 1.366748e+03 1.362835e+03 1.437624e+03 1.441537e+03
21.0 1.409301e+03 1.373512e+03 1.437625e+03 1.473414e+03
0.7 1.292737e+03 1.251020e+03 1.437672e+03 1.479389e+03
1.7 1.301498e+03 1.342241e+03 1.440743e+03 1.400000e+03
2.7 1.327524e+03 1.353941e+03 1.446357e+03 1.419940e+03
3.7 1.342742e+03 1.340659e+03 1.446722e+03 1.448805e+03
4.7 1.353733e+03 1.343914e+03 1.443488e+03 1.453308e+03
5.7 1.302469e+03 1.310200e+03 1.440326e+03 1.432595e+03
6.7 1.359176e+03 1.313761e+03 1.438324e+03 1.483739e+03
