0.2 1.163853e+04 1.160502e+04 1.163107e+04 1.166459e+04
1.2 1.163016e+04 1.158715e+04 1.163069e+04 1.167370e+04
2.2 1.166709e+04 1.163451e+04 1.162818e+04 1.166075e+04
3.2 1.167568e+04 1.166060e+04 1.162668e+04 1.164176e+04
4.2 1.168388e+04 1.164508e+04 1.162761e+04 1.166641e+04
5.2 1.165119e+04 1.162927e+04 1.162920e+04 1.165112e+04
6.2 1.166911e+04 1.164879e+04 1.163038e+04 1.165070e+04
7.2 1.162508e+04 1.164328e+04 1.163105e+04 1.161284e+04
8.2 1.163893e+04 1.163880e+04 1.163137e+04 1.163150e+04
9.2 1.166134e+04 1.165541e+04 1.163146e+04 1.163739e+04
10.2 1.166751e+04 1.167446e+04 1.163143e+04 1.162448e+04
11.2 1.175622e+04 1.170878e+04 1.163056e+04 1.167800e+04
12.2 1.178100e+04 1.173764e+04 1.162778e+04 1.167113e+04
13.2 1.176212e+04 1.172213e+04 1.162684e+04 1.166683e+04
14.2 1.159267e+04 1.166876e+04 1.162796e+04 1.155187e+04
15.2 1.157248e+04 1.164389e+04 1.162764e+04 1.155623e+04
16.2 1.160362e+04 1.165492e+04 1.162638e+04 1.157508e+04
17.2 1.166051e+04 1.166915e+04 1.162720e+04 1.161856e+04
18.2 1.169001e+04 1.170927e+04 1.162901e+04 1.160976e+04
19.2 1.172597e+04 1.175020e+04 1.163043e+04 1.160621e+04
20.2 1.167821e+04 1.170320e+04 1.163121e+04 1.160622e+04
0.4 1.166751e+04 1.167446e+04 1.163143e+04 1.162448e+04
1.4 1.175622e+04 1.170878e+04 1.163056e+04 1.167800e+04
2.4 1.178100e+04 1.173764e+04 1.162778e+04 1.167113e+04
3.4 1.176212e+04 1.172213e+04 1.162684e+04 1.166683e+04
4.4 1.159267e+04 1.166876e+04 1.162796e+04 1.155187e+04
5.4 1.157248e+04 1.164389e+04 1.162764e+04 1.155623e+04
6.4 1.160362e+04 1.165492e+04 1.162638e+04 1.157508e+04
7.4 1.166051e+04 1.166915e+04 1.162720e+04 1.161856e+04
8.4 1.169001e+04 1.170927e+04 1.162901e+04 1.160976e+04
9.4 1.172597e+04 1.175020e+04 1.163043e+04 1.160621e+04
10.4 1.167821e+04 1.170320e+04 1.163121e+04 1.160622e+04
11.4 1.162362e+04 1.166528e+04 1.163154e+04 1.158987e+04
12.4 1.166269e+04 1.163864e+04 1.163161e+04 1.165566e+04
13.4 1.159292e+04 1.161137e+04 1.163155e+04 1.161309e+04
14.4 1.161548e+04 1.165766e+04 1.163143e+04 1.158925e+04
15.4 1.171649e+04 1.167333e+04 1.163131e+04 1.167446e+04
16.4 1.174964e+04 1.172120e+04 1.163121e+04 1.165965e+04
17.4 1.176588e+04 1.172960e+04 1.163115e+04 1.166743e+04
18.4 1.176622e+04 1.175041e+04 1.163111e+04 1.164693e+04
19.4 1.163587e+04 1.166206e+04 1.163109e+04 1.160491e+04
20.4 1.161887e+04 1.161286e+04 1.163061e+04 1.163663e+04
0.8 1.159267e+04 1.166876e+04 1.162796e+04 1.155187e+04
1.8 1.157248e+04 1.164389e+04 1.162764e+04 1.155623e+04
2.8 1.160362e+04 1.165492e+04 1.162638e+04 1.157508e+04
3.8 1.166051e+04 1.166915e+04 1.162720e+04 1.161856e+04
4.8 1.169001e+04 1.170927e+04 1.162901e+04 1.160976e+04
5.8 1.172597e+04 1.175020e+04 1.163043e+04 1.160621e+04
6.8 1.167821e+04 1.170320e+04 1.163121e+04 1.160622e+04
7.8 1.162362e+04 1.166528e+04 1.163154e+04 1.158987e+04
8.8 1.166269e+04 1.163864e+04 1.163161e+04 1.165566e+04
9.8 1.159292e+04 1.161137e+04 1.163155e+04 1.161309e+04
10.8 1.161548e+04 1.165766e+04 1.163143e+04 1.158925e+04
11.8 1.171649e+04 1.167333e+04 1.163131e+04 1.167446e+04
12.8 1.174964e+04 1.172120e+04 1.163121e+04 1.165965e+04
13.8 1.176588e+04 1.172960e+04 1.163115e+04 1.166743e+04
14.8 1.176622e+04 1.175041e+04 1.163111e+04 1.164693e+04
15.8 1.163587e+04 1.166206e+04 1.163109e+04 1.160491e+04
16.8 1.161887e+04 1.161286e+04 1.163061e+04 1.163663e+04
17.8 1.155254e+04 1.157661e+04 1.162802e+04 1.160395e+04
18.8 1.146464e+04 1.152802e+04 1.162668e+04 1.156330e+04
19.8 1.148577e+04 1.152162e+04 1.162770e+04 1.159185e+04
20.8 1.149595e+04 1.149969e+04 1.162928e+04 1.162555e+04
0.2 1.163587e+04 1.166206e+04 1.163109e+04 1.160491e+04
1.2 1.161887e+04 1.161286e+04 1.163061e+04 1.163663e+04
2.2 1.155254e+04 1.157661e+04 1.162802e+04 1.160395e+04
3.2 1.146464e+04 1.152802e+04 1.162668e+04 1.156330e+04
4.2 1.148577e+04 1.152162e+04 1.162770e+04 1.159185e+04
5.2 1.149595e+04 1.149969e+04 1.162928e+04 1.162555e+04
6.2 1.155595e+04 1.152857e+04 1.163043e+04 1.165780e+04
7.2 1.155086e+04 1.153736e+04 1.163107e+04 1.164457e+04
8.2 1.166755e+04 1.160819e+04 1.163138e+04 1.169073e+04
9.2 1.178830e+04 1.169258e+04 1.163139e+04 1.172711e+04
10.2 1.173812e+04 1.172182e+04 1.162952e+04 1.164582e+04
11.2 1.162041e+04 1.165066e+04 1.162713e+04 1.159688e+04
12.2 1.150940e+04 1.156161e+04 1.162730e+04 1.157509e+04
13.2 1.153759e+04 1.158288e+04 1.162831e+04 1.158302e+04
14.2 1.148383e+04 1.156405e+04 1.162704e+04 1.154682e+04
15.2 1.154636e+04 1.156707e+04 1.162650e+04 1.160579e+04
16.2 1.159180e+04 1.158318e+04 1.162793e+04 1.163656e+04
17.2 1.158662e+04 1.159690e+04 1.162967e+04 1.161939e+04
18.2 1.164156e+04 1.163406e+04 1.163081e+04 1.163831e+04
19.2 1.167958e+04 1.167459e+04 1.163138e+04 1.163636e+04
20.2 1.177243e+04 1.172716e+04 1.163159e+04 1.167685e+04
0.8 1.178830e+04 1.169258e+04 1.163139e+04 1.172711e+04
1.8 1.173812e+04 1.172182e+04 1.162952e+04 1.164582e+04
2.8 1.162041e+04 1.165066e+04 1.162713e+04 1.159688e+04
3.8 1.150940e+04 1.156161e+04 1.162730e+04 1.157509e+04
4.8 1.153759e+04 1.158288e+04 1.162831e+04 1.158302e+04
5.8 1.148383e+04 1.156405e+04 1.162704e+04 1.154682e+04
6.8 1.154636e+04 1.156707e+04 1.162650e+04 1.160579e+04
7.8 1.159180e+04 1.158318e+04 1.162793e+04 1.163656e+04
8.8 1.158662e+04 1.159690e+04 1.162967e+04 1.161939e+04
9.8 1.164156e+04 1.163406e+04 1.163081e+04 1.163831e+04
10.8 1.167958e+04 1.167459e+04 1.163138e+04 1.163636e+04
11.8 1.177243e+04 1.172716e+04 1.163159e+04 1.167685e+04
12.8 1.177415e+04 1.174259e+04 1.163159e+04 1.166315e+04
13.8 1.169483e+04 1.169418e+04 1.163150e+04 1.163215e+04
14.8 1.160698e+04 1.161974e+04 1.163138e+04 1.161861e+04
15.8 1.159491e+04 1.159785e+04 1.163126e+04 1.162833e+04
16.8 1.160093e+04 1.159129e+04 1.163067e+04 1.164031e+04
17.8 1.156773e+04 1.157502e+04 1.162800e+04 1.162072e+04
18.8 1.149799e+04 1.152951e+04 1.162671e+04 1.159520e+04
19.8 1.157677e+04 1.153808e+04 1.162776e+04 1.166645e+04
20.8 1.158113e+04 1.154908e+04 1.162933e+04 1.166139e+04
0.2 1.150940e+04 1.156161e+04 1.162730e+04 1.157509e+04
1.2 1.153759e+04 1.158288e+04 1.162831e+04 1.158302e+04
2.2 1.148383e+04 1.156405e+04 1.162704e+04 1.154682e+04
3.2 1.154636e+04 1.156707e+04 1.162650e+04 1.160579e+04
4.2 1.159180e+04 1.158318e+04 1.162793e+04 1.163656e+04
5.2 1.158662e+04 1.159690e+04 1.162967e+04 1.161939e+04
6.2 1.164156e+04 1.163406e+04 1.163081e+04 1.163831e+04
7.2 1.167958e+04 1.167459e+04 1.163138e+04 1.163636e+04
8.2 1.177243e+04 1.172716e+04 1.163159e+04 1.167685e+04
9.2 1.177415e+04 1.174259e+04 1.163159e+04 1.166315e+04
10.2 1.169483e+04 1.169418e+04 1.163150e+04 1.163215e+04
11.2 1.160698e+04 1.161974e+04 1.163138e+04 1.161861e+04
12.2 1.159491e+04 1.159785e+04 1.163126e+04 1.162833e+04
13.2 1.160093e+04 1.159129e+04 1.163067e+04 1.164031e+04
14.2 1.156773e+04 1.157502e+04 1.162800e+04 1.162072e+04
15.2 1.149799e+04 1.152951e+04 1.162671e+04 1.159520e+04
16.2 1.157677e+04 1.153808e+04 1.162776e+04 1.166645e+04
17.2 1.158113e+04 1.154908e+04 1.162933e+04 1.166139e+04
18.2 1.160867e+04 1.157885e+04 1.163045e+04 1.166028e+04
19.2 1.159183e+04 1.157840e+04 1.163057e+04 1.164401e+04
20.2 1.158289e+04 1.158163e+04 1.162825e+04 1.162951e+04
0.3 1.159491e+04 1.159785e+04 1.163126e+04 1.162833e+04
1.3 1.160093e+04 1.159129e+04 1.163067e+04 1.164031e+04
2.3 1.156773e+04 1.157502e+04 1.162800e+04 1.162072e+04
3.3 1.149799e+04 1.152951e+04 1.162671e+04 1.159520e+04
4.3 1.157677e+04 1.153808e+04 1.162776e+04 1.166645e+04
5.3 1.158113e+04 1.154908e+04 1.162933e+04 1.166139e+04
6.3 1.160867e+04 1.157885e+04 1.163045e+04 1.166028e+04
7.3 1.159183e+04 1.157840e+04 1.163057e+04 1.164401e+04
8.3 1.158289e+04 1.158163e+04 1.162825e+04 1.162951e+04
9.3 1.156113e+04 1.159355e+04 1.162707e+04 1.159466e+04
10.3 1.163070e+04 1.162111e+04 1.162809e+04 1.163768e+04
11.3 1.166040e+04 1.163770e+04 1.162825e+04 1.165094e+04
12.3 1.171776e+04 1.166880e+04 1.162669e+04 1.167565e+04
13.3 1.168663e+04 1.166834e+04 1.162701e+04 1.164530e+04
14.3 1.169488e+04 1.169842e+04 1.162872e+04 1.162517e+04
15.3 1.167313e+04 1.169017e+04 1.163023e+04 1.161319e+04
16.3 1.172402e+04 1.173125e+04 1.163109e+04 1.162386e+04
17.3 1.168955e+04 1.172246e+04 1.163023e+04 1.159732e+04
18.3 1.170618e+04 1.174454e+04 1.162772e+04 1.158937e+04
19.3 1.160692e+04 1.173209e+04 1.162736e+04 1.150219e+04
20.3 1.172053e+04 1.175180e+04 1.162869e+04 1.159742e+04
0.3 1.160867e+04 1.157885e+04 1.163045e+04 1.166028e+04
1.3 1.159183e+04 1.157840e+04 1.163057e+04 1.164401e+04
2.3 1.158289e+04 1.158163e+04 1.162825e+04 1.162951e+04
3.3 1.156113e+04 1.159355e+04 1.162707e+04 1.159466e+04
4.3 1.163070e+04 1.162111e+04 1.162809e+04 1.163768e+04
5.3 1.166040e+04 1.163770e+04 1.162825e+04 1.165094e+04
6.3 1.171776e+04 1.166880e+04 1.162669e+04 1.167565e+04
7.3 1.168663e+04 1.166834e+04 1.162701e+04 1.164530e+04
8.3 1.169488e+04 1.169842e+04 1.162872e+04 1.162517e+04
9.3 1.167313e+04 1.169017e+04 1.163023e+04 1.161319e+04
10.3 1.172402e+04 1.173125e+04 1.163109e+04 1.162386e+04
11.3 1.168955e+04 1.172246e+04 1.163023e+04 1.159732e+04
12.3 1.170618e+04 1.174454e+04 1.162772e+04 1.158937e+04
13.3 1.160692e+04 1.173209e+04 1.162736e+04 1.150219e+04
14.3 1.172053e+04 1.175180e+04 1.162869e+04 1.159742e+04
15.3 1.190167e+04 1.181321e+04 1.162996e+04 1.171842e+04
16.3 1.182048e+04 1.183070e+04 1.162896e+04 1.161874e+04
17.3 1.173219e+04 1.170853e+04 1.162710e+04 1.165075e+04
18.3 1.168871e+04 1.165679e+04 1.162752e+04 1.165945e+04
19.3 1.164281e+04 1.160961e+04 1.162909e+04 1.166229e+04
20.3 1.161941e+04 1.156917e+04 1.163016e+04 1.168039e+04
0.6 1.163070e+04 1.162111e+04 1.162809e+04 1.163768e+04
1.6 1.166040e+04 1.163770e+04 1.162825e+04 1.165094e+04
2.6 1.171776e+04 1.166880e+04 1.162669e+04 1.167565e+04
3.6 1.168663e+04 1.166834e+04 1.162701e+04 1.164530e+04
4.6 1.169488e+04 1.169842e+04 1.162872e+04 1.162517e+04
5.6 1.167313e+04 1.169017e+04 1.163023e+04 1.161319e+04
6.6 1.172402e+04 1.173125e+04 1.163109e+04 1.162386e+04
7.6 1.168955e+04 1.172246e+04 1.163023e+04 1.159732e+04
8.6 1.170618e+04 1.174454e+04 1.162772e+04 1.158937e+04
9.6 1.160692e+04 1.173209e+04 1.162736e+04 1.150219e+04
10.6 1.172053e+04 1.175180e+04 1.162869e+04 1.159742e+04
11.6 1.190167e+04 1.181321e+04 1.162996e+04 1.171842e+04
12.6 1.182048e+04 1.183070e+04 1.162896e+04 1.161874e+04
13.6 1.173219e+04 1.170853e+04 1.162710e+04 1.165075e+04
14.6 1.168871e+04 1.165679e+04 1.162752e+04 1.165945e+04
15.6 1.164281e+04 1.160961e+04 1.162909e+04 1.166229e+04
16.6 1.161941e+04 1.156917e+04 1.163016e+04 1.168039e+04
17.6 1.153467e+04 1.155022e+04 1.162860e+04 1.161306e+04
18.6 1.145527e+04 1.149806e+04 1.162707e+04 1.158428e+04
19.6 1.154500e+04 1.151104e+04 1.162786e+04 1.166182e+04
20.6 1.157495e+04 1.155714e+04 1.162941e+04 1.164722e+04
0.6 1.172402e+04 1.173125e+04 1.163109e+04 1.162386e+04
1.6 1.168955e+04 1.172246e+04 1.163023e+04 1.159732e+04
2.6 1.170618e+04 1.174454e+04 1.162772e+04 1.158937e+04
3.6 1.160692e+04 1.173209e+04 1.162736e+04 1.150219e+04
4.6 1.172053e+04 1.175180e+04 1.162869e+04 1.159742e+04
5.6 1.190167e+04 1.181321e+04 1.162996e+04 1.171842e+04
6.6 1.182048e+04 1.183070e+04 1.162896e+04 1.161874e+04
7.6 1.173219e+04 1.170853e+04 1.162710e+04 1.165075e+04
8.6 1.168871e+04 1.165679e+04 1.162752e+04 1.165945e+04
9.6 1.164281e+04 1.160961e+04 1.162909e+04 1.166229e+04
10.6 1.161941e+04 1.156917e+04 1.163016e+04 1.168039e+04
11.6 1.153467e+04 1.155022e+04 1.162860e+04 1.161306e+04
12.6 1.145527e+04 1.149806e+04 1.162707e+04 1.158428e+04
13.6 1.154500e+04 1.151104e+04 1.162786e+04 1.166182e+04
14.6 1.157495e+04 1.155714e+04 1.162941e+04 1.164722e+04
15.6 1.157633e+04 1.157943e+04 1.163010e+04 1.162700e+04
16.6 1.169463e+04 1.164678e+04 1.162814e+04 1.167599e+04
17.6 1.171517e+04 1.169502e+04 1.162707e+04 1.164722e+04
18.6 1.158711e+04 1.159899e+04 1.162816e+04 1.161628e+04
19.6 1.157890e+04 1.154009e+04 1.162969e+04 1.166850e+04
20.6 1.146577e+04 1.146808e+04 1.163073e+04 1.162842e+04
0.8 1.190167e+04 1.181321e+04 1.162996e+04 1.171842e+04
1.8 1.182048e+04 1.183070e+04 1.162896e+04 1.161874e+04
2.8 1.173219e+04 1.170853e+04 1.162710e+04 1.165075e+04
3.8 1.168871e+04 1.165679e+04 1.162752e+04 1.165945e+04
4.8 1.164281e+04 1.160961e+04 1.162909e+04 1.166229e+04
5.8 1.161941e+04 1.156917e+04 1.163016e+04 1.168039e+04
6.8 1.153467e+04 1.155022e+04 1.162860e+04 1.161306e+04
7.8 1.145527e+04 1.149806e+04 1.162707e+04 1.158428e+04
8.8 1.154500e+04 1.151104e+04 1.162786e+04 1.166182e+04
9.8 1.157495e+04 1.155714e+04 1.162941e+04 1.164722e+04
10.8 1.157633e+04 1.157943e+04 1.163010e+04 1.162700e+04
11.8 1.169463e+04 1.164678e+04 1.162814e+04 1.167599e+04
12.8 1.171517e+04 1.169502e+04 1.162707e+04 1.164722e+04
13.8 1.158711e+04 1.159899e+04 1.162816e+04 1.161628e+04
14.8 1.157890e+04 1.154009e+04 1.162969e+04 1.166850e+04
15.8 1.146577e+04 1.146808e+04 1.163073e+04 1.162842e+04
16.8 1.146627e+04 1.147539e+04 1.163127e+04 1.162215e+04
17.8 1.146227e+04 1.150143e+04 1.163149e+04 1.159234e+04
18.8 1.150439e+04 1.156317e+04 1.163153e+04 1.157275e+04
19.8 1.152501e+04 1.161568e+04 1.163146e+04 1.154079e+04
20.8 1.171825e+04 1.170735e+04 1.163136e+04 1.164225e+04
1.0 1.161941e+04 1.156917e+04 1.163016e+04 1.168039e+04
2.0 1.153467e+04 1.155022e+04 1.162860e+04 1.161306e+04
3.0 1.145527e+04 1.149806e+04 1.162707e+04 1.158428e+04
4.0 1.154500e+04 1.151104e+04 1.162786e+04 1.166182e+04
5.0 1.157495e+04 1.155714e+04 1.162941e+04 1.164722e+04
6.0 1.157633e+04 1.157943e+04 1.163010e+04 1.162700e+04
7.0 1.169463e+04 1.164678e+04 1.162814e+04 1.167599e+04
8.0 1.171517e+04 1.169502e+04 1.162707e+04 1.164722e+04
9.0 1.158711e+04 1.159899e+04 1.162816e+04 1.161628e+04
10.0 1.157890e+04 1.154009e+04 1.162969e+04 1.166850e+04
11.0 1.146577e+04 1.146808e+04 1.163073e+04 1.162842e+04
12.0 1.146627e+04 1.147539e+04 1.163127e+04 1.162215e+04
13.0 1.146227e+04 1.150143e+04 1.163149e+04 1.159234e+04
14.0 1.150439e+04 1.156317e+04 1.163153e+04 1.157275e+04
15.0 1.152501e+04 1.161568e+04 1.163146e+04 1.154079e+04
16.0 1.171825e+04 1.170735e+04 1.163136e+04 1.164225e+04
17.0 1.170218e+04 1.173388e+04 1.163125e+04 1.159956e+04
18.0 1.174223e+04 1.164763e+04 1.163118e+04 1.172578e+04
19.0 1.155213e+04 1.156561e+04 1.163113e+04 1.161764e+04
20.0 1.154593e+04 1.158511e+04 1.163110e+04 1.159193e+04
21.0 1.158988e+04 1.158951e+04 1.163108e+04 1.163145e+04
0.2 1.157495e+04 1.155714e+04 1.162941e+04 1.164722e+04
1.2 1.157633e+04 1.157943e+04 1.163010e+04 1.162700e+04
2.2 1.169463e+04 1.164678e+04 1.162814e+04 1.167599e+04
3.2 1.171517e+04 1.169502e+04 1.162707e+04 1.164722e+04
4.2 1.158711e+04 1.159899e+04 1.162816e+04 1.161628e+04
5.2 1.157890e+04 1.154009e+04 1.162969e+04 1.166850e+04
6.2 1.146577e+04 1.146808e+04 1.163073e+04 1.162842e+04
7.2 1.146627e+04 1.147539e+04 1.163127e+04 1.162215e+04
8.2 1.146227e+04 1.150143e+04 1.163149e+04 1.159234e+04
9.2 1.150439e+04 1.156317e+04 1.163153e+04 1.157275e+04
10.2 1.152501e+04 1.161568e+04 1.163146e+04 1.154079e+04
11.2 1.171825e+04 1.170735e+04 1.163136e+04 1.164225e+04
12.2 1.170218e+04 1.173388e+04 1.163125e+04 1.159956e+04
13.2 1.174223e+04 1.164763e+04 1.163118e+04 1.172578e+04
14.2 1.155213e+04 1.156561e+04 1.163113e+04 1.161764e+04
15.2 1.154593e+04 1.158511e+04 1.163110e+04 1.159193e+04
16.2 1.158988e+04 1.158951e+04 1.163108e+04 1.163145e+04
17.2 1.160356e+04 1.162569e+04 1.163023e+04 1.160810e+04
18.2 1.165929e+04 1.163449e+04 1.162753e+04 1.165234e+04
19.2 1.169131e+04 1.167333e+04 1.162675e+04 1.164474e+04
20.2 1.176641e+04 1.172411e+04 1.162803e+04 1.167032e+04
0.4 1.158988e+04 1.158951e+04 1.163108e+04 1.163145e+04
1.4 1.160356e+04 1.162569e+04 1.163023e+04 1.160810e+04
2.4 1.165929e+04 1.163449e+04 1.162753e+04 1.165234e+04
3.4 1.169131e+04 1.167333e+04 1.162675e+04 1.164474e+04
4.4 1.176641e+04 1.172411e+04 1.162803e+04 1.167032e+04
5.4 1.177470e+04 1.174114e+04 1.162956e+04 1.166312e+04
6.4 1.172770e+04 1.170997e+04 1.163059e+04 1.164832e+04
7.4 1.162783e+04 1.164813e+04 1.163116e+04 1.161086e+04
8.4 1.158828e+04 1.161227e+04 1.163141e+04 1.160742e+04
9.4 1.152832e+04 1.158088e+04 1.163147e+04 1.157890e+04
10.4 1.155974e+04 1.160577e+04 1.163141e+04 1.158539e+04
11.4 1.163777e+04 1.164294e+04 1.163132e+04 1.162615e+04
12.4 1.171817e+04 1.168492e+04 1.163123e+04 1.166448e+04
13.4 1.171540e+04 1.169698e+04 1.163116e+04 1.164958e+04
14.4 1.174587e+04 1.170674e+04 1.163112e+04 1.167026e+04
15.4 1.174992e+04 1.171851e+04 1.163110e+04 1.166251e+04
16.4 1.172031e+04 1.175266e+04 1.163108e+04 1.159874e+04
17.4 1.175964e+04 1.174881e+04 1.163108e+04 1.164191e+04
18.4 1.180805e+04 1.180127e+04 1.163107e+04 1.163786e+04
19.4 1.181562e+04 1.182645e+04 1.163040e+04 1.161957e+04
20.4 1.179280e+04 1.181465e+04 1.162773e+04 1.160588e+04
0.3 1.180805e+04 1.180127e+04 1.163107e+04 1.163786e+04
1.3 1.181562e+04 1.182645e+04 1.163040e+04 1.161957e+04
2.3 1.179280e+04 1.181465e+04 1.162773e+04 1.160588e+04
3.3 1.177438e+04 1.181174e+04 1.162671e+04 1.158935e+04
4.3 1.174129e+04 1.177226e+04 1.162789e+04 1.159692e+04
5.3 1.173637e+04 1.179214e+04 1.162944e+04 1.157368e+04
6.3 1.174962e+04 1.179812e+04 1.163052e+04 1.158202e+04
7.3 1.173069e+04 1.178533e+04 1.163112e+04 1.157648e+04
8.3 1.174620e+04 1.173330e+04 1.163140e+04 1.164430e+04
9.3 1.175260e+04 1.171775e+04 1.163147e+04 1.166631e+04
10.3 1.168514e+04 1.170278e+04 1.163142e+04 1.161378e+04
11.3 1.166239e+04 1.164805e+04 1.163133e+04 1.164566e+04
12.3 1.165658e+04 1.166041e+04 1.163124e+04 1.162740e+04
13.3 1.172050e+04 1.171499e+04 1.163055e+04 1.163606e+04
14.3 1.170934e+04 1.169093e+04 1.162785e+04 1.164626e+04
15.3 1.168111e+04 1.164355e+04 1.162672e+04 1.166428e+04
16.3 1.164609e+04 1.161464e+04 1.162785e+04 1.165931e+04
17.3 1.166380e+04 1.161175e+04 1.162941e+04 1.168146e+04
18.3 1.162186e+04 1.162852e+04 1.163050e+04 1.162385e+04
19.3 1.167203e+04 1.163392e+04 1.163111e+04 1.166923e+04
20.3 1.167850e+04 1.166671e+04 1.163139e+04 1.164318e+04
0.3 1.165658e+04 1.166041e+04 1.163124e+04 1.162740e+04
1.3 1.172050e+04 1.171499e+04 1.163055e+04 1.163606e+04
2.3 1.170934e+04 1.169093e+04 1.162785e+04 1.164626e+04
3.3 1.168111e+04 1.164355e+04 1.162672e+04 1.166428e+04
4.3 1.164609e+04 1.161464e+04 1.162785e+04 1.165931e+04
5.3 1.166380e+04 1.161175e+04 1.162941e+04 1.168146e+04
6.3 1.162186e+04 1.162852e+04 1.163050e+04 1.162385e+04
7.3 1.167203e+04 1.163392e+04 1.163111e+04 1.166923e+04
8.3 1.167850e+04 1.166671e+04 1.163139e+04 1.164318e+04
9.3 1.171976e+04 1.171010e+04 1.163136e+04 1.164102e+04
10.3 1.170205e+04 1.165359e+04 1.162935e+04 1.167781e+04
11.3 1.158226e+04 1.154578e+04 1.162707e+04 1.166354e+04
12.3 1.147893e+04 1.145887e+04 1.162737e+04 1.164742e+04
13.3 1.144220e+04 1.142152e+04 1.162887e+04 1.164955e+04
14.3 1.143576e+04 1.144969e+04 1.163015e+04 1.161622e+04
15.3 1.142914e+04 1.145087e+04 1.163092e+04 1.160919e+04
16.3 1.146722e+04 1.146009e+04 1.163131e+04 1.163844e+04
17.3 1.151366e+04 1.151693e+04 1.163146e+04 1.162818e+04
18.3 1.151048e+04 1.154810e+04 1.163145e+04 1.159384e+04
19.3 1.154767e+04 1.156347e+04 1.163137e+04 1.161558e+04
20.3 1.157751e+04 1.158510e+04 1.163128e+04 1.162369e+04
0.9 1.171976e+04 1.171010e+04 1.163136e+04 1.164102e+04
1.9 1.170205e+04 1.165359e+04 1.162935e+04 1.167781e+04
2.9 1.158226e+04 1.154578e+04 1.162707e+04 1.166354e+04
3.9 1.147893e+04 1.145887e+04 1.162737e+04 1.164742e+04
4.9 1.144220e+04 1.142152e+04 1.162887e+04 1.164955e+04
5.9 1.143576e+04 1.144969e+04 1.163015e+04 1.161622e+04
6.9 1.142914e+04 1.145087e+04 1.163092e+04 1.160919e+04
7.9 1.146722e+04 1.146009e+04 1.163131e+04 1.163844e+04
8.9 1.151366e+04 1.151693e+04 1.163146e+04 1.162818e+04
9.9 1.151048e+04 1.154810e+04 1.163145e+04 1.159384e+04
10.9 1.154767e+04 1.156347e+04 1.163137e+04 1.161558e+04
11.9 1.157751e+04 1.158510e+04 1.163128e+04 1.162369e+04
12.9 1.158620e+04 1.162098e+04 1.163120e+04 1.159642e+04
13.9 1.168054e+04 1.164310e+04 1.163114e+04 1.166858e+04
14.9 1.163972e+04 1.166866e+04 1.163111e+04 1.160218e+04
15.9 1.165811e+04 1.169542e+04 1.163109e+04 1.159378e+04
16.9 1.169460e+04 1.168794e+04 1.163066e+04 1.163731e+04
17.9 1.170804e+04 1.169025e+04 1.162810e+04 1.164589e+04
18.9 1.173286e+04 1.168198e+04 1.162668e+04 1.167756e+04
19.9 1.164924e+04 1.165436e+04 1.162766e+04 1.162254e+04
20.9 1.168943e+04 1.166289e+04 1.162924e+04 1.165578e+04
0.2 1.165811e+04 1.169542e+04 1.163109e+04 1.159378e+04
1.2 1.169460e+04 1.168794e+04 1.163066e+04 1.163731e+04
2.2 1.170804e+04 1.169025e+04 1.162810e+04 1.164589e+04
3.2 1.173286e+04 1.168198e+04 1.162668e+04 1.167756e+04
4.2 1.164924e+04 1.165436e+04 1.162766e+04 1.162254e+04
5.2 1.168943e+04 1.166289e+04 1.162924e+04 1.165578e+04
6.2 1.167878e+04 1.166416e+04 1.163040e+04 1.164502e+04
7.2 1.169338e+04 1.168995e+04 1.163106e+04 1.163449e+04
8.2 1.176552e+04 1.170465e+04 1.163137e+04 1.169224e+04
9.2 1.168630e+04 1.170166e+04 1.163146e+04 1.161611e+04
10.2 1.163622e+04 1.162367e+04 1.163143e+04 1.164398e+04
11.2 1.150064e+04 1.156992e+04 1.163134e+04 1.156206e+04
12.2 1.150602e+04 1.154241e+04 1.163125e+04 1.159486e+04
13.2 1.145160e+04 1.152211e+04 1.163118e+04 1.156066e+04
14.2 1.149485e+04 1.153595e+04 1.163113e+04 1.159003e+04
15.2 1.154230e+04 1.155392e+04 1.163107e+04 1.161945e+04
16.2 1.150919e+04 1.156244e+04 1.162951e+04 1.157626e+04
17.2 1.154467e+04 1.158388e+04 1.162702e+04 1.158781e+04
18.2 1.155297e+04 1.156129e+04 1.162699e+04 1.161868e+04
19.2 1.159213e+04 1.157438e+04 1.162850e+04 1.164624e+04
20.2 1.161524e+04 1.160062e+04 1.162991e+04 1.164454e+04
0.7 1.154230e+04 1.155392e+04 1.163107e+04 1.161945e+04
1.7 1.150919e+04 1.156244e+04 1.162951e+04 1.157626e+04
2.7 1.154467e+04 1.158388e+04 1.162702e+04 1.158781e+04
3.7 1.155297e+04 1.156129e+04 1.162699e+04 1.161868e+04
4.7 1.159213e+04 1.157438e+04 1.162850e+04 1.164624e+04
5.7 1.161524e+04 1.160062e+04 1.162991e+04 1.164454e+04
6.7 1.170671e+04 1.164290e+04 1.163079e+04 1.169461e+04
7.7 1.167611e+04 1.167531e+04 1.163125e+04 1.163204e+04
8.7 1.163272e+04 1.169454e+04 1.163144e+04 1.156962e+04
9.7 1.168311e+04 1.166489e+04 1.163146e+04 1.164969e+04
10.7 1.167983e+04 1.166841e+04 1.163139e+04 1.164281e+04
11.7 1.169888e+04 1.167100e+04 1.163129e+04 1.165917e+04
12.7 1.169875e+04 1.167118e+04 1.163119e+04 1.165876e+04
13.7 1.172084e+04 1.170178e+04 1.162973e+04 1.164879e+04
14.7 1.169258e+04 1.167899e+04 1.162713e+04 1.164072e+04
15.7 1.167412e+04 1.167758e+04 1.162695e+04 1.162349e+04
16.7 1.169590e+04 1.171631e+04 1.162841e+04 1.160801e+04
17.7 1.168114e+04 1.174121e+04 1.162985e+04 1.156978e+04
18.7 1.181298e+04 1.183263e+04 1.163076e+04 1.161110e+04
19.7 1.184688e+04 1.185557e+04 1.163124e+04 1.162254e+04
20.7 1.180027e+04 1.180415e+04 1.163144e+04 1.162755e+04
0.7 1.169875e+04 1.167118e+04 1.163119e+04 1.165876e+04
1.7 1.172084e+04 1.170178e+04 1.162973e+04 1.164879e+04
2.7 1.169258e+04 1.167899e+04 1.162713e+04 1.164072e+04
3.7 1.167412e+04 1.167758e+04 1.162695e+04 1.162349e+04
4.7 1.169590e+04 1.171631e+04 1.162841e+04 1.160801e+04
5.7 1.168114e+04 1.174121e+04 1.162985e+04 1.156978e+04
6.7 1.181298e+04 1.183263e+04 1.163076e+04 1.161110e+04
7.7 1.184688e+04 1.185557e+04 1.163124e+04 1.162254e+04
8.7 1.180027e+04 1.180415e+04 1.163144e+04 1.162755e+04
9.7 1.178551e+04 1.169347e+04 1.163146e+04 1.172350e+04
10.7 1.170207e+04 1.167847e+04 1.163139e+04 1.165499e+04
11.7 1.165899e+04 1.164102e+04 1.163130e+04 1.164927e+04
12.7 1.164749e+04 1.165980e+04 1.163121e+04 1.161890e+04
13.7 1.168974e+04 1.164619e+04 1.163115e+04 1.167470e+04
14.7 1.169370e+04 1.168465e+04 1.163111e+04 1.164017e+04
15.7 1.169353e+04 1.167034e+04 1.163109e+04 1.165428e+04
16.7 1.172390e+04 1.172757e+04 1.163108e+04 1.162741e+04
17.7 1.177553e+04 1.173705e+04 1.163108e+04 1.166956e+04
18.7 1.172336e+04 1.173256e+04 1.163108e+04 1.162188e+04
19.7 1.172551e+04 1.175353e+04 1.163107e+04 1.160306e+04
20.7 1.168385e+04 1.169545e+04 1.163107e+04 1.161947e+04
0.1 1.166320e+04 1.164997e+04 1.163107e+04 1.164430e+04
1.1 1.170625e+04 1.164758e+04 1.163080e+04 1.168948e+04
2.1 1.163072e+04 1.162494e+04 1.162842e+04 1.163420e+04
3.1 1.167313e+04 1.166261e+04 1.162669e+04 1.163722e+04
4.1 1.168369e+04 1.168272e+04 1.162748e+04 1.162846e+04
5.1 1.171000e+04 1.172857e+04 1.162908e+04 1.161050e+04
6.1 1.175077e+04 1.181057e+04 1.163030e+04 1.157049e+04
7.1 1.180589e+04 1.179584e+04 1.163100e+04 1.164106e+04
8.1 1.174474e+04 1.184941e+04 1.163135e+04 1.152668e+04
9.1 1.179868e+04 1.182451e+04 1.163146e+04 1.160563e+04
10.1 1.170792e+04 1.181749e+04 1.163144e+04 1.152187e+04
11.1 1.181089e+04 1.182400e+04 1.163135e+04 1.161825e+04
12.1 1.175153e+04 1.177105e+04 1.163064e+04 1.161112e+04
13.1 1.176109e+04 1.177068e+04 1.162791e+04 1.161833e+04
14.1 1.172991e+04 1.172311e+04 1.162676e+04 1.163356e+04
15.1 1.173550e+04 1.170563e+04 1.162787e+04 1.165774e+04
16.1 1.173835e+04 1.171238e+04 1.162942e+04 1.165539e+04
17.1 1.174016e+04 1.171060e+04 1.163051e+04 1.166006e+04
18.1 1.179490e+04 1.172503e+04 1.163111e+04 1.170098e+04
19.1 1.166758e+04 1.166503e+04 1.163139e+04 1.163395e+04
20.1 1.165382e+04 1.165278e+04 1.163147e+04 1.163250e+04
0.3 1.181089e+04 1.182400e+04 1.163135e+04 1.161825e+04
1.3 1.175153e+04 1.177105e+04 1.163064e+04 1.161112e+04
2.3 1.176109e+04 1.177068e+04 1.162791e+04 1.161833e+04
3.3 1.172991e+04 1.172311e+04 1.162676e+04 1.163356e+04
4.3 1.173550e+04 1.170563e+04 1.162787e+04 1.165774e+04
5.3 1.173835e+04 1.171238e+04 1.162942e+04 1.165539e+04
6.3 1.174016e+04 1.171060e+04 1.163051e+04 1.166006e+04
7.3 1.179490e+04 1.172503e+04 1.163111e+04 1.170098e+04
8.3 1.166758e+04 1.166503e+04 1.163139e+04 1.163395e+04
9.3 1.165382e+04 1.165278e+04 1.163147e+04 1.163250e+04
10.3 1.159462e+04 1.161728e+04 1.163142e+04 1.160876e+04
11.3 1.168105e+04 1.162734e+04 1.163133e+04 1.168504e+04
12.3 1.166326e+04 1.163386e+04 1.163124e+04 1.166064e+04
13.3 1.159978e+04 1.165570e+04 1.163117e+04 1.157525e+04
14.3 1.160803e+04 1.161922e+04 1.163112e+04 1.161993e+04
15.3 1.161350e+04 1.159927e+04 1.163110e+04 1.164533e+04
16.3 1.158654e+04 1.159699e+04 1.163109e+04 1.162063e+04
17.3 1.161225e+04 1.155386e+04 1.163108e+04 1.168947e+04
18.3 1.157818e+04 1.153986e+04 1.163108e+04 1.166939e+04
19.3 1.154075e+04 1.153830e+04 1.163107e+04 1.163352e+04
20.3 1.152856e+04 1.149403e+04 1.163107e+04 1.166561e+04
0.4 1.154441e+04 1.149615e+04 1.163107e+04 1.167934e+04
1.4 1.151814e+04 1.149914e+04 1.163034e+04 1.164934e+04
2.4 1.152328e+04 1.151010e+04 1.162766e+04 1.164084e+04
3.4 1.154376e+04 1.152874e+04 1.162672e+04 1.164173e+04
4.4 1.147714e+04 1.151417e+04 1.162793e+04 1.159090e+04
5.4 1.149167e+04 1.152329e+04 1.162947e+04 1.159786e+04
6.4 1.147236e+04 1.153150e+04 1.162935e+04 1.157022e+04
7.4 1.144198e+04 1.150058e+04 1.162730e+04 1.156869e+04
8.4 1.151140e+04 1.149501e+04 1.162718e+04 1.164357e+04
9.4 1.152180e+04 1.151416e+04 1.162865e+04 1.163629e+04
10.4 1.157602e+04 1.154332e+04 1.163008e+04 1.166279e+04
11.4 1.145647e+04 1.150333e+04 1.163095e+04 1.158409e+04
12.4 1.149321e+04 1.147974e+04 1.163137e+04 1.164483e+04
13.4 1.149466e+04 1.149094e+04 1.163152e+04 1.163524e+04
14.4 1.148168e+04 1.149734e+04 1.163109e+04 1.161542e+04
15.4 1.148556e+04 1.148247e+04 1.162845e+04 1.163154e+04
16.4 1.149139e+04 1.149155e+04 1.162692e+04 1.162677e+04
17.4 1.150739e+04 1.151067e+04 1.162781e+04 1.162453e+04
18.4 1.155258e+04 1.152771e+04 1.162933e+04 1.165420e+04
19.4 1.150402e+04 1.156133e+04 1.162960e+04 1.157229e+04
20.4 1.153582e+04 1.154013e+04 1.162754e+04 1.162322e+04
0.6 1.149167e+04 1.152329e+04 1.162947e+04 1.159786e+04
1.6 1.147236e+04 1.153150e+04 1.162935e+04 1.157022e+04
2.6 1.144198e+04 1.150058e+04 1.162730e+04 1.156869e+04
3.6 1.151140e+04 1.149501e+04 1.162718e+04 1.164357e+04
4.6 1.152180e+04 1.151416e+04 1.162865e+04 1.163629e+04
5.6 1.157602e+04 1.154332e+04 1.163008e+04 1.166279e+04
6.6 1.145647e+04 1.150333e+04 1.163095e+04 1.158409e+04
7.6 1.149321e+04 1.147974e+04 1.163137e+04 1.164483e+04
8.6 1.149466e+04 1.149094e+04 1.163152e+04 1.163524e+04
9.6 1.148168e+04 1.149734e+04 1.163109e+04 1.161542e+04
10.6 1.148556e+04 1.148247e+04 1.162845e+04 1.163154e+04
11.6 1.149139e+04 1.149155e+04 1.162692e+04 1.162677e+04
12.6 1.150739e+04 1.151067e+04 1.162781e+04 1.162453e+04
13.6 1.155258e+04 1.152771e+04 1.162933e+04 1.165420e+04
14.6 1.150402e+04 1.156133e+04 1.162960e+04 1.157229e+04
15.6 1.153582e+04 1.154013e+04 1.162754e+04 1.162322e+04
16.6 1.157854e+04 1.156068e+04 1.162705e+04 1.164491e+04
17.6 1.147749e+04 1.151116e+04 1.162835e+04 1.159468e+04
18.6 1.146537e+04 1.148906e+04 1.162801e+04 1.160432e+04
19.6 1.148522e+04 1.151301e+04 1.162666e+04 1.159886e+04
20.6 1.155597e+04 1.152332e+04 1.162738e+04 1.166004e+04
0.2 1.149466e+04 1.149094e+04 1.163152e+04 1.163524e+04
1.2 1.148168e+04 1.149734e+04 1.163109e+04 1.161542e+04
2.2 1.148556e+04 1.148247e+04 1.162845e+04 1.163154e+04
3.2 1.149139e+04 1.149155e+04 1.162692e+04 1.162677e+04
4.2 1.150739e+04 1.151067e+04 1.162781e+04 1.162453e+04
5.2 1.155258e+04 1.152771e+04 1.162933e+04 1.165420e+04
6.2 1.150402e+04 1.156133e+04 1.162960e+04 1.157229e+04
7.2 1.153582e+04 1.154013e+04 1.162754e+04 1.162322e+04
8.2 1.157854e+04 1.156068e+04 1.162705e+04 1.164491e+04
9.2 1.147749e+04 1.151116e+04 1.162835e+04 1.159468e+04
10.2 1.146537e+04 1.148906e+04 1.162801e+04 1.160432e+04
11.2 1.148522e+04 1.151301e+04 1.162666e+04 1.159886e+04
12.2 1.155597e+04 1.152332e+04 1.162738e+04 1.166004e+04
13.2 1.153576e+04 1.153490e+04 1.162865e+04 1.162951e+04
14.2 1.154779e+04 1.153816e+04 1.162743e+04 1.163706e+04
15.2 1.156517e+04 1.155399e+04 1.162684e+04 1.163802e+04
16.2 1.151307e+04 1.151509e+04 1.162815e+04 1.162613e+04
17.2 1.149649e+04 1.151016e+04 1.162840e+04 1.161473e+04
18.2 1.153712e+04 1.153312e+04 1.162692e+04 1.163093e+04
19.2 1.149621e+04 1.153458e+04 1.162728e+04 1.158891e+04
20.2 1.151954e+04 1.152285e+04 1.162894e+04 1.162563e+04
0.4 1.155258e+04 1.152771e+04 1.162933e+04 1.165420e+04
1.4 1.150402e+04 1.156133e+04 1.162960e+04 1.157229e+04
2.4 1.153582e+04 1.154013e+04 1.162754e+04 1.162322e+04
3.4 1.157854e+04 1.156068e+04 1.162705e+04 1.164491e+04
4.4 1.147749e+04 1.151116e+04 1.162835e+04 1.159468e+04
5.4 1.146537e+04 1.148906e+04 1.162801e+04 1.160432e+04
6.4 1.148522e+04 1.151301e+04 1.162666e+04 1.159886e+04
7.4 1.155597e+04 1.152332e+04 1.162738e+04 1.166004e+04
8.4 1.153576e+04 1.153490e+04 1.162865e+04 1.162951e+04
9.4 1.154779e+04 1.153816e+04 1.162743e+04 1.163706e+04
10.4 1.156517e+04 1.155399e+04 1.162684e+04 1.163802e+04
11.4 1.151307e+04 1.151509e+04 1.162815e+04 1.162613e+04
12.4 1.149649e+04 1.151016e+04 1.162840e+04 1.161473e+04
13.4 1.153712e+04 1.153312e+04 1.162692e+04 1.163093e+04
14.4 1.149621e+04 1.153458e+04 1.162728e+04 1.158891e+04
15.4 1.151954e+04 1.152285e+04 1.162894e+04 1.162563e+04
16.4 1.158037e+04 1.157481e+04 1.163037e+04 1.163593e+04
17.4 1.150548e+04 1.151894e+04 1.163116e+04 1.161771e+04
18.4 1.156457e+04 1.151467e+04 1.163012e+04 1.168002e+04
19.4 1.164447e+04 1.158244e+04 1.162765e+04 1.168968e+04
20.4 1.170772e+04 1.158623e+04 1.162743e+04 1.174892e+04
0.8 1.147749e+04 1.151116e+04 1.162835e+04 1.159468e+04
1.8 1.146537e+04 1.148906e+04 1.162801e+04 1.160432e+04
2.8 1.148522e+04 1.151301e+04 1.162666e+04 1.159886e+04
3.8 1.155597e+04 1.152332e+04 1.162738e+04 1.166004e+04
4.8 1.153576e+04 1.153490e+04 1.162865e+04 1.162951e+04
5.8 1.154779e+04 1.153816e+04 1.162743e+04 1.163706e+04
6.8 1.156517e+04 1.155399e+04 1.162684e+04 1.163802e+04
7.8 1.151307e+04 1.151509e+04 1.162815e+04 1.162613e+04
8.8 1.149649e+04 1.151016e+04 1.162840e+04 1.161473e+04
9.8 1.153712e+04 1.153312e+04 1.162692e+04 1.163093e+04
10.8 1.149621e+04 1.153458e+04 1.162728e+04 1.158891e+04
11.8 1.151954e+04 1.152285e+04 1.162894e+04 1.162563e+04
12.8 1.158037e+04 1.157481e+04 1.163037e+04 1.163593e+04
13.8 1.150548e+04 1.151894e+04 1.163116e+04 1.161771e+04
14.8 1.156457e+04 1.151467e+04 1.163012e+04 1.168002e+04
15.8 1.164447e+04 1.158244e+04 1.162765e+04 1.168968e+04
16.8 1.170772e+04 1.158623e+04 1.162743e+04 1.174892e+04
17.8 1.170938e+04 1.164098e+04 1.162878e+04 1.169718e+04
18.8 1.157739e+04 1.156062e+04 1.163010e+04 1.164686e+04
19.8 1.157309e+04 1.155226e+04 1.163091e+04 1.165174e+04
20.8 1.155617e+04 1.154426e+04 1.163132e+04 1.164323e+04
0.2 1.155597e+04 1.152332e+04 1.162738e+04 1.166004e+04
1.2 1.153576e+04 1.153490e+04 1.162865e+04 1.162951e+04
2.2 1.154779e+04 1.153816e+04 1.162743e+04 1.163706e+04
3.2 1.156517e+04 1.155399e+04 1.162684e+04 1.163802e+04
4.2 1.151307e+04 1.151509e+04 1.162815e+04 1.162613e+04
5.2 1.149649e+04 1.151016e+04 1.162840e+04 1.161473e+04
6.2 1.153712e+04 1.153312e+04 1.162692e+04 1.163093e+04
7.2 1.149621e+04 1.153458e+04 1.162728e+04 1.158891e+04
8.2 1.151954e+04 1.152285e+04 1.162894e+04 1.162563e+04
9.2 1.158037e+04 1.157481e+04 1.163037e+04 1.163593e+04
10.2 1.150548e+04 1.151894e+04 1.163116e+04 1.161771e+04
11.2 1.156457e+04 1.151467e+04 1.163012e+04 1.168002e+04
12.2 1.164447e+04 1.158244e+04 1.162765e+04 1.168968e+04
13.2 1.170772e+04 1.158623e+04 1.162743e+04 1.174892e+04
14.2 1.170938e+04 1.164098e+04 1.162878e+04 1.169718e+04
15.2 1.157739e+04 1.156062e+04 1.163010e+04 1.164686e+04
16.2 1.157309e+04 1.155226e+04 1.163091e+04 1.165174e+04
17.2 1.155617e+04 1.154426e+04 1.163132e+04 1.164323e+04
18.2 1.150233e+04 1.154507e+04 1.163148e+04 1.158874e+04
19.2 1.163549e+04 1.163468e+04 1.163148e+04 1.163229e+04
20.2 1.165317e+04 1.165225e+04 1.163140e+04 1.163232e+04
0.7 1.151307e+04 1.151509e+04 1.162815e+04 1.162613e+04
1.7 1.149649e+04 1.151016e+04 1.162840e+04 1.161473e+04
2.7 1.153712e+04 1.153312e+04 1.162692e+04 1.163093e+04
3.7 1.149621e+04 1.153458e+04 1.162728e+04 1.158891e+04
4.7 1.151954e+04 1.152285e+04 1.162894e+04 1.162563e+04
5.7 1.158037e+04 1.157481e+04 1.163037e+04 1.163593e+04
6.7 1.150548e+04 1.151894e+04 1.163116e+04 1.161771e+04
7.7 1.156457e+04 1.151467e+04 1.163012e+04 1.168002e+04
8.7 1.164447e+04 1.158244e+04 1.162765e+04 1.168968e+04
9.7 1.170772e+04 1.158623e+04 1.162743e+04 1.174892e+04
10.7 1.170938e+04 1.164098e+04 1.162878e+04 1.169718e+04
11.7 1.157739e+04 1.156062e+04 1.163010e+04 1.164686e+04
12.7 1.157309e+04 1.155226e+04 1.163091e+04 1.165174e+04
13.7 1.155617e+04 1.154426e+04 1.163132e+04 1.164323e+04
14.7 1.150233e+04 1.154507e+04 1.163148e+04 1.158874e+04
15.7 1.163549e+04 1.163468e+04 1.163148e+04 1.163229e+04
16.7 1.165317e+04 1.165225e+04 1.163140e+04 1.163232e+04
17.7 1.162365e+04 1.167576e+04 1.163130e+04 1.157919e+04
18.7 1.158845e+04 1.164278e+04 1.163122e+04 1.157689e+04
0.7 1.150548e+04 1.151894e+04 1.163116e+04 1.161771e+04
1.7 1.156457e+04 1.151467e+04 1.163012e+04 1.168002e+04
2.7 1.164447e+04 1.158244e+04 1.162765e+04 1.168968e+04
3.7 1.170772e+04 1.158623e+04 1.162743e+04 1.174892e+04
4.7 1.170938e+04 1.164098e+04 1.162878e+04 1.169718e+04
5.7 1.157739e+04 1.156062e+04 1.163010e+04 1.164686e+04
6.7 1.157309e+04 1.155226e+04 1.163091e+04 1.165174e+04
7.7 1.155617e+04 1.154426e+04 1.163132e+04 1.164323e+04
8.7 1.150233e+04 1.154507e+04 1.163148e+04 1.158874e+04
9.7 1.163549e+04 1.163468e+04 1.163148e+04 1.163229e+04
10.7 1.165317e+04 1.165225e+04 1.163140e+04 1.163232e+04
11.7 1.162365e+04 1.167576e+04 1.163130e+04 1.157919e+04
12.7 1.158845e+04 1.164278e+04 1.163122e+04 1.157689e+04
