0.2 8.047490e+03 8.096286e+03 8.076991e+03 8.028195e+03
1.2 8.002160e+03 8.084656e+03 8.077272e+03 7.994776e+03
2.2 7.993919e+03 8.063391e+03 8.079895e+03 8.010423e+03
3.2 7.991038e+03 8.034949e+03 8.083933e+03 8.040022e+03
4.2 8.039580e+03 8.051667e+03 8.084604e+03 8.072517e+03
5.2 8.038759e+03 8.039835e+03 8.082200e+03 8.081125e+03
6.2 8.105055e+03 8.070603e+03 8.079523e+03 8.113974e+03
7.2 8.139659e+03 8.072813e+03 8.078008e+03 8.144854e+03
8.2 8.087259e+03 8.066484e+03 8.079662e+03 8.100437e+03
9.2 8.069864e+03 8.057534e+03 8.083285e+03 8.095615e+03
10.2 8.057835e+03 8.073897e+03 8.083893e+03 8.067832e+03
11.2 8.058239e+03 8.085288e+03 8.082600e+03 8.055551e+03
12.2 8.068331e+03 8.080032e+03 8.083908e+03 8.072208e+03
13.2 8.131281e+03 8.101160e+03 8.085826e+03 8.115947e+03
14.2 8.160988e+03 8.114608e+03 8.084416e+03 8.130796e+03
15.2 8.142445e+03 8.121291e+03 8.082689e+03 8.103843e+03
16.2 8.153276e+03 8.123842e+03 8.084051e+03 8.113486e+03
17.2 8.112778e+03 8.082276e+03 8.084636e+03 8.115138e+03
18.2 8.060051e+03 8.052808e+03 8.082276e+03 8.089519e+03
19.2 8.104419e+03 8.076954e+03 8.079463e+03 8.106928e+03
20.2 8.105065e+03 8.079653e+03 8.079643e+03 8.105055e+03
21.2 8.135225e+03 8.120968e+03 8.082801e+03 8.097057e+03
0.2 8.105055e+03 8.070603e+03 8.079523e+03 8.113974e+03
1.2 8.139659e+03 8.072813e+03 8.078008e+03 8.144854e+03
2.2 8.087259e+03 8.066484e+03 8.079662e+03 8.100437e+03
3.2 8.069864e+03 8.057534e+03 8.083285e+03 8.095615e+03
4.2 8.057835e+03 8.073897e+03 8.083893e+03 8.067832e+03
5.2 8.058239e+03 8.085288e+03 8.082600e+03 8.055551e+03
6.2 8.068331e+03 8.080032e+03 8.083908e+03 8.072208e+03
7.2 8.131281e+03 8.101160e+03 8.085826e+03 8.115947e+03
8.2 8.160988e+03 8.114608e+03 8.084416e+03 8.130796e+03
9.2 8.142445e+03 8.121291e+03 8.082689e+03 8.103843e+03
10.2 8.153276e+03 8.123842e+03 8.084051e+03 8.113486e+03
11.2 8.112778e+03 8.082276e+03 8.084636e+03 8.115138e+03
12.2 8.060051e+03 8.052808e+03 8.082276e+03 8.089519e+03
13.2 8.104419e+03 8.076954e+03 8.079463e+03 8.106928e+03
14.2 8.105065e+03 8.079653e+03 8.079643e+03 8.105055e+03
15.2 8.135225e+03 8.120968e+03 8.082801e+03 8.097057e+03
16.2 8.115942e+03 8.113466e+03 8.083744e+03 8.086220e+03
17.2 8.145563e+03 8.122610e+03 8.081608e+03 8.104561e+03
18.2 8.083033e+03 8.077811e+03 8.079044e+03 8.084266e+03
19.2 8.071573e+03 8.077160e+03 8.077350e+03 8.071762e+03
20.2 8.055648e+03 8.070284e+03 8.076492e+03 8.061856e+03
21.2 8.058263e+03 8.089591e+03 8.076167e+03 8.044839e+03
0.6 8.057835e+03 8.073897e+03 8.083893e+03 8.067832e+03
1.6 8.058239e+03 8.085288e+03 8.082600e+03 8.055551e+03
2.6 8.068331e+03 8.080032e+03 8.083908e+03 8.072208e+03
3.6 8.131281e+03 8.101160e+03 8.085826e+03 8.115947e+03
4.6 8.160988e+03 8.114608e+03 8.084416e+03 8.130796e+03
5.6 8.142445e+03 8.121291e+03 8.082689e+03 8.103843e+03
6.6 8.153276e+03 8.123842e+03 8.084051e+03 8.113486e+03
7.6 8.112778e+03 8.082276e+03 8.084636e+03 8.115138e+03
8.6 8.060051e+03 8.052808e+03 8.082276e+03 8.089519e+03
9.6 8.104419e+03 8.076954e+03 8.079463e+03 8.106928e+03
10.6 8.105065e+03 8.079653e+03 8.079643e+03 8.105055e+03
11.6 8.135225e+03 8.120968e+03 8.082801e+03 8.097057e+03
12.6 8.115942e+03 8.113466e+03 8.083744e+03 8.086220e+03
13.6 8.145563e+03 8.122610e+03 8.081608e+03 8.104561e+03
14.6 8.083033e+03 8.077811e+03 8.079044e+03 8.084266e+03
15.6 8.071573e+03 8.077160e+03 8.077350e+03 8.071762e+03
16.6 8.055648e+03 8.070284e+03 8.076492e+03 8.061856e+03
17.6 8.058263e+03 8.089591e+03 8.076167e+03 8.044839e+03
18.6 8.108096e+03 8.109157e+03 8.076155e+03 8.075094e+03
19.6 8.161077e+03 8.161393e+03 8.076304e+03 8.075988e+03
20.6 8.178513e+03 8.180325e+03 8.076848e+03 8.075036e+03
21.6 8.138462e+03 8.138804e+03 8.079823e+03 8.079482e+03
0.9 8.160988e+03 8.114608e+03 8.084416e+03 8.130796e+03
1.9 8.142445e+03 8.121291e+03 8.082689e+03 8.103843e+03
2.9 8.153276e+03 8.123842e+03 8.084051e+03 8.113486e+03
3.9 8.112778e+03 8.082276e+03 8.084636e+03 8.115138e+03
4.9 8.060051e+03 8.052808e+03 8.082276e+03 8.089519e+03
5.9 8.104419e+03 8.076954e+03 8.079463e+03 8.106928e+03
6.9 8.105065e+03 8.079653e+03 8.079643e+03 8.105055e+03
7.9 8.135225e+03 8.120968e+03 8.082801e+03 8.097057e+03
8.9 8.115942e+03 8.113466e+03 8.083744e+03 8.086220e+03
9.9 8.145563e+03 8.122610e+03 8.081608e+03 8.104561e+03
10.9 8.083033e+03 8.077811e+03 8.079044e+03 8.084266e+03
11.9 8.071573e+03 8.077160e+03 8.077350e+03 8.071762e+03
12.9 8.055648e+03 8.070284e+03 8.076492e+03 8.061856e+03
13.9 8.058263e+03 8.089591e+03 8.076167e+03 8.044839e+03
14.9 8.108096e+03 8.109157e+03 8.076155e+03 8.075094e+03
15.9 8.161077e+03 8.161393e+03 8.076304e+03 8.075988e+03
16.9 8.178513e+03 8.180325e+03 8.076848e+03 8.075036e+03
17.9 8.138462e+03 8.138804e+03 8.079823e+03 8.079482e+03
18.9 8.105194e+03 8.097768e+03 8.083915e+03 8.091341e+03
19.9 8.071198e+03 8.065110e+03 8.084428e+03 8.090516e+03
20.9 8.071222e+03 8.060269e+03 8.081989e+03 8.092942e+03
21.9 8.086280e+03 8.062325e+03 8.079373e+03 8.103328e+03
0.1 8.060051e+03 8.052808e+03 8.082276e+03 8.089519e+03
1.1 8.104419e+03 8.076954e+03 8.079463e+03 8.106928e+03
2.1 8.105065e+03 8.079653e+03 8.079643e+03 8.105055e+03
3.1 8.135225e+03 8.120968e+03 8.082801e+03 8.097057e+03
4.1 8.115942e+03 8.113466e+03 8.083744e+03 8.086220e+03
5.1 8.145563e+03 8.122610e+03 8.081608e+03 8.104561e+03
6.1 8.083033e+03 8.077811e+03 8.079044e+03 8.084266e+03
7.1 8.071573e+03 8.077160e+03 8.077350e+03 8.071762e+03
8.1 8.055648e+03 8.070284e+03 8.076492e+03 8.061856e+03
9.1 8.058263e+03 8.089591e+03 8.076167e+03 8.044839e+03
10.1 8.108096e+03 8.109157e+03 8.076155e+03 8.075094e+03
11.1 8.161077e+03 8.161393e+03 8.076304e+03 8.075988e+03
12.1 8.178513e+03 8.180325e+03 8.076848e+03 8.075036e+03
13.1 8.138462e+03 8.138804e+03 8.079823e+03 8.079482e+03
14.1 8.105194e+03 8.097768e+03 8.083915e+03 8.091341e+03
15.1 8.071198e+03 8.065110e+03 8.084428e+03 8.090516e+03
16.1 8.071222e+03 8.060269e+03 8.081989e+03 8.092942e+03
17.1 8.086280e+03 8.062325e+03 8.079373e+03 8.103328e+03
18.1 8.080492e+03 8.050832e+03 8.077643e+03 8.107303e+03
19.1 8.058869e+03 8.044036e+03 8.076718e+03 8.091551e+03
20.1 8.028779e+03 8.053985e+03 8.076386e+03 8.051179e+03
21.1 8.077228e+03 8.124736e+03 8.077921e+03 8.030413e+03
0.3 8.161077e+03 8.161393e+03 8.076304e+03 8.075988e+03
1.3 8.178513e+03 8.180325e+03 8.076848e+03 8.075036e+03
2.3 8.138462e+03 8.138804e+03 8.079823e+03 8.079482e+03
3.3 8.105194e+03 8.097768e+03 8.083915e+03 8.091341e+03
4.3 8.071198e+03 8.065110e+03 8.084428e+03 8.090516e+03
5.3 8.071222e+03 8.060269e+03 8.081989e+03 8.092942e+03
6.3 8.086280e+03 8.062325e+03 8.079373e+03 8.103328e+03
7.3 8.080492e+03 8.050832e+03 8.077643e+03 8.107303e+03
8.3 8.058869e+03 8.044036e+03 8.076718e+03 8.091551e+03
9.3 8.028779e+03 8.053985e+03 8.076386e+03 8.051179e+03
10.3 8.077228e+03 8.124736e+03 8.077921e+03 8.030413e+03
11.3 8.089511e+03 8.103673e+03 8.082128e+03 8.067967e+03
12.3 8.098519e+03 8.110613e+03 8.084433e+03 8.072338e+03
13.3 8.076376e+03 8.104973e+03 8.083251e+03 8.054653e+03
14.3 8.125128e+03 8.105022e+03 8.083349e+03 8.103454e+03
15.3 8.113257e+03 8.085285e+03 8.085256e+03 8.113228e+03
16.3 8.102657e+03 8.052943e+03 8.084506e+03 8.134220e+03
17.3 8.081155e+03 8.043199e+03 8.081463e+03 8.119418e+03
18.3 8.071264e+03 8.078514e+03 8.078662e+03 8.071412e+03
19.3 8.065838e+03 8.066689e+03 8.076988e+03 8.076136e+03
20.3 8.055775e+03 8.080693e+03 8.076222e+03 8.051304e+03
21.3 8.103831e+03 8.107574e+03 8.076058e+03 8.072315e+03
0.9 8.028779e+03 8.053985e+03 8.076386e+03 8.051179e+03
1.9 8.077228e+03 8.124736e+03 8.077921e+03 8.030413e+03
2.9 8.089511e+03 8.103673e+03 8.082128e+03 8.067967e+03
3.9 8.098519e+03 8.110613e+03 8.084433e+03 8.072338e+03
4.9 8.076376e+03 8.104973e+03 8.083251e+03 8.054653e+03
5.9 8.125128e+03 8.105022e+03 8.083349e+03 8.103454e+03
6.9 8.113257e+03 8.085285e+03 8.085256e+03 8.113228e+03
7.9 8.102657e+03 8.052943e+03 8.084506e+03 8.134220e+03
8.9 8.081155e+03 8.043199e+03 8.081463e+03 8.119418e+03
9.9 8.071264e+03 8.078514e+03 8.078662e+03 8.071412e+03
10.9 8.065838e+03 8.066689e+03 8.076988e+03 8.076136e+03
11.9 8.055775e+03 8.080693e+03 8.076222e+03 8.051304e+03
12.9 8.103831e+03 8.107574e+03 8.076058e+03 8.072315e+03
13.9 8.124709e+03 8.144372e+03 8.077728e+03 8.058065e+03
14.9 8.138573e+03 8.155094e+03 8.082024e+03 8.065504e+03
15.9 8.131964e+03 8.145747e+03 8.084381e+03 8.070598e+03
16.9 8.154089e+03 8.174857e+03 8.083262e+03 8.062494e+03
17.9 8.124531e+03 8.130112e+03 8.083461e+03 8.077880e+03
18.9 8.118551e+03 8.104038e+03 8.085388e+03 8.099900e+03
19.9 8.081887e+03 8.097499e+03 8.084594e+03 8.068983e+03
20.9 8.058656e+03 8.080782e+03 8.081505e+03 8.059379e+03
21.9 8.091676e+03 8.079742e+03 8.078674e+03 8.090607e+03
0.3 8.098519e+03 8.110613e+03 8.084433e+03 8.072338e+03
1.3 8.076376e+03 8.104973e+03 8.083251e+03 8.054653e+03
2.3 8.125128e+03 8.105022e+03 8.083349e+03 8.103454e+03
3.3 8.113257e+03 8.085285e+03 8.085256e+03 8.113228e+03
4.3 8.102657e+03 8.052943e+03 8.084506e+03 8.134220e+03
5.3 8.081155e+03 8.043199e+03 8.081463e+03 8.119418e+03
6.3 8.071264e+03 8.078514e+03 8.078662e+03 8.071412e+03
7.3 8.065838e+03 8.066689e+03 8.076988e+03 8.076136e+03
8.3 8.055775e+03 8.080693e+03 8.076222e+03 8.051304e+03
9.3 8.103831e+03 8.107574e+03 8.076058e+03 8.072315e+03
10.3 8.124709e+03 8.144372e+03 8.077728e+03 8.058065e+03
11.3 8.138573e+03 8.155094e+03 8.082024e+03 8.065504e+03
12.3 8.131964e+03 8.145747e+03 8.084381e+03 8.070598e+03
13.3 8.154089e+03 8.174857e+03 8.083262e+03 8.062494e+03
14.3 8.124531e+03 8.130112e+03 8.083461e+03 8.077880e+03
15.3 8.118551e+03 8.104038e+03 8.085388e+03 8.099900e+03
16.3 8.081887e+03 8.097499e+03 8.084594e+03 8.068983e+03
17.3 8.058656e+03 8.080782e+03 8.081505e+03 8.059379e+03
18.3 8.091676e+03 8.079742e+03 8.078674e+03 8.090607e+03
19.3 8.108673e+03 8.092686e+03 8.077365e+03 8.093352e+03
20.3 8.107139e+03 8.083524e+03 8.079472e+03 8.103087e+03
21.3 8.110803e+03 8.093510e+03 8.083164e+03 8.100456e+03
0.9 8.103831e+03 8.107574e+03 8.076058e+03 8.072315e+03
1.9 8.124709e+03 8.144372e+03 8.077728e+03 8.058065e+03
2.9 8.138573e+03 8.155094e+03 8.082024e+03 8.065504e+03
3.9 8.131964e+03 8.145747e+03 8.084381e+03 8.070598e+03
4.9 8.154089e+03 8.174857e+03 8.083262e+03 8.062494e+03
5.9 8.124531e+03 8.130112e+03 8.083461e+03 8.077880e+03
6.9 8.118551e+03 8.104038e+03 8.085388e+03 8.099900e+03
7.9 8.081887e+03 8.097499e+03 8.084594e+03 8.068983e+03
8.9 8.058656e+03 8.080782e+03 8.081505e+03 8.059379e+03
9.9 8.091676e+03 8.079742e+03 8.078674e+03 8.090607e+03
10.9 8.108673e+03 8.092686e+03 8.077365e+03 8.093352e+03
11.9 8.107139e+03 8.083524e+03 8.079472e+03 8.103087e+03
12.9 8.110803e+03 8.093510e+03 8.083164e+03 8.100456e+03
13.9 8.111606e+03 8.080797e+03 8.083552e+03 8.114361e+03
14.9 8.098219e+03 8.088998e+03 8.081238e+03 8.090459e+03
15.9 8.075487e+03 8.095914e+03 8.078846e+03 8.058419e+03
16.9 8.065373e+03 8.105655e+03 8.077320e+03 8.037038e+03
17.9 8.091178e+03 8.116864e+03 8.076540e+03 8.050854e+03
18.9 8.096403e+03 8.106890e+03 8.076241e+03 8.065754e+03
19.9 8.126276e+03 8.145378e+03 8.076234e+03 8.057131e+03
20.9 8.128964e+03 8.131221e+03 8.076376e+03 8.074118e+03
21.9 8.105919e+03 8.116662e+03 8.076560e+03 8.065817e+03
0.3 8.131964e+03 8.145747e+03 8.084381e+03 8.070598e+03
1.3 8.154089e+03 8.174857e+03 8.083262e+03 8.062494e+03
2.3 8.124531e+03 8.130112e+03 8.083461e+03 8.077880e+03
3.3 8.118551e+03 8.104038e+03 8.085388e+03 8.099900e+03
4.3 8.081887e+03 8.097499e+03 8.084594e+03 8.068983e+03
5.3 8.058656e+03 8.080782e+03 8.081505e+03 8.059379e+03
6.3 8.091676e+03 8.079742e+03 8.078674e+03 8.090607e+03
7.3 8.108673e+03 8.092686e+03 8.077365e+03 8.093352e+03
8.3 8.107139e+03 8.083524e+03 8.079472e+03 8.103087e+03
9.3 8.110803e+03 8.093510e+03 8.083164e+03 8.100456e+03
10.3 8.111606e+03 8.080797e+03 8.083552e+03 8.114361e+03
11.3 8.098219e+03 8.088998e+03 8.081238e+03 8.090459e+03
12.3 8.075487e+03 8.095914e+03 8.078846e+03 8.058419e+03
13.3 8.065373e+03 8.105655e+03 8.077320e+03 8.037038e+03
14.3 8.091178e+03 8.116864e+03 8.076540e+03 8.050854e+03
15.3 8.096403e+03 8.106890e+03 8.076241e+03 8.065754e+03
16.3 8.126276e+03 8.145378e+03 8.076234e+03 8.057131e+03
17.3 8.128964e+03 8.131221e+03 8.076376e+03 8.074118e+03
18.3 8.105919e+03 8.116662e+03 8.076560e+03 8.065817e+03
19.3 8.146040e+03 8.157306e+03 8.076723e+03 8.065457e+03
20.3 8.132835e+03 8.148069e+03 8.076840e+03 8.061606e+03
21.3 8.039526e+03 8.118867e+03 8.076969e+03 7.997628e+03
0.3 8.091676e+03 8.079742e+03 8.078674e+03 8.090607e+03
1.3 8.108673e+03 8.092686e+03 8.077365e+03 8.093352e+03
2.3 8.107139e+03 8.083524e+03 8.079472e+03 8.103087e+03
3.3 8.110803e+03 8.093510e+03 8.083164e+03 8.100456e+03
4.3 8.111606e+03 8.080797e+03 8.083552e+03 8.114361e+03
5.3 8.098219e+03 8.088998e+03 8.081238e+03 8.090459e+03
6.3 8.075487e+03 8.095914e+03 8.078846e+03 8.058419e+03
7.3 8.065373e+03 8.105655e+03 8.077320e+03 8.037038e+03
8.3 8.091178e+03 8.116864e+03 8.076540e+03 8.050854e+03
9.3 8.096403e+03 8.106890e+03 8.076241e+03 8.065754e+03
10.3 8.126276e+03 8.145378e+03 8.076234e+03 8.057131e+03
11.3 8.128964e+03 8.131221e+03 8.076376e+03 8.074118e+03
12.3 8.105919e+03 8.116662e+03 8.076560e+03 8.065817e+03
13.3 8.146040e+03 8.157306e+03 8.076723e+03 8.065457e+03
14.3 8.132835e+03 8.148069e+03 8.076840e+03 8.061606e+03
15.3 8.039526e+03 8.118867e+03 8.076969e+03 7.997628e+03
16.3 8.132396e+03 8.126446e+03 8.078602e+03 8.084552e+03
17.3 8.165267e+03 8.153910e+03 8.082713e+03 8.094071e+03
18.3 8.179664e+03 8.168150e+03 8.084854e+03 8.096368e+03
19.3 8.164244e+03 8.121258e+03 8.083171e+03 8.126157e+03
20.3 8.120983e+03 8.102460e+03 8.080537e+03 8.099060e+03
21.3 8.071859e+03 8.081510e+03 8.080686e+03 8.071035e+03
0.9 8.039526e+03 8.118867e+03 8.076969e+03 7.997628e+03
1.9 8.132396e+03 8.126446e+03 8.078602e+03 8.084552e+03
2.9 8.165267e+03 8.153910e+03 8.082713e+03 8.094071e+03
3.9 8.179664e+03 8.168150e+03 8.084854e+03 8.096368e+03
4.9 8.164244e+03 8.121258e+03 8.083171e+03 8.126157e+03
5.9 8.120983e+03 8.102460e+03 8.080537e+03 8.099060e+03
6.9 8.071859e+03 8.081510e+03 8.080686e+03 8.071035e+03
7.9 8.063539e+03 8.069470e+03 8.083644e+03 8.077714e+03
8.9 8.038130e+03 8.052530e+03 8.084312e+03 8.069913e+03
9.9 8.064817e+03 8.036649e+03 8.081939e+03 8.110107e+03
10.9 8.063250e+03 8.013159e+03 8.079214e+03 8.129305e+03
11.9 7.988292e+03 8.017135e+03 8.077426e+03 8.048583e+03
12.9 8.065741e+03 8.045770e+03 8.076518e+03 8.096489e+03
13.9 8.079319e+03 8.073483e+03 8.076171e+03 8.082007e+03
14.9 8.168354e+03 8.128166e+03 8.076150e+03 8.116338e+03
15.9 8.120949e+03 8.096291e+03 8.076298e+03 8.100956e+03
16.9 8.078369e+03 8.054884e+03 8.076499e+03 8.099984e+03
17.9 8.037189e+03 8.037598e+03 8.076680e+03 8.076272e+03
18.9 8.027493e+03 8.007157e+03 8.076813e+03 8.097149e+03
19.9 7.959514e+03 7.996052e+03 8.076911e+03 8.040373e+03
20.9 7.988068e+03 8.014106e+03 8.078027e+03 8.051990e+03
21.9 8.026910e+03 8.009371e+03 8.081922e+03 8.099460e+03
0.1 8.164244e+03 8.121258e+03 8.083171e+03 8.126157e+03
1.1 8.120983e+03 8.102460e+03 8.080537e+03 8.099060e+03
2.1 8.071859e+03 8.081510e+03 8.080686e+03 8.071035e+03
3.1 8.063539e+03 8.069470e+03 8.083644e+03 8.077714e+03
4.1 8.038130e+03 8.052530e+03 8.084312e+03 8.069913e+03
5.1 8.064817e+03 8.036649e+03 8.081939e+03 8.110107e+03
6.1 8.063250e+03 8.013159e+03 8.079214e+03 8.129305e+03
7.1 7.988292e+03 8.017135e+03 8.077426e+03 8.048583e+03
8.1 8.065741e+03 8.045770e+03 8.076518e+03 8.096489e+03
9.1 8.079319e+03 8.073483e+03 8.076171e+03 8.082007e+03
10.1 8.168354e+03 8.128166e+03 8.076150e+03 8.116338e+03
11.1 8.120949e+03 8.096291e+03 8.076298e+03 8.100956e+03
12.1 8.078369e+03 8.054884e+03 8.076499e+03 8.099984e+03
13.1 8.037189e+03 8.037598e+03 8.076680e+03 8.076272e+03
14.1 8.027493e+03 8.007157e+03 8.076813e+03 8.097149e+03
15.1 7.959514e+03 7.996052e+03 8.076911e+03 8.040373e+03
16.1 7.988068e+03 8.014106e+03 8.078027e+03 8.051990e+03
17.1 8.026910e+03 8.009371e+03 8.081922e+03 8.099460e+03
18.1 8.052228e+03 8.059038e+03 8.085321e+03 8.078510e+03
19.1 8.109033e+03 8.099665e+03 8.084539e+03 8.093907e+03
20.1 8.068735e+03 8.053386e+03 8.081565e+03 8.096914e+03
21.1 8.073704e+03 8.065474e+03 8.078946e+03 8.087176e+03
0.7 7.959514e+03 7.996052e+03 8.076911e+03 8.040373e+03
1.7 7.988068e+03 8.014106e+03 8.078027e+03 8.051990e+03
2.7 8.026910e+03 8.009371e+03 8.081922e+03 8.099460e+03
3.7 8.052228e+03 8.059038e+03 8.085321e+03 8.078510e+03
4.7 8.109033e+03 8.099665e+03 8.084539e+03 8.093907e+03
5.7 8.068735e+03 8.053386e+03 8.081565e+03 8.096914e+03
6.7 8.073704e+03 8.065474e+03 8.078946e+03 8.087176e+03
7.7 8.034198e+03 8.041525e+03 8.077336e+03 8.070009e+03
8.7 8.027341e+03 8.040737e+03 8.076521e+03 8.063125e+03
9.7 8.028587e+03 8.054950e+03 8.076222e+03 8.049859e+03
10.7 7.999849e+03 8.048767e+03 8.076231e+03 8.027313e+03
11.7 8.035170e+03 8.058507e+03 8.076388e+03 8.053051e+03
12.7 8.087430e+03 8.085039e+03 8.076580e+03 8.078971e+03
13.7 8.091986e+03 8.123656e+03 8.077388e+03 8.045718e+03
14.7 8.115578e+03 8.127998e+03 8.080860e+03 8.068440e+03
15.7 8.076286e+03 8.103171e+03 8.084461e+03 8.057575e+03
16.7 8.059482e+03 8.060794e+03 8.084121e+03 8.082809e+03
17.7 8.050223e+03 8.053499e+03 8.081442e+03 8.078166e+03
18.7 8.052442e+03 8.040318e+03 8.078962e+03 8.091086e+03
19.7 8.070711e+03 8.048257e+03 8.077408e+03 8.099862e+03
20.7 8.081465e+03 8.059751e+03 8.076607e+03 8.098321e+03
21.7 8.068179e+03 8.056761e+03 8.076298e+03 8.087717e+03
0.5 8.087430e+03 8.085039e+03 8.076580e+03 8.078971e+03
1.5 8.091986e+03 8.123656e+03 8.077388e+03 8.045718e+03
2.5 8.115578e+03 8.127998e+03 8.080860e+03 8.068440e+03
3.5 8.076286e+03 8.103171e+03 8.084461e+03 8.057575e+03
4.5 8.059482e+03 8.060794e+03 8.084121e+03 8.082809e+03
5.5 8.050223e+03 8.053499e+03 8.081442e+03 8.078166e+03
6.5 8.052442e+03 8.040318e+03 8.078962e+03 8.091086e+03
7.5 8.070711e+03 8.048257e+03 8.077408e+03 8.099862e+03
8.5 8.081465e+03 8.059751e+03 8.076607e+03 8.098321e+03
9.5 8.068179e+03 8.056761e+03 8.076298e+03 8.087717e+03
10.5 8.105982e+03 8.068871e+03 8.076286e+03 8.113398e+03
11.5 8.091316e+03 8.072062e+03 8.076422e+03 8.095677e+03
12.5 8.101361e+03 8.095329e+03 8.076598e+03 8.082629e+03
13.5 8.119308e+03 8.083268e+03 8.076749e+03 8.112790e+03
14.5 8.114343e+03 8.089737e+03 8.076856e+03 8.101462e+03
15.5 8.147722e+03 8.118873e+03 8.076922e+03 8.105771e+03
16.5 8.152678e+03 8.145567e+03 8.076958e+03 8.084069e+03
17.5 8.197784e+03 8.190651e+03 8.076977e+03 8.084109e+03
18.5 8.188735e+03 8.192172e+03 8.076985e+03 8.073548e+03
19.5 8.156786e+03 8.178210e+03 8.076989e+03 8.055564e+03
20.5 8.142296e+03 8.162629e+03 8.076990e+03 8.056657e+03
21.5 8.116626e+03 8.143063e+03 8.076991e+03 8.050554e+03
1.0 8.115115e+03 8.105226e+03 8.077081e+03 8.086970e+03
2.0 8.064095e+03 8.092768e+03 8.078923e+03 8.050250e+03
3.0 8.088680e+03 8.130150e+03 8.083098e+03 8.041628e+03
4.0 8.081198e+03 8.164446e+03 8.084959e+03 8.001711e+03
5.0 8.037957e+03 8.102420e+03 8.083074e+03 8.018611e+03
6.0 8.051511e+03 8.067879e+03 8.080234e+03 8.063867e+03
7.0 8.020860e+03 8.039365e+03 8.078144e+03 8.059639e+03
8.0 8.004875e+03 8.049588e+03 8.076958e+03 8.032245e+03
9.0 7.985652e+03 8.026045e+03 8.076406e+03 8.036013e+03
10.0 7.971547e+03 7.999069e+03 8.076254e+03 8.048732e+03
11.0 8.024585e+03 8.054496e+03 8.076329e+03 8.046418e+03
12.0 8.055974e+03 8.067637e+03 8.076497e+03 8.064834e+03
13.0 8.045710e+03 8.060673e+03 8.076669e+03 8.061705e+03
14.0 8.115469e+03 8.083318e+03 8.076802e+03 8.108953e+03
15.0 8.100710e+03 8.083285e+03 8.076890e+03 8.094316e+03
16.0 8.114093e+03 8.087616e+03 8.076941e+03 8.103418e+03
17.0 8.139989e+03 8.094854e+03 8.076968e+03 8.122103e+03
18.0 8.127221e+03 8.104522e+03 8.076981e+03 8.099680e+03
19.0 8.166883e+03 8.160027e+03 8.076987e+03 8.083844e+03
20.0 8.161817e+03 8.150924e+03 8.076990e+03 8.087883e+03
21.0 8.126347e+03 8.127911e+03 8.076991e+03 8.075427e+03
22.0 8.140748e+03 8.155823e+03 8.076991e+03 8.061917e+03
0.5 8.137652e+03 8.098012e+03 8.076993e+03 8.116633e+03
1.5 8.193391e+03 8.146685e+03 8.077640e+03 8.124346e+03
2.5 8.152488e+03 8.135303e+03 8.081000e+03 8.098185e+03
3.5 8.140443e+03 8.132422e+03 8.084532e+03 8.092552e+03
4.5 8.160097e+03 8.140575e+03 8.084155e+03 8.103678e+03
5.5 8.131658e+03 8.115366e+03 8.081457e+03 8.097749e+03
6.5 8.039894e+03 8.029628e+03 8.078971e+03 8.089236e+03
7.5 8.034750e+03 8.020382e+03 8.078113e+03 8.092481e+03
8.5 8.041608e+03 7.996877e+03 8.080749e+03 8.125480e+03
9.5 8.059851e+03 7.993317e+03 8.083968e+03 8.150501e+03
10.5 8.038185e+03 7.993525e+03 8.083596e+03 8.128256e+03
11.5 8.058727e+03 7.996577e+03 8.082664e+03 8.144814e+03
12.5 8.054792e+03 7.996767e+03 8.084436e+03 8.142460e+03
13.5 7.995362e+03 7.994197e+03 8.085028e+03 8.086193e+03
14.5 8.010353e+03 7.998557e+03 8.082566e+03 8.094362e+03
15.5 7.928433e+03 7.990055e+03 8.079712e+03 8.018090e+03
16.5 7.870279e+03 7.929117e+03 8.080002e+03 8.021164e+03
17.5 7.858095e+03 7.939290e+03 8.083080e+03 8.001886e+03
18.5 7.857947e+03 7.874890e+03 8.083741e+03 8.066798e+03
19.5 7.835534e+03 7.861022e+03 8.081476e+03 8.055989e+03
20.5 7.870312e+03 7.905204e+03 8.078927e+03 8.044036e+03
21.5 7.863318e+03 7.925282e+03 8.077281e+03 8.015317e+03
0.5 8.039894e+03 8.029628e+03 8.078971e+03 8.089236e+03
1.5 8.034750e+03 8.020382e+03 8.078113e+03 8.092481e+03
2.5 8.041608e+03 7.996877e+03 8.080749e+03 8.125480e+03
3.5 8.059851e+03 7.993317e+03 8.083968e+03 8.150501e+03
4.5 8.038185e+03 7.993525e+03 8.083596e+03 8.128256e+03
5.5 8.058727e+03 7.996577e+03 8.082664e+03 8.144814e+03
6.5 8.054792e+03 7.996767e+03 8.084436e+03 8.142460e+03
7.5 7.995362e+03 7.994197e+03 8.085028e+03 8.086193e+03
8.5 8.010353e+03 7.998557e+03 8.082566e+03 8.094362e+03
9.5 7.928433e+03 7.990055e+03 8.079712e+03 8.018090e+03
10.5 7.870279e+03 7.929117e+03 8.080002e+03 8.021164e+03
11.5 7.858095e+03 7.939290e+03 8.083080e+03 8.001886e+03
12.5 7.857947e+03 7.874890e+03 8.083741e+03 8.066798e+03
13.5 7.835534e+03 7.861022e+03 8.081476e+03 8.055989e+03
14.5 7.870312e+03 7.905204e+03 8.078927e+03 8.044036e+03
15.5 7.863318e+03 7.925282e+03 8.077281e+03 8.015317e+03
16.5 7.879540e+03 7.960959e+03 8.076536e+03 7.995117e+03
17.5 7.934211e+03 7.980757e+03 8.077992e+03 8.031446e+03
18.5 7.986997e+03 8.056874e+03 8.082123e+03 8.012247e+03
19.5 8.059277e+03 8.113577e+03 8.084173e+03 8.029872e+03
20.5 8.091058e+03 8.128558e+03 8.082999e+03 8.045499e+03
21.5 8.072857e+03 8.135401e+03 8.083420e+03 8.020876e+03
0.9 8.038185e+03 7.993525e+03 8.083596e+03 8.128256e+03
1.9 8.058727e+03 7.996577e+03 8.082664e+03 8.144814e+03
2.9 8.054792e+03 7.996767e+03 8.084436e+03 8.142460e+03
3.9 7.995362e+03 7.994197e+03 8.085028e+03 8.086193e+03
4.9 8.010353e+03 7.998557e+03 8.082566e+03 8.094362e+03
5.9 7.928433e+03 7.990055e+03 8.079712e+03 8.018090e+03
6.9 7.870279e+03 7.929117e+03 8.080002e+03 8.021164e+03
7.9 7.858095e+03 7.939290e+03 8.083080e+03 8.001886e+03
8.9 7.857947e+03 7.874890e+03 8.083741e+03 8.066798e+03
9.9 7.835534e+03 7.861022e+03 8.081476e+03 8.055989e+03
10.9 7.870312e+03 7.905204e+03 8.078927e+03 8.044036e+03
11.9 7.863318e+03 7.925282e+03 8.077281e+03 8.015317e+03
12.9 7.879540e+03 7.960959e+03 8.076536e+03 7.995117e+03
13.9 7.934211e+03 7.980757e+03 8.077992e+03 8.031446e+03
14.9 7.986997e+03 8.056874e+03 8.082123e+03 8.012247e+03
15.9 8.059277e+03 8.113577e+03 8.084173e+03 8.029872e+03
16.9 8.091058e+03 8.128558e+03 8.082999e+03 8.045499e+03
17.9 8.072857e+03 8.135401e+03 8.083420e+03 8.020876e+03
18.9 8.087154e+03 8.109902e+03 8.085284e+03 8.062535e+03
19.9 8.084888e+03 8.098646e+03 8.084291e+03 8.070532e+03
20.9 8.100659e+03 8.091107e+03 8.082478e+03 8.092030e+03
21.9 8.100609e+03 8.078621e+03 8.083725e+03 8.105714e+03
0.1 8.010353e+03 7.998557e+03 8.082566e+03 8.094362e+03
1.1 7.928433e+03 7.990055e+03 8.079712e+03 8.018090e+03
2.1 7.870279e+03 7.929117e+03 8.080002e+03 8.021164e+03
3.1 7.858095e+03 7.939290e+03 8.083080e+03 8.001886e+03
4.1 7.857947e+03 7.874890e+03 8.083741e+03 8.066798e+03
5.1 7.835534e+03 7.861022e+03 8.081476e+03 8.055989e+03
6.1 7.870312e+03 7.905204e+03 8.078927e+03 8.044036e+03
7.1 7.863318e+03 7.925282e+03 8.077281e+03 8.015317e+03
8.1 7.879540e+03 7.960959e+03 8.076536e+03 7.995117e+03
9.1 7.934211e+03 7.980757e+03 8.077992e+03 8.031446e+03
10.1 7.986997e+03 8.056874e+03 8.082123e+03 8.012247e+03
11.1 8.059277e+03 8.113577e+03 8.084173e+03 8.029872e+03
12.1 8.091058e+03 8.128558e+03 8.082999e+03 8.045499e+03
13.1 8.072857e+03 8.135401e+03 8.083420e+03 8.020876e+03
14.1 8.087154e+03 8.109902e+03 8.085284e+03 8.062535e+03
15.1 8.084888e+03 8.098646e+03 8.084291e+03 8.070532e+03
16.1 8.100659e+03 8.091107e+03 8.082478e+03 8.092030e+03
17.1 8.100609e+03 8.078621e+03 8.083725e+03 8.105714e+03
18.1 8.147795e+03 8.131163e+03 8.084732e+03 8.101365e+03
19.1 8.167327e+03 8.142087e+03 8.082918e+03 8.108158e+03
20.1 8.185402e+03 8.179014e+03 8.082454e+03 8.088842e+03
21.1 8.194056e+03 8.156994e+03 8.084385e+03 8.121447e+03
0.9 7.879540e+03 7.960959e+03 8.076536e+03 7.995117e+03
1.9 7.934211e+03 7.980757e+03 8.077992e+03 8.031446e+03
2.9 7.986997e+03 8.056874e+03 8.082123e+03 8.012247e+03
3.9 8.059277e+03 8.113577e+03 8.084173e+03 8.029872e+03
4.9 8.091058e+03 8.128558e+03 8.082999e+03 8.045499e+03
5.9 8.072857e+03 8.135401e+03 8.083420e+03 8.020876e+03
6.9 8.087154e+03 8.109902e+03 8.085284e+03 8.062535e+03
7.9 8.084888e+03 8.098646e+03 8.084291e+03 8.070532e+03
8.9 8.100659e+03 8.091107e+03 8.082478e+03 8.092030e+03
9.9 8.100609e+03 8.078621e+03 8.083725e+03 8.105714e+03
10.9 8.147795e+03 8.131163e+03 8.084732e+03 8.101365e+03
11.9 8.167327e+03 8.142087e+03 8.082918e+03 8.108158e+03
12.9 8.185402e+03 8.179014e+03 8.082454e+03 8.088842e+03
13.9 8.194056e+03 8.156994e+03 8.084385e+03 8.121447e+03
14.9 8.161168e+03 8.157300e+03 8.084079e+03 8.087948e+03
15.9 8.209173e+03 8.157228e+03 8.081308e+03 8.133253e+03
16.9 8.140165e+03 8.097590e+03 8.079092e+03 8.121667e+03
17.9 8.181162e+03 8.101477e+03 8.080566e+03 8.160251e+03
18.9 8.151962e+03 8.092169e+03 8.083552e+03 8.143345e+03
19.9 8.165708e+03 8.132244e+03 8.083298e+03 8.116762e+03
20.9 8.120858e+03 8.118776e+03 8.080757e+03 8.082840e+03
21.9 8.140465e+03 8.125491e+03 8.078411e+03 8.093385e+03
0.4 8.059277e+03 8.113577e+03 8.084173e+03 8.029872e+03
1.4 8.091058e+03 8.128558e+03 8.082999e+03 8.045499e+03
2.4 8.072857e+03 8.135401e+03 8.083420e+03 8.020876e+03
3.4 8.087154e+03 8.109902e+03 8.085284e+03 8.062535e+03
4.4 8.084888e+03 8.098646e+03 8.084291e+03 8.070532e+03
5.4 8.100659e+03 8.091107e+03 8.082478e+03 8.092030e+03
6.4 8.100609e+03 8.078621e+03 8.083725e+03 8.105714e+03
7.4 8.147795e+03 8.131163e+03 8.084732e+03 8.101365e+03
8.4 8.167327e+03 8.142087e+03 8.082918e+03 8.108158e+03
9.4 8.185402e+03 8.179014e+03 8.082454e+03 8.088842e+03
10.4 8.194056e+03 8.156994e+03 8.084385e+03 8.121447e+03
11.4 8.161168e+03 8.157300e+03 8.084079e+03 8.087948e+03
12.4 8.209173e+03 8.157228e+03 8.081308e+03 8.133253e+03
13.4 8.140165e+03 8.097590e+03 8.079092e+03 8.121667e+03
14.4 8.181162e+03 8.101477e+03 8.080566e+03 8.160251e+03
15.4 8.151962e+03 8.092169e+03 8.083552e+03 8.143345e+03
16.4 8.165708e+03 8.132244e+03 8.083298e+03 8.116762e+03
17.4 8.120858e+03 8.118776e+03 8.080757e+03 8.082840e+03
18.4 8.140465e+03 8.125491e+03 8.078411e+03 8.093385e+03
19.4 8.103771e+03 8.080526e+03 8.077557e+03 8.100802e+03
20.4 8.123159e+03 8.069217e+03 8.080106e+03 8.134049e+03
21.4 8.128169e+03 8.097221e+03 8.083644e+03 8.114592e+03
0.7 8.084888e+03 8.098646e+03 8.084291e+03 8.070532e+03
1.7 8.100659e+03 8.091107e+03 8.082478e+03 8.092030e+03
2.7 8.100609e+03 8.078621e+03 8.083725e+03 8.105714e+03
3.7 8.147795e+03 8.131163e+03 8.084732e+03 8.101365e+03
4.7 8.167327e+03 8.142087e+03 8.082918e+03 8.108158e+03
5.7 8.185402e+03 8.179014e+03 8.082454e+03 8.088842e+03
6.7 8.194056e+03 8.156994e+03 8.084385e+03 8.121447e+03
7.7 8.161168e+03 8.157300e+03 8.084079e+03 8.087948e+03
8.7 8.209173e+03 8.157228e+03 8.081308e+03 8.133253e+03
9.7 8.140165e+03 8.097590e+03 8.079092e+03 8.121667e+03
10.7 8.181162e+03 8.101477e+03 8.080566e+03 8.160251e+03
11.7 8.151962e+03 8.092169e+03 8.083552e+03 8.143345e+03
12.7 8.165708e+03 8.132244e+03 8.083298e+03 8.116762e+03
13.7 8.120858e+03 8.118776e+03 8.080757e+03 8.082840e+03
14.7 8.140465e+03 8.125491e+03 8.078411e+03 8.093385e+03
15.7 8.103771e+03 8.080526e+03 8.077557e+03 8.100802e+03
16.7 8.123159e+03 8.069217e+03 8.080106e+03 8.134049e+03
17.7 8.128169e+03 8.097221e+03 8.083644e+03 8.114592e+03
18.7 8.117322e+03 8.078705e+03 8.083608e+03 8.122225e+03
19.7 8.130646e+03 8.129942e+03 8.081115e+03 8.081819e+03
20.7 8.117789e+03 8.117066e+03 8.078728e+03 8.079451e+03
21.7 8.108553e+03 8.075702e+03 8.077792e+03 8.110643e+03
0.2 8.147795e+03 8.131163e+03 8.084732e+03 8.101365e+03
1.2 8.167327e+03 8.142087e+03 8.082918e+03 8.108158e+03
2.2 8.185402e+03 8.179014e+03 8.082454e+03 8.088842e+03
3.2 8.194056e+03 8.156994e+03 8.084385e+03 8.121447e+03
4.2 8.161168e+03 8.157300e+03 8.084079e+03 8.087948e+03
5.2 8.209173e+03 8.157228e+03 8.081308e+03 8.133253e+03
6.2 8.140165e+03 8.097590e+03 8.079092e+03 8.121667e+03
7.2 8.181162e+03 8.101477e+03 8.080566e+03 8.160251e+03
8.2 8.151962e+03 8.092169e+03 8.083552e+03 8.143345e+03
9.2 8.165708e+03 8.132244e+03 8.083298e+03 8.116762e+03
10.2 8.120858e+03 8.118776e+03 8.080757e+03 8.082840e+03
11.2 8.140465e+03 8.125491e+03 8.078411e+03 8.093385e+03
12.2 8.103771e+03 8.080526e+03 8.077557e+03 8.100802e+03
13.2 8.123159e+03 8.069217e+03 8.080106e+03 8.134049e+03
14.2 8.128169e+03 8.097221e+03 8.083644e+03 8.114592e+03
15.2 8.117322e+03 8.078705e+03 8.083608e+03 8.122225e+03
16.2 8.130646e+03 8.129942e+03 8.081115e+03 8.081819e+03
17.2 8.117789e+03 8.117066e+03 8.078728e+03 8.079451e+03
18.2 8.108553e+03 8.075702e+03 8.077792e+03 8.110643e+03
19.2 8.095517e+03 8.071345e+03 8.080253e+03 8.104426e+03
20.2 8.047895e+03 8.062336e+03 8.083657e+03 8.069215e+03
21.2 8.084433e+03 8.096054e+03 8.083513e+03 8.071892e+03
0.4 8.209173e+03 8.157228e+03 8.081308e+03 8.133253e+03
1.4 8.140165e+03 8.097590e+03 8.079092e+03 8.121667e+03
2.4 8.181162e+03 8.101477e+03 8.080566e+03 8.160251e+03
3.4 8.151962e+03 8.092169e+03 8.083552e+03 8.143345e+03
4.4 8.165708e+03 8.132244e+03 8.083298e+03 8.116762e+03
5.4 8.120858e+03 8.118776e+03 8.080757e+03 8.082840e+03
6.4 8.140465e+03 8.125491e+03 8.078411e+03 8.093385e+03
7.4 8.103771e+03 8.080526e+03 8.077557e+03 8.100802e+03
8.4 8.123159e+03 8.069217e+03 8.080106e+03 8.134049e+03
9.4 8.128169e+03 8.097221e+03 8.083644e+03 8.114592e+03
10.4 8.117322e+03 8.078705e+03 8.083608e+03 8.122225e+03
11.4 8.130646e+03 8.129942e+03 8.081115e+03 8.081819e+03
12.4 8.117789e+03 8.117066e+03 8.078728e+03 8.079451e+03
13.4 8.108553e+03 8.075702e+03 8.077792e+03 8.110643e+03
14.4 8.095517e+03 8.071345e+03 8.080253e+03 8.104426e+03
15.4 8.047895e+03 8.062336e+03 8.083657e+03 8.069215e+03
16.4 8.084433e+03 8.096054e+03 8.083513e+03 8.071892e+03
17.4 8.104496e+03 8.107411e+03 8.081015e+03 8.078099e+03
18.4 8.088006e+03 8.102750e+03 8.078667e+03 8.063922e+03
19.4 8.082175e+03 8.075879e+03 8.077767e+03 8.084063e+03
20.4 8.059993e+03 8.070511e+03 8.080250e+03 8.069732e+03
21.4 8.061922e+03 8.083698e+03 8.083665e+03 8.061888e+03
0.4 8.140465e+03 8.125491e+03 8.078411e+03 8.093385e+03
1.4 8.103771e+03 8.080526e+03 8.077557e+03 8.100802e+03
2.4 8.123159e+03 8.069217e+03 8.080106e+03 8.134049e+03
3.4 8.128169e+03 8.097221e+03 8.083644e+03 8.114592e+03
4.4 8.117322e+03 8.078705e+03 8.083608e+03 8.122225e+03
5.4 8.130646e+03 8.129942e+03 8.081115e+03 8.081819e+03
6.4 8.117789e+03 8.117066e+03 8.078728e+03 8.079451e+03
7.4 8.108553e+03 8.075702e+03 8.077792e+03 8.110643e+03
8.4 8.095517e+03 8.071345e+03 8.080253e+03 8.104426e+03
9.4 8.047895e+03 8.062336e+03 8.083657e+03 8.069215e+03
10.4 8.084433e+03 8.096054e+03 8.083513e+03 8.071892e+03
11.4 8.104496e+03 8.107411e+03 8.081015e+03 8.078099e+03
12.4 8.088006e+03 8.102750e+03 8.078667e+03 8.063922e+03
13.4 8.082175e+03 8.075879e+03 8.077767e+03 8.084063e+03
14.4 8.059993e+03 8.070511e+03 8.080250e+03 8.069732e+03
15.4 8.061922e+03 8.083698e+03 8.083665e+03 8.061888e+03
16.4 8.037371e+03 8.062149e+03 8.083525e+03 8.058747e+03
17.4 8.097549e+03 8.083887e+03 8.081035e+03 8.094697e+03
18.4 8.096347e+03 8.080426e+03 8.079620e+03 8.095541e+03
19.4 8.090239e+03 8.054912e+03 8.081866e+03 8.117194e+03
20.4 8.123495e+03 8.092682e+03 8.084240e+03 8.115053e+03
21.4 8.074152e+03 8.054905e+03 8.083216e+03 8.102462e+03
0.4 8.117789e+03 8.117066e+03 8.078728e+03 8.079451e+03
1.4 8.108553e+03 8.075702e+03 8.077792e+03 8.110643e+03
2.4 8.095517e+03 8.071345e+03 8.080253e+03 8.104426e+03
3.4 8.047895e+03 8.062336e+03 8.083657e+03 8.069215e+03
4.4 8.084433e+03 8.096054e+03 8.083513e+03 8.071892e+03
5.4 8.104496e+03 8.107411e+03 8.081015e+03 8.078099e+03
6.4 8.088006e+03 8.102750e+03 8.078667e+03 8.063922e+03
7.4 8.082175e+03 8.075879e+03 8.077767e+03 8.084063e+03
8.4 8.059993e+03 8.070511e+03 8.080250e+03 8.069732e+03
9.4 8.061922e+03 8.083698e+03 8.083665e+03 8.061888e+03
10.4 8.037371e+03 8.062149e+03 8.083525e+03 8.058747e+03
11.4 8.097549e+03 8.083887e+03 8.081035e+03 8.094697e+03
12.4 8.096347e+03 8.080426e+03 8.079620e+03 8.095541e+03
13.4 8.090239e+03 8.054912e+03 8.081866e+03 8.117194e+03
14.4 8.123495e+03 8.092682e+03 8.084240e+03 8.115053e+03
15.4 8.074152e+03 8.054905e+03 8.083216e+03 8.102462e+03
16.4 8.063637e+03 8.077623e+03 8.082546e+03 8.068560e+03
17.4 8.060520e+03 8.072776e+03 8.084523e+03 8.072267e+03
18.4 8.067207e+03 8.120701e+03 8.084767e+03 8.031273e+03
19.4 8.071991e+03 8.143787e+03 8.082125e+03 8.010329e+03
20.4 8.037576e+03 8.112040e+03 8.079479e+03 8.005015e+03
21.4 8.032846e+03 8.100568e+03 8.080267e+03 8.012545e+03
0.4 8.088006e+03 8.102750e+03 8.078667e+03 8.063922e+03
1.4 8.082175e+03 8.075879e+03 8.077767e+03 8.084063e+03
2.4 8.059993e+03 8.070511e+03 8.080250e+03 8.069732e+03
3.4 8.061922e+03 8.083698e+03 8.083665e+03 8.061888e+03
4.4 8.037371e+03 8.062149e+03 8.083525e+03 8.058747e+03
5.4 8.097549e+03 8.083887e+03 8.081035e+03 8.094697e+03
6.4 8.096347e+03 8.080426e+03 8.079620e+03 8.095541e+03
7.4 8.090239e+03 8.054912e+03 8.081866e+03 8.117194e+03
8.4 8.123495e+03 8.092682e+03 8.084240e+03 8.115053e+03
9.4 8.074152e+03 8.054905e+03 8.083216e+03 8.102462e+03
10.4 8.063637e+03 8.077623e+03 8.082546e+03 8.068560e+03
11.4 8.060520e+03 8.072776e+03 8.084523e+03 8.072267e+03
12.4 8.067207e+03 8.120701e+03 8.084767e+03 8.031273e+03
13.4 8.071991e+03 8.143787e+03 8.082125e+03 8.010329e+03
14.4 8.037576e+03 8.112040e+03 8.079479e+03 8.005015e+03
15.4 8.032846e+03 8.100568e+03 8.080267e+03 8.012545e+03
16.4 8.016296e+03 8.068413e+03 8.083333e+03 8.031216e+03
17.4 8.030099e+03 8.075892e+03 8.083567e+03 8.037774e+03
18.4 8.043102e+03 8.032208e+03 8.081151e+03 8.092044e+03
19.4 8.075838e+03 8.055441e+03 8.079331e+03 8.099727e+03
20.4 8.087854e+03 8.056005e+03 8.081155e+03 8.113004e+03
21.4 8.111855e+03 8.100056e+03 8.083941e+03 8.095740e+03
0.6 8.097549e+03 8.083887e+03 8.081035e+03 8.094697e+03
1.6 8.096347e+03 8.080426e+03 8.079620e+03 8.095541e+03
2.6 8.090239e+03 8.054912e+03 8.081866e+03 8.117194e+03
3.6 8.123495e+03 8.092682e+03 8.084240e+03 8.115053e+03
4.6 8.074152e+03 8.054905e+03 8.083216e+03 8.102462e+03
5.6 8.063637e+03 8.077623e+03 8.082546e+03 8.068560e+03
6.6 8.060520e+03 8.072776e+03 8.084523e+03 8.072267e+03
7.6 8.067207e+03 8.120701e+03 8.084767e+03 8.031273e+03
8.6 8.071991e+03 8.143787e+03 8.082125e+03 8.010329e+03
9.6 8.037576e+03 8.112040e+03 8.079479e+03 8.005015e+03
10.6 8.032846e+03 8.100568e+03 8.080267e+03 8.012545e+03
11.6 8.016296e+03 8.068413e+03 8.083333e+03 8.031216e+03
12.6 8.030099e+03 8.075892e+03 8.083567e+03 8.037774e+03
13.6 8.043102e+03 8.032208e+03 8.081151e+03 8.092044e+03
14.6 8.075838e+03 8.055441e+03 8.079331e+03 8.099727e+03
15.6 8.087854e+03 8.056005e+03 8.081155e+03 8.113004e+03
16.6 8.111855e+03 8.100056e+03 8.083941e+03 8.095740e+03
17.6 8.087686e+03 8.074054e+03 8.083363e+03 8.096996e+03
18.6 8.091946e+03 8.058311e+03 8.082285e+03 8.115920e+03
19.6 8.070466e+03 8.082784e+03 8.084051e+03 8.071733e+03
20.6 8.028966e+03 8.044972e+03 8.084825e+03 8.068818e+03
21.6 8.031385e+03 8.012524e+03 8.082854e+03 8.101715e+03
1.0 8.074152e+03 8.054905e+03 8.083216e+03 8.102462e+03
2.0 8.063637e+03 8.077623e+03 8.082546e+03 8.068560e+03
3.0 8.060520e+03 8.072776e+03 8.084523e+03 8.072267e+03
4.0 8.067207e+03 8.120701e+03 8.084767e+03 8.031273e+03
5.0 8.071991e+03 8.143787e+03 8.082125e+03 8.010329e+03
6.0 8.037576e+03 8.112040e+03 8.079479e+03 8.005015e+03
7.0 8.032846e+03 8.100568e+03 8.080267e+03 8.012545e+03
8.0 8.016296e+03 8.068413e+03 8.083333e+03 8.031216e+03
9.0 8.030099e+03 8.075892e+03 8.083567e+03 8.037774e+03
10.0 8.043102e+03 8.032208e+03 8.081151e+03 8.092044e+03
11.0 8.075838e+03 8.055441e+03 8.079331e+03 8.099727e+03
12.0 8.087854e+03 8.056005e+03 8.081155e+03 8.113004e+03
13.0 8.111855e+03 8.100056e+03 8.083941e+03 8.095740e+03
14.0 8.087686e+03 8.074054e+03 8.083363e+03 8.096996e+03
15.0 8.091946e+03 8.058311e+03 8.082285e+03 8.115920e+03
16.0 8.070466e+03 8.082784e+03 8.084051e+03 8.071733e+03
17.0 8.028966e+03 8.044972e+03 8.084825e+03 8.068818e+03
18.0 8.031385e+03 8.012524e+03 8.082854e+03 8.101715e+03
19.0 8.038333e+03 8.018518e+03 8.082649e+03 8.102464e+03
20.0 8.047501e+03 8.075337e+03 8.084548e+03 8.056713e+03
21.0 8.042840e+03 8.049147e+03 8.083953e+03 8.077646e+03
22.0 8.007927e+03 8.018594e+03 8.082223e+03 8.071556e+03
0.2 8.071991e+03 8.143787e+03 8.082125e+03 8.010329e+03
1.2 8.037576e+03 8.112040e+03 8.079479e+03 8.005015e+03
2.2 8.032846e+03 8.100568e+03 8.080267e+03 8.012545e+03
3.2 8.016296e+03 8.068413e+03 8.083333e+03 8.031216e+03
4.2 8.030099e+03 8.075892e+03 8.083567e+03 8.037774e+03
5.2 8.043102e+03 8.032208e+03 8.081151e+03 8.092044e+03
6.2 8.075838e+03 8.055441e+03 8.079331e+03 8.099727e+03
7.2 8.087854e+03 8.056005e+03 8.081155e+03 8.113004e+03
8.2 8.111855e+03 8.100056e+03 8.083941e+03 8.095740e+03
9.2 8.087686e+03 8.074054e+03 8.083363e+03 8.096996e+03
10.2 8.091946e+03 8.058311e+03 8.082285e+03 8.115920e+03
11.2 8.070466e+03 8.082784e+03 8.084051e+03 8.071733e+03
12.2 8.028966e+03 8.044972e+03 8.084825e+03 8.068818e+03
13.2 8.031385e+03 8.012524e+03 8.082854e+03 8.101715e+03
14.2 8.038333e+03 8.018518e+03 8.082649e+03 8.102464e+03
15.2 8.047501e+03 8.075337e+03 8.084548e+03 8.056713e+03
16.2 8.042840e+03 8.049147e+03 8.083953e+03 8.077646e+03
17.2 8.007927e+03 8.018594e+03 8.082223e+03 8.071556e+03
18.2 8.005739e+03 8.032267e+03 8.083438e+03 8.056909e+03
19.2 8.001830e+03 8.009989e+03 8.084671e+03 8.076512e+03
20.2 8.017356e+03 8.031257e+03 8.082787e+03 8.068885e+03
21.2 8.019360e+03 8.024736e+03 8.079796e+03 8.074419e+03
0.5 8.043102e+03 8.032208e+03 8.081151e+03 8.092044e+03
1.5 8.075838e+03 8.055441e+03 8.079331e+03 8.099727e+03
2.5 8.087854e+03 8.056005e+03 8.081155e+03 8.113004e+03
3.5 8.111855e+03 8.100056e+03 8.083941e+03 8.095740e+03
4.5 8.087686e+03 8.074054e+03 8.083363e+03 8.096996e+03
5.5 8.091946e+03 8.058311e+03 8.082285e+03 8.115920e+03
6.5 8.070466e+03 8.082784e+03 8.084051e+03 8.071733e+03
7.5 8.028966e+03 8.044972e+03 8.084825e+03 8.068818e+03
8.5 8.031385e+03 8.012524e+03 8.082854e+03 8.101715e+03
9.5 8.038333e+03 8.018518e+03 8.082649e+03 8.102464e+03
10.5 8.047501e+03 8.075337e+03 8.084548e+03 8.056713e+03
11.5 8.042840e+03 8.049147e+03 8.083953e+03 8.077646e+03
12.5 8.007927e+03 8.018594e+03 8.082223e+03 8.071556e+03
13.5 8.005739e+03 8.032267e+03 8.083438e+03 8.056909e+03
14.5 8.001830e+03 8.009989e+03 8.084671e+03 8.076512e+03
15.5 8.017356e+03 8.031257e+03 8.082787e+03 8.068885e+03
16.5 8.019360e+03 8.024736e+03 8.079796e+03 8.074419e+03
17.5 8.003469e+03 8.042302e+03 8.077621e+03 8.038788e+03
18.5 7.984545e+03 8.011616e+03 8.077613e+03 8.050542e+03
19.5 8.032270e+03 8.031197e+03 8.081037e+03 8.082111e+03
20.5 7.990253e+03 8.001112e+03 8.083799e+03 8.072940e+03
21.5 7.885901e+03 7.932779e+03 8.082780e+03 8.035902e+03
0.9 8.087686e+03 8.074054e+03 8.083363e+03 8.096996e+03
1.9 8.091946e+03 8.058311e+03 8.082285e+03 8.115920e+03
2.9 8.070466e+03 8.082784e+03 8.084051e+03 8.071733e+03
3.9 8.028966e+03 8.044972e+03 8.084825e+03 8.068818e+03
4.9 8.031385e+03 8.012524e+03 8.082854e+03 8.101715e+03
5.9 8.038333e+03 8.018518e+03 8.082649e+03 8.102464e+03
6.9 8.047501e+03 8.075337e+03 8.084548e+03 8.056713e+03
7.9 8.042840e+03 8.049147e+03 8.083953e+03 8.077646e+03
8.9 8.007927e+03 8.018594e+03 8.082223e+03 8.071556e+03
9.9 8.005739e+03 8.032267e+03 8.083438e+03 8.056909e+03
10.9 8.001830e+03 8.009989e+03 8.084671e+03 8.076512e+03
11.9 8.017356e+03 8.031257e+03 8.082787e+03 8.068885e+03
12.9 8.019360e+03 8.024736e+03 8.079796e+03 8.074419e+03
13.9 8.003469e+03 8.042302e+03 8.077621e+03 8.038788e+03
14.9 7.984545e+03 8.011616e+03 8.077613e+03 8.050542e+03
15.9 8.032270e+03 8.031197e+03 8.081037e+03 8.082111e+03
16.9 7.990253e+03 8.001112e+03 8.083799e+03 8.072940e+03
17.9 7.885901e+03 7.932779e+03 8.082780e+03 8.035902e+03
18.9 7.945608e+03 7.944894e+03 8.080205e+03 8.080918e+03
19.9 7.964986e+03 7.972221e+03 8.078152e+03 8.070917e+03
20.9 7.972184e+03 7.986953e+03 8.078094e+03 8.063325e+03
21.9 7.993399e+03 7.938683e+03 8.081396e+03 8.136111e+03
0.3 8.028966e+03 8.044972e+03 8.084825e+03 8.068818e+03
1.3 8.031385e+03 8.012524e+03 8.082854e+03 8.101715e+03
2.3 8.038333e+03 8.018518e+03 8.082649e+03 8.102464e+03
3.3 8.047501e+03 8.075337e+03 8.084548e+03 8.056713e+03
4.3 8.042840e+03 8.049147e+03 8.083953e+03 8.077646e+03
5.3 8.007927e+03 8.018594e+03 8.082223e+03 8.071556e+03
6.3 8.005739e+03 8.032267e+03 8.083438e+03 8.056909e+03
7.3 8.001830e+03 8.009989e+03 8.084671e+03 8.076512e+03
8.3 8.017356e+03 8.031257e+03 8.082787e+03 8.068885e+03
9.3 8.019360e+03 8.024736e+03 8.079796e+03 8.074419e+03
10.3 8.003469e+03 8.042302e+03 8.077621e+03 8.038788e+03
11.3 7.984545e+03 8.011616e+03 8.077613e+03 8.050542e+03
12.3 8.032270e+03 8.031197e+03 8.081037e+03 8.082111e+03
13.3 7.990253e+03 8.001112e+03 8.083799e+03 8.072940e+03
14.3 7.885901e+03 7.932779e+03 8.082780e+03 8.035902e+03
15.3 7.945608e+03 7.944894e+03 8.080205e+03 8.080918e+03
16.3 7.964986e+03 7.972221e+03 8.078152e+03 8.070917e+03
17.3 7.972184e+03 7.986953e+03 8.078094e+03 8.063325e+03
18.3 7.993399e+03 7.938683e+03 8.081396e+03 8.136111e+03
19.3 7.997770e+03 7.993812e+03 8.084032e+03 8.087989e+03
20.3 8.013574e+03 8.013671e+03 8.082914e+03 8.082816e+03
21.3 8.018363e+03 8.006438e+03 8.080276e+03 8.092201e+03
0.7 8.042840e+03 8.049147e+03 8.083953e+03 8.077646e+03
1.7 8.007927e+03 8.018594e+03 8.082223e+03 8.071556e+03
2.7 8.005739e+03 8.032267e+03 8.083438e+03 8.056909e+03
3.7 8.001830e+03 8.009989e+03 8.084671e+03 8.076512e+03
4.7 8.017356e+03 8.031257e+03 8.082787e+03 8.068885e+03
5.7 8.019360e+03 8.024736e+03 8.079796e+03 8.074419e+03
6.7 8.003469e+03 8.042302e+03 8.077621e+03 8.038788e+03
7.7 7.984545e+03 8.011616e+03 8.077613e+03 8.050542e+03
8.7 8.032270e+03 8.031197e+03 8.081037e+03 8.082111e+03
9.7 7.990253e+03 8.001112e+03 8.083799e+03 8.072940e+03
10.7 7.885901e+03 7.932779e+03 8.082780e+03 8.035902e+03
11.7 7.945608e+03 7.944894e+03 8.080205e+03 8.080918e+03
12.7 7.964986e+03 7.972221e+03 8.078152e+03 8.070917e+03
13.7 7.972184e+03 7.986953e+03 8.078094e+03 8.063325e+03
14.7 7.993399e+03 7.938683e+03 8.081396e+03 8.136111e+03
15.7 7.997770e+03 7.993812e+03 8.084032e+03 8.087989e+03
16.7 8.013574e+03 8.013671e+03 8.082914e+03 8.082816e+03
17.7 8.018363e+03 8.006438e+03 8.080276e+03 8.092201e+03
18.7 8.064548e+03 8.029952e+03 8.078170e+03 8.112767e+03
19.7 8.044879e+03 8.011592e+03 8.076955e+03 8.110243e+03
20.7 8.038599e+03 7.992718e+03 8.076385e+03 8.122266e+03
0.7 8.003469e+03 8.042302e+03 8.077621e+03 8.038788e+03
1.7 7.984545e+03 8.011616e+03 8.077613e+03 8.050542e+03
2.7 8.032270e+03 8.031197e+03 8.081037e+03 8.082111e+03
3.7 7.990253e+03 8.001112e+03 8.083799e+03 8.072940e+03
4.7 7.885901e+03 7.932779e+03 8.082780e+03 8.035902e+03
5.7 7.945608e+03 7.944894e+03 8.080205e+03 8.080918e+03
6.7 7.964986e+03 7.972221e+03 8.078152e+03 8.070917e+03
7.7 7.972184e+03 7.986953e+03 8.078094e+03 8.063325e+03
8.7 7.993399e+03 7.938683e+03 8.081396e+03 8.136111e+03
9.7 7.997770e+03 7.993812e+03 8.084032e+03 8.087989e+03
10.7 8.013574e+03 8.013671e+03 8.082914e+03 8.082816e+03
11.7 8.018363e+03 8.006438e+03 8.080276e+03 8.092201e+03
12.7 8.064548e+03 8.029952e+03 8.078170e+03 8.112767e+03
13.7 8.044879e+03 8.011592e+03 8.076955e+03 8.110243e+03
14.7 8.038599e+03 7.992718e+03 8.076385e+03 8.122266e+03
0.7 7.964986e+03 7.972221e+03 8.078152e+03 8.070917e+03
1.7 7.972184e+03 7.986953e+03 8.078094e+03 8.063325e+03
2.7 7.993399e+03 7.938683e+03 8.081396e+03 8.136111e+03
3.7 7.997770e+03 7.993812e+03 8.084032e+03 8.087989e+03
4.7 8.013574e+03 8.013671e+03 8.082914e+03 8.082816e+03
5.7 8.018363e+03 8.006438e+03 8.080276e+03 8.092201e+03
6.7 8.064548e+03 8.029952e+03 8.078170e+03 8.112767e+03
7.7 8.044879e+03 8.011592e+03 8.076955e+03 8.110243e+03
8.7 8.038599e+03 7.992718e+03 8.076385e+03 8.122266e+03
