0.2 1.095636e+04 1.094668e+04 1.094019e+04 1.094986e+04
1.2 1.094950e+04 1.093412e+04 1.093909e+04 1.095447e+04
2.2 1.095808e+04 1.096036e+04 1.093191e+04 1.092963e+04
3.2 1.098173e+04 1.098820e+04 1.092764e+04 1.092116e+04
4.2 1.096344e+04 1.098297e+04 1.093031e+04 1.091077e+04
5.2 1.102616e+04 1.100418e+04 1.093484e+04 1.095682e+04
6.2 1.100875e+04 1.101743e+04 1.093820e+04 1.092952e+04
7.2 1.096413e+04 1.097008e+04 1.094011e+04 1.093415e+04
8.2 1.096612e+04 1.094935e+04 1.094102e+04 1.095780e+04
9.2 1.100064e+04 1.093540e+04 1.094130e+04 1.100654e+04
10.2 1.101201e+04 1.096152e+04 1.094121e+04 1.099170e+04
11.2 1.102345e+04 1.100771e+04 1.094096e+04 1.095670e+04
12.2 1.108968e+04 1.107577e+04 1.094070e+04 1.095460e+04
13.2 1.099121e+04 1.106407e+04 1.093988e+04 1.086702e+04
14.2 1.096477e+04 1.098058e+04 1.093323e+04 1.091742e+04
15.2 1.107523e+04 1.097904e+04 1.092782e+04 1.102401e+04
16.2 1.105926e+04 1.098195e+04 1.092973e+04 1.100704e+04
17.2 1.104225e+04 1.102547e+04 1.093425e+04 1.095103e+04
18.2 1.109054e+04 1.103604e+04 1.093782e+04 1.099231e+04
19.2 1.107407e+04 1.109626e+04 1.093937e+04 1.091718e+04
20.2 1.098062e+04 1.105694e+04 1.093405e+04 1.085773e+04
1.0 1.099121e+04 1.106407e+04 1.093988e+04 1.086702e+04
2.0 1.096477e+04 1.098058e+04 1.093323e+04 1.091742e+04
3.0 1.107523e+04 1.097904e+04 1.092782e+04 1.102401e+04
4.0 1.105926e+04 1.098195e+04 1.092973e+04 1.100704e+04
5.0 1.104225e+04 1.102547e+04 1.093425e+04 1.095103e+04
6.0 1.109054e+04 1.103604e+04 1.093782e+04 1.099231e+04
7.0 1.107407e+04 1.109626e+04 1.093937e+04 1.091718e+04
8.0 1.098062e+04 1.105694e+04 1.093405e+04 1.085773e+04
9.0 1.088689e+04 1.105185e+04 1.092889e+04 1.076392e+04
10.0 1.084215e+04 1.095279e+04 1.093063e+04 1.081998e+04
11.0 1.092839e+04 1.091620e+04 1.093493e+04 1.094713e+04
12.0 1.089942e+04 1.089410e+04 1.093828e+04 1.094360e+04
13.0 1.089041e+04 1.086645e+04 1.094019e+04 1.096415e+04
14.0 1.085415e+04 1.088516e+04 1.094109e+04 1.091009e+04
15.0 1.088748e+04 1.092222e+04 1.094138e+04 1.090664e+04
16.0 1.095708e+04 1.096808e+04 1.094128e+04 1.093028e+04
17.0 1.100152e+04 1.099505e+04 1.093878e+04 1.094524e+04
18.0 1.100306e+04 1.101864e+04 1.093082e+04 1.091525e+04
19.0 1.106658e+04 1.102475e+04 1.092812e+04 1.096995e+04
20.0 1.107709e+04 1.101930e+04 1.093154e+04 1.098932e+04
21.0 1.096535e+04 1.097040e+04 1.093584e+04 1.093079e+04
1.0 1.107407e+04 1.109626e+04 1.093937e+04 1.091718e+04
2.0 1.098062e+04 1.105694e+04 1.093405e+04 1.085773e+04
3.0 1.088689e+04 1.105185e+04 1.092889e+04 1.076392e+04
4.0 1.084215e+04 1.095279e+04 1.093063e+04 1.081998e+04
5.0 1.092839e+04 1.091620e+04 1.093493e+04 1.094713e+04
6.0 1.089942e+04 1.089410e+04 1.093828e+04 1.094360e+04
7.0 1.089041e+04 1.086645e+04 1.094019e+04 1.096415e+04
8.0 1.085415e+04 1.088516e+04 1.094109e+04 1.091009e+04
9.0 1.088748e+04 1.092222e+04 1.094138e+04 1.090664e+04
10.0 1.095708e+04 1.096808e+04 1.094128e+04 1.093028e+04
11.0 1.100152e+04 1.099505e+04 1.093878e+04 1.094524e+04
12.0 1.100306e+04 1.101864e+04 1.093082e+04 1.091525e+04
13.0 1.106658e+04 1.102475e+04 1.092812e+04 1.096995e+04
14.0 1.107709e+04 1.101930e+04 1.093154e+04 1.098932e+04
15.0 1.096535e+04 1.097040e+04 1.093584e+04 1.093079e+04
16.0 1.088105e+04 1.089242e+04 1.093879e+04 1.092742e+04
17.0 1.081390e+04 1.089518e+04 1.094041e+04 1.085913e+04
18.0 1.092195e+04 1.089255e+04 1.094114e+04 1.097054e+04
19.0 1.098120e+04 1.092081e+04 1.094131e+04 1.100169e+04
20.0 1.098866e+04 1.096108e+04 1.094117e+04 1.096875e+04
21.0 1.106429e+04 1.100906e+04 1.094086e+04 1.099609e+04
0.4 1.095708e+04 1.096808e+04 1.094128e+04 1.093028e+04
1.4 1.100152e+04 1.099505e+04 1.093878e+04 1.094524e+04
2.4 1.100306e+04 1.101864e+04 1.093082e+04 1.091525e+04
3.4 1.106658e+04 1.102475e+04 1.092812e+04 1.096995e+04
4.4 1.107709e+04 1.101930e+04 1.093154e+04 1.098932e+04
5.4 1.096535e+04 1.097040e+04 1.093584e+04 1.093079e+04
6.4 1.088105e+04 1.089242e+04 1.093879e+04 1.092742e+04
7.4 1.081390e+04 1.089518e+04 1.094041e+04 1.085913e+04
8.4 1.092195e+04 1.089255e+04 1.094114e+04 1.097054e+04
9.4 1.098120e+04 1.092081e+04 1.094131e+04 1.100169e+04
10.4 1.098866e+04 1.096108e+04 1.094117e+04 1.096875e+04
11.4 1.106429e+04 1.100906e+04 1.094086e+04 1.099609e+04
12.4 1.103617e+04 1.102808e+04 1.093702e+04 1.094511e+04
13.4 1.112807e+04 1.104567e+04 1.092936e+04 1.101175e+04
14.4 1.111785e+04 1.104412e+04 1.092833e+04 1.100207e+04
15.4 1.096578e+04 1.101025e+04 1.093236e+04 1.088789e+04
16.4 1.089553e+04 1.096270e+04 1.093630e+04 1.086913e+04
17.4 1.083302e+04 1.090380e+04 1.093373e+04 1.086295e+04
18.4 1.087617e+04 1.089344e+04 1.092859e+04 1.091132e+04
19.4 1.091757e+04 1.088427e+04 1.092993e+04 1.096323e+04
20.4 1.090646e+04 1.087206e+04 1.093446e+04 1.096886e+04
0.6 1.106429e+04 1.100906e+04 1.094086e+04 1.099609e+04
1.6 1.103617e+04 1.102808e+04 1.093702e+04 1.094511e+04
2.6 1.112807e+04 1.104567e+04 1.092936e+04 1.101175e+04
3.6 1.111785e+04 1.104412e+04 1.092833e+04 1.100207e+04
4.6 1.096578e+04 1.101025e+04 1.093236e+04 1.088789e+04
5.6 1.089553e+04 1.096270e+04 1.093630e+04 1.086913e+04
6.6 1.083302e+04 1.090380e+04 1.093373e+04 1.086295e+04
7.6 1.087617e+04 1.089344e+04 1.092859e+04 1.091132e+04
8.6 1.091757e+04 1.088427e+04 1.092993e+04 1.096323e+04
9.6 1.090646e+04 1.087206e+04 1.093446e+04 1.096886e+04
10.6 1.082321e+04 1.085444e+04 1.093816e+04 1.090693e+04
11.6 1.084869e+04 1.088101e+04 1.094025e+04 1.090793e+04
12.6 1.086931e+04 1.091783e+04 1.094121e+04 1.089268e+04
13.6 1.090460e+04 1.094362e+04 1.094149e+04 1.090247e+04
14.6 1.089466e+04 1.093331e+04 1.094139e+04 1.090274e+04
15.6 1.096842e+04 1.092658e+04 1.094112e+04 1.098295e+04
16.6 1.100880e+04 1.095786e+04 1.094081e+04 1.099175e+04
17.6 1.102095e+04 1.097376e+04 1.094056e+04 1.098775e+04
18.6 1.106569e+04 1.103372e+04 1.094039e+04 1.097237e+04
19.6 1.097038e+04 1.104058e+04 1.094029e+04 1.087009e+04
20.6 1.098918e+04 1.103636e+04 1.094024e+04 1.089305e+04
0.8 1.089553e+04 1.096270e+04 1.093630e+04 1.086913e+04
1.8 1.083302e+04 1.090380e+04 1.093373e+04 1.086295e+04
2.8 1.087617e+04 1.089344e+04 1.092859e+04 1.091132e+04
3.8 1.091757e+04 1.088427e+04 1.092993e+04 1.096323e+04
4.8 1.090646e+04 1.087206e+04 1.093446e+04 1.096886e+04
5.8 1.082321e+04 1.085444e+04 1.093816e+04 1.090693e+04
6.8 1.084869e+04 1.088101e+04 1.094025e+04 1.090793e+04
7.8 1.086931e+04 1.091783e+04 1.094121e+04 1.089268e+04
8.8 1.090460e+04 1.094362e+04 1.094149e+04 1.090247e+04
9.8 1.089466e+04 1.093331e+04 1.094139e+04 1.090274e+04
10.8 1.096842e+04 1.092658e+04 1.094112e+04 1.098295e+04
11.8 1.100880e+04 1.095786e+04 1.094081e+04 1.099175e+04
12.8 1.102095e+04 1.097376e+04 1.094056e+04 1.098775e+04
13.8 1.106569e+04 1.103372e+04 1.094039e+04 1.097237e+04
14.8 1.097038e+04 1.104058e+04 1.094029e+04 1.087009e+04
15.8 1.098918e+04 1.103636e+04 1.094024e+04 1.089305e+04
16.8 1.098400e+04 1.102722e+04 1.094021e+04 1.089698e+04
17.8 1.101954e+04 1.105871e+04 1.094020e+04 1.090102e+04
18.8 1.100823e+04 1.103296e+04 1.094019e+04 1.091546e+04
19.8 1.106549e+04 1.106947e+04 1.094019e+04 1.093620e+04
20.8 1.103585e+04 1.103628e+04 1.094019e+04 1.093976e+04
0.5 1.088486e+04 1.098610e+04 1.094018e+04 1.083894e+04
1.5 1.090895e+04 1.102382e+04 1.093757e+04 1.082270e+04
2.5 1.082437e+04 1.093720e+04 1.092990e+04 1.081706e+04
3.5 1.087276e+04 1.088955e+04 1.092788e+04 1.091109e+04
4.5 1.094183e+04 1.090264e+04 1.093162e+04 1.097081e+04
5.5 1.100656e+04 1.097066e+04 1.093596e+04 1.097186e+04
6.5 1.098147e+04 1.098176e+04 1.093887e+04 1.093859e+04
7.5 1.104435e+04 1.103420e+04 1.094045e+04 1.095060e+04
8.5 1.103256e+04 1.102630e+04 1.094115e+04 1.094741e+04
9.5 1.105595e+04 1.104769e+04 1.094130e+04 1.094956e+04
10.5 1.111559e+04 1.105934e+04 1.094115e+04 1.099741e+04
11.5 1.101709e+04 1.104988e+04 1.094088e+04 1.090810e+04
12.5 1.090187e+04 1.094882e+04 1.094063e+04 1.089367e+04
13.5 1.089650e+04 1.089148e+04 1.093801e+04 1.094303e+04
14.5 1.095108e+04 1.089347e+04 1.093021e+04 1.098781e+04
15.5 1.096224e+04 1.092498e+04 1.092790e+04 1.096516e+04
16.5 1.104375e+04 1.098259e+04 1.093152e+04 1.099267e+04
17.5 1.104823e+04 1.102574e+04 1.093583e+04 1.095833e+04
18.5 1.109846e+04 1.103567e+04 1.093519e+04 1.099798e+04
19.5 1.102008e+04 1.104669e+04 1.092933e+04 1.090273e+04
20.5 1.098375e+04 1.103813e+04 1.092915e+04 1.087477e+04
0.4 1.090187e+04 1.094882e+04 1.094063e+04 1.089367e+04
1.4 1.089650e+04 1.089148e+04 1.093801e+04 1.094303e+04
2.4 1.095108e+04 1.089347e+04 1.093021e+04 1.098781e+04
3.4 1.096224e+04 1.092498e+04 1.092790e+04 1.096516e+04
4.4 1.104375e+04 1.098259e+04 1.093152e+04 1.099267e+04
5.4 1.104823e+04 1.102574e+04 1.093583e+04 1.095833e+04
6.4 1.109846e+04 1.103567e+04 1.093519e+04 1.099798e+04
7.4 1.102008e+04 1.104669e+04 1.092933e+04 1.090273e+04
8.4 1.098375e+04 1.103813e+04 1.092915e+04 1.087477e+04
9.4 1.090359e+04 1.103386e+04 1.093295e+04 1.080268e+04
10.4 1.095093e+04 1.104294e+04 1.093080e+04 1.083879e+04
11.4 1.104257e+04 1.105035e+04 1.092752e+04 1.091974e+04
12.4 1.107600e+04 1.111373e+04 1.093032e+04 1.089259e+04
13.4 1.110065e+04 1.108361e+04 1.093526e+04 1.095230e+04
14.4 1.107764e+04 1.105622e+04 1.093890e+04 1.096032e+04
15.4 1.111288e+04 1.109004e+04 1.094081e+04 1.096365e+04
16.4 1.117253e+04 1.112782e+04 1.094159e+04 1.098629e+04
17.4 1.116428e+04 1.112083e+04 1.094171e+04 1.098516e+04
18.4 1.109812e+04 1.107968e+04 1.094149e+04 1.095993e+04
19.4 1.097606e+04 1.101614e+04 1.093922e+04 1.089915e+04
20.4 1.096474e+04 1.100533e+04 1.093126e+04 1.089067e+04
0.6 1.104823e+04 1.102574e+04 1.093583e+04 1.095833e+04
1.6 1.109846e+04 1.103567e+04 1.093519e+04 1.099798e+04
2.6 1.102008e+04 1.104669e+04 1.092933e+04 1.090273e+04
3.6 1.098375e+04 1.103813e+04 1.092915e+04 1.087477e+04
4.6 1.090359e+04 1.103386e+04 1.093295e+04 1.080268e+04
5.6 1.095093e+04 1.104294e+04 1.093080e+04 1.083879e+04
6.6 1.104257e+04 1.105035e+04 1.092752e+04 1.091974e+04
7.6 1.107600e+04 1.111373e+04 1.093032e+04 1.089259e+04
8.6 1.110065e+04 1.108361e+04 1.093526e+04 1.095230e+04
9.6 1.107764e+04 1.105622e+04 1.093890e+04 1.096032e+04
10.6 1.111288e+04 1.109004e+04 1.094081e+04 1.096365e+04
11.6 1.117253e+04 1.112782e+04 1.094159e+04 1.098629e+04
12.6 1.116428e+04 1.112083e+04 1.094171e+04 1.098516e+04
13.6 1.109812e+04 1.107968e+04 1.094149e+04 1.095993e+04
14.6 1.097606e+04 1.101614e+04 1.093922e+04 1.089915e+04
15.6 1.096474e+04 1.100533e+04 1.093126e+04 1.089067e+04
16.6 1.105966e+04 1.101456e+04 1.092808e+04 1.097318e+04
17.6 1.100228e+04 1.100848e+04 1.093128e+04 1.092508e+04
18.6 1.099046e+04 1.100818e+04 1.093563e+04 1.091791e+04
19.6 1.109384e+04 1.101818e+04 1.093866e+04 1.101432e+04
20.6 1.110899e+04 1.101942e+04 1.094034e+04 1.102991e+04
1.0 1.090359e+04 1.103386e+04 1.093295e+04 1.080268e+04
2.0 1.095093e+04 1.104294e+04 1.093080e+04 1.083879e+04
3.0 1.104257e+04 1.105035e+04 1.092752e+04 1.091974e+04
4.0 1.107600e+04 1.111373e+04 1.093032e+04 1.089259e+04
5.0 1.110065e+04 1.108361e+04 1.093526e+04 1.095230e+04
6.0 1.107764e+04 1.105622e+04 1.093890e+04 1.096032e+04
7.0 1.111288e+04 1.109004e+04 1.094081e+04 1.096365e+04
8.0 1.117253e+04 1.112782e+04 1.094159e+04 1.098629e+04
9.0 1.116428e+04 1.112083e+04 1.094171e+04 1.098516e+04
10.0 1.109812e+04 1.107968e+04 1.094149e+04 1.095993e+04
11.0 1.097606e+04 1.101614e+04 1.093922e+04 1.089915e+04
12.0 1.096474e+04 1.100533e+04 1.093126e+04 1.089067e+04
13.0 1.105966e+04 1.101456e+04 1.092808e+04 1.097318e+04
14.0 1.100228e+04 1.100848e+04 1.093128e+04 1.092508e+04
15.0 1.099046e+04 1.100818e+04 1.093563e+04 1.091791e+04
16.0 1.109384e+04 1.101818e+04 1.093866e+04 1.101432e+04
17.0 1.110899e+04 1.101942e+04 1.094034e+04 1.102991e+04
18.0 1.109276e+04 1.099167e+04 1.094111e+04 1.104221e+04
19.0 1.102982e+04 1.095737e+04 1.094131e+04 1.101376e+04
20.0 1.097207e+04 1.095846e+04 1.094118e+04 1.095479e+04
21.0 1.099542e+04 1.097500e+04 1.094091e+04 1.096133e+04
0.3 1.109812e+04 1.107968e+04 1.094149e+04 1.095993e+04
1.3 1.097606e+04 1.101614e+04 1.093922e+04 1.089915e+04
2.3 1.096474e+04 1.100533e+04 1.093126e+04 1.089067e+04
3.3 1.105966e+04 1.101456e+04 1.092808e+04 1.097318e+04
4.3 1.100228e+04 1.100848e+04 1.093128e+04 1.092508e+04
5.3 1.099046e+04 1.100818e+04 1.093563e+04 1.091791e+04
6.3 1.109384e+04 1.101818e+04 1.093866e+04 1.101432e+04
7.3 1.110899e+04 1.101942e+04 1.094034e+04 1.102991e+04
8.3 1.109276e+04 1.099167e+04 1.094111e+04 1.104221e+04
9.3 1.102982e+04 1.095737e+04 1.094131e+04 1.101376e+04
10.3 1.097207e+04 1.095846e+04 1.094118e+04 1.095479e+04
11.3 1.099542e+04 1.097500e+04 1.094091e+04 1.096133e+04
12.3 1.097120e+04 1.096969e+04 1.093785e+04 1.093936e+04
13.3 1.102213e+04 1.096408e+04 1.093000e+04 1.098804e+04
14.3 1.102411e+04 1.095542e+04 1.092808e+04 1.099677e+04
15.3 1.092447e+04 1.090399e+04 1.093183e+04 1.095230e+04
16.3 1.077576e+04 1.084776e+04 1.093610e+04 1.086410e+04
17.3 1.073544e+04 1.081666e+04 1.093895e+04 1.085772e+04
18.3 1.079114e+04 1.084915e+04 1.094049e+04 1.088248e+04
19.3 1.086344e+04 1.085732e+04 1.094117e+04 1.094728e+04
20.3 1.088906e+04 1.091818e+04 1.094052e+04 1.091141e+04
0.5 1.099542e+04 1.097500e+04 1.094091e+04 1.096133e+04
1.5 1.097120e+04 1.096969e+04 1.093785e+04 1.093936e+04
2.5 1.102213e+04 1.096408e+04 1.093000e+04 1.098804e+04
3.5 1.102411e+04 1.095542e+04 1.092808e+04 1.099677e+04
4.5 1.092447e+04 1.090399e+04 1.093183e+04 1.095230e+04
5.5 1.077576e+04 1.084776e+04 1.093610e+04 1.086410e+04
6.5 1.073544e+04 1.081666e+04 1.093895e+04 1.085772e+04
7.5 1.079114e+04 1.084915e+04 1.094049e+04 1.088248e+04
8.5 1.086344e+04 1.085732e+04 1.094117e+04 1.094728e+04
9.5 1.088906e+04 1.091818e+04 1.094052e+04 1.091141e+04
10.5 1.088408e+04 1.089695e+04 1.093355e+04 1.092068e+04
11.5 1.086635e+04 1.089359e+04 1.092837e+04 1.090113e+04
12.5 1.096961e+04 1.095787e+04 1.093036e+04 1.094210e+04
13.5 1.099344e+04 1.093684e+04 1.093212e+04 1.098872e+04
14.5 1.099458e+04 1.094783e+04 1.092781e+04 1.097457e+04
15.5 1.096543e+04 1.099036e+04 1.092774e+04 1.090281e+04
16.5 1.084896e+04 1.098079e+04 1.093222e+04 1.080039e+04
17.5 1.083163e+04 1.098782e+04 1.093164e+04 1.077546e+04
18.5 1.089067e+04 1.102708e+04 1.092791e+04 1.079150e+04
19.5 1.093505e+04 1.099194e+04 1.092998e+04 1.087308e+04
20.5 1.087866e+04 1.097601e+04 1.093485e+04 1.083751e+04
0.1 1.086344e+04 1.085732e+04 1.094117e+04 1.094728e+04
1.1 1.088906e+04 1.091818e+04 1.094052e+04 1.091141e+04
2.1 1.088408e+04 1.089695e+04 1.093355e+04 1.092068e+04
3.1 1.086635e+04 1.089359e+04 1.092837e+04 1.090113e+04
4.1 1.096961e+04 1.095787e+04 1.093036e+04 1.094210e+04
5.1 1.099344e+04 1.093684e+04 1.093212e+04 1.098872e+04
6.1 1.099458e+04 1.094783e+04 1.092781e+04 1.097457e+04
7.1 1.096543e+04 1.099036e+04 1.092774e+04 1.090281e+04
8.1 1.084896e+04 1.098079e+04 1.093222e+04 1.080039e+04
9.1 1.083163e+04 1.098782e+04 1.093164e+04 1.077546e+04
10.1 1.089067e+04 1.102708e+04 1.092791e+04 1.079150e+04
11.1 1.093505e+04 1.099194e+04 1.092998e+04 1.087308e+04
12.1 1.087866e+04 1.097601e+04 1.093485e+04 1.083751e+04
13.1 1.097078e+04 1.099278e+04 1.093866e+04 1.091666e+04
14.1 1.089609e+04 1.094746e+04 1.094072e+04 1.088935e+04
15.1 1.090780e+04 1.097270e+04 1.094158e+04 1.087667e+04
16.1 1.099931e+04 1.098327e+04 1.094174e+04 1.095778e+04
17.1 1.106357e+04 1.098575e+04 1.094154e+04 1.101937e+04
18.1 1.106251e+04 1.097540e+04 1.094011e+04 1.102722e+04
19.1 1.115572e+04 1.098464e+04 1.093258e+04 1.110365e+04
20.1 1.106142e+04 1.094075e+04 1.092803e+04 1.104871e+04
0.5 1.096961e+04 1.095787e+04 1.093036e+04 1.094210e+04
1.5 1.099344e+04 1.093684e+04 1.093212e+04 1.098872e+04
2.5 1.099458e+04 1.094783e+04 1.092781e+04 1.097457e+04
3.5 1.096543e+04 1.099036e+04 1.092774e+04 1.090281e+04
4.5 1.084896e+04 1.098079e+04 1.093222e+04 1.080039e+04
5.5 1.083163e+04 1.098782e+04 1.093164e+04 1.077546e+04
6.5 1.089067e+04 1.102708e+04 1.092791e+04 1.079150e+04
7.5 1.093505e+04 1.099194e+04 1.092998e+04 1.087308e+04
8.5 1.087866e+04 1.097601e+04 1.093485e+04 1.083751e+04
9.5 1.097078e+04 1.099278e+04 1.093866e+04 1.091666e+04
10.5 1.089609e+04 1.094746e+04 1.094072e+04 1.088935e+04
11.5 1.090780e+04 1.097270e+04 1.094158e+04 1.087667e+04
12.5 1.099931e+04 1.098327e+04 1.094174e+04 1.095778e+04
13.5 1.106357e+04 1.098575e+04 1.094154e+04 1.101937e+04
14.5 1.106251e+04 1.097540e+04 1.094011e+04 1.102722e+04
15.5 1.115572e+04 1.098464e+04 1.093258e+04 1.110365e+04
16.5 1.106142e+04 1.094075e+04 1.092803e+04 1.104871e+04
17.5 1.098882e+04 1.089485e+04 1.093050e+04 1.102447e+04
18.5 1.092643e+04 1.088292e+04 1.093175e+04 1.097526e+04
19.5 1.089043e+04 1.090168e+04 1.092746e+04 1.091621e+04
20.5 1.088157e+04 1.088666e+04 1.092800e+04 1.092290e+04
0.8 1.084896e+04 1.098079e+04 1.093222e+04 1.080039e+04
1.8 1.083163e+04 1.098782e+04 1.093164e+04 1.077546e+04
2.8 1.089067e+04 1.102708e+04 1.092791e+04 1.079150e+04
3.8 1.093505e+04 1.099194e+04 1.092998e+04 1.087308e+04
4.8 1.087866e+04 1.097601e+04 1.093485e+04 1.083751e+04
5.8 1.097078e+04 1.099278e+04 1.093866e+04 1.091666e+04
6.8 1.089609e+04 1.094746e+04 1.094072e+04 1.088935e+04
7.8 1.090780e+04 1.097270e+04 1.094158e+04 1.087667e+04
8.8 1.099931e+04 1.098327e+04 1.094174e+04 1.095778e+04
9.8 1.106357e+04 1.098575e+04 1.094154e+04 1.101937e+04
10.8 1.106251e+04 1.097540e+04 1.094011e+04 1.102722e+04
11.8 1.115572e+04 1.098464e+04 1.093258e+04 1.110365e+04
12.8 1.106142e+04 1.094075e+04 1.092803e+04 1.104871e+04
13.8 1.098882e+04 1.089485e+04 1.093050e+04 1.102447e+04
14.8 1.092643e+04 1.088292e+04 1.093175e+04 1.097526e+04
15.8 1.089043e+04 1.090168e+04 1.092746e+04 1.091621e+04
16.8 1.088157e+04 1.088666e+04 1.092800e+04 1.092290e+04
17.8 1.092419e+04 1.094266e+04 1.093287e+04 1.091439e+04
18.8 1.091289e+04 1.096381e+04 1.093740e+04 1.088647e+04
19.8 1.095360e+04 1.096972e+04 1.094008e+04 1.092396e+04
20.8 1.094784e+04 1.094878e+04 1.094132e+04 1.094038e+04
0.2 1.106357e+04 1.098575e+04 1.094154e+04 1.101937e+04
1.2 1.106251e+04 1.097540e+04 1.094011e+04 1.102722e+04
2.2 1.115572e+04 1.098464e+04 1.093258e+04 1.110365e+04
3.2 1.106142e+04 1.094075e+04 1.092803e+04 1.104871e+04
4.2 1.098882e+04 1.089485e+04 1.093050e+04 1.102447e+04
5.2 1.092643e+04 1.088292e+04 1.093175e+04 1.097526e+04
6.2 1.089043e+04 1.090168e+04 1.092746e+04 1.091621e+04
7.2 1.088157e+04 1.088666e+04 1.092800e+04 1.092290e+04
8.2 1.092419e+04 1.094266e+04 1.093287e+04 1.091439e+04
9.2 1.091289e+04 1.096381e+04 1.093740e+04 1.088647e+04
10.2 1.095360e+04 1.096972e+04 1.094008e+04 1.092396e+04
11.2 1.094784e+04 1.094878e+04 1.094132e+04 1.094038e+04
12.2 1.100658e+04 1.096876e+04 1.094170e+04 1.097952e+04
13.2 1.104386e+04 1.100374e+04 1.094160e+04 1.098172e+04
14.2 1.102090e+04 1.100158e+04 1.094129e+04 1.096061e+04
15.2 1.104427e+04 1.103222e+04 1.094088e+04 1.095293e+04
16.2 1.100597e+04 1.102883e+04 1.093659e+04 1.091374e+04
17.2 1.100492e+04 1.104148e+04 1.092908e+04 1.089252e+04
18.2 1.101532e+04 1.105855e+04 1.092848e+04 1.088526e+04
19.2 1.107171e+04 1.104719e+04 1.093262e+04 1.095714e+04
20.2 1.110902e+04 1.108552e+04 1.093670e+04 1.096020e+04
0.5 1.098882e+04 1.089485e+04 1.093050e+04 1.102447e+04
1.5 1.092643e+04 1.088292e+04 1.093175e+04 1.097526e+04
2.5 1.089043e+04 1.090168e+04 1.092746e+04 1.091621e+04
3.5 1.088157e+04 1.088666e+04 1.092800e+04 1.092290e+04
4.5 1.092419e+04 1.094266e+04 1.093287e+04 1.091439e+04
5.5 1.091289e+04 1.096381e+04 1.093740e+04 1.088647e+04
6.5 1.095360e+04 1.096972e+04 1.094008e+04 1.092396e+04
7.5 1.094784e+04 1.094878e+04 1.094132e+04 1.094038e+04
8.5 1.100658e+04 1.096876e+04 1.094170e+04 1.097952e+04
9.5 1.104386e+04 1.100374e+04 1.094160e+04 1.098172e+04
10.5 1.102090e+04 1.100158e+04 1.094129e+04 1.096061e+04
11.5 1.104427e+04 1.103222e+04 1.094088e+04 1.095293e+04
12.5 1.100597e+04 1.102883e+04 1.093659e+04 1.091374e+04
13.5 1.100492e+04 1.104148e+04 1.092908e+04 1.089252e+04
14.5 1.101532e+04 1.105855e+04 1.092848e+04 1.088526e+04
15.5 1.107171e+04 1.104719e+04 1.093262e+04 1.095714e+04
16.5 1.110902e+04 1.108552e+04 1.093670e+04 1.096020e+04
17.5 1.112206e+04 1.103234e+04 1.093929e+04 1.102901e+04
18.5 1.116513e+04 1.106325e+04 1.094065e+04 1.104253e+04
19.5 1.115203e+04 1.105265e+04 1.094122e+04 1.104060e+04
20.5 1.099583e+04 1.103558e+04 1.094129e+04 1.090155e+04
0.7 1.104427e+04 1.103222e+04 1.094088e+04 1.095293e+04
1.7 1.100597e+04 1.102883e+04 1.093659e+04 1.091374e+04
2.7 1.100492e+04 1.104148e+04 1.092908e+04 1.089252e+04
3.7 1.101532e+04 1.105855e+04 1.092848e+04 1.088526e+04
4.7 1.107171e+04 1.104719e+04 1.093262e+04 1.095714e+04
5.7 1.110902e+04 1.108552e+04 1.093670e+04 1.096020e+04
6.7 1.112206e+04 1.103234e+04 1.093929e+04 1.102901e+04
7.7 1.116513e+04 1.106325e+04 1.094065e+04 1.104253e+04
8.7 1.115203e+04 1.105265e+04 1.094122e+04 1.104060e+04
9.7 1.099583e+04 1.103558e+04 1.094129e+04 1.090155e+04
10.7 1.101203e+04 1.100095e+04 1.094049e+04 1.095158e+04
11.7 1.103085e+04 1.104344e+04 1.093371e+04 1.092112e+04
12.7 1.099628e+04 1.104798e+04 1.092814e+04 1.087644e+04
13.7 1.091730e+04 1.096805e+04 1.092991e+04 1.087916e+04
14.7 1.078371e+04 1.089374e+04 1.093193e+04 1.082190e+04
15.7 1.075008e+04 1.085072e+04 1.092776e+04 1.082711e+04
16.7 1.079628e+04 1.080662e+04 1.092757e+04 1.091723e+04
17.7 1.070446e+04 1.080659e+04 1.093225e+04 1.083012e+04
18.7 1.078079e+04 1.081823e+04 1.093697e+04 1.089953e+04
19.7 1.083970e+04 1.086632e+04 1.093986e+04 1.091323e+04
20.7 1.080822e+04 1.083952e+04 1.093862e+04 1.090733e+04
1.0 1.101203e+04 1.100095e+04 1.094049e+04 1.095158e+04
2.0 1.103085e+04 1.104344e+04 1.093371e+04 1.092112e+04
3.0 1.099628e+04 1.104798e+04 1.092814e+04 1.087644e+04
4.0 1.091730e+04 1.096805e+04 1.092991e+04 1.087916e+04
5.0 1.078371e+04 1.089374e+04 1.093193e+04 1.082190e+04
6.0 1.075008e+04 1.085072e+04 1.092776e+04 1.082711e+04
7.0 1.079628e+04 1.080662e+04 1.092757e+04 1.091723e+04
8.0 1.070446e+04 1.080659e+04 1.093225e+04 1.083012e+04
9.0 1.078079e+04 1.081823e+04 1.093697e+04 1.089953e+04
10.0 1.083970e+04 1.086632e+04 1.093986e+04 1.091323e+04
11.0 1.080822e+04 1.083952e+04 1.093862e+04 1.090733e+04
12.0 1.074144e+04 1.080177e+04 1.093140e+04 1.087107e+04
13.0 1.084434e+04 1.080771e+04 1.092933e+04 1.096595e+04
14.0 1.086937e+04 1.080672e+04 1.093252e+04 1.099517e+04
15.0 1.084730e+04 1.084078e+04 1.093108e+04 1.093760e+04
16.0 1.087166e+04 1.080924e+04 1.092727e+04 1.098969e+04
17.0 1.083734e+04 1.080038e+04 1.092955e+04 1.096652e+04
18.0 1.085596e+04 1.083010e+04 1.093459e+04 1.096045e+04
19.0 1.082978e+04 1.083523e+04 1.093850e+04 1.093305e+04
20.0 1.086465e+04 1.086517e+04 1.094063e+04 1.094011e+04
21.0 1.086285e+04 1.085815e+04 1.094153e+04 1.094623e+04
0.4 1.091730e+04 1.096805e+04 1.092991e+04 1.087916e+04
1.4 1.078371e+04 1.089374e+04 1.093193e+04 1.082190e+04
2.4 1.075008e+04 1.085072e+04 1.092776e+04 1.082711e+04
3.4 1.079628e+04 1.080662e+04 1.092757e+04 1.091723e+04
4.4 1.070446e+04 1.080659e+04 1.093225e+04 1.083012e+04
5.4 1.078079e+04 1.081823e+04 1.093697e+04 1.089953e+04
6.4 1.083970e+04 1.086632e+04 1.093986e+04 1.091323e+04
7.4 1.080822e+04 1.083952e+04 1.093862e+04 1.090733e+04
8.4 1.074144e+04 1.080177e+04 1.093140e+04 1.087107e+04
9.4 1.084434e+04 1.080771e+04 1.092933e+04 1.096595e+04
10.4 1.086937e+04 1.080672e+04 1.093252e+04 1.099517e+04
11.4 1.084730e+04 1.084078e+04 1.093108e+04 1.093760e+04
12.4 1.087166e+04 1.080924e+04 1.092727e+04 1.098969e+04
13.4 1.083734e+04 1.080038e+04 1.092955e+04 1.096652e+04
14.4 1.085596e+04 1.083010e+04 1.093459e+04 1.096045e+04
15.4 1.082978e+04 1.083523e+04 1.093850e+04 1.093305e+04
16.4 1.086465e+04 1.086517e+04 1.094063e+04 1.094011e+04
17.4 1.086285e+04 1.085815e+04 1.094153e+04 1.094623e+04
18.4 1.089716e+04 1.090690e+04 1.094171e+04 1.093197e+04
19.4 1.091110e+04 1.091188e+04 1.094152e+04 1.094075e+04
20.4 1.091422e+04 1.090379e+04 1.094118e+04 1.095161e+04
0.5 1.083970e+04 1.086632e+04 1.093986e+04 1.091323e+04
1.5 1.080822e+04 1.083952e+04 1.093862e+04 1.090733e+04
2.5 1.074144e+04 1.080177e+04 1.093140e+04 1.087107e+04
3.5 1.084434e+04 1.080771e+04 1.092933e+04 1.096595e+04
4.5 1.086937e+04 1.080672e+04 1.093252e+04 1.099517e+04
5.5 1.084730e+04 1.084078e+04 1.093108e+04 1.093760e+04
6.5 1.087166e+04 1.080924e+04 1.092727e+04 1.098969e+04
7.5 1.083734e+04 1.080038e+04 1.092955e+04 1.096652e+04
8.5 1.085596e+04 1.083010e+04 1.093459e+04 1.096045e+04
9.5 1.082978e+04 1.083523e+04 1.093850e+04 1.093305e+04
10.5 1.086465e+04 1.086517e+04 1.094063e+04 1.094011e+04
11.5 1.086285e+04 1.085815e+04 1.094153e+04 1.094623e+04
12.5 1.089716e+04 1.090690e+04 1.094171e+04 1.093197e+04
13.5 1.091110e+04 1.091188e+04 1.094152e+04 1.094075e+04
14.5 1.091422e+04 1.090379e+04 1.094118e+04 1.095161e+04
15.5 1.097248e+04 1.097117e+04 1.094084e+04 1.094215e+04
16.5 1.099184e+04 1.098885e+04 1.094028e+04 1.094327e+04
17.5 1.096769e+04 1.096726e+04 1.093447e+04 1.093490e+04
18.5 1.098091e+04 1.095672e+04 1.092812e+04 1.095232e+04
19.5 1.094277e+04 1.092344e+04 1.092917e+04 1.094850e+04
20.5 1.096074e+04 1.094739e+04 1.093363e+04 1.094698e+04
0.9 1.086937e+04 1.080672e+04 1.093252e+04 1.099517e+04
1.9 1.084730e+04 1.084078e+04 1.093108e+04 1.093760e+04
2.9 1.087166e+04 1.080924e+04 1.092727e+04 1.098969e+04
3.9 1.083734e+04 1.080038e+04 1.092955e+04 1.096652e+04
4.9 1.085596e+04 1.083010e+04 1.093459e+04 1.096045e+04
5.9 1.082978e+04 1.083523e+04 1.093850e+04 1.093305e+04
6.9 1.086465e+04 1.086517e+04 1.094063e+04 1.094011e+04
7.9 1.086285e+04 1.085815e+04 1.094153e+04 1.094623e+04
8.9 1.089716e+04 1.090690e+04 1.094171e+04 1.093197e+04
9.9 1.091110e+04 1.091188e+04 1.094152e+04 1.094075e+04
10.9 1.091422e+04 1.090379e+04 1.094118e+04 1.095161e+04
11.9 1.097248e+04 1.097117e+04 1.094084e+04 1.094215e+04
12.9 1.099184e+04 1.098885e+04 1.094028e+04 1.094327e+04
13.9 1.096769e+04 1.096726e+04 1.093447e+04 1.093490e+04
14.9 1.098091e+04 1.095672e+04 1.092812e+04 1.095232e+04
15.9 1.094277e+04 1.092344e+04 1.092917e+04 1.094850e+04
16.9 1.096074e+04 1.094739e+04 1.093363e+04 1.094698e+04
17.9 1.094924e+04 1.094331e+04 1.093741e+04 1.094334e+04
18.9 1.090647e+04 1.090324e+04 1.093969e+04 1.094292e+04
19.9 1.096305e+04 1.094289e+04 1.094074e+04 1.096091e+04
20.9 1.098628e+04 1.093359e+04 1.093676e+04 1.098945e+04
0.9 1.099184e+04 1.098885e+04 1.094028e+04 1.094327e+04
1.9 1.096769e+04 1.096726e+04 1.093447e+04 1.093490e+04
2.9 1.098091e+04 1.095672e+04 1.092812e+04 1.095232e+04
3.9 1.094277e+04 1.092344e+04 1.092917e+04 1.094850e+04
4.9 1.096074e+04 1.094739e+04 1.093363e+04 1.094698e+04
5.9 1.094924e+04 1.094331e+04 1.093741e+04 1.094334e+04
6.9 1.090647e+04 1.090324e+04 1.093969e+04 1.094292e+04
7.9 1.096305e+04 1.094289e+04 1.094074e+04 1.096091e+04
8.9 1.098628e+04 1.093359e+04 1.093676e+04 1.098945e+04
9.9 1.098826e+04 1.094750e+04 1.092966e+04 1.097042e+04
10.9 1.092989e+04 1.093647e+04 1.092938e+04 1.092280e+04
11.9 1.092000e+04 1.094095e+04 1.093243e+04 1.091147e+04
12.9 1.091957e+04 1.091642e+04 1.092917e+04 1.093232e+04
13.9 1.091845e+04 1.090737e+04 1.092704e+04 1.093812e+04
14.9 1.093263e+04 1.094858e+04 1.093079e+04 1.091485e+04
15.9 1.091968e+04 1.093584e+04 1.093582e+04 1.091966e+04
16.9 1.092740e+04 1.091353e+04 1.093732e+04 1.095120e+04
17.9 1.087509e+04 1.090849e+04 1.093143e+04 1.089803e+04
18.9 1.090955e+04 1.090226e+04 1.092917e+04 1.093646e+04
19.9 1.088288e+04 1.087513e+04 1.093259e+04 1.094034e+04
20.9 1.083388e+04 1.084114e+04 1.093678e+04 1.092952e+04
0.7 1.096305e+04 1.094289e+04 1.094074e+04 1.096091e+04
1.7 1.098628e+04 1.093359e+04 1.093676e+04 1.098945e+04
2.7 1.098826e+04 1.094750e+04 1.092966e+04 1.097042e+04
3.7 1.092989e+04 1.093647e+04 1.092938e+04 1.092280e+04
4.7 1.092000e+04 1.094095e+04 1.093243e+04 1.091147e+04
5.7 1.091957e+04 1.091642e+04 1.092917e+04 1.093232e+04
6.7 1.091845e+04 1.090737e+04 1.092704e+04 1.093812e+04
7.7 1.093263e+04 1.094858e+04 1.093079e+04 1.091485e+04
8.7 1.091968e+04 1.093584e+04 1.093582e+04 1.091966e+04
9.7 1.092740e+04 1.091353e+04 1.093732e+04 1.095120e+04
10.7 1.087509e+04 1.090849e+04 1.093143e+04 1.089803e+04
11.7 1.090955e+04 1.090226e+04 1.092917e+04 1.093646e+04
12.7 1.088288e+04 1.087513e+04 1.093259e+04 1.094034e+04
13.7 1.083388e+04 1.084114e+04 1.093678e+04 1.092952e+04
14.7 1.088905e+04 1.088585e+04 1.093951e+04 1.094271e+04
15.7 1.082836e+04 1.088151e+04 1.093897e+04 1.088582e+04
16.7 1.086023e+04 1.088100e+04 1.093189e+04 1.091111e+04
17.7 1.089937e+04 1.088754e+04 1.092901e+04 1.094084e+04
18.7 1.090511e+04 1.088131e+04 1.093216e+04 1.095596e+04
19.7 1.085095e+04 1.084893e+04 1.093630e+04 1.093832e+04
20.7 1.087590e+04 1.086739e+04 1.093910e+04 1.094761e+04
0.1 1.092989e+04 1.093647e+04 1.092938e+04 1.092280e+04
1.1 1.092000e+04 1.094095e+04 1.093243e+04 1.091147e+04
2.1 1.091957e+04 1.091642e+04 1.092917e+04 1.093232e+04
3.1 1.091845e+04 1.090737e+04 1.092704e+04 1.093812e+04
4.1 1.093263e+04 1.094858e+04 1.093079e+04 1.091485e+04
5.1 1.091968e+04 1.093584e+04 1.093582e+04 1.091966e+04
6.1 1.092740e+04 1.091353e+04 1.093732e+04 1.095120e+04
7.1 1.087509e+04 1.090849e+04 1.093143e+04 1.089803e+04
8.1 1.090955e+04 1.090226e+04 1.092917e+04 1.093646e+04
9.1 1.088288e+04 1.087513e+04 1.093259e+04 1.094034e+04
10.1 1.083388e+04 1.084114e+04 1.093678e+04 1.092952e+04
11.1 1.088905e+04 1.088585e+04 1.093951e+04 1.094271e+04
12.1 1.082836e+04 1.088151e+04 1.093897e+04 1.088582e+04
13.1 1.086023e+04 1.088100e+04 1.093189e+04 1.091111e+04
14.1 1.089937e+04 1.088754e+04 1.092901e+04 1.094084e+04
15.1 1.090511e+04 1.088131e+04 1.093216e+04 1.095596e+04
16.1 1.085095e+04 1.084893e+04 1.093630e+04 1.093832e+04
17.1 1.087590e+04 1.086739e+04 1.093910e+04 1.094761e+04
18.1 1.085266e+04 1.088214e+04 1.093852e+04 1.090905e+04
19.1 1.081523e+04 1.086045e+04 1.093151e+04 1.088629e+04
20.1 1.084612e+04 1.086178e+04 1.092894e+04 1.091328e+04
0.4 1.091968e+04 1.093584e+04 1.093582e+04 1.091966e+04
1.4 1.092740e+04 1.091353e+04 1.093732e+04 1.095120e+04
2.4 1.087509e+04 1.090849e+04 1.093143e+04 1.089803e+04
3.4 1.090955e+04 1.090226e+04 1.092917e+04 1.093646e+04
4.4 1.088288e+04 1.087513e+04 1.093259e+04 1.094034e+04
5.4 1.083388e+04 1.084114e+04 1.093678e+04 1.092952e+04
6.4 1.088905e+04 1.088585e+04 1.093951e+04 1.094271e+04
7.4 1.082836e+04 1.088151e+04 1.093897e+04 1.088582e+04
8.4 1.086023e+04 1.088100e+04 1.093189e+04 1.091111e+04
9.4 1.089937e+04 1.088754e+04 1.092901e+04 1.094084e+04
10.4 1.090511e+04 1.088131e+04 1.093216e+04 1.095596e+04
11.4 1.085095e+04 1.084893e+04 1.093630e+04 1.093832e+04
12.4 1.087590e+04 1.086739e+04 1.093910e+04 1.094761e+04
13.4 1.085266e+04 1.088214e+04 1.093852e+04 1.090905e+04
14.4 1.081523e+04 1.086045e+04 1.093151e+04 1.088629e+04
15.4 1.084612e+04 1.086178e+04 1.092894e+04 1.091328e+04
16.4 1.084000e+04 1.086673e+04 1.093224e+04 1.090552e+04
17.4 1.086494e+04 1.085716e+04 1.093639e+04 1.094416e+04
18.4 1.083721e+04 1.086734e+04 1.093916e+04 1.090903e+04
19.4 1.085993e+04 1.085855e+04 1.094063e+04 1.094202e+04
20.4 1.087132e+04 1.088872e+04 1.094126e+04 1.092386e+04
0.4 1.088905e+04 1.088585e+04 1.093951e+04 1.094271e+04
1.4 1.082836e+04 1.088151e+04 1.093897e+04 1.088582e+04
2.4 1.086023e+04 1.088100e+04 1.093189e+04 1.091111e+04
3.4 1.089937e+04 1.088754e+04 1.092901e+04 1.094084e+04
4.4 1.090511e+04 1.088131e+04 1.093216e+04 1.095596e+04
5.4 1.085095e+04 1.084893e+04 1.093630e+04 1.093832e+04
6.4 1.087590e+04 1.086739e+04 1.093910e+04 1.094761e+04
7.4 1.085266e+04 1.088214e+04 1.093852e+04 1.090905e+04
8.4 1.081523e+04 1.086045e+04 1.093151e+04 1.088629e+04
9.4 1.084612e+04 1.086178e+04 1.092894e+04 1.091328e+04
10.4 1.084000e+04 1.086673e+04 1.093224e+04 1.090552e+04
11.4 1.086494e+04 1.085716e+04 1.093639e+04 1.094416e+04
12.4 1.083721e+04 1.086734e+04 1.093916e+04 1.090903e+04
13.4 1.085993e+04 1.085855e+04 1.094063e+04 1.094202e+04
14.4 1.087132e+04 1.088872e+04 1.094126e+04 1.092386e+04
15.4 1.085628e+04 1.086615e+04 1.094138e+04 1.093150e+04
16.4 1.086955e+04 1.086910e+04 1.094120e+04 1.094166e+04
17.4 1.086189e+04 1.086181e+04 1.094092e+04 1.094101e+04
18.4 1.091672e+04 1.086558e+04 1.094066e+04 1.099179e+04
19.4 1.085920e+04 1.085463e+04 1.094046e+04 1.094502e+04
20.4 1.087657e+04 1.085793e+04 1.094033e+04 1.095898e+04
0.4 1.087590e+04 1.086739e+04 1.093910e+04 1.094761e+04
1.4 1.085266e+04 1.088214e+04 1.093852e+04 1.090905e+04
2.4 1.081523e+04 1.086045e+04 1.093151e+04 1.088629e+04
3.4 1.084612e+04 1.086178e+04 1.092894e+04 1.091328e+04
4.4 1.084000e+04 1.086673e+04 1.093224e+04 1.090552e+04
5.4 1.086494e+04 1.085716e+04 1.093639e+04 1.094416e+04
6.4 1.083721e+04 1.086734e+04 1.093916e+04 1.090903e+04
7.4 1.085993e+04 1.085855e+04 1.094063e+04 1.094202e+04
8.4 1.087132e+04 1.088872e+04 1.094126e+04 1.092386e+04
9.4 1.085628e+04 1.086615e+04 1.094138e+04 1.093150e+04
10.4 1.086955e+04 1.086910e+04 1.094120e+04 1.094166e+04
11.4 1.086189e+04 1.086181e+04 1.094092e+04 1.094101e+04
12.4 1.091672e+04 1.086558e+04 1.094066e+04 1.099179e+04
13.4 1.085920e+04 1.085463e+04 1.094046e+04 1.094502e+04
14.4 1.087657e+04 1.085793e+04 1.094033e+04 1.095898e+04
15.4 1.090098e+04 1.089409e+04 1.093972e+04 1.094661e+04
16.4 1.091458e+04 1.088655e+04 1.093334e+04 1.096137e+04
17.4 1.088778e+04 1.086150e+04 1.092780e+04 1.095408e+04
18.4 1.084129e+04 1.083711e+04 1.092958e+04 1.093376e+04
19.4 1.086555e+04 1.086422e+04 1.093412e+04 1.093545e+04
20.4 1.084924e+04 1.088264e+04 1.093774e+04 1.090434e+04
1.0 1.090098e+04 1.089409e+04 1.093972e+04 1.094661e+04
2.0 1.091458e+04 1.088655e+04 1.093334e+04 1.096137e+04
3.0 1.088778e+04 1.086150e+04 1.092780e+04 1.095408e+04
4.0 1.084129e+04 1.083711e+04 1.092958e+04 1.093376e+04
5.0 1.086555e+04 1.086422e+04 1.093412e+04 1.093545e+04
6.0 1.084924e+04 1.088264e+04 1.093774e+04 1.090434e+04
7.0 1.088299e+04 1.084729e+04 1.093986e+04 1.097556e+04
8.0 1.084166e+04 1.083427e+04 1.094092e+04 1.094831e+04
9.0 1.086344e+04 1.086377e+04 1.094129e+04 1.094095e+04
10.0 1.086368e+04 1.086892e+04 1.094125e+04 1.093601e+04
11.0 1.088654e+04 1.086517e+04 1.094101e+04 1.096238e+04
12.0 1.089552e+04 1.085957e+04 1.094074e+04 1.097668e+04
13.0 1.081983e+04 1.084430e+04 1.094052e+04 1.091605e+04
14.0 1.083536e+04 1.085589e+04 1.094037e+04 1.091984e+04
15.0 1.082603e+04 1.083522e+04 1.094028e+04 1.093109e+04
16.0 1.080369e+04 1.081231e+04 1.094023e+04 1.093161e+04
17.0 1.083077e+04 1.084117e+04 1.094020e+04 1.092980e+04
18.0 1.084204e+04 1.087338e+04 1.094019e+04 1.090885e+04
19.0 1.080014e+04 1.084829e+04 1.094019e+04 1.089204e+04
20.0 1.079630e+04 1.081171e+04 1.094019e+04 1.092478e+04
21.0 1.086387e+04 1.083400e+04 1.094019e+04 1.097006e+04
0.7 1.083380e+04 1.081289e+04 1.094012e+04 1.096103e+04
1.7 1.081907e+04 1.084177e+04 1.093613e+04 1.091342e+04
2.7 1.087503e+04 1.088944e+04 1.092883e+04 1.091442e+04
3.7 1.087450e+04 1.091225e+04 1.092835e+04 1.089060e+04
4.7 1.085113e+04 1.086560e+04 1.093256e+04 1.091810e+04
5.7 1.085074e+04 1.085306e+04 1.093667e+04 1.093435e+04
6.7 1.083104e+04 1.081578e+04 1.093928e+04 1.095454e+04
