0.1 1.077657e+03 1.087100e+03 1.081377e+03 1.071933e+03
1.1 1.073170e+03 1.081727e+03 1.081543e+03 1.072986e+03
2.1 1.104249e+03 1.096586e+03 1.083678e+03 1.091341e+03
3.1 1.074844e+03 1.091106e+03 1.087642e+03 1.071379e+03
4.1 1.059022e+03 1.068581e+03 1.088891e+03 1.079332e+03
5.1 1.058694e+03 1.071753e+03 1.086831e+03 1.073771e+03
6.1 1.075623e+03 1.064935e+03 1.084168e+03 1.094855e+03
7.1 1.083372e+03 1.082076e+03 1.082291e+03 1.083587e+03
8.1 1.095646e+03 1.077901e+03 1.081251e+03 1.098996e+03
9.1 1.093965e+03 1.079380e+03 1.080783e+03 1.095367e+03
10.1 1.066351e+03 1.093061e+03 1.080675e+03 1.053965e+03
11.1 1.100656e+03 1.091337e+03 1.081372e+03 1.090692e+03
12.1 1.082666e+03 1.086270e+03 1.084696e+03 1.081092e+03
13.1 1.090801e+03 1.087139e+03 1.088243e+03 1.091905e+03
14.1 1.117759e+03 1.096277e+03 1.088069e+03 1.109551e+03
15.1 1.088918e+03 1.064814e+03 1.085594e+03 1.109698e+03
16.1 1.101294e+03 1.074652e+03 1.083253e+03 1.109895e+03
17.1 1.056782e+03 1.075500e+03 1.081775e+03 1.063057e+03
18.1 1.072107e+03 1.081785e+03 1.081011e+03 1.071333e+03
19.1 1.069732e+03 1.090143e+03 1.080714e+03 1.060303e+03
20.1 1.087761e+03 1.075206e+03 1.080701e+03 1.093256e+03
21.1 1.092247e+03 1.093011e+03 1.080847e+03 1.080082e+03
0.5 1.066351e+03 1.093061e+03 1.080675e+03 1.053965e+03
1.5 1.100656e+03 1.091337e+03 1.081372e+03 1.090692e+03
2.5 1.082666e+03 1.086270e+03 1.084696e+03 1.081092e+03
3.5 1.090801e+03 1.087139e+03 1.088243e+03 1.091905e+03
4.5 1.117759e+03 1.096277e+03 1.088069e+03 1.109551e+03
5.5 1.088918e+03 1.064814e+03 1.085594e+03 1.109698e+03
6.5 1.101294e+03 1.074652e+03 1.083253e+03 1.109895e+03
7.5 1.056782e+03 1.075500e+03 1.081775e+03 1.063057e+03
8.5 1.072107e+03 1.081785e+03 1.081011e+03 1.071333e+03
9.5 1.069732e+03 1.090143e+03 1.080714e+03 1.060303e+03
10.5 1.087761e+03 1.075206e+03 1.080701e+03 1.093256e+03
11.5 1.092247e+03 1.093011e+03 1.080847e+03 1.080082e+03
12.5 1.074853e+03 1.096634e+03 1.082083e+03 1.060301e+03
13.5 1.055781e+03 1.079097e+03 1.085882e+03 1.062567e+03
14.5 1.099059e+03 1.090612e+03 1.088774e+03 1.097221e+03
15.5 1.089251e+03 1.100948e+03 1.087806e+03 1.076109e+03
16.5 1.110260e+03 1.080856e+03 1.085141e+03 1.114545e+03
17.5 1.121405e+03 1.065659e+03 1.082915e+03 1.138661e+03
18.5 1.071811e+03 1.069193e+03 1.081577e+03 1.084196e+03
19.5 1.060194e+03 1.079619e+03 1.080914e+03 1.061490e+03
20.5 1.074978e+03 1.071679e+03 1.080685e+03 1.083984e+03
21.5 1.077542e+03 1.076272e+03 1.080712e+03 1.081981e+03
0.7 1.092247e+03 1.093011e+03 1.080847e+03 1.080082e+03
1.7 1.074853e+03 1.096634e+03 1.082083e+03 1.060301e+03
2.7 1.055781e+03 1.079097e+03 1.085882e+03 1.062567e+03
3.7 1.099059e+03 1.090612e+03 1.088774e+03 1.097221e+03
4.7 1.089251e+03 1.100948e+03 1.087806e+03 1.076109e+03
5.7 1.110260e+03 1.080856e+03 1.085141e+03 1.114545e+03
6.7 1.121405e+03 1.065659e+03 1.082915e+03 1.138661e+03
7.7 1.071811e+03 1.069193e+03 1.081577e+03 1.084196e+03
8.7 1.060194e+03 1.079619e+03 1.080914e+03 1.061490e+03
9.7 1.074978e+03 1.071679e+03 1.080685e+03 1.083984e+03
10.7 1.077542e+03 1.076272e+03 1.080712e+03 1.081981e+03
11.7 1.073659e+03 1.075199e+03 1.080858e+03 1.079317e+03
12.7 1.069905e+03 1.074871e+03 1.081026e+03 1.076061e+03
13.7 1.086531e+03 1.092306e+03 1.081166e+03 1.075390e+03
14.7 1.077800e+03 1.084597e+03 1.081261e+03 1.074464e+03
15.7 1.085724e+03 1.082874e+03 1.081318e+03 1.084168e+03
16.7 1.062121e+03 1.078144e+03 1.081349e+03 1.065325e+03
17.7 1.094460e+03 1.088790e+03 1.081364e+03 1.087034e+03
18.7 1.079893e+03 1.095882e+03 1.081392e+03 1.065403e+03
19.7 1.073869e+03 1.081218e+03 1.082530e+03 1.075181e+03
20.7 1.109770e+03 1.102039e+03 1.086234e+03 1.093965e+03
21.7 1.073605e+03 1.090866e+03 1.088925e+03 1.071665e+03
0.7 1.079893e+03 1.095882e+03 1.081392e+03 1.065403e+03
1.7 1.073869e+03 1.081218e+03 1.082530e+03 1.075181e+03
2.7 1.109770e+03 1.102039e+03 1.086234e+03 1.093965e+03
3.7 1.073605e+03 1.090866e+03 1.088925e+03 1.071665e+03
4.7 1.115502e+03 1.100005e+03 1.087805e+03 1.103302e+03
5.7 1.109653e+03 1.099014e+03 1.085097e+03 1.095737e+03
6.7 1.056766e+03 1.083365e+03 1.082895e+03 1.056296e+03
7.7 1.098983e+03 1.093782e+03 1.082641e+03 1.087842e+03
8.7 1.123022e+03 1.097629e+03 1.085632e+03 1.111025e+03
9.7 1.056600e+03 1.080042e+03 1.088120e+03 1.064678e+03
10.7 1.098562e+03 1.100806e+03 1.087079e+03 1.084836e+03
11.7 1.043434e+03 1.071166e+03 1.084557e+03 1.056825e+03
12.7 1.028813e+03 1.038105e+03 1.082530e+03 1.073238e+03
13.7 1.109670e+03 1.076770e+03 1.081356e+03 1.114257e+03
14.7 1.064097e+03 1.057994e+03 1.080803e+03 1.086906e+03
15.7 1.106699e+03 1.082137e+03 1.080637e+03 1.105199e+03
16.7 1.086779e+03 1.087228e+03 1.080697e+03 1.080248e+03
17.7 1.060911e+03 1.073632e+03 1.080857e+03 1.068135e+03
18.7 1.100865e+03 1.093227e+03 1.081030e+03 1.088668e+03
19.7 1.099689e+03 1.087123e+03 1.081169e+03 1.093735e+03
20.7 1.077797e+03 1.090419e+03 1.081263e+03 1.068641e+03
21.7 1.114006e+03 1.100182e+03 1.081678e+03 1.095502e+03
0.7 1.056766e+03 1.083365e+03 1.082895e+03 1.056296e+03
1.7 1.098983e+03 1.093782e+03 1.082641e+03 1.087842e+03
2.7 1.123022e+03 1.097629e+03 1.085632e+03 1.111025e+03
3.7 1.056600e+03 1.080042e+03 1.088120e+03 1.064678e+03
4.7 1.098562e+03 1.100806e+03 1.087079e+03 1.084836e+03
5.7 1.043434e+03 1.071166e+03 1.084557e+03 1.056825e+03
6.7 1.028813e+03 1.038105e+03 1.082530e+03 1.073238e+03
7.7 1.109670e+03 1.076770e+03 1.081356e+03 1.114257e+03
8.7 1.064097e+03 1.057994e+03 1.080803e+03 1.086906e+03
9.7 1.106699e+03 1.082137e+03 1.080637e+03 1.105199e+03
10.7 1.086779e+03 1.087228e+03 1.080697e+03 1.080248e+03
11.7 1.060911e+03 1.073632e+03 1.080857e+03 1.068135e+03
12.7 1.100865e+03 1.093227e+03 1.081030e+03 1.088668e+03
13.7 1.099689e+03 1.087123e+03 1.081169e+03 1.093735e+03
14.7 1.077797e+03 1.090419e+03 1.081263e+03 1.068641e+03
15.7 1.114006e+03 1.100182e+03 1.081678e+03 1.095502e+03
16.7 1.086944e+03 1.085634e+03 1.084415e+03 1.085725e+03
17.7 1.082890e+03 1.081819e+03 1.088161e+03 1.089232e+03
18.7 1.090264e+03 1.095818e+03 1.088529e+03 1.082975e+03
19.7 1.069135e+03 1.082149e+03 1.086152e+03 1.073138e+03
20.7 1.083529e+03 1.087839e+03 1.083644e+03 1.079334e+03
21.7 1.094844e+03 1.097836e+03 1.081993e+03 1.079001e+03
0.3 1.077797e+03 1.090419e+03 1.081263e+03 1.068641e+03
1.3 1.114006e+03 1.100182e+03 1.081678e+03 1.095502e+03
2.3 1.086944e+03 1.085634e+03 1.084415e+03 1.085725e+03
3.3 1.082890e+03 1.081819e+03 1.088161e+03 1.089232e+03
4.3 1.090264e+03 1.095818e+03 1.088529e+03 1.082975e+03
5.3 1.069135e+03 1.082149e+03 1.086152e+03 1.073138e+03
6.3 1.083529e+03 1.087839e+03 1.083644e+03 1.079334e+03
7.3 1.094844e+03 1.097836e+03 1.081993e+03 1.079001e+03
8.3 1.093157e+03 1.086043e+03 1.081113e+03 1.088227e+03
9.3 1.116228e+03 1.100108e+03 1.080745e+03 1.096864e+03
10.3 1.078933e+03 1.089840e+03 1.080691e+03 1.069785e+03
11.3 1.096240e+03 1.087181e+03 1.080804e+03 1.089863e+03
12.3 1.101344e+03 1.095972e+03 1.080970e+03 1.086342e+03
13.3 1.055633e+03 1.084652e+03 1.081121e+03 1.052103e+03
14.3 1.091576e+03 1.079845e+03 1.081232e+03 1.092963e+03
15.3 1.079351e+03 1.097016e+03 1.081301e+03 1.063636e+03
16.3 1.090968e+03 1.088730e+03 1.081342e+03 1.083581e+03
17.3 1.107119e+03 1.097655e+03 1.082020e+03 1.091484e+03
18.3 1.084581e+03 1.088705e+03 1.085259e+03 1.081135e+03
19.3 1.114028e+03 1.095534e+03 1.088578e+03 1.107072e+03
20.3 1.077286e+03 1.087498e+03 1.088179e+03 1.077967e+03
21.3 1.096538e+03 1.082211e+03 1.085604e+03 1.099932e+03
0.5 1.090968e+03 1.088730e+03 1.081342e+03 1.083581e+03
1.5 1.107119e+03 1.097655e+03 1.082020e+03 1.091484e+03
2.5 1.084581e+03 1.088705e+03 1.085259e+03 1.081135e+03
3.5 1.114028e+03 1.095534e+03 1.088578e+03 1.107072e+03
4.5 1.077286e+03 1.087498e+03 1.088179e+03 1.077967e+03
5.5 1.096538e+03 1.082211e+03 1.085604e+03 1.099932e+03
6.5 1.064881e+03 1.082928e+03 1.083241e+03 1.065194e+03
7.5 1.086362e+03 1.085012e+03 1.081764e+03 1.083114e+03
8.5 1.066237e+03 1.066613e+03 1.081006e+03 1.080630e+03
9.5 1.091469e+03 1.083977e+03 1.080714e+03 1.088206e+03
10.5 1.067248e+03 1.084064e+03 1.080705e+03 1.063888e+03
11.5 1.091878e+03 1.085692e+03 1.080852e+03 1.087038e+03
12.5 1.081851e+03 1.091188e+03 1.082087e+03 1.072749e+03
13.5 1.059421e+03 1.076692e+03 1.085886e+03 1.068615e+03
14.5 1.082865e+03 1.090953e+03 1.088776e+03 1.080688e+03
15.5 1.085580e+03 1.091189e+03 1.087954e+03 1.082346e+03
16.5 1.081855e+03 1.086529e+03 1.087341e+03 1.082667e+03
17.5 1.081848e+03 1.089819e+03 1.089049e+03 1.081078e+03
18.5 1.045643e+03 1.077404e+03 1.088999e+03 1.057237e+03
19.5 1.113103e+03 1.091950e+03 1.086882e+03 1.108035e+03
20.5 1.094428e+03 1.099040e+03 1.087113e+03 1.082501e+03
21.5 1.093135e+03 1.075924e+03 1.088802e+03 1.106013e+03
0.7 1.091878e+03 1.085692e+03 1.080852e+03 1.087038e+03
1.7 1.081851e+03 1.091188e+03 1.082087e+03 1.072749e+03
2.7 1.059421e+03 1.076692e+03 1.085886e+03 1.068615e+03
3.7 1.082865e+03 1.090953e+03 1.088776e+03 1.080688e+03
4.7 1.085580e+03 1.091189e+03 1.087954e+03 1.082346e+03
5.7 1.081855e+03 1.086529e+03 1.087341e+03 1.082667e+03
6.7 1.081848e+03 1.089819e+03 1.089049e+03 1.081078e+03
7.7 1.045643e+03 1.077404e+03 1.088999e+03 1.057237e+03
8.7 1.113103e+03 1.091950e+03 1.086882e+03 1.108035e+03
9.7 1.094428e+03 1.099040e+03 1.087113e+03 1.082501e+03
10.7 1.093135e+03 1.075924e+03 1.088802e+03 1.106013e+03
11.7 1.131872e+03 1.081763e+03 1.087787e+03 1.137897e+03
12.7 1.088492e+03 1.082561e+03 1.084942e+03 1.090873e+03
13.7 1.107132e+03 1.086987e+03 1.082515e+03 1.102661e+03
14.7 1.063553e+03 1.067877e+03 1.081647e+03 1.077324e+03
15.7 1.088337e+03 1.069117e+03 1.084066e+03 1.103286e+03
16.7 1.093218e+03 1.079489e+03 1.087450e+03 1.101179e+03
17.7 1.071937e+03 1.068838e+03 1.087478e+03 1.090577e+03
18.7 1.096914e+03 1.087545e+03 1.085184e+03 1.094553e+03
19.7 1.051105e+03 1.079260e+03 1.082973e+03 1.054818e+03
20.7 1.077578e+03 1.073342e+03 1.082068e+03 1.086304e+03
21.7 1.096239e+03 1.085149e+03 1.084318e+03 1.095408e+03
0.1 1.082865e+03 1.090953e+03 1.088776e+03 1.080688e+03
1.1 1.085580e+03 1.091189e+03 1.087954e+03 1.082346e+03
2.1 1.081855e+03 1.086529e+03 1.087341e+03 1.082667e+03
3.1 1.081848e+03 1.089819e+03 1.089049e+03 1.081078e+03
4.1 1.045643e+03 1.077404e+03 1.088999e+03 1.057237e+03
5.1 1.113103e+03 1.091950e+03 1.086882e+03 1.108035e+03
6.1 1.094428e+03 1.099040e+03 1.087113e+03 1.082501e+03
7.1 1.093135e+03 1.075924e+03 1.088802e+03 1.106013e+03
8.1 1.131872e+03 1.081763e+03 1.087787e+03 1.137897e+03
9.1 1.088492e+03 1.082561e+03 1.084942e+03 1.090873e+03
10.1 1.107132e+03 1.086987e+03 1.082515e+03 1.102661e+03
11.1 1.063553e+03 1.067877e+03 1.081647e+03 1.077324e+03
12.1 1.088337e+03 1.069117e+03 1.084066e+03 1.103286e+03
13.1 1.093218e+03 1.079489e+03 1.087450e+03 1.101179e+03
14.1 1.071937e+03 1.068838e+03 1.087478e+03 1.090577e+03
15.1 1.096914e+03 1.087545e+03 1.085184e+03 1.094553e+03
16.1 1.051105e+03 1.079260e+03 1.082973e+03 1.054818e+03
17.1 1.077578e+03 1.073342e+03 1.082068e+03 1.086304e+03
18.1 1.096239e+03 1.085149e+03 1.084318e+03 1.095408e+03
19.1 1.043992e+03 1.073834e+03 1.087644e+03 1.057803e+03
20.1 1.108331e+03 1.087271e+03 1.087681e+03 1.108741e+03
21.1 1.046056e+03 1.083086e+03 1.085351e+03 1.048322e+03
0.4 1.045643e+03 1.077404e+03 1.088999e+03 1.057237e+03
1.4 1.113103e+03 1.091950e+03 1.086882e+03 1.108035e+03
2.4 1.094428e+03 1.099040e+03 1.087113e+03 1.082501e+03
3.4 1.093135e+03 1.075924e+03 1.088802e+03 1.106013e+03
4.4 1.131872e+03 1.081763e+03 1.087787e+03 1.137897e+03
5.4 1.088492e+03 1.082561e+03 1.084942e+03 1.090873e+03
6.4 1.107132e+03 1.086987e+03 1.082515e+03 1.102661e+03
7.4 1.063553e+03 1.067877e+03 1.081647e+03 1.077324e+03
8.4 1.088337e+03 1.069117e+03 1.084066e+03 1.103286e+03
9.4 1.093218e+03 1.079489e+03 1.087450e+03 1.101179e+03
10.4 1.071937e+03 1.068838e+03 1.087478e+03 1.090577e+03
11.4 1.096914e+03 1.087545e+03 1.085184e+03 1.094553e+03
12.4 1.051105e+03 1.079260e+03 1.082973e+03 1.054818e+03
13.4 1.077578e+03 1.073342e+03 1.082068e+03 1.086304e+03
14.4 1.096239e+03 1.085149e+03 1.084318e+03 1.095408e+03
15.4 1.043992e+03 1.073834e+03 1.087644e+03 1.057803e+03
16.4 1.108331e+03 1.087271e+03 1.087681e+03 1.108741e+03
17.4 1.046056e+03 1.083086e+03 1.085351e+03 1.048322e+03
18.4 1.097972e+03 1.078061e+03 1.083841e+03 1.103751e+03
19.4 1.097612e+03 1.090865e+03 1.085778e+03 1.092526e+03
20.4 1.061451e+03 1.079855e+03 1.088217e+03 1.069814e+03
21.4 1.075545e+03 1.080132e+03 1.087346e+03 1.082759e+03
0.4 1.107132e+03 1.086987e+03 1.082515e+03 1.102661e+03
1.4 1.063553e+03 1.067877e+03 1.081647e+03 1.077324e+03
2.4 1.088337e+03 1.069117e+03 1.084066e+03 1.103286e+03
3.4 1.093218e+03 1.079489e+03 1.087450e+03 1.101179e+03
4.4 1.071937e+03 1.068838e+03 1.087478e+03 1.090577e+03
5.4 1.096914e+03 1.087545e+03 1.085184e+03 1.094553e+03
6.4 1.051105e+03 1.079260e+03 1.082973e+03 1.054818e+03
7.4 1.077578e+03 1.073342e+03 1.082068e+03 1.086304e+03
8.4 1.096239e+03 1.085149e+03 1.084318e+03 1.095408e+03
9.4 1.043992e+03 1.073834e+03 1.087644e+03 1.057803e+03
10.4 1.108331e+03 1.087271e+03 1.087681e+03 1.108741e+03
11.4 1.046056e+03 1.083086e+03 1.085351e+03 1.048322e+03
12.4 1.097972e+03 1.078061e+03 1.083841e+03 1.103751e+03
13.4 1.097612e+03 1.090865e+03 1.085778e+03 1.092526e+03
14.4 1.061451e+03 1.079855e+03 1.088217e+03 1.069814e+03
15.4 1.075545e+03 1.080132e+03 1.087346e+03 1.082759e+03
16.4 1.078015e+03 1.074677e+03 1.084737e+03 1.088075e+03
17.4 1.067560e+03 1.067963e+03 1.082558e+03 1.082156e+03
18.4 1.080571e+03 1.077414e+03 1.081305e+03 1.084463e+03
19.4 1.102208e+03 1.084482e+03 1.080732e+03 1.098458e+03
20.4 1.071706e+03 1.088706e+03 1.080780e+03 1.063780e+03
21.4 1.075240e+03 1.085596e+03 1.083150e+03 1.072795e+03
0.4 1.051105e+03 1.079260e+03 1.082973e+03 1.054818e+03
1.4 1.077578e+03 1.073342e+03 1.082068e+03 1.086304e+03
2.4 1.096239e+03 1.085149e+03 1.084318e+03 1.095408e+03
3.4 1.043992e+03 1.073834e+03 1.087644e+03 1.057803e+03
4.4 1.108331e+03 1.087271e+03 1.087681e+03 1.108741e+03
5.4 1.046056e+03 1.083086e+03 1.085351e+03 1.048322e+03
6.4 1.097972e+03 1.078061e+03 1.083841e+03 1.103751e+03
7.4 1.097612e+03 1.090865e+03 1.085778e+03 1.092526e+03
8.4 1.061451e+03 1.079855e+03 1.088217e+03 1.069814e+03
9.4 1.075545e+03 1.080132e+03 1.087346e+03 1.082759e+03
10.4 1.078015e+03 1.074677e+03 1.084737e+03 1.088075e+03
11.4 1.067560e+03 1.067963e+03 1.082558e+03 1.082156e+03
12.4 1.080571e+03 1.077414e+03 1.081305e+03 1.084463e+03
13.4 1.102208e+03 1.084482e+03 1.080732e+03 1.098458e+03
14.4 1.071706e+03 1.088706e+03 1.080780e+03 1.063780e+03
15.4 1.075240e+03 1.085596e+03 1.083150e+03 1.072795e+03
16.4 1.083220e+03 1.093708e+03 1.087216e+03 1.076728e+03
17.4 1.086089e+03 1.086481e+03 1.088341e+03 1.087949e+03
18.4 1.072759e+03 1.090966e+03 1.087031e+03 1.068824e+03
19.4 1.091786e+03 1.098839e+03 1.087839e+03 1.080786e+03
20.4 1.110711e+03 1.087060e+03 1.089360e+03 1.113010e+03
21.4 1.110637e+03 1.104407e+03 1.087979e+03 1.094209e+03
0.5 1.046056e+03 1.083086e+03 1.085351e+03 1.048322e+03
1.5 1.097972e+03 1.078061e+03 1.083841e+03 1.103751e+03
2.5 1.097612e+03 1.090865e+03 1.085778e+03 1.092526e+03
3.5 1.061451e+03 1.079855e+03 1.088217e+03 1.069814e+03
4.5 1.075545e+03 1.080132e+03 1.087346e+03 1.082759e+03
5.5 1.078015e+03 1.074677e+03 1.084737e+03 1.088075e+03
6.5 1.067560e+03 1.067963e+03 1.082558e+03 1.082156e+03
7.5 1.080571e+03 1.077414e+03 1.081305e+03 1.084463e+03
8.5 1.102208e+03 1.084482e+03 1.080732e+03 1.098458e+03
9.5 1.071706e+03 1.088706e+03 1.080780e+03 1.063780e+03
10.5 1.075240e+03 1.085596e+03 1.083150e+03 1.072795e+03
11.5 1.083220e+03 1.093708e+03 1.087216e+03 1.076728e+03
12.5 1.086089e+03 1.086481e+03 1.088341e+03 1.087949e+03
13.5 1.072759e+03 1.090966e+03 1.087031e+03 1.068824e+03
14.5 1.091786e+03 1.098839e+03 1.087839e+03 1.080786e+03
15.5 1.110711e+03 1.087060e+03 1.089360e+03 1.113010e+03
16.5 1.110637e+03 1.104407e+03 1.087979e+03 1.094209e+03
17.5 1.121838e+03 1.103073e+03 1.086546e+03 1.105311e+03
18.5 1.073751e+03 1.089113e+03 1.088013e+03 1.072651e+03
19.5 1.102861e+03 1.096693e+03 1.088634e+03 1.094802e+03
20.5 1.122844e+03 1.108926e+03 1.086749e+03 1.100667e+03
21.5 1.064884e+03 1.089350e+03 1.086573e+03 1.062107e+03
0.1 1.102208e+03 1.084482e+03 1.080732e+03 1.098458e+03
1.1 1.071706e+03 1.088706e+03 1.080780e+03 1.063780e+03
2.1 1.075240e+03 1.085596e+03 1.083150e+03 1.072795e+03
3.1 1.083220e+03 1.093708e+03 1.087216e+03 1.076728e+03
4.1 1.086089e+03 1.086481e+03 1.088341e+03 1.087949e+03
5.1 1.072759e+03 1.090966e+03 1.087031e+03 1.068824e+03
6.1 1.091786e+03 1.098839e+03 1.087839e+03 1.080786e+03
7.1 1.110711e+03 1.087060e+03 1.089360e+03 1.113010e+03
8.1 1.110637e+03 1.104407e+03 1.087979e+03 1.094209e+03
9.1 1.121838e+03 1.103073e+03 1.086546e+03 1.105311e+03
10.1 1.073751e+03 1.089113e+03 1.088013e+03 1.072651e+03
11.1 1.102861e+03 1.096693e+03 1.088634e+03 1.094802e+03
12.1 1.122844e+03 1.108926e+03 1.086749e+03 1.100667e+03
13.1 1.064884e+03 1.089350e+03 1.086573e+03 1.062107e+03
14.1 1.084701e+03 1.075343e+03 1.088444e+03 1.097802e+03
15.1 1.108580e+03 1.092079e+03 1.087970e+03 1.104471e+03
16.1 1.100312e+03 1.080822e+03 1.085291e+03 1.104780e+03
17.1 1.104415e+03 1.081403e+03 1.082769e+03 1.105782e+03
18.1 1.079942e+03 1.081369e+03 1.081590e+03 1.080163e+03
19.1 1.052991e+03 1.071017e+03 1.083541e+03 1.065514e+03
20.1 1.057518e+03 1.072696e+03 1.087184e+03 1.072006e+03
21.1 1.044262e+03 1.088196e+03 1.087825e+03 1.043890e+03
0.5 1.086089e+03 1.086481e+03 1.088341e+03 1.087949e+03
1.5 1.072759e+03 1.090966e+03 1.087031e+03 1.068824e+03
2.5 1.091786e+03 1.098839e+03 1.087839e+03 1.080786e+03
3.5 1.110711e+03 1.087060e+03 1.089360e+03 1.113010e+03
4.5 1.110637e+03 1.104407e+03 1.087979e+03 1.094209e+03
5.5 1.121838e+03 1.103073e+03 1.086546e+03 1.105311e+03
6.5 1.073751e+03 1.089113e+03 1.088013e+03 1.072651e+03
7.5 1.102861e+03 1.096693e+03 1.088634e+03 1.094802e+03
8.5 1.122844e+03 1.108926e+03 1.086749e+03 1.100667e+03
9.5 1.064884e+03 1.089350e+03 1.086573e+03 1.062107e+03
10.5 1.084701e+03 1.075343e+03 1.088444e+03 1.097802e+03
11.5 1.108580e+03 1.092079e+03 1.087970e+03 1.104471e+03
12.5 1.100312e+03 1.080822e+03 1.085291e+03 1.104780e+03
13.5 1.104415e+03 1.081403e+03 1.082769e+03 1.105782e+03
14.5 1.079942e+03 1.081369e+03 1.081590e+03 1.080163e+03
15.5 1.052991e+03 1.071017e+03 1.083541e+03 1.065514e+03
16.5 1.057518e+03 1.072696e+03 1.087184e+03 1.072006e+03
17.5 1.044262e+03 1.088196e+03 1.087825e+03 1.043890e+03
18.5 1.077996e+03 1.095280e+03 1.086558e+03 1.069274e+03
19.5 1.075532e+03 1.082652e+03 1.087686e+03 1.080566e+03
20.5 1.100074e+03 1.096371e+03 1.089136e+03 1.092839e+03
21.5 1.091931e+03 1.093583e+03 1.087541e+03 1.085889e+03
0.9 1.110637e+03 1.104407e+03 1.087979e+03 1.094209e+03
1.9 1.121838e+03 1.103073e+03 1.086546e+03 1.105311e+03
2.9 1.073751e+03 1.089113e+03 1.088013e+03 1.072651e+03
3.9 1.102861e+03 1.096693e+03 1.088634e+03 1.094802e+03
4.9 1.122844e+03 1.108926e+03 1.086749e+03 1.100667e+03
5.9 1.064884e+03 1.089350e+03 1.086573e+03 1.062107e+03
6.9 1.084701e+03 1.075343e+03 1.088444e+03 1.097802e+03
7.9 1.108580e+03 1.092079e+03 1.087970e+03 1.104471e+03
8.9 1.100312e+03 1.080822e+03 1.085291e+03 1.104780e+03
9.9 1.104415e+03 1.081403e+03 1.082769e+03 1.105782e+03
10.9 1.079942e+03 1.081369e+03 1.081590e+03 1.080163e+03
11.9 1.052991e+03 1.071017e+03 1.083541e+03 1.065514e+03
12.9 1.057518e+03 1.072696e+03 1.087184e+03 1.072006e+03
13.9 1.044262e+03 1.088196e+03 1.087825e+03 1.043890e+03
14.9 1.077996e+03 1.095280e+03 1.086558e+03 1.069274e+03
15.9 1.075532e+03 1.082652e+03 1.087686e+03 1.080566e+03
16.9 1.100074e+03 1.096371e+03 1.089136e+03 1.092839e+03
17.9 1.091931e+03 1.093583e+03 1.087541e+03 1.085889e+03
18.9 1.122846e+03 1.089301e+03 1.084620e+03 1.118165e+03
19.9 1.085479e+03 1.101038e+03 1.083675e+03 1.068116e+03
20.9 1.076388e+03 1.083318e+03 1.086249e+03 1.079318e+03
21.9 1.120495e+03 1.101843e+03 1.088116e+03 1.106768e+03
0.3 1.102861e+03 1.096693e+03 1.088634e+03 1.094802e+03
1.3 1.122844e+03 1.108926e+03 1.086749e+03 1.100667e+03
2.3 1.064884e+03 1.089350e+03 1.086573e+03 1.062107e+03
3.3 1.084701e+03 1.075343e+03 1.088444e+03 1.097802e+03
4.3 1.108580e+03 1.092079e+03 1.087970e+03 1.104471e+03
5.3 1.100312e+03 1.080822e+03 1.085291e+03 1.104780e+03
6.3 1.104415e+03 1.081403e+03 1.082769e+03 1.105782e+03
7.3 1.079942e+03 1.081369e+03 1.081590e+03 1.080163e+03
8.3 1.052991e+03 1.071017e+03 1.083541e+03 1.065514e+03
9.3 1.057518e+03 1.072696e+03 1.087184e+03 1.072006e+03
10.3 1.044262e+03 1.088196e+03 1.087825e+03 1.043890e+03
11.3 1.077996e+03 1.095280e+03 1.086558e+03 1.069274e+03
12.3 1.075532e+03 1.082652e+03 1.087686e+03 1.080566e+03
13.3 1.100074e+03 1.096371e+03 1.089136e+03 1.092839e+03
14.3 1.091931e+03 1.093583e+03 1.087541e+03 1.085889e+03
15.3 1.122846e+03 1.089301e+03 1.084620e+03 1.118165e+03
16.3 1.085479e+03 1.101038e+03 1.083675e+03 1.068116e+03
17.3 1.076388e+03 1.083318e+03 1.086249e+03 1.079318e+03
18.3 1.120495e+03 1.101843e+03 1.088116e+03 1.106768e+03
19.3 1.079601e+03 1.094141e+03 1.086649e+03 1.072110e+03
20.3 1.093237e+03 1.095227e+03 1.084059e+03 1.082069e+03
21.3 1.083150e+03 1.093288e+03 1.082156e+03 1.072018e+03
0.3 1.104415e+03 1.081403e+03 1.082769e+03 1.105782e+03
1.3 1.079942e+03 1.081369e+03 1.081590e+03 1.080163e+03
2.3 1.052991e+03 1.071017e+03 1.083541e+03 1.065514e+03
3.3 1.057518e+03 1.072696e+03 1.087184e+03 1.072006e+03
4.3 1.044262e+03 1.088196e+03 1.087825e+03 1.043890e+03
5.3 1.077996e+03 1.095280e+03 1.086558e+03 1.069274e+03
6.3 1.075532e+03 1.082652e+03 1.087686e+03 1.080566e+03
7.3 1.100074e+03 1.096371e+03 1.089136e+03 1.092839e+03
8.3 1.091931e+03 1.093583e+03 1.087541e+03 1.085889e+03
9.3 1.122846e+03 1.089301e+03 1.084620e+03 1.118165e+03
10.3 1.085479e+03 1.101038e+03 1.083675e+03 1.068116e+03
11.3 1.076388e+03 1.083318e+03 1.086249e+03 1.079318e+03
12.3 1.120495e+03 1.101843e+03 1.088116e+03 1.106768e+03
13.3 1.079601e+03 1.094141e+03 1.086649e+03 1.072110e+03
14.3 1.093237e+03 1.095227e+03 1.084059e+03 1.082069e+03
15.3 1.083150e+03 1.093288e+03 1.082156e+03 1.072018e+03
16.3 1.078513e+03 1.088730e+03 1.082313e+03 1.072096e+03
17.3 1.080134e+03 1.088183e+03 1.085600e+03 1.077551e+03
18.3 1.090175e+03 1.086238e+03 1.088023e+03 1.091960e+03
19.3 1.100799e+03 1.107039e+03 1.086888e+03 1.080648e+03
20.3 1.083475e+03 1.097884e+03 1.084394e+03 1.069985e+03
21.3 1.074441e+03 1.097953e+03 1.082453e+03 1.058941e+03
0.6 1.044262e+03 1.088196e+03 1.087825e+03 1.043890e+03
1.6 1.077996e+03 1.095280e+03 1.086558e+03 1.069274e+03
2.6 1.075532e+03 1.082652e+03 1.087686e+03 1.080566e+03
3.6 1.100074e+03 1.096371e+03 1.089136e+03 1.092839e+03
4.6 1.091931e+03 1.093583e+03 1.087541e+03 1.085889e+03
5.6 1.122846e+03 1.089301e+03 1.084620e+03 1.118165e+03
6.6 1.085479e+03 1.101038e+03 1.083675e+03 1.068116e+03
7.6 1.076388e+03 1.083318e+03 1.086249e+03 1.079318e+03
8.6 1.120495e+03 1.101843e+03 1.088116e+03 1.106768e+03
9.6 1.079601e+03 1.094141e+03 1.086649e+03 1.072110e+03
10.6 1.093237e+03 1.095227e+03 1.084059e+03 1.082069e+03
11.6 1.083150e+03 1.093288e+03 1.082156e+03 1.072018e+03
12.6 1.078513e+03 1.088730e+03 1.082313e+03 1.072096e+03
13.6 1.080134e+03 1.088183e+03 1.085600e+03 1.077551e+03
14.6 1.090175e+03 1.086238e+03 1.088023e+03 1.091960e+03
15.6 1.100799e+03 1.107039e+03 1.086888e+03 1.080648e+03
16.6 1.083475e+03 1.097884e+03 1.084394e+03 1.069985e+03
17.6 1.074441e+03 1.097953e+03 1.082453e+03 1.058941e+03
18.6 1.128395e+03 1.087272e+03 1.082464e+03 1.123587e+03
19.6 1.081305e+03 1.082604e+03 1.085629e+03 1.084330e+03
20.6 1.100693e+03 1.097733e+03 1.088092e+03 1.091053e+03
21.6 1.121169e+03 1.094952e+03 1.087167e+03 1.113384e+03
0.8 1.122846e+03 1.089301e+03 1.084620e+03 1.118165e+03
1.8 1.085479e+03 1.101038e+03 1.083675e+03 1.068116e+03
2.8 1.076388e+03 1.083318e+03 1.086249e+03 1.079318e+03
3.8 1.120495e+03 1.101843e+03 1.088116e+03 1.106768e+03
4.8 1.079601e+03 1.094141e+03 1.086649e+03 1.072110e+03
5.8 1.093237e+03 1.095227e+03 1.084059e+03 1.082069e+03
6.8 1.083150e+03 1.093288e+03 1.082156e+03 1.072018e+03
7.8 1.078513e+03 1.088730e+03 1.082313e+03 1.072096e+03
8.8 1.080134e+03 1.088183e+03 1.085600e+03 1.077551e+03
9.8 1.090175e+03 1.086238e+03 1.088023e+03 1.091960e+03
10.8 1.100799e+03 1.107039e+03 1.086888e+03 1.080648e+03
11.8 1.083475e+03 1.097884e+03 1.084394e+03 1.069985e+03
12.8 1.074441e+03 1.097953e+03 1.082453e+03 1.058941e+03
13.8 1.128395e+03 1.087272e+03 1.082464e+03 1.123587e+03
14.8 1.081305e+03 1.082604e+03 1.085629e+03 1.084330e+03
15.8 1.100693e+03 1.097733e+03 1.088092e+03 1.091053e+03
16.8 1.121169e+03 1.094952e+03 1.087167e+03 1.113384e+03
17.8 1.112227e+03 1.101374e+03 1.086789e+03 1.097642e+03
18.8 1.104691e+03 1.097337e+03 1.088715e+03 1.096070e+03
19.8 1.076202e+03 1.082499e+03 1.088733e+03 1.082436e+03
20.8 1.087853e+03 1.068795e+03 1.086124e+03 1.105183e+03
21.8 1.068955e+03 1.067161e+03 1.083347e+03 1.085141e+03
0.7 1.083150e+03 1.093288e+03 1.082156e+03 1.072018e+03
1.7 1.078513e+03 1.088730e+03 1.082313e+03 1.072096e+03
2.7 1.080134e+03 1.088183e+03 1.085600e+03 1.077551e+03
3.7 1.090175e+03 1.086238e+03 1.088023e+03 1.091960e+03
4.7 1.100799e+03 1.107039e+03 1.086888e+03 1.080648e+03
5.7 1.083475e+03 1.097884e+03 1.084394e+03 1.069985e+03
6.7 1.074441e+03 1.097953e+03 1.082453e+03 1.058941e+03
7.7 1.128395e+03 1.087272e+03 1.082464e+03 1.123587e+03
8.7 1.081305e+03 1.082604e+03 1.085629e+03 1.084330e+03
9.7 1.100693e+03 1.097733e+03 1.088092e+03 1.091053e+03
10.7 1.121169e+03 1.094952e+03 1.087167e+03 1.113384e+03
11.7 1.112227e+03 1.101374e+03 1.086789e+03 1.097642e+03
12.7 1.104691e+03 1.097337e+03 1.088715e+03 1.096070e+03
13.7 1.076202e+03 1.082499e+03 1.088733e+03 1.082436e+03
14.7 1.087853e+03 1.068795e+03 1.086124e+03 1.105183e+03
15.7 1.068955e+03 1.067161e+03 1.083347e+03 1.085141e+03
16.7 1.128674e+03 1.073999e+03 1.081578e+03 1.136253e+03
17.7 1.035776e+03 1.059341e+03 1.080726e+03 1.057161e+03
18.7 1.064146e+03 1.046479e+03 1.080445e+03 1.098113e+03
19.7 1.058537e+03 1.081327e+03 1.080480e+03 1.057691e+03
20.7 1.062802e+03 1.078732e+03 1.080663e+03 1.064732e+03
21.7 1.066110e+03 1.089265e+03 1.080881e+03 1.057726e+03
0.7 1.074441e+03 1.097953e+03 1.082453e+03 1.058941e+03
1.7 1.128395e+03 1.087272e+03 1.082464e+03 1.123587e+03
2.7 1.081305e+03 1.082604e+03 1.085629e+03 1.084330e+03
3.7 1.100693e+03 1.097733e+03 1.088092e+03 1.091053e+03
4.7 1.121169e+03 1.094952e+03 1.087167e+03 1.113384e+03
5.7 1.112227e+03 1.101374e+03 1.086789e+03 1.097642e+03
6.7 1.104691e+03 1.097337e+03 1.088715e+03 1.096070e+03
7.7 1.076202e+03 1.082499e+03 1.088733e+03 1.082436e+03
8.7 1.087853e+03 1.068795e+03 1.086124e+03 1.105183e+03
9.7 1.068955e+03 1.067161e+03 1.083347e+03 1.085141e+03
10.7 1.128674e+03 1.073999e+03 1.081578e+03 1.136253e+03
11.7 1.035776e+03 1.059341e+03 1.080726e+03 1.057161e+03
12.7 1.064146e+03 1.046479e+03 1.080445e+03 1.098113e+03
13.7 1.058537e+03 1.081327e+03 1.080480e+03 1.057691e+03
14.7 1.062802e+03 1.078732e+03 1.080663e+03 1.064732e+03
15.7 1.066110e+03 1.089265e+03 1.080881e+03 1.057726e+03
16.7 1.074157e+03 1.079804e+03 1.081068e+03 1.075421e+03
17.7 1.061845e+03 1.068864e+03 1.081202e+03 1.074182e+03
18.7 1.041842e+03 1.069209e+03 1.081285e+03 1.053919e+03
19.7 1.063301e+03 1.068766e+03 1.081332e+03 1.075868e+03
20.7 1.046896e+03 1.078850e+03 1.081356e+03 1.049402e+03
21.7 1.063035e+03 1.055169e+03 1.081368e+03 1.089234e+03
0.1 1.100693e+03 1.097733e+03 1.088092e+03 1.091053e+03
1.1 1.121169e+03 1.094952e+03 1.087167e+03 1.113384e+03
2.1 1.112227e+03 1.101374e+03 1.086789e+03 1.097642e+03
3.1 1.104691e+03 1.097337e+03 1.088715e+03 1.096070e+03
4.1 1.076202e+03 1.082499e+03 1.088733e+03 1.082436e+03
5.1 1.087853e+03 1.068795e+03 1.086124e+03 1.105183e+03
6.1 1.068955e+03 1.067161e+03 1.083347e+03 1.085141e+03
7.1 1.128674e+03 1.073999e+03 1.081578e+03 1.136253e+03
8.1 1.035776e+03 1.059341e+03 1.080726e+03 1.057161e+03
9.1 1.064146e+03 1.046479e+03 1.080445e+03 1.098113e+03
10.1 1.058537e+03 1.081327e+03 1.080480e+03 1.057691e+03
11.1 1.062802e+03 1.078732e+03 1.080663e+03 1.064732e+03
12.1 1.066110e+03 1.089265e+03 1.080881e+03 1.057726e+03
13.1 1.074157e+03 1.079804e+03 1.081068e+03 1.075421e+03
14.1 1.061845e+03 1.068864e+03 1.081202e+03 1.074182e+03
15.1 1.041842e+03 1.069209e+03 1.081285e+03 1.053919e+03
16.1 1.063301e+03 1.068766e+03 1.081332e+03 1.075868e+03
17.1 1.046896e+03 1.078850e+03 1.081356e+03 1.049402e+03
18.1 1.063035e+03 1.055169e+03 1.081368e+03 1.089234e+03
19.1 1.099924e+03 1.062374e+03 1.081373e+03 1.118923e+03
20.1 1.117588e+03 1.084789e+03 1.081375e+03 1.114174e+03
21.1 1.107558e+03 1.085890e+03 1.081376e+03 1.103044e+03
