0.1 1.055533e+04 1.048852e+04 1.045761e+04 1.052441e+04
1.1 1.058205e+04 1.054473e+04 1.045791e+04 1.049523e+04
2.1 1.059929e+04 1.053880e+04 1.046176e+04 1.052225e+04
3.1 1.060750e+04 1.060495e+04 1.046891e+04 1.047146e+04
4.1 1.058327e+04 1.059027e+04 1.047116e+04 1.046416e+04
5.1 1.050666e+04 1.057778e+04 1.046745e+04 1.039633e+04
6.1 1.042967e+04 1.049719e+04 1.046264e+04 1.039512e+04
7.1 1.040758e+04 1.042616e+04 1.045926e+04 1.044068e+04
8.1 1.038920e+04 1.040279e+04 1.045738e+04 1.044379e+04
9.1 1.038616e+04 1.039233e+04 1.045654e+04 1.045037e+04
10.1 1.037272e+04 1.040393e+04 1.045634e+04 1.042513e+04
11.1 1.041456e+04 1.043562e+04 1.045760e+04 1.043654e+04
12.1 1.044520e+04 1.047081e+04 1.046360e+04 1.043798e+04
13.1 1.049275e+04 1.051399e+04 1.047000e+04 1.044876e+04
14.1 1.050800e+04 1.051578e+04 1.046968e+04 1.046190e+04
15.1 1.053512e+04 1.053700e+04 1.046521e+04 1.046334e+04
16.1 1.052771e+04 1.052806e+04 1.046099e+04 1.046064e+04
17.1 1.047479e+04 1.049358e+04 1.045833e+04 1.043953e+04
18.1 1.040979e+04 1.042247e+04 1.045695e+04 1.044427e+04
19.1 1.037982e+04 1.040206e+04 1.045641e+04 1.043417e+04
20.1 1.043687e+04 1.041266e+04 1.045639e+04 1.048060e+04
21.1 1.047877e+04 1.043317e+04 1.045665e+04 1.050225e+04
0.5 1.037272e+04 1.040393e+04 1.045634e+04 1.042513e+04
1.5 1.041456e+04 1.043562e+04 1.045760e+04 1.043654e+04
2.5 1.044520e+04 1.047081e+04 1.046360e+04 1.043798e+04
3.5 1.049275e+04 1.051399e+04 1.047000e+04 1.044876e+04
4.5 1.050800e+04 1.051578e+04 1.046968e+04 1.046190e+04
5.5 1.053512e+04 1.053700e+04 1.046521e+04 1.046334e+04
6.5 1.052771e+04 1.052806e+04 1.046099e+04 1.046064e+04
7.5 1.047479e+04 1.049358e+04 1.045833e+04 1.043953e+04
8.5 1.040979e+04 1.042247e+04 1.045695e+04 1.044427e+04
9.5 1.037982e+04 1.040206e+04 1.045641e+04 1.043417e+04
10.5 1.043687e+04 1.041266e+04 1.045639e+04 1.048060e+04
11.5 1.047877e+04 1.043317e+04 1.045665e+04 1.050225e+04
12.5 1.048638e+04 1.046068e+04 1.045888e+04 1.048458e+04
13.5 1.055873e+04 1.053080e+04 1.046574e+04 1.049367e+04
14.5 1.057009e+04 1.054721e+04 1.047095e+04 1.049383e+04
15.5 1.060021e+04 1.055070e+04 1.046921e+04 1.051871e+04
16.5 1.060764e+04 1.055419e+04 1.046440e+04 1.051785e+04
17.5 1.053377e+04 1.053633e+04 1.046038e+04 1.045782e+04
18.5 1.046466e+04 1.050183e+04 1.045797e+04 1.042080e+04
19.5 1.037936e+04 1.041854e+04 1.045677e+04 1.041760e+04
20.5 1.039142e+04 1.040578e+04 1.045636e+04 1.044200e+04
21.5 1.041388e+04 1.039689e+04 1.045641e+04 1.047340e+04
0.7 1.047877e+04 1.043317e+04 1.045665e+04 1.050225e+04
1.7 1.048638e+04 1.046068e+04 1.045888e+04 1.048458e+04
2.7 1.055873e+04 1.053080e+04 1.046574e+04 1.049367e+04
3.7 1.057009e+04 1.054721e+04 1.047095e+04 1.049383e+04
4.7 1.060021e+04 1.055070e+04 1.046921e+04 1.051871e+04
5.7 1.060764e+04 1.055419e+04 1.046440e+04 1.051785e+04
6.7 1.053377e+04 1.053633e+04 1.046038e+04 1.045782e+04
7.7 1.046466e+04 1.050183e+04 1.045797e+04 1.042080e+04
8.7 1.037936e+04 1.041854e+04 1.045677e+04 1.041760e+04
9.7 1.039142e+04 1.040578e+04 1.045636e+04 1.044200e+04
10.7 1.041388e+04 1.039689e+04 1.045641e+04 1.047340e+04
11.7 1.040551e+04 1.039578e+04 1.045667e+04 1.046640e+04
12.7 1.038823e+04 1.039016e+04 1.045697e+04 1.045504e+04
13.7 1.038048e+04 1.039908e+04 1.045723e+04 1.043863e+04
14.7 1.041574e+04 1.043408e+04 1.045740e+04 1.043906e+04
15.7 1.042497e+04 1.045513e+04 1.045750e+04 1.042735e+04
16.7 1.045473e+04 1.046199e+04 1.045756e+04 1.045030e+04
17.7 1.045579e+04 1.044293e+04 1.045758e+04 1.047044e+04
18.7 1.048443e+04 1.047085e+04 1.045763e+04 1.047122e+04
19.7 1.051819e+04 1.050934e+04 1.045969e+04 1.046853e+04
20.7 1.055904e+04 1.054706e+04 1.046637e+04 1.047834e+04
21.7 1.052895e+04 1.057078e+04 1.047123e+04 1.042940e+04
0.7 1.048443e+04 1.047085e+04 1.045763e+04 1.047122e+04
1.7 1.051819e+04 1.050934e+04 1.045969e+04 1.046853e+04
2.7 1.055904e+04 1.054706e+04 1.046637e+04 1.047834e+04
3.7 1.052895e+04 1.057078e+04 1.047123e+04 1.042940e+04
4.7 1.054640e+04 1.058044e+04 1.046920e+04 1.043516e+04
5.7 1.051926e+04 1.055187e+04 1.046432e+04 1.043171e+04
6.7 1.060343e+04 1.060440e+04 1.046035e+04 1.045938e+04
7.7 1.054735e+04 1.055790e+04 1.045989e+04 1.044934e+04
8.7 1.057561e+04 1.058804e+04 1.046528e+04 1.045285e+04
9.7 1.057912e+04 1.058949e+04 1.046977e+04 1.045939e+04
10.7 1.059046e+04 1.058958e+04 1.046789e+04 1.046878e+04
11.7 1.044055e+04 1.047018e+04 1.046335e+04 1.043371e+04
12.7 1.049212e+04 1.049177e+04 1.045969e+04 1.046004e+04
13.7 1.055890e+04 1.051973e+04 1.045757e+04 1.049674e+04
14.7 1.047421e+04 1.045013e+04 1.045657e+04 1.048065e+04
15.7 1.043061e+04 1.042373e+04 1.045627e+04 1.046315e+04
16.7 1.041001e+04 1.039020e+04 1.045638e+04 1.047619e+04
17.7 1.040814e+04 1.037986e+04 1.045667e+04 1.048495e+04
18.7 1.037358e+04 1.036700e+04 1.045698e+04 1.046356e+04
19.7 1.037631e+04 1.037144e+04 1.045723e+04 1.046210e+04
20.7 1.042286e+04 1.039946e+04 1.045740e+04 1.048080e+04
21.7 1.048330e+04 1.042202e+04 1.045815e+04 1.051943e+04
0.7 1.060343e+04 1.060440e+04 1.046035e+04 1.045938e+04
1.7 1.054735e+04 1.055790e+04 1.045989e+04 1.044934e+04
2.7 1.057561e+04 1.058804e+04 1.046528e+04 1.045285e+04
3.7 1.057912e+04 1.058949e+04 1.046977e+04 1.045939e+04
4.7 1.059046e+04 1.058958e+04 1.046789e+04 1.046878e+04
5.7 1.044055e+04 1.047018e+04 1.046335e+04 1.043371e+04
6.7 1.049212e+04 1.049177e+04 1.045969e+04 1.046004e+04
7.7 1.055890e+04 1.051973e+04 1.045757e+04 1.049674e+04
8.7 1.047421e+04 1.045013e+04 1.045657e+04 1.048065e+04
9.7 1.043061e+04 1.042373e+04 1.045627e+04 1.046315e+04
10.7 1.041001e+04 1.039020e+04 1.045638e+04 1.047619e+04
11.7 1.040814e+04 1.037986e+04 1.045667e+04 1.048495e+04
12.7 1.037358e+04 1.036700e+04 1.045698e+04 1.046356e+04
13.7 1.037631e+04 1.037144e+04 1.045723e+04 1.046210e+04
14.7 1.042286e+04 1.039946e+04 1.045740e+04 1.048080e+04
15.7 1.048330e+04 1.042202e+04 1.045815e+04 1.051943e+04
16.7 1.052058e+04 1.046130e+04 1.046309e+04 1.052236e+04
17.7 1.056973e+04 1.049751e+04 1.046985e+04 1.054207e+04
18.7 1.056591e+04 1.053859e+04 1.047051e+04 1.049783e+04
19.7 1.049769e+04 1.050797e+04 1.046622e+04 1.045594e+04
20.7 1.039046e+04 1.044581e+04 1.046170e+04 1.040634e+04
21.7 1.036449e+04 1.041069e+04 1.045872e+04 1.041251e+04
0.3 1.042286e+04 1.039946e+04 1.045740e+04 1.048080e+04
1.3 1.048330e+04 1.042202e+04 1.045815e+04 1.051943e+04
2.3 1.052058e+04 1.046130e+04 1.046309e+04 1.052236e+04
3.3 1.056973e+04 1.049751e+04 1.046985e+04 1.054207e+04
4.3 1.056591e+04 1.053859e+04 1.047051e+04 1.049783e+04
5.3 1.049769e+04 1.050797e+04 1.046622e+04 1.045594e+04
6.3 1.039046e+04 1.044581e+04 1.046170e+04 1.040634e+04
7.3 1.036449e+04 1.041069e+04 1.045872e+04 1.041251e+04
8.3 1.034560e+04 1.040196e+04 1.045713e+04 1.040076e+04
9.3 1.038998e+04 1.042168e+04 1.045647e+04 1.042477e+04
10.3 1.042577e+04 1.045354e+04 1.045637e+04 1.042859e+04
11.3 1.044978e+04 1.046765e+04 1.045657e+04 1.043871e+04
12.3 1.042303e+04 1.048454e+04 1.045687e+04 1.039536e+04
13.3 1.048320e+04 1.053951e+04 1.045715e+04 1.040084e+04
14.3 1.042368e+04 1.045909e+04 1.045735e+04 1.042193e+04
15.3 1.042811e+04 1.042575e+04 1.045747e+04 1.045984e+04
16.3 1.046289e+04 1.043964e+04 1.045754e+04 1.048079e+04
17.3 1.050185e+04 1.047438e+04 1.045877e+04 1.048624e+04
18.3 1.052779e+04 1.050500e+04 1.046461e+04 1.048741e+04
19.3 1.057538e+04 1.056382e+04 1.047060e+04 1.048215e+04
20.3 1.056612e+04 1.055669e+04 1.046988e+04 1.047930e+04
21.3 1.061657e+04 1.058566e+04 1.046523e+04 1.049614e+04
0.5 1.046289e+04 1.043964e+04 1.045754e+04 1.048079e+04
1.5 1.050185e+04 1.047438e+04 1.045877e+04 1.048624e+04
2.5 1.052779e+04 1.050500e+04 1.046461e+04 1.048741e+04
3.5 1.057538e+04 1.056382e+04 1.047060e+04 1.048215e+04
4.5 1.056612e+04 1.055669e+04 1.046988e+04 1.047930e+04
5.5 1.061657e+04 1.058566e+04 1.046523e+04 1.049614e+04
6.5 1.063586e+04 1.057630e+04 1.046097e+04 1.052053e+04
7.5 1.060013e+04 1.056341e+04 1.045831e+04 1.049502e+04
8.5 1.047827e+04 1.048806e+04 1.045694e+04 1.044715e+04
9.5 1.043071e+04 1.042058e+04 1.045641e+04 1.046655e+04
10.5 1.045091e+04 1.041197e+04 1.045639e+04 1.049533e+04
11.5 1.048209e+04 1.045929e+04 1.045666e+04 1.047946e+04
12.5 1.052063e+04 1.048616e+04 1.045889e+04 1.049335e+04
13.5 1.055708e+04 1.056086e+04 1.046574e+04 1.046197e+04
14.5 1.056849e+04 1.055878e+04 1.047096e+04 1.048067e+04
15.5 1.053670e+04 1.056598e+04 1.046947e+04 1.044020e+04
16.5 1.053919e+04 1.058101e+04 1.046837e+04 1.042655e+04
17.5 1.049915e+04 1.055330e+04 1.047145e+04 1.041730e+04
18.5 1.056107e+04 1.059672e+04 1.047136e+04 1.043571e+04
19.5 1.055970e+04 1.057867e+04 1.046754e+04 1.044858e+04
20.5 1.057366e+04 1.062160e+04 1.046796e+04 1.042002e+04
21.5 1.059129e+04 1.062743e+04 1.047100e+04 1.043486e+04
0.7 1.048209e+04 1.045929e+04 1.045666e+04 1.047946e+04
1.7 1.052063e+04 1.048616e+04 1.045889e+04 1.049335e+04
2.7 1.055708e+04 1.056086e+04 1.046574e+04 1.046197e+04
3.7 1.056849e+04 1.055878e+04 1.047096e+04 1.048067e+04
4.7 1.053670e+04 1.056598e+04 1.046947e+04 1.044020e+04
5.7 1.053919e+04 1.058101e+04 1.046837e+04 1.042655e+04
6.7 1.049915e+04 1.055330e+04 1.047145e+04 1.041730e+04
7.7 1.056107e+04 1.059672e+04 1.047136e+04 1.043571e+04
8.7 1.055970e+04 1.057867e+04 1.046754e+04 1.044858e+04
9.7 1.057366e+04 1.062160e+04 1.046796e+04 1.042002e+04
10.7 1.059129e+04 1.062743e+04 1.047100e+04 1.043486e+04
11.7 1.058672e+04 1.059857e+04 1.046917e+04 1.045732e+04
12.7 1.062895e+04 1.063383e+04 1.046404e+04 1.045916e+04
13.7 1.065112e+04 1.063626e+04 1.045966e+04 1.047452e+04
14.7 1.064675e+04 1.063587e+04 1.045809e+04 1.046897e+04
15.7 1.061532e+04 1.061603e+04 1.046246e+04 1.046175e+04
16.7 1.052441e+04 1.053963e+04 1.046856e+04 1.045335e+04
17.7 1.055079e+04 1.056478e+04 1.046861e+04 1.045462e+04
18.7 1.054961e+04 1.054253e+04 1.046448e+04 1.047155e+04
19.7 1.052071e+04 1.051561e+04 1.046049e+04 1.046559e+04
20.7 1.052911e+04 1.055552e+04 1.045885e+04 1.043244e+04
21.7 1.056055e+04 1.052129e+04 1.046291e+04 1.050217e+04
0.1 1.056849e+04 1.055878e+04 1.047096e+04 1.048067e+04
1.1 1.053670e+04 1.056598e+04 1.046947e+04 1.044020e+04
2.1 1.053919e+04 1.058101e+04 1.046837e+04 1.042655e+04
3.1 1.049915e+04 1.055330e+04 1.047145e+04 1.041730e+04
4.1 1.056107e+04 1.059672e+04 1.047136e+04 1.043571e+04
5.1 1.055970e+04 1.057867e+04 1.046754e+04 1.044858e+04
6.1 1.057366e+04 1.062160e+04 1.046796e+04 1.042002e+04
7.1 1.059129e+04 1.062743e+04 1.047100e+04 1.043486e+04
8.1 1.058672e+04 1.059857e+04 1.046917e+04 1.045732e+04
9.1 1.062895e+04 1.063383e+04 1.046404e+04 1.045916e+04
10.1 1.065112e+04 1.063626e+04 1.045966e+04 1.047452e+04
11.1 1.064675e+04 1.063587e+04 1.045809e+04 1.046897e+04
12.1 1.061532e+04 1.061603e+04 1.046246e+04 1.046175e+04
13.1 1.052441e+04 1.053963e+04 1.046856e+04 1.045335e+04
14.1 1.055079e+04 1.056478e+04 1.046861e+04 1.045462e+04
15.1 1.054961e+04 1.054253e+04 1.046448e+04 1.047155e+04
16.1 1.052071e+04 1.051561e+04 1.046049e+04 1.046559e+04
17.1 1.052911e+04 1.055552e+04 1.045885e+04 1.043244e+04
18.1 1.056055e+04 1.052129e+04 1.046291e+04 1.050217e+04
19.1 1.059271e+04 1.055258e+04 1.046891e+04 1.050905e+04
20.1 1.061217e+04 1.053973e+04 1.046898e+04 1.054143e+04
21.1 1.053735e+04 1.048848e+04 1.046478e+04 1.051364e+04
0.4 1.056107e+04 1.059672e+04 1.047136e+04 1.043571e+04
1.4 1.055970e+04 1.057867e+04 1.046754e+04 1.044858e+04
2.4 1.057366e+04 1.062160e+04 1.046796e+04 1.042002e+04
3.4 1.059129e+04 1.062743e+04 1.047100e+04 1.043486e+04
4.4 1.058672e+04 1.059857e+04 1.046917e+04 1.045732e+04
5.4 1.062895e+04 1.063383e+04 1.046404e+04 1.045916e+04
6.4 1.065112e+04 1.063626e+04 1.045966e+04 1.047452e+04
7.4 1.064675e+04 1.063587e+04 1.045809e+04 1.046897e+04
8.4 1.061532e+04 1.061603e+04 1.046246e+04 1.046175e+04
9.4 1.052441e+04 1.053963e+04 1.046856e+04 1.045335e+04
10.4 1.055079e+04 1.056478e+04 1.046861e+04 1.045462e+04
11.4 1.054961e+04 1.054253e+04 1.046448e+04 1.047155e+04
12.4 1.052071e+04 1.051561e+04 1.046049e+04 1.046559e+04
13.4 1.052911e+04 1.055552e+04 1.045885e+04 1.043244e+04
14.4 1.056055e+04 1.052129e+04 1.046291e+04 1.050217e+04
15.4 1.059271e+04 1.055258e+04 1.046891e+04 1.050905e+04
16.4 1.061217e+04 1.053973e+04 1.046898e+04 1.054143e+04
17.4 1.053735e+04 1.048848e+04 1.046478e+04 1.051364e+04
18.4 1.053350e+04 1.052113e+04 1.046205e+04 1.047442e+04
19.4 1.051161e+04 1.049370e+04 1.046555e+04 1.048345e+04
20.4 1.051407e+04 1.050668e+04 1.046995e+04 1.047734e+04
21.4 1.053105e+04 1.050753e+04 1.046838e+04 1.049190e+04
0.4 1.065112e+04 1.063626e+04 1.045966e+04 1.047452e+04
1.4 1.064675e+04 1.063587e+04 1.045809e+04 1.046897e+04
2.4 1.061532e+04 1.061603e+04 1.046246e+04 1.046175e+04
3.4 1.052441e+04 1.053963e+04 1.046856e+04 1.045335e+04
4.4 1.055079e+04 1.056478e+04 1.046861e+04 1.045462e+04
5.4 1.054961e+04 1.054253e+04 1.046448e+04 1.047155e+04
6.4 1.052071e+04 1.051561e+04 1.046049e+04 1.046559e+04
7.4 1.052911e+04 1.055552e+04 1.045885e+04 1.043244e+04
8.4 1.056055e+04 1.052129e+04 1.046291e+04 1.050217e+04
9.4 1.059271e+04 1.055258e+04 1.046891e+04 1.050905e+04
10.4 1.061217e+04 1.053973e+04 1.046898e+04 1.054143e+04
11.4 1.053735e+04 1.048848e+04 1.046478e+04 1.051364e+04
12.4 1.053350e+04 1.052113e+04 1.046205e+04 1.047442e+04
13.4 1.051161e+04 1.049370e+04 1.046555e+04 1.048345e+04
14.4 1.051407e+04 1.050668e+04 1.046995e+04 1.047734e+04
15.4 1.053105e+04 1.050753e+04 1.046838e+04 1.049190e+04
16.4 1.050201e+04 1.048139e+04 1.046367e+04 1.048429e+04
17.4 1.046142e+04 1.045279e+04 1.045974e+04 1.046837e+04
18.4 1.036911e+04 1.039259e+04 1.045748e+04 1.043401e+04
19.4 1.031406e+04 1.035624e+04 1.045644e+04 1.041427e+04
20.4 1.034039e+04 1.037546e+04 1.045653e+04 1.042146e+04
21.4 1.038109e+04 1.037013e+04 1.046081e+04 1.047177e+04
0.4 1.052071e+04 1.051561e+04 1.046049e+04 1.046559e+04
1.4 1.052911e+04 1.055552e+04 1.045885e+04 1.043244e+04
2.4 1.056055e+04 1.052129e+04 1.046291e+04 1.050217e+04
3.4 1.059271e+04 1.055258e+04 1.046891e+04 1.050905e+04
4.4 1.061217e+04 1.053973e+04 1.046898e+04 1.054143e+04
5.4 1.053735e+04 1.048848e+04 1.046478e+04 1.051364e+04
6.4 1.053350e+04 1.052113e+04 1.046205e+04 1.047442e+04
7.4 1.051161e+04 1.049370e+04 1.046555e+04 1.048345e+04
8.4 1.051407e+04 1.050668e+04 1.046995e+04 1.047734e+04
9.4 1.053105e+04 1.050753e+04 1.046838e+04 1.049190e+04
10.4 1.050201e+04 1.048139e+04 1.046367e+04 1.048429e+04
11.4 1.046142e+04 1.045279e+04 1.045974e+04 1.046837e+04
12.4 1.036911e+04 1.039259e+04 1.045748e+04 1.043401e+04
13.4 1.031406e+04 1.035624e+04 1.045644e+04 1.041427e+04
14.4 1.034039e+04 1.037546e+04 1.045653e+04 1.042146e+04
15.4 1.038109e+04 1.037013e+04 1.046081e+04 1.047177e+04
16.4 1.042126e+04 1.044147e+04 1.046814e+04 1.044793e+04
17.4 1.040221e+04 1.042267e+04 1.047017e+04 1.044972e+04
18.4 1.039880e+04 1.042138e+04 1.046781e+04 1.044523e+04
19.4 1.048930e+04 1.048644e+04 1.046927e+04 1.047212e+04
20.4 1.052265e+04 1.048008e+04 1.047201e+04 1.051458e+04
21.4 1.054459e+04 1.049171e+04 1.046952e+04 1.052240e+04
0.5 1.053735e+04 1.048848e+04 1.046478e+04 1.051364e+04
1.5 1.053350e+04 1.052113e+04 1.046205e+04 1.047442e+04
2.5 1.051161e+04 1.049370e+04 1.046555e+04 1.048345e+04
3.5 1.051407e+04 1.050668e+04 1.046995e+04 1.047734e+04
4.5 1.053105e+04 1.050753e+04 1.046838e+04 1.049190e+04
5.5 1.050201e+04 1.048139e+04 1.046367e+04 1.048429e+04
6.5 1.046142e+04 1.045279e+04 1.045974e+04 1.046837e+04
7.5 1.036911e+04 1.039259e+04 1.045748e+04 1.043401e+04
8.5 1.031406e+04 1.035624e+04 1.045644e+04 1.041427e+04
9.5 1.034039e+04 1.037546e+04 1.045653e+04 1.042146e+04
10.5 1.038109e+04 1.037013e+04 1.046081e+04 1.047177e+04
11.5 1.042126e+04 1.044147e+04 1.046814e+04 1.044793e+04
12.5 1.040221e+04 1.042267e+04 1.047017e+04 1.044972e+04
13.5 1.039880e+04 1.042138e+04 1.046781e+04 1.044523e+04
14.5 1.048930e+04 1.048644e+04 1.046927e+04 1.047212e+04
15.5 1.052265e+04 1.048008e+04 1.047201e+04 1.051458e+04
16.5 1.054459e+04 1.049171e+04 1.046952e+04 1.052240e+04
17.5 1.056382e+04 1.053160e+04 1.046693e+04 1.049915e+04
18.5 1.049133e+04 1.052101e+04 1.046958e+04 1.043991e+04
19.5 1.044103e+04 1.054134e+04 1.047070e+04 1.037039e+04
20.5 1.045083e+04 1.055764e+04 1.046730e+04 1.036048e+04
21.5 1.047093e+04 1.054018e+04 1.046698e+04 1.039773e+04
0.1 1.031406e+04 1.035624e+04 1.045644e+04 1.041427e+04
1.1 1.034039e+04 1.037546e+04 1.045653e+04 1.042146e+04
2.1 1.038109e+04 1.037013e+04 1.046081e+04 1.047177e+04
3.1 1.042126e+04 1.044147e+04 1.046814e+04 1.044793e+04
4.1 1.040221e+04 1.042267e+04 1.047017e+04 1.044972e+04
5.1 1.039880e+04 1.042138e+04 1.046781e+04 1.044523e+04
6.1 1.048930e+04 1.048644e+04 1.046927e+04 1.047212e+04
7.1 1.052265e+04 1.048008e+04 1.047201e+04 1.051458e+04
8.1 1.054459e+04 1.049171e+04 1.046952e+04 1.052240e+04
9.1 1.056382e+04 1.053160e+04 1.046693e+04 1.049915e+04
10.1 1.049133e+04 1.052101e+04 1.046958e+04 1.043991e+04
11.1 1.044103e+04 1.054134e+04 1.047070e+04 1.037039e+04
12.1 1.045083e+04 1.055764e+04 1.046730e+04 1.036048e+04
13.1 1.047093e+04 1.054018e+04 1.046698e+04 1.039773e+04
14.1 1.048967e+04 1.055689e+04 1.047036e+04 1.040314e+04
15.1 1.052196e+04 1.054027e+04 1.046950e+04 1.045120e+04
16.1 1.048651e+04 1.050632e+04 1.046467e+04 1.044486e+04
17.1 1.051724e+04 1.053473e+04 1.046012e+04 1.044262e+04
18.1 1.054672e+04 1.051596e+04 1.045799e+04 1.048876e+04
19.1 1.056676e+04 1.053054e+04 1.046151e+04 1.049773e+04
20.1 1.060537e+04 1.052633e+04 1.046808e+04 1.054713e+04
21.1 1.064662e+04 1.053725e+04 1.046924e+04 1.057861e+04
0.5 1.040221e+04 1.042267e+04 1.047017e+04 1.044972e+04
1.5 1.039880e+04 1.042138e+04 1.046781e+04 1.044523e+04
2.5 1.048930e+04 1.048644e+04 1.046927e+04 1.047212e+04
3.5 1.052265e+04 1.048008e+04 1.047201e+04 1.051458e+04
4.5 1.054459e+04 1.049171e+04 1.046952e+04 1.052240e+04
5.5 1.056382e+04 1.053160e+04 1.046693e+04 1.049915e+04
6.5 1.049133e+04 1.052101e+04 1.046958e+04 1.043991e+04
7.5 1.044103e+04 1.054134e+04 1.047070e+04 1.037039e+04
8.5 1.045083e+04 1.055764e+04 1.046730e+04 1.036048e+04
9.5 1.047093e+04 1.054018e+04 1.046698e+04 1.039773e+04
10.5 1.048967e+04 1.055689e+04 1.047036e+04 1.040314e+04
11.5 1.052196e+04 1.054027e+04 1.046950e+04 1.045120e+04
12.5 1.048651e+04 1.050632e+04 1.046467e+04 1.044486e+04
13.5 1.051724e+04 1.053473e+04 1.046012e+04 1.044262e+04
14.5 1.054672e+04 1.051596e+04 1.045799e+04 1.048876e+04
15.5 1.056676e+04 1.053054e+04 1.046151e+04 1.049773e+04
16.5 1.060537e+04 1.052633e+04 1.046808e+04 1.054713e+04
17.5 1.064662e+04 1.053725e+04 1.046924e+04 1.057861e+04
18.5 1.057287e+04 1.048441e+04 1.046695e+04 1.055541e+04
19.5 1.049854e+04 1.046293e+04 1.046899e+04 1.050460e+04
20.5 1.044205e+04 1.043871e+04 1.047161e+04 1.047495e+04
21.5 1.041786e+04 1.043898e+04 1.046873e+04 1.044761e+04
0.9 1.054459e+04 1.049171e+04 1.046952e+04 1.052240e+04
1.9 1.056382e+04 1.053160e+04 1.046693e+04 1.049915e+04
2.9 1.049133e+04 1.052101e+04 1.046958e+04 1.043991e+04
3.9 1.044103e+04 1.054134e+04 1.047070e+04 1.037039e+04
4.9 1.045083e+04 1.055764e+04 1.046730e+04 1.036048e+04
5.9 1.047093e+04 1.054018e+04 1.046698e+04 1.039773e+04
6.9 1.048967e+04 1.055689e+04 1.047036e+04 1.040314e+04
7.9 1.052196e+04 1.054027e+04 1.046950e+04 1.045120e+04
8.9 1.048651e+04 1.050632e+04 1.046467e+04 1.044486e+04
9.9 1.051724e+04 1.053473e+04 1.046012e+04 1.044262e+04
10.9 1.054672e+04 1.051596e+04 1.045799e+04 1.048876e+04
11.9 1.056676e+04 1.053054e+04 1.046151e+04 1.049773e+04
12.9 1.060537e+04 1.052633e+04 1.046808e+04 1.054713e+04
13.9 1.064662e+04 1.053725e+04 1.046924e+04 1.057861e+04
14.9 1.057287e+04 1.048441e+04 1.046695e+04 1.055541e+04
15.9 1.049854e+04 1.046293e+04 1.046899e+04 1.050460e+04
16.9 1.044205e+04 1.043871e+04 1.047161e+04 1.047495e+04
17.9 1.041786e+04 1.043898e+04 1.046873e+04 1.044761e+04
18.9 1.043821e+04 1.044162e+04 1.046346e+04 1.046006e+04
19.9 1.044836e+04 1.046649e+04 1.046175e+04 1.044362e+04
20.9 1.047210e+04 1.050851e+04 1.046640e+04 1.042999e+04
21.9 1.049533e+04 1.050724e+04 1.046977e+04 1.045786e+04
0.3 1.044103e+04 1.054134e+04 1.047070e+04 1.037039e+04
1.3 1.045083e+04 1.055764e+04 1.046730e+04 1.036048e+04
2.3 1.047093e+04 1.054018e+04 1.046698e+04 1.039773e+04
3.3 1.048967e+04 1.055689e+04 1.047036e+04 1.040314e+04
4.3 1.052196e+04 1.054027e+04 1.046950e+04 1.045120e+04
5.3 1.048651e+04 1.050632e+04 1.046467e+04 1.044486e+04
6.3 1.051724e+04 1.053473e+04 1.046012e+04 1.044262e+04
7.3 1.054672e+04 1.051596e+04 1.045799e+04 1.048876e+04
8.3 1.056676e+04 1.053054e+04 1.046151e+04 1.049773e+04
9.3 1.060537e+04 1.052633e+04 1.046808e+04 1.054713e+04
10.3 1.064662e+04 1.053725e+04 1.046924e+04 1.057861e+04
11.3 1.057287e+04 1.048441e+04 1.046695e+04 1.055541e+04
12.3 1.049854e+04 1.046293e+04 1.046899e+04 1.050460e+04
13.3 1.044205e+04 1.043871e+04 1.047161e+04 1.047495e+04
14.3 1.041786e+04 1.043898e+04 1.046873e+04 1.044761e+04
15.3 1.043821e+04 1.044162e+04 1.046346e+04 1.046006e+04
16.3 1.044836e+04 1.046649e+04 1.046175e+04 1.044362e+04
17.3 1.047210e+04 1.050851e+04 1.046640e+04 1.042999e+04
18.3 1.049533e+04 1.050724e+04 1.046977e+04 1.045786e+04
19.3 1.051092e+04 1.048624e+04 1.046712e+04 1.049180e+04
20.3 1.054681e+04 1.052112e+04 1.046245e+04 1.048814e+04
21.3 1.055513e+04 1.052917e+04 1.045901e+04 1.048498e+04
0.3 1.051724e+04 1.053473e+04 1.046012e+04 1.044262e+04
1.3 1.054672e+04 1.051596e+04 1.045799e+04 1.048876e+04
2.3 1.056676e+04 1.053054e+04 1.046151e+04 1.049773e+04
3.3 1.060537e+04 1.052633e+04 1.046808e+04 1.054713e+04
4.3 1.064662e+04 1.053725e+04 1.046924e+04 1.057861e+04
5.3 1.057287e+04 1.048441e+04 1.046695e+04 1.055541e+04
6.3 1.049854e+04 1.046293e+04 1.046899e+04 1.050460e+04
7.3 1.044205e+04 1.043871e+04 1.047161e+04 1.047495e+04
8.3 1.041786e+04 1.043898e+04 1.046873e+04 1.044761e+04
9.3 1.043821e+04 1.044162e+04 1.046346e+04 1.046006e+04
10.3 1.044836e+04 1.046649e+04 1.046175e+04 1.044362e+04
11.3 1.047210e+04 1.050851e+04 1.046640e+04 1.042999e+04
12.3 1.049533e+04 1.050724e+04 1.046977e+04 1.045786e+04
13.3 1.051092e+04 1.048624e+04 1.046712e+04 1.049180e+04
14.3 1.054681e+04 1.052112e+04 1.046245e+04 1.048814e+04
15.3 1.055513e+04 1.052917e+04 1.045901e+04 1.048498e+04
16.3 1.053247e+04 1.053766e+04 1.045930e+04 1.045411e+04
17.3 1.055690e+04 1.056300e+04 1.046523e+04 1.045914e+04
18.3 1.056013e+04 1.056865e+04 1.046960e+04 1.046108e+04
19.3 1.054988e+04 1.057554e+04 1.046755e+04 1.044189e+04
20.3 1.056132e+04 1.059111e+04 1.046305e+04 1.043326e+04
21.3 1.059572e+04 1.057197e+04 1.045955e+04 1.048330e+04
0.6 1.064662e+04 1.053725e+04 1.046924e+04 1.057861e+04
1.6 1.057287e+04 1.048441e+04 1.046695e+04 1.055541e+04
2.6 1.049854e+04 1.046293e+04 1.046899e+04 1.050460e+04
3.6 1.044205e+04 1.043871e+04 1.047161e+04 1.047495e+04
4.6 1.041786e+04 1.043898e+04 1.046873e+04 1.044761e+04
5.6 1.043821e+04 1.044162e+04 1.046346e+04 1.046006e+04
6.6 1.044836e+04 1.046649e+04 1.046175e+04 1.044362e+04
7.6 1.047210e+04 1.050851e+04 1.046640e+04 1.042999e+04
8.6 1.049533e+04 1.050724e+04 1.046977e+04 1.045786e+04
9.6 1.051092e+04 1.048624e+04 1.046712e+04 1.049180e+04
10.6 1.054681e+04 1.052112e+04 1.046245e+04 1.048814e+04
11.6 1.055513e+04 1.052917e+04 1.045901e+04 1.048498e+04
12.6 1.053247e+04 1.053766e+04 1.045930e+04 1.045411e+04
13.6 1.055690e+04 1.056300e+04 1.046523e+04 1.045914e+04
14.6 1.056013e+04 1.056865e+04 1.046960e+04 1.046108e+04
15.6 1.054988e+04 1.057554e+04 1.046755e+04 1.044189e+04
16.6 1.056132e+04 1.059111e+04 1.046305e+04 1.043326e+04
17.6 1.059572e+04 1.057197e+04 1.045955e+04 1.048330e+04
18.6 1.062936e+04 1.061150e+04 1.045957e+04 1.047744e+04
19.6 1.063740e+04 1.056520e+04 1.046528e+04 1.053748e+04
20.6 1.066164e+04 1.059133e+04 1.046972e+04 1.054003e+04
21.6 1.063284e+04 1.058010e+04 1.046805e+04 1.052079e+04
0.8 1.043821e+04 1.044162e+04 1.046346e+04 1.046006e+04
1.8 1.044836e+04 1.046649e+04 1.046175e+04 1.044362e+04
2.8 1.047210e+04 1.050851e+04 1.046640e+04 1.042999e+04
3.8 1.049533e+04 1.050724e+04 1.046977e+04 1.045786e+04
4.8 1.051092e+04 1.048624e+04 1.046712e+04 1.049180e+04
5.8 1.054681e+04 1.052112e+04 1.046245e+04 1.048814e+04
6.8 1.055513e+04 1.052917e+04 1.045901e+04 1.048498e+04
7.8 1.053247e+04 1.053766e+04 1.045930e+04 1.045411e+04
8.8 1.055690e+04 1.056300e+04 1.046523e+04 1.045914e+04
9.8 1.056013e+04 1.056865e+04 1.046960e+04 1.046108e+04
10.8 1.054988e+04 1.057554e+04 1.046755e+04 1.044189e+04
11.8 1.056132e+04 1.059111e+04 1.046305e+04 1.043326e+04
12.8 1.059572e+04 1.057197e+04 1.045955e+04 1.048330e+04
13.8 1.062936e+04 1.061150e+04 1.045957e+04 1.047744e+04
14.8 1.063740e+04 1.056520e+04 1.046528e+04 1.053748e+04
15.8 1.066164e+04 1.059133e+04 1.046972e+04 1.054003e+04
16.8 1.063284e+04 1.058010e+04 1.046805e+04 1.052079e+04
17.8 1.055009e+04 1.056458e+04 1.046737e+04 1.045288e+04
18.8 1.054024e+04 1.053460e+04 1.047085e+04 1.047648e+04
19.8 1.054640e+04 1.056158e+04 1.047088e+04 1.045570e+04
20.8 1.054805e+04 1.056886e+04 1.046617e+04 1.044536e+04
21.8 1.045337e+04 1.048824e+04 1.046116e+04 1.042629e+04
0.7 1.055513e+04 1.052917e+04 1.045901e+04 1.048498e+04
1.7 1.053247e+04 1.053766e+04 1.045930e+04 1.045411e+04
2.7 1.055690e+04 1.056300e+04 1.046523e+04 1.045914e+04
3.7 1.056013e+04 1.056865e+04 1.046960e+04 1.046108e+04
4.7 1.054988e+04 1.057554e+04 1.046755e+04 1.044189e+04
5.7 1.056132e+04 1.059111e+04 1.046305e+04 1.043326e+04
6.7 1.059572e+04 1.057197e+04 1.045955e+04 1.048330e+04
7.7 1.062936e+04 1.061150e+04 1.045957e+04 1.047744e+04
8.7 1.063740e+04 1.056520e+04 1.046528e+04 1.053748e+04
9.7 1.066164e+04 1.059133e+04 1.046972e+04 1.054003e+04
10.7 1.063284e+04 1.058010e+04 1.046805e+04 1.052079e+04
11.7 1.055009e+04 1.056458e+04 1.046737e+04 1.045288e+04
12.7 1.054024e+04 1.053460e+04 1.047085e+04 1.047648e+04
13.7 1.054640e+04 1.056158e+04 1.047088e+04 1.045570e+04
14.7 1.054805e+04 1.056886e+04 1.046617e+04 1.044536e+04
15.7 1.045337e+04 1.048824e+04 1.046116e+04 1.042629e+04
16.7 1.034213e+04 1.042065e+04 1.045797e+04 1.037946e+04
17.7 1.029118e+04 1.036117e+04 1.045643e+04 1.038645e+04
18.7 1.032147e+04 1.035025e+04 1.045593e+04 1.042715e+04
19.7 1.027904e+04 1.032643e+04 1.045599e+04 1.040860e+04
20.7 1.032030e+04 1.035238e+04 1.045632e+04 1.042423e+04
21.7 1.033210e+04 1.036862e+04 1.045671e+04 1.042019e+04
0.7 1.059572e+04 1.057197e+04 1.045955e+04 1.048330e+04
1.7 1.062936e+04 1.061150e+04 1.045957e+04 1.047744e+04
2.7 1.063740e+04 1.056520e+04 1.046528e+04 1.053748e+04
3.7 1.066164e+04 1.059133e+04 1.046972e+04 1.054003e+04
4.7 1.063284e+04 1.058010e+04 1.046805e+04 1.052079e+04
5.7 1.055009e+04 1.056458e+04 1.046737e+04 1.045288e+04
6.7 1.054024e+04 1.053460e+04 1.047085e+04 1.047648e+04
7.7 1.054640e+04 1.056158e+04 1.047088e+04 1.045570e+04
8.7 1.054805e+04 1.056886e+04 1.046617e+04 1.044536e+04
9.7 1.045337e+04 1.048824e+04 1.046116e+04 1.042629e+04
10.7 1.034213e+04 1.042065e+04 1.045797e+04 1.037946e+04
11.7 1.029118e+04 1.036117e+04 1.045643e+04 1.038645e+04
12.7 1.032147e+04 1.035025e+04 1.045593e+04 1.042715e+04
13.7 1.027904e+04 1.032643e+04 1.045599e+04 1.040860e+04
14.7 1.032030e+04 1.035238e+04 1.045632e+04 1.042423e+04
15.7 1.033210e+04 1.036862e+04 1.045671e+04 1.042019e+04
16.7 1.031707e+04 1.036046e+04 1.045705e+04 1.041366e+04
17.7 1.030897e+04 1.034393e+04 1.045729e+04 1.042232e+04
18.7 1.035577e+04 1.035602e+04 1.045744e+04 1.045719e+04
19.7 1.038617e+04 1.035116e+04 1.045753e+04 1.049253e+04
20.7 1.034936e+04 1.033015e+04 1.045757e+04 1.047678e+04
21.7 1.035636e+04 1.031872e+04 1.045759e+04 1.049523e+04
0.1 1.066164e+04 1.059133e+04 1.046972e+04 1.054003e+04
1.1 1.063284e+04 1.058010e+04 1.046805e+04 1.052079e+04
2.1 1.055009e+04 1.056458e+04 1.046737e+04 1.045288e+04
3.1 1.054024e+04 1.053460e+04 1.047085e+04 1.047648e+04
4.1 1.054640e+04 1.056158e+04 1.047088e+04 1.045570e+04
5.1 1.054805e+04 1.056886e+04 1.046617e+04 1.044536e+04
6.1 1.045337e+04 1.048824e+04 1.046116e+04 1.042629e+04
7.1 1.034213e+04 1.042065e+04 1.045797e+04 1.037946e+04
8.1 1.029118e+04 1.036117e+04 1.045643e+04 1.038645e+04
9.1 1.032147e+04 1.035025e+04 1.045593e+04 1.042715e+04
10.1 1.027904e+04 1.032643e+04 1.045599e+04 1.040860e+04
11.1 1.032030e+04 1.035238e+04 1.045632e+04 1.042423e+04
12.1 1.033210e+04 1.036862e+04 1.045671e+04 1.042019e+04
13.1 1.031707e+04 1.036046e+04 1.045705e+04 1.041366e+04
14.1 1.030897e+04 1.034393e+04 1.045729e+04 1.042232e+04
15.1 1.035577e+04 1.035602e+04 1.045744e+04 1.045719e+04
16.1 1.038617e+04 1.035116e+04 1.045753e+04 1.049253e+04
17.1 1.034936e+04 1.033015e+04 1.045757e+04 1.047678e+04
18.1 1.035636e+04 1.031872e+04 1.045759e+04 1.049523e+04
19.1 1.034113e+04 1.032891e+04 1.045760e+04 1.046982e+04
20.1 1.035607e+04 1.032942e+04 1.045760e+04 1.048425e+04
21.1 1.033674e+04 1.033919e+04 1.045761e+04 1.045515e+04
