0.2 1.052289e+04 1.053036e+04 1.046693e+04 1.045946e+04
1.2 1.044054e+04 1.045987e+04 1.046633e+04 1.044700e+04
2.2 1.041703e+04 1.041295e+04 1.046079e+04 1.046487e+04
3.2 1.044280e+04 1.043811e+04 1.045226e+04 1.045695e+04
4.2 1.045949e+04 1.046480e+04 1.045084e+04 1.044553e+04
5.2 1.043812e+04 1.044905e+04 1.045592e+04 1.044499e+04
6.2 1.040827e+04 1.045958e+04 1.046158e+04 1.041027e+04
7.2 1.043925e+04 1.046849e+04 1.046478e+04 1.043554e+04
8.2 1.045103e+04 1.046164e+04 1.046128e+04 1.045068e+04
9.2 1.047432e+04 1.045674e+04 1.045363e+04 1.047121e+04
10.2 1.046139e+04 1.047350e+04 1.045234e+04 1.044023e+04
11.2 1.047617e+04 1.048544e+04 1.045507e+04 1.044580e+04
12.2 1.048933e+04 1.048940e+04 1.045231e+04 1.045224e+04
13.2 1.051802e+04 1.052059e+04 1.044826e+04 1.044569e+04
14.2 1.051367e+04 1.053455e+04 1.045124e+04 1.043035e+04
15.2 1.049271e+04 1.049812e+04 1.045489e+04 1.044947e+04
16.2 1.048789e+04 1.046586e+04 1.045201e+04 1.047403e+04
17.2 1.050475e+04 1.045567e+04 1.045077e+04 1.049985e+04
18.2 1.052770e+04 1.048645e+04 1.045576e+04 1.049701e+04
19.2 1.054924e+04 1.052608e+04 1.046171e+04 1.048486e+04
20.2 1.057413e+04 1.057311e+04 1.046132e+04 1.046235e+04
21.2 1.053982e+04 1.056694e+04 1.045465e+04 1.042753e+04
0.2 1.040827e+04 1.045958e+04 1.046158e+04 1.041027e+04
1.2 1.043925e+04 1.046849e+04 1.046478e+04 1.043554e+04
2.2 1.045103e+04 1.046164e+04 1.046128e+04 1.045068e+04
3.2 1.047432e+04 1.045674e+04 1.045363e+04 1.047121e+04
4.2 1.046139e+04 1.047350e+04 1.045234e+04 1.044023e+04
5.2 1.047617e+04 1.048544e+04 1.045507e+04 1.044580e+04
6.2 1.048933e+04 1.048940e+04 1.045231e+04 1.045224e+04
7.2 1.051802e+04 1.052059e+04 1.044826e+04 1.044569e+04
8.2 1.051367e+04 1.053455e+04 1.045124e+04 1.043035e+04
9.2 1.049271e+04 1.049812e+04 1.045489e+04 1.044947e+04
10.2 1.048789e+04 1.046586e+04 1.045201e+04 1.047403e+04
11.2 1.050475e+04 1.045567e+04 1.045077e+04 1.049985e+04
12.2 1.052770e+04 1.048645e+04 1.045576e+04 1.049701e+04
13.2 1.054924e+04 1.052608e+04 1.046171e+04 1.048486e+04
14.2 1.057413e+04 1.057311e+04 1.046132e+04 1.046235e+04
15.2 1.053982e+04 1.056694e+04 1.045465e+04 1.042753e+04
16.2 1.053572e+04 1.050944e+04 1.045266e+04 1.047894e+04
17.2 1.055981e+04 1.048853e+04 1.045717e+04 1.052845e+04
18.2 1.055533e+04 1.048852e+04 1.046259e+04 1.052940e+04
19.2 1.058205e+04 1.054473e+04 1.046617e+04 1.050350e+04
20.2 1.059929e+04 1.053880e+04 1.046798e+04 1.052847e+04
21.2 1.060750e+04 1.060495e+04 1.046867e+04 1.047122e+04
0.6 1.046139e+04 1.047350e+04 1.045234e+04 1.044023e+04
1.6 1.047617e+04 1.048544e+04 1.045507e+04 1.044580e+04
2.6 1.048933e+04 1.048940e+04 1.045231e+04 1.045224e+04
3.6 1.051802e+04 1.052059e+04 1.044826e+04 1.044569e+04
4.6 1.051367e+04 1.053455e+04 1.045124e+04 1.043035e+04
5.6 1.049271e+04 1.049812e+04 1.045489e+04 1.044947e+04
6.6 1.048789e+04 1.046586e+04 1.045201e+04 1.047403e+04
7.6 1.050475e+04 1.045567e+04 1.045077e+04 1.049985e+04
8.6 1.052770e+04 1.048645e+04 1.045576e+04 1.049701e+04
9.6 1.054924e+04 1.052608e+04 1.046171e+04 1.048486e+04
10.6 1.057413e+04 1.057311e+04 1.046132e+04 1.046235e+04
11.6 1.053982e+04 1.056694e+04 1.045465e+04 1.042753e+04
12.6 1.053572e+04 1.050944e+04 1.045266e+04 1.047894e+04
13.6 1.055981e+04 1.048853e+04 1.045717e+04 1.052845e+04
14.6 1.055533e+04 1.048852e+04 1.046259e+04 1.052940e+04
15.6 1.058205e+04 1.054473e+04 1.046617e+04 1.050350e+04
16.6 1.059929e+04 1.053880e+04 1.046798e+04 1.052847e+04
17.6 1.060750e+04 1.060495e+04 1.046867e+04 1.047122e+04
18.6 1.058327e+04 1.059027e+04 1.046870e+04 1.046169e+04
19.6 1.050666e+04 1.057778e+04 1.046838e+04 1.039726e+04
20.6 1.042967e+04 1.049719e+04 1.046723e+04 1.039971e+04
21.6 1.040758e+04 1.042616e+04 1.046094e+04 1.044236e+04
0.9 1.051367e+04 1.053455e+04 1.045124e+04 1.043035e+04
1.9 1.049271e+04 1.049812e+04 1.045489e+04 1.044947e+04
2.9 1.048789e+04 1.046586e+04 1.045201e+04 1.047403e+04
3.9 1.050475e+04 1.045567e+04 1.045077e+04 1.049985e+04
4.9 1.052770e+04 1.048645e+04 1.045576e+04 1.049701e+04
5.9 1.054924e+04 1.052608e+04 1.046171e+04 1.048486e+04
6.9 1.057413e+04 1.057311e+04 1.046132e+04 1.046235e+04
7.9 1.053982e+04 1.056694e+04 1.045465e+04 1.042753e+04
8.9 1.053572e+04 1.050944e+04 1.045266e+04 1.047894e+04
9.9 1.055981e+04 1.048853e+04 1.045717e+04 1.052845e+04
10.9 1.055533e+04 1.048852e+04 1.046259e+04 1.052940e+04
11.9 1.058205e+04 1.054473e+04 1.046617e+04 1.050350e+04
12.9 1.059929e+04 1.053880e+04 1.046798e+04 1.052847e+04
13.9 1.060750e+04 1.060495e+04 1.046867e+04 1.047122e+04
14.9 1.058327e+04 1.059027e+04 1.046870e+04 1.046169e+04
15.9 1.050666e+04 1.057778e+04 1.046838e+04 1.039726e+04
16.9 1.042967e+04 1.049719e+04 1.046723e+04 1.039971e+04
17.9 1.040758e+04 1.042616e+04 1.046094e+04 1.044236e+04
18.9 1.038920e+04 1.040279e+04 1.045230e+04 1.043870e+04
19.9 1.038616e+04 1.039233e+04 1.045121e+04 1.044505e+04
20.9 1.037272e+04 1.040393e+04 1.045637e+04 1.042515e+04
21.9 1.041456e+04 1.043562e+04 1.046189e+04 1.044084e+04
0.1 1.052770e+04 1.048645e+04 1.045576e+04 1.049701e+04
1.1 1.054924e+04 1.052608e+04 1.046171e+04 1.048486e+04
2.1 1.057413e+04 1.057311e+04 1.046132e+04 1.046235e+04
3.1 1.053982e+04 1.056694e+04 1.045465e+04 1.042753e+04
4.1 1.053572e+04 1.050944e+04 1.045266e+04 1.047894e+04
5.1 1.055981e+04 1.048853e+04 1.045717e+04 1.052845e+04
6.1 1.055533e+04 1.048852e+04 1.046259e+04 1.052940e+04
7.1 1.058205e+04 1.054473e+04 1.046617e+04 1.050350e+04
8.1 1.059929e+04 1.053880e+04 1.046798e+04 1.052847e+04
9.1 1.060750e+04 1.060495e+04 1.046867e+04 1.047122e+04
10.1 1.058327e+04 1.059027e+04 1.046870e+04 1.046169e+04
11.1 1.050666e+04 1.057778e+04 1.046838e+04 1.039726e+04
12.1 1.042967e+04 1.049719e+04 1.046723e+04 1.039971e+04
13.1 1.040758e+04 1.042616e+04 1.046094e+04 1.044236e+04
14.1 1.038920e+04 1.040279e+04 1.045230e+04 1.043870e+04
15.1 1.038616e+04 1.039233e+04 1.045121e+04 1.044505e+04
16.1 1.037272e+04 1.040393e+04 1.045637e+04 1.042515e+04
17.1 1.041456e+04 1.043562e+04 1.046189e+04 1.044084e+04
18.1 1.044520e+04 1.047081e+04 1.046555e+04 1.043993e+04
19.1 1.049275e+04 1.051399e+04 1.046750e+04 1.044627e+04
20.1 1.050800e+04 1.051578e+04 1.046821e+04 1.046043e+04
21.1 1.053512e+04 1.053700e+04 1.046496e+04 1.046308e+04
0.3 1.050666e+04 1.057778e+04 1.046838e+04 1.039726e+04
1.3 1.042967e+04 1.049719e+04 1.046723e+04 1.039971e+04
2.3 1.040758e+04 1.042616e+04 1.046094e+04 1.044236e+04
3.3 1.038920e+04 1.040279e+04 1.045230e+04 1.043870e+04
4.3 1.038616e+04 1.039233e+04 1.045121e+04 1.044505e+04
5.3 1.037272e+04 1.040393e+04 1.045637e+04 1.042515e+04
6.3 1.041456e+04 1.043562e+04 1.046189e+04 1.044084e+04
7.3 1.044520e+04 1.047081e+04 1.046555e+04 1.043993e+04
8.3 1.049275e+04 1.051399e+04 1.046750e+04 1.044627e+04
9.3 1.050800e+04 1.051578e+04 1.046821e+04 1.046043e+04
10.3 1.053512e+04 1.053700e+04 1.046496e+04 1.046308e+04
11.3 1.052771e+04 1.052806e+04 1.045607e+04 1.045572e+04
12.3 1.047479e+04 1.049358e+04 1.045120e+04 1.043240e+04
13.3 1.040979e+04 1.042247e+04 1.045370e+04 1.044102e+04
14.3 1.037982e+04 1.040206e+04 1.045349e+04 1.043125e+04
15.3 1.043687e+04 1.041266e+04 1.044946e+04 1.047367e+04
16.3 1.047877e+04 1.043317e+04 1.045105e+04 1.049665e+04
17.3 1.048638e+04 1.046068e+04 1.045748e+04 1.048318e+04
18.3 1.055873e+04 1.053080e+04 1.046340e+04 1.049134e+04
19.3 1.057009e+04 1.054721e+04 1.046694e+04 1.048981e+04
20.3 1.060021e+04 1.055070e+04 1.046855e+04 1.051806e+04
21.3 1.060764e+04 1.055419e+04 1.046890e+04 1.052235e+04
0.9 1.050800e+04 1.051578e+04 1.046821e+04 1.046043e+04
1.9 1.053512e+04 1.053700e+04 1.046496e+04 1.046308e+04
2.9 1.052771e+04 1.052806e+04 1.045607e+04 1.045572e+04
3.9 1.047479e+04 1.049358e+04 1.045120e+04 1.043240e+04
4.9 1.040979e+04 1.042247e+04 1.045370e+04 1.044102e+04
5.9 1.037982e+04 1.040206e+04 1.045349e+04 1.043125e+04
6.9 1.043687e+04 1.041266e+04 1.044946e+04 1.047367e+04
7.9 1.047877e+04 1.043317e+04 1.045105e+04 1.049665e+04
8.9 1.048638e+04 1.046068e+04 1.045748e+04 1.048318e+04
9.9 1.055873e+04 1.053080e+04 1.046340e+04 1.049134e+04
10.9 1.057009e+04 1.054721e+04 1.046694e+04 1.048981e+04
11.9 1.060021e+04 1.055070e+04 1.046855e+04 1.051806e+04
12.9 1.060764e+04 1.055419e+04 1.046890e+04 1.052235e+04
13.9 1.053377e+04 1.053633e+04 1.046537e+04 1.046281e+04
14.9 1.046466e+04 1.050183e+04 1.045629e+04 1.041913e+04
15.9 1.037936e+04 1.041854e+04 1.045131e+04 1.041214e+04
16.9 1.039142e+04 1.040578e+04 1.045368e+04 1.043932e+04
17.9 1.041388e+04 1.039689e+04 1.045326e+04 1.047025e+04
18.9 1.040551e+04 1.039578e+04 1.044918e+04 1.045892e+04
19.9 1.038823e+04 1.039016e+04 1.045086e+04 1.044893e+04
20.9 1.038048e+04 1.039908e+04 1.045739e+04 1.043879e+04
21.9 1.041574e+04 1.043408e+04 1.046337e+04 1.044504e+04
0.3 1.047479e+04 1.049358e+04 1.045120e+04 1.043240e+04
1.3 1.040979e+04 1.042247e+04 1.045370e+04 1.044102e+04
2.3 1.037982e+04 1.040206e+04 1.045349e+04 1.043125e+04
3.3 1.043687e+04 1.041266e+04 1.044946e+04 1.047367e+04
4.3 1.047877e+04 1.043317e+04 1.045105e+04 1.049665e+04
5.3 1.048638e+04 1.046068e+04 1.045748e+04 1.048318e+04
6.3 1.055873e+04 1.053080e+04 1.046340e+04 1.049134e+04
7.3 1.057009e+04 1.054721e+04 1.046694e+04 1.048981e+04
8.3 1.060021e+04 1.055070e+04 1.046855e+04 1.051806e+04
9.3 1.060764e+04 1.055419e+04 1.046890e+04 1.052235e+04
10.3 1.053377e+04 1.053633e+04 1.046537e+04 1.046281e+04
11.3 1.046466e+04 1.050183e+04 1.045629e+04 1.041913e+04
12.3 1.037936e+04 1.041854e+04 1.045131e+04 1.041214e+04
13.3 1.039142e+04 1.040578e+04 1.045368e+04 1.043932e+04
14.3 1.041388e+04 1.039689e+04 1.045326e+04 1.047025e+04
15.3 1.040551e+04 1.039578e+04 1.044918e+04 1.045892e+04
16.3 1.038823e+04 1.039016e+04 1.045086e+04 1.044893e+04
17.3 1.038048e+04 1.039908e+04 1.045739e+04 1.043879e+04
18.3 1.041574e+04 1.043408e+04 1.046337e+04 1.044504e+04
19.3 1.042497e+04 1.045513e+04 1.046614e+04 1.043599e+04
20.3 1.045473e+04 1.046199e+04 1.046169e+04 1.045442e+04
21.3 1.045579e+04 1.044293e+04 1.045388e+04 1.046674e+04
0.9 1.060764e+04 1.055419e+04 1.046890e+04 1.052235e+04
1.9 1.053377e+04 1.053633e+04 1.046537e+04 1.046281e+04
2.9 1.046466e+04 1.050183e+04 1.045629e+04 1.041913e+04
3.9 1.037936e+04 1.041854e+04 1.045131e+04 1.041214e+04
4.9 1.039142e+04 1.040578e+04 1.045368e+04 1.043932e+04
5.9 1.041388e+04 1.039689e+04 1.045326e+04 1.047025e+04
6.9 1.040551e+04 1.039578e+04 1.044918e+04 1.045892e+04
7.9 1.038823e+04 1.039016e+04 1.045086e+04 1.044893e+04
8.9 1.038048e+04 1.039908e+04 1.045739e+04 1.043879e+04
9.9 1.041574e+04 1.043408e+04 1.046337e+04 1.044504e+04
10.9 1.042497e+04 1.045513e+04 1.046614e+04 1.043599e+04
11.9 1.045473e+04 1.046199e+04 1.046169e+04 1.045442e+04
12.9 1.045579e+04 1.044293e+04 1.045388e+04 1.046674e+04
13.9 1.048443e+04 1.047085e+04 1.045306e+04 1.046665e+04
14.9 1.051819e+04 1.050934e+04 1.045795e+04 1.046680e+04
15.9 1.055904e+04 1.054706e+04 1.046301e+04 1.047498e+04
16.9 1.052895e+04 1.057078e+04 1.046623e+04 1.042440e+04
17.9 1.054640e+04 1.058044e+04 1.046788e+04 1.043383e+04
18.9 1.051926e+04 1.055187e+04 1.046851e+04 1.043590e+04
19.9 1.060343e+04 1.060440e+04 1.046853e+04 1.046756e+04
20.9 1.054735e+04 1.055790e+04 1.046823e+04 1.045768e+04
21.9 1.057561e+04 1.058804e+04 1.046784e+04 1.045541e+04
0.3 1.037936e+04 1.041854e+04 1.045131e+04 1.041214e+04
1.3 1.039142e+04 1.040578e+04 1.045368e+04 1.043932e+04
2.3 1.041388e+04 1.039689e+04 1.045326e+04 1.047025e+04
3.3 1.040551e+04 1.039578e+04 1.044918e+04 1.045892e+04
4.3 1.038823e+04 1.039016e+04 1.045086e+04 1.044893e+04
5.3 1.038048e+04 1.039908e+04 1.045739e+04 1.043879e+04
6.3 1.041574e+04 1.043408e+04 1.046337e+04 1.044504e+04
7.3 1.042497e+04 1.045513e+04 1.046614e+04 1.043599e+04
8.3 1.045473e+04 1.046199e+04 1.046169e+04 1.045442e+04
9.3 1.045579e+04 1.044293e+04 1.045388e+04 1.046674e+04
10.3 1.048443e+04 1.047085e+04 1.045306e+04 1.046665e+04
11.3 1.051819e+04 1.050934e+04 1.045795e+04 1.046680e+04
12.3 1.055904e+04 1.054706e+04 1.046301e+04 1.047498e+04
13.3 1.052895e+04 1.057078e+04 1.046623e+04 1.042440e+04
14.3 1.054640e+04 1.058044e+04 1.046788e+04 1.043383e+04
15.3 1.051926e+04 1.055187e+04 1.046851e+04 1.043590e+04
16.3 1.060343e+04 1.060440e+04 1.046853e+04 1.046756e+04
17.3 1.054735e+04 1.055790e+04 1.046823e+04 1.045768e+04
18.3 1.057561e+04 1.058804e+04 1.046784e+04 1.045541e+04
19.3 1.057912e+04 1.058949e+04 1.046749e+04 1.045712e+04
20.3 1.059046e+04 1.058958e+04 1.046725e+04 1.046813e+04
21.3 1.044055e+04 1.047018e+04 1.046697e+04 1.043734e+04
0.3 1.041574e+04 1.043408e+04 1.046337e+04 1.044504e+04
1.3 1.042497e+04 1.045513e+04 1.046614e+04 1.043599e+04
2.3 1.045473e+04 1.046199e+04 1.046169e+04 1.045442e+04
3.3 1.045579e+04 1.044293e+04 1.045388e+04 1.046674e+04
4.3 1.048443e+04 1.047085e+04 1.045306e+04 1.046665e+04
5.3 1.051819e+04 1.050934e+04 1.045795e+04 1.046680e+04
6.3 1.055904e+04 1.054706e+04 1.046301e+04 1.047498e+04
7.3 1.052895e+04 1.057078e+04 1.046623e+04 1.042440e+04
8.3 1.054640e+04 1.058044e+04 1.046788e+04 1.043383e+04
9.3 1.051926e+04 1.055187e+04 1.046851e+04 1.043590e+04
10.3 1.060343e+04 1.060440e+04 1.046853e+04 1.046756e+04
11.3 1.054735e+04 1.055790e+04 1.046823e+04 1.045768e+04
12.3 1.057561e+04 1.058804e+04 1.046784e+04 1.045541e+04
13.3 1.057912e+04 1.058949e+04 1.046749e+04 1.045712e+04
14.3 1.059046e+04 1.058958e+04 1.046725e+04 1.046813e+04
15.3 1.044055e+04 1.047018e+04 1.046697e+04 1.043734e+04
16.3 1.049212e+04 1.049177e+04 1.046352e+04 1.046388e+04
17.3 1.055890e+04 1.051973e+04 1.045484e+04 1.049401e+04
18.3 1.047421e+04 1.045013e+04 1.045031e+04 1.047439e+04
19.3 1.043061e+04 1.042373e+04 1.045387e+04 1.046075e+04
20.3 1.041001e+04 1.039020e+04 1.045944e+04 1.047924e+04
21.3 1.040814e+04 1.037986e+04 1.045912e+04 1.048740e+04
0.9 1.044055e+04 1.047018e+04 1.046697e+04 1.043734e+04
1.9 1.049212e+04 1.049177e+04 1.046352e+04 1.046388e+04
2.9 1.055890e+04 1.051973e+04 1.045484e+04 1.049401e+04
3.9 1.047421e+04 1.045013e+04 1.045031e+04 1.047439e+04
4.9 1.043061e+04 1.042373e+04 1.045387e+04 1.046075e+04
5.9 1.041001e+04 1.039020e+04 1.045944e+04 1.047924e+04
6.9 1.040814e+04 1.037986e+04 1.045912e+04 1.048740e+04
7.9 1.037358e+04 1.036700e+04 1.045287e+04 1.045945e+04
8.9 1.037631e+04 1.037144e+04 1.045146e+04 1.045633e+04
9.9 1.042286e+04 1.039946e+04 1.045647e+04 1.047987e+04
10.9 1.048330e+04 1.042202e+04 1.046223e+04 1.052351e+04
11.9 1.052058e+04 1.046130e+04 1.046601e+04 1.052529e+04
12.9 1.056973e+04 1.049751e+04 1.046793e+04 1.054015e+04
13.9 1.056591e+04 1.053859e+04 1.046866e+04 1.049598e+04
14.9 1.049769e+04 1.050797e+04 1.046870e+04 1.045842e+04
15.9 1.039046e+04 1.044581e+04 1.046839e+04 1.041304e+04
16.9 1.036449e+04 1.041069e+04 1.046797e+04 1.042177e+04
17.9 1.034560e+04 1.040196e+04 1.046759e+04 1.041122e+04
18.9 1.038998e+04 1.042168e+04 1.046730e+04 1.043561e+04
19.9 1.042577e+04 1.045354e+04 1.046710e+04 1.043932e+04
20.9 1.044978e+04 1.046765e+04 1.046474e+04 1.044688e+04
21.9 1.042303e+04 1.048454e+04 1.045651e+04 1.039499e+04
0.1 1.043061e+04 1.042373e+04 1.045387e+04 1.046075e+04
1.1 1.041001e+04 1.039020e+04 1.045944e+04 1.047924e+04
2.1 1.040814e+04 1.037986e+04 1.045912e+04 1.048740e+04
3.1 1.037358e+04 1.036700e+04 1.045287e+04 1.045945e+04
4.1 1.037631e+04 1.037144e+04 1.045146e+04 1.045633e+04
5.1 1.042286e+04 1.039946e+04 1.045647e+04 1.047987e+04
6.1 1.048330e+04 1.042202e+04 1.046223e+04 1.052351e+04
7.1 1.052058e+04 1.046130e+04 1.046601e+04 1.052529e+04
8.1 1.056973e+04 1.049751e+04 1.046793e+04 1.054015e+04
9.1 1.056591e+04 1.053859e+04 1.046866e+04 1.049598e+04
10.1 1.049769e+04 1.050797e+04 1.046870e+04 1.045842e+04
11.1 1.039046e+04 1.044581e+04 1.046839e+04 1.041304e+04
12.1 1.036449e+04 1.041069e+04 1.046797e+04 1.042177e+04
13.1 1.034560e+04 1.040196e+04 1.046759e+04 1.041122e+04
14.1 1.038998e+04 1.042168e+04 1.046730e+04 1.043561e+04
15.1 1.042577e+04 1.045354e+04 1.046710e+04 1.043932e+04
16.1 1.044978e+04 1.046765e+04 1.046474e+04 1.044688e+04
17.1 1.042303e+04 1.048454e+04 1.045651e+04 1.039499e+04
18.1 1.048320e+04 1.053951e+04 1.044933e+04 1.039302e+04
19.1 1.042368e+04 1.045909e+04 1.045098e+04 1.041557e+04
20.1 1.042811e+04 1.042575e+04 1.045726e+04 1.045963e+04
21.1 1.046289e+04 1.043964e+04 1.046280e+04 1.048605e+04
0.7 1.042577e+04 1.045354e+04 1.046710e+04 1.043932e+04
1.7 1.044978e+04 1.046765e+04 1.046474e+04 1.044688e+04
2.7 1.042303e+04 1.048454e+04 1.045651e+04 1.039499e+04
3.7 1.048320e+04 1.053951e+04 1.044933e+04 1.039302e+04
4.7 1.042368e+04 1.045909e+04 1.045098e+04 1.041557e+04
5.7 1.042811e+04 1.042575e+04 1.045726e+04 1.045963e+04
6.7 1.046289e+04 1.043964e+04 1.046280e+04 1.048605e+04
7.7 1.050185e+04 1.047438e+04 1.046620e+04 1.049368e+04
8.7 1.052779e+04 1.050500e+04 1.046792e+04 1.049072e+04
9.7 1.057538e+04 1.056382e+04 1.046855e+04 1.048011e+04
10.7 1.056612e+04 1.055669e+04 1.046853e+04 1.047796e+04
11.7 1.061657e+04 1.058566e+04 1.046820e+04 1.049911e+04
12.7 1.063586e+04 1.057630e+04 1.046780e+04 1.052735e+04
13.7 1.060013e+04 1.056341e+04 1.046609e+04 1.050280e+04
14.7 1.047827e+04 1.048806e+04 1.045875e+04 1.044896e+04
15.7 1.043071e+04 1.042058e+04 1.045114e+04 1.046128e+04
16.7 1.045091e+04 1.041197e+04 1.045186e+04 1.049080e+04
17.7 1.048209e+04 1.045929e+04 1.045752e+04 1.048032e+04
18.7 1.052063e+04 1.048616e+04 1.046276e+04 1.049723e+04
19.7 1.055708e+04 1.056086e+04 1.046605e+04 1.046227e+04
20.7 1.056849e+04 1.055878e+04 1.046774e+04 1.047745e+04
21.7 1.053670e+04 1.056598e+04 1.046839e+04 1.043912e+04
0.5 1.063586e+04 1.057630e+04 1.046780e+04 1.052735e+04
1.5 1.060013e+04 1.056341e+04 1.046609e+04 1.050280e+04
2.5 1.047827e+04 1.048806e+04 1.045875e+04 1.044896e+04
3.5 1.043071e+04 1.042058e+04 1.045114e+04 1.046128e+04
4.5 1.045091e+04 1.041197e+04 1.045186e+04 1.049080e+04
5.5 1.048209e+04 1.045929e+04 1.045752e+04 1.048032e+04
6.5 1.052063e+04 1.048616e+04 1.046276e+04 1.049723e+04
7.5 1.055708e+04 1.056086e+04 1.046605e+04 1.046227e+04
8.5 1.056849e+04 1.055878e+04 1.046774e+04 1.047745e+04
9.5 1.053670e+04 1.056598e+04 1.046839e+04 1.043912e+04
10.5 1.053919e+04 1.058101e+04 1.046842e+04 1.042660e+04
11.5 1.049915e+04 1.055330e+04 1.046813e+04 1.041398e+04
12.5 1.056107e+04 1.059672e+04 1.046776e+04 1.043212e+04
13.5 1.055970e+04 1.057867e+04 1.046744e+04 1.044848e+04
14.5 1.057366e+04 1.062160e+04 1.046721e+04 1.041927e+04
15.5 1.059129e+04 1.062743e+04 1.046707e+04 1.043093e+04
16.5 1.058672e+04 1.059857e+04 1.046700e+04 1.045514e+04
17.5 1.062895e+04 1.063383e+04 1.046696e+04 1.046208e+04
18.5 1.065112e+04 1.063626e+04 1.046694e+04 1.048180e+04
19.5 1.064675e+04 1.063587e+04 1.046693e+04 1.047781e+04
20.5 1.061532e+04 1.061603e+04 1.046693e+04 1.046623e+04
21.5 1.052441e+04 1.053963e+04 1.046693e+04 1.045171e+04
1.0 1.053105e+04 1.050753e+04 1.046674e+04 1.049026e+04
2.0 1.050201e+04 1.048139e+04 1.046285e+04 1.048346e+04
3.0 1.046142e+04 1.045279e+04 1.045402e+04 1.046265e+04
4.0 1.036911e+04 1.039259e+04 1.045009e+04 1.042662e+04
5.0 1.031406e+04 1.035624e+04 1.045407e+04 1.041190e+04
6.0 1.034039e+04 1.037546e+04 1.046007e+04 1.042500e+04
7.0 1.038109e+04 1.037013e+04 1.046449e+04 1.047545e+04
8.0 1.042126e+04 1.044147e+04 1.046700e+04 1.044678e+04
9.0 1.040221e+04 1.042267e+04 1.046816e+04 1.044771e+04
10.0 1.039880e+04 1.042138e+04 1.046849e+04 1.044591e+04
11.0 1.048930e+04 1.048644e+04 1.046833e+04 1.047118e+04
12.0 1.052265e+04 1.048008e+04 1.046797e+04 1.051054e+04
13.0 1.054459e+04 1.049171e+04 1.046761e+04 1.052049e+04
14.0 1.056382e+04 1.053160e+04 1.046733e+04 1.049955e+04
15.0 1.049133e+04 1.052101e+04 1.046714e+04 1.043747e+04
16.0 1.044103e+04 1.054134e+04 1.046703e+04 1.036673e+04
17.0 1.045083e+04 1.055764e+04 1.046698e+04 1.036016e+04
18.0 1.047093e+04 1.054018e+04 1.046695e+04 1.039770e+04
19.0 1.048967e+04 1.055689e+04 1.046694e+04 1.039972e+04
20.0 1.052196e+04 1.054027e+04 1.046693e+04 1.044863e+04
21.0 1.048651e+04 1.050632e+04 1.046693e+04 1.044712e+04
22.0 1.051724e+04 1.053473e+04 1.046693e+04 1.044943e+04
0.5 1.054640e+04 1.056158e+04 1.046692e+04 1.045174e+04
1.5 1.054805e+04 1.056886e+04 1.046556e+04 1.044475e+04
2.5 1.045337e+04 1.048824e+04 1.045846e+04 1.042358e+04
3.5 1.034213e+04 1.042065e+04 1.045099e+04 1.037248e+04
4.5 1.029118e+04 1.036117e+04 1.045179e+04 1.038180e+04
5.5 1.032147e+04 1.035025e+04 1.045749e+04 1.042871e+04
6.5 1.027904e+04 1.032643e+04 1.046274e+04 1.041535e+04
7.5 1.032030e+04 1.035238e+04 1.046456e+04 1.043247e+04
8.5 1.033210e+04 1.036862e+04 1.045899e+04 1.042247e+04
9.5 1.031707e+04 1.036046e+04 1.045218e+04 1.040880e+04
10.5 1.030897e+04 1.034393e+04 1.045297e+04 1.041801e+04
11.5 1.035577e+04 1.035602e+04 1.045494e+04 1.045469e+04
12.5 1.038617e+04 1.035116e+04 1.045120e+04 1.048620e+04
13.5 1.034936e+04 1.033015e+04 1.044994e+04 1.046915e+04
14.5 1.035636e+04 1.031872e+04 1.045515e+04 1.049279e+04
15.5 1.034113e+04 1.032891e+04 1.046118e+04 1.047340e+04
16.5 1.035607e+04 1.032942e+04 1.046057e+04 1.048722e+04
17.5 1.033674e+04 1.033919e+04 1.045406e+04 1.045161e+04
18.5 1.037027e+04 1.035947e+04 1.045266e+04 1.046346e+04
19.5 1.037862e+04 1.037008e+04 1.045745e+04 1.046599e+04
20.5 1.040642e+04 1.042638e+04 1.046284e+04 1.044288e+04
21.5 1.041738e+04 1.042590e+04 1.046632e+04 1.045779e+04
0.5 1.027904e+04 1.032643e+04 1.046274e+04 1.041535e+04
1.5 1.032030e+04 1.035238e+04 1.046456e+04 1.043247e+04
2.5 1.033210e+04 1.036862e+04 1.045899e+04 1.042247e+04
3.5 1.031707e+04 1.036046e+04 1.045218e+04 1.040880e+04
4.5 1.030897e+04 1.034393e+04 1.045297e+04 1.041801e+04
5.5 1.035577e+04 1.035602e+04 1.045494e+04 1.045469e+04
6.5 1.038617e+04 1.035116e+04 1.045120e+04 1.048620e+04
7.5 1.034936e+04 1.033015e+04 1.044994e+04 1.046915e+04
8.5 1.035636e+04 1.031872e+04 1.045515e+04 1.049279e+04
9.5 1.034113e+04 1.032891e+04 1.046118e+04 1.047340e+04
10.5 1.035607e+04 1.032942e+04 1.046057e+04 1.048722e+04
11.5 1.033674e+04 1.033919e+04 1.045406e+04 1.045161e+04
12.5 1.037027e+04 1.035947e+04 1.045266e+04 1.046346e+04
13.5 1.037862e+04 1.037008e+04 1.045745e+04 1.046599e+04
14.5 1.040642e+04 1.042638e+04 1.046284e+04 1.044288e+04
15.5 1.041738e+04 1.042590e+04 1.046632e+04 1.045779e+04
16.5 1.043931e+04 1.043431e+04 1.046789e+04 1.047289e+04
17.5 1.049698e+04 1.048426e+04 1.046481e+04 1.047754e+04
18.5 1.049209e+04 1.049664e+04 1.045608e+04 1.045153e+04
19.5 1.048763e+04 1.049000e+04 1.045175e+04 1.044938e+04
20.5 1.050070e+04 1.047403e+04 1.045423e+04 1.048090e+04
21.5 1.047380e+04 1.044826e+04 1.045334e+04 1.047888e+04
0.9 1.030897e+04 1.034393e+04 1.045297e+04 1.041801e+04
1.9 1.035577e+04 1.035602e+04 1.045494e+04 1.045469e+04
2.9 1.038617e+04 1.035116e+04 1.045120e+04 1.048620e+04
3.9 1.034936e+04 1.033015e+04 1.044994e+04 1.046915e+04
4.9 1.035636e+04 1.031872e+04 1.045515e+04 1.049279e+04
5.9 1.034113e+04 1.032891e+04 1.046118e+04 1.047340e+04
6.9 1.035607e+04 1.032942e+04 1.046057e+04 1.048722e+04
7.9 1.033674e+04 1.033919e+04 1.045406e+04 1.045161e+04
8.9 1.037027e+04 1.035947e+04 1.045266e+04 1.046346e+04
9.9 1.037862e+04 1.037008e+04 1.045745e+04 1.046599e+04
10.9 1.040642e+04 1.042638e+04 1.046284e+04 1.044288e+04
11.9 1.041738e+04 1.042590e+04 1.046632e+04 1.045779e+04
12.9 1.043931e+04 1.043431e+04 1.046789e+04 1.047289e+04
13.9 1.049698e+04 1.048426e+04 1.046481e+04 1.047754e+04
14.9 1.049209e+04 1.049664e+04 1.045608e+04 1.045153e+04
15.9 1.048763e+04 1.049000e+04 1.045175e+04 1.044938e+04
16.9 1.050070e+04 1.047403e+04 1.045423e+04 1.048090e+04
17.9 1.047380e+04 1.044826e+04 1.045334e+04 1.047888e+04
18.9 1.050941e+04 1.045673e+04 1.044940e+04 1.050209e+04
19.9 1.046200e+04 1.045532e+04 1.045150e+04 1.045819e+04
20.9 1.045363e+04 1.044178e+04 1.045533e+04 1.046718e+04
21.9 1.046117e+04 1.045661e+04 1.045270e+04 1.045726e+04
0.1 1.035636e+04 1.031872e+04 1.045515e+04 1.049279e+04
1.1 1.034113e+04 1.032891e+04 1.046118e+04 1.047340e+04
2.1 1.035607e+04 1.032942e+04 1.046057e+04 1.048722e+04
3.1 1.033674e+04 1.033919e+04 1.045406e+04 1.045161e+04
4.1 1.037027e+04 1.035947e+04 1.045266e+04 1.046346e+04
5.1 1.037862e+04 1.037008e+04 1.045745e+04 1.046599e+04
6.1 1.040642e+04 1.042638e+04 1.046284e+04 1.044288e+04
7.1 1.041738e+04 1.042590e+04 1.046632e+04 1.045779e+04
8.1 1.043931e+04 1.043431e+04 1.046789e+04 1.047289e+04
9.1 1.049698e+04 1.048426e+04 1.046481e+04 1.047754e+04
10.1 1.049209e+04 1.049664e+04 1.045608e+04 1.045153e+04
11.1 1.048763e+04 1.049000e+04 1.045175e+04 1.044938e+04
12.1 1.050070e+04 1.047403e+04 1.045423e+04 1.048090e+04
13.1 1.047380e+04 1.044826e+04 1.045334e+04 1.047888e+04
14.1 1.050941e+04 1.045673e+04 1.044940e+04 1.050209e+04
15.1 1.046200e+04 1.045532e+04 1.045150e+04 1.045819e+04
16.1 1.045363e+04 1.044178e+04 1.045533e+04 1.046718e+04
17.1 1.046117e+04 1.045661e+04 1.045270e+04 1.045726e+04
18.1 1.050225e+04 1.046621e+04 1.045057e+04 1.048662e+04
19.1 1.047093e+04 1.046241e+04 1.045440e+04 1.046292e+04
20.1 1.047547e+04 1.046728e+04 1.045538e+04 1.046357e+04
21.1 1.043029e+04 1.043342e+04 1.045130e+04 1.044816e+04
0.9 1.043931e+04 1.043431e+04 1.046789e+04 1.047289e+04
1.9 1.049698e+04 1.048426e+04 1.046481e+04 1.047754e+04
2.9 1.049209e+04 1.049664e+04 1.045608e+04 1.045153e+04
3.9 1.048763e+04 1.049000e+04 1.045175e+04 1.044938e+04
4.9 1.050070e+04 1.047403e+04 1.045423e+04 1.048090e+04
5.9 1.047380e+04 1.044826e+04 1.045334e+04 1.047888e+04
6.9 1.050941e+04 1.045673e+04 1.044940e+04 1.050209e+04
7.9 1.046200e+04 1.045532e+04 1.045150e+04 1.045819e+04
8.9 1.045363e+04 1.044178e+04 1.045533e+04 1.046718e+04
9.9 1.046117e+04 1.045661e+04 1.045270e+04 1.045726e+04
10.9 1.050225e+04 1.046621e+04 1.045057e+04 1.048662e+04
11.9 1.047093e+04 1.046241e+04 1.045440e+04 1.046292e+04
12.9 1.047547e+04 1.046728e+04 1.045538e+04 1.046357e+04
13.9 1.043029e+04 1.043342e+04 1.045130e+04 1.044816e+04
14.9 1.043268e+04 1.043241e+04 1.045195e+04 1.045222e+04
15.9 1.041930e+04 1.040662e+04 1.045781e+04 1.047049e+04
16.9 1.040119e+04 1.042712e+04 1.046249e+04 1.043656e+04
17.9 1.043340e+04 1.042843e+04 1.045937e+04 1.046434e+04
18.9 1.039012e+04 1.039641e+04 1.045306e+04 1.044677e+04
19.9 1.039339e+04 1.041725e+04 1.045360e+04 1.042974e+04
20.9 1.038892e+04 1.038699e+04 1.045897e+04 1.046090e+04
21.9 1.037306e+04 1.038215e+04 1.046393e+04 1.045483e+04
0.4 1.048763e+04 1.049000e+04 1.045175e+04 1.044938e+04
1.4 1.050070e+04 1.047403e+04 1.045423e+04 1.048090e+04
2.4 1.047380e+04 1.044826e+04 1.045334e+04 1.047888e+04
3.4 1.050941e+04 1.045673e+04 1.044940e+04 1.050209e+04
4.4 1.046200e+04 1.045532e+04 1.045150e+04 1.045819e+04
5.4 1.045363e+04 1.044178e+04 1.045533e+04 1.046718e+04
6.4 1.046117e+04 1.045661e+04 1.045270e+04 1.045726e+04
7.4 1.050225e+04 1.046621e+04 1.045057e+04 1.048662e+04
8.4 1.047093e+04 1.046241e+04 1.045440e+04 1.046292e+04
9.4 1.047547e+04 1.046728e+04 1.045538e+04 1.046357e+04
10.4 1.043029e+04 1.043342e+04 1.045130e+04 1.044816e+04
11.4 1.043268e+04 1.043241e+04 1.045195e+04 1.045222e+04
12.4 1.041930e+04 1.040662e+04 1.045781e+04 1.047049e+04
13.4 1.040119e+04 1.042712e+04 1.046249e+04 1.043656e+04
14.4 1.043340e+04 1.042843e+04 1.045937e+04 1.046434e+04
15.4 1.039012e+04 1.039641e+04 1.045306e+04 1.044677e+04
16.4 1.039339e+04 1.041725e+04 1.045360e+04 1.042974e+04
17.4 1.038892e+04 1.038699e+04 1.045897e+04 1.046090e+04
18.4 1.037306e+04 1.038215e+04 1.046393e+04 1.045483e+04
19.4 1.037030e+04 1.035714e+04 1.046573e+04 1.047889e+04
20.4 1.038050e+04 1.038509e+04 1.046035e+04 1.045576e+04
21.4 1.036343e+04 1.038151e+04 1.045287e+04 1.043479e+04
0.7 1.046200e+04 1.045532e+04 1.045150e+04 1.045819e+04
1.7 1.045363e+04 1.044178e+04 1.045533e+04 1.046718e+04
2.7 1.046117e+04 1.045661e+04 1.045270e+04 1.045726e+04
3.7 1.050225e+04 1.046621e+04 1.045057e+04 1.048662e+04
4.7 1.047093e+04 1.046241e+04 1.045440e+04 1.046292e+04
5.7 1.047547e+04 1.046728e+04 1.045538e+04 1.046357e+04
6.7 1.043029e+04 1.043342e+04 1.045130e+04 1.044816e+04
7.7 1.043268e+04 1.043241e+04 1.045195e+04 1.045222e+04
8.7 1.041930e+04 1.040662e+04 1.045781e+04 1.047049e+04
9.7 1.040119e+04 1.042712e+04 1.046249e+04 1.043656e+04
10.7 1.043340e+04 1.042843e+04 1.045937e+04 1.046434e+04
11.7 1.039012e+04 1.039641e+04 1.045306e+04 1.044677e+04
12.7 1.039339e+04 1.041725e+04 1.045360e+04 1.042974e+04
13.7 1.038892e+04 1.038699e+04 1.045897e+04 1.046090e+04
14.7 1.037306e+04 1.038215e+04 1.046393e+04 1.045483e+04
15.7 1.037030e+04 1.035714e+04 1.046573e+04 1.047889e+04
16.7 1.038050e+04 1.038509e+04 1.046035e+04 1.045576e+04
17.7 1.036343e+04 1.038151e+04 1.045287e+04 1.043479e+04
18.7 1.035866e+04 1.037731e+04 1.045295e+04 1.043430e+04
19.7 1.040698e+04 1.039663e+04 1.045821e+04 1.046856e+04
20.7 1.039376e+04 1.038373e+04 1.046326e+04 1.047329e+04
21.7 1.033226e+04 1.036232e+04 1.046523e+04 1.043518e+04
0.2 1.050225e+04 1.046621e+04 1.045057e+04 1.048662e+04
1.2 1.047093e+04 1.046241e+04 1.045440e+04 1.046292e+04
2.2 1.047547e+04 1.046728e+04 1.045538e+04 1.046357e+04
3.2 1.043029e+04 1.043342e+04 1.045130e+04 1.044816e+04
4.2 1.043268e+04 1.043241e+04 1.045195e+04 1.045222e+04
5.2 1.041930e+04 1.040662e+04 1.045781e+04 1.047049e+04
6.2 1.040119e+04 1.042712e+04 1.046249e+04 1.043656e+04
7.2 1.043340e+04 1.042843e+04 1.045937e+04 1.046434e+04
8.2 1.039012e+04 1.039641e+04 1.045306e+04 1.044677e+04
9.2 1.039339e+04 1.041725e+04 1.045360e+04 1.042974e+04
10.2 1.038892e+04 1.038699e+04 1.045897e+04 1.046090e+04
11.2 1.037306e+04 1.038215e+04 1.046393e+04 1.045483e+04
12.2 1.037030e+04 1.035714e+04 1.046573e+04 1.047889e+04
13.2 1.038050e+04 1.038509e+04 1.046035e+04 1.045576e+04
14.2 1.036343e+04 1.038151e+04 1.045287e+04 1.043479e+04
15.2 1.035866e+04 1.037731e+04 1.045295e+04 1.043430e+04
16.2 1.040698e+04 1.039663e+04 1.045821e+04 1.046856e+04
17.2 1.039376e+04 1.038373e+04 1.046326e+04 1.047329e+04
18.2 1.033226e+04 1.036232e+04 1.046523e+04 1.043518e+04
19.2 1.037914e+04 1.036868e+04 1.046003e+04 1.047049e+04
20.2 1.033808e+04 1.035895e+04 1.045284e+04 1.043198e+04
21.2 1.037437e+04 1.038139e+04 1.045315e+04 1.044613e+04
0.4 1.041930e+04 1.040662e+04 1.045781e+04 1.047049e+04
1.4 1.040119e+04 1.042712e+04 1.046249e+04 1.043656e+04
2.4 1.043340e+04 1.042843e+04 1.045937e+04 1.046434e+04
3.4 1.039012e+04 1.039641e+04 1.045306e+04 1.044677e+04
4.4 1.039339e+04 1.041725e+04 1.045360e+04 1.042974e+04
5.4 1.038892e+04 1.038699e+04 1.045897e+04 1.046090e+04
6.4 1.037306e+04 1.038215e+04 1.046393e+04 1.045483e+04
7.4 1.037030e+04 1.035714e+04 1.046573e+04 1.047889e+04
8.4 1.038050e+04 1.038509e+04 1.046035e+04 1.045576e+04
9.4 1.036343e+04 1.038151e+04 1.045287e+04 1.043479e+04
10.4 1.035866e+04 1.037731e+04 1.045295e+04 1.043430e+04
11.4 1.040698e+04 1.039663e+04 1.045821e+04 1.046856e+04
12.4 1.039376e+04 1.038373e+04 1.046326e+04 1.047329e+04
13.4 1.033226e+04 1.036232e+04 1.046523e+04 1.043518e+04
14.4 1.037914e+04 1.036868e+04 1.046003e+04 1.047049e+04
15.4 1.033808e+04 1.035895e+04 1.045284e+04 1.043198e+04
16.4 1.037437e+04 1.038139e+04 1.045315e+04 1.044613e+04
17.4 1.035789e+04 1.037301e+04 1.045843e+04 1.044330e+04
18.4 1.035411e+04 1.038209e+04 1.046339e+04 1.043541e+04
19.4 1.035678e+04 1.035919e+04 1.046529e+04 1.046288e+04
20.4 1.036785e+04 1.038328e+04 1.046004e+04 1.044461e+04
21.4 1.037792e+04 1.037501e+04 1.045282e+04 1.045574e+04
0.4 1.037306e+04 1.038215e+04 1.046393e+04 1.045483e+04
1.4 1.037030e+04 1.035714e+04 1.046573e+04 1.047889e+04
2.4 1.038050e+04 1.038509e+04 1.046035e+04 1.045576e+04
3.4 1.036343e+04 1.038151e+04 1.045287e+04 1.043479e+04
4.4 1.035866e+04 1.037731e+04 1.045295e+04 1.043430e+04
5.4 1.040698e+04 1.039663e+04 1.045821e+04 1.046856e+04
6.4 1.039376e+04 1.038373e+04 1.046326e+04 1.047329e+04
7.4 1.033226e+04 1.036232e+04 1.046523e+04 1.043518e+04
8.4 1.037914e+04 1.036868e+04 1.046003e+04 1.047049e+04
9.4 1.033808e+04 1.035895e+04 1.045284e+04 1.043198e+04
10.4 1.037437e+04 1.038139e+04 1.045315e+04 1.044613e+04
11.4 1.035789e+04 1.037301e+04 1.045843e+04 1.044330e+04
12.4 1.035411e+04 1.038209e+04 1.046339e+04 1.043541e+04
13.4 1.035678e+04 1.035919e+04 1.046529e+04 1.046288e+04
14.4 1.036785e+04 1.038328e+04 1.046004e+04 1.044461e+04
15.4 1.037792e+04 1.037501e+04 1.045282e+04 1.045574e+04
16.4 1.037565e+04 1.039469e+04 1.045312e+04 1.043409e+04
17.4 1.038364e+04 1.038880e+04 1.045838e+04 1.045322e+04
18.4 1.038980e+04 1.038922e+04 1.046137e+04 1.046195e+04
19.4 1.038927e+04 1.038497e+04 1.045663e+04 1.046093e+04
20.4 1.040536e+04 1.038581e+04 1.045161e+04 1.047117e+04
21.4 1.038729e+04 1.036897e+04 1.045377e+04 1.047210e+04
0.4 1.039376e+04 1.038373e+04 1.046326e+04 1.047329e+04
1.4 1.033226e+04 1.036232e+04 1.046523e+04 1.043518e+04
2.4 1.037914e+04 1.036868e+04 1.046003e+04 1.047049e+04
3.4 1.033808e+04 1.035895e+04 1.045284e+04 1.043198e+04
4.4 1.037437e+04 1.038139e+04 1.045315e+04 1.044613e+04
5.4 1.035789e+04 1.037301e+04 1.045843e+04 1.044330e+04
6.4 1.035411e+04 1.038209e+04 1.046339e+04 1.043541e+04
7.4 1.035678e+04 1.035919e+04 1.046529e+04 1.046288e+04
8.4 1.036785e+04 1.038328e+04 1.046004e+04 1.044461e+04
9.4 1.037792e+04 1.037501e+04 1.045282e+04 1.045574e+04
10.4 1.037565e+04 1.039469e+04 1.045312e+04 1.043409e+04
11.4 1.038364e+04 1.038880e+04 1.045838e+04 1.045322e+04
12.4 1.038980e+04 1.038922e+04 1.046137e+04 1.046195e+04
13.4 1.038927e+04 1.038497e+04 1.045663e+04 1.046093e+04
14.4 1.040536e+04 1.038581e+04 1.045161e+04 1.047117e+04
15.4 1.038729e+04 1.036897e+04 1.045377e+04 1.047210e+04
16.4 1.041629e+04 1.038815e+04 1.045519e+04 1.048333e+04
17.4 1.040929e+04 1.040320e+04 1.045101e+04 1.045710e+04
18.4 1.041813e+04 1.040363e+04 1.045049e+04 1.046499e+04
19.4 1.039721e+04 1.037893e+04 1.045608e+04 1.047436e+04
20.4 1.037820e+04 1.036778e+04 1.046167e+04 1.047209e+04
21.4 1.037320e+04 1.037356e+04 1.046000e+04 1.045965e+04
0.4 1.035411e+04 1.038209e+04 1.046339e+04 1.043541e+04
1.4 1.035678e+04 1.035919e+04 1.046529e+04 1.046288e+04
2.4 1.036785e+04 1.038328e+04 1.046004e+04 1.044461e+04
3.4 1.037792e+04 1.037501e+04 1.045282e+04 1.045574e+04
4.4 1.037565e+04 1.039469e+04 1.045312e+04 1.043409e+04
5.4 1.038364e+04 1.038880e+04 1.045838e+04 1.045322e+04
6.4 1.038980e+04 1.038922e+04 1.046137e+04 1.046195e+04
7.4 1.038927e+04 1.038497e+04 1.045663e+04 1.046093e+04
8.4 1.040536e+04 1.038581e+04 1.045161e+04 1.047117e+04
9.4 1.038729e+04 1.036897e+04 1.045377e+04 1.047210e+04
10.4 1.041629e+04 1.038815e+04 1.045519e+04 1.048333e+04
11.4 1.040929e+04 1.040320e+04 1.045101e+04 1.045710e+04
12.4 1.041813e+04 1.040363e+04 1.045049e+04 1.046499e+04
13.4 1.039721e+04 1.037893e+04 1.045608e+04 1.047436e+04
14.4 1.037820e+04 1.036778e+04 1.046167e+04 1.047209e+04
15.4 1.037320e+04 1.037356e+04 1.046000e+04 1.045965e+04
16.4 1.036917e+04 1.038513e+04 1.045353e+04 1.043757e+04
17.4 1.040564e+04 1.037861e+04 1.045303e+04 1.048006e+04
18.4 1.036655e+04 1.037524e+04 1.045814e+04 1.044945e+04
19.4 1.038765e+04 1.038482e+04 1.046198e+04 1.046482e+04
20.4 1.039375e+04 1.037621e+04 1.045813e+04 1.047567e+04
21.4 1.040055e+04 1.039750e+04 1.045224e+04 1.045530e+04
0.6 1.038364e+04 1.038880e+04 1.045838e+04 1.045322e+04
1.6 1.038980e+04 1.038922e+04 1.046137e+04 1.046195e+04
2.6 1.038927e+04 1.038497e+04 1.045663e+04 1.046093e+04
3.6 1.040536e+04 1.038581e+04 1.045161e+04 1.047117e+04
4.6 1.038729e+04 1.036897e+04 1.045377e+04 1.047210e+04
5.6 1.041629e+04 1.038815e+04 1.045519e+04 1.048333e+04
6.6 1.040929e+04 1.040320e+04 1.045101e+04 1.045710e+04
7.6 1.041813e+04 1.040363e+04 1.045049e+04 1.046499e+04
8.6 1.039721e+04 1.037893e+04 1.045608e+04 1.047436e+04
9.6 1.037820e+04 1.036778e+04 1.046167e+04 1.047209e+04
10.6 1.037320e+04 1.037356e+04 1.046000e+04 1.045965e+04
11.6 1.036917e+04 1.038513e+04 1.045353e+04 1.043757e+04
12.6 1.040564e+04 1.037861e+04 1.045303e+04 1.048006e+04
13.6 1.036655e+04 1.037524e+04 1.045814e+04 1.044945e+04
14.6 1.038765e+04 1.038482e+04 1.046198e+04 1.046482e+04
15.6 1.039375e+04 1.037621e+04 1.045813e+04 1.047567e+04
16.6 1.040055e+04 1.039750e+04 1.045224e+04 1.045530e+04
17.6 1.040855e+04 1.039415e+04 1.045346e+04 1.046787e+04
18.6 1.036784e+04 1.039207e+04 1.045574e+04 1.043151e+04
19.6 1.034925e+04 1.036687e+04 1.045201e+04 1.043439e+04
20.6 1.034750e+04 1.035921e+04 1.045037e+04 1.043866e+04
21.6 1.035686e+04 1.036375e+04 1.045454e+04 1.044765e+04
1.0 1.038729e+04 1.036897e+04 1.045377e+04 1.047210e+04
2.0 1.041629e+04 1.038815e+04 1.045519e+04 1.048333e+04
3.0 1.040929e+04 1.040320e+04 1.045101e+04 1.045710e+04
4.0 1.041813e+04 1.040363e+04 1.045049e+04 1.046499e+04
5.0 1.039721e+04 1.037893e+04 1.045608e+04 1.047436e+04
6.0 1.037820e+04 1.036778e+04 1.046167e+04 1.047209e+04
7.0 1.037320e+04 1.037356e+04 1.046000e+04 1.045965e+04
8.0 1.036917e+04 1.038513e+04 1.045353e+04 1.043757e+04
9.0 1.040564e+04 1.037861e+04 1.045303e+04 1.048006e+04
10.0 1.036655e+04 1.037524e+04 1.045814e+04 1.044945e+04
11.0 1.038765e+04 1.038482e+04 1.046198e+04 1.046482e+04
12.0 1.039375e+04 1.037621e+04 1.045813e+04 1.047567e+04
13.0 1.040055e+04 1.039750e+04 1.045224e+04 1.045530e+04
14.0 1.040855e+04 1.039415e+04 1.045346e+04 1.046787e+04
15.0 1.036784e+04 1.039207e+04 1.045574e+04 1.043151e+04
16.0 1.034925e+04 1.036687e+04 1.045201e+04 1.043439e+04
17.0 1.034750e+04 1.035921e+04 1.045037e+04 1.043866e+04
18.0 1.035686e+04 1.036375e+04 1.045454e+04 1.044765e+04
19.0 1.035547e+04 1.037648e+04 1.045497e+04 1.043396e+04
20.0 1.036983e+04 1.040111e+04 1.045096e+04 1.041968e+04
21.0 1.033942e+04 1.037109e+04 1.045222e+04 1.042055e+04
22.0 1.034017e+04 1.034962e+04 1.045587e+04 1.044642e+04
0.2 1.039721e+04 1.037893e+04 1.045608e+04 1.047436e+04
1.2 1.037820e+04 1.036778e+04 1.046167e+04 1.047209e+04
2.2 1.037320e+04 1.037356e+04 1.046000e+04 1.045965e+04
3.2 1.036917e+04 1.038513e+04 1.045353e+04 1.043757e+04
4.2 1.040564e+04 1.037861e+04 1.045303e+04 1.048006e+04
5.2 1.036655e+04 1.037524e+04 1.045814e+04 1.044945e+04
6.2 1.038765e+04 1.038482e+04 1.046198e+04 1.046482e+04
7.2 1.039375e+04 1.037621e+04 1.045813e+04 1.047567e+04
8.2 1.040055e+04 1.039750e+04 1.045224e+04 1.045530e+04
9.2 1.040855e+04 1.039415e+04 1.045346e+04 1.046787e+04
10.2 1.036784e+04 1.039207e+04 1.045574e+04 1.043151e+04
11.2 1.034925e+04 1.036687e+04 1.045201e+04 1.043439e+04
12.2 1.034750e+04 1.035921e+04 1.045037e+04 1.043866e+04
13.2 1.035686e+04 1.036375e+04 1.045454e+04 1.044765e+04
14.2 1.035547e+04 1.037648e+04 1.045497e+04 1.043396e+04
15.2 1.036983e+04 1.040111e+04 1.045096e+04 1.041968e+04
16.2 1.033942e+04 1.037109e+04 1.045222e+04 1.042055e+04
17.2 1.034017e+04 1.034962e+04 1.045587e+04 1.044642e+04
18.2 1.035785e+04 1.035654e+04 1.045330e+04 1.045461e+04
19.2 1.037559e+04 1.036893e+04 1.045070e+04 1.045736e+04
20.2 1.038194e+04 1.037451e+04 1.045468e+04 1.046211e+04
21.2 1.038122e+04 1.037498e+04 1.046100e+04 1.046725e+04
0.5 1.036655e+04 1.037524e+04 1.045814e+04 1.044945e+04
1.5 1.038765e+04 1.038482e+04 1.046198e+04 1.046482e+04
2.5 1.039375e+04 1.037621e+04 1.045813e+04 1.047567e+04
3.5 1.040055e+04 1.039750e+04 1.045224e+04 1.045530e+04
4.5 1.040855e+04 1.039415e+04 1.045346e+04 1.046787e+04
5.5 1.036784e+04 1.039207e+04 1.045574e+04 1.043151e+04
6.5 1.034925e+04 1.036687e+04 1.045201e+04 1.043439e+04
7.5 1.034750e+04 1.035921e+04 1.045037e+04 1.043866e+04
8.5 1.035686e+04 1.036375e+04 1.045454e+04 1.044765e+04
9.5 1.035547e+04 1.037648e+04 1.045497e+04 1.043396e+04
10.5 1.036983e+04 1.040111e+04 1.045096e+04 1.041968e+04
11.5 1.033942e+04 1.037109e+04 1.045222e+04 1.042055e+04
12.5 1.034017e+04 1.034962e+04 1.045587e+04 1.044642e+04
13.5 1.035785e+04 1.035654e+04 1.045330e+04 1.045461e+04
14.5 1.037559e+04 1.036893e+04 1.045070e+04 1.045736e+04
15.5 1.038194e+04 1.037451e+04 1.045468e+04 1.046211e+04
16.5 1.038122e+04 1.037498e+04 1.046100e+04 1.046725e+04
17.5 1.036228e+04 1.036744e+04 1.046560e+04 1.046044e+04
18.5 1.032283e+04 1.029285e+04 1.046561e+04 1.049559e+04
19.5 1.037569e+04 1.034623e+04 1.045838e+04 1.048784e+04
20.5 1.037651e+04 1.035326e+04 1.045254e+04 1.047579e+04
21.5 1.036961e+04 1.036827e+04 1.045470e+04 1.045603e+04
0.9 1.040855e+04 1.039415e+04 1.045346e+04 1.046787e+04
1.9 1.036784e+04 1.039207e+04 1.045574e+04 1.043151e+04
2.9 1.034925e+04 1.036687e+04 1.045201e+04 1.043439e+04
3.9 1.034750e+04 1.035921e+04 1.045037e+04 1.043866e+04
4.9 1.035686e+04 1.036375e+04 1.045454e+04 1.044765e+04
5.9 1.035547e+04 1.037648e+04 1.045497e+04 1.043396e+04
6.9 1.036983e+04 1.040111e+04 1.045096e+04 1.041968e+04
7.9 1.033942e+04 1.037109e+04 1.045222e+04 1.042055e+04
8.9 1.034017e+04 1.034962e+04 1.045587e+04 1.044642e+04
9.9 1.035785e+04 1.035654e+04 1.045330e+04 1.045461e+04
10.9 1.037559e+04 1.036893e+04 1.045070e+04 1.045736e+04
11.9 1.038194e+04 1.037451e+04 1.045468e+04 1.046211e+04
12.9 1.038122e+04 1.037498e+04 1.046100e+04 1.046725e+04
13.9 1.036228e+04 1.036744e+04 1.046560e+04 1.046044e+04
14.9 1.032283e+04 1.029285e+04 1.046561e+04 1.049559e+04
15.9 1.037569e+04 1.034623e+04 1.045838e+04 1.048784e+04
16.9 1.037651e+04 1.035326e+04 1.045254e+04 1.047579e+04
17.9 1.036961e+04 1.036827e+04 1.045470e+04 1.045603e+04
18.9 1.035056e+04 1.038434e+04 1.046014e+04 1.042636e+04
19.9 1.034433e+04 1.034943e+04 1.046447e+04 1.045937e+04
20.9 1.035517e+04 1.034360e+04 1.046460e+04 1.047617e+04
21.9 1.034734e+04 1.033059e+04 1.045762e+04 1.047437e+04
0.3 1.034750e+04 1.035921e+04 1.045037e+04 1.043866e+04
1.3 1.035686e+04 1.036375e+04 1.045454e+04 1.044765e+04
2.3 1.035547e+04 1.037648e+04 1.045497e+04 1.043396e+04
3.3 1.036983e+04 1.040111e+04 1.045096e+04 1.041968e+04
4.3 1.033942e+04 1.037109e+04 1.045222e+04 1.042055e+04
5.3 1.034017e+04 1.034962e+04 1.045587e+04 1.044642e+04
6.3 1.035785e+04 1.035654e+04 1.045330e+04 1.045461e+04
7.3 1.037559e+04 1.036893e+04 1.045070e+04 1.045736e+04
8.3 1.038194e+04 1.037451e+04 1.045468e+04 1.046211e+04
9.3 1.038122e+04 1.037498e+04 1.046100e+04 1.046725e+04
10.3 1.036228e+04 1.036744e+04 1.046560e+04 1.046044e+04
11.3 1.032283e+04 1.029285e+04 1.046561e+04 1.049559e+04
12.3 1.037569e+04 1.034623e+04 1.045838e+04 1.048784e+04
13.3 1.037651e+04 1.035326e+04 1.045254e+04 1.047579e+04
14.3 1.036961e+04 1.036827e+04 1.045470e+04 1.045603e+04
15.3 1.035056e+04 1.038434e+04 1.046014e+04 1.042636e+04
16.3 1.034433e+04 1.034943e+04 1.046447e+04 1.045937e+04
17.3 1.035517e+04 1.034360e+04 1.046460e+04 1.047617e+04
18.3 1.034734e+04 1.033059e+04 1.045762e+04 1.047437e+04
19.3 1.036112e+04 1.035772e+04 1.045205e+04 1.045545e+04
20.3 1.039635e+04 1.039010e+04 1.045441e+04 1.046067e+04
21.3 1.042484e+04 1.042800e+04 1.045999e+04 1.045683e+04
0.7 1.033942e+04 1.037109e+04 1.045222e+04 1.042055e+04
1.7 1.034017e+04 1.034962e+04 1.045587e+04 1.044642e+04
2.7 1.035785e+04 1.035654e+04 1.045330e+04 1.045461e+04
3.7 1.037559e+04 1.036893e+04 1.045070e+04 1.045736e+04
4.7 1.038194e+04 1.037451e+04 1.045468e+04 1.046211e+04
5.7 1.038122e+04 1.037498e+04 1.046100e+04 1.046725e+04
6.7 1.036228e+04 1.036744e+04 1.046560e+04 1.046044e+04
7.7 1.032283e+04 1.029285e+04 1.046561e+04 1.049559e+04
8.7 1.037569e+04 1.034623e+04 1.045838e+04 1.048784e+04
9.7 1.037651e+04 1.035326e+04 1.045254e+04 1.047579e+04
10.7 1.036961e+04 1.036827e+04 1.045470e+04 1.045603e+04
11.7 1.035056e+04 1.038434e+04 1.046014e+04 1.042636e+04
12.7 1.034433e+04 1.034943e+04 1.046447e+04 1.045937e+04
13.7 1.035517e+04 1.034360e+04 1.046460e+04 1.047617e+04
14.7 1.034734e+04 1.033059e+04 1.045762e+04 1.047437e+04
15.7 1.036112e+04 1.035772e+04 1.045205e+04 1.045545e+04
16.7 1.039635e+04 1.039010e+04 1.045441e+04 1.046067e+04
17.7 1.042484e+04 1.042800e+04 1.045999e+04 1.045683e+04
18.7 1.042396e+04 1.040097e+04 1.046444e+04 1.048742e+04
19.7 1.038324e+04 1.038437e+04 1.046700e+04 1.046587e+04
20.7 1.036787e+04 1.036835e+04 1.046821e+04 1.046773e+04
0.7 1.036228e+04 1.036744e+04 1.046560e+04 1.046044e+04
1.7 1.032283e+04 1.029285e+04 1.046561e+04 1.049559e+04
2.7 1.037569e+04 1.034623e+04 1.045838e+04 1.048784e+04
3.7 1.037651e+04 1.035326e+04 1.045254e+04 1.047579e+04
4.7 1.036961e+04 1.036827e+04 1.045470e+04 1.045603e+04
5.7 1.035056e+04 1.038434e+04 1.046014e+04 1.042636e+04
6.7 1.034433e+04 1.034943e+04 1.046447e+04 1.045937e+04
7.7 1.035517e+04 1.034360e+04 1.046460e+04 1.047617e+04
8.7 1.034734e+04 1.033059e+04 1.045762e+04 1.047437e+04
9.7 1.036112e+04 1.035772e+04 1.045205e+04 1.045545e+04
10.7 1.039635e+04 1.039010e+04 1.045441e+04 1.046067e+04
11.7 1.042484e+04 1.042800e+04 1.045999e+04 1.045683e+04
12.7 1.042396e+04 1.040097e+04 1.046444e+04 1.048742e+04
13.7 1.038324e+04 1.038437e+04 1.046700e+04 1.046587e+04
14.7 1.036787e+04 1.036835e+04 1.046821e+04 1.046773e+04
0.7 1.034433e+04 1.034943e+04 1.046447e+04 1.045937e+04
1.7 1.035517e+04 1.034360e+04 1.046460e+04 1.047617e+04
2.7 1.034734e+04 1.033059e+04 1.045762e+04 1.047437e+04
3.7 1.036112e+04 1.035772e+04 1.045205e+04 1.045545e+04
4.7 1.039635e+04 1.039010e+04 1.045441e+04 1.046067e+04
5.7 1.042484e+04 1.042800e+04 1.045999e+04 1.045683e+04
6.7 1.042396e+04 1.040097e+04 1.046444e+04 1.048742e+04
7.7 1.038324e+04 1.038437e+04 1.046700e+04 1.046587e+04
8.7 1.036787e+04 1.036835e+04 1.046821e+04 1.046773e+04
