0.2 9.838945e+03 9.746628e+03 9.837021e+03 9.929338e+03
1.2 9.871247e+03 9.782054e+03 9.829729e+03 9.918921e+03
2.2 9.814815e+03 9.751863e+03 9.781745e+03 9.844697e+03
3.2 9.701872e+03 9.729170e+03 9.753186e+03 9.725888e+03
4.2 9.753816e+03 9.792476e+03 9.771030e+03 9.732370e+03
5.2 9.939039e+03 9.896898e+03 9.801334e+03 9.843475e+03
6.2 1.002433e+04 9.972729e+03 9.823729e+03 9.875333e+03
7.2 9.912642e+03 9.863120e+03 9.836484e+03 9.886005e+03
8.2 9.840773e+03 9.772647e+03 9.842592e+03 9.910718e+03
9.2 9.744310e+03 9.755900e+03 9.844476e+03 9.832886e+03
10.2 9.618381e+03 9.671834e+03 9.843884e+03 9.790431e+03
11.2 9.668242e+03 9.718730e+03 9.842214e+03 9.791726e+03
12.2 9.831688e+03 9.898534e+03 9.840438e+03 9.773592e+03
13.2 9.949844e+03 9.987148e+03 9.834972e+03 9.797668e+03
14.2 9.894608e+03 9.893457e+03 9.790541e+03 9.791693e+03
15.2 9.669212e+03 9.775391e+03 9.754432e+03 9.648253e+03
16.2 9.688701e+03 9.743572e+03 9.767155e+03 9.712284e+03
17.2 9.704849e+03 9.755063e+03 9.797399e+03 9.747185e+03
18.2 9.694329e+03 9.852429e+03 9.821223e+03 9.663123e+03
19.2 9.755194e+03 9.942584e+03 9.831598e+03 9.644208e+03
20.2 9.903757e+03 1.000262e+04 9.796059e+03 9.697200e+03
1.0 9.949844e+03 9.987148e+03 9.834972e+03 9.797668e+03
2.0 9.894608e+03 9.893457e+03 9.790541e+03 9.791693e+03
3.0 9.669212e+03 9.775391e+03 9.754432e+03 9.648253e+03
4.0 9.688701e+03 9.743572e+03 9.767155e+03 9.712284e+03
5.0 9.704849e+03 9.755063e+03 9.797399e+03 9.747185e+03
6.0 9.694329e+03 9.852429e+03 9.821223e+03 9.663123e+03
7.0 9.755194e+03 9.942584e+03 9.831598e+03 9.644208e+03
8.0 9.903757e+03 1.000262e+04 9.796059e+03 9.697200e+03
9.0 1.005565e+04 1.004387e+04 9.761548e+03 9.773324e+03
10.0 1.003838e+04 9.944380e+03 9.773159e+03 9.867165e+03
11.0 9.913968e+03 9.759685e+03 9.801917e+03 9.956200e+03
12.0 9.649625e+03 9.676998e+03 9.824298e+03 9.796925e+03
13.0 9.428384e+03 9.584116e+03 9.837035e+03 9.681302e+03
14.0 9.457010e+03 9.508554e+03 9.843086e+03 9.791542e+03
15.0 9.545390e+03 9.482466e+03 9.844967e+03 9.907891e+03
16.0 9.470906e+03 9.524006e+03 9.844351e+03 9.791251e+03
17.0 9.572877e+03 9.655397e+03 9.827606e+03 9.745086e+03
18.0 9.646273e+03 9.673498e+03 9.774449e+03 9.747224e+03
19.0 9.849312e+03 9.782318e+03 9.756433e+03 9.823427e+03
20.0 1.003996e+04 9.912687e+03 9.779237e+03 9.906505e+03
21.0 1.000992e+04 9.931061e+03 9.807999e+03 9.886855e+03
1.0 9.755194e+03 9.942584e+03 9.831598e+03 9.644208e+03
2.0 9.903757e+03 1.000262e+04 9.796059e+03 9.697200e+03
3.0 1.005565e+04 1.004387e+04 9.761548e+03 9.773324e+03
4.0 1.003838e+04 9.944380e+03 9.773159e+03 9.867165e+03
5.0 9.913968e+03 9.759685e+03 9.801917e+03 9.956200e+03
6.0 9.649625e+03 9.676998e+03 9.824298e+03 9.796925e+03
7.0 9.428384e+03 9.584116e+03 9.837035e+03 9.681302e+03
8.0 9.457010e+03 9.508554e+03 9.843086e+03 9.791542e+03
9.0 9.545390e+03 9.482466e+03 9.844967e+03 9.907891e+03
10.0 9.470906e+03 9.524006e+03 9.844351e+03 9.791251e+03
11.0 9.572877e+03 9.655397e+03 9.827606e+03 9.745086e+03
12.0 9.646273e+03 9.673498e+03 9.774449e+03 9.747224e+03
13.0 9.849312e+03 9.782318e+03 9.756433e+03 9.823427e+03
14.0 1.003996e+04 9.912687e+03 9.779237e+03 9.906505e+03
15.0 1.000992e+04 9.931061e+03 9.807999e+03 9.886855e+03
16.0 9.822034e+03 9.724436e+03 9.827677e+03 9.925276e+03
17.0 9.766693e+03 9.595639e+03 9.838487e+03 1.000954e+04
18.0 9.717033e+03 9.667986e+03 9.843378e+03 9.892425e+03
19.0 9.650542e+03 9.628520e+03 9.844524e+03 9.866547e+03
20.0 9.659612e+03 9.616479e+03 9.843562e+03 9.886696e+03
21.0 9.761406e+03 9.726191e+03 9.841544e+03 9.876759e+03
0.4 9.470906e+03 9.524006e+03 9.844351e+03 9.791251e+03
1.4 9.572877e+03 9.655397e+03 9.827606e+03 9.745086e+03
2.4 9.646273e+03 9.673498e+03 9.774449e+03 9.747224e+03
3.4 9.849312e+03 9.782318e+03 9.756433e+03 9.823427e+03
4.4 1.003996e+04 9.912687e+03 9.779237e+03 9.906505e+03
5.4 1.000992e+04 9.931061e+03 9.807999e+03 9.886855e+03
6.4 9.822034e+03 9.724436e+03 9.827677e+03 9.925276e+03
7.4 9.766693e+03 9.595639e+03 9.838487e+03 1.000954e+04
8.4 9.717033e+03 9.667986e+03 9.843378e+03 9.892425e+03
9.4 9.650542e+03 9.628520e+03 9.844524e+03 9.866547e+03
10.4 9.659612e+03 9.616479e+03 9.843562e+03 9.886696e+03
11.4 9.761406e+03 9.726191e+03 9.841544e+03 9.876759e+03
12.4 9.806902e+03 9.764651e+03 9.815900e+03 9.858151e+03
13.4 9.863757e+03 9.837281e+03 9.764716e+03 9.791192e+03
14.4 9.917561e+03 9.905417e+03 9.757853e+03 9.769996e+03
15.4 1.008604e+04 1.000801e+04 9.784738e+03 9.862766e+03
16.4 1.018604e+04 1.006893e+04 9.811040e+03 9.928145e+03
17.4 9.905492e+03 9.903775e+03 9.793917e+03 9.795634e+03
18.4 9.583362e+03 9.662429e+03 9.759573e+03 9.680506e+03
19.4 9.612501e+03 9.701700e+03 9.768494e+03 9.679295e+03
20.4 9.630286e+03 9.710132e+03 9.798773e+03 9.718928e+03
0.6 9.761406e+03 9.726191e+03 9.841544e+03 9.876759e+03
1.6 9.806902e+03 9.764651e+03 9.815900e+03 9.858151e+03
2.6 9.863757e+03 9.837281e+03 9.764716e+03 9.791192e+03
3.6 9.917561e+03 9.905417e+03 9.757853e+03 9.769996e+03
4.6 1.008604e+04 1.000801e+04 9.784738e+03 9.862766e+03
5.6 1.018604e+04 1.006893e+04 9.811040e+03 9.928145e+03
6.6 9.905492e+03 9.903775e+03 9.793917e+03 9.795634e+03
7.6 9.583362e+03 9.662429e+03 9.759573e+03 9.680506e+03
8.6 9.612501e+03 9.701700e+03 9.768494e+03 9.679295e+03
9.6 9.630286e+03 9.710132e+03 9.798773e+03 9.718928e+03
10.6 9.513646e+03 9.635727e+03 9.823465e+03 9.701384e+03
11.6 9.486899e+03 9.536264e+03 9.837419e+03 9.788055e+03
12.6 9.589578e+03 9.588674e+03 9.843833e+03 9.844737e+03
13.6 9.683401e+03 9.669013e+03 9.845746e+03 9.860135e+03
14.6 9.737768e+03 9.758950e+03 9.845078e+03 9.823895e+03
15.6 9.706881e+03 9.738752e+03 9.843225e+03 9.811353e+03
16.6 9.723223e+03 9.740857e+03 9.841195e+03 9.823560e+03
17.6 9.850020e+03 9.797926e+03 9.839535e+03 9.891628e+03
18.6 9.880954e+03 9.837673e+03 9.838400e+03 9.881681e+03
19.6 9.946709e+03 9.875762e+03 9.837719e+03 9.908666e+03
20.6 1.000684e+04 9.968455e+03 9.837350e+03 9.875736e+03
0.8 1.018604e+04 1.006893e+04 9.811040e+03 9.928145e+03
1.8 9.905492e+03 9.903775e+03 9.793917e+03 9.795634e+03
2.8 9.583362e+03 9.662429e+03 9.759573e+03 9.680506e+03
3.8 9.612501e+03 9.701700e+03 9.768494e+03 9.679295e+03
4.8 9.630286e+03 9.710132e+03 9.798773e+03 9.718928e+03
5.8 9.513646e+03 9.635727e+03 9.823465e+03 9.701384e+03
6.8 9.486899e+03 9.536264e+03 9.837419e+03 9.788055e+03
7.8 9.589578e+03 9.588674e+03 9.843833e+03 9.844737e+03
8.8 9.683401e+03 9.669013e+03 9.845746e+03 9.860135e+03
9.8 9.737768e+03 9.758950e+03 9.845078e+03 9.823895e+03
10.8 9.706881e+03 9.738752e+03 9.843225e+03 9.811353e+03
11.8 9.723223e+03 9.740857e+03 9.841195e+03 9.823560e+03
12.8 9.850020e+03 9.797926e+03 9.839535e+03 9.891628e+03
13.8 9.880954e+03 9.837673e+03 9.838400e+03 9.881681e+03
14.8 9.946709e+03 9.875762e+03 9.837719e+03 9.908666e+03
15.8 1.000684e+04 9.968455e+03 9.837350e+03 9.875736e+03
16.8 9.968581e+03 9.922658e+03 9.837165e+03 9.883088e+03
17.8 1.013063e+04 1.004620e+04 9.837082e+03 9.921514e+03
18.8 1.006416e+04 9.996883e+03 9.837045e+03 9.904317e+03
19.8 1.003052e+04 1.006852e+04 9.837030e+03 9.799034e+03
20.8 1.015956e+04 1.006144e+04 9.837023e+03 9.935142e+03
0.5 9.960172e+03 9.861925e+03 9.836969e+03 9.935216e+03
1.5 1.013514e+04 1.002872e+04 9.819566e+03 9.925981e+03
2.5 1.014906e+04 1.001425e+04 9.768278e+03 9.903089e+03
3.5 9.815100e+03 9.879330e+03 9.754815e+03 9.690585e+03
4.5 9.697952e+03 9.712534e+03 9.779808e+03 9.765226e+03
5.5 9.787005e+03 9.774593e+03 9.808822e+03 9.821233e+03
6.5 9.805213e+03 9.783099e+03 9.828233e+03 9.850347e+03
7.5 9.917823e+03 9.859029e+03 9.838782e+03 9.897576e+03
8.5 9.893927e+03 9.910670e+03 9.843478e+03 9.826734e+03
9.5 9.967404e+03 9.967463e+03 9.844492e+03 9.844433e+03
10.5 1.013320e+04 1.006412e+04 9.843465e+03 9.912546e+03
11.5 1.015625e+04 1.009168e+04 9.841688e+03 9.906260e+03
12.5 1.005221e+04 9.954495e+03 9.839953e+03 9.937670e+03
13.5 9.889757e+03 9.848637e+03 9.822491e+03 9.863611e+03
14.5 9.749870e+03 9.764352e+03 9.770357e+03 9.755875e+03
15.5 9.736225e+03 9.753473e+03 9.754920e+03 9.737671e+03
16.5 9.786512e+03 9.797231e+03 9.779110e+03 9.768391e+03
17.5 9.859657e+03 9.916362e+03 9.807946e+03 9.751241e+03
18.5 9.959388e+03 9.992237e+03 9.803675e+03 9.770826e+03
19.5 9.925050e+03 1.000359e+04 9.764525e+03 9.685987e+03
20.5 1.000722e+04 1.001896e+04 9.763314e+03 9.751573e+03
0.4 1.005221e+04 9.954495e+03 9.839953e+03 9.937670e+03
1.4 9.889757e+03 9.848637e+03 9.822491e+03 9.863611e+03
2.4 9.749870e+03 9.764352e+03 9.770357e+03 9.755875e+03
3.4 9.736225e+03 9.753473e+03 9.754920e+03 9.737671e+03
4.4 9.786512e+03 9.797231e+03 9.779110e+03 9.768391e+03
5.4 9.859657e+03 9.916362e+03 9.807946e+03 9.751241e+03
6.4 9.959388e+03 9.992237e+03 9.803675e+03 9.770826e+03
7.4 9.925050e+03 1.000359e+04 9.764525e+03 9.685987e+03
8.4 1.000722e+04 1.001896e+04 9.763314e+03 9.751573e+03
9.4 9.997075e+03 1.004386e+04 9.788666e+03 9.741880e+03
10.4 1.012910e+04 1.008250e+04 9.774353e+03 9.820952e+03
11.4 1.014030e+04 1.012075e+04 9.752401e+03 9.771954e+03
12.4 1.019785e+04 1.020938e+04 9.771082e+03 9.759555e+03
13.4 1.024029e+04 1.020156e+04 9.804138e+03 9.842873e+03
14.4 1.026522e+04 1.023755e+04 9.828423e+03 9.856094e+03
15.4 1.034804e+04 1.029397e+04 9.841213e+03 9.895286e+03
16.4 1.036647e+04 1.024126e+04 9.846380e+03 9.971581e+03
17.4 1.028468e+04 1.026033e+04 9.847192e+03 9.871535e+03
18.4 1.026434e+04 1.021124e+04 9.845711e+03 9.898803e+03
19.4 1.005854e+04 1.011773e+04 9.830586e+03 9.771396e+03
20.4 1.008601e+04 1.005757e+04 9.777408e+03 9.805852e+03
0.6 9.859657e+03 9.916362e+03 9.807946e+03 9.751241e+03
1.6 9.959388e+03 9.992237e+03 9.803675e+03 9.770826e+03
2.6 9.925050e+03 1.000359e+04 9.764525e+03 9.685987e+03
3.6 1.000722e+04 1.001896e+04 9.763314e+03 9.751573e+03
4.6 9.997075e+03 1.004386e+04 9.788666e+03 9.741880e+03
5.6 1.012910e+04 1.008250e+04 9.774353e+03 9.820952e+03
6.6 1.014030e+04 1.012075e+04 9.752401e+03 9.771954e+03
7.6 1.019785e+04 1.020938e+04 9.771082e+03 9.759555e+03
8.6 1.024029e+04 1.020156e+04 9.804138e+03 9.842873e+03
9.6 1.026522e+04 1.023755e+04 9.828423e+03 9.856094e+03
10.6 1.034804e+04 1.029397e+04 9.841213e+03 9.895286e+03
11.6 1.036647e+04 1.024126e+04 9.846380e+03 9.971581e+03
12.6 1.028468e+04 1.026033e+04 9.847192e+03 9.871535e+03
13.6 1.026434e+04 1.021124e+04 9.845711e+03 9.898803e+03
14.6 1.005854e+04 1.011773e+04 9.830586e+03 9.771396e+03
15.6 1.008601e+04 1.005757e+04 9.777408e+03 9.805852e+03
16.6 1.008506e+04 1.009464e+04 9.756143e+03 9.746560e+03
17.6 9.937430e+03 1.003520e+04 9.777550e+03 9.679780e+03
18.6 1.005521e+04 9.977553e+03 9.806577e+03 9.884230e+03
19.6 9.967390e+03 9.974737e+03 9.826825e+03 9.819478e+03
20.6 9.885279e+03 1.004209e+04 9.838055e+03 9.681243e+03
1.0 9.997075e+03 1.004386e+04 9.788666e+03 9.741880e+03
2.0 1.012910e+04 1.008250e+04 9.774353e+03 9.820952e+03
3.0 1.014030e+04 1.012075e+04 9.752401e+03 9.771954e+03
4.0 1.019785e+04 1.020938e+04 9.771082e+03 9.759555e+03
5.0 1.024029e+04 1.020156e+04 9.804138e+03 9.842873e+03
6.0 1.026522e+04 1.023755e+04 9.828423e+03 9.856094e+03
7.0 1.034804e+04 1.029397e+04 9.841213e+03 9.895286e+03
8.0 1.036647e+04 1.024126e+04 9.846380e+03 9.971581e+03
9.0 1.028468e+04 1.026033e+04 9.847192e+03 9.871535e+03
10.0 1.026434e+04 1.021124e+04 9.845711e+03 9.898803e+03
11.0 1.005854e+04 1.011773e+04 9.830586e+03 9.771396e+03
12.0 1.008601e+04 1.005757e+04 9.777408e+03 9.805852e+03
13.0 1.008506e+04 1.009464e+04 9.756143e+03 9.746560e+03
14.0 9.937430e+03 1.003520e+04 9.777550e+03 9.679780e+03
15.0 1.005521e+04 9.977553e+03 9.806577e+03 9.884230e+03
16.0 9.967390e+03 9.974737e+03 9.826825e+03 9.819478e+03
17.0 9.885279e+03 1.004209e+04 9.838055e+03 9.681243e+03
18.0 9.850115e+03 9.997774e+03 9.843215e+03 9.695557e+03
19.0 9.794463e+03 9.938822e+03 9.844529e+03 9.700170e+03
20.0 9.706004e+03 9.915545e+03 9.843649e+03 9.634108e+03
21.0 9.640244e+03 9.868258e+03 9.841825e+03 9.613811e+03
0.3 1.026434e+04 1.021124e+04 9.845711e+03 9.898803e+03
1.3 1.005854e+04 1.011773e+04 9.830586e+03 9.771396e+03
2.3 1.008601e+04 1.005757e+04 9.777408e+03 9.805852e+03
3.3 1.008506e+04 1.009464e+04 9.756143e+03 9.746560e+03
4.3 9.937430e+03 1.003520e+04 9.777550e+03 9.679780e+03
5.3 1.005521e+04 9.977553e+03 9.806577e+03 9.884230e+03
6.3 9.967390e+03 9.974737e+03 9.826825e+03 9.819478e+03
7.3 9.885279e+03 1.004209e+04 9.838055e+03 9.681243e+03
8.3 9.850115e+03 9.997774e+03 9.843215e+03 9.695557e+03
9.3 9.794463e+03 9.938822e+03 9.844529e+03 9.700170e+03
10.3 9.706004e+03 9.915545e+03 9.843649e+03 9.634108e+03
11.3 9.640244e+03 9.868258e+03 9.841825e+03 9.613811e+03
12.3 9.760646e+03 9.863865e+03 9.821440e+03 9.718221e+03
13.3 9.882331e+03 9.953457e+03 9.768948e+03 9.697822e+03
14.3 1.003204e+04 1.002780e+04 9.756138e+03 9.760376e+03
15.3 1.015282e+04 1.007579e+04 9.781175e+03 9.858209e+03
16.3 1.013307e+04 9.955864e+03 9.809739e+03 9.986944e+03
17.3 9.749112e+03 9.710085e+03 9.828735e+03 9.867763e+03
18.3 9.614403e+03 9.581435e+03 9.839023e+03 9.871992e+03
19.3 9.603375e+03 9.524484e+03 9.843564e+03 9.922455e+03
20.3 9.666754e+03 9.569620e+03 9.839282e+03 9.936417e+03
0.5 9.640244e+03 9.868258e+03 9.841825e+03 9.613811e+03
1.5 9.760646e+03 9.863865e+03 9.821440e+03 9.718221e+03
2.5 9.882331e+03 9.953457e+03 9.768948e+03 9.697822e+03
3.5 1.003204e+04 1.002780e+04 9.756138e+03 9.760376e+03
4.5 1.015282e+04 1.007579e+04 9.781175e+03 9.858209e+03
5.5 1.013307e+04 9.955864e+03 9.809739e+03 9.986944e+03
6.5 9.749112e+03 9.710085e+03 9.828735e+03 9.867763e+03
7.5 9.614403e+03 9.581435e+03 9.839023e+03 9.871992e+03
8.5 9.603375e+03 9.524484e+03 9.843564e+03 9.922455e+03
9.5 9.666754e+03 9.569620e+03 9.839282e+03 9.936417e+03
10.5 9.792758e+03 9.598412e+03 9.792724e+03 9.987070e+03
11.5 9.826132e+03 9.623120e+03 9.758096e+03 9.961107e+03
12.5 9.826034e+03 9.715429e+03 9.771397e+03 9.882003e+03
13.5 9.770821e+03 9.771668e+03 9.783144e+03 9.782298e+03
14.5 9.730160e+03 9.840835e+03 9.754353e+03 9.643678e+03
15.5 9.833249e+03 9.894421e+03 9.753910e+03 9.692738e+03
16.5 9.843936e+03 9.944358e+03 9.783833e+03 9.683411e+03
17.5 9.944011e+03 9.969035e+03 9.779938e+03 9.754914e+03
18.5 1.003968e+04 1.005561e+04 9.755025e+03 9.739090e+03
19.5 1.002985e+04 1.008910e+04 9.768820e+03 9.709570e+03
20.5 1.006008e+04 1.009025e+04 9.801373e+03 9.771200e+03
0.1 9.603375e+03 9.524484e+03 9.843564e+03 9.922455e+03
1.1 9.666754e+03 9.569620e+03 9.839282e+03 9.936417e+03
2.1 9.792758e+03 9.598412e+03 9.792724e+03 9.987070e+03
3.1 9.826132e+03 9.623120e+03 9.758096e+03 9.961107e+03
4.1 9.826034e+03 9.715429e+03 9.771397e+03 9.882003e+03
5.1 9.770821e+03 9.771668e+03 9.783144e+03 9.782298e+03
6.1 9.730160e+03 9.840835e+03 9.754353e+03 9.643678e+03
7.1 9.833249e+03 9.894421e+03 9.753910e+03 9.692738e+03
8.1 9.843936e+03 9.944358e+03 9.783833e+03 9.683411e+03
9.1 9.944011e+03 9.969035e+03 9.779938e+03 9.754914e+03
10.1 1.003968e+04 1.005561e+04 9.755025e+03 9.739090e+03
11.1 1.002985e+04 1.008910e+04 9.768820e+03 9.709570e+03
12.1 1.006008e+04 1.009025e+04 9.801373e+03 9.771200e+03
13.1 1.011700e+04 1.006765e+04 9.826838e+03 9.876191e+03
14.1 1.005549e+04 1.002118e+04 9.840599e+03 9.874912e+03
15.1 9.963296e+03 1.001346e+04 9.846313e+03 9.796148e+03
16.1 9.967039e+03 1.001552e+04 9.847423e+03 9.798945e+03
17.1 9.910322e+03 1.001142e+04 9.846086e+03 9.744986e+03
18.1 1.003376e+04 1.006093e+04 9.836483e+03 9.809313e+03
19.1 1.020806e+04 1.009296e+04 9.786195e+03 9.901295e+03
20.1 9.958002e+03 1.003313e+04 9.755830e+03 9.680706e+03
0.5 9.826034e+03 9.715429e+03 9.771397e+03 9.882003e+03
1.5 9.770821e+03 9.771668e+03 9.783144e+03 9.782298e+03
2.5 9.730160e+03 9.840835e+03 9.754353e+03 9.643678e+03
3.5 9.833249e+03 9.894421e+03 9.753910e+03 9.692738e+03
4.5 9.843936e+03 9.944358e+03 9.783833e+03 9.683411e+03
5.5 9.944011e+03 9.969035e+03 9.779938e+03 9.754914e+03
6.5 1.003968e+04 1.005561e+04 9.755025e+03 9.739090e+03
7.5 1.002985e+04 1.008910e+04 9.768820e+03 9.709570e+03
8.5 1.006008e+04 1.009025e+04 9.801373e+03 9.771200e+03
9.5 1.011700e+04 1.006765e+04 9.826838e+03 9.876191e+03
10.5 1.005549e+04 1.002118e+04 9.840599e+03 9.874912e+03
11.5 9.963296e+03 1.001346e+04 9.846313e+03 9.796148e+03
12.5 9.967039e+03 1.001552e+04 9.847423e+03 9.798945e+03
13.5 9.910322e+03 1.001142e+04 9.846086e+03 9.744986e+03
14.5 1.003376e+04 1.006093e+04 9.836483e+03 9.809313e+03
15.5 1.020806e+04 1.009296e+04 9.786195e+03 9.901295e+03
16.5 9.958002e+03 1.003313e+04 9.755830e+03 9.680706e+03
17.5 9.867805e+03 9.884101e+03 9.772321e+03 9.756025e+03
18.5 9.780550e+03 9.789190e+03 9.780675e+03 9.772035e+03
19.5 9.713738e+03 9.715854e+03 9.752002e+03 9.749886e+03
20.5 9.747963e+03 9.675386e+03 9.755604e+03 9.828181e+03
0.8 9.843936e+03 9.944358e+03 9.783833e+03 9.683411e+03
1.8 9.944011e+03 9.969035e+03 9.779938e+03 9.754914e+03
2.8 1.003968e+04 1.005561e+04 9.755025e+03 9.739090e+03
3.8 1.002985e+04 1.008910e+04 9.768820e+03 9.709570e+03
4.8 1.006008e+04 1.009025e+04 9.801373e+03 9.771200e+03
5.8 1.011700e+04 1.006765e+04 9.826838e+03 9.876191e+03
6.8 1.005549e+04 1.002118e+04 9.840599e+03 9.874912e+03
7.8 9.963296e+03 1.001346e+04 9.846313e+03 9.796148e+03
8.8 9.967039e+03 1.001552e+04 9.847423e+03 9.798945e+03
9.8 9.910322e+03 1.001142e+04 9.846086e+03 9.744986e+03
10.8 1.003376e+04 1.006093e+04 9.836483e+03 9.809313e+03
11.8 1.020806e+04 1.009296e+04 9.786195e+03 9.901295e+03
12.8 9.958002e+03 1.003313e+04 9.755830e+03 9.680706e+03
13.8 9.867805e+03 9.884101e+03 9.772321e+03 9.756025e+03
14.8 9.780550e+03 9.789190e+03 9.780675e+03 9.772035e+03
15.8 9.713738e+03 9.715854e+03 9.752002e+03 9.749886e+03
16.8 9.747963e+03 9.675386e+03 9.755604e+03 9.828181e+03
17.8 9.870711e+03 9.727925e+03 9.788128e+03 9.930914e+03
18.8 9.874517e+03 9.720693e+03 9.818381e+03 9.972204e+03
19.8 9.971145e+03 9.748130e+03 9.836311e+03 1.005933e+04
20.8 9.995962e+03 9.772630e+03 9.844573e+03 1.006791e+04
0.2 9.910322e+03 1.001142e+04 9.846086e+03 9.744986e+03
1.2 1.003376e+04 1.006093e+04 9.836483e+03 9.809313e+03
2.2 1.020806e+04 1.009296e+04 9.786195e+03 9.901295e+03
3.2 9.958002e+03 1.003313e+04 9.755830e+03 9.680706e+03
4.2 9.867805e+03 9.884101e+03 9.772321e+03 9.756025e+03
5.2 9.780550e+03 9.789190e+03 9.780675e+03 9.772035e+03
6.2 9.713738e+03 9.715854e+03 9.752002e+03 9.749886e+03
7.2 9.747963e+03 9.675386e+03 9.755604e+03 9.828181e+03
8.2 9.870711e+03 9.727925e+03 9.788128e+03 9.930914e+03
9.2 9.874517e+03 9.720693e+03 9.818381e+03 9.972204e+03
10.2 9.971145e+03 9.748130e+03 9.836311e+03 1.005933e+04
11.2 9.995962e+03 9.772630e+03 9.844573e+03 1.006791e+04
12.2 9.794169e+03 9.756407e+03 9.847100e+03 9.884863e+03
13.2 9.596613e+03 9.776168e+03 9.846475e+03 9.666920e+03
14.2 9.622159e+03 9.831639e+03 9.844406e+03 9.634927e+03
15.2 9.755434e+03 9.874873e+03 9.841653e+03 9.722213e+03
16.2 9.901854e+03 9.913453e+03 9.813013e+03 9.801414e+03
17.2 9.914375e+03 9.961999e+03 9.762860e+03 9.715237e+03
18.2 9.900032e+03 9.931562e+03 9.758857e+03 9.727327e+03
19.2 9.865833e+03 9.932290e+03 9.786494e+03 9.720037e+03
20.2 9.792317e+03 9.927227e+03 9.813738e+03 9.678828e+03
0.5 9.867805e+03 9.884101e+03 9.772321e+03 9.756025e+03
1.5 9.780550e+03 9.789190e+03 9.780675e+03 9.772035e+03
2.5 9.713738e+03 9.715854e+03 9.752002e+03 9.749886e+03
3.5 9.747963e+03 9.675386e+03 9.755604e+03 9.828181e+03
4.5 9.870711e+03 9.727925e+03 9.788128e+03 9.930914e+03
5.5 9.874517e+03 9.720693e+03 9.818381e+03 9.972204e+03
6.5 9.971145e+03 9.748130e+03 9.836311e+03 1.005933e+04
7.5 9.995962e+03 9.772630e+03 9.844573e+03 1.006791e+04
8.5 9.794169e+03 9.756407e+03 9.847100e+03 9.884863e+03
9.5 9.596613e+03 9.776168e+03 9.846475e+03 9.666920e+03
10.5 9.622159e+03 9.831639e+03 9.844406e+03 9.634927e+03
11.5 9.755434e+03 9.874873e+03 9.841653e+03 9.722213e+03
12.5 9.901854e+03 9.913453e+03 9.813013e+03 9.801414e+03
13.5 9.914375e+03 9.961999e+03 9.762860e+03 9.715237e+03
14.5 9.900032e+03 9.931562e+03 9.758857e+03 9.727327e+03
15.5 9.865833e+03 9.932290e+03 9.786494e+03 9.720037e+03
16.5 9.792317e+03 9.927227e+03 9.813738e+03 9.678828e+03
17.5 9.639563e+03 9.863385e+03 9.831026e+03 9.607205e+03
18.5 9.733206e+03 9.861945e+03 9.840140e+03 9.711401e+03
19.5 9.887128e+03 9.862756e+03 9.843930e+03 9.868302e+03
20.5 1.003159e+04 9.872598e+03 9.844408e+03 1.000340e+04
0.7 9.755434e+03 9.874873e+03 9.841653e+03 9.722213e+03
1.7 9.901854e+03 9.913453e+03 9.813013e+03 9.801414e+03
2.7 9.914375e+03 9.961999e+03 9.762860e+03 9.715237e+03
3.7 9.900032e+03 9.931562e+03 9.758857e+03 9.727327e+03
4.7 9.865833e+03 9.932290e+03 9.786494e+03 9.720037e+03
5.7 9.792317e+03 9.927227e+03 9.813738e+03 9.678828e+03
6.7 9.639563e+03 9.863385e+03 9.831026e+03 9.607205e+03
7.7 9.733206e+03 9.861945e+03 9.840140e+03 9.711401e+03
8.7 9.887128e+03 9.862756e+03 9.843930e+03 9.868302e+03
9.7 1.003159e+04 9.872598e+03 9.844408e+03 1.000340e+04
10.7 1.010046e+04 1.003866e+04 9.839075e+03 9.900882e+03
11.7 1.023016e+04 1.009072e+04 9.793766e+03 9.933199e+03
12.7 1.034145e+04 1.015727e+04 9.756572e+03 9.940758e+03
13.7 1.032559e+04 1.012006e+04 9.768374e+03 9.973907e+03
14.7 1.000073e+04 9.997079e+03 9.781837e+03 9.785489e+03
15.7 9.628515e+03 9.641798e+03 9.753995e+03 9.740712e+03
16.7 9.441804e+03 9.556822e+03 9.752772e+03 9.637753e+03
17.7 9.494996e+03 9.563461e+03 9.783988e+03 9.715523e+03
18.7 9.627521e+03 9.595523e+03 9.815515e+03 9.847512e+03
19.7 9.709659e+03 9.655280e+03 9.834818e+03 9.889198e+03
20.7 9.623127e+03 9.721193e+03 9.826579e+03 9.728512e+03
1.0 1.010046e+04 1.003866e+04 9.839075e+03 9.900882e+03
2.0 1.023016e+04 1.009072e+04 9.793766e+03 9.933199e+03
3.0 1.034145e+04 1.015727e+04 9.756572e+03 9.940758e+03
4.0 1.032559e+04 1.012006e+04 9.768374e+03 9.973907e+03
5.0 1.000073e+04 9.997079e+03 9.781837e+03 9.785489e+03
6.0 9.628515e+03 9.641798e+03 9.753995e+03 9.740712e+03
7.0 9.441804e+03 9.556822e+03 9.752772e+03 9.637753e+03
8.0 9.494996e+03 9.563461e+03 9.783988e+03 9.715523e+03
9.0 9.627521e+03 9.595523e+03 9.815515e+03 9.847512e+03
10.0 9.709659e+03 9.655280e+03 9.834818e+03 9.889198e+03
11.0 9.623127e+03 9.721193e+03 9.826579e+03 9.728512e+03
12.0 9.577722e+03 9.613128e+03 9.778314e+03 9.742908e+03
13.0 9.752645e+03 9.659892e+03 9.764476e+03 9.857229e+03
14.0 9.897411e+03 9.703120e+03 9.785810e+03 9.980101e+03
15.0 9.792605e+03 9.697705e+03 9.776163e+03 9.871063e+03
16.0 9.606833e+03 9.577219e+03 9.750750e+03 9.780364e+03
17.0 9.491828e+03 9.555947e+03 9.766001e+03 9.701881e+03
18.0 9.549567e+03 9.570572e+03 9.799633e+03 9.778628e+03
19.0 9.557333e+03 9.605637e+03 9.825773e+03 9.777469e+03
20.0 9.541992e+03 9.519778e+03 9.839987e+03 9.862201e+03
21.0 9.531935e+03 9.489330e+03 9.845977e+03 9.888581e+03
0.4 1.032559e+04 1.012006e+04 9.768374e+03 9.973907e+03
1.4 1.000073e+04 9.997079e+03 9.781837e+03 9.785489e+03
2.4 9.628515e+03 9.641798e+03 9.753995e+03 9.740712e+03
3.4 9.441804e+03 9.556822e+03 9.752772e+03 9.637753e+03
4.4 9.494996e+03 9.563461e+03 9.783988e+03 9.715523e+03
5.4 9.627521e+03 9.595523e+03 9.815515e+03 9.847512e+03
6.4 9.709659e+03 9.655280e+03 9.834818e+03 9.889198e+03
7.4 9.623127e+03 9.721193e+03 9.826579e+03 9.728512e+03
8.4 9.577722e+03 9.613128e+03 9.778314e+03 9.742908e+03
9.4 9.752645e+03 9.659892e+03 9.764476e+03 9.857229e+03
10.4 9.897411e+03 9.703120e+03 9.785810e+03 9.980101e+03
11.4 9.792605e+03 9.697705e+03 9.776163e+03 9.871063e+03
12.4 9.606833e+03 9.577219e+03 9.750750e+03 9.780364e+03
13.4 9.491828e+03 9.555947e+03 9.766001e+03 9.701881e+03
14.4 9.549567e+03 9.570572e+03 9.799633e+03 9.778628e+03
15.4 9.557333e+03 9.605637e+03 9.825773e+03 9.777469e+03
16.4 9.541992e+03 9.519778e+03 9.839987e+03 9.862201e+03
17.4 9.531935e+03 9.489330e+03 9.845977e+03 9.888581e+03
18.4 9.481248e+03 9.590305e+03 9.847229e+03 9.738173e+03
19.4 9.606904e+03 9.712481e+03 9.845958e+03 9.740381e+03
20.4 9.666739e+03 9.885819e+03 9.843682e+03 9.624602e+03
0.5 9.709659e+03 9.655280e+03 9.834818e+03 9.889198e+03
1.5 9.623127e+03 9.721193e+03 9.826579e+03 9.728512e+03
2.5 9.577722e+03 9.613128e+03 9.778314e+03 9.742908e+03
3.5 9.752645e+03 9.659892e+03 9.764476e+03 9.857229e+03
4.5 9.897411e+03 9.703120e+03 9.785810e+03 9.980101e+03
5.5 9.792605e+03 9.697705e+03 9.776163e+03 9.871063e+03
6.5 9.606833e+03 9.577219e+03 9.750750e+03 9.780364e+03
7.5 9.491828e+03 9.555947e+03 9.766001e+03 9.701881e+03
8.5 9.549567e+03 9.570572e+03 9.799633e+03 9.778628e+03
9.5 9.557333e+03 9.605637e+03 9.825773e+03 9.777469e+03
10.5 9.541992e+03 9.519778e+03 9.839987e+03 9.862201e+03
11.5 9.531935e+03 9.489330e+03 9.845977e+03 9.888581e+03
12.5 9.481248e+03 9.590305e+03 9.847229e+03 9.738173e+03
13.5 9.606904e+03 9.712481e+03 9.845958e+03 9.740381e+03
14.5 9.666739e+03 9.885819e+03 9.843682e+03 9.624602e+03
15.5 9.903659e+03 9.936294e+03 9.841402e+03 9.808767e+03
16.5 1.002796e+04 1.011408e+04 9.837647e+03 9.751528e+03
17.5 9.994676e+03 1.001273e+04 9.798857e+03 9.780799e+03
18.5 9.891836e+03 9.925504e+03 9.756447e+03 9.722778e+03
19.5 9.854524e+03 9.938428e+03 9.763433e+03 9.679529e+03
20.5 9.857281e+03 9.879671e+03 9.793224e+03 9.770834e+03
0.9 9.897411e+03 9.703120e+03 9.785810e+03 9.980101e+03
1.9 9.792605e+03 9.697705e+03 9.776163e+03 9.871063e+03
2.9 9.606833e+03 9.577219e+03 9.750750e+03 9.780364e+03
3.9 9.491828e+03 9.555947e+03 9.766001e+03 9.701881e+03
4.9 9.549567e+03 9.570572e+03 9.799633e+03 9.778628e+03
5.9 9.557333e+03 9.605637e+03 9.825773e+03 9.777469e+03
6.9 9.541992e+03 9.519778e+03 9.839987e+03 9.862201e+03
7.9 9.531935e+03 9.489330e+03 9.845977e+03 9.888581e+03
8.9 9.481248e+03 9.590305e+03 9.847229e+03 9.738173e+03
9.9 9.606904e+03 9.712481e+03 9.845958e+03 9.740381e+03
10.9 9.666739e+03 9.885819e+03 9.843682e+03 9.624602e+03
11.9 9.903659e+03 9.936294e+03 9.841402e+03 9.808767e+03
12.9 1.002796e+04 1.011408e+04 9.837647e+03 9.751528e+03
13.9 9.994676e+03 1.001273e+04 9.798857e+03 9.780799e+03
14.9 9.891836e+03 9.925504e+03 9.756447e+03 9.722778e+03
15.9 9.854524e+03 9.938428e+03 9.763433e+03 9.679529e+03
16.9 9.857281e+03 9.879671e+03 9.793224e+03 9.770834e+03
17.9 9.775200e+03 9.802906e+03 9.818477e+03 9.790772e+03
18.9 9.735995e+03 9.609302e+03 9.833673e+03 9.960366e+03
19.9 9.846171e+03 9.771019e+03 9.840727e+03 9.915878e+03
20.9 9.780451e+03 9.785978e+03 9.814144e+03 9.808618e+03
0.9 1.002796e+04 1.011408e+04 9.837647e+03 9.751528e+03
1.9 9.994676e+03 1.001273e+04 9.798857e+03 9.780799e+03
2.9 9.891836e+03 9.925504e+03 9.756447e+03 9.722778e+03
3.9 9.854524e+03 9.938428e+03 9.763433e+03 9.679529e+03
4.9 9.857281e+03 9.879671e+03 9.793224e+03 9.770834e+03
5.9 9.775200e+03 9.802906e+03 9.818477e+03 9.790772e+03
6.9 9.735995e+03 9.609302e+03 9.833673e+03 9.960366e+03
7.9 9.846171e+03 9.771019e+03 9.840727e+03 9.915878e+03
8.9 9.780451e+03 9.785978e+03 9.814144e+03 9.808618e+03
9.9 9.691784e+03 9.756404e+03 9.766704e+03 9.702084e+03
10.9 9.842863e+03 9.805198e+03 9.764837e+03 9.802503e+03
11.9 9.759551e+03 9.750046e+03 9.785198e+03 9.794703e+03
12.9 9.668779e+03 9.688302e+03 9.763414e+03 9.743891e+03
13.9 9.542351e+03 9.588669e+03 9.749183e+03 9.702865e+03
14.9 9.569393e+03 9.675158e+03 9.774270e+03 9.668504e+03
15.9 9.800888e+03 9.744440e+03 9.807840e+03 9.864288e+03
16.9 9.734069e+03 9.852665e+03 9.817902e+03 9.699307e+03
17.9 9.666276e+03 9.706899e+03 9.778543e+03 9.737920e+03
18.9 9.607473e+03 9.613795e+03 9.763403e+03 9.757080e+03
19.9 9.703793e+03 9.614872e+03 9.786292e+03 9.875213e+03
20.9 9.592361e+03 9.591125e+03 9.814280e+03 9.815517e+03
0.7 9.846171e+03 9.771019e+03 9.840727e+03 9.915878e+03
1.7 9.780451e+03 9.785978e+03 9.814144e+03 9.808618e+03
2.7 9.691784e+03 9.756404e+03 9.766704e+03 9.702084e+03
3.7 9.842863e+03 9.805198e+03 9.764837e+03 9.802503e+03
4.7 9.759551e+03 9.750046e+03 9.785198e+03 9.794703e+03
5.7 9.668779e+03 9.688302e+03 9.763414e+03 9.743891e+03
6.7 9.542351e+03 9.588669e+03 9.749183e+03 9.702865e+03
7.7 9.569393e+03 9.675158e+03 9.774270e+03 9.668504e+03
8.7 9.800888e+03 9.744440e+03 9.807840e+03 9.864288e+03
9.7 9.734069e+03 9.852665e+03 9.817902e+03 9.699307e+03
10.7 9.666276e+03 9.706899e+03 9.778543e+03 9.737920e+03
11.7 9.607473e+03 9.613795e+03 9.763403e+03 9.757080e+03
12.7 9.703793e+03 9.614872e+03 9.786292e+03 9.875213e+03
13.7 9.592361e+03 9.591125e+03 9.814280e+03 9.815517e+03
14.7 9.881312e+03 9.660084e+03 9.832505e+03 1.005373e+04
15.7 9.753108e+03 9.663157e+03 9.828927e+03 9.918879e+03
16.7 9.607846e+03 9.537053e+03 9.781608e+03 9.852401e+03
17.7 9.513144e+03 9.536159e+03 9.762368e+03 9.739352e+03
18.7 9.627690e+03 9.557511e+03 9.783438e+03 9.853618e+03
19.7 9.715520e+03 9.602535e+03 9.811069e+03 9.924053e+03
20.7 9.868360e+03 9.659887e+03 9.829766e+03 1.003824e+04
0.1 9.842863e+03 9.805198e+03 9.764837e+03 9.802503e+03
1.1 9.759551e+03 9.750046e+03 9.785198e+03 9.794703e+03
2.1 9.668779e+03 9.688302e+03 9.763414e+03 9.743891e+03
3.1 9.542351e+03 9.588669e+03 9.749183e+03 9.702865e+03
4.1 9.569393e+03 9.675158e+03 9.774270e+03 9.668504e+03
5.1 9.800888e+03 9.744440e+03 9.807840e+03 9.864288e+03
6.1 9.734069e+03 9.852665e+03 9.817902e+03 9.699307e+03
7.1 9.666276e+03 9.706899e+03 9.778543e+03 9.737920e+03
8.1 9.607473e+03 9.613795e+03 9.763403e+03 9.757080e+03
9.1 9.703793e+03 9.614872e+03 9.786292e+03 9.875213e+03
10.1 9.592361e+03 9.591125e+03 9.814280e+03 9.815517e+03
11.1 9.881312e+03 9.660084e+03 9.832505e+03 1.005373e+04
12.1 9.753108e+03 9.663157e+03 9.828927e+03 9.918879e+03
13.1 9.607846e+03 9.537053e+03 9.781608e+03 9.852401e+03
14.1 9.513144e+03 9.536159e+03 9.762368e+03 9.739352e+03
15.1 9.627690e+03 9.557511e+03 9.783438e+03 9.853618e+03
16.1 9.715520e+03 9.602535e+03 9.811069e+03 9.924053e+03
17.1 9.868360e+03 9.659887e+03 9.829766e+03 1.003824e+04
18.1 9.733765e+03 9.690171e+03 9.825881e+03 9.869475e+03
19.1 9.613451e+03 9.631922e+03 9.779082e+03 9.760611e+03
20.1 9.555631e+03 9.572823e+03 9.761901e+03 9.744709e+03
0.4 9.800888e+03 9.744440e+03 9.807840e+03 9.864288e+03
1.4 9.734069e+03 9.852665e+03 9.817902e+03 9.699307e+03
2.4 9.666276e+03 9.706899e+03 9.778543e+03 9.737920e+03
3.4 9.607473e+03 9.613795e+03 9.763403e+03 9.757080e+03
4.4 9.703793e+03 9.614872e+03 9.786292e+03 9.875213e+03
5.4 9.592361e+03 9.591125e+03 9.814280e+03 9.815517e+03
6.4 9.881312e+03 9.660084e+03 9.832505e+03 1.005373e+04
7.4 9.753108e+03 9.663157e+03 9.828927e+03 9.918879e+03
8.4 9.607846e+03 9.537053e+03 9.781608e+03 9.852401e+03
9.4 9.513144e+03 9.536159e+03 9.762368e+03 9.739352e+03
10.4 9.627690e+03 9.557511e+03 9.783438e+03 9.853618e+03
11.4 9.715520e+03 9.602535e+03 9.811069e+03 9.924053e+03
12.4 9.868360e+03 9.659887e+03 9.829766e+03 1.003824e+04
13.4 9.733765e+03 9.690171e+03 9.825881e+03 9.869475e+03
14.4 9.613451e+03 9.631922e+03 9.779082e+03 9.760611e+03
15.4 9.555631e+03 9.572823e+03 9.761901e+03 9.744709e+03
16.4 9.554071e+03 9.639795e+03 9.783968e+03 9.698244e+03
17.4 9.571841e+03 9.587545e+03 9.811635e+03 9.795931e+03
18.4 9.739362e+03 9.681402e+03 9.830144e+03 9.888104e+03
19.4 9.708315e+03 9.706865e+03 9.839979e+03 9.841429e+03
20.4 9.692416e+03 9.659297e+03 9.844213e+03 9.877332e+03
0.4 9.881312e+03 9.660084e+03 9.832505e+03 1.005373e+04
1.4 9.753108e+03 9.663157e+03 9.828927e+03 9.918879e+03
2.4 9.607846e+03 9.537053e+03 9.781608e+03 9.852401e+03
3.4 9.513144e+03 9.536159e+03 9.762368e+03 9.739352e+03
4.4 9.627690e+03 9.557511e+03 9.783438e+03 9.853618e+03
5.4 9.715520e+03 9.602535e+03 9.811069e+03 9.924053e+03
6.4 9.868360e+03 9.659887e+03 9.829766e+03 1.003824e+04
7.4 9.733765e+03 9.690171e+03 9.825881e+03 9.869475e+03
8.4 9.613451e+03 9.631922e+03 9.779082e+03 9.760611e+03
9.4 9.555631e+03 9.572823e+03 9.761901e+03 9.744709e+03
10.4 9.554071e+03 9.639795e+03 9.783968e+03 9.698244e+03
11.4 9.571841e+03 9.587545e+03 9.811635e+03 9.795931e+03
12.4 9.739362e+03 9.681402e+03 9.830144e+03 9.888104e+03
13.4 9.708315e+03 9.706865e+03 9.839979e+03 9.841429e+03
14.4 9.692416e+03 9.659297e+03 9.844213e+03 9.877332e+03
15.4 9.593417e+03 9.618386e+03 9.844977e+03 9.820008e+03
16.4 9.630633e+03 9.671080e+03 9.843814e+03 9.803367e+03
17.4 9.845337e+03 9.733953e+03 9.841939e+03 9.953323e+03
18.4 9.772429e+03 9.762678e+03 9.840158e+03 9.849909e+03
19.4 9.561181e+03 9.593615e+03 9.838824e+03 9.806390e+03
20.4 9.572326e+03 9.648893e+03 9.837970e+03 9.761404e+03
0.4 9.868360e+03 9.659887e+03 9.829766e+03 1.003824e+04
1.4 9.733765e+03 9.690171e+03 9.825881e+03 9.869475e+03
2.4 9.613451e+03 9.631922e+03 9.779082e+03 9.760611e+03
3.4 9.555631e+03 9.572823e+03 9.761901e+03 9.744709e+03
4.4 9.554071e+03 9.639795e+03 9.783968e+03 9.698244e+03
5.4 9.571841e+03 9.587545e+03 9.811635e+03 9.795931e+03
6.4 9.739362e+03 9.681402e+03 9.830144e+03 9.888104e+03
7.4 9.708315e+03 9.706865e+03 9.839979e+03 9.841429e+03
8.4 9.692416e+03 9.659297e+03 9.844213e+03 9.877332e+03
9.4 9.593417e+03 9.618386e+03 9.844977e+03 9.820008e+03
10.4 9.630633e+03 9.671080e+03 9.843814e+03 9.803367e+03
11.4 9.845337e+03 9.733953e+03 9.841939e+03 9.953323e+03
12.4 9.772429e+03 9.762678e+03 9.840158e+03 9.849909e+03
13.4 9.561181e+03 9.593615e+03 9.838824e+03 9.806390e+03
14.4 9.572326e+03 9.648893e+03 9.837970e+03 9.761404e+03
15.4 9.730842e+03 9.759836e+03 9.833924e+03 9.804930e+03
16.4 9.714065e+03 9.781472e+03 9.791259e+03 9.723852e+03
17.4 9.601307e+03 9.654848e+03 9.754264e+03 9.700723e+03
18.4 9.623870e+03 9.625044e+03 9.766154e+03 9.764980e+03
19.4 9.778305e+03 9.724476e+03 9.796476e+03 9.850304e+03
20.4 9.761438e+03 9.781943e+03 9.820649e+03 9.800144e+03
1.0 9.730842e+03 9.759836e+03 9.833924e+03 9.804930e+03
2.0 9.714065e+03 9.781472e+03 9.791259e+03 9.723852e+03
3.0 9.601307e+03 9.654848e+03 9.754264e+03 9.700723e+03
4.0 9.623870e+03 9.625044e+03 9.766154e+03 9.764980e+03
5.0 9.778305e+03 9.724476e+03 9.796476e+03 9.850304e+03
6.0 9.761438e+03 9.781943e+03 9.820649e+03 9.800144e+03
7.0 9.626771e+03 9.684002e+03 9.834852e+03 9.777621e+03
8.0 9.556986e+03 9.592010e+03 9.841900e+03 9.806876e+03
9.0 9.574866e+03 9.683781e+03 9.844373e+03 9.735458e+03
10.0 9.739180e+03 9.812548e+03 9.844096e+03 9.770728e+03
11.0 9.725875e+03 9.893151e+03 9.842529e+03 9.675252e+03
12.0 9.637552e+03 9.777860e+03 9.840724e+03 9.700415e+03
13.0 9.736096e+03 9.724287e+03 9.839239e+03 9.851048e+03
14.0 9.723393e+03 9.742088e+03 9.838229e+03 9.819534e+03
15.0 9.663492e+03 9.681358e+03 9.837627e+03 9.819762e+03
16.0 9.591462e+03 9.543811e+03 9.837305e+03 9.884955e+03
17.0 9.786877e+03 9.669775e+03 9.837146e+03 9.954248e+03
18.0 9.860854e+03 9.823859e+03 9.837073e+03 9.874068e+03
19.0 9.722650e+03 9.724438e+03 9.837042e+03 9.835254e+03
20.0 9.715797e+03 9.617252e+03 9.837029e+03 9.935574e+03
21.0 9.735463e+03 9.713438e+03 9.837022e+03 9.859047e+03
0.7 9.948447e+03 9.834148e+03 9.836608e+03 9.950907e+03
1.7 9.864222e+03 9.826969e+03 9.809925e+03 9.847178e+03
2.7 9.846449e+03 9.768844e+03 9.761140e+03 9.838745e+03
3.7 9.905113e+03 9.937202e+03 9.757974e+03 9.725884e+03
4.7 9.885274e+03 9.943422e+03 9.786071e+03 9.727924e+03
5.7 9.892379e+03 9.998331e+03 9.813548e+03 9.707596e+03
6.7 9.919884e+03 9.943752e+03 9.830948e+03 9.807080e+03
