0.2 1.167953e+04 1.169066e+04 1.162005e+04 1.160892e+04
1.2 1.166601e+04 1.167910e+04 1.162098e+04 1.160789e+04
2.2 1.163853e+04 1.160502e+04 1.162974e+04 1.166326e+04
3.2 1.163016e+04 1.158715e+04 1.164323e+04 1.168624e+04
4.2 1.166709e+04 1.163451e+04 1.164547e+04 1.167805e+04
5.2 1.167568e+04 1.166060e+04 1.163744e+04 1.165252e+04
6.2 1.168388e+04 1.164508e+04 1.162850e+04 1.166730e+04
7.2 1.165119e+04 1.162927e+04 1.162344e+04 1.164535e+04
8.2 1.166911e+04 1.164879e+04 1.162896e+04 1.164929e+04
9.2 1.162508e+04 1.164328e+04 1.164106e+04 1.162286e+04
10.2 1.163893e+04 1.163880e+04 1.164310e+04 1.164323e+04
11.2 1.166134e+04 1.165541e+04 1.163878e+04 1.164470e+04
12.2 1.166751e+04 1.167446e+04 1.164315e+04 1.163619e+04
13.2 1.175622e+04 1.170878e+04 1.164955e+04 1.169699e+04
14.2 1.178100e+04 1.173764e+04 1.164484e+04 1.168820e+04
15.2 1.176212e+04 1.172213e+04 1.163908e+04 1.167907e+04
16.2 1.159267e+04 1.166876e+04 1.164363e+04 1.156753e+04
17.2 1.157248e+04 1.164389e+04 1.164558e+04 1.157417e+04
18.2 1.160362e+04 1.165492e+04 1.163770e+04 1.158640e+04
19.2 1.166051e+04 1.166915e+04 1.162830e+04 1.161966e+04
20.2 1.169001e+04 1.170927e+04 1.162890e+04 1.160965e+04
21.2 1.172597e+04 1.175020e+04 1.163945e+04 1.161522e+04
0.2 1.168388e+04 1.164508e+04 1.162850e+04 1.166730e+04
1.2 1.165119e+04 1.162927e+04 1.162344e+04 1.164535e+04
2.2 1.166911e+04 1.164879e+04 1.162896e+04 1.164929e+04
3.2 1.162508e+04 1.164328e+04 1.164106e+04 1.162286e+04
4.2 1.163893e+04 1.163880e+04 1.164310e+04 1.164323e+04
5.2 1.166134e+04 1.165541e+04 1.163878e+04 1.164470e+04
6.2 1.166751e+04 1.167446e+04 1.164315e+04 1.163619e+04
7.2 1.175622e+04 1.170878e+04 1.164955e+04 1.169699e+04
8.2 1.178100e+04 1.173764e+04 1.164484e+04 1.168820e+04
9.2 1.176212e+04 1.172213e+04 1.163908e+04 1.167907e+04
10.2 1.159267e+04 1.166876e+04 1.164363e+04 1.156753e+04
11.2 1.157248e+04 1.164389e+04 1.164558e+04 1.157417e+04
12.2 1.160362e+04 1.165492e+04 1.163770e+04 1.158640e+04
13.2 1.166051e+04 1.166915e+04 1.162830e+04 1.161966e+04
14.2 1.169001e+04 1.170927e+04 1.162890e+04 1.160965e+04
15.2 1.172597e+04 1.175020e+04 1.163945e+04 1.161522e+04
16.2 1.167821e+04 1.170320e+04 1.164260e+04 1.161761e+04
17.2 1.162362e+04 1.166528e+04 1.163547e+04 1.159380e+04
18.2 1.166269e+04 1.163864e+04 1.162690e+04 1.165095e+04
19.2 1.159292e+04 1.161137e+04 1.162124e+04 1.160279e+04
20.2 1.161548e+04 1.165766e+04 1.161838e+04 1.157620e+04
21.2 1.171649e+04 1.167333e+04 1.161729e+04 1.166044e+04
0.6 1.163893e+04 1.163880e+04 1.164310e+04 1.164323e+04
1.6 1.166134e+04 1.165541e+04 1.163878e+04 1.164470e+04
2.6 1.166751e+04 1.167446e+04 1.164315e+04 1.163619e+04
3.6 1.175622e+04 1.170878e+04 1.164955e+04 1.169699e+04
4.6 1.178100e+04 1.173764e+04 1.164484e+04 1.168820e+04
5.6 1.176212e+04 1.172213e+04 1.163908e+04 1.167907e+04
6.6 1.159267e+04 1.166876e+04 1.164363e+04 1.156753e+04
7.6 1.157248e+04 1.164389e+04 1.164558e+04 1.157417e+04
8.6 1.160362e+04 1.165492e+04 1.163770e+04 1.158640e+04
9.6 1.166051e+04 1.166915e+04 1.162830e+04 1.161966e+04
10.6 1.169001e+04 1.170927e+04 1.162890e+04 1.160965e+04
11.6 1.172597e+04 1.175020e+04 1.163945e+04 1.161522e+04
12.6 1.167821e+04 1.170320e+04 1.164260e+04 1.161761e+04
13.6 1.162362e+04 1.166528e+04 1.163547e+04 1.159380e+04
14.6 1.166269e+04 1.163864e+04 1.162690e+04 1.165095e+04
15.6 1.159292e+04 1.161137e+04 1.162124e+04 1.160279e+04
16.6 1.161548e+04 1.165766e+04 1.161838e+04 1.157620e+04
17.6 1.171649e+04 1.167333e+04 1.161729e+04 1.166044e+04
18.6 1.174964e+04 1.172120e+04 1.161725e+04 1.164568e+04
19.6 1.176588e+04 1.172960e+04 1.161775e+04 1.165403e+04
20.6 1.176622e+04 1.175041e+04 1.161957e+04 1.163538e+04
21.6 1.163587e+04 1.166206e+04 1.162950e+04 1.160332e+04
0.9 1.178100e+04 1.173764e+04 1.164484e+04 1.168820e+04
1.9 1.176212e+04 1.172213e+04 1.163908e+04 1.167907e+04
2.9 1.159267e+04 1.166876e+04 1.164363e+04 1.156753e+04
3.9 1.157248e+04 1.164389e+04 1.164558e+04 1.157417e+04
4.9 1.160362e+04 1.165492e+04 1.163770e+04 1.158640e+04
5.9 1.166051e+04 1.166915e+04 1.162830e+04 1.161966e+04
6.9 1.169001e+04 1.170927e+04 1.162890e+04 1.160965e+04
7.9 1.172597e+04 1.175020e+04 1.163945e+04 1.161522e+04
8.9 1.167821e+04 1.170320e+04 1.164260e+04 1.161761e+04
9.9 1.162362e+04 1.166528e+04 1.163547e+04 1.159380e+04
10.9 1.166269e+04 1.163864e+04 1.162690e+04 1.165095e+04
11.9 1.159292e+04 1.161137e+04 1.162124e+04 1.160279e+04
12.9 1.161548e+04 1.165766e+04 1.161838e+04 1.157620e+04
13.9 1.171649e+04 1.167333e+04 1.161729e+04 1.166044e+04
14.9 1.174964e+04 1.172120e+04 1.161725e+04 1.164568e+04
15.9 1.176588e+04 1.172960e+04 1.161775e+04 1.165403e+04
16.9 1.176622e+04 1.175041e+04 1.161957e+04 1.163538e+04
17.9 1.163587e+04 1.166206e+04 1.162950e+04 1.160332e+04
18.9 1.161887e+04 1.161286e+04 1.164317e+04 1.164918e+04
19.9 1.155254e+04 1.157661e+04 1.164488e+04 1.162081e+04
20.9 1.146464e+04 1.152802e+04 1.163674e+04 1.157336e+04
21.9 1.148577e+04 1.152162e+04 1.162800e+04 1.159215e+04
0.1 1.160362e+04 1.165492e+04 1.163770e+04 1.158640e+04
1.1 1.166051e+04 1.166915e+04 1.162830e+04 1.161966e+04
2.1 1.169001e+04 1.170927e+04 1.162890e+04 1.160965e+04
3.1 1.172597e+04 1.175020e+04 1.163945e+04 1.161522e+04
4.1 1.167821e+04 1.170320e+04 1.164260e+04 1.161761e+04
5.1 1.162362e+04 1.166528e+04 1.163547e+04 1.159380e+04
6.1 1.166269e+04 1.163864e+04 1.162690e+04 1.165095e+04
7.1 1.159292e+04 1.161137e+04 1.162124e+04 1.160279e+04
8.1 1.161548e+04 1.165766e+04 1.161838e+04 1.157620e+04
9.1 1.171649e+04 1.167333e+04 1.161729e+04 1.166044e+04
10.1 1.174964e+04 1.172120e+04 1.161725e+04 1.164568e+04
11.1 1.176588e+04 1.172960e+04 1.161775e+04 1.165403e+04
12.1 1.176622e+04 1.175041e+04 1.161957e+04 1.163538e+04
13.1 1.163587e+04 1.166206e+04 1.162950e+04 1.160332e+04
14.1 1.161887e+04 1.161286e+04 1.164317e+04 1.164918e+04
15.1 1.155254e+04 1.157661e+04 1.164488e+04 1.162081e+04
16.1 1.146464e+04 1.152802e+04 1.163674e+04 1.157336e+04
17.1 1.148577e+04 1.152162e+04 1.162800e+04 1.159215e+04
18.1 1.149595e+04 1.149969e+04 1.162222e+04 1.161849e+04
19.1 1.155595e+04 1.152857e+04 1.161913e+04 1.164651e+04
20.1 1.155086e+04 1.153736e+04 1.161802e+04 1.163152e+04
21.1 1.166755e+04 1.160819e+04 1.162315e+04 1.168250e+04
0.3 1.176588e+04 1.172960e+04 1.161775e+04 1.165403e+04
1.3 1.176622e+04 1.175041e+04 1.161957e+04 1.163538e+04
2.3 1.163587e+04 1.166206e+04 1.162950e+04 1.160332e+04
3.3 1.161887e+04 1.161286e+04 1.164317e+04 1.164918e+04
4.3 1.155254e+04 1.157661e+04 1.164488e+04 1.162081e+04
5.3 1.146464e+04 1.152802e+04 1.163674e+04 1.157336e+04
6.3 1.148577e+04 1.152162e+04 1.162800e+04 1.159215e+04
7.3 1.149595e+04 1.149969e+04 1.162222e+04 1.161849e+04
8.3 1.155595e+04 1.152857e+04 1.161913e+04 1.164651e+04
9.3 1.155086e+04 1.153736e+04 1.161802e+04 1.163152e+04
10.3 1.166755e+04 1.160819e+04 1.162315e+04 1.168250e+04
11.3 1.178830e+04 1.169258e+04 1.163720e+04 1.173292e+04
12.3 1.173812e+04 1.172182e+04 1.164490e+04 1.166120e+04
13.3 1.162041e+04 1.165066e+04 1.164095e+04 1.161070e+04
14.3 1.150940e+04 1.156161e+04 1.164128e+04 1.158907e+04
15.3 1.153759e+04 1.158288e+04 1.164765e+04 1.160236e+04
16.3 1.148383e+04 1.156405e+04 1.164514e+04 1.156492e+04
17.3 1.154636e+04 1.156707e+04 1.163498e+04 1.161428e+04
18.3 1.159180e+04 1.158318e+04 1.162562e+04 1.163425e+04
19.3 1.158662e+04 1.159690e+04 1.162003e+04 1.160975e+04
20.3 1.164156e+04 1.163406e+04 1.161747e+04 1.162498e+04
21.3 1.167958e+04 1.167459e+04 1.161693e+04 1.162191e+04
0.9 1.155086e+04 1.153736e+04 1.161802e+04 1.163152e+04
1.9 1.166755e+04 1.160819e+04 1.162315e+04 1.168250e+04
2.9 1.178830e+04 1.169258e+04 1.163720e+04 1.173292e+04
3.9 1.173812e+04 1.172182e+04 1.164490e+04 1.166120e+04
4.9 1.162041e+04 1.165066e+04 1.164095e+04 1.161070e+04
5.9 1.150940e+04 1.156161e+04 1.164128e+04 1.158907e+04
6.9 1.153759e+04 1.158288e+04 1.164765e+04 1.160236e+04
7.9 1.148383e+04 1.156405e+04 1.164514e+04 1.156492e+04
8.9 1.154636e+04 1.156707e+04 1.163498e+04 1.161428e+04
9.9 1.159180e+04 1.158318e+04 1.162562e+04 1.163425e+04
10.9 1.158662e+04 1.159690e+04 1.162003e+04 1.160975e+04
11.9 1.164156e+04 1.163406e+04 1.161747e+04 1.162498e+04
12.9 1.167958e+04 1.167459e+04 1.161693e+04 1.162191e+04
13.9 1.177243e+04 1.172716e+04 1.162250e+04 1.166777e+04
14.9 1.177415e+04 1.174259e+04 1.163685e+04 1.166841e+04
15.9 1.169483e+04 1.169418e+04 1.164473e+04 1.164537e+04
16.9 1.160698e+04 1.161974e+04 1.164099e+04 1.162823e+04
17.9 1.159491e+04 1.159785e+04 1.164165e+04 1.163872e+04
18.9 1.160093e+04 1.159129e+04 1.164809e+04 1.165773e+04
19.9 1.156773e+04 1.157502e+04 1.164544e+04 1.163815e+04
20.9 1.149799e+04 1.152951e+04 1.163512e+04 1.160361e+04
21.9 1.157677e+04 1.153808e+04 1.162566e+04 1.166435e+04
0.3 1.173812e+04 1.172182e+04 1.164490e+04 1.166120e+04
1.3 1.162041e+04 1.165066e+04 1.164095e+04 1.161070e+04
2.3 1.150940e+04 1.156161e+04 1.164128e+04 1.158907e+04
3.3 1.153759e+04 1.158288e+04 1.164765e+04 1.160236e+04
4.3 1.148383e+04 1.156405e+04 1.164514e+04 1.156492e+04
5.3 1.154636e+04 1.156707e+04 1.163498e+04 1.161428e+04
6.3 1.159180e+04 1.158318e+04 1.162562e+04 1.163425e+04
7.3 1.158662e+04 1.159690e+04 1.162003e+04 1.160975e+04
8.3 1.164156e+04 1.163406e+04 1.161747e+04 1.162498e+04
9.3 1.167958e+04 1.167459e+04 1.161693e+04 1.162191e+04
10.3 1.177243e+04 1.172716e+04 1.162250e+04 1.166777e+04
11.3 1.177415e+04 1.174259e+04 1.163685e+04 1.166841e+04
12.3 1.169483e+04 1.169418e+04 1.164473e+04 1.164537e+04
13.3 1.160698e+04 1.161974e+04 1.164099e+04 1.162823e+04
14.3 1.159491e+04 1.159785e+04 1.164165e+04 1.163872e+04
15.3 1.160093e+04 1.159129e+04 1.164809e+04 1.165773e+04
16.3 1.156773e+04 1.157502e+04 1.164544e+04 1.163815e+04
17.3 1.149799e+04 1.152951e+04 1.163512e+04 1.160361e+04
18.3 1.157677e+04 1.153808e+04 1.162566e+04 1.166435e+04
19.3 1.158113e+04 1.154908e+04 1.162129e+04 1.165335e+04
20.3 1.160867e+04 1.157885e+04 1.162833e+04 1.165815e+04
21.3 1.159183e+04 1.157840e+04 1.164066e+04 1.165410e+04
0.9 1.167958e+04 1.167459e+04 1.161693e+04 1.162191e+04
1.9 1.177243e+04 1.172716e+04 1.162250e+04 1.166777e+04
2.9 1.177415e+04 1.174259e+04 1.163685e+04 1.166841e+04
3.9 1.169483e+04 1.169418e+04 1.164473e+04 1.164537e+04
4.9 1.160698e+04 1.161974e+04 1.164099e+04 1.162823e+04
5.9 1.159491e+04 1.159785e+04 1.164165e+04 1.163872e+04
6.9 1.160093e+04 1.159129e+04 1.164809e+04 1.165773e+04
7.9 1.156773e+04 1.157502e+04 1.164544e+04 1.163815e+04
8.9 1.149799e+04 1.152951e+04 1.163512e+04 1.160361e+04
9.9 1.157677e+04 1.153808e+04 1.162566e+04 1.166435e+04
10.9 1.158113e+04 1.154908e+04 1.162129e+04 1.165335e+04
11.9 1.160867e+04 1.157885e+04 1.162833e+04 1.165815e+04
12.9 1.159183e+04 1.157840e+04 1.164066e+04 1.165410e+04
13.9 1.158289e+04 1.158163e+04 1.164196e+04 1.164322e+04
14.9 1.156113e+04 1.159355e+04 1.163423e+04 1.160181e+04
15.9 1.163070e+04 1.162111e+04 1.162624e+04 1.163583e+04
16.9 1.166040e+04 1.163770e+04 1.162114e+04 1.164383e+04
17.9 1.171776e+04 1.166880e+04 1.161854e+04 1.166750e+04
18.9 1.168663e+04 1.166834e+04 1.161754e+04 1.163583e+04
19.9 1.169488e+04 1.169842e+04 1.161751e+04 1.161397e+04
20.9 1.167313e+04 1.169017e+04 1.161799e+04 1.160095e+04
21.9 1.172402e+04 1.173125e+04 1.161861e+04 1.161138e+04
0.3 1.169483e+04 1.169418e+04 1.164473e+04 1.164537e+04
1.3 1.160698e+04 1.161974e+04 1.164099e+04 1.162823e+04
2.3 1.159491e+04 1.159785e+04 1.164165e+04 1.163872e+04
3.3 1.160093e+04 1.159129e+04 1.164809e+04 1.165773e+04
4.3 1.156773e+04 1.157502e+04 1.164544e+04 1.163815e+04
5.3 1.149799e+04 1.152951e+04 1.163512e+04 1.160361e+04
6.3 1.157677e+04 1.153808e+04 1.162566e+04 1.166435e+04
7.3 1.158113e+04 1.154908e+04 1.162129e+04 1.165335e+04
8.3 1.160867e+04 1.157885e+04 1.162833e+04 1.165815e+04
9.3 1.159183e+04 1.157840e+04 1.164066e+04 1.165410e+04
10.3 1.158289e+04 1.158163e+04 1.164196e+04 1.164322e+04
11.3 1.156113e+04 1.159355e+04 1.163423e+04 1.160181e+04
12.3 1.163070e+04 1.162111e+04 1.162624e+04 1.163583e+04
13.3 1.166040e+04 1.163770e+04 1.162114e+04 1.164383e+04
14.3 1.171776e+04 1.166880e+04 1.161854e+04 1.166750e+04
15.3 1.168663e+04 1.166834e+04 1.161754e+04 1.163583e+04
16.3 1.169488e+04 1.169842e+04 1.161751e+04 1.161397e+04
17.3 1.167313e+04 1.169017e+04 1.161799e+04 1.160095e+04
18.3 1.172402e+04 1.173125e+04 1.161861e+04 1.161138e+04
19.3 1.168955e+04 1.172246e+04 1.161915e+04 1.158624e+04
20.3 1.170618e+04 1.174454e+04 1.161954e+04 1.158118e+04
21.3 1.160692e+04 1.173209e+04 1.161997e+04 1.149480e+04
0.3 1.157677e+04 1.153808e+04 1.162566e+04 1.166435e+04
1.3 1.158113e+04 1.154908e+04 1.162129e+04 1.165335e+04
2.3 1.160867e+04 1.157885e+04 1.162833e+04 1.165815e+04
3.3 1.159183e+04 1.157840e+04 1.164066e+04 1.165410e+04
4.3 1.158289e+04 1.158163e+04 1.164196e+04 1.164322e+04
5.3 1.156113e+04 1.159355e+04 1.163423e+04 1.160181e+04
6.3 1.163070e+04 1.162111e+04 1.162624e+04 1.163583e+04
7.3 1.166040e+04 1.163770e+04 1.162114e+04 1.164383e+04
8.3 1.171776e+04 1.166880e+04 1.161854e+04 1.166750e+04
9.3 1.168663e+04 1.166834e+04 1.161754e+04 1.163583e+04
10.3 1.169488e+04 1.169842e+04 1.161751e+04 1.161397e+04
11.3 1.167313e+04 1.169017e+04 1.161799e+04 1.160095e+04
12.3 1.172402e+04 1.173125e+04 1.161861e+04 1.161138e+04
13.3 1.168955e+04 1.172246e+04 1.161915e+04 1.158624e+04
14.3 1.170618e+04 1.174454e+04 1.161954e+04 1.158118e+04
15.3 1.160692e+04 1.173209e+04 1.161997e+04 1.149480e+04
16.3 1.172053e+04 1.175180e+04 1.162543e+04 1.159416e+04
17.3 1.190167e+04 1.181321e+04 1.163916e+04 1.172762e+04
18.3 1.182048e+04 1.183070e+04 1.164631e+04 1.163609e+04
19.3 1.173219e+04 1.170853e+04 1.164069e+04 1.166434e+04
20.3 1.168871e+04 1.165679e+04 1.163189e+04 1.166381e+04
21.3 1.164281e+04 1.160961e+04 1.163239e+04 1.166559e+04
0.9 1.160692e+04 1.173209e+04 1.161997e+04 1.149480e+04
1.9 1.172053e+04 1.175180e+04 1.162543e+04 1.159416e+04
2.9 1.190167e+04 1.181321e+04 1.163916e+04 1.172762e+04
3.9 1.182048e+04 1.183070e+04 1.164631e+04 1.163609e+04
4.9 1.173219e+04 1.170853e+04 1.164069e+04 1.166434e+04
5.9 1.168871e+04 1.165679e+04 1.163189e+04 1.166381e+04
6.9 1.164281e+04 1.160961e+04 1.163239e+04 1.166559e+04
7.9 1.161941e+04 1.156917e+04 1.164227e+04 1.169250e+04
8.9 1.153467e+04 1.155022e+04 1.164450e+04 1.162895e+04
9.9 1.145527e+04 1.149806e+04 1.163657e+04 1.159378e+04
10.9 1.154500e+04 1.151104e+04 1.162747e+04 1.166143e+04
11.9 1.157495e+04 1.155714e+04 1.162150e+04 1.163930e+04
12.9 1.157633e+04 1.157943e+04 1.161846e+04 1.161536e+04
13.9 1.169463e+04 1.164678e+04 1.161730e+04 1.166515e+04
14.9 1.171517e+04 1.169502e+04 1.161724e+04 1.163738e+04
15.9 1.158711e+04 1.159899e+04 1.161773e+04 1.160585e+04
16.9 1.157890e+04 1.154009e+04 1.161840e+04 1.165721e+04
17.9 1.146577e+04 1.146808e+04 1.161901e+04 1.161669e+04
18.9 1.146627e+04 1.147539e+04 1.161945e+04 1.161033e+04
19.9 1.146227e+04 1.150143e+04 1.161978e+04 1.158062e+04
20.9 1.150439e+04 1.156317e+04 1.162351e+04 1.156472e+04
21.9 1.152501e+04 1.161568e+04 1.163651e+04 1.154584e+04
0.1 1.173219e+04 1.170853e+04 1.164069e+04 1.166434e+04
1.1 1.168871e+04 1.165679e+04 1.163189e+04 1.166381e+04
2.1 1.164281e+04 1.160961e+04 1.163239e+04 1.166559e+04
3.1 1.161941e+04 1.156917e+04 1.164227e+04 1.169250e+04
4.1 1.153467e+04 1.155022e+04 1.164450e+04 1.162895e+04
5.1 1.145527e+04 1.149806e+04 1.163657e+04 1.159378e+04
6.1 1.154500e+04 1.151104e+04 1.162747e+04 1.166143e+04
7.1 1.157495e+04 1.155714e+04 1.162150e+04 1.163930e+04
8.1 1.157633e+04 1.157943e+04 1.161846e+04 1.161536e+04
9.1 1.169463e+04 1.164678e+04 1.161730e+04 1.166515e+04
10.1 1.171517e+04 1.169502e+04 1.161724e+04 1.163738e+04
11.1 1.158711e+04 1.159899e+04 1.161773e+04 1.160585e+04
12.1 1.157890e+04 1.154009e+04 1.161840e+04 1.165721e+04
13.1 1.146577e+04 1.146808e+04 1.161901e+04 1.161669e+04
14.1 1.146627e+04 1.147539e+04 1.161945e+04 1.161033e+04
15.1 1.146227e+04 1.150143e+04 1.161978e+04 1.158062e+04
16.1 1.150439e+04 1.156317e+04 1.162351e+04 1.156472e+04
17.1 1.152501e+04 1.161568e+04 1.163651e+04 1.154584e+04
18.1 1.171825e+04 1.170735e+04 1.164786e+04 1.165876e+04
19.1 1.170218e+04 1.173388e+04 1.164525e+04 1.161355e+04
20.1 1.174223e+04 1.164763e+04 1.163532e+04 1.172992e+04
21.1 1.155213e+04 1.156561e+04 1.162657e+04 1.161309e+04
0.7 1.146227e+04 1.150143e+04 1.161978e+04 1.158062e+04
1.7 1.150439e+04 1.156317e+04 1.162351e+04 1.156472e+04
2.7 1.152501e+04 1.161568e+04 1.163651e+04 1.154584e+04
3.7 1.171825e+04 1.170735e+04 1.164786e+04 1.165876e+04
4.7 1.170218e+04 1.173388e+04 1.164525e+04 1.161355e+04
5.7 1.174223e+04 1.164763e+04 1.163532e+04 1.172992e+04
6.7 1.155213e+04 1.156561e+04 1.162657e+04 1.161309e+04
7.7 1.154593e+04 1.158511e+04 1.162119e+04 1.158202e+04
8.7 1.158988e+04 1.158951e+04 1.161847e+04 1.161884e+04
9.7 1.160356e+04 1.162569e+04 1.161748e+04 1.159535e+04
10.7 1.165929e+04 1.163449e+04 1.161751e+04 1.164231e+04
11.7 1.169131e+04 1.167333e+04 1.161803e+04 1.163602e+04
12.7 1.176641e+04 1.172411e+04 1.161867e+04 1.166097e+04
13.7 1.177470e+04 1.174114e+04 1.162137e+04 1.165493e+04
14.7 1.172770e+04 1.170997e+04 1.163297e+04 1.165070e+04
15.7 1.162783e+04 1.164813e+04 1.164499e+04 1.162470e+04
16.7 1.158828e+04 1.161227e+04 1.164386e+04 1.161987e+04
17.7 1.152832e+04 1.158088e+04 1.163491e+04 1.158235e+04
18.7 1.155974e+04 1.160577e+04 1.162663e+04 1.158060e+04
19.7 1.163777e+04 1.164294e+04 1.162144e+04 1.161626e+04
20.7 1.171817e+04 1.168492e+04 1.161876e+04 1.165201e+04
21.7 1.171540e+04 1.169698e+04 1.161773e+04 1.163614e+04
0.5 1.176641e+04 1.172411e+04 1.161867e+04 1.166097e+04
1.5 1.177470e+04 1.174114e+04 1.162137e+04 1.165493e+04
2.5 1.172770e+04 1.170997e+04 1.163297e+04 1.165070e+04
3.5 1.162783e+04 1.164813e+04 1.164499e+04 1.162470e+04
4.5 1.158828e+04 1.161227e+04 1.164386e+04 1.161987e+04
5.5 1.152832e+04 1.158088e+04 1.163491e+04 1.158235e+04
6.5 1.155974e+04 1.160577e+04 1.162663e+04 1.158060e+04
7.5 1.163777e+04 1.164294e+04 1.162144e+04 1.161626e+04
8.5 1.171817e+04 1.168492e+04 1.161876e+04 1.165201e+04
9.5 1.171540e+04 1.169698e+04 1.161773e+04 1.163614e+04
10.5 1.174587e+04 1.170674e+04 1.161769e+04 1.165683e+04
11.5 1.174992e+04 1.171851e+04 1.161814e+04 1.164956e+04
12.5 1.172031e+04 1.175266e+04 1.161873e+04 1.158638e+04
13.5 1.175964e+04 1.174881e+04 1.161924e+04 1.163007e+04
14.5 1.180805e+04 1.180127e+04 1.161959e+04 1.162638e+04
15.5 1.181562e+04 1.182645e+04 1.161981e+04 1.160898e+04
16.5 1.179280e+04 1.181465e+04 1.161993e+04 1.159808e+04
17.5 1.177438e+04 1.181174e+04 1.162000e+04 1.158264e+04
18.5 1.174129e+04 1.177226e+04 1.162002e+04 1.158905e+04
19.5 1.173637e+04 1.179214e+04 1.162004e+04 1.156427e+04
20.5 1.174962e+04 1.179812e+04 1.162004e+04 1.157154e+04
21.5 1.173069e+04 1.178533e+04 1.162004e+04 1.156541e+04
1.0 1.167203e+04 1.163392e+04 1.162035e+04 1.165846e+04
2.0 1.167850e+04 1.166671e+04 1.162650e+04 1.163829e+04
3.0 1.171976e+04 1.171010e+04 1.164044e+04 1.165010e+04
4.0 1.170205e+04 1.165359e+04 1.164665e+04 1.169512e+04
5.0 1.158226e+04 1.154578e+04 1.164036e+04 1.167683e+04
6.0 1.147893e+04 1.145887e+04 1.163088e+04 1.165093e+04
7.0 1.144220e+04 1.142152e+04 1.162389e+04 1.164458e+04
8.0 1.143576e+04 1.144969e+04 1.161993e+04 1.160601e+04
9.0 1.142914e+04 1.145087e+04 1.161809e+04 1.159636e+04
10.0 1.146722e+04 1.146009e+04 1.161758e+04 1.162471e+04
11.0 1.151366e+04 1.151693e+04 1.161783e+04 1.161456e+04
12.0 1.151048e+04 1.154810e+04 1.161839e+04 1.158078e+04
13.0 1.154767e+04 1.156347e+04 1.161897e+04 1.160317e+04
14.0 1.157751e+04 1.158510e+04 1.161941e+04 1.161182e+04
15.0 1.158620e+04 1.162098e+04 1.161971e+04 1.158493e+04
16.0 1.168054e+04 1.164310e+04 1.161988e+04 1.165732e+04
17.0 1.163972e+04 1.166866e+04 1.161997e+04 1.159104e+04
18.0 1.165811e+04 1.169542e+04 1.162001e+04 1.158270e+04
19.0 1.169460e+04 1.168794e+04 1.162003e+04 1.162669e+04
20.0 1.170804e+04 1.169025e+04 1.162004e+04 1.163783e+04
21.0 1.173286e+04 1.168198e+04 1.162004e+04 1.167092e+04
22.0 1.164924e+04 1.165436e+04 1.162004e+04 1.161492e+04
0.5 1.168114e+04 1.174121e+04 1.162005e+04 1.155998e+04
1.5 1.181298e+04 1.183263e+04 1.162221e+04 1.160256e+04
2.5 1.184688e+04 1.185557e+04 1.163343e+04 1.162474e+04
3.5 1.180027e+04 1.180415e+04 1.164523e+04 1.164135e+04
4.5 1.178551e+04 1.169347e+04 1.164397e+04 1.173601e+04
5.5 1.170207e+04 1.167847e+04 1.163496e+04 1.165855e+04
6.5 1.165899e+04 1.164102e+04 1.162666e+04 1.164463e+04
7.5 1.164749e+04 1.165980e+04 1.162379e+04 1.161147e+04
8.5 1.168974e+04 1.164619e+04 1.163260e+04 1.167614e+04
9.5 1.169370e+04 1.168465e+04 1.164335e+04 1.165240e+04
10.5 1.169353e+04 1.167034e+04 1.164210e+04 1.166529e+04
11.5 1.172390e+04 1.172757e+04 1.163899e+04 1.163532e+04
12.5 1.177553e+04 1.173705e+04 1.164491e+04 1.168339e+04
13.5 1.172336e+04 1.173256e+04 1.164689e+04 1.163769e+04
14.5 1.172551e+04 1.175353e+04 1.163866e+04 1.161065e+04
15.5 1.168385e+04 1.169545e+04 1.162913e+04 1.161753e+04
16.5 1.166320e+04 1.164997e+04 1.163010e+04 1.164333e+04
17.5 1.170625e+04 1.164758e+04 1.164038e+04 1.169906e+04
18.5 1.163072e+04 1.162494e+04 1.164259e+04 1.164837e+04
19.5 1.167313e+04 1.166261e+04 1.163502e+04 1.164555e+04
20.5 1.168369e+04 1.168272e+04 1.162651e+04 1.162749e+04
21.5 1.171000e+04 1.172857e+04 1.162101e+04 1.160244e+04
0.5 1.165899e+04 1.164102e+04 1.162666e+04 1.164463e+04
1.5 1.164749e+04 1.165980e+04 1.162379e+04 1.161147e+04
2.5 1.168974e+04 1.164619e+04 1.163260e+04 1.167614e+04
3.5 1.169370e+04 1.168465e+04 1.164335e+04 1.165240e+04
4.5 1.169353e+04 1.167034e+04 1.164210e+04 1.166529e+04
5.5 1.172390e+04 1.172757e+04 1.163899e+04 1.163532e+04
6.5 1.177553e+04 1.173705e+04 1.164491e+04 1.168339e+04
7.5 1.172336e+04 1.173256e+04 1.164689e+04 1.163769e+04
8.5 1.172551e+04 1.175353e+04 1.163866e+04 1.161065e+04
9.5 1.168385e+04 1.169545e+04 1.162913e+04 1.161753e+04
10.5 1.166320e+04 1.164997e+04 1.163010e+04 1.164333e+04
11.5 1.170625e+04 1.164758e+04 1.164038e+04 1.169906e+04
12.5 1.163072e+04 1.162494e+04 1.164259e+04 1.164837e+04
13.5 1.167313e+04 1.166261e+04 1.163502e+04 1.164555e+04
14.5 1.168369e+04 1.168272e+04 1.162651e+04 1.162749e+04
15.5 1.171000e+04 1.172857e+04 1.162101e+04 1.160244e+04
16.5 1.175077e+04 1.181057e+04 1.161853e+04 1.155872e+04
17.5 1.180589e+04 1.179584e+04 1.162339e+04 1.163344e+04
18.5 1.174474e+04 1.184941e+04 1.163719e+04 1.153252e+04
19.5 1.179868e+04 1.182451e+04 1.164403e+04 1.161820e+04
20.5 1.170792e+04 1.181749e+04 1.164011e+04 1.153054e+04
21.5 1.181089e+04 1.182400e+04 1.164152e+04 1.162841e+04
0.9 1.169353e+04 1.167034e+04 1.164210e+04 1.166529e+04
1.9 1.172390e+04 1.172757e+04 1.163899e+04 1.163532e+04
2.9 1.177553e+04 1.173705e+04 1.164491e+04 1.168339e+04
3.9 1.172336e+04 1.173256e+04 1.164689e+04 1.163769e+04
4.9 1.172551e+04 1.175353e+04 1.163866e+04 1.161065e+04
5.9 1.168385e+04 1.169545e+04 1.162913e+04 1.161753e+04
6.9 1.166320e+04 1.164997e+04 1.163010e+04 1.164333e+04
7.9 1.170625e+04 1.164758e+04 1.164038e+04 1.169906e+04
8.9 1.163072e+04 1.162494e+04 1.164259e+04 1.164837e+04
9.9 1.167313e+04 1.166261e+04 1.163502e+04 1.164555e+04
10.9 1.168369e+04 1.168272e+04 1.162651e+04 1.162749e+04
11.9 1.171000e+04 1.172857e+04 1.162101e+04 1.160244e+04
12.9 1.175077e+04 1.181057e+04 1.161853e+04 1.155872e+04
13.9 1.180589e+04 1.179584e+04 1.162339e+04 1.163344e+04
14.9 1.174474e+04 1.184941e+04 1.163719e+04 1.153252e+04
15.9 1.179868e+04 1.182451e+04 1.164403e+04 1.161820e+04
16.9 1.170792e+04 1.181749e+04 1.164011e+04 1.153054e+04
17.9 1.181089e+04 1.182400e+04 1.164152e+04 1.162841e+04
18.9 1.175153e+04 1.177105e+04 1.164774e+04 1.162822e+04
19.9 1.176109e+04 1.177068e+04 1.164442e+04 1.163484e+04
20.9 1.172991e+04 1.172311e+04 1.163837e+04 1.164517e+04
21.9 1.173550e+04 1.170563e+04 1.164254e+04 1.167240e+04
0.1 1.172551e+04 1.175353e+04 1.163866e+04 1.161065e+04
1.1 1.168385e+04 1.169545e+04 1.162913e+04 1.161753e+04
2.1 1.166320e+04 1.164997e+04 1.163010e+04 1.164333e+04
3.1 1.170625e+04 1.164758e+04 1.164038e+04 1.169906e+04
4.1 1.163072e+04 1.162494e+04 1.164259e+04 1.164837e+04
5.1 1.167313e+04 1.166261e+04 1.163502e+04 1.164555e+04
6.1 1.168369e+04 1.168272e+04 1.162651e+04 1.162749e+04
7.1 1.171000e+04 1.172857e+04 1.162101e+04 1.160244e+04
8.1 1.175077e+04 1.181057e+04 1.161853e+04 1.155872e+04
9.1 1.180589e+04 1.179584e+04 1.162339e+04 1.163344e+04
10.1 1.174474e+04 1.184941e+04 1.163719e+04 1.153252e+04
11.1 1.179868e+04 1.182451e+04 1.164403e+04 1.161820e+04
12.1 1.170792e+04 1.181749e+04 1.164011e+04 1.153054e+04
13.1 1.181089e+04 1.182400e+04 1.164152e+04 1.162841e+04
14.1 1.175153e+04 1.177105e+04 1.164774e+04 1.162822e+04
15.1 1.176109e+04 1.177068e+04 1.164442e+04 1.163484e+04
16.1 1.172991e+04 1.172311e+04 1.163837e+04 1.164517e+04
17.1 1.173550e+04 1.170563e+04 1.164254e+04 1.167240e+04
18.1 1.173835e+04 1.171238e+04 1.164590e+04 1.167187e+04
19.1 1.174016e+04 1.171060e+04 1.163984e+04 1.166940e+04
20.1 1.179490e+04 1.172503e+04 1.163829e+04 1.170816e+04
21.1 1.166758e+04 1.166503e+04 1.164474e+04 1.164730e+04
0.9 1.175077e+04 1.181057e+04 1.161853e+04 1.155872e+04
1.9 1.180589e+04 1.179584e+04 1.162339e+04 1.163344e+04
2.9 1.174474e+04 1.184941e+04 1.163719e+04 1.153252e+04
3.9 1.179868e+04 1.182451e+04 1.164403e+04 1.161820e+04
4.9 1.170792e+04 1.181749e+04 1.164011e+04 1.153054e+04
5.9 1.181089e+04 1.182400e+04 1.164152e+04 1.162841e+04
6.9 1.175153e+04 1.177105e+04 1.164774e+04 1.162822e+04
7.9 1.176109e+04 1.177068e+04 1.164442e+04 1.163484e+04
8.9 1.172991e+04 1.172311e+04 1.163837e+04 1.164517e+04
9.9 1.173550e+04 1.170563e+04 1.164254e+04 1.167240e+04
10.9 1.173835e+04 1.171238e+04 1.164590e+04 1.167187e+04
11.9 1.174016e+04 1.171060e+04 1.163984e+04 1.166940e+04
12.9 1.179490e+04 1.172503e+04 1.163829e+04 1.170816e+04
13.9 1.166758e+04 1.166503e+04 1.164474e+04 1.164730e+04
14.9 1.165382e+04 1.165278e+04 1.164372e+04 1.164476e+04
15.9 1.159462e+04 1.161728e+04 1.163446e+04 1.161180e+04
16.9 1.168105e+04 1.162734e+04 1.162706e+04 1.168076e+04
17.9 1.166326e+04 1.163386e+04 1.163198e+04 1.166138e+04
18.9 1.159978e+04 1.165570e+04 1.164196e+04 1.158603e+04
19.9 1.160803e+04 1.161922e+04 1.164111e+04 1.162992e+04
20.9 1.161350e+04 1.159927e+04 1.163262e+04 1.164685e+04
21.9 1.158654e+04 1.159699e+04 1.162479e+04 1.161434e+04
0.4 1.179868e+04 1.182451e+04 1.164403e+04 1.161820e+04
1.4 1.170792e+04 1.181749e+04 1.164011e+04 1.153054e+04
2.4 1.181089e+04 1.182400e+04 1.164152e+04 1.162841e+04
3.4 1.175153e+04 1.177105e+04 1.164774e+04 1.162822e+04
4.4 1.176109e+04 1.177068e+04 1.164442e+04 1.163484e+04
5.4 1.172991e+04 1.172311e+04 1.163837e+04 1.164517e+04
6.4 1.173550e+04 1.170563e+04 1.164254e+04 1.167240e+04
7.4 1.173835e+04 1.171238e+04 1.164590e+04 1.167187e+04
8.4 1.174016e+04 1.171060e+04 1.163984e+04 1.166940e+04
9.4 1.179490e+04 1.172503e+04 1.163829e+04 1.170816e+04
10.4 1.166758e+04 1.166503e+04 1.164474e+04 1.164730e+04
11.4 1.165382e+04 1.165278e+04 1.164372e+04 1.164476e+04
12.4 1.159462e+04 1.161728e+04 1.163446e+04 1.161180e+04
13.4 1.168105e+04 1.162734e+04 1.162706e+04 1.168076e+04
14.4 1.166326e+04 1.163386e+04 1.163198e+04 1.166138e+04
15.4 1.159978e+04 1.165570e+04 1.164196e+04 1.158603e+04
16.4 1.160803e+04 1.161922e+04 1.164111e+04 1.162992e+04
17.4 1.161350e+04 1.159927e+04 1.163262e+04 1.164685e+04
18.4 1.158654e+04 1.159699e+04 1.162479e+04 1.161434e+04
19.4 1.161225e+04 1.155386e+04 1.162193e+04 1.168032e+04
20.4 1.157818e+04 1.153986e+04 1.163045e+04 1.166876e+04
21.4 1.154075e+04 1.153830e+04 1.164226e+04 1.164471e+04
0.7 1.176109e+04 1.177068e+04 1.164442e+04 1.163484e+04
1.7 1.172991e+04 1.172311e+04 1.163837e+04 1.164517e+04
2.7 1.173550e+04 1.170563e+04 1.164254e+04 1.167240e+04
3.7 1.173835e+04 1.171238e+04 1.164590e+04 1.167187e+04
4.7 1.174016e+04 1.171060e+04 1.163984e+04 1.166940e+04
5.7 1.179490e+04 1.172503e+04 1.163829e+04 1.170816e+04
6.7 1.166758e+04 1.166503e+04 1.164474e+04 1.164730e+04
7.7 1.165382e+04 1.165278e+04 1.164372e+04 1.164476e+04
8.7 1.159462e+04 1.161728e+04 1.163446e+04 1.161180e+04
9.7 1.168105e+04 1.162734e+04 1.162706e+04 1.168076e+04
10.7 1.166326e+04 1.163386e+04 1.163198e+04 1.166138e+04
11.7 1.159978e+04 1.165570e+04 1.164196e+04 1.158603e+04
12.7 1.160803e+04 1.161922e+04 1.164111e+04 1.162992e+04
13.7 1.161350e+04 1.159927e+04 1.163262e+04 1.164685e+04
14.7 1.158654e+04 1.159699e+04 1.162479e+04 1.161434e+04
15.7 1.161225e+04 1.155386e+04 1.162193e+04 1.168032e+04
16.7 1.157818e+04 1.153986e+04 1.163045e+04 1.166876e+04
17.7 1.154075e+04 1.153830e+04 1.164226e+04 1.164471e+04
18.7 1.152856e+04 1.149403e+04 1.164214e+04 1.167668e+04
19.7 1.153592e+04 1.153699e+04 1.163382e+04 1.163274e+04
20.7 1.150201e+04 1.151808e+04 1.162585e+04 1.160978e+04
21.7 1.149762e+04 1.152176e+04 1.162272e+04 1.159858e+04
0.2 1.173835e+04 1.171238e+04 1.164590e+04 1.167187e+04
1.2 1.174016e+04 1.171060e+04 1.163984e+04 1.166940e+04
2.2 1.179490e+04 1.172503e+04 1.163829e+04 1.170816e+04
3.2 1.166758e+04 1.166503e+04 1.164474e+04 1.164730e+04
4.2 1.165382e+04 1.165278e+04 1.164372e+04 1.164476e+04
5.2 1.159462e+04 1.161728e+04 1.163446e+04 1.161180e+04
6.2 1.168105e+04 1.162734e+04 1.162706e+04 1.168076e+04
7.2 1.166326e+04 1.163386e+04 1.163198e+04 1.166138e+04
8.2 1.159978e+04 1.165570e+04 1.164196e+04 1.158603e+04
9.2 1.160803e+04 1.161922e+04 1.164111e+04 1.162992e+04
10.2 1.161350e+04 1.159927e+04 1.163262e+04 1.164685e+04
11.2 1.158654e+04 1.159699e+04 1.162479e+04 1.161434e+04
12.2 1.161225e+04 1.155386e+04 1.162193e+04 1.168032e+04
13.2 1.157818e+04 1.153986e+04 1.163045e+04 1.166876e+04
14.2 1.154075e+04 1.153830e+04 1.164226e+04 1.164471e+04
15.2 1.152856e+04 1.149403e+04 1.164214e+04 1.167668e+04
16.2 1.153592e+04 1.153699e+04 1.163382e+04 1.163274e+04
17.2 1.150201e+04 1.151808e+04 1.162585e+04 1.160978e+04
18.2 1.149762e+04 1.152176e+04 1.162272e+04 1.159858e+04
19.2 1.150423e+04 1.152115e+04 1.163094e+04 1.161402e+04
20.2 1.152569e+04 1.151283e+04 1.164231e+04 1.165517e+04
21.2 1.149127e+04 1.151664e+04 1.164183e+04 1.161646e+04
0.4 1.159462e+04 1.161728e+04 1.163446e+04 1.161180e+04
1.4 1.168105e+04 1.162734e+04 1.162706e+04 1.168076e+04
2.4 1.166326e+04 1.163386e+04 1.163198e+04 1.166138e+04
3.4 1.159978e+04 1.165570e+04 1.164196e+04 1.158603e+04
4.4 1.160803e+04 1.161922e+04 1.164111e+04 1.162992e+04
5.4 1.161350e+04 1.159927e+04 1.163262e+04 1.164685e+04
6.4 1.158654e+04 1.159699e+04 1.162479e+04 1.161434e+04
7.4 1.161225e+04 1.155386e+04 1.162193e+04 1.168032e+04
8.4 1.157818e+04 1.153986e+04 1.163045e+04 1.166876e+04
9.4 1.154075e+04 1.153830e+04 1.164226e+04 1.164471e+04
10.4 1.152856e+04 1.149403e+04 1.164214e+04 1.167668e+04
11.4 1.153592e+04 1.153699e+04 1.163382e+04 1.163274e+04
12.4 1.150201e+04 1.151808e+04 1.162585e+04 1.160978e+04
13.4 1.149762e+04 1.152176e+04 1.162272e+04 1.159858e+04
14.4 1.150423e+04 1.152115e+04 1.163094e+04 1.161402e+04
15.4 1.152569e+04 1.151283e+04 1.164231e+04 1.165517e+04
16.4 1.149127e+04 1.151664e+04 1.164183e+04 1.161646e+04
17.4 1.149337e+04 1.152698e+04 1.163348e+04 1.159987e+04
18.4 1.154848e+04 1.153552e+04 1.162564e+04 1.163861e+04
19.4 1.153403e+04 1.148714e+04 1.162264e+04 1.166952e+04
20.4 1.154441e+04 1.149615e+04 1.163093e+04 1.167919e+04
21.4 1.151814e+04 1.149914e+04 1.164233e+04 1.166133e+04
0.4 1.158654e+04 1.159699e+04 1.162479e+04 1.161434e+04
1.4 1.161225e+04 1.155386e+04 1.162193e+04 1.168032e+04
2.4 1.157818e+04 1.153986e+04 1.163045e+04 1.166876e+04
3.4 1.154075e+04 1.153830e+04 1.164226e+04 1.164471e+04
4.4 1.152856e+04 1.149403e+04 1.164214e+04 1.167668e+04
5.4 1.153592e+04 1.153699e+04 1.163382e+04 1.163274e+04
6.4 1.150201e+04 1.151808e+04 1.162585e+04 1.160978e+04
7.4 1.149762e+04 1.152176e+04 1.162272e+04 1.159858e+04
8.4 1.150423e+04 1.152115e+04 1.163094e+04 1.161402e+04
9.4 1.152569e+04 1.151283e+04 1.164231e+04 1.165517e+04
10.4 1.149127e+04 1.151664e+04 1.164183e+04 1.161646e+04
11.4 1.149337e+04 1.152698e+04 1.163348e+04 1.159987e+04
12.4 1.154848e+04 1.153552e+04 1.162564e+04 1.163861e+04
13.4 1.153403e+04 1.148714e+04 1.162264e+04 1.166952e+04
14.4 1.154441e+04 1.149615e+04 1.163093e+04 1.167919e+04
15.4 1.151814e+04 1.149914e+04 1.164233e+04 1.166133e+04
16.4 1.152328e+04 1.151010e+04 1.164187e+04 1.165504e+04
17.4 1.154376e+04 1.152874e+04 1.163355e+04 1.164856e+04
18.4 1.147714e+04 1.151417e+04 1.162882e+04 1.159179e+04
19.4 1.149167e+04 1.152329e+04 1.163633e+04 1.160471e+04
20.4 1.147236e+04 1.153150e+04 1.164426e+04 1.158512e+04
21.4 1.144198e+04 1.150058e+04 1.164083e+04 1.158223e+04
0.4 1.150201e+04 1.151808e+04 1.162585e+04 1.160978e+04
1.4 1.149762e+04 1.152176e+04 1.162272e+04 1.159858e+04
2.4 1.150423e+04 1.152115e+04 1.163094e+04 1.161402e+04
3.4 1.152569e+04 1.151283e+04 1.164231e+04 1.165517e+04
4.4 1.149127e+04 1.151664e+04 1.164183e+04 1.161646e+04
5.4 1.149337e+04 1.152698e+04 1.163348e+04 1.159987e+04
6.4 1.154848e+04 1.153552e+04 1.162564e+04 1.163861e+04
7.4 1.153403e+04 1.148714e+04 1.162264e+04 1.166952e+04
8.4 1.154441e+04 1.149615e+04 1.163093e+04 1.167919e+04
9.4 1.151814e+04 1.149914e+04 1.164233e+04 1.166133e+04
10.4 1.152328e+04 1.151010e+04 1.164187e+04 1.165504e+04
11.4 1.154376e+04 1.152874e+04 1.163355e+04 1.164856e+04
12.4 1.147714e+04 1.151417e+04 1.162882e+04 1.159179e+04
13.4 1.149167e+04 1.152329e+04 1.163633e+04 1.160471e+04
14.4 1.147236e+04 1.153150e+04 1.164426e+04 1.158512e+04
15.4 1.144198e+04 1.150058e+04 1.164083e+04 1.158223e+04
16.4 1.151140e+04 1.149501e+04 1.163860e+04 1.165499e+04
17.4 1.152180e+04 1.151416e+04 1.164520e+04 1.165284e+04
18.4 1.157602e+04 1.154332e+04 1.164602e+04 1.167872e+04
19.4 1.145647e+04 1.150333e+04 1.163719e+04 1.159033e+04
20.4 1.149321e+04 1.147974e+04 1.162835e+04 1.164182e+04
21.4 1.149466e+04 1.149094e+04 1.163099e+04 1.163470e+04
0.4 1.154848e+04 1.153552e+04 1.162564e+04 1.163861e+04
1.4 1.153403e+04 1.148714e+04 1.162264e+04 1.166952e+04
2.4 1.154441e+04 1.149615e+04 1.163093e+04 1.167919e+04
3.4 1.151814e+04 1.149914e+04 1.164233e+04 1.166133e+04
4.4 1.152328e+04 1.151010e+04 1.164187e+04 1.165504e+04
5.4 1.154376e+04 1.152874e+04 1.163355e+04 1.164856e+04
6.4 1.147714e+04 1.151417e+04 1.162882e+04 1.159179e+04
7.4 1.149167e+04 1.152329e+04 1.163633e+04 1.160471e+04
8.4 1.147236e+04 1.153150e+04 1.164426e+04 1.158512e+04
9.4 1.144198e+04 1.150058e+04 1.164083e+04 1.158223e+04
10.4 1.151140e+04 1.149501e+04 1.163860e+04 1.165499e+04
11.4 1.152180e+04 1.151416e+04 1.164520e+04 1.165284e+04
12.4 1.157602e+04 1.154332e+04 1.164602e+04 1.167872e+04
13.4 1.145647e+04 1.150333e+04 1.163719e+04 1.159033e+04
14.4 1.149321e+04 1.147974e+04 1.162835e+04 1.164182e+04
15.4 1.149466e+04 1.149094e+04 1.163099e+04 1.163470e+04
16.4 1.148168e+04 1.149734e+04 1.164123e+04 1.162556e+04
17.4 1.148556e+04 1.148247e+04 1.164201e+04 1.164509e+04
18.4 1.149139e+04 1.149155e+04 1.163394e+04 1.163378e+04
19.4 1.150739e+04 1.151067e+04 1.162786e+04 1.162458e+04
20.4 1.155258e+04 1.152771e+04 1.163395e+04 1.165883e+04
21.4 1.150402e+04 1.156133e+04 1.164326e+04 1.158595e+04
0.6 1.154376e+04 1.152874e+04 1.163355e+04 1.164856e+04
1.6 1.147714e+04 1.151417e+04 1.162882e+04 1.159179e+04
2.6 1.149167e+04 1.152329e+04 1.163633e+04 1.160471e+04
3.6 1.147236e+04 1.153150e+04 1.164426e+04 1.158512e+04
4.6 1.144198e+04 1.150058e+04 1.164083e+04 1.158223e+04
5.6 1.151140e+04 1.149501e+04 1.163860e+04 1.165499e+04
6.6 1.152180e+04 1.151416e+04 1.164520e+04 1.165284e+04
7.6 1.157602e+04 1.154332e+04 1.164602e+04 1.167872e+04
8.6 1.145647e+04 1.150333e+04 1.163719e+04 1.159033e+04
9.6 1.149321e+04 1.147974e+04 1.162835e+04 1.164182e+04
10.6 1.149466e+04 1.149094e+04 1.163099e+04 1.163470e+04
11.6 1.148168e+04 1.149734e+04 1.164123e+04 1.162556e+04
12.6 1.148556e+04 1.148247e+04 1.164201e+04 1.164509e+04
13.6 1.149139e+04 1.149155e+04 1.163394e+04 1.163378e+04
14.6 1.150739e+04 1.151067e+04 1.162786e+04 1.162458e+04
15.6 1.155258e+04 1.152771e+04 1.163395e+04 1.165883e+04
16.6 1.150402e+04 1.156133e+04 1.164326e+04 1.158595e+04
17.6 1.153582e+04 1.154013e+04 1.164133e+04 1.163701e+04
18.6 1.157854e+04 1.156068e+04 1.163772e+04 1.165558e+04
19.6 1.147749e+04 1.151116e+04 1.164362e+04 1.160996e+04
20.6 1.146537e+04 1.148906e+04 1.164621e+04 1.162252e+04
21.6 1.148522e+04 1.151301e+04 1.163963e+04 1.161183e+04
1.0 1.144198e+04 1.150058e+04 1.164083e+04 1.158223e+04
2.0 1.151140e+04 1.149501e+04 1.163860e+04 1.165499e+04
3.0 1.152180e+04 1.151416e+04 1.164520e+04 1.165284e+04
4.0 1.157602e+04 1.154332e+04 1.164602e+04 1.167872e+04
5.0 1.145647e+04 1.150333e+04 1.163719e+04 1.159033e+04
6.0 1.149321e+04 1.147974e+04 1.162835e+04 1.164182e+04
7.0 1.149466e+04 1.149094e+04 1.163099e+04 1.163470e+04
8.0 1.148168e+04 1.149734e+04 1.164123e+04 1.162556e+04
9.0 1.148556e+04 1.148247e+04 1.164201e+04 1.164509e+04
10.0 1.149139e+04 1.149155e+04 1.163394e+04 1.163378e+04
11.0 1.150739e+04 1.151067e+04 1.162786e+04 1.162458e+04
12.0 1.155258e+04 1.152771e+04 1.163395e+04 1.165883e+04
13.0 1.150402e+04 1.156133e+04 1.164326e+04 1.158595e+04
14.0 1.153582e+04 1.154013e+04 1.164133e+04 1.163701e+04
15.0 1.157854e+04 1.156068e+04 1.163772e+04 1.165558e+04
16.0 1.147749e+04 1.151116e+04 1.164362e+04 1.160996e+04
17.0 1.146537e+04 1.148906e+04 1.164621e+04 1.162252e+04
18.0 1.148522e+04 1.151301e+04 1.163963e+04 1.161183e+04
19.0 1.155597e+04 1.152332e+04 1.163894e+04 1.167160e+04
20.0 1.153576e+04 1.153490e+04 1.164528e+04 1.164614e+04
21.0 1.154779e+04 1.153816e+04 1.164330e+04 1.165292e+04
22.0 1.156517e+04 1.155399e+04 1.163752e+04 1.164870e+04
0.2 1.145647e+04 1.150333e+04 1.163719e+04 1.159033e+04
1.2 1.149321e+04 1.147974e+04 1.162835e+04 1.164182e+04
2.2 1.149466e+04 1.149094e+04 1.163099e+04 1.163470e+04
3.2 1.148168e+04 1.149734e+04 1.164123e+04 1.162556e+04
4.2 1.148556e+04 1.148247e+04 1.164201e+04 1.164509e+04
5.2 1.149139e+04 1.149155e+04 1.163394e+04 1.163378e+04
6.2 1.150739e+04 1.151067e+04 1.162786e+04 1.162458e+04
7.2 1.155258e+04 1.152771e+04 1.163395e+04 1.165883e+04
8.2 1.150402e+04 1.156133e+04 1.164326e+04 1.158595e+04
9.2 1.153582e+04 1.154013e+04 1.164133e+04 1.163701e+04
10.2 1.157854e+04 1.156068e+04 1.163772e+04 1.165558e+04
11.2 1.147749e+04 1.151116e+04 1.164362e+04 1.160996e+04
12.2 1.146537e+04 1.148906e+04 1.164621e+04 1.162252e+04
13.2 1.148522e+04 1.151301e+04 1.163963e+04 1.161183e+04
14.2 1.155597e+04 1.152332e+04 1.163894e+04 1.167160e+04
15.2 1.153576e+04 1.153490e+04 1.164528e+04 1.164614e+04
16.2 1.154779e+04 1.153816e+04 1.164330e+04 1.165292e+04
17.2 1.156517e+04 1.155399e+04 1.163752e+04 1.164870e+04
18.2 1.151307e+04 1.151509e+04 1.164158e+04 1.163955e+04
19.2 1.149649e+04 1.151016e+04 1.164569e+04 1.163202e+04
20.2 1.153712e+04 1.153312e+04 1.163940e+04 1.164341e+04
21.2 1.149621e+04 1.153458e+04 1.162941e+04 1.159104e+04
0.5 1.149139e+04 1.149155e+04 1.163394e+04 1.163378e+04
1.5 1.150739e+04 1.151067e+04 1.162786e+04 1.162458e+04
2.5 1.155258e+04 1.152771e+04 1.163395e+04 1.165883e+04
3.5 1.150402e+04 1.156133e+04 1.164326e+04 1.158595e+04
4.5 1.153582e+04 1.154013e+04 1.164133e+04 1.163701e+04
5.5 1.157854e+04 1.156068e+04 1.163772e+04 1.165558e+04
6.5 1.147749e+04 1.151116e+04 1.164362e+04 1.160996e+04
7.5 1.146537e+04 1.148906e+04 1.164621e+04 1.162252e+04
8.5 1.148522e+04 1.151301e+04 1.163963e+04 1.161183e+04
9.5 1.155597e+04 1.152332e+04 1.163894e+04 1.167160e+04
10.5 1.153576e+04 1.153490e+04 1.164528e+04 1.164614e+04
11.5 1.154779e+04 1.153816e+04 1.164330e+04 1.165292e+04
12.5 1.156517e+04 1.155399e+04 1.163752e+04 1.164870e+04
13.5 1.151307e+04 1.151509e+04 1.164158e+04 1.163955e+04
14.5 1.149649e+04 1.151016e+04 1.164569e+04 1.163202e+04
15.5 1.153712e+04 1.153312e+04 1.163940e+04 1.164341e+04
16.5 1.149621e+04 1.153458e+04 1.162941e+04 1.159104e+04
17.5 1.151954e+04 1.152285e+04 1.162215e+04 1.161884e+04
18.5 1.158037e+04 1.157481e+04 1.162212e+04 1.162768e+04
19.5 1.150548e+04 1.151894e+04 1.163356e+04 1.162010e+04
20.5 1.156457e+04 1.151467e+04 1.164278e+04 1.169268e+04
21.5 1.164447e+04 1.158244e+04 1.163938e+04 1.170141e+04
0.9 1.153582e+04 1.154013e+04 1.164133e+04 1.163701e+04
1.9 1.157854e+04 1.156068e+04 1.163772e+04 1.165558e+04
2.9 1.147749e+04 1.151116e+04 1.164362e+04 1.160996e+04
3.9 1.146537e+04 1.148906e+04 1.164621e+04 1.162252e+04
4.9 1.148522e+04 1.151301e+04 1.163963e+04 1.161183e+04
5.9 1.155597e+04 1.152332e+04 1.163894e+04 1.167160e+04
6.9 1.153576e+04 1.153490e+04 1.164528e+04 1.164614e+04
7.9 1.154779e+04 1.153816e+04 1.164330e+04 1.165292e+04
8.9 1.156517e+04 1.155399e+04 1.163752e+04 1.164870e+04
9.9 1.151307e+04 1.151509e+04 1.164158e+04 1.163955e+04
10.9 1.149649e+04 1.151016e+04 1.164569e+04 1.163202e+04
11.9 1.153712e+04 1.153312e+04 1.163940e+04 1.164341e+04
12.9 1.149621e+04 1.153458e+04 1.162941e+04 1.159104e+04
13.9 1.151954e+04 1.152285e+04 1.162215e+04 1.161884e+04
14.9 1.158037e+04 1.157481e+04 1.162212e+04 1.162768e+04
15.9 1.150548e+04 1.151894e+04 1.163356e+04 1.162010e+04
16.9 1.156457e+04 1.151467e+04 1.164278e+04 1.169268e+04
17.9 1.164447e+04 1.158244e+04 1.163938e+04 1.170141e+04
18.9 1.170772e+04 1.158623e+04 1.163078e+04 1.175227e+04
19.9 1.170938e+04 1.164098e+04 1.162392e+04 1.169232e+04
20.9 1.157739e+04 1.156062e+04 1.162373e+04 1.164049e+04
21.9 1.157309e+04 1.155226e+04 1.163476e+04 1.165559e+04
0.3 1.146537e+04 1.148906e+04 1.164621e+04 1.162252e+04
1.3 1.148522e+04 1.151301e+04 1.163963e+04 1.161183e+04
2.3 1.155597e+04 1.152332e+04 1.163894e+04 1.167160e+04
3.3 1.153576e+04 1.153490e+04 1.164528e+04 1.164614e+04
4.3 1.154779e+04 1.153816e+04 1.164330e+04 1.165292e+04
5.3 1.156517e+04 1.155399e+04 1.163752e+04 1.164870e+04
6.3 1.151307e+04 1.151509e+04 1.164158e+04 1.163955e+04
7.3 1.149649e+04 1.151016e+04 1.164569e+04 1.163202e+04
8.3 1.153712e+04 1.153312e+04 1.163940e+04 1.164341e+04
9.3 1.149621e+04 1.153458e+04 1.162941e+04 1.159104e+04
10.3 1.151954e+04 1.152285e+04 1.162215e+04 1.161884e+04
11.3 1.158037e+04 1.157481e+04 1.162212e+04 1.162768e+04
12.3 1.150548e+04 1.151894e+04 1.163356e+04 1.162010e+04
13.3 1.156457e+04 1.151467e+04 1.164278e+04 1.169268e+04
14.3 1.164447e+04 1.158244e+04 1.163938e+04 1.170141e+04
15.3 1.170772e+04 1.158623e+04 1.163078e+04 1.175227e+04
16.3 1.170938e+04 1.164098e+04 1.162392e+04 1.169232e+04
17.3 1.157739e+04 1.156062e+04 1.162373e+04 1.164049e+04
18.3 1.157309e+04 1.155226e+04 1.163476e+04 1.165559e+04
19.3 1.155617e+04 1.154426e+04 1.164356e+04 1.165547e+04
20.3 1.150233e+04 1.154507e+04 1.163983e+04 1.159708e+04
21.3 1.163549e+04 1.163468e+04 1.163102e+04 1.163182e+04
0.7 1.154779e+04 1.153816e+04 1.164330e+04 1.165292e+04
1.7 1.156517e+04 1.155399e+04 1.163752e+04 1.164870e+04
2.7 1.151307e+04 1.151509e+04 1.164158e+04 1.163955e+04
3.7 1.149649e+04 1.151016e+04 1.164569e+04 1.163202e+04
4.7 1.153712e+04 1.153312e+04 1.163940e+04 1.164341e+04
5.7 1.149621e+04 1.153458e+04 1.162941e+04 1.159104e+04
6.7 1.151954e+04 1.152285e+04 1.162215e+04 1.161884e+04
7.7 1.158037e+04 1.157481e+04 1.162212e+04 1.162768e+04
8.7 1.150548e+04 1.151894e+04 1.163356e+04 1.162010e+04
9.7 1.156457e+04 1.151467e+04 1.164278e+04 1.169268e+04
10.7 1.164447e+04 1.158244e+04 1.163938e+04 1.170141e+04
11.7 1.170772e+04 1.158623e+04 1.163078e+04 1.175227e+04
12.7 1.170938e+04 1.164098e+04 1.162392e+04 1.169232e+04
13.7 1.157739e+04 1.156062e+04 1.162373e+04 1.164049e+04
14.7 1.157309e+04 1.155226e+04 1.163476e+04 1.165559e+04
15.7 1.155617e+04 1.154426e+04 1.164356e+04 1.165547e+04
16.7 1.150233e+04 1.154507e+04 1.163983e+04 1.159708e+04
17.7 1.163549e+04 1.163468e+04 1.163102e+04 1.163182e+04
18.7 1.165317e+04 1.165225e+04 1.162398e+04 1.162490e+04
19.7 1.162365e+04 1.167576e+04 1.161993e+04 1.156782e+04
20.7 1.158845e+04 1.164278e+04 1.161802e+04 1.156369e+04
0.7 1.151954e+04 1.152285e+04 1.162215e+04 1.161884e+04
1.7 1.158037e+04 1.157481e+04 1.162212e+04 1.162768e+04
2.7 1.150548e+04 1.151894e+04 1.163356e+04 1.162010e+04
3.7 1.156457e+04 1.151467e+04 1.164278e+04 1.169268e+04
4.7 1.164447e+04 1.158244e+04 1.163938e+04 1.170141e+04
5.7 1.170772e+04 1.158623e+04 1.163078e+04 1.175227e+04
6.7 1.170938e+04 1.164098e+04 1.162392e+04 1.169232e+04
7.7 1.157739e+04 1.156062e+04 1.162373e+04 1.164049e+04
8.7 1.157309e+04 1.155226e+04 1.163476e+04 1.165559e+04
9.7 1.155617e+04 1.154426e+04 1.164356e+04 1.165547e+04
10.7 1.150233e+04 1.154507e+04 1.163983e+04 1.159708e+04
11.7 1.163549e+04 1.163468e+04 1.163102e+04 1.163182e+04
12.7 1.165317e+04 1.165225e+04 1.162398e+04 1.162490e+04
13.7 1.162365e+04 1.167576e+04 1.161993e+04 1.156782e+04
14.7 1.158845e+04 1.164278e+04 1.161802e+04 1.156369e+04
0.7 1.170938e+04 1.164098e+04 1.162392e+04 1.169232e+04
1.7 1.157739e+04 1.156062e+04 1.162373e+04 1.164049e+04
2.7 1.157309e+04 1.155226e+04 1.163476e+04 1.165559e+04
3.7 1.155617e+04 1.154426e+04 1.164356e+04 1.165547e+04
4.7 1.150233e+04 1.154507e+04 1.163983e+04 1.159708e+04
5.7 1.163549e+04 1.163468e+04 1.163102e+04 1.163182e+04
6.7 1.165317e+04 1.165225e+04 1.162398e+04 1.162490e+04
7.7 1.162365e+04 1.167576e+04 1.161993e+04 1.156782e+04
8.7 1.158845e+04 1.164278e+04 1.161802e+04 1.156369e+04
