0.1 1.398156e+03 1.403211e+03 1.439166e+03 1.434111e+03
1.1 1.450966e+03 1.455735e+03 1.439279e+03 1.434509e+03
2.1 1.364394e+03 1.402456e+03 1.440728e+03 1.402666e+03
3.1 1.385369e+03 1.450156e+03 1.443417e+03 1.378629e+03
4.1 1.483806e+03 1.476820e+03 1.444264e+03 1.451250e+03
5.1 1.526558e+03 1.483287e+03 1.442866e+03 1.486137e+03
6.1 1.504378e+03 1.486071e+03 1.441059e+03 1.459367e+03
7.1 1.457307e+03 1.419824e+03 1.439786e+03 1.477269e+03
8.1 1.375443e+03 1.432103e+03 1.439081e+03 1.382421e+03
9.1 1.421029e+03 1.428902e+03 1.438763e+03 1.430890e+03
10.1 1.393887e+03 1.422938e+03 1.438690e+03 1.409639e+03
11.1 1.457267e+03 1.447869e+03 1.439163e+03 1.448561e+03
12.1 1.617977e+03 1.425084e+03 1.441418e+03 1.634311e+03
13.1 1.457397e+03 1.446166e+03 1.443825e+03 1.455055e+03
14.1 1.393188e+03 1.419529e+03 1.443707e+03 1.417366e+03
15.1 1.508621e+03 1.517105e+03 1.442027e+03 1.433543e+03
16.1 1.547819e+03 1.485785e+03 1.440439e+03 1.502472e+03
17.1 1.416042e+03 1.485773e+03 1.439436e+03 1.369706e+03
18.1 1.406126e+03 1.469606e+03 1.438918e+03 1.375438e+03
19.1 1.409489e+03 1.446379e+03 1.438716e+03 1.401826e+03
20.1 1.575777e+03 1.469574e+03 1.438708e+03 1.544911e+03
21.1 1.446842e+03 1.448266e+03 1.438807e+03 1.437382e+03
0.5 1.393887e+03 1.422938e+03 1.438690e+03 1.409639e+03
1.5 1.457267e+03 1.447869e+03 1.439163e+03 1.448561e+03
2.5 1.617977e+03 1.425084e+03 1.441418e+03 1.634311e+03
3.5 1.457397e+03 1.446166e+03 1.443825e+03 1.455055e+03
4.5 1.393188e+03 1.419529e+03 1.443707e+03 1.417366e+03
5.5 1.508621e+03 1.517105e+03 1.442027e+03 1.433543e+03
6.5 1.547819e+03 1.485785e+03 1.440439e+03 1.502472e+03
7.5 1.416042e+03 1.485773e+03 1.439436e+03 1.369706e+03
8.5 1.406126e+03 1.469606e+03 1.438918e+03 1.375438e+03
9.5 1.409489e+03 1.446379e+03 1.438716e+03 1.401826e+03
10.5 1.575777e+03 1.469574e+03 1.438708e+03 1.544911e+03
11.5 1.446842e+03 1.448266e+03 1.438807e+03 1.437382e+03
12.5 1.423459e+03 1.399855e+03 1.439645e+03 1.463249e+03
13.5 1.497585e+03 1.504551e+03 1.442223e+03 1.435256e+03
14.5 1.489085e+03 1.462498e+03 1.444185e+03 1.470772e+03
15.5 1.370510e+03 1.434906e+03 1.443528e+03 1.379132e+03
16.5 1.395418e+03 1.457480e+03 1.441720e+03 1.379658e+03
17.5 1.489445e+03 1.487865e+03 1.440210e+03 1.441790e+03
18.5 1.511276e+03 1.529025e+03 1.439302e+03 1.421552e+03
19.5 1.447805e+03 1.454433e+03 1.438852e+03 1.432224e+03
20.5 1.510864e+03 1.509683e+03 1.438696e+03 1.439877e+03
21.5 1.451519e+03 1.466380e+03 1.438715e+03 1.423854e+03
0.7 1.446842e+03 1.448266e+03 1.438807e+03 1.437382e+03
1.7 1.423459e+03 1.399855e+03 1.439645e+03 1.463249e+03
2.7 1.497585e+03 1.504551e+03 1.442223e+03 1.435256e+03
3.7 1.489085e+03 1.462498e+03 1.444185e+03 1.470772e+03
4.7 1.370510e+03 1.434906e+03 1.443528e+03 1.379132e+03
5.7 1.395418e+03 1.457480e+03 1.441720e+03 1.379658e+03
6.7 1.489445e+03 1.487865e+03 1.440210e+03 1.441790e+03
7.7 1.511276e+03 1.529025e+03 1.439302e+03 1.421552e+03
8.7 1.447805e+03 1.454433e+03 1.438852e+03 1.432224e+03
9.7 1.510864e+03 1.509683e+03 1.438696e+03 1.439877e+03
10.7 1.451519e+03 1.466380e+03 1.438715e+03 1.423854e+03
11.7 1.483542e+03 1.471069e+03 1.438814e+03 1.451286e+03
12.7 1.411191e+03 1.466119e+03 1.438928e+03 1.384001e+03
13.7 1.430105e+03 1.420912e+03 1.439023e+03 1.448216e+03
14.7 1.456193e+03 1.439784e+03 1.439087e+03 1.455497e+03
15.7 1.482274e+03 1.434843e+03 1.439126e+03 1.486557e+03
16.7 1.496769e+03 1.471191e+03 1.439147e+03 1.464725e+03
17.7 1.494011e+03 1.459560e+03 1.439158e+03 1.473609e+03
18.7 1.461546e+03 1.453468e+03 1.439176e+03 1.447253e+03
19.7 1.482354e+03 1.492131e+03 1.439948e+03 1.430171e+03
20.7 1.492932e+03 1.485590e+03 1.442461e+03 1.449803e+03
21.7 1.462983e+03 1.484451e+03 1.444287e+03 1.422819e+03
0.7 1.461546e+03 1.453468e+03 1.439176e+03 1.447253e+03
1.7 1.482354e+03 1.492131e+03 1.439948e+03 1.430171e+03
2.7 1.492932e+03 1.485590e+03 1.442461e+03 1.449803e+03
3.7 1.462983e+03 1.484451e+03 1.444287e+03 1.422819e+03
4.7 1.487302e+03 1.504531e+03 1.443527e+03 1.426298e+03
5.7 1.429403e+03 1.423745e+03 1.441690e+03 1.447348e+03
6.7 1.490831e+03 1.546963e+03 1.440196e+03 1.384064e+03
7.7 1.448171e+03 1.440129e+03 1.440024e+03 1.448066e+03
8.7 1.455129e+03 1.448924e+03 1.442053e+03 1.448258e+03
9.7 1.505434e+03 1.498928e+03 1.443741e+03 1.450247e+03
10.7 1.461895e+03 1.494937e+03 1.443035e+03 1.409992e+03
11.7 1.279444e+03 1.363256e+03 1.441324e+03 1.357513e+03
12.7 1.406575e+03 1.431640e+03 1.439948e+03 1.414884e+03
13.7 1.464526e+03 1.478737e+03 1.439152e+03 1.424942e+03
14.7 1.467437e+03 1.464011e+03 1.438777e+03 1.442203e+03
15.7 1.452007e+03 1.435312e+03 1.438664e+03 1.455360e+03
16.7 1.387752e+03 1.389718e+03 1.438705e+03 1.436739e+03
17.7 1.466654e+03 1.425887e+03 1.438813e+03 1.479580e+03
18.7 1.381867e+03 1.391371e+03 1.438930e+03 1.429426e+03
19.7 1.339459e+03 1.389023e+03 1.439025e+03 1.389461e+03
20.7 1.466413e+03 1.429819e+03 1.439089e+03 1.475683e+03
21.7 1.367312e+03 1.362613e+03 1.439370e+03 1.444069e+03
0.7 1.490831e+03 1.546963e+03 1.440196e+03 1.384064e+03
1.7 1.448171e+03 1.440129e+03 1.440024e+03 1.448066e+03
2.7 1.455129e+03 1.448924e+03 1.442053e+03 1.448258e+03
3.7 1.505434e+03 1.498928e+03 1.443741e+03 1.450247e+03
4.7 1.461895e+03 1.494937e+03 1.443035e+03 1.409992e+03
5.7 1.279444e+03 1.363256e+03 1.441324e+03 1.357513e+03
6.7 1.406575e+03 1.431640e+03 1.439948e+03 1.414884e+03
7.7 1.464526e+03 1.478737e+03 1.439152e+03 1.424942e+03
8.7 1.467437e+03 1.464011e+03 1.438777e+03 1.442203e+03
9.7 1.452007e+03 1.435312e+03 1.438664e+03 1.455360e+03
10.7 1.387752e+03 1.389718e+03 1.438705e+03 1.436739e+03
11.7 1.466654e+03 1.425887e+03 1.438813e+03 1.479580e+03
12.7 1.381867e+03 1.391371e+03 1.438930e+03 1.429426e+03
13.7 1.339459e+03 1.389023e+03 1.439025e+03 1.389461e+03
14.7 1.466413e+03 1.429819e+03 1.439089e+03 1.475683e+03
15.7 1.367312e+03 1.362613e+03 1.439370e+03 1.444069e+03
16.7 1.301987e+03 1.367282e+03 1.441227e+03 1.375933e+03
17.7 1.433476e+03 1.419494e+03 1.443769e+03 1.457751e+03
18.7 1.372968e+03 1.413715e+03 1.444018e+03 1.403271e+03
19.7 1.481814e+03 1.464774e+03 1.442406e+03 1.459446e+03
20.7 1.400013e+03 1.400759e+03 1.440704e+03 1.439958e+03
21.7 1.412632e+03 1.401169e+03 1.439584e+03 1.451047e+03
0.3 1.466413e+03 1.429819e+03 1.439089e+03 1.475683e+03
1.3 1.367312e+03 1.362613e+03 1.439370e+03 1.444069e+03
2.3 1.301987e+03 1.367282e+03 1.441227e+03 1.375933e+03
3.3 1.433476e+03 1.419494e+03 1.443769e+03 1.457751e+03
4.3 1.372968e+03 1.413715e+03 1.444018e+03 1.403271e+03
5.3 1.481814e+03 1.464774e+03 1.442406e+03 1.459446e+03
6.3 1.400013e+03 1.400759e+03 1.440704e+03 1.439958e+03
7.3 1.412632e+03 1.401169e+03 1.439584e+03 1.451047e+03
8.3 1.387964e+03 1.389513e+03 1.438987e+03 1.437438e+03
9.3 1.456587e+03 1.360649e+03 1.438737e+03 1.534675e+03
10.3 1.352442e+03 1.359289e+03 1.438701e+03 1.431853e+03
11.3 1.309130e+03 1.397869e+03 1.438777e+03 1.350038e+03
12.3 1.522332e+03 1.383446e+03 1.438890e+03 1.577776e+03
13.3 1.429692e+03 1.477924e+03 1.438993e+03 1.390761e+03
14.3 1.399157e+03 1.393336e+03 1.439068e+03 1.444888e+03
15.3 1.399810e+03 1.370085e+03 1.439115e+03 1.468839e+03
16.3 1.411205e+03 1.406261e+03 1.439143e+03 1.444086e+03
17.3 1.329723e+03 1.372725e+03 1.439602e+03 1.396600e+03
18.3 1.378717e+03 1.378466e+03 1.441800e+03 1.442052e+03
19.3 1.382072e+03 1.451285e+03 1.444052e+03 1.374839e+03
20.3 1.488548e+03 1.398162e+03 1.443781e+03 1.534167e+03
21.3 1.526377e+03 1.443294e+03 1.442034e+03 1.525118e+03
0.5 1.411205e+03 1.406261e+03 1.439143e+03 1.444086e+03
1.5 1.329723e+03 1.372725e+03 1.439602e+03 1.396600e+03
2.5 1.378717e+03 1.378466e+03 1.441800e+03 1.442052e+03
3.5 1.382072e+03 1.451285e+03 1.444052e+03 1.374839e+03
4.5 1.488548e+03 1.398162e+03 1.443781e+03 1.534167e+03
5.5 1.526377e+03 1.443294e+03 1.442034e+03 1.525118e+03
6.5 1.356546e+03 1.422689e+03 1.440431e+03 1.374287e+03
7.5 1.432018e+03 1.460453e+03 1.439429e+03 1.410994e+03
8.5 1.515942e+03 1.466707e+03 1.438914e+03 1.488148e+03
9.5 1.467510e+03 1.422355e+03 1.438716e+03 1.483872e+03
10.5 1.414381e+03 1.379757e+03 1.438710e+03 1.473334e+03
11.5 1.490748e+03 1.432180e+03 1.438810e+03 1.497377e+03
12.5 1.402068e+03 1.391374e+03 1.439648e+03 1.450342e+03
13.5 1.423797e+03 1.450890e+03 1.442225e+03 1.415133e+03
14.5 1.451050e+03 1.424665e+03 1.444186e+03 1.470571e+03
15.5 1.361212e+03 1.402143e+03 1.443629e+03 1.402698e+03
16.5 1.431234e+03 1.454542e+03 1.443213e+03 1.419904e+03
17.5 1.421190e+03 1.388182e+03 1.444371e+03 1.477379e+03
18.5 1.465456e+03 1.491465e+03 1.444337e+03 1.418328e+03
19.5 1.448150e+03 1.415196e+03 1.442901e+03 1.475855e+03
20.5 1.403364e+03 1.425452e+03 1.443058e+03 1.420970e+03
21.5 1.488207e+03 1.501548e+03 1.444204e+03 1.430862e+03
0.7 1.490748e+03 1.432180e+03 1.438810e+03 1.497377e+03
1.7 1.402068e+03 1.391374e+03 1.439648e+03 1.450342e+03
2.7 1.423797e+03 1.450890e+03 1.442225e+03 1.415133e+03
3.7 1.451050e+03 1.424665e+03 1.444186e+03 1.470571e+03
4.7 1.361212e+03 1.402143e+03 1.443629e+03 1.402698e+03
5.7 1.431234e+03 1.454542e+03 1.443213e+03 1.419904e+03
6.7 1.421190e+03 1.388182e+03 1.444371e+03 1.477379e+03
7.7 1.465456e+03 1.491465e+03 1.444337e+03 1.418328e+03
8.7 1.448150e+03 1.415196e+03 1.442901e+03 1.475855e+03
9.7 1.403364e+03 1.425452e+03 1.443058e+03 1.420970e+03
10.7 1.488207e+03 1.501548e+03 1.444204e+03 1.430862e+03
11.7 1.454146e+03 1.456431e+03 1.443515e+03 1.441230e+03
12.7 1.590828e+03 1.581217e+03 1.441585e+03 1.451196e+03
13.7 1.469201e+03 1.536977e+03 1.439938e+03 1.372162e+03
14.7 1.500407e+03 1.518371e+03 1.439350e+03 1.421385e+03
15.7 1.487104e+03 1.521264e+03 1.440991e+03 1.406831e+03
16.7 1.431140e+03 1.416352e+03 1.443287e+03 1.458075e+03
17.7 1.576895e+03 1.517778e+03 1.443306e+03 1.502422e+03
18.7 1.486326e+03 1.447834e+03 1.441749e+03 1.480242e+03
19.7 1.460093e+03 1.397217e+03 1.440249e+03 1.503125e+03
20.7 1.633331e+03 1.532089e+03 1.439635e+03 1.540877e+03
21.7 1.407585e+03 1.425067e+03 1.441162e+03 1.423680e+03
0.1 1.451050e+03 1.424665e+03 1.444186e+03 1.470571e+03
1.1 1.361212e+03 1.402143e+03 1.443629e+03 1.402698e+03
2.1 1.431234e+03 1.454542e+03 1.443213e+03 1.419904e+03
3.1 1.421190e+03 1.388182e+03 1.444371e+03 1.477379e+03
4.1 1.465456e+03 1.491465e+03 1.444337e+03 1.418328e+03
5.1 1.448150e+03 1.415196e+03 1.442901e+03 1.475855e+03
6.1 1.403364e+03 1.425452e+03 1.443058e+03 1.420970e+03
7.1 1.488207e+03 1.501548e+03 1.444204e+03 1.430862e+03
8.1 1.454146e+03 1.456431e+03 1.443515e+03 1.441230e+03
9.1 1.590828e+03 1.581217e+03 1.441585e+03 1.451196e+03
10.1 1.469201e+03 1.536977e+03 1.439938e+03 1.372162e+03
11.1 1.500407e+03 1.518371e+03 1.439350e+03 1.421385e+03
12.1 1.487104e+03 1.521264e+03 1.440991e+03 1.406831e+03
13.1 1.431140e+03 1.416352e+03 1.443287e+03 1.458075e+03
14.1 1.576895e+03 1.517778e+03 1.443306e+03 1.502422e+03
15.1 1.486326e+03 1.447834e+03 1.441749e+03 1.480242e+03
16.1 1.460093e+03 1.397217e+03 1.440249e+03 1.503125e+03
17.1 1.633331e+03 1.532089e+03 1.439635e+03 1.540877e+03
18.1 1.407585e+03 1.425067e+03 1.441162e+03 1.423680e+03
19.1 1.430736e+03 1.460033e+03 1.443418e+03 1.414121e+03
20.1 1.545324e+03 1.543859e+03 1.443444e+03 1.444909e+03
21.1 1.403241e+03 1.441345e+03 1.441863e+03 1.403758e+03
0.4 1.465456e+03 1.491465e+03 1.444337e+03 1.418328e+03
1.4 1.448150e+03 1.415196e+03 1.442901e+03 1.475855e+03
2.4 1.403364e+03 1.425452e+03 1.443058e+03 1.420970e+03
3.4 1.488207e+03 1.501548e+03 1.444204e+03 1.430862e+03
4.4 1.454146e+03 1.456431e+03 1.443515e+03 1.441230e+03
5.4 1.590828e+03 1.581217e+03 1.441585e+03 1.451196e+03
6.4 1.469201e+03 1.536977e+03 1.439938e+03 1.372162e+03
7.4 1.500407e+03 1.518371e+03 1.439350e+03 1.421385e+03
8.4 1.487104e+03 1.521264e+03 1.440991e+03 1.406831e+03
9.4 1.431140e+03 1.416352e+03 1.443287e+03 1.458075e+03
10.4 1.576895e+03 1.517778e+03 1.443306e+03 1.502422e+03
11.4 1.486326e+03 1.447834e+03 1.441749e+03 1.480242e+03
12.4 1.460093e+03 1.397217e+03 1.440249e+03 1.503125e+03
13.4 1.633331e+03 1.532089e+03 1.439635e+03 1.540877e+03
14.4 1.407585e+03 1.425067e+03 1.441162e+03 1.423680e+03
15.4 1.430736e+03 1.460033e+03 1.443418e+03 1.414121e+03
16.4 1.545324e+03 1.543859e+03 1.443444e+03 1.444909e+03
17.4 1.403241e+03 1.441345e+03 1.441863e+03 1.403758e+03
18.4 1.547718e+03 1.562472e+03 1.440838e+03 1.426084e+03
19.4 1.408001e+03 1.438787e+03 1.442152e+03 1.411366e+03
20.4 1.421934e+03 1.444504e+03 1.443807e+03 1.421237e+03
21.4 1.526532e+03 1.453204e+03 1.443216e+03 1.516544e+03
0.4 1.469201e+03 1.536977e+03 1.439938e+03 1.372162e+03
1.4 1.500407e+03 1.518371e+03 1.439350e+03 1.421385e+03
2.4 1.487104e+03 1.521264e+03 1.440991e+03 1.406831e+03
3.4 1.431140e+03 1.416352e+03 1.443287e+03 1.458075e+03
4.4 1.576895e+03 1.517778e+03 1.443306e+03 1.502422e+03
5.4 1.486326e+03 1.447834e+03 1.441749e+03 1.480242e+03
6.4 1.460093e+03 1.397217e+03 1.440249e+03 1.503125e+03
7.4 1.633331e+03 1.532089e+03 1.439635e+03 1.540877e+03
8.4 1.407585e+03 1.425067e+03 1.441162e+03 1.423680e+03
9.4 1.430736e+03 1.460033e+03 1.443418e+03 1.414121e+03
10.4 1.545324e+03 1.543859e+03 1.443444e+03 1.444909e+03
11.4 1.403241e+03 1.441345e+03 1.441863e+03 1.403758e+03
12.4 1.547718e+03 1.562472e+03 1.440838e+03 1.426084e+03
13.4 1.408001e+03 1.438787e+03 1.442152e+03 1.411366e+03
14.4 1.421934e+03 1.444504e+03 1.443807e+03 1.421237e+03
15.4 1.526532e+03 1.453204e+03 1.443216e+03 1.516544e+03
16.4 1.348937e+03 1.415012e+03 1.441446e+03 1.375371e+03
17.4 1.451403e+03 1.488939e+03 1.439968e+03 1.402432e+03
18.4 1.334268e+03 1.472747e+03 1.439118e+03 1.300638e+03
19.4 1.341353e+03 1.437365e+03 1.438728e+03 1.342716e+03
20.4 1.423088e+03 1.436094e+03 1.438761e+03 1.425756e+03
21.4 1.342552e+03 1.354383e+03 1.440369e+03 1.428537e+03
0.4 1.460093e+03 1.397217e+03 1.440249e+03 1.503125e+03
1.4 1.633331e+03 1.532089e+03 1.439635e+03 1.540877e+03
2.4 1.407585e+03 1.425067e+03 1.441162e+03 1.423680e+03
3.4 1.430736e+03 1.460033e+03 1.443418e+03 1.414121e+03
4.4 1.545324e+03 1.543859e+03 1.443444e+03 1.444909e+03
5.4 1.403241e+03 1.441345e+03 1.441863e+03 1.403758e+03
6.4 1.547718e+03 1.562472e+03 1.440838e+03 1.426084e+03
7.4 1.408001e+03 1.438787e+03 1.442152e+03 1.411366e+03
8.4 1.421934e+03 1.444504e+03 1.443807e+03 1.421237e+03
9.4 1.526532e+03 1.453204e+03 1.443216e+03 1.516544e+03
10.4 1.348937e+03 1.415012e+03 1.441446e+03 1.375371e+03
11.4 1.451403e+03 1.488939e+03 1.439968e+03 1.402432e+03
12.4 1.334268e+03 1.472747e+03 1.439118e+03 1.300638e+03
13.4 1.341353e+03 1.437365e+03 1.438728e+03 1.342716e+03
14.4 1.423088e+03 1.436094e+03 1.438761e+03 1.425756e+03
15.4 1.342552e+03 1.354383e+03 1.440369e+03 1.428537e+03
16.4 1.397020e+03 1.436621e+03 1.443128e+03 1.403527e+03
17.4 1.381585e+03 1.387749e+03 1.443891e+03 1.437727e+03
18.4 1.354278e+03 1.320075e+03 1.443003e+03 1.477206e+03
19.4 1.443776e+03 1.439328e+03 1.443551e+03 1.447999e+03
20.4 1.386636e+03 1.421466e+03 1.444582e+03 1.409752e+03
21.4 1.339366e+03 1.416841e+03 1.443646e+03 1.366171e+03
0.5 1.403241e+03 1.441345e+03 1.441863e+03 1.403758e+03
1.5 1.547718e+03 1.562472e+03 1.440838e+03 1.426084e+03
2.5 1.408001e+03 1.438787e+03 1.442152e+03 1.411366e+03
3.5 1.421934e+03 1.444504e+03 1.443807e+03 1.421237e+03
4.5 1.526532e+03 1.453204e+03 1.443216e+03 1.516544e+03
5.5 1.348937e+03 1.415012e+03 1.441446e+03 1.375371e+03
6.5 1.451403e+03 1.488939e+03 1.439968e+03 1.402432e+03
7.5 1.334268e+03 1.472747e+03 1.439118e+03 1.300638e+03
8.5 1.341353e+03 1.437365e+03 1.438728e+03 1.342716e+03
9.5 1.423088e+03 1.436094e+03 1.438761e+03 1.425756e+03
10.5 1.342552e+03 1.354383e+03 1.440369e+03 1.428537e+03
11.5 1.397020e+03 1.436621e+03 1.443128e+03 1.403527e+03
12.5 1.381585e+03 1.387749e+03 1.443891e+03 1.437727e+03
13.5 1.354278e+03 1.320075e+03 1.443003e+03 1.477206e+03
14.5 1.443776e+03 1.439328e+03 1.443551e+03 1.447999e+03
15.5 1.386636e+03 1.421466e+03 1.444582e+03 1.409752e+03
16.5 1.339366e+03 1.416841e+03 1.443646e+03 1.366171e+03
17.5 1.529100e+03 1.478861e+03 1.442673e+03 1.492912e+03
18.5 1.410867e+03 1.420831e+03 1.443669e+03 1.433704e+03
19.5 1.464094e+03 1.444549e+03 1.444090e+03 1.463636e+03
20.5 1.522659e+03 1.458594e+03 1.442811e+03 1.506876e+03
21.5 1.436543e+03 1.450092e+03 1.442692e+03 1.429142e+03
0.1 1.341353e+03 1.437365e+03 1.438728e+03 1.342716e+03
1.1 1.423088e+03 1.436094e+03 1.438761e+03 1.425756e+03
2.1 1.342552e+03 1.354383e+03 1.440369e+03 1.428537e+03
3.1 1.397020e+03 1.436621e+03 1.443128e+03 1.403527e+03
4.1 1.381585e+03 1.387749e+03 1.443891e+03 1.437727e+03
5.1 1.354278e+03 1.320075e+03 1.443003e+03 1.477206e+03
6.1 1.443776e+03 1.439328e+03 1.443551e+03 1.447999e+03
7.1 1.386636e+03 1.421466e+03 1.444582e+03 1.409752e+03
8.1 1.339366e+03 1.416841e+03 1.443646e+03 1.366171e+03
9.1 1.529100e+03 1.478861e+03 1.442673e+03 1.492912e+03
10.1 1.410867e+03 1.420831e+03 1.443669e+03 1.433704e+03
11.1 1.464094e+03 1.444549e+03 1.444090e+03 1.463636e+03
12.1 1.522659e+03 1.458594e+03 1.442811e+03 1.506876e+03
13.1 1.436543e+03 1.450092e+03 1.442692e+03 1.429142e+03
14.1 1.605896e+03 1.542128e+03 1.443961e+03 1.507729e+03
15.1 1.507612e+03 1.506697e+03 1.443639e+03 1.444554e+03
16.1 1.506220e+03 1.456803e+03 1.441822e+03 1.491239e+03
17.1 1.556750e+03 1.553687e+03 1.440111e+03 1.443174e+03
18.1 1.505294e+03 1.459254e+03 1.439311e+03 1.485350e+03
19.1 1.417991e+03 1.476000e+03 1.440634e+03 1.382624e+03
20.1 1.538906e+03 1.491489e+03 1.443106e+03 1.490523e+03
21.1 1.527983e+03 1.476094e+03 1.443541e+03 1.495429e+03
0.5 1.381585e+03 1.387749e+03 1.443891e+03 1.437727e+03
1.5 1.354278e+03 1.320075e+03 1.443003e+03 1.477206e+03
2.5 1.443776e+03 1.439328e+03 1.443551e+03 1.447999e+03
3.5 1.386636e+03 1.421466e+03 1.444582e+03 1.409752e+03
4.5 1.339366e+03 1.416841e+03 1.443646e+03 1.366171e+03
5.5 1.529100e+03 1.478861e+03 1.442673e+03 1.492912e+03
6.5 1.410867e+03 1.420831e+03 1.443669e+03 1.433704e+03
7.5 1.464094e+03 1.444549e+03 1.444090e+03 1.463636e+03
8.5 1.522659e+03 1.458594e+03 1.442811e+03 1.506876e+03
9.5 1.436543e+03 1.450092e+03 1.442692e+03 1.429142e+03
10.5 1.605896e+03 1.542128e+03 1.443961e+03 1.507729e+03
11.5 1.507612e+03 1.506697e+03 1.443639e+03 1.444554e+03
12.5 1.506220e+03 1.456803e+03 1.441822e+03 1.491239e+03
13.5 1.556750e+03 1.553687e+03 1.440111e+03 1.443174e+03
14.5 1.505294e+03 1.459254e+03 1.439311e+03 1.485350e+03
15.5 1.417991e+03 1.476000e+03 1.440634e+03 1.382624e+03
16.5 1.538906e+03 1.491489e+03 1.443106e+03 1.490523e+03
17.5 1.527983e+03 1.476094e+03 1.443541e+03 1.495429e+03
18.5 1.484356e+03 1.431970e+03 1.442681e+03 1.495067e+03
19.5 1.519522e+03 1.481281e+03 1.443446e+03 1.481687e+03
20.5 1.467187e+03 1.417869e+03 1.444431e+03 1.493748e+03
21.5 1.449460e+03 1.400164e+03 1.443348e+03 1.492644e+03
0.9 1.339366e+03 1.416841e+03 1.443646e+03 1.366171e+03
1.9 1.529100e+03 1.478861e+03 1.442673e+03 1.492912e+03
2.9 1.410867e+03 1.420831e+03 1.443669e+03 1.433704e+03
3.9 1.464094e+03 1.444549e+03 1.444090e+03 1.463636e+03
4.9 1.522659e+03 1.458594e+03 1.442811e+03 1.506876e+03
5.9 1.436543e+03 1.450092e+03 1.442692e+03 1.429142e+03
6.9 1.605896e+03 1.542128e+03 1.443961e+03 1.507729e+03
7.9 1.507612e+03 1.506697e+03 1.443639e+03 1.444554e+03
8.9 1.506220e+03 1.456803e+03 1.441822e+03 1.491239e+03
9.9 1.556750e+03 1.553687e+03 1.440111e+03 1.443174e+03
10.9 1.505294e+03 1.459254e+03 1.439311e+03 1.485350e+03
11.9 1.417991e+03 1.476000e+03 1.440634e+03 1.382624e+03
12.9 1.538906e+03 1.491489e+03 1.443106e+03 1.490523e+03
13.9 1.527983e+03 1.476094e+03 1.443541e+03 1.495429e+03
14.9 1.484356e+03 1.431970e+03 1.442681e+03 1.495067e+03
15.9 1.519522e+03 1.481281e+03 1.443446e+03 1.481687e+03
16.9 1.467187e+03 1.417869e+03 1.444431e+03 1.493748e+03
17.9 1.449460e+03 1.400164e+03 1.443348e+03 1.492644e+03
18.9 1.410752e+03 1.411408e+03 1.441367e+03 1.440711e+03
19.9 1.361877e+03 1.380018e+03 1.440725e+03 1.422584e+03
20.9 1.405435e+03 1.440302e+03 1.442472e+03 1.407604e+03
21.9 1.424172e+03 1.435147e+03 1.443738e+03 1.432763e+03
0.3 1.464094e+03 1.444549e+03 1.444090e+03 1.463636e+03
1.3 1.522659e+03 1.458594e+03 1.442811e+03 1.506876e+03
2.3 1.436543e+03 1.450092e+03 1.442692e+03 1.429142e+03
3.3 1.605896e+03 1.542128e+03 1.443961e+03 1.507729e+03
4.3 1.507612e+03 1.506697e+03 1.443639e+03 1.444554e+03
5.3 1.506220e+03 1.456803e+03 1.441822e+03 1.491239e+03
6.3 1.556750e+03 1.553687e+03 1.440111e+03 1.443174e+03
7.3 1.505294e+03 1.459254e+03 1.439311e+03 1.485350e+03
8.3 1.417991e+03 1.476000e+03 1.440634e+03 1.382624e+03
9.3 1.538906e+03 1.491489e+03 1.443106e+03 1.490523e+03
10.3 1.527983e+03 1.476094e+03 1.443541e+03 1.495429e+03
11.3 1.484356e+03 1.431970e+03 1.442681e+03 1.495067e+03
12.3 1.519522e+03 1.481281e+03 1.443446e+03 1.481687e+03
13.3 1.467187e+03 1.417869e+03 1.444431e+03 1.493748e+03
14.3 1.449460e+03 1.400164e+03 1.443348e+03 1.492644e+03
15.3 1.410752e+03 1.411408e+03 1.441367e+03 1.440711e+03
16.3 1.361877e+03 1.380018e+03 1.440725e+03 1.422584e+03
17.3 1.405435e+03 1.440302e+03 1.442472e+03 1.407604e+03
18.3 1.424172e+03 1.435147e+03 1.443738e+03 1.432763e+03
19.3 1.379094e+03 1.393138e+03 1.442743e+03 1.428700e+03
20.3 1.456135e+03 1.495154e+03 1.440986e+03 1.401967e+03
21.3 1.464083e+03 1.461717e+03 1.439694e+03 1.442061e+03
0.3 1.556750e+03 1.553687e+03 1.440111e+03 1.443174e+03
1.3 1.505294e+03 1.459254e+03 1.439311e+03 1.485350e+03
2.3 1.417991e+03 1.476000e+03 1.440634e+03 1.382624e+03
3.3 1.538906e+03 1.491489e+03 1.443106e+03 1.490523e+03
4.3 1.527983e+03 1.476094e+03 1.443541e+03 1.495429e+03
5.3 1.484356e+03 1.431970e+03 1.442681e+03 1.495067e+03
6.3 1.519522e+03 1.481281e+03 1.443446e+03 1.481687e+03
7.3 1.467187e+03 1.417869e+03 1.444431e+03 1.493748e+03
8.3 1.449460e+03 1.400164e+03 1.443348e+03 1.492644e+03
9.3 1.410752e+03 1.411408e+03 1.441367e+03 1.440711e+03
10.3 1.361877e+03 1.380018e+03 1.440725e+03 1.422584e+03
11.3 1.405435e+03 1.440302e+03 1.442472e+03 1.407604e+03
12.3 1.424172e+03 1.435147e+03 1.443738e+03 1.432763e+03
13.3 1.379094e+03 1.393138e+03 1.442743e+03 1.428700e+03
14.3 1.456135e+03 1.495154e+03 1.440986e+03 1.401967e+03
15.3 1.464083e+03 1.461717e+03 1.439694e+03 1.442061e+03
16.3 1.435917e+03 1.425640e+03 1.439802e+03 1.450079e+03
17.3 1.519222e+03 1.475021e+03 1.442031e+03 1.486233e+03
18.3 1.505644e+03 1.434912e+03 1.443676e+03 1.514408e+03
19.3 1.426905e+03 1.432195e+03 1.442905e+03 1.437614e+03
20.3 1.447087e+03 1.458670e+03 1.441213e+03 1.429630e+03
21.3 1.431311e+03 1.433285e+03 1.439896e+03 1.437922e+03
0.6 1.527983e+03 1.476094e+03 1.443541e+03 1.495429e+03
1.6 1.484356e+03 1.431970e+03 1.442681e+03 1.495067e+03
2.6 1.519522e+03 1.481281e+03 1.443446e+03 1.481687e+03
3.6 1.467187e+03 1.417869e+03 1.444431e+03 1.493748e+03
4.6 1.449460e+03 1.400164e+03 1.443348e+03 1.492644e+03
5.6 1.410752e+03 1.411408e+03 1.441367e+03 1.440711e+03
6.6 1.361877e+03 1.380018e+03 1.440725e+03 1.422584e+03
7.6 1.405435e+03 1.440302e+03 1.442472e+03 1.407604e+03
8.6 1.424172e+03 1.435147e+03 1.443738e+03 1.432763e+03
9.6 1.379094e+03 1.393138e+03 1.442743e+03 1.428700e+03
10.6 1.456135e+03 1.495154e+03 1.440986e+03 1.401967e+03
11.6 1.464083e+03 1.461717e+03 1.439694e+03 1.442061e+03
12.6 1.435917e+03 1.425640e+03 1.439802e+03 1.450079e+03
13.6 1.519222e+03 1.475021e+03 1.442031e+03 1.486233e+03
14.6 1.505644e+03 1.434912e+03 1.443676e+03 1.514408e+03
15.6 1.426905e+03 1.432195e+03 1.442905e+03 1.437614e+03
16.6 1.447087e+03 1.458670e+03 1.441213e+03 1.429630e+03
17.6 1.431311e+03 1.433285e+03 1.439896e+03 1.437922e+03
18.6 1.448236e+03 1.510895e+03 1.439904e+03 1.377245e+03
19.6 1.411574e+03 1.423326e+03 1.442051e+03 1.430299e+03
20.6 1.409432e+03 1.466593e+03 1.443722e+03 1.386561e+03
21.6 1.431169e+03 1.476870e+03 1.443094e+03 1.397393e+03
0.8 1.410752e+03 1.411408e+03 1.441367e+03 1.440711e+03
1.8 1.361877e+03 1.380018e+03 1.440725e+03 1.422584e+03
2.8 1.405435e+03 1.440302e+03 1.442472e+03 1.407604e+03
3.8 1.424172e+03 1.435147e+03 1.443738e+03 1.432763e+03
4.8 1.379094e+03 1.393138e+03 1.442743e+03 1.428700e+03
5.8 1.456135e+03 1.495154e+03 1.440986e+03 1.401967e+03
6.8 1.464083e+03 1.461717e+03 1.439694e+03 1.442061e+03
7.8 1.435917e+03 1.425640e+03 1.439802e+03 1.450079e+03
8.8 1.519222e+03 1.475021e+03 1.442031e+03 1.486233e+03
9.8 1.505644e+03 1.434912e+03 1.443676e+03 1.514408e+03
10.8 1.426905e+03 1.432195e+03 1.442905e+03 1.437614e+03
11.8 1.447087e+03 1.458670e+03 1.441213e+03 1.429630e+03
12.8 1.431311e+03 1.433285e+03 1.439896e+03 1.437922e+03
13.8 1.448236e+03 1.510895e+03 1.439904e+03 1.377245e+03
14.8 1.411574e+03 1.423326e+03 1.442051e+03 1.430299e+03
15.8 1.409432e+03 1.466593e+03 1.443722e+03 1.386561e+03
16.8 1.431169e+03 1.476870e+03 1.443094e+03 1.397393e+03
17.8 1.435176e+03 1.438404e+03 1.442838e+03 1.439610e+03
18.8 1.389559e+03 1.405187e+03 1.444145e+03 1.428517e+03
19.8 1.381008e+03 1.427280e+03 1.444157e+03 1.397886e+03
20.8 1.468631e+03 1.445276e+03 1.442387e+03 1.465742e+03
21.8 1.313338e+03 1.383439e+03 1.440503e+03 1.370402e+03
0.7 1.464083e+03 1.461717e+03 1.439694e+03 1.442061e+03
1.7 1.435917e+03 1.425640e+03 1.439802e+03 1.450079e+03
2.7 1.519222e+03 1.475021e+03 1.442031e+03 1.486233e+03
3.7 1.505644e+03 1.434912e+03 1.443676e+03 1.514408e+03
4.7 1.426905e+03 1.432195e+03 1.442905e+03 1.437614e+03
5.7 1.447087e+03 1.458670e+03 1.441213e+03 1.429630e+03
6.7 1.431311e+03 1.433285e+03 1.439896e+03 1.437922e+03
7.7 1.448236e+03 1.510895e+03 1.439904e+03 1.377245e+03
8.7 1.411574e+03 1.423326e+03 1.442051e+03 1.430299e+03
9.7 1.409432e+03 1.466593e+03 1.443722e+03 1.386561e+03
10.7 1.431169e+03 1.476870e+03 1.443094e+03 1.397393e+03
11.7 1.435176e+03 1.438404e+03 1.442838e+03 1.439610e+03
12.7 1.389559e+03 1.405187e+03 1.444145e+03 1.428517e+03
13.7 1.381008e+03 1.427280e+03 1.444157e+03 1.397886e+03
14.7 1.468631e+03 1.445276e+03 1.442387e+03 1.465742e+03
15.7 1.313338e+03 1.383439e+03 1.440503e+03 1.370402e+03
16.7 1.451923e+03 1.416388e+03 1.439302e+03 1.474837e+03
17.7 1.480342e+03 1.426629e+03 1.438725e+03 1.492438e+03
18.7 1.477555e+03 1.414543e+03 1.438534e+03 1.501546e+03
19.7 1.270646e+03 1.299614e+03 1.438558e+03 1.409589e+03
20.7 1.287579e+03 1.348183e+03 1.438682e+03 1.378078e+03
21.7 1.317701e+03 1.310079e+03 1.438829e+03 1.446451e+03
0.7 1.431311e+03 1.433285e+03 1.439896e+03 1.437922e+03
1.7 1.448236e+03 1.510895e+03 1.439904e+03 1.377245e+03
2.7 1.411574e+03 1.423326e+03 1.442051e+03 1.430299e+03
3.7 1.409432e+03 1.466593e+03 1.443722e+03 1.386561e+03
4.7 1.431169e+03 1.476870e+03 1.443094e+03 1.397393e+03
5.7 1.435176e+03 1.438404e+03 1.442838e+03 1.439610e+03
6.7 1.389559e+03 1.405187e+03 1.444145e+03 1.428517e+03
7.7 1.381008e+03 1.427280e+03 1.444157e+03 1.397886e+03
8.7 1.468631e+03 1.445276e+03 1.442387e+03 1.465742e+03
9.7 1.313338e+03 1.383439e+03 1.440503e+03 1.370402e+03
10.7 1.451923e+03 1.416388e+03 1.439302e+03 1.474837e+03
11.7 1.480342e+03 1.426629e+03 1.438725e+03 1.492438e+03
12.7 1.477555e+03 1.414543e+03 1.438534e+03 1.501546e+03
13.7 1.270646e+03 1.299614e+03 1.438558e+03 1.409589e+03
14.7 1.287579e+03 1.348183e+03 1.438682e+03 1.378078e+03
15.7 1.317701e+03 1.310079e+03 1.438829e+03 1.446451e+03
16.7 1.334576e+03 1.357149e+03 1.438956e+03 1.416383e+03
17.7 1.195275e+03 1.353716e+03 1.439047e+03 1.280606e+03
18.7 1.180720e+03 1.390098e+03 1.439104e+03 1.229726e+03
19.7 1.506576e+03 1.390606e+03 1.439136e+03 1.555106e+03
20.7 1.475445e+03 1.344414e+03 1.439152e+03 1.570184e+03
21.7 1.568036e+03 1.337614e+03 1.439160e+03 1.669582e+03
0.1 1.409432e+03 1.466593e+03 1.443722e+03 1.386561e+03
1.1 1.431169e+03 1.476870e+03 1.443094e+03 1.397393e+03
2.1 1.435176e+03 1.438404e+03 1.442838e+03 1.439610e+03
3.1 1.389559e+03 1.405187e+03 1.444145e+03 1.428517e+03
4.1 1.381008e+03 1.427280e+03 1.444157e+03 1.397886e+03
5.1 1.468631e+03 1.445276e+03 1.442387e+03 1.465742e+03
6.1 1.313338e+03 1.383439e+03 1.440503e+03 1.370402e+03
7.1 1.451923e+03 1.416388e+03 1.439302e+03 1.474837e+03
8.1 1.480342e+03 1.426629e+03 1.438725e+03 1.492438e+03
9.1 1.477555e+03 1.414543e+03 1.438534e+03 1.501546e+03
10.1 1.270646e+03 1.299614e+03 1.438558e+03 1.409589e+03
11.1 1.287579e+03 1.348183e+03 1.438682e+03 1.378078e+03
12.1 1.317701e+03 1.310079e+03 1.438829e+03 1.446451e+03
13.1 1.334576e+03 1.357149e+03 1.438956e+03 1.416383e+03
14.1 1.195275e+03 1.353716e+03 1.439047e+03 1.280606e+03
15.1 1.180720e+03 1.390098e+03 1.439104e+03 1.229726e+03
16.1 1.506576e+03 1.390606e+03 1.439136e+03 1.555106e+03
17.1 1.475445e+03 1.344414e+03 1.439152e+03 1.570184e+03
18.1 1.568036e+03 1.337614e+03 1.439160e+03 1.669582e+03
19.1 1.376224e+03 1.355407e+03 1.439164e+03 1.459980e+03
20.1 1.201234e+03 1.298890e+03 1.439165e+03 1.341510e+03
21.1 1.311289e+03 1.344835e+03 1.439166e+03 1.405620e+03
