0.2 1.107927e+04 1.108878e+04 1.108579e+04 1.107628e+04
1.2 1.104745e+04 1.107238e+04 1.108579e+04 1.106087e+04
2.2 1.106215e+04 1.108037e+04 1.108584e+04 1.106763e+04
3.2 1.107479e+04 1.109920e+04 1.108587e+04 1.106146e+04
4.2 1.107512e+04 1.112569e+04 1.108586e+04 1.103528e+04
5.2 1.115075e+04 1.113924e+04 1.108582e+04 1.109733e+04
6.2 1.123967e+04 1.120059e+04 1.108580e+04 1.112489e+04
7.2 1.120619e+04 1.121449e+04 1.108579e+04 1.107748e+04
8.2 1.106620e+04 1.112238e+04 1.108578e+04 1.102960e+04
9.2 1.105167e+04 1.110600e+04 1.108578e+04 1.103145e+04
10.2 1.103438e+04 1.107952e+04 1.108578e+04 1.104064e+04
11.2 1.105132e+04 1.107735e+04 1.108578e+04 1.105976e+04
12.2 1.117568e+04 1.116319e+04 1.108578e+04 1.109827e+04
13.2 1.121890e+04 1.121070e+04 1.108579e+04 1.109398e+04
14.2 1.114699e+04 1.116359e+04 1.108584e+04 1.106923e+04
15.2 1.111369e+04 1.113934e+04 1.108587e+04 1.106022e+04
16.2 1.105219e+04 1.107261e+04 1.108586e+04 1.106544e+04
17.2 1.101763e+04 1.103270e+04 1.108583e+04 1.107076e+04
18.2 1.104854e+04 1.106720e+04 1.108580e+04 1.106714e+04
19.2 1.110404e+04 1.107541e+04 1.108579e+04 1.111442e+04
20.2 1.115490e+04 1.113782e+04 1.108583e+04 1.110291e+04
1.0 1.121890e+04 1.121070e+04 1.108579e+04 1.109398e+04
2.0 1.114699e+04 1.116359e+04 1.108584e+04 1.106923e+04
3.0 1.111369e+04 1.113934e+04 1.108587e+04 1.106022e+04
4.0 1.105219e+04 1.107261e+04 1.108586e+04 1.106544e+04
5.0 1.101763e+04 1.103270e+04 1.108583e+04 1.107076e+04
6.0 1.104854e+04 1.106720e+04 1.108580e+04 1.106714e+04
7.0 1.110404e+04 1.107541e+04 1.108579e+04 1.111442e+04
8.0 1.115490e+04 1.113782e+04 1.108583e+04 1.110291e+04
9.0 1.126443e+04 1.119077e+04 1.108587e+04 1.115953e+04
10.0 1.126761e+04 1.124694e+04 1.108585e+04 1.110653e+04
11.0 1.116881e+04 1.115687e+04 1.108582e+04 1.109776e+04
12.0 1.110604e+04 1.108100e+04 1.108580e+04 1.111084e+04
13.0 1.104977e+04 1.104738e+04 1.108579e+04 1.108818e+04
14.0 1.096937e+04 1.098732e+04 1.108578e+04 1.106782e+04
15.0 1.095174e+04 1.094576e+04 1.108578e+04 1.109176e+04
16.0 1.093175e+04 1.092221e+04 1.108578e+04 1.109532e+04
17.0 1.094106e+04 1.092033e+04 1.108580e+04 1.110652e+04
18.0 1.095922e+04 1.093509e+04 1.108585e+04 1.110998e+04
19.0 1.100244e+04 1.100889e+04 1.108587e+04 1.107942e+04
20.0 1.116843e+04 1.114455e+04 1.108585e+04 1.110973e+04
21.0 1.121719e+04 1.121196e+04 1.108582e+04 1.109105e+04
1.0 1.110404e+04 1.107541e+04 1.108579e+04 1.111442e+04
2.0 1.115490e+04 1.113782e+04 1.108583e+04 1.110291e+04
3.0 1.126443e+04 1.119077e+04 1.108587e+04 1.115953e+04
4.0 1.126761e+04 1.124694e+04 1.108585e+04 1.110653e+04
5.0 1.116881e+04 1.115687e+04 1.108582e+04 1.109776e+04
6.0 1.110604e+04 1.108100e+04 1.108580e+04 1.111084e+04
7.0 1.104977e+04 1.104738e+04 1.108579e+04 1.108818e+04
8.0 1.096937e+04 1.098732e+04 1.108578e+04 1.106782e+04
9.0 1.095174e+04 1.094576e+04 1.108578e+04 1.109176e+04
10.0 1.093175e+04 1.092221e+04 1.108578e+04 1.109532e+04
11.0 1.094106e+04 1.092033e+04 1.108580e+04 1.110652e+04
12.0 1.095922e+04 1.093509e+04 1.108585e+04 1.110998e+04
13.0 1.100244e+04 1.100889e+04 1.108587e+04 1.107942e+04
14.0 1.116843e+04 1.114455e+04 1.108585e+04 1.110973e+04
15.0 1.121719e+04 1.121196e+04 1.108582e+04 1.109105e+04
16.0 1.111784e+04 1.114388e+04 1.108580e+04 1.105976e+04
17.0 1.103659e+04 1.104251e+04 1.108579e+04 1.107987e+04
18.0 1.098327e+04 1.106131e+04 1.108578e+04 1.100774e+04
19.0 1.093778e+04 1.099816e+04 1.108578e+04 1.102540e+04
20.0 1.093302e+04 1.097857e+04 1.108578e+04 1.104023e+04
21.0 1.096012e+04 1.099200e+04 1.108578e+04 1.105390e+04
0.4 1.093175e+04 1.092221e+04 1.108578e+04 1.109532e+04
1.4 1.094106e+04 1.092033e+04 1.108580e+04 1.110652e+04
2.4 1.095922e+04 1.093509e+04 1.108585e+04 1.110998e+04
3.4 1.100244e+04 1.100889e+04 1.108587e+04 1.107942e+04
4.4 1.116843e+04 1.114455e+04 1.108585e+04 1.110973e+04
5.4 1.121719e+04 1.121196e+04 1.108582e+04 1.109105e+04
6.4 1.111784e+04 1.114388e+04 1.108580e+04 1.105976e+04
7.4 1.103659e+04 1.104251e+04 1.108579e+04 1.107987e+04
8.4 1.098327e+04 1.106131e+04 1.108578e+04 1.100774e+04
9.4 1.093778e+04 1.099816e+04 1.108578e+04 1.102540e+04
10.4 1.093302e+04 1.097857e+04 1.108578e+04 1.104023e+04
11.4 1.096012e+04 1.099200e+04 1.108578e+04 1.105390e+04
12.4 1.099547e+04 1.100432e+04 1.108581e+04 1.107696e+04
13.4 1.104064e+04 1.105769e+04 1.108586e+04 1.106882e+04
14.4 1.109351e+04 1.109804e+04 1.108587e+04 1.108134e+04
15.4 1.124556e+04 1.121039e+04 1.108584e+04 1.112101e+04
16.4 1.125625e+04 1.122291e+04 1.108581e+04 1.111915e+04
17.4 1.120533e+04 1.119592e+04 1.108583e+04 1.109524e+04
18.4 1.112304e+04 1.111788e+04 1.108587e+04 1.109102e+04
19.4 1.109809e+04 1.105619e+04 1.108586e+04 1.112775e+04
20.4 1.109781e+04 1.107695e+04 1.108583e+04 1.110668e+04
0.6 1.096012e+04 1.099200e+04 1.108578e+04 1.105390e+04
1.6 1.099547e+04 1.100432e+04 1.108581e+04 1.107696e+04
2.6 1.104064e+04 1.105769e+04 1.108586e+04 1.106882e+04
3.6 1.109351e+04 1.109804e+04 1.108587e+04 1.108134e+04
4.6 1.124556e+04 1.121039e+04 1.108584e+04 1.112101e+04
5.6 1.125625e+04 1.122291e+04 1.108581e+04 1.111915e+04
6.6 1.120533e+04 1.119592e+04 1.108583e+04 1.109524e+04
7.6 1.112304e+04 1.111788e+04 1.108587e+04 1.109102e+04
8.6 1.109809e+04 1.105619e+04 1.108586e+04 1.112775e+04
9.6 1.109781e+04 1.107695e+04 1.108583e+04 1.110668e+04
10.6 1.103773e+04 1.102964e+04 1.108580e+04 1.109389e+04
11.6 1.100158e+04 1.097332e+04 1.108579e+04 1.111405e+04
12.6 1.096427e+04 1.094483e+04 1.108578e+04 1.110522e+04
13.6 1.101733e+04 1.098994e+04 1.108578e+04 1.111316e+04
14.6 1.105952e+04 1.103324e+04 1.108578e+04 1.111206e+04
15.6 1.097863e+04 1.101973e+04 1.108578e+04 1.104468e+04
16.6 1.095597e+04 1.099061e+04 1.108578e+04 1.105114e+04
17.6 1.097498e+04 1.100901e+04 1.108578e+04 1.105175e+04
18.6 1.101504e+04 1.104638e+04 1.108579e+04 1.105444e+04
19.6 1.107640e+04 1.105489e+04 1.108579e+04 1.110730e+04
20.6 1.110263e+04 1.109579e+04 1.108579e+04 1.109262e+04
0.8 1.125625e+04 1.122291e+04 1.108581e+04 1.111915e+04
1.8 1.120533e+04 1.119592e+04 1.108583e+04 1.109524e+04
2.8 1.112304e+04 1.111788e+04 1.108587e+04 1.109102e+04
3.8 1.109809e+04 1.105619e+04 1.108586e+04 1.112775e+04
4.8 1.109781e+04 1.107695e+04 1.108583e+04 1.110668e+04
5.8 1.103773e+04 1.102964e+04 1.108580e+04 1.109389e+04
6.8 1.100158e+04 1.097332e+04 1.108579e+04 1.111405e+04
7.8 1.096427e+04 1.094483e+04 1.108578e+04 1.110522e+04
8.8 1.101733e+04 1.098994e+04 1.108578e+04 1.111316e+04
9.8 1.105952e+04 1.103324e+04 1.108578e+04 1.111206e+04
10.8 1.097863e+04 1.101973e+04 1.108578e+04 1.104468e+04
11.8 1.095597e+04 1.099061e+04 1.108578e+04 1.105114e+04
12.8 1.097498e+04 1.100901e+04 1.108578e+04 1.105175e+04
13.8 1.101504e+04 1.104638e+04 1.108579e+04 1.105444e+04
14.8 1.107640e+04 1.105489e+04 1.108579e+04 1.110730e+04
15.8 1.110263e+04 1.109579e+04 1.108579e+04 1.109262e+04
16.8 1.110979e+04 1.107719e+04 1.108579e+04 1.111839e+04
17.8 1.111737e+04 1.111888e+04 1.108579e+04 1.108428e+04
18.8 1.111250e+04 1.111863e+04 1.108579e+04 1.107966e+04
19.8 1.109400e+04 1.113272e+04 1.108579e+04 1.104707e+04
20.8 1.115195e+04 1.113804e+04 1.108579e+04 1.109969e+04
0.5 1.092174e+04 1.098398e+04 1.108579e+04 1.102355e+04
1.5 1.113001e+04 1.109633e+04 1.108581e+04 1.111949e+04
2.5 1.121847e+04 1.120238e+04 1.108586e+04 1.110195e+04
3.5 1.111537e+04 1.109965e+04 1.108587e+04 1.110159e+04
4.5 1.100689e+04 1.100720e+04 1.108585e+04 1.108554e+04
5.5 1.094439e+04 1.098926e+04 1.108582e+04 1.104094e+04
6.5 1.095531e+04 1.096965e+04 1.108580e+04 1.107146e+04
7.5 1.098295e+04 1.100150e+04 1.108578e+04 1.106724e+04
8.5 1.098231e+04 1.101718e+04 1.108578e+04 1.105091e+04
9.5 1.103234e+04 1.106481e+04 1.108578e+04 1.105331e+04
10.5 1.117658e+04 1.115350e+04 1.108578e+04 1.110885e+04
11.5 1.125086e+04 1.121250e+04 1.108578e+04 1.112414e+04
12.5 1.122089e+04 1.119004e+04 1.108578e+04 1.111663e+04
13.5 1.113724e+04 1.113050e+04 1.108580e+04 1.109254e+04
14.5 1.102556e+04 1.104811e+04 1.108586e+04 1.106331e+04
15.5 1.097604e+04 1.100891e+04 1.108587e+04 1.105300e+04
16.5 1.098855e+04 1.099388e+04 1.108585e+04 1.108052e+04
17.5 1.107253e+04 1.103406e+04 1.108582e+04 1.112429e+04
18.5 1.109429e+04 1.106383e+04 1.108582e+04 1.111629e+04
19.5 1.112702e+04 1.106985e+04 1.108586e+04 1.114304e+04
20.5 1.114653e+04 1.109574e+04 1.108586e+04 1.113665e+04
0.4 1.122089e+04 1.119004e+04 1.108578e+04 1.111663e+04
1.4 1.113724e+04 1.113050e+04 1.108580e+04 1.109254e+04
2.4 1.102556e+04 1.104811e+04 1.108586e+04 1.106331e+04
3.4 1.097604e+04 1.100891e+04 1.108587e+04 1.105300e+04
4.4 1.098855e+04 1.099388e+04 1.108585e+04 1.108052e+04
5.4 1.107253e+04 1.103406e+04 1.108582e+04 1.112429e+04
6.4 1.109429e+04 1.106383e+04 1.108582e+04 1.111629e+04
7.4 1.112702e+04 1.106985e+04 1.108586e+04 1.114304e+04
8.4 1.114653e+04 1.109574e+04 1.108586e+04 1.113665e+04
9.4 1.115865e+04 1.110937e+04 1.108584e+04 1.113512e+04
10.4 1.118613e+04 1.116459e+04 1.108585e+04 1.110740e+04
11.4 1.116972e+04 1.115898e+04 1.108588e+04 1.109662e+04
12.4 1.121643e+04 1.120649e+04 1.108586e+04 1.109579e+04
13.4 1.123946e+04 1.125815e+04 1.108582e+04 1.106713e+04
14.4 1.125577e+04 1.128481e+04 1.108580e+04 1.105676e+04
15.4 1.121983e+04 1.128193e+04 1.108578e+04 1.102369e+04
16.4 1.119687e+04 1.123333e+04 1.108578e+04 1.104931e+04
17.4 1.119025e+04 1.125498e+04 1.108578e+04 1.102105e+04
18.4 1.117487e+04 1.126388e+04 1.108578e+04 1.099677e+04
19.4 1.119153e+04 1.123208e+04 1.108579e+04 1.104524e+04
20.4 1.117261e+04 1.116005e+04 1.108585e+04 1.109840e+04
0.6 1.107253e+04 1.103406e+04 1.108582e+04 1.112429e+04
1.6 1.109429e+04 1.106383e+04 1.108582e+04 1.111629e+04
2.6 1.112702e+04 1.106985e+04 1.108586e+04 1.114304e+04
3.6 1.114653e+04 1.109574e+04 1.108586e+04 1.113665e+04
4.6 1.115865e+04 1.110937e+04 1.108584e+04 1.113512e+04
5.6 1.118613e+04 1.116459e+04 1.108585e+04 1.110740e+04
6.6 1.116972e+04 1.115898e+04 1.108588e+04 1.109662e+04
7.6 1.121643e+04 1.120649e+04 1.108586e+04 1.109579e+04
8.6 1.123946e+04 1.125815e+04 1.108582e+04 1.106713e+04
9.6 1.125577e+04 1.128481e+04 1.108580e+04 1.105676e+04
10.6 1.121983e+04 1.128193e+04 1.108578e+04 1.102369e+04
11.6 1.119687e+04 1.123333e+04 1.108578e+04 1.104931e+04
12.6 1.119025e+04 1.125498e+04 1.108578e+04 1.102105e+04
13.6 1.117487e+04 1.126388e+04 1.108578e+04 1.099677e+04
14.6 1.119153e+04 1.123208e+04 1.108579e+04 1.104524e+04
15.6 1.117261e+04 1.116005e+04 1.108585e+04 1.109840e+04
16.6 1.116096e+04 1.116004e+04 1.108587e+04 1.108679e+04
17.6 1.109382e+04 1.112365e+04 1.108585e+04 1.105602e+04
18.6 1.106943e+04 1.106175e+04 1.108582e+04 1.109349e+04
19.6 1.107101e+04 1.107472e+04 1.108580e+04 1.108209e+04
20.6 1.115393e+04 1.113475e+04 1.108579e+04 1.110497e+04
1.0 1.115865e+04 1.110937e+04 1.108584e+04 1.113512e+04
2.0 1.118613e+04 1.116459e+04 1.108585e+04 1.110740e+04
3.0 1.116972e+04 1.115898e+04 1.108588e+04 1.109662e+04
4.0 1.121643e+04 1.120649e+04 1.108586e+04 1.109579e+04
5.0 1.123946e+04 1.125815e+04 1.108582e+04 1.106713e+04
6.0 1.125577e+04 1.128481e+04 1.108580e+04 1.105676e+04
7.0 1.121983e+04 1.128193e+04 1.108578e+04 1.102369e+04
8.0 1.119687e+04 1.123333e+04 1.108578e+04 1.104931e+04
9.0 1.119025e+04 1.125498e+04 1.108578e+04 1.102105e+04
10.0 1.117487e+04 1.126388e+04 1.108578e+04 1.099677e+04
11.0 1.119153e+04 1.123208e+04 1.108579e+04 1.104524e+04
12.0 1.117261e+04 1.116005e+04 1.108585e+04 1.109840e+04
13.0 1.116096e+04 1.116004e+04 1.108587e+04 1.108679e+04
14.0 1.109382e+04 1.112365e+04 1.108585e+04 1.105602e+04
15.0 1.106943e+04 1.106175e+04 1.108582e+04 1.109349e+04
16.0 1.107101e+04 1.107472e+04 1.108580e+04 1.108209e+04
17.0 1.115393e+04 1.113475e+04 1.108579e+04 1.110497e+04
18.0 1.115700e+04 1.112951e+04 1.108578e+04 1.111328e+04
19.0 1.113325e+04 1.108842e+04 1.108578e+04 1.113061e+04
20.0 1.106963e+04 1.106397e+04 1.108578e+04 1.109144e+04
21.0 1.103858e+04 1.102307e+04 1.108578e+04 1.110129e+04
0.3 1.117487e+04 1.126388e+04 1.108578e+04 1.099677e+04
1.3 1.119153e+04 1.123208e+04 1.108579e+04 1.104524e+04
2.3 1.117261e+04 1.116005e+04 1.108585e+04 1.109840e+04
3.3 1.116096e+04 1.116004e+04 1.108587e+04 1.108679e+04
4.3 1.109382e+04 1.112365e+04 1.108585e+04 1.105602e+04
5.3 1.106943e+04 1.106175e+04 1.108582e+04 1.109349e+04
6.3 1.107101e+04 1.107472e+04 1.108580e+04 1.108209e+04
7.3 1.115393e+04 1.113475e+04 1.108579e+04 1.110497e+04
8.3 1.115700e+04 1.112951e+04 1.108578e+04 1.111328e+04
9.3 1.113325e+04 1.108842e+04 1.108578e+04 1.113061e+04
10.3 1.106963e+04 1.106397e+04 1.108578e+04 1.109144e+04
11.3 1.103858e+04 1.102307e+04 1.108578e+04 1.110129e+04
12.3 1.104273e+04 1.105466e+04 1.108580e+04 1.107388e+04
13.3 1.105853e+04 1.105785e+04 1.108586e+04 1.108654e+04
14.3 1.109127e+04 1.111513e+04 1.108587e+04 1.106200e+04
15.3 1.119192e+04 1.117166e+04 1.108585e+04 1.110611e+04
16.3 1.121323e+04 1.116112e+04 1.108582e+04 1.113792e+04
17.3 1.102831e+04 1.101051e+04 1.108580e+04 1.110359e+04
18.3 1.094361e+04 1.088215e+04 1.108578e+04 1.114724e+04
19.3 1.084388e+04 1.081977e+04 1.108578e+04 1.110988e+04
20.3 1.084672e+04 1.083158e+04 1.108578e+04 1.110092e+04
0.5 1.103858e+04 1.102307e+04 1.108578e+04 1.110129e+04
1.5 1.104273e+04 1.105466e+04 1.108580e+04 1.107388e+04
2.5 1.105853e+04 1.105785e+04 1.108586e+04 1.108654e+04
3.5 1.109127e+04 1.111513e+04 1.108587e+04 1.106200e+04
4.5 1.119192e+04 1.117166e+04 1.108585e+04 1.110611e+04
5.5 1.121323e+04 1.116112e+04 1.108582e+04 1.113792e+04
6.5 1.102831e+04 1.101051e+04 1.108580e+04 1.110359e+04
7.5 1.094361e+04 1.088215e+04 1.108578e+04 1.114724e+04
8.5 1.084388e+04 1.081977e+04 1.108578e+04 1.110988e+04
9.5 1.084672e+04 1.083158e+04 1.108578e+04 1.110092e+04
10.5 1.085158e+04 1.081418e+04 1.108583e+04 1.112324e+04
11.5 1.086368e+04 1.082915e+04 1.108587e+04 1.112040e+04
12.5 1.088397e+04 1.088751e+04 1.108586e+04 1.108231e+04
13.5 1.090226e+04 1.094924e+04 1.108584e+04 1.103886e+04
14.5 1.093513e+04 1.098298e+04 1.108587e+04 1.103802e+04
15.5 1.096445e+04 1.100365e+04 1.108587e+04 1.104668e+04
16.5 1.101792e+04 1.106945e+04 1.108584e+04 1.103431e+04
17.5 1.104520e+04 1.108819e+04 1.108585e+04 1.104286e+04
18.5 1.109071e+04 1.109220e+04 1.108587e+04 1.108438e+04
19.5 1.115256e+04 1.113649e+04 1.108586e+04 1.110193e+04
20.5 1.114691e+04 1.113970e+04 1.108582e+04 1.109303e+04
0.1 1.084388e+04 1.081977e+04 1.108578e+04 1.110988e+04
1.1 1.084672e+04 1.083158e+04 1.108578e+04 1.110092e+04
2.1 1.085158e+04 1.081418e+04 1.108583e+04 1.112324e+04
3.1 1.086368e+04 1.082915e+04 1.108587e+04 1.112040e+04
4.1 1.088397e+04 1.088751e+04 1.108586e+04 1.108231e+04
5.1 1.090226e+04 1.094924e+04 1.108584e+04 1.103886e+04
6.1 1.093513e+04 1.098298e+04 1.108587e+04 1.103802e+04
7.1 1.096445e+04 1.100365e+04 1.108587e+04 1.104668e+04
8.1 1.101792e+04 1.106945e+04 1.108584e+04 1.103431e+04
9.1 1.104520e+04 1.108819e+04 1.108585e+04 1.104286e+04
10.1 1.109071e+04 1.109220e+04 1.108587e+04 1.108438e+04
11.1 1.115256e+04 1.113649e+04 1.108586e+04 1.110193e+04
12.1 1.114691e+04 1.113970e+04 1.108582e+04 1.109303e+04
13.1 1.116774e+04 1.114910e+04 1.108580e+04 1.110443e+04
14.1 1.116844e+04 1.114722e+04 1.108578e+04 1.110700e+04
15.1 1.115716e+04 1.111773e+04 1.108578e+04 1.112521e+04
16.1 1.114201e+04 1.112221e+04 1.108578e+04 1.110558e+04
17.1 1.114915e+04 1.113151e+04 1.108578e+04 1.110341e+04
18.1 1.116435e+04 1.113262e+04 1.108579e+04 1.111752e+04
19.1 1.127455e+04 1.121861e+04 1.108584e+04 1.114178e+04
20.1 1.122160e+04 1.120543e+04 1.108587e+04 1.110205e+04
0.5 1.088397e+04 1.088751e+04 1.108586e+04 1.108231e+04
1.5 1.090226e+04 1.094924e+04 1.108584e+04 1.103886e+04
2.5 1.093513e+04 1.098298e+04 1.108587e+04 1.103802e+04
3.5 1.096445e+04 1.100365e+04 1.108587e+04 1.104668e+04
4.5 1.101792e+04 1.106945e+04 1.108584e+04 1.103431e+04
5.5 1.104520e+04 1.108819e+04 1.108585e+04 1.104286e+04
6.5 1.109071e+04 1.109220e+04 1.108587e+04 1.108438e+04
7.5 1.115256e+04 1.113649e+04 1.108586e+04 1.110193e+04
8.5 1.114691e+04 1.113970e+04 1.108582e+04 1.109303e+04
9.5 1.116774e+04 1.114910e+04 1.108580e+04 1.110443e+04
10.5 1.116844e+04 1.114722e+04 1.108578e+04 1.110700e+04
11.5 1.115716e+04 1.111773e+04 1.108578e+04 1.112521e+04
12.5 1.114201e+04 1.112221e+04 1.108578e+04 1.110558e+04
13.5 1.114915e+04 1.113151e+04 1.108578e+04 1.110341e+04
14.5 1.116435e+04 1.113262e+04 1.108579e+04 1.111752e+04
15.5 1.127455e+04 1.121861e+04 1.108584e+04 1.114178e+04
16.5 1.122160e+04 1.120543e+04 1.108587e+04 1.110205e+04
17.5 1.111334e+04 1.110557e+04 1.108585e+04 1.109362e+04
18.5 1.101907e+04 1.105836e+04 1.108585e+04 1.104656e+04
19.5 1.093980e+04 1.097519e+04 1.108588e+04 1.105049e+04
20.5 1.092387e+04 1.097965e+04 1.108587e+04 1.103009e+04
0.8 1.101792e+04 1.106945e+04 1.108584e+04 1.103431e+04
1.8 1.104520e+04 1.108819e+04 1.108585e+04 1.104286e+04
2.8 1.109071e+04 1.109220e+04 1.108587e+04 1.108438e+04
3.8 1.115256e+04 1.113649e+04 1.108586e+04 1.110193e+04
4.8 1.114691e+04 1.113970e+04 1.108582e+04 1.109303e+04
5.8 1.116774e+04 1.114910e+04 1.108580e+04 1.110443e+04
6.8 1.116844e+04 1.114722e+04 1.108578e+04 1.110700e+04
7.8 1.115716e+04 1.111773e+04 1.108578e+04 1.112521e+04
8.8 1.114201e+04 1.112221e+04 1.108578e+04 1.110558e+04
9.8 1.114915e+04 1.113151e+04 1.108578e+04 1.110341e+04
10.8 1.116435e+04 1.113262e+04 1.108579e+04 1.111752e+04
11.8 1.127455e+04 1.121861e+04 1.108584e+04 1.114178e+04
12.8 1.122160e+04 1.120543e+04 1.108587e+04 1.110205e+04
13.8 1.111334e+04 1.110557e+04 1.108585e+04 1.109362e+04
14.8 1.101907e+04 1.105836e+04 1.108585e+04 1.104656e+04
15.8 1.093980e+04 1.097519e+04 1.108588e+04 1.105049e+04
16.8 1.092387e+04 1.097965e+04 1.108587e+04 1.103009e+04
17.8 1.096092e+04 1.097126e+04 1.108584e+04 1.107550e+04
18.8 1.100051e+04 1.100442e+04 1.108581e+04 1.108190e+04
19.8 1.101462e+04 1.101225e+04 1.108579e+04 1.108816e+04
20.8 1.102268e+04 1.103880e+04 1.108578e+04 1.106966e+04
0.2 1.114915e+04 1.113151e+04 1.108578e+04 1.110341e+04
1.2 1.116435e+04 1.113262e+04 1.108579e+04 1.111752e+04
2.2 1.127455e+04 1.121861e+04 1.108584e+04 1.114178e+04
3.2 1.122160e+04 1.120543e+04 1.108587e+04 1.110205e+04
4.2 1.111334e+04 1.110557e+04 1.108585e+04 1.109362e+04
5.2 1.101907e+04 1.105836e+04 1.108585e+04 1.104656e+04
6.2 1.093980e+04 1.097519e+04 1.108588e+04 1.105049e+04
7.2 1.092387e+04 1.097965e+04 1.108587e+04 1.103009e+04
8.2 1.096092e+04 1.097126e+04 1.108584e+04 1.107550e+04
9.2 1.100051e+04 1.100442e+04 1.108581e+04 1.108190e+04
10.2 1.101462e+04 1.101225e+04 1.108579e+04 1.108816e+04
11.2 1.102268e+04 1.103880e+04 1.108578e+04 1.106966e+04
12.2 1.100792e+04 1.102600e+04 1.108578e+04 1.106770e+04
13.2 1.100784e+04 1.103342e+04 1.108578e+04 1.106020e+04
14.2 1.106533e+04 1.107395e+04 1.108578e+04 1.107716e+04
15.2 1.109270e+04 1.109043e+04 1.108578e+04 1.108804e+04
16.2 1.114045e+04 1.115670e+04 1.108581e+04 1.106956e+04
17.2 1.113477e+04 1.116955e+04 1.108586e+04 1.105108e+04
18.2 1.113190e+04 1.113509e+04 1.108587e+04 1.108268e+04
19.2 1.114471e+04 1.114569e+04 1.108584e+04 1.108486e+04
20.2 1.114878e+04 1.113044e+04 1.108581e+04 1.110415e+04
0.5 1.111334e+04 1.110557e+04 1.108585e+04 1.109362e+04
1.5 1.101907e+04 1.105836e+04 1.108585e+04 1.104656e+04
2.5 1.093980e+04 1.097519e+04 1.108588e+04 1.105049e+04
3.5 1.092387e+04 1.097965e+04 1.108587e+04 1.103009e+04
4.5 1.096092e+04 1.097126e+04 1.108584e+04 1.107550e+04
5.5 1.100051e+04 1.100442e+04 1.108581e+04 1.108190e+04
6.5 1.101462e+04 1.101225e+04 1.108579e+04 1.108816e+04
7.5 1.102268e+04 1.103880e+04 1.108578e+04 1.106966e+04
8.5 1.100792e+04 1.102600e+04 1.108578e+04 1.106770e+04
9.5 1.100784e+04 1.103342e+04 1.108578e+04 1.106020e+04
10.5 1.106533e+04 1.107395e+04 1.108578e+04 1.107716e+04
11.5 1.109270e+04 1.109043e+04 1.108578e+04 1.108804e+04
12.5 1.114045e+04 1.115670e+04 1.108581e+04 1.106956e+04
13.5 1.113477e+04 1.116955e+04 1.108586e+04 1.105108e+04
14.5 1.113190e+04 1.113509e+04 1.108587e+04 1.108268e+04
15.5 1.114471e+04 1.114569e+04 1.108584e+04 1.108486e+04
16.5 1.114878e+04 1.113044e+04 1.108581e+04 1.110415e+04
17.5 1.116257e+04 1.115130e+04 1.108579e+04 1.109706e+04
18.5 1.118253e+04 1.118738e+04 1.108578e+04 1.108093e+04
19.5 1.117958e+04 1.117349e+04 1.108578e+04 1.109188e+04
20.5 1.118409e+04 1.118076e+04 1.108578e+04 1.108911e+04
0.7 1.109270e+04 1.109043e+04 1.108578e+04 1.108804e+04
1.7 1.114045e+04 1.115670e+04 1.108581e+04 1.106956e+04
2.7 1.113477e+04 1.116955e+04 1.108586e+04 1.105108e+04
3.7 1.113190e+04 1.113509e+04 1.108587e+04 1.108268e+04
4.7 1.114471e+04 1.114569e+04 1.108584e+04 1.108486e+04
5.7 1.114878e+04 1.113044e+04 1.108581e+04 1.110415e+04
6.7 1.116257e+04 1.115130e+04 1.108579e+04 1.109706e+04
7.7 1.118253e+04 1.118738e+04 1.108578e+04 1.108093e+04
8.7 1.117958e+04 1.117349e+04 1.108578e+04 1.109188e+04
9.7 1.118409e+04 1.118076e+04 1.108578e+04 1.108911e+04
10.7 1.115403e+04 1.120260e+04 1.108578e+04 1.103721e+04
11.7 1.113486e+04 1.119725e+04 1.108583e+04 1.102344e+04
12.7 1.132510e+04 1.135558e+04 1.108587e+04 1.105540e+04
13.7 1.141097e+04 1.143437e+04 1.108586e+04 1.106246e+04
14.7 1.135337e+04 1.137290e+04 1.108584e+04 1.106632e+04
15.7 1.127981e+04 1.124990e+04 1.108587e+04 1.111579e+04
16.7 1.125924e+04 1.123322e+04 1.108588e+04 1.111189e+04
17.7 1.125401e+04 1.120625e+04 1.108584e+04 1.113360e+04
18.7 1.122342e+04 1.116762e+04 1.108581e+04 1.114161e+04
19.7 1.125552e+04 1.117908e+04 1.108579e+04 1.116223e+04
20.7 1.126030e+04 1.122082e+04 1.108580e+04 1.112528e+04
1.0 1.115403e+04 1.120260e+04 1.108578e+04 1.103721e+04
2.0 1.113486e+04 1.119725e+04 1.108583e+04 1.102344e+04
3.0 1.132510e+04 1.135558e+04 1.108587e+04 1.105540e+04
4.0 1.141097e+04 1.143437e+04 1.108586e+04 1.106246e+04
5.0 1.135337e+04 1.137290e+04 1.108584e+04 1.106632e+04
6.0 1.127981e+04 1.124990e+04 1.108587e+04 1.111579e+04
7.0 1.125924e+04 1.123322e+04 1.108588e+04 1.111189e+04
8.0 1.125401e+04 1.120625e+04 1.108584e+04 1.113360e+04
9.0 1.122342e+04 1.116762e+04 1.108581e+04 1.114161e+04
10.0 1.125552e+04 1.117908e+04 1.108579e+04 1.116223e+04
11.0 1.126030e+04 1.122082e+04 1.108580e+04 1.112528e+04
12.0 1.127030e+04 1.122803e+04 1.108585e+04 1.112812e+04
13.0 1.132919e+04 1.130838e+04 1.108586e+04 1.110667e+04
14.0 1.130083e+04 1.127991e+04 1.108584e+04 1.110676e+04
15.0 1.127043e+04 1.130490e+04 1.108585e+04 1.105138e+04
16.0 1.126335e+04 1.131568e+04 1.108588e+04 1.103354e+04
17.0 1.119802e+04 1.121397e+04 1.108586e+04 1.106991e+04
18.0 1.118321e+04 1.118479e+04 1.108583e+04 1.108424e+04
19.0 1.114372e+04 1.113944e+04 1.108580e+04 1.109008e+04
20.0 1.107790e+04 1.108366e+04 1.108578e+04 1.108002e+04
21.0 1.114977e+04 1.115369e+04 1.108578e+04 1.108185e+04
0.4 1.141097e+04 1.143437e+04 1.108586e+04 1.106246e+04
1.4 1.135337e+04 1.137290e+04 1.108584e+04 1.106632e+04
2.4 1.127981e+04 1.124990e+04 1.108587e+04 1.111579e+04
3.4 1.125924e+04 1.123322e+04 1.108588e+04 1.111189e+04
4.4 1.125401e+04 1.120625e+04 1.108584e+04 1.113360e+04
5.4 1.122342e+04 1.116762e+04 1.108581e+04 1.114161e+04
6.4 1.125552e+04 1.117908e+04 1.108579e+04 1.116223e+04
7.4 1.126030e+04 1.122082e+04 1.108580e+04 1.112528e+04
8.4 1.127030e+04 1.122803e+04 1.108585e+04 1.112812e+04
9.4 1.132919e+04 1.130838e+04 1.108586e+04 1.110667e+04
10.4 1.130083e+04 1.127991e+04 1.108584e+04 1.110676e+04
11.4 1.127043e+04 1.130490e+04 1.108585e+04 1.105138e+04
12.4 1.126335e+04 1.131568e+04 1.108588e+04 1.103354e+04
13.4 1.119802e+04 1.121397e+04 1.108586e+04 1.106991e+04
14.4 1.118321e+04 1.118479e+04 1.108583e+04 1.108424e+04
15.4 1.114372e+04 1.113944e+04 1.108580e+04 1.109008e+04
16.4 1.107790e+04 1.108366e+04 1.108578e+04 1.108002e+04
17.4 1.114977e+04 1.115369e+04 1.108578e+04 1.108185e+04
18.4 1.118703e+04 1.114714e+04 1.108578e+04 1.112566e+04
19.4 1.126156e+04 1.123963e+04 1.108578e+04 1.110771e+04
20.4 1.129060e+04 1.131814e+04 1.108578e+04 1.105824e+04
0.5 1.125552e+04 1.117908e+04 1.108579e+04 1.116223e+04
1.5 1.126030e+04 1.122082e+04 1.108580e+04 1.112528e+04
2.5 1.127030e+04 1.122803e+04 1.108585e+04 1.112812e+04
3.5 1.132919e+04 1.130838e+04 1.108586e+04 1.110667e+04
4.5 1.130083e+04 1.127991e+04 1.108584e+04 1.110676e+04
5.5 1.127043e+04 1.130490e+04 1.108585e+04 1.105138e+04
6.5 1.126335e+04 1.131568e+04 1.108588e+04 1.103354e+04
7.5 1.119802e+04 1.121397e+04 1.108586e+04 1.106991e+04
8.5 1.118321e+04 1.118479e+04 1.108583e+04 1.108424e+04
9.5 1.114372e+04 1.113944e+04 1.108580e+04 1.109008e+04
10.5 1.107790e+04 1.108366e+04 1.108578e+04 1.108002e+04
11.5 1.114977e+04 1.115369e+04 1.108578e+04 1.108185e+04
12.5 1.118703e+04 1.114714e+04 1.108578e+04 1.112566e+04
13.5 1.126156e+04 1.123963e+04 1.108578e+04 1.110771e+04
14.5 1.129060e+04 1.131814e+04 1.108578e+04 1.105824e+04
15.5 1.134673e+04 1.132418e+04 1.108578e+04 1.110833e+04
16.5 1.135972e+04 1.141313e+04 1.108579e+04 1.103237e+04
17.5 1.134118e+04 1.136452e+04 1.108583e+04 1.106249e+04
18.5 1.138264e+04 1.140585e+04 1.108587e+04 1.106266e+04
19.5 1.135382e+04 1.140427e+04 1.108586e+04 1.103542e+04
20.5 1.135449e+04 1.133362e+04 1.108583e+04 1.110671e+04
0.9 1.130083e+04 1.127991e+04 1.108584e+04 1.110676e+04
1.9 1.127043e+04 1.130490e+04 1.108585e+04 1.105138e+04
2.9 1.126335e+04 1.131568e+04 1.108588e+04 1.103354e+04
3.9 1.119802e+04 1.121397e+04 1.108586e+04 1.106991e+04
4.9 1.118321e+04 1.118479e+04 1.108583e+04 1.108424e+04
5.9 1.114372e+04 1.113944e+04 1.108580e+04 1.109008e+04
6.9 1.107790e+04 1.108366e+04 1.108578e+04 1.108002e+04
7.9 1.114977e+04 1.115369e+04 1.108578e+04 1.108185e+04
8.9 1.118703e+04 1.114714e+04 1.108578e+04 1.112566e+04
9.9 1.126156e+04 1.123963e+04 1.108578e+04 1.110771e+04
10.9 1.129060e+04 1.131814e+04 1.108578e+04 1.105824e+04
11.9 1.134673e+04 1.132418e+04 1.108578e+04 1.110833e+04
12.9 1.135972e+04 1.141313e+04 1.108579e+04 1.103237e+04
13.9 1.134118e+04 1.136452e+04 1.108583e+04 1.106249e+04
14.9 1.138264e+04 1.140585e+04 1.108587e+04 1.106266e+04
15.9 1.135382e+04 1.140427e+04 1.108586e+04 1.103542e+04
16.9 1.135449e+04 1.133362e+04 1.108583e+04 1.110671e+04
17.9 1.132567e+04 1.133411e+04 1.108581e+04 1.107736e+04
18.9 1.123496e+04 1.122845e+04 1.108579e+04 1.109230e+04
19.9 1.128091e+04 1.124838e+04 1.108578e+04 1.111831e+04
20.9 1.125895e+04 1.124562e+04 1.108581e+04 1.109915e+04
0.9 1.135972e+04 1.141313e+04 1.108579e+04 1.103237e+04
1.9 1.134118e+04 1.136452e+04 1.108583e+04 1.106249e+04
2.9 1.138264e+04 1.140585e+04 1.108587e+04 1.106266e+04
3.9 1.135382e+04 1.140427e+04 1.108586e+04 1.103542e+04
4.9 1.135449e+04 1.133362e+04 1.108583e+04 1.110671e+04
5.9 1.132567e+04 1.133411e+04 1.108581e+04 1.107736e+04
6.9 1.123496e+04 1.122845e+04 1.108579e+04 1.109230e+04
7.9 1.128091e+04 1.124838e+04 1.108578e+04 1.111831e+04
8.9 1.125895e+04 1.124562e+04 1.108581e+04 1.109915e+04
9.9 1.128221e+04 1.125683e+04 1.108586e+04 1.111124e+04
10.9 1.127207e+04 1.127152e+04 1.108586e+04 1.108641e+04
11.9 1.121281e+04 1.119306e+04 1.108584e+04 1.110559e+04
12.9 1.115078e+04 1.118484e+04 1.108586e+04 1.105181e+04
13.9 1.110622e+04 1.113426e+04 1.108588e+04 1.105783e+04
14.9 1.110754e+04 1.111210e+04 1.108585e+04 1.108129e+04
15.9 1.113374e+04 1.110025e+04 1.108582e+04 1.111931e+04
16.9 1.111736e+04 1.114619e+04 1.108581e+04 1.105698e+04
17.9 1.105994e+04 1.107004e+04 1.108585e+04 1.107575e+04
18.9 1.110661e+04 1.108881e+04 1.108586e+04 1.110367e+04
19.9 1.106861e+04 1.106313e+04 1.108584e+04 1.109132e+04
20.9 1.103624e+04 1.102411e+04 1.108581e+04 1.109794e+04
0.7 1.128091e+04 1.124838e+04 1.108578e+04 1.111831e+04
1.7 1.125895e+04 1.124562e+04 1.108581e+04 1.109915e+04
2.7 1.128221e+04 1.125683e+04 1.108586e+04 1.111124e+04
3.7 1.127207e+04 1.127152e+04 1.108586e+04 1.108641e+04
4.7 1.121281e+04 1.119306e+04 1.108584e+04 1.110559e+04
5.7 1.115078e+04 1.118484e+04 1.108586e+04 1.105181e+04
6.7 1.110622e+04 1.113426e+04 1.108588e+04 1.105783e+04
7.7 1.110754e+04 1.111210e+04 1.108585e+04 1.108129e+04
8.7 1.113374e+04 1.110025e+04 1.108582e+04 1.111931e+04
9.7 1.111736e+04 1.114619e+04 1.108581e+04 1.105698e+04
10.7 1.105994e+04 1.107004e+04 1.108585e+04 1.107575e+04
11.7 1.110661e+04 1.108881e+04 1.108586e+04 1.110367e+04
12.7 1.106861e+04 1.106313e+04 1.108584e+04 1.109132e+04
13.7 1.103624e+04 1.102411e+04 1.108581e+04 1.109794e+04
14.7 1.104518e+04 1.101027e+04 1.108579e+04 1.112070e+04
15.7 1.097592e+04 1.099400e+04 1.108580e+04 1.106771e+04
16.7 1.099907e+04 1.096778e+04 1.108584e+04 1.111714e+04
17.7 1.100176e+04 1.099899e+04 1.108587e+04 1.108864e+04
18.7 1.097422e+04 1.098202e+04 1.108584e+04 1.107804e+04
19.7 1.096580e+04 1.098075e+04 1.108581e+04 1.107086e+04
20.7 1.093945e+04 1.095140e+04 1.108579e+04 1.107385e+04
0.1 1.127207e+04 1.127152e+04 1.108586e+04 1.108641e+04
1.1 1.121281e+04 1.119306e+04 1.108584e+04 1.110559e+04
2.1 1.115078e+04 1.118484e+04 1.108586e+04 1.105181e+04
3.1 1.110622e+04 1.113426e+04 1.108588e+04 1.105783e+04
4.1 1.110754e+04 1.111210e+04 1.108585e+04 1.108129e+04
5.1 1.113374e+04 1.110025e+04 1.108582e+04 1.111931e+04
6.1 1.111736e+04 1.114619e+04 1.108581e+04 1.105698e+04
7.1 1.105994e+04 1.107004e+04 1.108585e+04 1.107575e+04
8.1 1.110661e+04 1.108881e+04 1.108586e+04 1.110367e+04
9.1 1.106861e+04 1.106313e+04 1.108584e+04 1.109132e+04
10.1 1.103624e+04 1.102411e+04 1.108581e+04 1.109794e+04
11.1 1.104518e+04 1.101027e+04 1.108579e+04 1.112070e+04
12.1 1.097592e+04 1.099400e+04 1.108580e+04 1.106771e+04
13.1 1.099907e+04 1.096778e+04 1.108584e+04 1.111714e+04
14.1 1.100176e+04 1.099899e+04 1.108587e+04 1.108864e+04
15.1 1.097422e+04 1.098202e+04 1.108584e+04 1.107804e+04
16.1 1.096580e+04 1.098075e+04 1.108581e+04 1.107086e+04
17.1 1.093945e+04 1.095140e+04 1.108579e+04 1.107385e+04
18.1 1.091882e+04 1.093168e+04 1.108580e+04 1.107293e+04
19.1 1.094235e+04 1.094130e+04 1.108585e+04 1.108690e+04
20.1 1.098696e+04 1.098487e+04 1.108587e+04 1.108795e+04
0.4 1.113374e+04 1.110025e+04 1.108582e+04 1.111931e+04
1.4 1.111736e+04 1.114619e+04 1.108581e+04 1.105698e+04
2.4 1.105994e+04 1.107004e+04 1.108585e+04 1.107575e+04
3.4 1.110661e+04 1.108881e+04 1.108586e+04 1.110367e+04
4.4 1.106861e+04 1.106313e+04 1.108584e+04 1.109132e+04
5.4 1.103624e+04 1.102411e+04 1.108581e+04 1.109794e+04
6.4 1.104518e+04 1.101027e+04 1.108579e+04 1.112070e+04
7.4 1.097592e+04 1.099400e+04 1.108580e+04 1.106771e+04
8.4 1.099907e+04 1.096778e+04 1.108584e+04 1.111714e+04
9.4 1.100176e+04 1.099899e+04 1.108587e+04 1.108864e+04
10.4 1.097422e+04 1.098202e+04 1.108584e+04 1.107804e+04
11.4 1.096580e+04 1.098075e+04 1.108581e+04 1.107086e+04
12.4 1.093945e+04 1.095140e+04 1.108579e+04 1.107385e+04
13.4 1.091882e+04 1.093168e+04 1.108580e+04 1.107293e+04
14.4 1.094235e+04 1.094130e+04 1.108585e+04 1.108690e+04
15.4 1.098696e+04 1.098487e+04 1.108587e+04 1.108795e+04
16.4 1.097260e+04 1.098197e+04 1.108584e+04 1.107647e+04
17.4 1.093171e+04 1.091163e+04 1.108581e+04 1.110589e+04
18.4 1.096833e+04 1.094655e+04 1.108579e+04 1.110757e+04
19.4 1.093780e+04 1.094458e+04 1.108578e+04 1.107900e+04
20.4 1.094167e+04 1.095336e+04 1.108578e+04 1.107409e+04
0.4 1.104518e+04 1.101027e+04 1.108579e+04 1.112070e+04
1.4 1.097592e+04 1.099400e+04 1.108580e+04 1.106771e+04
2.4 1.099907e+04 1.096778e+04 1.108584e+04 1.111714e+04
3.4 1.100176e+04 1.099899e+04 1.108587e+04 1.108864e+04
4.4 1.097422e+04 1.098202e+04 1.108584e+04 1.107804e+04
5.4 1.096580e+04 1.098075e+04 1.108581e+04 1.107086e+04
6.4 1.093945e+04 1.095140e+04 1.108579e+04 1.107385e+04
7.4 1.091882e+04 1.093168e+04 1.108580e+04 1.107293e+04
8.4 1.094235e+04 1.094130e+04 1.108585e+04 1.108690e+04
9.4 1.098696e+04 1.098487e+04 1.108587e+04 1.108795e+04
10.4 1.097260e+04 1.098197e+04 1.108584e+04 1.107647e+04
11.4 1.093171e+04 1.091163e+04 1.108581e+04 1.110589e+04
12.4 1.096833e+04 1.094655e+04 1.108579e+04 1.110757e+04
13.4 1.093780e+04 1.094458e+04 1.108578e+04 1.107900e+04
14.4 1.094167e+04 1.095336e+04 1.108578e+04 1.107409e+04
15.4 1.091160e+04 1.094609e+04 1.108578e+04 1.105129e+04
16.4 1.092093e+04 1.095063e+04 1.108578e+04 1.105609e+04
17.4 1.095274e+04 1.095997e+04 1.108578e+04 1.107856e+04
18.4 1.095005e+04 1.096075e+04 1.108578e+04 1.107507e+04
19.4 1.088022e+04 1.091828e+04 1.108578e+04 1.104772e+04
20.4 1.092587e+04 1.091937e+04 1.108579e+04 1.109228e+04
0.4 1.093945e+04 1.095140e+04 1.108579e+04 1.107385e+04
1.4 1.091882e+04 1.093168e+04 1.108580e+04 1.107293e+04
2.4 1.094235e+04 1.094130e+04 1.108585e+04 1.108690e+04
3.4 1.098696e+04 1.098487e+04 1.108587e+04 1.108795e+04
4.4 1.097260e+04 1.098197e+04 1.108584e+04 1.107647e+04
5.4 1.093171e+04 1.091163e+04 1.108581e+04 1.110589e+04
6.4 1.096833e+04 1.094655e+04 1.108579e+04 1.110757e+04
7.4 1.093780e+04 1.094458e+04 1.108578e+04 1.107900e+04
8.4 1.094167e+04 1.095336e+04 1.108578e+04 1.107409e+04
9.4 1.091160e+04 1.094609e+04 1.108578e+04 1.105129e+04
10.4 1.092093e+04 1.095063e+04 1.108578e+04 1.105609e+04
11.4 1.095274e+04 1.095997e+04 1.108578e+04 1.107856e+04
12.4 1.095005e+04 1.096075e+04 1.108578e+04 1.107507e+04
13.4 1.088022e+04 1.091828e+04 1.108578e+04 1.104772e+04
14.4 1.092587e+04 1.091937e+04 1.108579e+04 1.109228e+04
15.4 1.096771e+04 1.094268e+04 1.108579e+04 1.111082e+04
16.4 1.101205e+04 1.098702e+04 1.108583e+04 1.111087e+04
17.4 1.095156e+04 1.096125e+04 1.108587e+04 1.107618e+04
18.4 1.093743e+04 1.093817e+04 1.108586e+04 1.108512e+04
19.4 1.095979e+04 1.092369e+04 1.108583e+04 1.112193e+04
20.4 1.092683e+04 1.092363e+04 1.108580e+04 1.108900e+04
1.0 1.096771e+04 1.094268e+04 1.108579e+04 1.111082e+04
2.0 1.101205e+04 1.098702e+04 1.108583e+04 1.111087e+04
3.0 1.095156e+04 1.096125e+04 1.108587e+04 1.107618e+04
4.0 1.093743e+04 1.093817e+04 1.108586e+04 1.108512e+04
5.0 1.095979e+04 1.092369e+04 1.108583e+04 1.112193e+04
6.0 1.092683e+04 1.092363e+04 1.108580e+04 1.108900e+04
7.0 1.091982e+04 1.092209e+04 1.108579e+04 1.108352e+04
8.0 1.092119e+04 1.091895e+04 1.108578e+04 1.108802e+04
9.0 1.088192e+04 1.091545e+04 1.108578e+04 1.105226e+04
10.0 1.096663e+04 1.096132e+04 1.108578e+04 1.109109e+04
11.0 1.098512e+04 1.100449e+04 1.108578e+04 1.106642e+04
12.0 1.102094e+04 1.098805e+04 1.108578e+04 1.111868e+04
13.0 1.101395e+04 1.099769e+04 1.108578e+04 1.110204e+04
14.0 1.094963e+04 1.094547e+04 1.108579e+04 1.108995e+04
15.0 1.092727e+04 1.094418e+04 1.108579e+04 1.106887e+04
16.0 1.092989e+04 1.092343e+04 1.108579e+04 1.109224e+04
17.0 1.097684e+04 1.094759e+04 1.108579e+04 1.111504e+04
18.0 1.098683e+04 1.097636e+04 1.108579e+04 1.109625e+04
19.0 1.101831e+04 1.099822e+04 1.108579e+04 1.110588e+04
20.0 1.096416e+04 1.098986e+04 1.108579e+04 1.106009e+04
21.0 1.094259e+04 1.095518e+04 1.108579e+04 1.107321e+04
0.7 1.101833e+04 1.102316e+04 1.108579e+04 1.108095e+04
1.7 1.096938e+04 1.098539e+04 1.108582e+04 1.106980e+04
2.7 1.101216e+04 1.101945e+04 1.108587e+04 1.107857e+04
3.7 1.115043e+04 1.113296e+04 1.108587e+04 1.110334e+04
4.7 1.115236e+04 1.115693e+04 1.108584e+04 1.108128e+04
5.7 1.114384e+04 1.119223e+04 1.108581e+04 1.103742e+04
6.7 1.109361e+04 1.114836e+04 1.108579e+04 1.103105e+04
