0.5 1.052289e+04 1.053036e+04 1.048979e+04 1.048232e+04
1.5 1.044054e+04 1.045987e+04 1.045682e+04 1.043749e+04
2.5 1.041703e+04 1.041295e+04 1.045597e+04 1.046005e+04
3.5 1.044280e+04 1.043811e+04 1.044620e+04 1.045089e+04
4.5 1.045949e+04 1.046480e+04 1.045262e+04 1.044731e+04
5.5 1.043812e+04 1.044905e+04 1.041197e+04 1.040104e+04
6.5 1.040827e+04 1.045958e+04 1.044847e+04 1.039716e+04
7.5 1.043925e+04 1.046849e+04 1.046396e+04 1.043473e+04
8.5 1.045103e+04 1.046164e+04 1.045080e+04 1.044020e+04
9.5 1.047432e+04 1.045674e+04 1.045755e+04 1.047513e+04
10.5 1.046139e+04 1.047350e+04 1.045165e+04 1.043954e+04
11.5 1.047617e+04 1.048544e+04 1.046408e+04 1.045480e+04
12.5 1.048933e+04 1.048940e+04 1.046760e+04 1.046753e+04
13.5 1.051802e+04 1.052059e+04 1.046499e+04 1.046242e+04
14.5 1.051367e+04 1.053455e+04 1.048818e+04 1.046730e+04
15.5 1.049271e+04 1.049812e+04 1.047024e+04 1.046482e+04
16.5 1.048789e+04 1.046586e+04 1.046928e+04 1.049130e+04
17.5 1.050475e+04 1.045567e+04 1.047758e+04 1.052666e+04
18.5 1.052770e+04 1.048645e+04 1.043973e+04 1.048098e+04
19.5 1.054924e+04 1.052608e+04 1.044763e+04 1.047079e+04
20.5 1.057413e+04 1.057311e+04 1.045799e+04 1.045902e+04
21.5 1.053982e+04 1.056694e+04 1.047217e+04 1.044505e+04
22.5 1.053572e+04 1.050944e+04 1.048161e+04 1.050789e+04
23.5 1.055981e+04 1.048853e+04 1.046656e+04 1.053784e+04
24.5 1.055533e+04 1.048852e+04 1.047611e+04 1.054292e+04
25.5 1.058205e+04 1.054473e+04 1.048434e+04 1.052167e+04
26.5 1.059929e+04 1.053880e+04 1.044444e+04 1.050492e+04
0.5 1.034113e+04 1.032891e+04 1.043463e+04 1.044685e+04
1.5 1.035607e+04 1.032942e+04 1.043980e+04 1.046645e+04
2.5 1.033674e+04 1.033919e+04 1.042418e+04 1.042173e+04
3.5 1.037027e+04 1.035947e+04 1.043574e+04 1.044654e+04
4.5 1.037862e+04 1.037008e+04 1.042839e+04 1.043693e+04
5.5 1.040642e+04 1.042638e+04 1.044229e+04 1.042233e+04
6.5 1.041738e+04 1.042590e+04 1.042489e+04 1.041637e+04
7.5 1.043931e+04 1.043431e+04 1.040236e+04 1.040736e+04
8.5 1.049698e+04 1.048426e+04 1.044256e+04 1.045528e+04
9.5 1.049209e+04 1.049664e+04 1.042332e+04 1.041877e+04
10.5 1.048763e+04 1.049000e+04 1.042858e+04 1.042621e+04
11.5 1.050070e+04 1.047403e+04 1.042932e+04 1.045599e+04
12.5 1.047380e+04 1.044826e+04 1.045145e+04 1.047698e+04
13.5 1.050941e+04 1.045673e+04 1.044091e+04 1.049360e+04
14.5 1.046200e+04 1.045532e+04 1.043236e+04 1.043904e+04
15.5 1.045363e+04 1.044178e+04 1.040352e+04 1.041536e+04
16.5 1.046117e+04 1.045661e+04 1.043742e+04 1.044199e+04
17.5 1.050225e+04 1.046621e+04 1.041973e+04 1.045578e+04
18.5 1.047093e+04 1.046241e+04 1.041769e+04 1.042621e+04
19.5 1.047547e+04 1.046728e+04 1.043611e+04 1.044430e+04
20.5 1.043029e+04 1.043342e+04 1.042528e+04 1.042214e+04
21.5 1.043268e+04 1.043241e+04 1.043242e+04 1.043269e+04
22.5 1.041930e+04 1.040662e+04 1.042794e+04 1.044062e+04
23.5 1.040119e+04 1.042712e+04 1.044107e+04 1.041514e+04
24.5 1.043340e+04 1.042843e+04 1.043677e+04 1.044174e+04
25.5 1.039012e+04 1.039641e+04 1.042560e+04 1.041931e+04
26.5 1.039339e+04 1.041725e+04 1.042931e+04 1.040546e+04
0.5 1.049698e+04 1.048426e+04 1.044256e+04 1.045528e+04
1.5 1.049209e+04 1.049664e+04 1.042332e+04 1.041877e+04
2.5 1.048763e+04 1.049000e+04 1.042858e+04 1.042621e+04
3.5 1.050070e+04 1.047403e+04 1.042932e+04 1.045599e+04
4.5 1.047380e+04 1.044826e+04 1.045145e+04 1.047698e+04
5.5 1.050941e+04 1.045673e+04 1.044091e+04 1.049360e+04
6.5 1.046200e+04 1.045532e+04 1.043236e+04 1.043904e+04
7.5 1.045363e+04 1.044178e+04 1.040352e+04 1.041536e+04
8.5 1.046117e+04 1.045661e+04 1.043742e+04 1.044199e+04
9.5 1.050225e+04 1.046621e+04 1.041973e+04 1.045578e+04
10.5 1.047093e+04 1.046241e+04 1.041769e+04 1.042621e+04
11.5 1.047547e+04 1.046728e+04 1.043611e+04 1.044430e+04
12.5 1.043029e+04 1.043342e+04 1.042528e+04 1.042214e+04
13.5 1.043268e+04 1.043241e+04 1.043242e+04 1.043269e+04
14.5 1.041930e+04 1.040662e+04 1.042794e+04 1.044062e+04
15.5 1.040119e+04 1.042712e+04 1.044107e+04 1.041514e+04
16.5 1.043340e+04 1.042843e+04 1.043677e+04 1.044174e+04
17.5 1.039012e+04 1.039641e+04 1.042560e+04 1.041931e+04
18.5 1.039339e+04 1.041725e+04 1.042931e+04 1.040546e+04
19.5 1.038892e+04 1.038699e+04 1.043293e+04 1.043486e+04
20.5 1.037306e+04 1.038215e+04 1.042968e+04 1.042059e+04
21.5 1.037030e+04 1.035714e+04 1.041944e+04 1.043260e+04
22.5 1.038050e+04 1.038509e+04 1.042871e+04 1.042412e+04
23.5 1.036343e+04 1.038151e+04 1.043731e+04 1.041923e+04
24.5 1.035866e+04 1.037731e+04 1.043800e+04 1.041935e+04
25.5 1.040698e+04 1.039663e+04 1.041944e+04 1.042980e+04
26.5 1.039376e+04 1.038373e+04 1.043248e+04 1.044251e+04
0.5 1.046117e+04 1.045661e+04 1.043742e+04 1.044199e+04
1.5 1.050225e+04 1.046621e+04 1.041973e+04 1.045578e+04
2.5 1.047093e+04 1.046241e+04 1.041769e+04 1.042621e+04
3.5 1.047547e+04 1.046728e+04 1.043611e+04 1.044430e+04
4.5 1.043029e+04 1.043342e+04 1.042528e+04 1.042214e+04
5.5 1.043268e+04 1.043241e+04 1.043242e+04 1.043269e+04
6.5 1.041930e+04 1.040662e+04 1.042794e+04 1.044062e+04
7.5 1.040119e+04 1.042712e+04 1.044107e+04 1.041514e+04
8.5 1.043340e+04 1.042843e+04 1.043677e+04 1.044174e+04
9.5 1.039012e+04 1.039641e+04 1.042560e+04 1.041931e+04
10.5 1.039339e+04 1.041725e+04 1.042931e+04 1.040546e+04
11.5 1.038892e+04 1.038699e+04 1.043293e+04 1.043486e+04
12.5 1.037306e+04 1.038215e+04 1.042968e+04 1.042059e+04
13.5 1.037030e+04 1.035714e+04 1.041944e+04 1.043260e+04
14.5 1.038050e+04 1.038509e+04 1.042871e+04 1.042412e+04
15.5 1.036343e+04 1.038151e+04 1.043731e+04 1.041923e+04
16.5 1.035866e+04 1.037731e+04 1.043800e+04 1.041935e+04
17.5 1.040698e+04 1.039663e+04 1.041944e+04 1.042980e+04
18.5 1.039376e+04 1.038373e+04 1.043248e+04 1.044251e+04
19.5 1.033226e+04 1.036232e+04 1.042801e+04 1.039796e+04
20.5 1.037914e+04 1.036868e+04 1.043153e+04 1.044199e+04
21.5 1.033808e+04 1.035895e+04 1.041927e+04 1.039840e+04
22.5 1.037437e+04 1.038139e+04 1.044422e+04 1.043720e+04
23.5 1.035789e+04 1.037301e+04 1.042062e+04 1.040550e+04
24.5 1.035411e+04 1.038209e+04 1.043665e+04 1.040867e+04
25.5 1.035678e+04 1.035919e+04 1.043821e+04 1.043580e+04
26.5 1.036785e+04 1.038328e+04 1.043536e+04 1.041993e+04
0.5 1.036983e+04 1.040111e+04 1.043629e+04 1.040500e+04
1.5 1.033942e+04 1.037109e+04 1.041473e+04 1.038307e+04
2.5 1.034017e+04 1.034962e+04 1.039242e+04 1.038298e+04
3.5 1.035785e+04 1.035654e+04 1.042778e+04 1.042909e+04
4.5 1.037559e+04 1.036893e+04 1.041631e+04 1.042296e+04
5.5 1.038194e+04 1.037451e+04 1.043697e+04 1.044440e+04
6.5 1.038122e+04 1.037498e+04 1.043540e+04 1.044165e+04
7.5 1.036228e+04 1.036744e+04 1.044913e+04 1.044397e+04
8.5 1.032283e+04 1.029285e+04 1.036680e+04 1.039678e+04
9.5 1.037569e+04 1.034623e+04 1.040600e+04 1.043546e+04
10.5 1.037651e+04 1.035326e+04 1.042853e+04 1.045178e+04
11.5 1.036961e+04 1.036827e+04 1.038751e+04 1.038885e+04
12.5 1.035056e+04 1.038434e+04 1.046111e+04 1.042733e+04
13.5 1.034433e+04 1.034943e+04 1.042158e+04 1.041648e+04
14.5 1.035517e+04 1.034360e+04 1.045131e+04 1.046288e+04
15.5 1.034734e+04 1.033059e+04 1.044155e+04 1.045831e+04
16.5 1.036112e+04 1.035772e+04 1.043283e+04 1.043624e+04
17.5 1.039635e+04 1.039010e+04 1.041439e+04 1.042065e+04
18.5 1.042484e+04 1.042800e+04 1.043907e+04 1.043591e+04
19.5 1.042396e+04 1.040097e+04 1.042477e+04 1.044775e+04
20.5 1.038324e+04 1.038437e+04 1.041734e+04 1.041621e+04
21.5 1.036787e+04 1.036835e+04 1.042913e+04 1.042865e+04
0.5 1.035785e+04 1.035654e+04 1.042778e+04 1.042909e+04
1.5 1.037559e+04 1.036893e+04 1.041631e+04 1.042296e+04
2.5 1.038194e+04 1.037451e+04 1.043697e+04 1.044440e+04
3.5 1.038122e+04 1.037498e+04 1.043540e+04 1.044165e+04
4.5 1.036228e+04 1.036744e+04 1.044913e+04 1.044397e+04
5.5 1.032283e+04 1.029285e+04 1.036680e+04 1.039678e+04
6.5 1.037569e+04 1.034623e+04 1.040600e+04 1.043546e+04
7.5 1.037651e+04 1.035326e+04 1.042853e+04 1.045178e+04
8.5 1.036961e+04 1.036827e+04 1.038751e+04 1.038885e+04
9.5 1.035056e+04 1.038434e+04 1.046111e+04 1.042733e+04
10.5 1.034433e+04 1.034943e+04 1.042158e+04 1.041648e+04
11.5 1.035517e+04 1.034360e+04 1.045131e+04 1.046288e+04
12.5 1.034734e+04 1.033059e+04 1.044155e+04 1.045831e+04
13.5 1.036112e+04 1.035772e+04 1.043283e+04 1.043624e+04
14.5 1.039635e+04 1.039010e+04 1.041439e+04 1.042065e+04
15.5 1.042484e+04 1.042800e+04 1.043907e+04 1.043591e+04
16.5 1.042396e+04 1.040097e+04 1.042477e+04 1.044775e+04
17.5 1.038324e+04 1.038437e+04 1.041734e+04 1.041621e+04
18.5 1.036787e+04 1.036835e+04 1.042913e+04 1.042865e+04
0.5 1.037651e+04 1.035326e+04 1.042853e+04 1.045178e+04
1.5 1.036961e+04 1.036827e+04 1.038751e+04 1.038885e+04
2.5 1.035056e+04 1.038434e+04 1.046111e+04 1.042733e+04
3.5 1.034433e+04 1.034943e+04 1.042158e+04 1.041648e+04
4.5 1.035517e+04 1.034360e+04 1.045131e+04 1.046288e+04
5.5 1.034734e+04 1.033059e+04 1.044155e+04 1.045831e+04
6.5 1.036112e+04 1.035772e+04 1.043283e+04 1.043624e+04
7.5 1.039635e+04 1.039010e+04 1.041439e+04 1.042065e+04
8.5 1.042484e+04 1.042800e+04 1.043907e+04 1.043591e+04
9.5 1.042396e+04 1.040097e+04 1.042477e+04 1.044775e+04
10.5 1.038324e+04 1.038437e+04 1.041734e+04 1.041621e+04
11.5 1.036787e+04 1.036835e+04 1.042913e+04 1.042865e+04
0.5 1.035056e+04 1.038434e+04 1.046111e+04 1.042733e+04
1.5 1.034433e+04 1.034943e+04 1.042158e+04 1.041648e+04
2.5 1.035517e+04 1.034360e+04 1.045131e+04 1.046288e+04
3.5 1.034734e+04 1.033059e+04 1.044155e+04 1.045831e+04
4.5 1.036112e+04 1.035772e+04 1.043283e+04 1.043624e+04
5.5 1.039635e+04 1.039010e+04 1.041439e+04 1.042065e+04
6.5 1.042484e+04 1.042800e+04 1.043907e+04 1.043591e+04
7.5 1.042396e+04 1.040097e+04 1.042477e+04 1.044775e+04
8.5 1.038324e+04 1.038437e+04 1.041734e+04 1.041621e+04
9.5 1.036787e+04 1.036835e+04 1.042913e+04 1.042865e+04
