0.2 1.300327e+03 1.370124e+03 1.430880e+03 1.361083e+03
1.2 1.331535e+03 1.333792e+03 1.431785e+03 1.429528e+03
2.2 1.250403e+03 1.361593e+03 1.440245e+03 1.329055e+03
3.2 1.294285e+03 1.357830e+03 1.453270e+03 1.389725e+03
4.2 1.301105e+03 1.373163e+03 1.455434e+03 1.383377e+03
5.2 1.274982e+03 1.323113e+03 1.447680e+03 1.399549e+03
6.2 1.330491e+03 1.356790e+03 1.439044e+03 1.412744e+03
7.2 1.387557e+03 1.335106e+03 1.434158e+03 1.486609e+03
8.2 1.416457e+03 1.377775e+03 1.439493e+03 1.478175e+03
9.2 1.417404e+03 1.404085e+03 1.451178e+03 1.464497e+03
10.2 1.376318e+03 1.404829e+03 1.453141e+03 1.424630e+03
11.2 1.361579e+03 1.380507e+03 1.448971e+03 1.430043e+03
12.2 1.357294e+03 1.388373e+03 1.453189e+03 1.422110e+03
13.2 1.451055e+03 1.447191e+03 1.459374e+03 1.463238e+03
14.2 1.514364e+03 1.436415e+03 1.454828e+03 1.532776e+03
15.2 1.457042e+03 1.429756e+03 1.449258e+03 1.476545e+03
16.2 1.495442e+03 1.448218e+03 1.453652e+03 1.500875e+03
17.2 1.505613e+03 1.409189e+03 1.455538e+03 1.551962e+03
18.2 1.339216e+03 1.387482e+03 1.447925e+03 1.399660e+03
19.2 1.530954e+03 1.418522e+03 1.438851e+03 1.551283e+03
20.2 1.416930e+03 1.416974e+03 1.439431e+03 1.439388e+03
21.2 1.470703e+03 1.467686e+03 1.449618e+03 1.452634e+03
0.2 1.330491e+03 1.356790e+03 1.439044e+03 1.412744e+03
1.2 1.387557e+03 1.335106e+03 1.434158e+03 1.486609e+03
2.2 1.416457e+03 1.377775e+03 1.439493e+03 1.478175e+03
3.2 1.417404e+03 1.404085e+03 1.451178e+03 1.464497e+03
4.2 1.376318e+03 1.404829e+03 1.453141e+03 1.424630e+03
5.2 1.361579e+03 1.380507e+03 1.448971e+03 1.430043e+03
6.2 1.357294e+03 1.388373e+03 1.453189e+03 1.422110e+03
7.2 1.451055e+03 1.447191e+03 1.459374e+03 1.463238e+03
8.2 1.514364e+03 1.436415e+03 1.454828e+03 1.532776e+03
9.2 1.457042e+03 1.429756e+03 1.449258e+03 1.476545e+03
10.2 1.495442e+03 1.448218e+03 1.453652e+03 1.500875e+03
11.2 1.505613e+03 1.409189e+03 1.455538e+03 1.551962e+03
12.2 1.339216e+03 1.387482e+03 1.447925e+03 1.399660e+03
13.2 1.530954e+03 1.418522e+03 1.438851e+03 1.551283e+03
14.2 1.416930e+03 1.416974e+03 1.439431e+03 1.439388e+03
15.2 1.470703e+03 1.467686e+03 1.449618e+03 1.452634e+03
16.2 1.487616e+03 1.472431e+03 1.452659e+03 1.467843e+03
17.2 1.506060e+03 1.438668e+03 1.445771e+03 1.513163e+03
18.2 1.398156e+03 1.403211e+03 1.437500e+03 1.432446e+03
19.2 1.450966e+03 1.455735e+03 1.432036e+03 1.427266e+03
20.2 1.364394e+03 1.402456e+03 1.429269e+03 1.391207e+03
21.2 1.385369e+03 1.450156e+03 1.428221e+03 1.363434e+03
0.6 1.376318e+03 1.404829e+03 1.453141e+03 1.424630e+03
1.6 1.361579e+03 1.380507e+03 1.448971e+03 1.430043e+03
2.6 1.357294e+03 1.388373e+03 1.453189e+03 1.422110e+03
3.6 1.451055e+03 1.447191e+03 1.459374e+03 1.463238e+03
4.6 1.514364e+03 1.436415e+03 1.454828e+03 1.532776e+03
5.6 1.457042e+03 1.429756e+03 1.449258e+03 1.476545e+03
6.6 1.495442e+03 1.448218e+03 1.453652e+03 1.500875e+03
7.6 1.505613e+03 1.409189e+03 1.455538e+03 1.551962e+03
8.6 1.339216e+03 1.387482e+03 1.447925e+03 1.399660e+03
9.6 1.530954e+03 1.418522e+03 1.438851e+03 1.551283e+03
10.6 1.416930e+03 1.416974e+03 1.439431e+03 1.439388e+03
11.6 1.470703e+03 1.467686e+03 1.449618e+03 1.452634e+03
12.6 1.487616e+03 1.472431e+03 1.452659e+03 1.467843e+03
13.6 1.506060e+03 1.438668e+03 1.445771e+03 1.513163e+03
14.6 1.398156e+03 1.403211e+03 1.437500e+03 1.432446e+03
15.6 1.450966e+03 1.455735e+03 1.432036e+03 1.427266e+03
16.6 1.364394e+03 1.402456e+03 1.429269e+03 1.391207e+03
17.6 1.385369e+03 1.450156e+03 1.428221e+03 1.363434e+03
18.6 1.483806e+03 1.476820e+03 1.428181e+03 1.435167e+03
19.6 1.526558e+03 1.483287e+03 1.428661e+03 1.471932e+03
20.6 1.504378e+03 1.486071e+03 1.430418e+03 1.448725e+03
21.6 1.457307e+03 1.419824e+03 1.440014e+03 1.477497e+03
0.9 1.514364e+03 1.436415e+03 1.454828e+03 1.532776e+03
1.9 1.457042e+03 1.429756e+03 1.449258e+03 1.476545e+03
2.9 1.495442e+03 1.448218e+03 1.453652e+03 1.500875e+03
3.9 1.505613e+03 1.409189e+03 1.455538e+03 1.551962e+03
4.9 1.339216e+03 1.387482e+03 1.447925e+03 1.399660e+03
5.9 1.530954e+03 1.418522e+03 1.438851e+03 1.551283e+03
6.9 1.416930e+03 1.416974e+03 1.439431e+03 1.439388e+03
7.9 1.470703e+03 1.467686e+03 1.449618e+03 1.452634e+03
8.9 1.487616e+03 1.472431e+03 1.452659e+03 1.467843e+03
9.9 1.506060e+03 1.438668e+03 1.445771e+03 1.513163e+03
10.9 1.398156e+03 1.403211e+03 1.437500e+03 1.432446e+03
11.9 1.450966e+03 1.455735e+03 1.432036e+03 1.427266e+03
12.9 1.364394e+03 1.402456e+03 1.429269e+03 1.391207e+03
13.9 1.385369e+03 1.450156e+03 1.428221e+03 1.363434e+03
14.9 1.483806e+03 1.476820e+03 1.428181e+03 1.435167e+03
15.9 1.526558e+03 1.483287e+03 1.428661e+03 1.471932e+03
16.9 1.504378e+03 1.486071e+03 1.430418e+03 1.448725e+03
17.9 1.457307e+03 1.419824e+03 1.440014e+03 1.477497e+03
18.9 1.375443e+03 1.432103e+03 1.453210e+03 1.396550e+03
19.9 1.421029e+03 1.428902e+03 1.454865e+03 1.446992e+03
20.9 1.393887e+03 1.422938e+03 1.446999e+03 1.417948e+03
21.9 1.457267e+03 1.447869e+03 1.438562e+03 1.447960e+03
0.1 1.339216e+03 1.387482e+03 1.447925e+03 1.399660e+03
1.1 1.530954e+03 1.418522e+03 1.438851e+03 1.551283e+03
2.1 1.416930e+03 1.416974e+03 1.439431e+03 1.439388e+03
3.1 1.470703e+03 1.467686e+03 1.449618e+03 1.452634e+03
4.1 1.487616e+03 1.472431e+03 1.452659e+03 1.467843e+03
5.1 1.506060e+03 1.438668e+03 1.445771e+03 1.513163e+03
6.1 1.398156e+03 1.403211e+03 1.437500e+03 1.432446e+03
7.1 1.450966e+03 1.455735e+03 1.432036e+03 1.427266e+03
8.1 1.364394e+03 1.402456e+03 1.429269e+03 1.391207e+03
9.1 1.385369e+03 1.450156e+03 1.428221e+03 1.363434e+03
10.1 1.483806e+03 1.476820e+03 1.428181e+03 1.435167e+03
11.1 1.526558e+03 1.483287e+03 1.428661e+03 1.471932e+03
12.1 1.504378e+03 1.486071e+03 1.430418e+03 1.448725e+03
13.1 1.457307e+03 1.419824e+03 1.440014e+03 1.477497e+03
14.1 1.375443e+03 1.432103e+03 1.453210e+03 1.396550e+03
15.1 1.421029e+03 1.428902e+03 1.454865e+03 1.446992e+03
16.1 1.393887e+03 1.422938e+03 1.446999e+03 1.417948e+03
17.1 1.457267e+03 1.447869e+03 1.438562e+03 1.447960e+03
18.1 1.617977e+03 1.425084e+03 1.432982e+03 1.625875e+03
19.1 1.457397e+03 1.446166e+03 1.429999e+03 1.441230e+03
20.1 1.393188e+03 1.419529e+03 1.428925e+03 1.402585e+03
21.1 1.508621e+03 1.517105e+03 1.433877e+03 1.425393e+03
0.3 1.526558e+03 1.483287e+03 1.428661e+03 1.471932e+03
1.3 1.504378e+03 1.486071e+03 1.430418e+03 1.448725e+03
2.3 1.457307e+03 1.419824e+03 1.440014e+03 1.477497e+03
3.3 1.375443e+03 1.432103e+03 1.453210e+03 1.396550e+03
4.3 1.421029e+03 1.428902e+03 1.454865e+03 1.446992e+03
5.3 1.393887e+03 1.422938e+03 1.446999e+03 1.417948e+03
6.3 1.457267e+03 1.447869e+03 1.438562e+03 1.447960e+03
7.3 1.617977e+03 1.425084e+03 1.432982e+03 1.625875e+03
8.3 1.457397e+03 1.446166e+03 1.429999e+03 1.441230e+03
9.3 1.393188e+03 1.419529e+03 1.428925e+03 1.402585e+03
10.3 1.508621e+03 1.517105e+03 1.433877e+03 1.425393e+03
11.3 1.547819e+03 1.485785e+03 1.447448e+03 1.509481e+03
12.3 1.416042e+03 1.485773e+03 1.454883e+03 1.385152e+03
13.3 1.406126e+03 1.469606e+03 1.451069e+03 1.387588e+03
14.3 1.409489e+03 1.446379e+03 1.451385e+03 1.414495e+03
15.3 1.575777e+03 1.469574e+03 1.457538e+03 1.563741e+03
16.3 1.446842e+03 1.448266e+03 1.455118e+03 1.453693e+03
17.3 1.423459e+03 1.399855e+03 1.445302e+03 1.468906e+03
18.3 1.497585e+03 1.504551e+03 1.436267e+03 1.429301e+03
19.3 1.489085e+03 1.462498e+03 1.430868e+03 1.457455e+03
20.3 1.370510e+03 1.434906e+03 1.428398e+03 1.364002e+03
21.3 1.395418e+03 1.457480e+03 1.427870e+03 1.365808e+03
0.9 1.393188e+03 1.419529e+03 1.428925e+03 1.402585e+03
1.9 1.508621e+03 1.517105e+03 1.433877e+03 1.425393e+03
2.9 1.547819e+03 1.485785e+03 1.447448e+03 1.509481e+03
3.9 1.416042e+03 1.485773e+03 1.454883e+03 1.385152e+03
4.9 1.406126e+03 1.469606e+03 1.451069e+03 1.387588e+03
5.9 1.409489e+03 1.446379e+03 1.451385e+03 1.414495e+03
6.9 1.575777e+03 1.469574e+03 1.457538e+03 1.563741e+03
7.9 1.446842e+03 1.448266e+03 1.455118e+03 1.453693e+03
8.9 1.423459e+03 1.399855e+03 1.445302e+03 1.468906e+03
9.9 1.497585e+03 1.504551e+03 1.436267e+03 1.429301e+03
10.9 1.489085e+03 1.462498e+03 1.430868e+03 1.457455e+03
11.9 1.370510e+03 1.434906e+03 1.428398e+03 1.364002e+03
12.9 1.395418e+03 1.457480e+03 1.427870e+03 1.365808e+03
13.9 1.489445e+03 1.487865e+03 1.433254e+03 1.434834e+03
14.9 1.511276e+03 1.529025e+03 1.447112e+03 1.429362e+03
15.9 1.447805e+03 1.454433e+03 1.454716e+03 1.448088e+03
16.9 1.510864e+03 1.509683e+03 1.451106e+03 1.452287e+03
17.9 1.451519e+03 1.466380e+03 1.451746e+03 1.436885e+03
18.9 1.483542e+03 1.471069e+03 1.457961e+03 1.470433e+03
19.9 1.411191e+03 1.466119e+03 1.455403e+03 1.400476e+03
20.9 1.430105e+03 1.420912e+03 1.445438e+03 1.454631e+03
21.9 1.456193e+03 1.439784e+03 1.436306e+03 1.452715e+03
0.3 1.416042e+03 1.485773e+03 1.454883e+03 1.385152e+03
1.3 1.406126e+03 1.469606e+03 1.451069e+03 1.387588e+03
2.3 1.409489e+03 1.446379e+03 1.451385e+03 1.414495e+03
3.3 1.575777e+03 1.469574e+03 1.457538e+03 1.563741e+03
4.3 1.446842e+03 1.448266e+03 1.455118e+03 1.453693e+03
5.3 1.423459e+03 1.399855e+03 1.445302e+03 1.468906e+03
6.3 1.497585e+03 1.504551e+03 1.436267e+03 1.429301e+03
7.3 1.489085e+03 1.462498e+03 1.430868e+03 1.457455e+03
8.3 1.370510e+03 1.434906e+03 1.428398e+03 1.364002e+03
9.3 1.395418e+03 1.457480e+03 1.427870e+03 1.365808e+03
10.3 1.489445e+03 1.487865e+03 1.433254e+03 1.434834e+03
11.3 1.511276e+03 1.529025e+03 1.447112e+03 1.429362e+03
12.3 1.447805e+03 1.454433e+03 1.454716e+03 1.448088e+03
13.3 1.510864e+03 1.509683e+03 1.451106e+03 1.452287e+03
14.3 1.451519e+03 1.466380e+03 1.451746e+03 1.436885e+03
15.3 1.483542e+03 1.471069e+03 1.457961e+03 1.470433e+03
16.3 1.411191e+03 1.466119e+03 1.455403e+03 1.400476e+03
17.3 1.430105e+03 1.420912e+03 1.445438e+03 1.454631e+03
18.3 1.456193e+03 1.439784e+03 1.436306e+03 1.452715e+03
19.3 1.482274e+03 1.434843e+03 1.432084e+03 1.479515e+03
20.3 1.496769e+03 1.471191e+03 1.438881e+03 1.464459e+03
21.3 1.494011e+03 1.459560e+03 1.450788e+03 1.485239e+03
0.9 1.395418e+03 1.457480e+03 1.427870e+03 1.365808e+03
1.9 1.489445e+03 1.487865e+03 1.433254e+03 1.434834e+03
2.9 1.511276e+03 1.529025e+03 1.447112e+03 1.429362e+03
3.9 1.447805e+03 1.454433e+03 1.454716e+03 1.448088e+03
4.9 1.510864e+03 1.509683e+03 1.451106e+03 1.452287e+03
5.9 1.451519e+03 1.466380e+03 1.451746e+03 1.436885e+03
6.9 1.483542e+03 1.471069e+03 1.457961e+03 1.470433e+03
7.9 1.411191e+03 1.466119e+03 1.455403e+03 1.400476e+03
8.9 1.430105e+03 1.420912e+03 1.445438e+03 1.454631e+03
9.9 1.456193e+03 1.439784e+03 1.436306e+03 1.452715e+03
10.9 1.482274e+03 1.434843e+03 1.432084e+03 1.479515e+03
11.9 1.496769e+03 1.471191e+03 1.438881e+03 1.464459e+03
12.9 1.494011e+03 1.459560e+03 1.450788e+03 1.485239e+03
13.9 1.461546e+03 1.453468e+03 1.452041e+03 1.460118e+03
14.9 1.482354e+03 1.492131e+03 1.444576e+03 1.434798e+03
15.9 1.492932e+03 1.485590e+03 1.436861e+03 1.444203e+03
16.9 1.462983e+03 1.484451e+03 1.431939e+03 1.410470e+03
17.9 1.487302e+03 1.504531e+03 1.429423e+03 1.412195e+03
18.9 1.429403e+03 1.423745e+03 1.428459e+03 1.434117e+03
19.9 1.490831e+03 1.546963e+03 1.428435e+03 1.372303e+03
20.9 1.448171e+03 1.440129e+03 1.428894e+03 1.436936e+03
21.9 1.455129e+03 1.448924e+03 1.429490e+03 1.435695e+03
0.3 1.447805e+03 1.454433e+03 1.454716e+03 1.448088e+03
1.3 1.510864e+03 1.509683e+03 1.451106e+03 1.452287e+03
2.3 1.451519e+03 1.466380e+03 1.451746e+03 1.436885e+03
3.3 1.483542e+03 1.471069e+03 1.457961e+03 1.470433e+03
4.3 1.411191e+03 1.466119e+03 1.455403e+03 1.400476e+03
5.3 1.430105e+03 1.420912e+03 1.445438e+03 1.454631e+03
6.3 1.456193e+03 1.439784e+03 1.436306e+03 1.452715e+03
7.3 1.482274e+03 1.434843e+03 1.432084e+03 1.479515e+03
8.3 1.496769e+03 1.471191e+03 1.438881e+03 1.464459e+03
9.3 1.494011e+03 1.459560e+03 1.450788e+03 1.485239e+03
10.3 1.461546e+03 1.453468e+03 1.452041e+03 1.460118e+03
11.3 1.482354e+03 1.492131e+03 1.444576e+03 1.434798e+03
12.3 1.492932e+03 1.485590e+03 1.436861e+03 1.444203e+03
13.3 1.462983e+03 1.484451e+03 1.431939e+03 1.410470e+03
14.3 1.487302e+03 1.504531e+03 1.429423e+03 1.412195e+03
15.3 1.429403e+03 1.423745e+03 1.428459e+03 1.434117e+03
16.3 1.490831e+03 1.546963e+03 1.428435e+03 1.372303e+03
17.3 1.448171e+03 1.440129e+03 1.428894e+03 1.436936e+03
18.3 1.455129e+03 1.448924e+03 1.429490e+03 1.435695e+03
19.3 1.505434e+03 1.498928e+03 1.430015e+03 1.436521e+03
20.3 1.461895e+03 1.494937e+03 1.430392e+03 1.397349e+03
21.3 1.279444e+03 1.363256e+03 1.430807e+03 1.346996e+03
0.3 1.456193e+03 1.439784e+03 1.436306e+03 1.452715e+03
1.3 1.482274e+03 1.434843e+03 1.432084e+03 1.479515e+03
2.3 1.496769e+03 1.471191e+03 1.438881e+03 1.464459e+03
3.3 1.494011e+03 1.459560e+03 1.450788e+03 1.485239e+03
4.3 1.461546e+03 1.453468e+03 1.452041e+03 1.460118e+03
5.3 1.482354e+03 1.492131e+03 1.444576e+03 1.434798e+03
6.3 1.492932e+03 1.485590e+03 1.436861e+03 1.444203e+03
7.3 1.462983e+03 1.484451e+03 1.431939e+03 1.410470e+03
8.3 1.487302e+03 1.504531e+03 1.429423e+03 1.412195e+03
9.3 1.429403e+03 1.423745e+03 1.428459e+03 1.434117e+03
10.3 1.490831e+03 1.546963e+03 1.428435e+03 1.372303e+03
11.3 1.448171e+03 1.440129e+03 1.428894e+03 1.436936e+03
12.3 1.455129e+03 1.448924e+03 1.429490e+03 1.435695e+03
13.3 1.505434e+03 1.498928e+03 1.430015e+03 1.436521e+03
14.3 1.461895e+03 1.494937e+03 1.430392e+03 1.397349e+03
15.3 1.279444e+03 1.363256e+03 1.430807e+03 1.346996e+03
16.3 1.406575e+03 1.431640e+03 1.436076e+03 1.411012e+03
17.3 1.464526e+03 1.478737e+03 1.449335e+03 1.435125e+03
18.3 1.467437e+03 1.464011e+03 1.456241e+03 1.459666e+03
19.3 1.452007e+03 1.435312e+03 1.450813e+03 1.467508e+03
20.3 1.387752e+03 1.389718e+03 1.442315e+03 1.440350e+03
21.3 1.466654e+03 1.425887e+03 1.442797e+03 1.483563e+03
0.9 1.279444e+03 1.363256e+03 1.430807e+03 1.346996e+03
1.9 1.406575e+03 1.431640e+03 1.436076e+03 1.411012e+03
2.9 1.464526e+03 1.478737e+03 1.449335e+03 1.435125e+03
3.9 1.467437e+03 1.464011e+03 1.456241e+03 1.459666e+03
4.9 1.452007e+03 1.435312e+03 1.450813e+03 1.467508e+03
5.9 1.387752e+03 1.389718e+03 1.442315e+03 1.440350e+03
6.9 1.466654e+03 1.425887e+03 1.442797e+03 1.483563e+03
7.9 1.381867e+03 1.391371e+03 1.452339e+03 1.442835e+03
8.9 1.339459e+03 1.389023e+03 1.454492e+03 1.404928e+03
9.9 1.466413e+03 1.429819e+03 1.446838e+03 1.483433e+03
10.9 1.367312e+03 1.362613e+03 1.438049e+03 1.442748e+03
11.9 1.301987e+03 1.367282e+03 1.432280e+03 1.366986e+03
12.9 1.433476e+03 1.419494e+03 1.429353e+03 1.443335e+03
13.9 1.372968e+03 1.413715e+03 1.428233e+03 1.387486e+03
14.9 1.481814e+03 1.464774e+03 1.428167e+03 1.445207e+03
15.9 1.400013e+03 1.400759e+03 1.428644e+03 1.427898e+03
16.9 1.412632e+03 1.401169e+03 1.429290e+03 1.440753e+03
17.9 1.387964e+03 1.389513e+03 1.429875e+03 1.428326e+03
18.9 1.456587e+03 1.360649e+03 1.430305e+03 1.526242e+03
19.9 1.352442e+03 1.359289e+03 1.430622e+03 1.423774e+03
20.9 1.309130e+03 1.397869e+03 1.434221e+03 1.345482e+03
21.9 1.522332e+03 1.383446e+03 1.446782e+03 1.585668e+03
0.1 1.452007e+03 1.435312e+03 1.450813e+03 1.467508e+03
1.1 1.387752e+03 1.389718e+03 1.442315e+03 1.440350e+03
2.1 1.466654e+03 1.425887e+03 1.442797e+03 1.483563e+03
3.1 1.381867e+03 1.391371e+03 1.452339e+03 1.442835e+03
4.1 1.339459e+03 1.389023e+03 1.454492e+03 1.404928e+03
5.1 1.466413e+03 1.429819e+03 1.446838e+03 1.483433e+03
6.1 1.367312e+03 1.362613e+03 1.438049e+03 1.442748e+03
7.1 1.301987e+03 1.367282e+03 1.432280e+03 1.366986e+03
8.1 1.433476e+03 1.419494e+03 1.429353e+03 1.443335e+03
9.1 1.372968e+03 1.413715e+03 1.428233e+03 1.387486e+03
10.1 1.481814e+03 1.464774e+03 1.428167e+03 1.445207e+03
11.1 1.400013e+03 1.400759e+03 1.428644e+03 1.427898e+03
12.1 1.412632e+03 1.401169e+03 1.429290e+03 1.440753e+03
13.1 1.387964e+03 1.389513e+03 1.429875e+03 1.428326e+03
14.1 1.456587e+03 1.360649e+03 1.430305e+03 1.526242e+03
15.1 1.352442e+03 1.359289e+03 1.430622e+03 1.423774e+03
16.1 1.309130e+03 1.397869e+03 1.434221e+03 1.345482e+03
17.1 1.522332e+03 1.383446e+03 1.446782e+03 1.585668e+03
18.1 1.429692e+03 1.477924e+03 1.457746e+03 1.409514e+03
19.1 1.399157e+03 1.393336e+03 1.455223e+03 1.461044e+03
20.1 1.399810e+03 1.370085e+03 1.445632e+03 1.475357e+03
21.1 1.411205e+03 1.406261e+03 1.437185e+03 1.442128e+03
0.7 1.352442e+03 1.359289e+03 1.430622e+03 1.423774e+03
1.7 1.309130e+03 1.397869e+03 1.434221e+03 1.345482e+03
2.7 1.522332e+03 1.383446e+03 1.446782e+03 1.585668e+03
3.7 1.429692e+03 1.477924e+03 1.457746e+03 1.409514e+03
4.7 1.399157e+03 1.393336e+03 1.455223e+03 1.461044e+03
5.7 1.399810e+03 1.370085e+03 1.445632e+03 1.475357e+03
6.7 1.411205e+03 1.406261e+03 1.437185e+03 1.442128e+03
7.7 1.329723e+03 1.372725e+03 1.431990e+03 1.388988e+03
8.7 1.378717e+03 1.378466e+03 1.429363e+03 1.429615e+03
9.7 1.382072e+03 1.451285e+03 1.428398e+03 1.359185e+03
10.7 1.488548e+03 1.398162e+03 1.428427e+03 1.518813e+03
11.7 1.526377e+03 1.443294e+03 1.428933e+03 1.512016e+03
12.7 1.356546e+03 1.422689e+03 1.429553e+03 1.363410e+03
13.7 1.432018e+03 1.460453e+03 1.432160e+03 1.403725e+03
14.7 1.515942e+03 1.466707e+03 1.443359e+03 1.492593e+03
15.7 1.467510e+03 1.422355e+03 1.454972e+03 1.500127e+03
16.7 1.414381e+03 1.379757e+03 1.453877e+03 1.488501e+03
17.7 1.490748e+03 1.432180e+03 1.445236e+03 1.503803e+03
18.7 1.402068e+03 1.391374e+03 1.437236e+03 1.447929e+03
19.7 1.423797e+03 1.450890e+03 1.432223e+03 1.405131e+03
20.7 1.451050e+03 1.424665e+03 1.429641e+03 1.456026e+03
21.7 1.361212e+03 1.402143e+03 1.428643e+03 1.387712e+03
0.5 1.356546e+03 1.422689e+03 1.429553e+03 1.363410e+03
1.5 1.432018e+03 1.460453e+03 1.432160e+03 1.403725e+03
2.5 1.515942e+03 1.466707e+03 1.443359e+03 1.492593e+03
3.5 1.467510e+03 1.422355e+03 1.454972e+03 1.500127e+03
4.5 1.414381e+03 1.379757e+03 1.453877e+03 1.488501e+03
5.5 1.490748e+03 1.432180e+03 1.445236e+03 1.503803e+03
6.5 1.402068e+03 1.391374e+03 1.437236e+03 1.447929e+03
7.5 1.423797e+03 1.450890e+03 1.432223e+03 1.405131e+03
8.5 1.451050e+03 1.424665e+03 1.429641e+03 1.456026e+03
9.5 1.361212e+03 1.402143e+03 1.428643e+03 1.387712e+03
10.5 1.431234e+03 1.454542e+03 1.428605e+03 1.405297e+03
11.5 1.421190e+03 1.388182e+03 1.429045e+03 1.462053e+03
12.5 1.465456e+03 1.491465e+03 1.429609e+03 1.403600e+03
13.5 1.448150e+03 1.415196e+03 1.430099e+03 1.463053e+03
14.5 1.403364e+03 1.425452e+03 1.430445e+03 1.408356e+03
15.5 1.488207e+03 1.501548e+03 1.430657e+03 1.417315e+03
16.5 1.454146e+03 1.456431e+03 1.430773e+03 1.428488e+03
17.5 1.590828e+03 1.581217e+03 1.430832e+03 1.440443e+03
18.5 1.469201e+03 1.536977e+03 1.430859e+03 1.363083e+03
19.5 1.500407e+03 1.518371e+03 1.430871e+03 1.412907e+03
20.5 1.487104e+03 1.521264e+03 1.430876e+03 1.396716e+03
21.5 1.431140e+03 1.416352e+03 1.430879e+03 1.445667e+03
1.0 1.526532e+03 1.453204e+03 1.431170e+03 1.504498e+03
2.0 1.348937e+03 1.415012e+03 1.437109e+03 1.371034e+03
3.0 1.451403e+03 1.488939e+03 1.450575e+03 1.413039e+03
4.0 1.334268e+03 1.472747e+03 1.456577e+03 1.318098e+03
5.0 1.341353e+03 1.437365e+03 1.450499e+03 1.354487e+03
6.0 1.423088e+03 1.436094e+03 1.441340e+03 1.428335e+03
7.0 1.342552e+03 1.354383e+03 1.434597e+03 1.422766e+03
8.0 1.397020e+03 1.436621e+03 1.430771e+03 1.391170e+03
9.0 1.381585e+03 1.387749e+03 1.428992e+03 1.422827e+03
10.0 1.354278e+03 1.320075e+03 1.428502e+03 1.462705e+03
11.0 1.443776e+03 1.439328e+03 1.428744e+03 1.433192e+03
12.0 1.386636e+03 1.421466e+03 1.429285e+03 1.394455e+03
13.0 1.339366e+03 1.416841e+03 1.429839e+03 1.352364e+03
14.0 1.529100e+03 1.478861e+03 1.430270e+03 1.480508e+03
15.0 1.410867e+03 1.420831e+03 1.430553e+03 1.420589e+03
16.0 1.464094e+03 1.444549e+03 1.430718e+03 1.450263e+03
17.0 1.522659e+03 1.458594e+03 1.430805e+03 1.494870e+03
18.0 1.436543e+03 1.450092e+03 1.430847e+03 1.417297e+03
19.0 1.605896e+03 1.542128e+03 1.430866e+03 1.494634e+03
20.0 1.507612e+03 1.506697e+03 1.430874e+03 1.431789e+03
21.0 1.506220e+03 1.456803e+03 1.430878e+03 1.480295e+03
22.0 1.556750e+03 1.553687e+03 1.430879e+03 1.433942e+03
0.5 1.381008e+03 1.427280e+03 1.430885e+03 1.384614e+03
1.5 1.468631e+03 1.445276e+03 1.432972e+03 1.456326e+03
2.5 1.313338e+03 1.383439e+03 1.443808e+03 1.373707e+03
3.5 1.451923e+03 1.416388e+03 1.455200e+03 1.490735e+03
4.5 1.480342e+03 1.426629e+03 1.453986e+03 1.507699e+03
5.5 1.477555e+03 1.414543e+03 1.445284e+03 1.508297e+03
6.5 1.270646e+03 1.299614e+03 1.437264e+03 1.408295e+03
7.5 1.287579e+03 1.348183e+03 1.434496e+03 1.373893e+03
8.5 1.317701e+03 1.310079e+03 1.443000e+03 1.450621e+03
9.5 1.334576e+03 1.357149e+03 1.453381e+03 1.430808e+03
10.5 1.195275e+03 1.353716e+03 1.452181e+03 1.293740e+03
11.5 1.180720e+03 1.390098e+03 1.449177e+03 1.239798e+03
12.5 1.506576e+03 1.390606e+03 1.454891e+03 1.570860e+03
13.5 1.475445e+03 1.344414e+03 1.456803e+03 1.587834e+03
14.5 1.568036e+03 1.337614e+03 1.448860e+03 1.679282e+03
15.5 1.376224e+03 1.355407e+03 1.439656e+03 1.460473e+03
16.5 1.201234e+03 1.298890e+03 1.440591e+03 1.342936e+03
17.5 1.311289e+03 1.344835e+03 1.450519e+03 1.416973e+03
18.5 1.361263e+03 1.329403e+03 1.452652e+03 1.484511e+03
19.5 1.318617e+03 1.277347e+03 1.445345e+03 1.486614e+03
20.5 1.343738e+03 1.370814e+03 1.437124e+03 1.410048e+03
21.5 1.399018e+03 1.338623e+03 1.431813e+03 1.492208e+03
0.5 1.270646e+03 1.299614e+03 1.437264e+03 1.408295e+03
1.5 1.287579e+03 1.348183e+03 1.434496e+03 1.373893e+03
2.5 1.317701e+03 1.310079e+03 1.443000e+03 1.450621e+03
3.5 1.334576e+03 1.357149e+03 1.453381e+03 1.430808e+03
4.5 1.195275e+03 1.353716e+03 1.452181e+03 1.293740e+03
5.5 1.180720e+03 1.390098e+03 1.449177e+03 1.239798e+03
6.5 1.506576e+03 1.390606e+03 1.454891e+03 1.570860e+03
7.5 1.475445e+03 1.344414e+03 1.456803e+03 1.587834e+03
8.5 1.568036e+03 1.337614e+03 1.448860e+03 1.679282e+03
9.5 1.376224e+03 1.355407e+03 1.439656e+03 1.460473e+03
10.5 1.201234e+03 1.298890e+03 1.440591e+03 1.342936e+03
11.5 1.311289e+03 1.344835e+03 1.450519e+03 1.416973e+03
12.5 1.361263e+03 1.329403e+03 1.452652e+03 1.484511e+03
13.5 1.318617e+03 1.277347e+03 1.445345e+03 1.486614e+03
14.5 1.343738e+03 1.370814e+03 1.437124e+03 1.410048e+03
15.5 1.399018e+03 1.338623e+03 1.431813e+03 1.492208e+03
16.5 1.307590e+03 1.364111e+03 1.429412e+03 1.372892e+03
17.5 1.454999e+03 1.423702e+03 1.434106e+03 1.465402e+03
18.5 1.509952e+03 1.470314e+03 1.447433e+03 1.487071e+03
19.5 1.556113e+03 1.564561e+03 1.454043e+03 1.445595e+03
20.5 1.615357e+03 1.541489e+03 1.450257e+03 1.524125e+03
21.5 1.501418e+03 1.529403e+03 1.451617e+03 1.423631e+03
0.9 1.195275e+03 1.353716e+03 1.452181e+03 1.293740e+03
1.9 1.180720e+03 1.390098e+03 1.449177e+03 1.239798e+03
2.9 1.506576e+03 1.390606e+03 1.454891e+03 1.570860e+03
3.9 1.475445e+03 1.344414e+03 1.456803e+03 1.587834e+03
4.9 1.568036e+03 1.337614e+03 1.448860e+03 1.679282e+03
5.9 1.376224e+03 1.355407e+03 1.439656e+03 1.460473e+03
6.9 1.201234e+03 1.298890e+03 1.440591e+03 1.342936e+03
7.9 1.311289e+03 1.344835e+03 1.450519e+03 1.416973e+03
8.9 1.361263e+03 1.329403e+03 1.452652e+03 1.484511e+03
9.9 1.318617e+03 1.277347e+03 1.445345e+03 1.486614e+03
10.9 1.343738e+03 1.370814e+03 1.437124e+03 1.410048e+03
11.9 1.399018e+03 1.338623e+03 1.431813e+03 1.492208e+03
12.9 1.307590e+03 1.364111e+03 1.429412e+03 1.372892e+03
13.9 1.454999e+03 1.423702e+03 1.434106e+03 1.465402e+03
14.9 1.509952e+03 1.470314e+03 1.447433e+03 1.487071e+03
15.9 1.556113e+03 1.564561e+03 1.454043e+03 1.445595e+03
16.9 1.615357e+03 1.541489e+03 1.450257e+03 1.524125e+03
17.9 1.501418e+03 1.529403e+03 1.451617e+03 1.423631e+03
18.9 1.539573e+03 1.545673e+03 1.457626e+03 1.451526e+03
19.9 1.525745e+03 1.522640e+03 1.454423e+03 1.457528e+03
20.9 1.526759e+03 1.534034e+03 1.448577e+03 1.441302e+03
21.9 1.572188e+03 1.537282e+03 1.452599e+03 1.487505e+03
0.1 1.568036e+03 1.337614e+03 1.448860e+03 1.679282e+03
1.1 1.376224e+03 1.355407e+03 1.439656e+03 1.460473e+03
2.1 1.201234e+03 1.298890e+03 1.440591e+03 1.342936e+03
3.1 1.311289e+03 1.344835e+03 1.450519e+03 1.416973e+03
4.1 1.361263e+03 1.329403e+03 1.452652e+03 1.484511e+03
5.1 1.318617e+03 1.277347e+03 1.445345e+03 1.486614e+03
6.1 1.343738e+03 1.370814e+03 1.437124e+03 1.410048e+03
7.1 1.399018e+03 1.338623e+03 1.431813e+03 1.492208e+03
8.1 1.307590e+03 1.364111e+03 1.429412e+03 1.372892e+03
9.1 1.454999e+03 1.423702e+03 1.434106e+03 1.465402e+03
10.1 1.509952e+03 1.470314e+03 1.447433e+03 1.487071e+03
11.1 1.556113e+03 1.564561e+03 1.454043e+03 1.445595e+03
12.1 1.615357e+03 1.541489e+03 1.450257e+03 1.524125e+03
13.1 1.501418e+03 1.529403e+03 1.451617e+03 1.423631e+03
14.1 1.539573e+03 1.545673e+03 1.457626e+03 1.451526e+03
15.1 1.525745e+03 1.522640e+03 1.454423e+03 1.457528e+03
16.1 1.526759e+03 1.534034e+03 1.448577e+03 1.441302e+03
17.1 1.572188e+03 1.537282e+03 1.452599e+03 1.487505e+03
18.1 1.570858e+03 1.594974e+03 1.455848e+03 1.431732e+03
19.1 1.602382e+03 1.600332e+03 1.449996e+03 1.452046e+03
20.1 1.575620e+03 1.633871e+03 1.448498e+03 1.390247e+03
21.1 1.594992e+03 1.590137e+03 1.454729e+03 1.459584e+03
0.9 1.307590e+03 1.364111e+03 1.429412e+03 1.372892e+03
1.9 1.454999e+03 1.423702e+03 1.434106e+03 1.465402e+03
2.9 1.509952e+03 1.470314e+03 1.447433e+03 1.487071e+03
3.9 1.556113e+03 1.564561e+03 1.454043e+03 1.445595e+03
4.9 1.615357e+03 1.541489e+03 1.450257e+03 1.524125e+03
5.9 1.501418e+03 1.529403e+03 1.451617e+03 1.423631e+03
6.9 1.539573e+03 1.545673e+03 1.457626e+03 1.451526e+03
7.9 1.525745e+03 1.522640e+03 1.454423e+03 1.457528e+03
8.9 1.526759e+03 1.534034e+03 1.448577e+03 1.441302e+03
9.9 1.572188e+03 1.537282e+03 1.452599e+03 1.487505e+03
10.9 1.570858e+03 1.594974e+03 1.455848e+03 1.431732e+03
11.9 1.602382e+03 1.600332e+03 1.449996e+03 1.452046e+03
12.9 1.575620e+03 1.633871e+03 1.448498e+03 1.390247e+03
13.9 1.594992e+03 1.590137e+03 1.454729e+03 1.459584e+03
14.9 1.574524e+03 1.611066e+03 1.453740e+03 1.417198e+03
15.9 1.563935e+03 1.555158e+03 1.444803e+03 1.453580e+03
16.9 1.557959e+03 1.516383e+03 1.437654e+03 1.479229e+03
17.9 1.622960e+03 1.531302e+03 1.442409e+03 1.534068e+03
18.9 1.527583e+03 1.505436e+03 1.452042e+03 1.474189e+03
19.9 1.585929e+03 1.607263e+03 1.451222e+03 1.429889e+03
20.9 1.497087e+03 1.521642e+03 1.443026e+03 1.418471e+03
21.9 1.533774e+03 1.553244e+03 1.435460e+03 1.415990e+03
0.4 1.556113e+03 1.564561e+03 1.454043e+03 1.445595e+03
1.4 1.615357e+03 1.541489e+03 1.450257e+03 1.524125e+03
2.4 1.501418e+03 1.529403e+03 1.451617e+03 1.423631e+03
3.4 1.539573e+03 1.545673e+03 1.457626e+03 1.451526e+03
4.4 1.525745e+03 1.522640e+03 1.454423e+03 1.457528e+03
5.4 1.526759e+03 1.534034e+03 1.448577e+03 1.441302e+03
6.4 1.572188e+03 1.537282e+03 1.452599e+03 1.487505e+03
7.4 1.570858e+03 1.594974e+03 1.455848e+03 1.431732e+03
8.4 1.602382e+03 1.600332e+03 1.449996e+03 1.452046e+03
9.4 1.575620e+03 1.633871e+03 1.448498e+03 1.390247e+03
10.4 1.594992e+03 1.590137e+03 1.454729e+03 1.459584e+03
11.4 1.574524e+03 1.611066e+03 1.453740e+03 1.417198e+03
12.4 1.563935e+03 1.555158e+03 1.444803e+03 1.453580e+03
13.4 1.557959e+03 1.516383e+03 1.437654e+03 1.479229e+03
14.4 1.622960e+03 1.531302e+03 1.442409e+03 1.534068e+03
15.4 1.527583e+03 1.505436e+03 1.452042e+03 1.474189e+03
16.4 1.585929e+03 1.607263e+03 1.451222e+03 1.429889e+03
17.4 1.497087e+03 1.521642e+03 1.443026e+03 1.418471e+03
18.4 1.533774e+03 1.553244e+03 1.435460e+03 1.415990e+03
19.4 1.485599e+03 1.493438e+03 1.432704e+03 1.424865e+03
20.4 1.567430e+03 1.522365e+03 1.440925e+03 1.485990e+03
21.4 1.536624e+03 1.571100e+03 1.452337e+03 1.417861e+03
0.7 1.525745e+03 1.522640e+03 1.454423e+03 1.457528e+03
1.7 1.526759e+03 1.534034e+03 1.448577e+03 1.441302e+03
2.7 1.572188e+03 1.537282e+03 1.452599e+03 1.487505e+03
3.7 1.570858e+03 1.594974e+03 1.455848e+03 1.431732e+03
4.7 1.602382e+03 1.600332e+03 1.449996e+03 1.452046e+03
5.7 1.575620e+03 1.633871e+03 1.448498e+03 1.390247e+03
6.7 1.594992e+03 1.590137e+03 1.454729e+03 1.459584e+03
7.7 1.574524e+03 1.611066e+03 1.453740e+03 1.417198e+03
8.7 1.563935e+03 1.555158e+03 1.444803e+03 1.453580e+03
9.7 1.557959e+03 1.516383e+03 1.437654e+03 1.479229e+03
10.7 1.622960e+03 1.531302e+03 1.442409e+03 1.534068e+03
11.7 1.527583e+03 1.505436e+03 1.452042e+03 1.474189e+03
12.7 1.585929e+03 1.607263e+03 1.451222e+03 1.429889e+03
13.7 1.497087e+03 1.521642e+03 1.443026e+03 1.418471e+03
14.7 1.533774e+03 1.553244e+03 1.435460e+03 1.415990e+03
15.7 1.485599e+03 1.493438e+03 1.432704e+03 1.424865e+03
16.7 1.567430e+03 1.522365e+03 1.440925e+03 1.485990e+03
17.7 1.536624e+03 1.571100e+03 1.452337e+03 1.417861e+03
18.7 1.538187e+03 1.537615e+03 1.452221e+03 1.452793e+03
19.7 1.563861e+03 1.610572e+03 1.444182e+03 1.397471e+03
20.7 1.533599e+03 1.552096e+03 1.436482e+03 1.417985e+03
21.7 1.525148e+03 1.494564e+03 1.433463e+03 1.464047e+03
0.2 1.570858e+03 1.594974e+03 1.455848e+03 1.431732e+03
1.2 1.602382e+03 1.600332e+03 1.449996e+03 1.452046e+03
2.2 1.575620e+03 1.633871e+03 1.448498e+03 1.390247e+03
3.2 1.594992e+03 1.590137e+03 1.454729e+03 1.459584e+03
4.2 1.574524e+03 1.611066e+03 1.453740e+03 1.417198e+03
5.2 1.563935e+03 1.555158e+03 1.444803e+03 1.453580e+03
6.2 1.557959e+03 1.516383e+03 1.437654e+03 1.479229e+03
7.2 1.622960e+03 1.531302e+03 1.442409e+03 1.534068e+03
8.2 1.527583e+03 1.505436e+03 1.452042e+03 1.474189e+03
9.2 1.585929e+03 1.607263e+03 1.451222e+03 1.429889e+03
10.2 1.497087e+03 1.521642e+03 1.443026e+03 1.418471e+03
11.2 1.533774e+03 1.553244e+03 1.435460e+03 1.415990e+03
12.2 1.485599e+03 1.493438e+03 1.432704e+03 1.424865e+03
13.2 1.567430e+03 1.522365e+03 1.440925e+03 1.485990e+03
14.2 1.536624e+03 1.571100e+03 1.452337e+03 1.417861e+03
15.2 1.538187e+03 1.537615e+03 1.452221e+03 1.452793e+03
16.2 1.563861e+03 1.610572e+03 1.444182e+03 1.397471e+03
17.2 1.533599e+03 1.552096e+03 1.436482e+03 1.417985e+03
18.2 1.525148e+03 1.494564e+03 1.433463e+03 1.464047e+03
19.2 1.459041e+03 1.507971e+03 1.441401e+03 1.392472e+03
20.2 1.439223e+03 1.498693e+03 1.452378e+03 1.392908e+03
21.2 1.512522e+03 1.588494e+03 1.451913e+03 1.375941e+03
0.4 1.563935e+03 1.555158e+03 1.444803e+03 1.453580e+03
1.4 1.557959e+03 1.516383e+03 1.437654e+03 1.479229e+03
2.4 1.622960e+03 1.531302e+03 1.442409e+03 1.534068e+03
3.4 1.527583e+03 1.505436e+03 1.452042e+03 1.474189e+03
4.4 1.585929e+03 1.607263e+03 1.451222e+03 1.429889e+03
5.4 1.497087e+03 1.521642e+03 1.443026e+03 1.418471e+03
6.4 1.533774e+03 1.553244e+03 1.435460e+03 1.415990e+03
7.4 1.485599e+03 1.493438e+03 1.432704e+03 1.424865e+03
8.4 1.567430e+03 1.522365e+03 1.440925e+03 1.485990e+03
9.4 1.536624e+03 1.571100e+03 1.452337e+03 1.417861e+03
10.4 1.538187e+03 1.537615e+03 1.452221e+03 1.452793e+03
11.4 1.563861e+03 1.610572e+03 1.444182e+03 1.397471e+03
12.4 1.533599e+03 1.552096e+03 1.436482e+03 1.417985e+03
13.4 1.525148e+03 1.494564e+03 1.433463e+03 1.464047e+03
14.4 1.459041e+03 1.507971e+03 1.441401e+03 1.392472e+03
15.4 1.439223e+03 1.498693e+03 1.452378e+03 1.392908e+03
16.4 1.512522e+03 1.588494e+03 1.451913e+03 1.375941e+03
17.4 1.469829e+03 1.548781e+03 1.443857e+03 1.364905e+03
18.4 1.568180e+03 1.543877e+03 1.436284e+03 1.460586e+03
19.4 1.518748e+03 1.497738e+03 1.433381e+03 1.454391e+03
20.4 1.482105e+03 1.537851e+03 1.441391e+03 1.385645e+03
21.4 1.487607e+03 1.532977e+03 1.452405e+03 1.407035e+03
0.4 1.533774e+03 1.553244e+03 1.435460e+03 1.415990e+03
1.4 1.485599e+03 1.493438e+03 1.432704e+03 1.424865e+03
2.4 1.567430e+03 1.522365e+03 1.440925e+03 1.485990e+03
3.4 1.536624e+03 1.571100e+03 1.452337e+03 1.417861e+03
4.4 1.538187e+03 1.537615e+03 1.452221e+03 1.452793e+03
5.4 1.563861e+03 1.610572e+03 1.444182e+03 1.397471e+03
6.4 1.533599e+03 1.552096e+03 1.436482e+03 1.417985e+03
7.4 1.525148e+03 1.494564e+03 1.433463e+03 1.464047e+03
8.4 1.459041e+03 1.507971e+03 1.441401e+03 1.392472e+03
9.4 1.439223e+03 1.498693e+03 1.452378e+03 1.392908e+03
10.4 1.512522e+03 1.588494e+03 1.451913e+03 1.375941e+03
11.4 1.469829e+03 1.548781e+03 1.443857e+03 1.364905e+03
12.4 1.568180e+03 1.543877e+03 1.436284e+03 1.460586e+03
13.4 1.518748e+03 1.497738e+03 1.433381e+03 1.454391e+03
14.4 1.482105e+03 1.537851e+03 1.441391e+03 1.385645e+03
15.4 1.487607e+03 1.532977e+03 1.452405e+03 1.407035e+03
16.4 1.503309e+03 1.521879e+03 1.451953e+03 1.433384e+03
17.4 1.541093e+03 1.532180e+03 1.443922e+03 1.452835e+03
18.4 1.566722e+03 1.515046e+03 1.439357e+03 1.491033e+03
19.4 1.540347e+03 1.489178e+03 1.446603e+03 1.497772e+03
20.4 1.582527e+03 1.537851e+03 1.454260e+03 1.498937e+03
21.4 1.460551e+03 1.483460e+03 1.450956e+03 1.428046e+03
0.4 1.533599e+03 1.552096e+03 1.436482e+03 1.417985e+03
1.4 1.525148e+03 1.494564e+03 1.433463e+03 1.464047e+03
2.4 1.459041e+03 1.507971e+03 1.441401e+03 1.392472e+03
3.4 1.439223e+03 1.498693e+03 1.452378e+03 1.392908e+03
4.4 1.512522e+03 1.588494e+03 1.451913e+03 1.375941e+03
5.4 1.469829e+03 1.548781e+03 1.443857e+03 1.364905e+03
6.4 1.568180e+03 1.543877e+03 1.436284e+03 1.460586e+03
7.4 1.518748e+03 1.497738e+03 1.433381e+03 1.454391e+03
8.4 1.482105e+03 1.537851e+03 1.441391e+03 1.385645e+03
9.4 1.487607e+03 1.532977e+03 1.452405e+03 1.407035e+03
10.4 1.503309e+03 1.521879e+03 1.451953e+03 1.433384e+03
11.4 1.541093e+03 1.532180e+03 1.443922e+03 1.452835e+03
12.4 1.566722e+03 1.515046e+03 1.439357e+03 1.491033e+03
13.4 1.540347e+03 1.489178e+03 1.446603e+03 1.497772e+03
14.4 1.582527e+03 1.537851e+03 1.454260e+03 1.498937e+03
15.4 1.460551e+03 1.483460e+03 1.450956e+03 1.428046e+03
16.4 1.546510e+03 1.518250e+03 1.448795e+03 1.477054e+03
17.4 1.540139e+03 1.496613e+03 1.455172e+03 1.498698e+03
18.4 1.542345e+03 1.552024e+03 1.455961e+03 1.446282e+03
19.4 1.521390e+03 1.537230e+03 1.447437e+03 1.431597e+03
20.4 1.442872e+03 1.500031e+03 1.438903e+03 1.381743e+03
21.4 1.473459e+03 1.481865e+03 1.441446e+03 1.433041e+03
0.4 1.568180e+03 1.543877e+03 1.436284e+03 1.460586e+03
1.4 1.518748e+03 1.497738e+03 1.433381e+03 1.454391e+03
2.4 1.482105e+03 1.537851e+03 1.441391e+03 1.385645e+03
3.4 1.487607e+03 1.532977e+03 1.452405e+03 1.407035e+03
4.4 1.503309e+03 1.521879e+03 1.451953e+03 1.433384e+03
5.4 1.541093e+03 1.532180e+03 1.443922e+03 1.452835e+03
6.4 1.566722e+03 1.515046e+03 1.439357e+03 1.491033e+03
7.4 1.540347e+03 1.489178e+03 1.446603e+03 1.497772e+03
8.4 1.582527e+03 1.537851e+03 1.454260e+03 1.498937e+03
9.4 1.460551e+03 1.483460e+03 1.450956e+03 1.428046e+03
10.4 1.546510e+03 1.518250e+03 1.448795e+03 1.477054e+03
11.4 1.540139e+03 1.496613e+03 1.455172e+03 1.498698e+03
12.4 1.542345e+03 1.552024e+03 1.455961e+03 1.446282e+03
13.4 1.521390e+03 1.537230e+03 1.447437e+03 1.431597e+03
14.4 1.442872e+03 1.500031e+03 1.438903e+03 1.381743e+03
15.4 1.473459e+03 1.481865e+03 1.441446e+03 1.433041e+03
16.4 1.457579e+03 1.485638e+03 1.451335e+03 1.423277e+03
17.4 1.389918e+03 1.480257e+03 1.452089e+03 1.361750e+03
18.4 1.481354e+03 1.437229e+03 1.444296e+03 1.488421e+03
19.4 1.472544e+03 1.445113e+03 1.438425e+03 1.465856e+03
20.4 1.510674e+03 1.401379e+03 1.444309e+03 1.553604e+03
21.4 1.516234e+03 1.480208e+03 1.453295e+03 1.489322e+03
0.6 1.541093e+03 1.532180e+03 1.443922e+03 1.452835e+03
1.6 1.566722e+03 1.515046e+03 1.439357e+03 1.491033e+03
2.6 1.540347e+03 1.489178e+03 1.446603e+03 1.497772e+03
3.6 1.582527e+03 1.537851e+03 1.454260e+03 1.498937e+03
4.6 1.460551e+03 1.483460e+03 1.450956e+03 1.428046e+03
5.6 1.546510e+03 1.518250e+03 1.448795e+03 1.477054e+03
6.6 1.540139e+03 1.496613e+03 1.455172e+03 1.498698e+03
7.6 1.542345e+03 1.552024e+03 1.455961e+03 1.446282e+03
8.6 1.521390e+03 1.537230e+03 1.447437e+03 1.431597e+03
9.6 1.442872e+03 1.500031e+03 1.438903e+03 1.381743e+03
10.6 1.473459e+03 1.481865e+03 1.441446e+03 1.433041e+03
11.6 1.457579e+03 1.485638e+03 1.451335e+03 1.423277e+03
12.6 1.389918e+03 1.480257e+03 1.452089e+03 1.361750e+03
13.6 1.481354e+03 1.437229e+03 1.444296e+03 1.488421e+03
14.6 1.472544e+03 1.445113e+03 1.438425e+03 1.465856e+03
15.6 1.510674e+03 1.401379e+03 1.444309e+03 1.553604e+03
16.6 1.516234e+03 1.480208e+03 1.453295e+03 1.489322e+03
17.6 1.522644e+03 1.445276e+03 1.451432e+03 1.528801e+03
18.6 1.479266e+03 1.441839e+03 1.447953e+03 1.485380e+03
19.6 1.549334e+03 1.433742e+03 1.453651e+03 1.569243e+03
20.6 1.440031e+03 1.428272e+03 1.456146e+03 1.467905e+03
21.6 1.399491e+03 1.394096e+03 1.449789e+03 1.455184e+03
1.0 1.460551e+03 1.483460e+03 1.450956e+03 1.428046e+03
2.0 1.546510e+03 1.518250e+03 1.448795e+03 1.477054e+03
3.0 1.540139e+03 1.496613e+03 1.455172e+03 1.498698e+03
4.0 1.542345e+03 1.552024e+03 1.455961e+03 1.446282e+03
5.0 1.521390e+03 1.537230e+03 1.447437e+03 1.431597e+03
6.0 1.442872e+03 1.500031e+03 1.438903e+03 1.381743e+03
7.0 1.473459e+03 1.481865e+03 1.441446e+03 1.433041e+03
8.0 1.457579e+03 1.485638e+03 1.451335e+03 1.423277e+03
9.0 1.389918e+03 1.480257e+03 1.452089e+03 1.361750e+03
10.0 1.481354e+03 1.437229e+03 1.444296e+03 1.488421e+03
11.0 1.472544e+03 1.445113e+03 1.438425e+03 1.465856e+03
12.0 1.510674e+03 1.401379e+03 1.444309e+03 1.553604e+03
13.0 1.516234e+03 1.480208e+03 1.453295e+03 1.489322e+03
14.0 1.522644e+03 1.445276e+03 1.451432e+03 1.528801e+03
15.0 1.479266e+03 1.441839e+03 1.447953e+03 1.485380e+03
16.0 1.549334e+03 1.433742e+03 1.453651e+03 1.569243e+03
17.0 1.440031e+03 1.428272e+03 1.456146e+03 1.467905e+03
18.0 1.399491e+03 1.394096e+03 1.449789e+03 1.455184e+03
19.0 1.422793e+03 1.392301e+03 1.449129e+03 1.479621e+03
20.0 1.475700e+03 1.443000e+03 1.455253e+03 1.487953e+03
21.0 1.397324e+03 1.390868e+03 1.453335e+03 1.459791e+03
22.0 1.366748e+03 1.362835e+03 1.447755e+03 1.451668e+03
0.2 1.521390e+03 1.537230e+03 1.447437e+03 1.431597e+03
1.2 1.442872e+03 1.500031e+03 1.438903e+03 1.381743e+03
2.2 1.473459e+03 1.481865e+03 1.441446e+03 1.433041e+03
3.2 1.457579e+03 1.485638e+03 1.451335e+03 1.423277e+03
4.2 1.389918e+03 1.480257e+03 1.452089e+03 1.361750e+03
5.2 1.481354e+03 1.437229e+03 1.444296e+03 1.488421e+03
6.2 1.472544e+03 1.445113e+03 1.438425e+03 1.465856e+03
7.2 1.510674e+03 1.401379e+03 1.444309e+03 1.553604e+03
8.2 1.516234e+03 1.480208e+03 1.453295e+03 1.489322e+03
9.2 1.522644e+03 1.445276e+03 1.451432e+03 1.528801e+03
10.2 1.479266e+03 1.441839e+03 1.447953e+03 1.485380e+03
11.2 1.549334e+03 1.433742e+03 1.453651e+03 1.569243e+03
12.2 1.440031e+03 1.428272e+03 1.456146e+03 1.467905e+03
13.2 1.399491e+03 1.394096e+03 1.449789e+03 1.455184e+03
14.2 1.422793e+03 1.392301e+03 1.449129e+03 1.479621e+03
15.2 1.475700e+03 1.443000e+03 1.455253e+03 1.487953e+03
16.2 1.397324e+03 1.390868e+03 1.453335e+03 1.459791e+03
17.2 1.366748e+03 1.362835e+03 1.447755e+03 1.451668e+03
18.2 1.409301e+03 1.373512e+03 1.451672e+03 1.487461e+03
19.2 1.380763e+03 1.386006e+03 1.455649e+03 1.450406e+03
20.2 1.384435e+03 1.384352e+03 1.449573e+03 1.449656e+03
21.2 1.322988e+03 1.337073e+03 1.439925e+03 1.425840e+03
0.5 1.481354e+03 1.437229e+03 1.444296e+03 1.488421e+03
1.5 1.472544e+03 1.445113e+03 1.438425e+03 1.465856e+03
2.5 1.510674e+03 1.401379e+03 1.444309e+03 1.553604e+03
3.5 1.516234e+03 1.480208e+03 1.453295e+03 1.489322e+03
4.5 1.522644e+03 1.445276e+03 1.451432e+03 1.528801e+03
5.5 1.479266e+03 1.441839e+03 1.447953e+03 1.485380e+03
6.5 1.549334e+03 1.433742e+03 1.453651e+03 1.569243e+03
7.5 1.440031e+03 1.428272e+03 1.456146e+03 1.467905e+03
8.5 1.399491e+03 1.394096e+03 1.449789e+03 1.455184e+03
9.5 1.422793e+03 1.392301e+03 1.449129e+03 1.479621e+03
10.5 1.475700e+03 1.443000e+03 1.455253e+03 1.487953e+03
11.5 1.397324e+03 1.390868e+03 1.453335e+03 1.459791e+03
12.5 1.366748e+03 1.362835e+03 1.447755e+03 1.451668e+03
13.5 1.409301e+03 1.373512e+03 1.451672e+03 1.487461e+03
14.5 1.380763e+03 1.386006e+03 1.455649e+03 1.450406e+03
15.5 1.384435e+03 1.384352e+03 1.449573e+03 1.449656e+03
16.5 1.322988e+03 1.337073e+03 1.439925e+03 1.425840e+03
17.5 1.387649e+03 1.338642e+03 1.432910e+03 1.481917e+03
18.5 1.288570e+03 1.281817e+03 1.432885e+03 1.439637e+03
19.5 1.402217e+03 1.358804e+03 1.443930e+03 1.487344e+03
20.5 1.195097e+03 1.333125e+03 1.452838e+03 1.314810e+03
21.5 1.089049e+03 1.237365e+03 1.449549e+03 1.301233e+03
0.9 1.522644e+03 1.445276e+03 1.451432e+03 1.528801e+03
1.9 1.479266e+03 1.441839e+03 1.447953e+03 1.485380e+03
2.9 1.549334e+03 1.433742e+03 1.453651e+03 1.569243e+03
3.9 1.440031e+03 1.428272e+03 1.456146e+03 1.467905e+03
4.9 1.399491e+03 1.394096e+03 1.449789e+03 1.455184e+03
5.9 1.422793e+03 1.392301e+03 1.449129e+03 1.479621e+03
6.9 1.475700e+03 1.443000e+03 1.455253e+03 1.487953e+03
7.9 1.397324e+03 1.390868e+03 1.453335e+03 1.459791e+03
8.9 1.366748e+03 1.362835e+03 1.447755e+03 1.451668e+03
9.9 1.409301e+03 1.373512e+03 1.451672e+03 1.487461e+03
10.9 1.380763e+03 1.386006e+03 1.455649e+03 1.450406e+03
11.9 1.384435e+03 1.384352e+03 1.449573e+03 1.449656e+03
12.9 1.322988e+03 1.337073e+03 1.439925e+03 1.425840e+03
13.9 1.387649e+03 1.338642e+03 1.432910e+03 1.481917e+03
14.9 1.288570e+03 1.281817e+03 1.432885e+03 1.439637e+03
15.9 1.402217e+03 1.358804e+03 1.443930e+03 1.487344e+03
16.9 1.195097e+03 1.333125e+03 1.452838e+03 1.314810e+03
17.9 1.089049e+03 1.237365e+03 1.449549e+03 1.301233e+03
18.9 1.182819e+03 1.218715e+03 1.441244e+03 1.405348e+03
19.9 1.174544e+03 1.251710e+03 1.434624e+03 1.357459e+03
20.9 1.233404e+03 1.279339e+03 1.434436e+03 1.388501e+03
21.9 1.292737e+03 1.251020e+03 1.445086e+03 1.486803e+03
0.3 1.440031e+03 1.428272e+03 1.456146e+03 1.467905e+03
1.3 1.399491e+03 1.394096e+03 1.449789e+03 1.455184e+03
2.3 1.422793e+03 1.392301e+03 1.449129e+03 1.479621e+03
3.3 1.475700e+03 1.443000e+03 1.455253e+03 1.487953e+03
4.3 1.397324e+03 1.390868e+03 1.453335e+03 1.459791e+03
5.3 1.366748e+03 1.362835e+03 1.447755e+03 1.451668e+03
6.3 1.409301e+03 1.373512e+03 1.451672e+03 1.487461e+03
7.3 1.380763e+03 1.386006e+03 1.455649e+03 1.450406e+03
8.3 1.384435e+03 1.384352e+03 1.449573e+03 1.449656e+03
9.3 1.322988e+03 1.337073e+03 1.439925e+03 1.425840e+03
10.3 1.387649e+03 1.338642e+03 1.432910e+03 1.481917e+03
11.3 1.288570e+03 1.281817e+03 1.432885e+03 1.439637e+03
12.3 1.402217e+03 1.358804e+03 1.443930e+03 1.487344e+03
13.3 1.195097e+03 1.333125e+03 1.452838e+03 1.314810e+03
14.3 1.089049e+03 1.237365e+03 1.449549e+03 1.301233e+03
15.3 1.182819e+03 1.218715e+03 1.441244e+03 1.405348e+03
16.3 1.174544e+03 1.251710e+03 1.434624e+03 1.357459e+03
17.3 1.233404e+03 1.279339e+03 1.434436e+03 1.388501e+03
18.3 1.292737e+03 1.251020e+03 1.445086e+03 1.486803e+03
19.3 1.301498e+03 1.342241e+03 1.453587e+03 1.412844e+03
20.3 1.327524e+03 1.353941e+03 1.449984e+03 1.423567e+03
21.3 1.342742e+03 1.340659e+03 1.441474e+03 1.443557e+03
0.7 1.397324e+03 1.390868e+03 1.453335e+03 1.459791e+03
1.7 1.366748e+03 1.362835e+03 1.447755e+03 1.451668e+03
2.7 1.409301e+03 1.373512e+03 1.451672e+03 1.487461e+03
3.7 1.380763e+03 1.386006e+03 1.455649e+03 1.450406e+03
4.7 1.384435e+03 1.384352e+03 1.449573e+03 1.449656e+03
5.7 1.322988e+03 1.337073e+03 1.439925e+03 1.425840e+03
6.7 1.387649e+03 1.338642e+03 1.432910e+03 1.481917e+03
7.7 1.288570e+03 1.281817e+03 1.432885e+03 1.439637e+03
8.7 1.402217e+03 1.358804e+03 1.443930e+03 1.487344e+03
9.7 1.195097e+03 1.333125e+03 1.452838e+03 1.314810e+03
10.7 1.089049e+03 1.237365e+03 1.449549e+03 1.301233e+03
11.7 1.182819e+03 1.218715e+03 1.441244e+03 1.405348e+03
12.7 1.174544e+03 1.251710e+03 1.434624e+03 1.357459e+03
13.7 1.233404e+03 1.279339e+03 1.434436e+03 1.388501e+03
14.7 1.292737e+03 1.251020e+03 1.445086e+03 1.486803e+03
15.7 1.301498e+03 1.342241e+03 1.453587e+03 1.412844e+03
16.7 1.327524e+03 1.353941e+03 1.449984e+03 1.423567e+03
17.7 1.342742e+03 1.340659e+03 1.441474e+03 1.443557e+03
18.7 1.353733e+03 1.343914e+03 1.434681e+03 1.444501e+03
19.7 1.302469e+03 1.310200e+03 1.430764e+03 1.423033e+03
20.7 1.359176e+03 1.313761e+03 1.428923e+03 1.474338e+03
0.7 1.387649e+03 1.338642e+03 1.432910e+03 1.481917e+03
1.7 1.288570e+03 1.281817e+03 1.432885e+03 1.439637e+03
2.7 1.402217e+03 1.358804e+03 1.443930e+03 1.487344e+03
3.7 1.195097e+03 1.333125e+03 1.452838e+03 1.314810e+03
4.7 1.089049e+03 1.237365e+03 1.449549e+03 1.301233e+03
5.7 1.182819e+03 1.218715e+03 1.441244e+03 1.405348e+03
6.7 1.174544e+03 1.251710e+03 1.434624e+03 1.357459e+03
7.7 1.233404e+03 1.279339e+03 1.434436e+03 1.388501e+03
8.7 1.292737e+03 1.251020e+03 1.445086e+03 1.486803e+03
9.7 1.301498e+03 1.342241e+03 1.453587e+03 1.412844e+03
10.7 1.327524e+03 1.353941e+03 1.449984e+03 1.423567e+03
11.7 1.342742e+03 1.340659e+03 1.441474e+03 1.443557e+03
12.7 1.353733e+03 1.343914e+03 1.434681e+03 1.444501e+03
13.7 1.302469e+03 1.310200e+03 1.430764e+03 1.423033e+03
14.7 1.359176e+03 1.313761e+03 1.428923e+03 1.474338e+03
0.7 1.174544e+03 1.251710e+03 1.434624e+03 1.357459e+03
1.7 1.233404e+03 1.279339e+03 1.434436e+03 1.388501e+03
2.7 1.292737e+03 1.251020e+03 1.445086e+03 1.486803e+03
3.7 1.301498e+03 1.342241e+03 1.453587e+03 1.412844e+03
4.7 1.327524e+03 1.353941e+03 1.449984e+03 1.423567e+03
5.7 1.342742e+03 1.340659e+03 1.441474e+03 1.443557e+03
6.7 1.353733e+03 1.343914e+03 1.434681e+03 1.444501e+03
7.7 1.302469e+03 1.310200e+03 1.430764e+03 1.423033e+03
8.7 1.359176e+03 1.313761e+03 1.428923e+03 1.474338e+03
