0.2 1.045103e+04 1.046164e+04 1.046311e+04 1.045250e+04
1.2 1.047432e+04 1.045674e+04 1.046237e+04 1.047995e+04
2.2 1.046139e+04 1.047350e+04 1.045754e+04 1.044543e+04
3.2 1.047617e+04 1.048544e+04 1.045466e+04 1.044539e+04
4.2 1.048933e+04 1.048940e+04 1.045646e+04 1.045639e+04
5.2 1.051802e+04 1.052059e+04 1.045951e+04 1.045694e+04
6.2 1.051367e+04 1.053455e+04 1.046177e+04 1.044088e+04
7.2 1.049271e+04 1.049812e+04 1.046305e+04 1.045764e+04
8.2 1.048789e+04 1.046586e+04 1.046367e+04 1.048569e+04
9.2 1.050475e+04 1.045567e+04 1.046386e+04 1.051293e+04
10.2 1.052770e+04 1.048645e+04 1.046380e+04 1.050505e+04
11.2 1.054924e+04 1.052608e+04 1.046363e+04 1.048679e+04
12.2 1.057413e+04 1.057311e+04 1.046345e+04 1.046448e+04
13.2 1.053982e+04 1.056694e+04 1.046290e+04 1.043578e+04
14.2 1.053572e+04 1.050944e+04 1.045842e+04 1.048471e+04
15.2 1.055981e+04 1.048853e+04 1.045479e+04 1.052607e+04
16.2 1.055533e+04 1.048852e+04 1.045607e+04 1.052288e+04
17.2 1.058205e+04 1.054473e+04 1.045912e+04 1.049644e+04
18.2 1.059929e+04 1.053880e+04 1.046151e+04 1.052200e+04
19.2 1.060750e+04 1.060495e+04 1.046256e+04 1.046511e+04
20.2 1.058327e+04 1.059027e+04 1.045898e+04 1.045197e+04
1.0 1.053982e+04 1.056694e+04 1.046290e+04 1.043578e+04
2.0 1.053572e+04 1.050944e+04 1.045842e+04 1.048471e+04
3.0 1.055981e+04 1.048853e+04 1.045479e+04 1.052607e+04
4.0 1.055533e+04 1.048852e+04 1.045607e+04 1.052288e+04
5.0 1.058205e+04 1.054473e+04 1.045912e+04 1.049644e+04
6.0 1.059929e+04 1.053880e+04 1.046151e+04 1.052200e+04
7.0 1.060750e+04 1.060495e+04 1.046256e+04 1.046511e+04
8.0 1.058327e+04 1.059027e+04 1.045898e+04 1.045197e+04
9.0 1.050666e+04 1.057778e+04 1.045550e+04 1.038438e+04
10.0 1.042967e+04 1.049719e+04 1.045667e+04 1.038916e+04
11.0 1.040758e+04 1.042616e+04 1.045957e+04 1.044099e+04
12.0 1.038920e+04 1.040279e+04 1.046182e+04 1.044823e+04
13.0 1.038616e+04 1.039233e+04 1.046311e+04 1.045694e+04
14.0 1.037272e+04 1.040393e+04 1.046372e+04 1.043250e+04
15.0 1.041456e+04 1.043562e+04 1.046391e+04 1.044285e+04
16.0 1.044520e+04 1.047081e+04 1.046384e+04 1.043823e+04
17.0 1.049275e+04 1.051399e+04 1.046216e+04 1.044092e+04
18.0 1.050800e+04 1.051578e+04 1.045680e+04 1.044902e+04
19.0 1.053512e+04 1.053700e+04 1.045499e+04 1.045311e+04
20.0 1.052771e+04 1.052806e+04 1.045729e+04 1.045694e+04
21.0 1.047479e+04 1.049358e+04 1.046018e+04 1.044139e+04
1.0 1.060750e+04 1.060495e+04 1.046256e+04 1.046511e+04
2.0 1.058327e+04 1.059027e+04 1.045898e+04 1.045197e+04
3.0 1.050666e+04 1.057778e+04 1.045550e+04 1.038438e+04
4.0 1.042967e+04 1.049719e+04 1.045667e+04 1.038916e+04
5.0 1.040758e+04 1.042616e+04 1.045957e+04 1.044099e+04
6.0 1.038920e+04 1.040279e+04 1.046182e+04 1.044823e+04
7.0 1.038616e+04 1.039233e+04 1.046311e+04 1.045694e+04
8.0 1.037272e+04 1.040393e+04 1.046372e+04 1.043250e+04
9.0 1.041456e+04 1.043562e+04 1.046391e+04 1.044285e+04
10.0 1.044520e+04 1.047081e+04 1.046384e+04 1.043823e+04
11.0 1.049275e+04 1.051399e+04 1.046216e+04 1.044092e+04
12.0 1.050800e+04 1.051578e+04 1.045680e+04 1.044902e+04
13.0 1.053512e+04 1.053700e+04 1.045499e+04 1.045311e+04
14.0 1.052771e+04 1.052806e+04 1.045729e+04 1.045694e+04
15.0 1.047479e+04 1.049358e+04 1.046018e+04 1.044139e+04
16.0 1.040979e+04 1.042247e+04 1.046216e+04 1.044949e+04
17.0 1.037982e+04 1.040206e+04 1.046325e+04 1.044101e+04
18.0 1.043687e+04 1.041266e+04 1.046375e+04 1.048796e+04
19.0 1.047877e+04 1.043317e+04 1.046386e+04 1.050946e+04
20.0 1.048638e+04 1.046068e+04 1.046376e+04 1.048947e+04
21.0 1.055873e+04 1.053080e+04 1.046356e+04 1.049150e+04
0.4 1.044520e+04 1.047081e+04 1.046384e+04 1.043823e+04
1.4 1.049275e+04 1.051399e+04 1.046216e+04 1.044092e+04
2.4 1.050800e+04 1.051578e+04 1.045680e+04 1.044902e+04
3.4 1.053512e+04 1.053700e+04 1.045499e+04 1.045311e+04
4.4 1.052771e+04 1.052806e+04 1.045729e+04 1.045694e+04
5.4 1.047479e+04 1.049358e+04 1.046018e+04 1.044139e+04
6.4 1.040979e+04 1.042247e+04 1.046216e+04 1.044949e+04
7.4 1.037982e+04 1.040206e+04 1.046325e+04 1.044101e+04
8.4 1.043687e+04 1.041266e+04 1.046375e+04 1.048796e+04
9.4 1.047877e+04 1.043317e+04 1.046386e+04 1.050946e+04
10.4 1.048638e+04 1.046068e+04 1.046376e+04 1.048947e+04
11.4 1.055873e+04 1.053080e+04 1.046356e+04 1.049150e+04
12.4 1.057009e+04 1.054721e+04 1.046098e+04 1.048385e+04
13.4 1.060021e+04 1.055070e+04 1.045582e+04 1.050533e+04
14.4 1.060764e+04 1.055419e+04 1.045513e+04 1.050858e+04
15.4 1.053377e+04 1.053633e+04 1.045784e+04 1.045528e+04
16.4 1.046466e+04 1.050183e+04 1.046049e+04 1.042332e+04
17.4 1.037936e+04 1.041854e+04 1.045876e+04 1.041959e+04
18.4 1.039142e+04 1.040578e+04 1.045531e+04 1.044095e+04
19.4 1.041388e+04 1.039689e+04 1.045620e+04 1.047319e+04
20.4 1.040551e+04 1.039578e+04 1.045925e+04 1.046898e+04
0.6 1.055873e+04 1.053080e+04 1.046356e+04 1.049150e+04
1.6 1.057009e+04 1.054721e+04 1.046098e+04 1.048385e+04
2.6 1.060021e+04 1.055070e+04 1.045582e+04 1.050533e+04
3.6 1.060764e+04 1.055419e+04 1.045513e+04 1.050858e+04
4.6 1.053377e+04 1.053633e+04 1.045784e+04 1.045528e+04
5.6 1.046466e+04 1.050183e+04 1.046049e+04 1.042332e+04
6.6 1.037936e+04 1.041854e+04 1.045876e+04 1.041959e+04
7.6 1.039142e+04 1.040578e+04 1.045531e+04 1.044095e+04
8.6 1.041388e+04 1.039689e+04 1.045620e+04 1.047319e+04
9.6 1.040551e+04 1.039578e+04 1.045925e+04 1.046898e+04
10.6 1.038823e+04 1.039016e+04 1.046174e+04 1.045981e+04
11.6 1.038048e+04 1.039908e+04 1.046315e+04 1.044455e+04
12.6 1.041574e+04 1.043408e+04 1.046379e+04 1.044546e+04
13.6 1.042497e+04 1.045513e+04 1.046398e+04 1.043383e+04
14.6 1.045473e+04 1.046199e+04 1.046392e+04 1.045666e+04
15.6 1.045579e+04 1.044293e+04 1.046373e+04 1.047659e+04
16.6 1.048443e+04 1.047085e+04 1.046353e+04 1.047711e+04
17.6 1.051819e+04 1.050934e+04 1.046336e+04 1.047220e+04
18.6 1.055904e+04 1.054706e+04 1.046324e+04 1.047522e+04
19.6 1.052895e+04 1.057078e+04 1.046318e+04 1.042135e+04
20.6 1.054640e+04 1.058044e+04 1.046314e+04 1.042909e+04
0.8 1.046466e+04 1.050183e+04 1.046049e+04 1.042332e+04
1.8 1.037936e+04 1.041854e+04 1.045876e+04 1.041959e+04
2.8 1.039142e+04 1.040578e+04 1.045531e+04 1.044095e+04
3.8 1.041388e+04 1.039689e+04 1.045620e+04 1.047319e+04
4.8 1.040551e+04 1.039578e+04 1.045925e+04 1.046898e+04
5.8 1.038823e+04 1.039016e+04 1.046174e+04 1.045981e+04
6.8 1.038048e+04 1.039908e+04 1.046315e+04 1.044455e+04
7.8 1.041574e+04 1.043408e+04 1.046379e+04 1.044546e+04
8.8 1.042497e+04 1.045513e+04 1.046398e+04 1.043383e+04
9.8 1.045473e+04 1.046199e+04 1.046392e+04 1.045666e+04
10.8 1.045579e+04 1.044293e+04 1.046373e+04 1.047659e+04
11.8 1.048443e+04 1.047085e+04 1.046353e+04 1.047711e+04
12.8 1.051819e+04 1.050934e+04 1.046336e+04 1.047220e+04
13.8 1.055904e+04 1.054706e+04 1.046324e+04 1.047522e+04
14.8 1.052895e+04 1.057078e+04 1.046318e+04 1.042135e+04
15.8 1.054640e+04 1.058044e+04 1.046314e+04 1.042909e+04
16.8 1.051926e+04 1.055187e+04 1.046312e+04 1.043051e+04
17.8 1.060343e+04 1.060440e+04 1.046311e+04 1.046214e+04
18.8 1.054735e+04 1.055790e+04 1.046311e+04 1.045256e+04
19.8 1.057561e+04 1.058804e+04 1.046311e+04 1.045068e+04
20.8 1.057912e+04 1.058949e+04 1.046311e+04 1.045273e+04
0.5 1.042303e+04 1.048454e+04 1.046310e+04 1.040159e+04
1.5 1.048320e+04 1.053951e+04 1.046135e+04 1.040504e+04
2.5 1.042368e+04 1.045909e+04 1.045618e+04 1.042077e+04
3.5 1.042811e+04 1.042575e+04 1.045483e+04 1.045719e+04
4.5 1.046289e+04 1.043964e+04 1.045734e+04 1.048059e+04
5.5 1.050185e+04 1.047438e+04 1.046027e+04 1.048774e+04
6.5 1.052779e+04 1.050500e+04 1.046222e+04 1.048502e+04
7.5 1.057538e+04 1.056382e+04 1.046328e+04 1.047484e+04
8.5 1.056612e+04 1.055669e+04 1.046376e+04 1.047318e+04
9.5 1.061657e+04 1.058566e+04 1.046386e+04 1.049477e+04
10.5 1.063586e+04 1.057630e+04 1.046375e+04 1.052331e+04
11.5 1.060013e+04 1.056341e+04 1.046358e+04 1.050029e+04
12.5 1.047827e+04 1.048806e+04 1.046340e+04 1.045361e+04
13.5 1.043071e+04 1.042058e+04 1.046164e+04 1.047178e+04
14.5 1.045091e+04 1.041197e+04 1.045639e+04 1.049533e+04
15.5 1.048209e+04 1.045929e+04 1.045484e+04 1.047763e+04
16.5 1.052063e+04 1.048616e+04 1.045727e+04 1.049174e+04
17.5 1.055708e+04 1.056086e+04 1.046018e+04 1.045640e+04
18.5 1.056849e+04 1.055878e+04 1.045975e+04 1.046946e+04
19.5 1.053670e+04 1.056598e+04 1.045580e+04 1.042653e+04
20.5 1.053919e+04 1.058101e+04 1.045568e+04 1.041386e+04
0.4 1.047827e+04 1.048806e+04 1.046340e+04 1.045361e+04
1.4 1.043071e+04 1.042058e+04 1.046164e+04 1.047178e+04
2.4 1.045091e+04 1.041197e+04 1.045639e+04 1.049533e+04
3.4 1.048209e+04 1.045929e+04 1.045484e+04 1.047763e+04
4.4 1.052063e+04 1.048616e+04 1.045727e+04 1.049174e+04
5.4 1.055708e+04 1.056086e+04 1.046018e+04 1.045640e+04
6.4 1.056849e+04 1.055878e+04 1.045975e+04 1.046946e+04
7.4 1.053670e+04 1.056598e+04 1.045580e+04 1.042653e+04
8.4 1.053919e+04 1.058101e+04 1.045568e+04 1.041386e+04
9.4 1.049915e+04 1.055330e+04 1.045824e+04 1.040408e+04
10.4 1.056107e+04 1.059672e+04 1.045679e+04 1.042115e+04
11.4 1.055970e+04 1.057867e+04 1.045458e+04 1.043562e+04
12.4 1.057366e+04 1.062160e+04 1.045646e+04 1.040852e+04
13.4 1.059129e+04 1.062743e+04 1.045979e+04 1.042365e+04
14.4 1.058672e+04 1.059857e+04 1.046224e+04 1.045039e+04
15.4 1.062895e+04 1.063383e+04 1.046353e+04 1.045865e+04
16.4 1.065112e+04 1.063626e+04 1.046405e+04 1.047891e+04
17.4 1.064675e+04 1.063587e+04 1.046413e+04 1.047501e+04
18.4 1.061532e+04 1.061603e+04 1.046398e+04 1.046328e+04
19.4 1.052441e+04 1.053963e+04 1.046246e+04 1.044724e+04
20.4 1.055079e+04 1.056478e+04 1.045710e+04 1.044311e+04
0.6 1.055708e+04 1.056086e+04 1.046018e+04 1.045640e+04
1.6 1.056849e+04 1.055878e+04 1.045975e+04 1.046946e+04
2.6 1.053670e+04 1.056598e+04 1.045580e+04 1.042653e+04
3.6 1.053919e+04 1.058101e+04 1.045568e+04 1.041386e+04
4.6 1.049915e+04 1.055330e+04 1.045824e+04 1.040408e+04
5.6 1.056107e+04 1.059672e+04 1.045679e+04 1.042115e+04
6.6 1.055970e+04 1.057867e+04 1.045458e+04 1.043562e+04
7.6 1.057366e+04 1.062160e+04 1.045646e+04 1.040852e+04
8.6 1.059129e+04 1.062743e+04 1.045979e+04 1.042365e+04
9.6 1.058672e+04 1.059857e+04 1.046224e+04 1.045039e+04
10.6 1.062895e+04 1.063383e+04 1.046353e+04 1.045865e+04
11.6 1.065112e+04 1.063626e+04 1.046405e+04 1.047891e+04
12.6 1.064675e+04 1.063587e+04 1.046413e+04 1.047501e+04
13.6 1.061532e+04 1.061603e+04 1.046398e+04 1.046328e+04
14.6 1.052441e+04 1.053963e+04 1.046246e+04 1.044724e+04
15.6 1.055079e+04 1.056478e+04 1.045710e+04 1.044311e+04
16.6 1.054961e+04 1.054253e+04 1.045496e+04 1.046203e+04
17.6 1.052071e+04 1.051561e+04 1.045712e+04 1.046222e+04
18.6 1.052911e+04 1.055552e+04 1.046004e+04 1.043363e+04
19.6 1.056055e+04 1.052129e+04 1.046208e+04 1.050134e+04
20.6 1.059271e+04 1.055258e+04 1.046321e+04 1.050334e+04
1.0 1.049915e+04 1.055330e+04 1.045824e+04 1.040408e+04
2.0 1.056107e+04 1.059672e+04 1.045679e+04 1.042115e+04
3.0 1.055970e+04 1.057867e+04 1.045458e+04 1.043562e+04
4.0 1.057366e+04 1.062160e+04 1.045646e+04 1.040852e+04
5.0 1.059129e+04 1.062743e+04 1.045979e+04 1.042365e+04
6.0 1.058672e+04 1.059857e+04 1.046224e+04 1.045039e+04
7.0 1.062895e+04 1.063383e+04 1.046353e+04 1.045865e+04
8.0 1.065112e+04 1.063626e+04 1.046405e+04 1.047891e+04
9.0 1.064675e+04 1.063587e+04 1.046413e+04 1.047501e+04
10.0 1.061532e+04 1.061603e+04 1.046398e+04 1.046328e+04
11.0 1.052441e+04 1.053963e+04 1.046246e+04 1.044724e+04
12.0 1.055079e+04 1.056478e+04 1.045710e+04 1.044311e+04
13.0 1.054961e+04 1.054253e+04 1.045496e+04 1.046203e+04
14.0 1.052071e+04 1.051561e+04 1.045712e+04 1.046222e+04
15.0 1.052911e+04 1.055552e+04 1.046004e+04 1.043363e+04
16.0 1.056055e+04 1.052129e+04 1.046208e+04 1.050134e+04
17.0 1.059271e+04 1.055258e+04 1.046321e+04 1.050334e+04
18.0 1.061217e+04 1.053973e+04 1.046373e+04 1.053617e+04
19.0 1.053735e+04 1.048848e+04 1.046386e+04 1.051273e+04
20.0 1.053350e+04 1.052113e+04 1.046377e+04 1.047615e+04
21.0 1.051161e+04 1.049370e+04 1.046359e+04 1.048150e+04
0.3 1.061532e+04 1.061603e+04 1.046398e+04 1.046328e+04
1.3 1.052441e+04 1.053963e+04 1.046246e+04 1.044724e+04
2.3 1.055079e+04 1.056478e+04 1.045710e+04 1.044311e+04
3.3 1.054961e+04 1.054253e+04 1.045496e+04 1.046203e+04
4.3 1.052071e+04 1.051561e+04 1.045712e+04 1.046222e+04
5.3 1.052911e+04 1.055552e+04 1.046004e+04 1.043363e+04
6.3 1.056055e+04 1.052129e+04 1.046208e+04 1.050134e+04
7.3 1.059271e+04 1.055258e+04 1.046321e+04 1.050334e+04
8.3 1.061217e+04 1.053973e+04 1.046373e+04 1.053617e+04
9.3 1.053735e+04 1.048848e+04 1.046386e+04 1.051273e+04
10.3 1.053350e+04 1.052113e+04 1.046377e+04 1.047615e+04
11.3 1.051161e+04 1.049370e+04 1.046359e+04 1.048150e+04
12.3 1.051407e+04 1.050668e+04 1.046154e+04 1.046892e+04
13.3 1.053105e+04 1.050753e+04 1.045625e+04 1.047977e+04
14.3 1.050201e+04 1.048139e+04 1.045496e+04 1.047558e+04
15.3 1.046142e+04 1.045279e+04 1.045748e+04 1.046611e+04
16.3 1.036911e+04 1.039259e+04 1.046036e+04 1.043689e+04
17.3 1.031406e+04 1.035624e+04 1.046227e+04 1.042009e+04
18.3 1.034039e+04 1.037546e+04 1.046331e+04 1.042824e+04
19.3 1.038109e+04 1.037013e+04 1.046376e+04 1.047473e+04
20.3 1.042126e+04 1.044147e+04 1.046333e+04 1.044312e+04
0.5 1.051161e+04 1.049370e+04 1.046359e+04 1.048150e+04
1.5 1.051407e+04 1.050668e+04 1.046154e+04 1.046892e+04
2.5 1.053105e+04 1.050753e+04 1.045625e+04 1.047977e+04
3.5 1.050201e+04 1.048139e+04 1.045496e+04 1.047558e+04
4.5 1.046142e+04 1.045279e+04 1.045748e+04 1.046611e+04
5.5 1.036911e+04 1.039259e+04 1.046036e+04 1.043689e+04
6.5 1.031406e+04 1.035624e+04 1.046227e+04 1.042009e+04
7.5 1.034039e+04 1.037546e+04 1.046331e+04 1.042824e+04
8.5 1.038109e+04 1.037013e+04 1.046376e+04 1.047473e+04
9.5 1.042126e+04 1.044147e+04 1.046333e+04 1.044312e+04
10.5 1.040221e+04 1.042267e+04 1.045864e+04 1.043819e+04
11.5 1.039880e+04 1.042138e+04 1.045516e+04 1.043258e+04
12.5 1.048930e+04 1.048644e+04 1.045650e+04 1.045935e+04
13.5 1.052265e+04 1.048008e+04 1.045768e+04 1.050025e+04
14.5 1.054459e+04 1.049171e+04 1.045478e+04 1.050766e+04
15.5 1.056382e+04 1.053160e+04 1.045473e+04 1.048695e+04
16.5 1.049133e+04 1.052101e+04 1.045775e+04 1.042807e+04
17.5 1.044103e+04 1.054134e+04 1.045736e+04 1.035705e+04
18.5 1.045083e+04 1.055764e+04 1.045485e+04 1.034803e+04
19.5 1.047093e+04 1.054018e+04 1.045624e+04 1.038699e+04
20.5 1.048967e+04 1.055689e+04 1.045952e+04 1.039229e+04
0.1 1.038109e+04 1.037013e+04 1.046376e+04 1.047473e+04
1.1 1.042126e+04 1.044147e+04 1.046333e+04 1.044312e+04
2.1 1.040221e+04 1.042267e+04 1.045864e+04 1.043819e+04
3.1 1.039880e+04 1.042138e+04 1.045516e+04 1.043258e+04
4.1 1.048930e+04 1.048644e+04 1.045650e+04 1.045935e+04
5.1 1.052265e+04 1.048008e+04 1.045768e+04 1.050025e+04
6.1 1.054459e+04 1.049171e+04 1.045478e+04 1.050766e+04
7.1 1.056382e+04 1.053160e+04 1.045473e+04 1.048695e+04
8.1 1.049133e+04 1.052101e+04 1.045775e+04 1.042807e+04
9.1 1.044103e+04 1.054134e+04 1.045736e+04 1.035705e+04
10.1 1.045083e+04 1.055764e+04 1.045485e+04 1.034803e+04
11.1 1.047093e+04 1.054018e+04 1.045624e+04 1.038699e+04
12.1 1.048967e+04 1.055689e+04 1.045952e+04 1.039229e+04
13.1 1.052196e+04 1.054027e+04 1.046208e+04 1.044377e+04
14.1 1.048651e+04 1.050632e+04 1.046347e+04 1.044366e+04
15.1 1.051724e+04 1.053473e+04 1.046404e+04 1.044655e+04
16.1 1.054672e+04 1.051596e+04 1.046415e+04 1.049492e+04
17.1 1.056676e+04 1.053054e+04 1.046402e+04 1.050024e+04
18.1 1.060537e+04 1.052633e+04 1.046305e+04 1.054210e+04
19.1 1.064662e+04 1.053725e+04 1.045799e+04 1.056735e+04
20.1 1.057287e+04 1.048441e+04 1.045493e+04 1.054338e+04
0.5 1.048930e+04 1.048644e+04 1.045650e+04 1.045935e+04
1.5 1.052265e+04 1.048008e+04 1.045768e+04 1.050025e+04
2.5 1.054459e+04 1.049171e+04 1.045478e+04 1.050766e+04
3.5 1.056382e+04 1.053160e+04 1.045473e+04 1.048695e+04
4.5 1.049133e+04 1.052101e+04 1.045775e+04 1.042807e+04
5.5 1.044103e+04 1.054134e+04 1.045736e+04 1.035705e+04
6.5 1.045083e+04 1.055764e+04 1.045485e+04 1.034803e+04
7.5 1.047093e+04 1.054018e+04 1.045624e+04 1.038699e+04
8.5 1.048967e+04 1.055689e+04 1.045952e+04 1.039229e+04
9.5 1.052196e+04 1.054027e+04 1.046208e+04 1.044377e+04
10.5 1.048651e+04 1.050632e+04 1.046347e+04 1.044366e+04
11.5 1.051724e+04 1.053473e+04 1.046404e+04 1.044655e+04
12.5 1.054672e+04 1.051596e+04 1.046415e+04 1.049492e+04
13.5 1.056676e+04 1.053054e+04 1.046402e+04 1.050024e+04
14.5 1.060537e+04 1.052633e+04 1.046305e+04 1.054210e+04
15.5 1.064662e+04 1.053725e+04 1.045799e+04 1.056735e+04
16.5 1.057287e+04 1.048441e+04 1.045493e+04 1.054338e+04
17.5 1.049854e+04 1.046293e+04 1.045659e+04 1.049220e+04
18.5 1.044205e+04 1.043871e+04 1.045743e+04 1.046078e+04
19.5 1.041786e+04 1.043898e+04 1.045454e+04 1.043343e+04
20.5 1.043821e+04 1.044162e+04 1.045491e+04 1.045150e+04
0.8 1.049133e+04 1.052101e+04 1.045775e+04 1.042807e+04
1.8 1.044103e+04 1.054134e+04 1.045736e+04 1.035705e+04
2.8 1.045083e+04 1.055764e+04 1.045485e+04 1.034803e+04
3.8 1.047093e+04 1.054018e+04 1.045624e+04 1.038699e+04
4.8 1.048967e+04 1.055689e+04 1.045952e+04 1.039229e+04
5.8 1.052196e+04 1.054027e+04 1.046208e+04 1.044377e+04
6.8 1.048651e+04 1.050632e+04 1.046347e+04 1.044366e+04
7.8 1.051724e+04 1.053473e+04 1.046404e+04 1.044655e+04
8.8 1.054672e+04 1.051596e+04 1.046415e+04 1.049492e+04
9.8 1.056676e+04 1.053054e+04 1.046402e+04 1.050024e+04
10.8 1.060537e+04 1.052633e+04 1.046305e+04 1.054210e+04
11.8 1.064662e+04 1.053725e+04 1.045799e+04 1.056735e+04
12.8 1.057287e+04 1.048441e+04 1.045493e+04 1.054338e+04
13.8 1.049854e+04 1.046293e+04 1.045659e+04 1.049220e+04
14.8 1.044205e+04 1.043871e+04 1.045743e+04 1.046078e+04
15.8 1.041786e+04 1.043898e+04 1.045454e+04 1.043343e+04
16.8 1.043821e+04 1.044162e+04 1.045491e+04 1.045150e+04
17.8 1.044836e+04 1.046649e+04 1.045818e+04 1.044004e+04
18.8 1.047210e+04 1.050851e+04 1.046123e+04 1.042482e+04
19.8 1.049533e+04 1.050724e+04 1.046303e+04 1.045113e+04
20.8 1.051092e+04 1.048624e+04 1.046387e+04 1.048855e+04
0.2 1.056676e+04 1.053054e+04 1.046402e+04 1.050024e+04
1.2 1.060537e+04 1.052633e+04 1.046305e+04 1.054210e+04
2.2 1.064662e+04 1.053725e+04 1.045799e+04 1.056735e+04
3.2 1.057287e+04 1.048441e+04 1.045493e+04 1.054338e+04
4.2 1.049854e+04 1.046293e+04 1.045659e+04 1.049220e+04
5.2 1.044205e+04 1.043871e+04 1.045743e+04 1.046078e+04
6.2 1.041786e+04 1.043898e+04 1.045454e+04 1.043343e+04
7.2 1.043821e+04 1.044162e+04 1.045491e+04 1.045150e+04
8.2 1.044836e+04 1.046649e+04 1.045818e+04 1.044004e+04
9.2 1.047210e+04 1.050851e+04 1.046123e+04 1.042482e+04
10.2 1.049533e+04 1.050724e+04 1.046303e+04 1.045113e+04
11.2 1.051092e+04 1.048624e+04 1.046387e+04 1.048855e+04
12.2 1.054681e+04 1.052112e+04 1.046412e+04 1.048981e+04
13.2 1.055513e+04 1.052917e+04 1.046406e+04 1.049003e+04
14.2 1.053247e+04 1.053766e+04 1.046385e+04 1.045867e+04
15.2 1.055690e+04 1.056300e+04 1.046357e+04 1.045748e+04
16.2 1.056013e+04 1.056865e+04 1.046069e+04 1.045217e+04
17.2 1.054988e+04 1.057554e+04 1.045564e+04 1.042998e+04
18.2 1.056132e+04 1.059111e+04 1.045523e+04 1.042544e+04
19.2 1.059572e+04 1.057197e+04 1.045802e+04 1.048177e+04
20.2 1.062936e+04 1.061150e+04 1.046076e+04 1.047863e+04
0.5 1.049854e+04 1.046293e+04 1.045659e+04 1.049220e+04
1.5 1.044205e+04 1.043871e+04 1.045743e+04 1.046078e+04
2.5 1.041786e+04 1.043898e+04 1.045454e+04 1.043343e+04
3.5 1.043821e+04 1.044162e+04 1.045491e+04 1.045150e+04
4.5 1.044836e+04 1.046649e+04 1.045818e+04 1.044004e+04
5.5 1.047210e+04 1.050851e+04 1.046123e+04 1.042482e+04
6.5 1.049533e+04 1.050724e+04 1.046303e+04 1.045113e+04
7.5 1.051092e+04 1.048624e+04 1.046387e+04 1.048855e+04
8.5 1.054681e+04 1.052112e+04 1.046412e+04 1.048981e+04
9.5 1.055513e+04 1.052917e+04 1.046406e+04 1.049003e+04
10.5 1.053247e+04 1.053766e+04 1.046385e+04 1.045867e+04
11.5 1.055690e+04 1.056300e+04 1.046357e+04 1.045748e+04
12.5 1.056013e+04 1.056865e+04 1.046069e+04 1.045217e+04
13.5 1.054988e+04 1.057554e+04 1.045564e+04 1.042998e+04
14.5 1.056132e+04 1.059111e+04 1.045523e+04 1.042544e+04
15.5 1.059572e+04 1.057197e+04 1.045802e+04 1.048177e+04
16.5 1.062936e+04 1.061150e+04 1.046076e+04 1.047863e+04
17.5 1.063740e+04 1.056520e+04 1.046250e+04 1.053470e+04
18.5 1.066164e+04 1.059133e+04 1.046342e+04 1.053373e+04
19.5 1.063284e+04 1.058010e+04 1.046380e+04 1.051654e+04
20.5 1.055009e+04 1.056458e+04 1.046385e+04 1.044936e+04
0.7 1.055690e+04 1.056300e+04 1.046357e+04 1.045748e+04
1.7 1.056013e+04 1.056865e+04 1.046069e+04 1.045217e+04
2.7 1.054988e+04 1.057554e+04 1.045564e+04 1.042998e+04
3.7 1.056132e+04 1.059111e+04 1.045523e+04 1.042544e+04
4.7 1.059572e+04 1.057197e+04 1.045802e+04 1.048177e+04
5.7 1.062936e+04 1.061150e+04 1.046076e+04 1.047863e+04
6.7 1.063740e+04 1.056520e+04 1.046250e+04 1.053470e+04
7.7 1.066164e+04 1.059133e+04 1.046342e+04 1.053373e+04
8.7 1.063284e+04 1.058010e+04 1.046380e+04 1.051654e+04
9.7 1.055009e+04 1.056458e+04 1.046385e+04 1.044936e+04
10.7 1.054024e+04 1.053460e+04 1.046331e+04 1.046895e+04
11.7 1.054640e+04 1.056158e+04 1.045875e+04 1.044357e+04
12.7 1.054805e+04 1.056886e+04 1.045500e+04 1.043419e+04
13.7 1.045337e+04 1.048824e+04 1.045619e+04 1.042132e+04
14.7 1.034213e+04 1.042065e+04 1.045755e+04 1.037904e+04
15.7 1.029118e+04 1.036117e+04 1.045474e+04 1.038476e+04
16.7 1.032147e+04 1.035025e+04 1.045462e+04 1.042584e+04
17.7 1.027904e+04 1.032643e+04 1.045776e+04 1.041037e+04
18.7 1.032030e+04 1.035238e+04 1.046094e+04 1.042885e+04
19.7 1.033210e+04 1.036862e+04 1.046288e+04 1.042637e+04
20.7 1.031707e+04 1.036046e+04 1.046205e+04 1.041866e+04
1.0 1.054024e+04 1.053460e+04 1.046331e+04 1.046895e+04
2.0 1.054640e+04 1.056158e+04 1.045875e+04 1.044357e+04
3.0 1.054805e+04 1.056886e+04 1.045500e+04 1.043419e+04
4.0 1.045337e+04 1.048824e+04 1.045619e+04 1.042132e+04
5.0 1.034213e+04 1.042065e+04 1.045755e+04 1.037904e+04
6.0 1.029118e+04 1.036117e+04 1.045474e+04 1.038476e+04
7.0 1.032147e+04 1.035025e+04 1.045462e+04 1.042584e+04
8.0 1.027904e+04 1.032643e+04 1.045776e+04 1.041037e+04
9.0 1.032030e+04 1.035238e+04 1.046094e+04 1.042885e+04
10.0 1.033210e+04 1.036862e+04 1.046288e+04 1.042637e+04
11.0 1.031707e+04 1.036046e+04 1.046205e+04 1.041866e+04
12.0 1.030897e+04 1.034393e+04 1.045719e+04 1.042223e+04
13.0 1.035577e+04 1.035602e+04 1.045580e+04 1.045555e+04
14.0 1.038617e+04 1.035116e+04 1.045795e+04 1.049295e+04
15.0 1.034936e+04 1.033015e+04 1.045698e+04 1.047618e+04
16.0 1.035636e+04 1.031872e+04 1.045442e+04 1.049206e+04
17.0 1.034113e+04 1.032891e+04 1.045595e+04 1.046817e+04
18.0 1.035607e+04 1.032942e+04 1.045934e+04 1.048599e+04
19.0 1.033674e+04 1.033919e+04 1.046197e+04 1.045952e+04
20.0 1.037027e+04 1.035947e+04 1.046340e+04 1.047420e+04
21.0 1.037862e+04 1.037008e+04 1.046401e+04 1.047255e+04
0.4 1.045337e+04 1.048824e+04 1.045619e+04 1.042132e+04
1.4 1.034213e+04 1.042065e+04 1.045755e+04 1.037904e+04
2.4 1.029118e+04 1.036117e+04 1.045474e+04 1.038476e+04
3.4 1.032147e+04 1.035025e+04 1.045462e+04 1.042584e+04
4.4 1.027904e+04 1.032643e+04 1.045776e+04 1.041037e+04
5.4 1.032030e+04 1.035238e+04 1.046094e+04 1.042885e+04
6.4 1.033210e+04 1.036862e+04 1.046288e+04 1.042637e+04
7.4 1.031707e+04 1.036046e+04 1.046205e+04 1.041866e+04
8.4 1.030897e+04 1.034393e+04 1.045719e+04 1.042223e+04
9.4 1.035577e+04 1.035602e+04 1.045580e+04 1.045555e+04
10.4 1.038617e+04 1.035116e+04 1.045795e+04 1.049295e+04
11.4 1.034936e+04 1.033015e+04 1.045698e+04 1.047618e+04
12.4 1.035636e+04 1.031872e+04 1.045442e+04 1.049206e+04
13.4 1.034113e+04 1.032891e+04 1.045595e+04 1.046817e+04
14.4 1.035607e+04 1.032942e+04 1.045934e+04 1.048599e+04
15.4 1.033674e+04 1.033919e+04 1.046197e+04 1.045952e+04
16.4 1.037027e+04 1.035947e+04 1.046340e+04 1.047420e+04
17.4 1.037862e+04 1.037008e+04 1.046401e+04 1.047255e+04
18.4 1.040642e+04 1.042638e+04 1.046413e+04 1.044417e+04
19.4 1.041738e+04 1.042590e+04 1.046401e+04 1.045548e+04
20.4 1.043931e+04 1.043431e+04 1.046378e+04 1.046878e+04
0.5 1.033210e+04 1.036862e+04 1.046288e+04 1.042637e+04
1.5 1.031707e+04 1.036046e+04 1.046205e+04 1.041866e+04
2.5 1.030897e+04 1.034393e+04 1.045719e+04 1.042223e+04
3.5 1.035577e+04 1.035602e+04 1.045580e+04 1.045555e+04
4.5 1.038617e+04 1.035116e+04 1.045795e+04 1.049295e+04
5.5 1.034936e+04 1.033015e+04 1.045698e+04 1.047618e+04
6.5 1.035636e+04 1.031872e+04 1.045442e+04 1.049206e+04
7.5 1.034113e+04 1.032891e+04 1.045595e+04 1.046817e+04
8.5 1.035607e+04 1.032942e+04 1.045934e+04 1.048599e+04
9.5 1.033674e+04 1.033919e+04 1.046197e+04 1.045952e+04
10.5 1.037027e+04 1.035947e+04 1.046340e+04 1.047420e+04
11.5 1.037862e+04 1.037008e+04 1.046401e+04 1.047255e+04
12.5 1.040642e+04 1.042638e+04 1.046413e+04 1.044417e+04
13.5 1.041738e+04 1.042590e+04 1.046401e+04 1.045548e+04
14.5 1.043931e+04 1.043431e+04 1.046378e+04 1.046878e+04
15.5 1.049698e+04 1.048426e+04 1.046355e+04 1.047628e+04
16.5 1.049209e+04 1.049664e+04 1.046317e+04 1.045862e+04
17.5 1.048763e+04 1.049000e+04 1.045926e+04 1.045689e+04
18.5 1.050070e+04 1.047403e+04 1.045499e+04 1.048166e+04
19.5 1.047380e+04 1.044826e+04 1.045569e+04 1.048123e+04
20.5 1.050941e+04 1.045673e+04 1.045869e+04 1.051138e+04
0.9 1.038617e+04 1.035116e+04 1.045795e+04 1.049295e+04
1.9 1.034936e+04 1.033015e+04 1.045698e+04 1.047618e+04
2.9 1.035636e+04 1.031872e+04 1.045442e+04 1.049206e+04
3.9 1.034113e+04 1.032891e+04 1.045595e+04 1.046817e+04
4.9 1.035607e+04 1.032942e+04 1.045934e+04 1.048599e+04
5.9 1.033674e+04 1.033919e+04 1.046197e+04 1.045952e+04
6.9 1.037027e+04 1.035947e+04 1.046340e+04 1.047420e+04
7.9 1.037862e+04 1.037008e+04 1.046401e+04 1.047255e+04
8.9 1.040642e+04 1.042638e+04 1.046413e+04 1.044417e+04
9.9 1.041738e+04 1.042590e+04 1.046401e+04 1.045548e+04
10.9 1.043931e+04 1.043431e+04 1.046378e+04 1.046878e+04
11.9 1.049698e+04 1.048426e+04 1.046355e+04 1.047628e+04
12.9 1.049209e+04 1.049664e+04 1.046317e+04 1.045862e+04
13.9 1.048763e+04 1.049000e+04 1.045926e+04 1.045689e+04
14.9 1.050070e+04 1.047403e+04 1.045499e+04 1.048166e+04
15.9 1.047380e+04 1.044826e+04 1.045569e+04 1.048123e+04
16.9 1.050941e+04 1.045673e+04 1.045869e+04 1.051138e+04
17.9 1.046200e+04 1.045532e+04 1.046124e+04 1.046792e+04
18.9 1.045363e+04 1.044178e+04 1.046277e+04 1.047462e+04
19.9 1.046117e+04 1.045661e+04 1.046348e+04 1.046804e+04
20.9 1.050225e+04 1.046621e+04 1.046080e+04 1.049685e+04
0.9 1.049209e+04 1.049664e+04 1.046317e+04 1.045862e+04
1.9 1.048763e+04 1.049000e+04 1.045926e+04 1.045689e+04
2.9 1.050070e+04 1.047403e+04 1.045499e+04 1.048166e+04
3.9 1.047380e+04 1.044826e+04 1.045569e+04 1.048123e+04
4.9 1.050941e+04 1.045673e+04 1.045869e+04 1.051138e+04
5.9 1.046200e+04 1.045532e+04 1.046124e+04 1.046792e+04
6.9 1.045363e+04 1.044178e+04 1.046277e+04 1.047462e+04
7.9 1.046117e+04 1.045661e+04 1.046348e+04 1.046804e+04
8.9 1.050225e+04 1.046621e+04 1.046080e+04 1.049685e+04
9.9 1.047093e+04 1.046241e+04 1.045602e+04 1.046454e+04
10.9 1.047547e+04 1.046728e+04 1.045584e+04 1.046402e+04
11.9 1.043029e+04 1.043342e+04 1.045789e+04 1.045475e+04
12.9 1.043268e+04 1.043241e+04 1.045569e+04 1.045596e+04
13.9 1.041930e+04 1.040662e+04 1.045426e+04 1.046694e+04
14.9 1.040119e+04 1.042712e+04 1.045679e+04 1.043086e+04
15.9 1.043340e+04 1.042843e+04 1.046017e+04 1.046514e+04
16.9 1.039012e+04 1.039641e+04 1.046118e+04 1.045489e+04
17.9 1.039339e+04 1.041725e+04 1.045722e+04 1.043336e+04
18.9 1.038892e+04 1.038699e+04 1.045569e+04 1.045762e+04
19.9 1.037306e+04 1.038215e+04 1.045800e+04 1.044890e+04
20.9 1.037030e+04 1.035714e+04 1.046082e+04 1.047397e+04
0.7 1.046117e+04 1.045661e+04 1.046348e+04 1.046804e+04
1.7 1.050225e+04 1.046621e+04 1.046080e+04 1.049685e+04
2.7 1.047093e+04 1.046241e+04 1.045602e+04 1.046454e+04
3.7 1.047547e+04 1.046728e+04 1.045584e+04 1.046402e+04
4.7 1.043029e+04 1.043342e+04 1.045789e+04 1.045475e+04
5.7 1.043268e+04 1.043241e+04 1.045569e+04 1.045596e+04
6.7 1.041930e+04 1.040662e+04 1.045426e+04 1.046694e+04
7.7 1.040119e+04 1.042712e+04 1.045679e+04 1.043086e+04
8.7 1.043340e+04 1.042843e+04 1.046017e+04 1.046514e+04
9.7 1.039012e+04 1.039641e+04 1.046118e+04 1.045489e+04
10.7 1.039339e+04 1.041725e+04 1.045722e+04 1.043336e+04
11.7 1.038892e+04 1.038699e+04 1.045569e+04 1.045762e+04
12.7 1.037306e+04 1.038215e+04 1.045800e+04 1.044890e+04
13.7 1.037030e+04 1.035714e+04 1.046082e+04 1.047397e+04
14.7 1.038050e+04 1.038509e+04 1.046265e+04 1.045806e+04
15.7 1.036343e+04 1.038151e+04 1.046229e+04 1.044421e+04
16.7 1.035866e+04 1.037731e+04 1.045752e+04 1.043887e+04
17.7 1.040698e+04 1.039663e+04 1.045559e+04 1.046594e+04
18.7 1.039376e+04 1.038373e+04 1.045771e+04 1.046774e+04
19.7 1.033226e+04 1.036232e+04 1.046049e+04 1.043043e+04
20.7 1.037914e+04 1.036868e+04 1.046238e+04 1.047283e+04
0.1 1.047547e+04 1.046728e+04 1.045584e+04 1.046402e+04
1.1 1.043029e+04 1.043342e+04 1.045789e+04 1.045475e+04
2.1 1.043268e+04 1.043241e+04 1.045569e+04 1.045596e+04
3.1 1.041930e+04 1.040662e+04 1.045426e+04 1.046694e+04
4.1 1.040119e+04 1.042712e+04 1.045679e+04 1.043086e+04
5.1 1.043340e+04 1.042843e+04 1.046017e+04 1.046514e+04
6.1 1.039012e+04 1.039641e+04 1.046118e+04 1.045489e+04
7.1 1.039339e+04 1.041725e+04 1.045722e+04 1.043336e+04
8.1 1.038892e+04 1.038699e+04 1.045569e+04 1.045762e+04
9.1 1.037306e+04 1.038215e+04 1.045800e+04 1.044890e+04
10.1 1.037030e+04 1.035714e+04 1.046082e+04 1.047397e+04
11.1 1.038050e+04 1.038509e+04 1.046265e+04 1.045806e+04
12.1 1.036343e+04 1.038151e+04 1.046229e+04 1.044421e+04
13.1 1.035866e+04 1.037731e+04 1.045752e+04 1.043887e+04
14.1 1.040698e+04 1.039663e+04 1.045559e+04 1.046594e+04
15.1 1.039376e+04 1.038373e+04 1.045771e+04 1.046774e+04
16.1 1.033226e+04 1.036232e+04 1.046049e+04 1.043043e+04
17.1 1.037914e+04 1.036868e+04 1.046238e+04 1.047283e+04
18.1 1.033808e+04 1.035895e+04 1.046198e+04 1.044112e+04
19.1 1.037437e+04 1.038139e+04 1.045727e+04 1.045025e+04
20.1 1.035789e+04 1.037301e+04 1.045554e+04 1.044042e+04
0.4 1.043340e+04 1.042843e+04 1.046017e+04 1.046514e+04
1.4 1.039012e+04 1.039641e+04 1.046118e+04 1.045489e+04
2.4 1.039339e+04 1.041725e+04 1.045722e+04 1.043336e+04
3.4 1.038892e+04 1.038699e+04 1.045569e+04 1.045762e+04
4.4 1.037306e+04 1.038215e+04 1.045800e+04 1.044890e+04
5.4 1.037030e+04 1.035714e+04 1.046082e+04 1.047397e+04
6.4 1.038050e+04 1.038509e+04 1.046265e+04 1.045806e+04
7.4 1.036343e+04 1.038151e+04 1.046229e+04 1.044421e+04
8.4 1.035866e+04 1.037731e+04 1.045752e+04 1.043887e+04
9.4 1.040698e+04 1.039663e+04 1.045559e+04 1.046594e+04
10.4 1.039376e+04 1.038373e+04 1.045771e+04 1.046774e+04
11.4 1.033226e+04 1.036232e+04 1.046049e+04 1.043043e+04
12.4 1.037914e+04 1.036868e+04 1.046238e+04 1.047283e+04
13.4 1.033808e+04 1.035895e+04 1.046198e+04 1.044112e+04
14.4 1.037437e+04 1.038139e+04 1.045727e+04 1.045025e+04
15.4 1.035789e+04 1.037301e+04 1.045554e+04 1.044042e+04
16.4 1.035411e+04 1.038209e+04 1.045776e+04 1.042978e+04
17.4 1.035678e+04 1.035919e+04 1.046055e+04 1.045814e+04
18.4 1.036785e+04 1.038328e+04 1.046241e+04 1.044699e+04
19.4 1.037792e+04 1.037501e+04 1.046340e+04 1.046632e+04
20.4 1.037565e+04 1.039469e+04 1.046383e+04 1.044480e+04
0.4 1.038050e+04 1.038509e+04 1.046265e+04 1.045806e+04
1.4 1.036343e+04 1.038151e+04 1.046229e+04 1.044421e+04
2.4 1.035866e+04 1.037731e+04 1.045752e+04 1.043887e+04
3.4 1.040698e+04 1.039663e+04 1.045559e+04 1.046594e+04
4.4 1.039376e+04 1.038373e+04 1.045771e+04 1.046774e+04
5.4 1.033226e+04 1.036232e+04 1.046049e+04 1.043043e+04
6.4 1.037914e+04 1.036868e+04 1.046238e+04 1.047283e+04
7.4 1.033808e+04 1.035895e+04 1.046198e+04 1.044112e+04
8.4 1.037437e+04 1.038139e+04 1.045727e+04 1.045025e+04
9.4 1.035789e+04 1.037301e+04 1.045554e+04 1.044042e+04
10.4 1.035411e+04 1.038209e+04 1.045776e+04 1.042978e+04
11.4 1.035678e+04 1.035919e+04 1.046055e+04 1.045814e+04
12.4 1.036785e+04 1.038328e+04 1.046241e+04 1.044699e+04
13.4 1.037792e+04 1.037501e+04 1.046340e+04 1.046632e+04
14.4 1.037565e+04 1.039469e+04 1.046383e+04 1.044480e+04
15.4 1.038364e+04 1.038880e+04 1.046391e+04 1.045875e+04
16.4 1.038980e+04 1.038922e+04 1.046379e+04 1.046437e+04
17.4 1.038927e+04 1.038497e+04 1.046360e+04 1.046790e+04
18.4 1.040536e+04 1.038581e+04 1.046342e+04 1.048298e+04
19.4 1.038729e+04 1.036897e+04 1.046329e+04 1.048162e+04
20.4 1.041629e+04 1.038815e+04 1.046320e+04 1.049134e+04
0.4 1.037914e+04 1.036868e+04 1.046238e+04 1.047283e+04
1.4 1.033808e+04 1.035895e+04 1.046198e+04 1.044112e+04
2.4 1.037437e+04 1.038139e+04 1.045727e+04 1.045025e+04
3.4 1.035789e+04 1.037301e+04 1.045554e+04 1.044042e+04
4.4 1.035411e+04 1.038209e+04 1.045776e+04 1.042978e+04
5.4 1.035678e+04 1.035919e+04 1.046055e+04 1.045814e+04
6.4 1.036785e+04 1.038328e+04 1.046241e+04 1.044699e+04
7.4 1.037792e+04 1.037501e+04 1.046340e+04 1.046632e+04
8.4 1.037565e+04 1.039469e+04 1.046383e+04 1.044480e+04
9.4 1.038364e+04 1.038880e+04 1.046391e+04 1.045875e+04
10.4 1.038980e+04 1.038922e+04 1.046379e+04 1.046437e+04
11.4 1.038927e+04 1.038497e+04 1.046360e+04 1.046790e+04
12.4 1.040536e+04 1.038581e+04 1.046342e+04 1.048298e+04
13.4 1.038729e+04 1.036897e+04 1.046329e+04 1.048162e+04
14.4 1.041629e+04 1.038815e+04 1.046320e+04 1.049134e+04
15.4 1.040929e+04 1.040320e+04 1.046279e+04 1.046888e+04
16.4 1.041813e+04 1.040363e+04 1.045850e+04 1.047299e+04
17.4 1.039721e+04 1.037893e+04 1.045477e+04 1.047305e+04
18.4 1.037820e+04 1.036778e+04 1.045597e+04 1.046638e+04
19.4 1.037320e+04 1.037356e+04 1.045902e+04 1.045867e+04
20.4 1.036917e+04 1.038513e+04 1.046146e+04 1.044550e+04
1.0 1.040929e+04 1.040320e+04 1.046279e+04 1.046888e+04
2.0 1.041813e+04 1.040363e+04 1.045850e+04 1.047299e+04
3.0 1.039721e+04 1.037893e+04 1.045477e+04 1.047305e+04
4.0 1.037820e+04 1.036778e+04 1.045597e+04 1.046638e+04
5.0 1.037320e+04 1.037356e+04 1.045902e+04 1.045867e+04
6.0 1.036917e+04 1.038513e+04 1.046146e+04 1.044550e+04
7.0 1.040564e+04 1.037861e+04 1.046289e+04 1.048992e+04
8.0 1.036655e+04 1.037524e+04 1.046360e+04 1.045491e+04
9.0 1.038765e+04 1.038482e+04 1.046385e+04 1.046668e+04
10.0 1.039375e+04 1.037621e+04 1.046382e+04 1.048136e+04
11.0 1.040055e+04 1.039750e+04 1.046366e+04 1.046672e+04
12.0 1.040855e+04 1.039415e+04 1.046348e+04 1.047788e+04
13.0 1.036784e+04 1.039207e+04 1.046333e+04 1.043910e+04
14.0 1.034925e+04 1.036687e+04 1.046323e+04 1.044561e+04
15.0 1.034750e+04 1.035921e+04 1.046317e+04 1.045145e+04
16.0 1.035686e+04 1.036375e+04 1.046313e+04 1.045625e+04
17.0 1.035547e+04 1.037648e+04 1.046312e+04 1.044210e+04
18.0 1.036983e+04 1.040111e+04 1.046311e+04 1.043183e+04
19.0 1.033942e+04 1.037109e+04 1.046311e+04 1.043144e+04
20.0 1.034017e+04 1.034962e+04 1.046311e+04 1.045366e+04
21.0 1.035785e+04 1.035654e+04 1.046311e+04 1.046441e+04
0.7 1.034734e+04 1.033059e+04 1.046306e+04 1.047982e+04
1.7 1.036112e+04 1.035772e+04 1.046038e+04 1.046378e+04
2.7 1.039635e+04 1.039010e+04 1.045546e+04 1.046172e+04
3.7 1.042484e+04 1.042800e+04 1.045514e+04 1.045199e+04
4.7 1.042396e+04 1.040097e+04 1.045797e+04 1.048096e+04
5.7 1.038324e+04 1.038437e+04 1.046074e+04 1.045961e+04
6.7 1.036787e+04 1.036835e+04 1.046249e+04 1.046202e+04
