0.2 1.118728e+04 1.113937e+04 1.107507e+04 1.112298e+04
1.2 1.113783e+04 1.114092e+04 1.107610e+04 1.107301e+04
2.2 1.106619e+04 1.104784e+04 1.108570e+04 1.110405e+04
3.2 1.104759e+04 1.100545e+04 1.110049e+04 1.114263e+04
4.2 1.110865e+04 1.105513e+04 1.110295e+04 1.115647e+04
5.2 1.112286e+04 1.109624e+04 1.109414e+04 1.112076e+04
6.2 1.110693e+04 1.108173e+04 1.108434e+04 1.110954e+04
7.2 1.108924e+04 1.107520e+04 1.107879e+04 1.109284e+04
8.2 1.107927e+04 1.108878e+04 1.108485e+04 1.107534e+04
9.2 1.104745e+04 1.107238e+04 1.109812e+04 1.107319e+04
10.2 1.106215e+04 1.108037e+04 1.110034e+04 1.108213e+04
11.2 1.107479e+04 1.109920e+04 1.109561e+04 1.107120e+04
12.2 1.107512e+04 1.112569e+04 1.110040e+04 1.104982e+04
13.2 1.115075e+04 1.113924e+04 1.110742e+04 1.111893e+04
14.2 1.123967e+04 1.120059e+04 1.110226e+04 1.114134e+04
15.2 1.120619e+04 1.121449e+04 1.109594e+04 1.108763e+04
16.2 1.106620e+04 1.112238e+04 1.110092e+04 1.104475e+04
17.2 1.105167e+04 1.110600e+04 1.110307e+04 1.104874e+04
18.2 1.103438e+04 1.107952e+04 1.109442e+04 1.104929e+04
19.2 1.105132e+04 1.107735e+04 1.108412e+04 1.105810e+04
20.2 1.117568e+04 1.116319e+04 1.108478e+04 1.109727e+04
21.2 1.121890e+04 1.121070e+04 1.109634e+04 1.110454e+04
0.2 1.110693e+04 1.108173e+04 1.108434e+04 1.110954e+04
1.2 1.108924e+04 1.107520e+04 1.107879e+04 1.109284e+04
2.2 1.107927e+04 1.108878e+04 1.108485e+04 1.107534e+04
3.2 1.104745e+04 1.107238e+04 1.109812e+04 1.107319e+04
4.2 1.106215e+04 1.108037e+04 1.110034e+04 1.108213e+04
5.2 1.107479e+04 1.109920e+04 1.109561e+04 1.107120e+04
6.2 1.107512e+04 1.112569e+04 1.110040e+04 1.104982e+04
7.2 1.115075e+04 1.113924e+04 1.110742e+04 1.111893e+04
8.2 1.123967e+04 1.120059e+04 1.110226e+04 1.114134e+04
9.2 1.120619e+04 1.121449e+04 1.109594e+04 1.108763e+04
10.2 1.106620e+04 1.112238e+04 1.110092e+04 1.104475e+04
11.2 1.105167e+04 1.110600e+04 1.110307e+04 1.104874e+04
12.2 1.103438e+04 1.107952e+04 1.109442e+04 1.104929e+04
13.2 1.105132e+04 1.107735e+04 1.108412e+04 1.105810e+04
14.2 1.117568e+04 1.116319e+04 1.108478e+04 1.109727e+04
15.2 1.121890e+04 1.121070e+04 1.109634e+04 1.110454e+04
16.2 1.114699e+04 1.116359e+04 1.109980e+04 1.108319e+04
17.2 1.111369e+04 1.113934e+04 1.109198e+04 1.106632e+04
18.2 1.105219e+04 1.107261e+04 1.108259e+04 1.106217e+04
19.2 1.101763e+04 1.103270e+04 1.107638e+04 1.106132e+04
20.2 1.104854e+04 1.106720e+04 1.107324e+04 1.105458e+04
21.2 1.110404e+04 1.107541e+04 1.107205e+04 1.110068e+04
0.6 1.106215e+04 1.108037e+04 1.110034e+04 1.108213e+04
1.6 1.107479e+04 1.109920e+04 1.109561e+04 1.107120e+04
2.6 1.107512e+04 1.112569e+04 1.110040e+04 1.104982e+04
3.6 1.115075e+04 1.113924e+04 1.110742e+04 1.111893e+04
4.6 1.123967e+04 1.120059e+04 1.110226e+04 1.114134e+04
5.6 1.120619e+04 1.121449e+04 1.109594e+04 1.108763e+04
6.6 1.106620e+04 1.112238e+04 1.110092e+04 1.104475e+04
7.6 1.105167e+04 1.110600e+04 1.110307e+04 1.104874e+04
8.6 1.103438e+04 1.107952e+04 1.109442e+04 1.104929e+04
9.6 1.105132e+04 1.107735e+04 1.108412e+04 1.105810e+04
10.6 1.117568e+04 1.116319e+04 1.108478e+04 1.109727e+04
11.6 1.121890e+04 1.121070e+04 1.109634e+04 1.110454e+04
12.6 1.114699e+04 1.116359e+04 1.109980e+04 1.108319e+04
13.6 1.111369e+04 1.113934e+04 1.109198e+04 1.106632e+04
14.6 1.105219e+04 1.107261e+04 1.108259e+04 1.106217e+04
15.6 1.101763e+04 1.103270e+04 1.107638e+04 1.106132e+04
16.6 1.104854e+04 1.106720e+04 1.107324e+04 1.105458e+04
17.6 1.110404e+04 1.107541e+04 1.107205e+04 1.110068e+04
18.6 1.115490e+04 1.113782e+04 1.107201e+04 1.108908e+04
19.6 1.126443e+04 1.119077e+04 1.107255e+04 1.114621e+04
20.6 1.126761e+04 1.124694e+04 1.107455e+04 1.109522e+04
21.6 1.116881e+04 1.115687e+04 1.108544e+04 1.109738e+04
0.9 1.123967e+04 1.120059e+04 1.110226e+04 1.114134e+04
1.9 1.120619e+04 1.121449e+04 1.109594e+04 1.108763e+04
2.9 1.106620e+04 1.112238e+04 1.110092e+04 1.104475e+04
3.9 1.105167e+04 1.110600e+04 1.110307e+04 1.104874e+04
4.9 1.103438e+04 1.107952e+04 1.109442e+04 1.104929e+04
5.9 1.105132e+04 1.107735e+04 1.108412e+04 1.105810e+04
6.9 1.117568e+04 1.116319e+04 1.108478e+04 1.109727e+04
7.9 1.121890e+04 1.121070e+04 1.109634e+04 1.110454e+04
8.9 1.114699e+04 1.116359e+04 1.109980e+04 1.108319e+04
9.9 1.111369e+04 1.113934e+04 1.109198e+04 1.106632e+04
10.9 1.105219e+04 1.107261e+04 1.108259e+04 1.106217e+04
11.9 1.101763e+04 1.103270e+04 1.107638e+04 1.106132e+04
12.9 1.104854e+04 1.106720e+04 1.107324e+04 1.105458e+04
13.9 1.110404e+04 1.107541e+04 1.107205e+04 1.110068e+04
14.9 1.115490e+04 1.113782e+04 1.107201e+04 1.108908e+04
15.9 1.126443e+04 1.119077e+04 1.107255e+04 1.114621e+04
16.9 1.126761e+04 1.124694e+04 1.107455e+04 1.109522e+04
17.9 1.116881e+04 1.115687e+04 1.108544e+04 1.109738e+04
18.9 1.110604e+04 1.108100e+04 1.110042e+04 1.112546e+04
19.9 1.104977e+04 1.104738e+04 1.110230e+04 1.110469e+04
20.9 1.096937e+04 1.098732e+04 1.109337e+04 1.107541e+04
21.9 1.095174e+04 1.094576e+04 1.108379e+04 1.108978e+04
0.1 1.103438e+04 1.107952e+04 1.109442e+04 1.104929e+04
1.1 1.105132e+04 1.107735e+04 1.108412e+04 1.105810e+04
2.1 1.117568e+04 1.116319e+04 1.108478e+04 1.109727e+04
3.1 1.121890e+04 1.121070e+04 1.109634e+04 1.110454e+04
4.1 1.114699e+04 1.116359e+04 1.109980e+04 1.108319e+04
5.1 1.111369e+04 1.113934e+04 1.109198e+04 1.106632e+04
6.1 1.105219e+04 1.107261e+04 1.108259e+04 1.106217e+04
7.1 1.101763e+04 1.103270e+04 1.107638e+04 1.106132e+04
8.1 1.104854e+04 1.106720e+04 1.107324e+04 1.105458e+04
9.1 1.110404e+04 1.107541e+04 1.107205e+04 1.110068e+04
10.1 1.115490e+04 1.113782e+04 1.107201e+04 1.108908e+04
11.1 1.126443e+04 1.119077e+04 1.107255e+04 1.114621e+04
12.1 1.126761e+04 1.124694e+04 1.107455e+04 1.109522e+04
13.1 1.116881e+04 1.115687e+04 1.108544e+04 1.109738e+04
14.1 1.110604e+04 1.108100e+04 1.110042e+04 1.112546e+04
15.1 1.104977e+04 1.104738e+04 1.110230e+04 1.110469e+04
16.1 1.096937e+04 1.098732e+04 1.109337e+04 1.107541e+04
17.1 1.095174e+04 1.094576e+04 1.108379e+04 1.108978e+04
18.1 1.093175e+04 1.092221e+04 1.107746e+04 1.108700e+04
19.1 1.094106e+04 1.092033e+04 1.107407e+04 1.109480e+04
20.1 1.095922e+04 1.093509e+04 1.107285e+04 1.109698e+04
21.1 1.100244e+04 1.100889e+04 1.107847e+04 1.107202e+04
0.3 1.126443e+04 1.119077e+04 1.107255e+04 1.114621e+04
1.3 1.126761e+04 1.124694e+04 1.107455e+04 1.109522e+04
2.3 1.116881e+04 1.115687e+04 1.108544e+04 1.109738e+04
3.3 1.110604e+04 1.108100e+04 1.110042e+04 1.112546e+04
4.3 1.104977e+04 1.104738e+04 1.110230e+04 1.110469e+04
5.3 1.096937e+04 1.098732e+04 1.109337e+04 1.107541e+04
6.3 1.095174e+04 1.094576e+04 1.108379e+04 1.108978e+04
7.3 1.093175e+04 1.092221e+04 1.107746e+04 1.108700e+04
8.3 1.094106e+04 1.092033e+04 1.107407e+04 1.109480e+04
9.3 1.095922e+04 1.093509e+04 1.107285e+04 1.109698e+04
10.3 1.100244e+04 1.100889e+04 1.107847e+04 1.107202e+04
11.3 1.116843e+04 1.114455e+04 1.109388e+04 1.111776e+04
12.3 1.121719e+04 1.121196e+04 1.110232e+04 1.110755e+04
13.3 1.111784e+04 1.114388e+04 1.109799e+04 1.107196e+04
14.3 1.103659e+04 1.104251e+04 1.109835e+04 1.109244e+04
15.3 1.098327e+04 1.106131e+04 1.110534e+04 1.102730e+04
16.3 1.093778e+04 1.099816e+04 1.110259e+04 1.104221e+04
17.3 1.093302e+04 1.097857e+04 1.109144e+04 1.104590e+04
18.3 1.096012e+04 1.099200e+04 1.108119e+04 1.104931e+04
19.3 1.099547e+04 1.100432e+04 1.107506e+04 1.106621e+04
20.3 1.104064e+04 1.105769e+04 1.107225e+04 1.105521e+04
21.3 1.109351e+04 1.109804e+04 1.107165e+04 1.106712e+04
0.9 1.095922e+04 1.093509e+04 1.107285e+04 1.109698e+04
1.9 1.100244e+04 1.100889e+04 1.107847e+04 1.107202e+04
2.9 1.116843e+04 1.114455e+04 1.109388e+04 1.111776e+04
3.9 1.121719e+04 1.121196e+04 1.110232e+04 1.110755e+04
4.9 1.111784e+04 1.114388e+04 1.109799e+04 1.107196e+04
5.9 1.103659e+04 1.104251e+04 1.109835e+04 1.109244e+04
6.9 1.098327e+04 1.106131e+04 1.110534e+04 1.102730e+04
7.9 1.093778e+04 1.099816e+04 1.110259e+04 1.104221e+04
8.9 1.093302e+04 1.097857e+04 1.109144e+04 1.104590e+04
9.9 1.096012e+04 1.099200e+04 1.108119e+04 1.104931e+04
10.9 1.099547e+04 1.100432e+04 1.107506e+04 1.106621e+04
11.9 1.104064e+04 1.105769e+04 1.107225e+04 1.105521e+04
12.9 1.109351e+04 1.109804e+04 1.107165e+04 1.106712e+04
13.9 1.124556e+04 1.121039e+04 1.107777e+04 1.111294e+04
14.9 1.125625e+04 1.122291e+04 1.109350e+04 1.112683e+04
15.9 1.120533e+04 1.119592e+04 1.110213e+04 1.111154e+04
16.9 1.112304e+04 1.111788e+04 1.109803e+04 1.110319e+04
17.9 1.109809e+04 1.105619e+04 1.109876e+04 1.114066e+04
18.9 1.109781e+04 1.107695e+04 1.110582e+04 1.112667e+04
19.9 1.103773e+04 1.102964e+04 1.110291e+04 1.111100e+04
20.9 1.100158e+04 1.097332e+04 1.109160e+04 1.111986e+04
21.9 1.096427e+04 1.094483e+04 1.108123e+04 1.110067e+04
0.3 1.121719e+04 1.121196e+04 1.110232e+04 1.110755e+04
1.3 1.111784e+04 1.114388e+04 1.109799e+04 1.107196e+04
2.3 1.103659e+04 1.104251e+04 1.109835e+04 1.109244e+04
3.3 1.098327e+04 1.106131e+04 1.110534e+04 1.102730e+04
4.3 1.093778e+04 1.099816e+04 1.110259e+04 1.104221e+04
5.3 1.093302e+04 1.097857e+04 1.109144e+04 1.104590e+04
6.3 1.096012e+04 1.099200e+04 1.108119e+04 1.104931e+04
7.3 1.099547e+04 1.100432e+04 1.107506e+04 1.106621e+04
8.3 1.104064e+04 1.105769e+04 1.107225e+04 1.105521e+04
9.3 1.109351e+04 1.109804e+04 1.107165e+04 1.106712e+04
10.3 1.124556e+04 1.121039e+04 1.107777e+04 1.111294e+04
11.3 1.125625e+04 1.122291e+04 1.109350e+04 1.112683e+04
12.3 1.120533e+04 1.119592e+04 1.110213e+04 1.111154e+04
13.3 1.112304e+04 1.111788e+04 1.109803e+04 1.110319e+04
14.3 1.109809e+04 1.105619e+04 1.109876e+04 1.114066e+04
15.3 1.109781e+04 1.107695e+04 1.110582e+04 1.112667e+04
16.3 1.103773e+04 1.102964e+04 1.110291e+04 1.111100e+04
17.3 1.100158e+04 1.097332e+04 1.109160e+04 1.111986e+04
18.3 1.096427e+04 1.094483e+04 1.108123e+04 1.110067e+04
19.3 1.101733e+04 1.098994e+04 1.107644e+04 1.110382e+04
20.3 1.105952e+04 1.103324e+04 1.108416e+04 1.111044e+04
21.3 1.097863e+04 1.101973e+04 1.109767e+04 1.105657e+04
0.9 1.109351e+04 1.109804e+04 1.107165e+04 1.106712e+04
1.9 1.124556e+04 1.121039e+04 1.107777e+04 1.111294e+04
2.9 1.125625e+04 1.122291e+04 1.109350e+04 1.112683e+04
3.9 1.120533e+04 1.119592e+04 1.110213e+04 1.111154e+04
4.9 1.112304e+04 1.111788e+04 1.109803e+04 1.110319e+04
5.9 1.109809e+04 1.105619e+04 1.109876e+04 1.114066e+04
6.9 1.109781e+04 1.107695e+04 1.110582e+04 1.112667e+04
7.9 1.103773e+04 1.102964e+04 1.110291e+04 1.111100e+04
8.9 1.100158e+04 1.097332e+04 1.109160e+04 1.111986e+04
9.9 1.096427e+04 1.094483e+04 1.108123e+04 1.110067e+04
10.9 1.101733e+04 1.098994e+04 1.107644e+04 1.110382e+04
11.9 1.105952e+04 1.103324e+04 1.108416e+04 1.111044e+04
12.9 1.097863e+04 1.101973e+04 1.109767e+04 1.105657e+04
13.9 1.095597e+04 1.099061e+04 1.109910e+04 1.106445e+04
14.9 1.097498e+04 1.100901e+04 1.109062e+04 1.105659e+04
15.9 1.101504e+04 1.104638e+04 1.108186e+04 1.105052e+04
16.9 1.107640e+04 1.105489e+04 1.107627e+04 1.109779e+04
17.9 1.110263e+04 1.109579e+04 1.107342e+04 1.108025e+04
18.9 1.110979e+04 1.107719e+04 1.107232e+04 1.110492e+04
19.9 1.111737e+04 1.111888e+04 1.107230e+04 1.107079e+04
20.9 1.111250e+04 1.111863e+04 1.107282e+04 1.106669e+04
21.9 1.109400e+04 1.113272e+04 1.107349e+04 1.103478e+04
0.3 1.120533e+04 1.119592e+04 1.110213e+04 1.111154e+04
1.3 1.112304e+04 1.111788e+04 1.109803e+04 1.110319e+04
2.3 1.109809e+04 1.105619e+04 1.109876e+04 1.114066e+04
3.3 1.109781e+04 1.107695e+04 1.110582e+04 1.112667e+04
4.3 1.103773e+04 1.102964e+04 1.110291e+04 1.111100e+04
5.3 1.100158e+04 1.097332e+04 1.109160e+04 1.111986e+04
6.3 1.096427e+04 1.094483e+04 1.108123e+04 1.110067e+04
7.3 1.101733e+04 1.098994e+04 1.107644e+04 1.110382e+04
8.3 1.105952e+04 1.103324e+04 1.108416e+04 1.111044e+04
9.3 1.097863e+04 1.101973e+04 1.109767e+04 1.105657e+04
10.3 1.095597e+04 1.099061e+04 1.109910e+04 1.106445e+04
11.3 1.097498e+04 1.100901e+04 1.109062e+04 1.105659e+04
12.3 1.101504e+04 1.104638e+04 1.108186e+04 1.105052e+04
13.3 1.107640e+04 1.105489e+04 1.107627e+04 1.109779e+04
14.3 1.110263e+04 1.109579e+04 1.107342e+04 1.108025e+04
15.3 1.110979e+04 1.107719e+04 1.107232e+04 1.110492e+04
16.3 1.111737e+04 1.111888e+04 1.107230e+04 1.107079e+04
17.3 1.111250e+04 1.111863e+04 1.107282e+04 1.106669e+04
18.3 1.109400e+04 1.113272e+04 1.107349e+04 1.103478e+04
19.3 1.115195e+04 1.113804e+04 1.107409e+04 1.108800e+04
20.3 1.116377e+04 1.117722e+04 1.107452e+04 1.106106e+04
21.3 1.107154e+04 1.117562e+04 1.107499e+04 1.097090e+04
0.3 1.096427e+04 1.094483e+04 1.108123e+04 1.110067e+04
1.3 1.101733e+04 1.098994e+04 1.107644e+04 1.110382e+04
2.3 1.105952e+04 1.103324e+04 1.108416e+04 1.111044e+04
3.3 1.097863e+04 1.101973e+04 1.109767e+04 1.105657e+04
4.3 1.095597e+04 1.099061e+04 1.109910e+04 1.106445e+04
5.3 1.097498e+04 1.100901e+04 1.109062e+04 1.105659e+04
6.3 1.101504e+04 1.104638e+04 1.108186e+04 1.105052e+04
7.3 1.107640e+04 1.105489e+04 1.107627e+04 1.109779e+04
8.3 1.110263e+04 1.109579e+04 1.107342e+04 1.108025e+04
9.3 1.110979e+04 1.107719e+04 1.107232e+04 1.110492e+04
10.3 1.111737e+04 1.111888e+04 1.107230e+04 1.107079e+04
11.3 1.111250e+04 1.111863e+04 1.107282e+04 1.106669e+04
12.3 1.109400e+04 1.113272e+04 1.107349e+04 1.103478e+04
13.3 1.115195e+04 1.113804e+04 1.107409e+04 1.108800e+04
14.3 1.116377e+04 1.117722e+04 1.107452e+04 1.106106e+04
15.3 1.107154e+04 1.117562e+04 1.107499e+04 1.097090e+04
16.3 1.121967e+04 1.118535e+04 1.108097e+04 1.111530e+04
17.3 1.139805e+04 1.131836e+04 1.109602e+04 1.117572e+04
18.3 1.132923e+04 1.135807e+04 1.110386e+04 1.107502e+04
19.3 1.124922e+04 1.122553e+04 1.109770e+04 1.112139e+04
20.3 1.120868e+04 1.116668e+04 1.108805e+04 1.113006e+04
21.3 1.114801e+04 1.109895e+04 1.108860e+04 1.113766e+04
0.9 1.107154e+04 1.117562e+04 1.107499e+04 1.097090e+04
1.9 1.121967e+04 1.118535e+04 1.108097e+04 1.111530e+04
2.9 1.139805e+04 1.131836e+04 1.109602e+04 1.117572e+04
3.9 1.132923e+04 1.135807e+04 1.110386e+04 1.107502e+04
4.9 1.124922e+04 1.122553e+04 1.109770e+04 1.112139e+04
5.9 1.120868e+04 1.116668e+04 1.108805e+04 1.113006e+04
6.9 1.114801e+04 1.109895e+04 1.108860e+04 1.113766e+04
7.9 1.108015e+04 1.105236e+04 1.109943e+04 1.112722e+04
8.9 1.097527e+04 1.098253e+04 1.110188e+04 1.109462e+04
9.9 1.090047e+04 1.091196e+04 1.109319e+04 1.108170e+04
10.9 1.090587e+04 1.089819e+04 1.108321e+04 1.109088e+04
11.9 1.091689e+04 1.096002e+04 1.107666e+04 1.103353e+04
12.9 1.095259e+04 1.094809e+04 1.107334e+04 1.107784e+04
13.9 1.113471e+04 1.107623e+04 1.107207e+04 1.113055e+04
14.9 1.119275e+04 1.114486e+04 1.107199e+04 1.111988e+04
15.9 1.109367e+04 1.108676e+04 1.107253e+04 1.107945e+04
16.9 1.098897e+04 1.099795e+04 1.107327e+04 1.106428e+04
17.9 1.090065e+04 1.091156e+04 1.107393e+04 1.106302e+04
18.9 1.086759e+04 1.087522e+04 1.107442e+04 1.106678e+04
19.9 1.083947e+04 1.088982e+04 1.107478e+04 1.102443e+04
20.9 1.089971e+04 1.096330e+04 1.107886e+04 1.101528e+04
21.9 1.092174e+04 1.098398e+04 1.109312e+04 1.103089e+04
0.1 1.124922e+04 1.122553e+04 1.109770e+04 1.112139e+04
1.1 1.120868e+04 1.116668e+04 1.108805e+04 1.113006e+04
2.1 1.114801e+04 1.109895e+04 1.108860e+04 1.113766e+04
3.1 1.108015e+04 1.105236e+04 1.109943e+04 1.112722e+04
4.1 1.097527e+04 1.098253e+04 1.110188e+04 1.109462e+04
5.1 1.090047e+04 1.091196e+04 1.109319e+04 1.108170e+04
6.1 1.090587e+04 1.089819e+04 1.108321e+04 1.109088e+04
7.1 1.091689e+04 1.096002e+04 1.107666e+04 1.103353e+04
8.1 1.095259e+04 1.094809e+04 1.107334e+04 1.107784e+04
9.1 1.113471e+04 1.107623e+04 1.107207e+04 1.113055e+04
10.1 1.119275e+04 1.114486e+04 1.107199e+04 1.111988e+04
11.1 1.109367e+04 1.108676e+04 1.107253e+04 1.107945e+04
12.1 1.098897e+04 1.099795e+04 1.107327e+04 1.106428e+04
13.1 1.090065e+04 1.091156e+04 1.107393e+04 1.106302e+04
14.1 1.086759e+04 1.087522e+04 1.107442e+04 1.106678e+04
15.1 1.083947e+04 1.088982e+04 1.107478e+04 1.102443e+04
16.1 1.089971e+04 1.096330e+04 1.107886e+04 1.101528e+04
17.1 1.092174e+04 1.098398e+04 1.109312e+04 1.103089e+04
18.1 1.113001e+04 1.109633e+04 1.110557e+04 1.113925e+04
19.1 1.121847e+04 1.120238e+04 1.110271e+04 1.111880e+04
20.1 1.111537e+04 1.109965e+04 1.109182e+04 1.110753e+04
21.1 1.100689e+04 1.100720e+04 1.108223e+04 1.108192e+04
0.7 1.083947e+04 1.088982e+04 1.107478e+04 1.102443e+04
1.7 1.089971e+04 1.096330e+04 1.107886e+04 1.101528e+04
2.7 1.092174e+04 1.098398e+04 1.109312e+04 1.103089e+04
3.7 1.113001e+04 1.109633e+04 1.110557e+04 1.113925e+04
4.7 1.121847e+04 1.120238e+04 1.110271e+04 1.111880e+04
5.7 1.111537e+04 1.109965e+04 1.109182e+04 1.110753e+04
6.7 1.100689e+04 1.100720e+04 1.108223e+04 1.108192e+04
7.7 1.094439e+04 1.098926e+04 1.107633e+04 1.103146e+04
8.7 1.095531e+04 1.096965e+04 1.107335e+04 1.105901e+04
9.7 1.098295e+04 1.100150e+04 1.107225e+04 1.105370e+04
10.7 1.098231e+04 1.101718e+04 1.107229e+04 1.103742e+04
11.7 1.103234e+04 1.106481e+04 1.107286e+04 1.104039e+04
12.7 1.117658e+04 1.115350e+04 1.107357e+04 1.109664e+04
13.7 1.125086e+04 1.121250e+04 1.107652e+04 1.111489e+04
14.7 1.122089e+04 1.119004e+04 1.108924e+04 1.112008e+04
15.7 1.113724e+04 1.113050e+04 1.110242e+04 1.110916e+04
16.7 1.102556e+04 1.104811e+04 1.110118e+04 1.107863e+04
17.7 1.097604e+04 1.100891e+04 1.109137e+04 1.105849e+04
18.7 1.098855e+04 1.099388e+04 1.108229e+04 1.107696e+04
19.7 1.107253e+04 1.103406e+04 1.107660e+04 1.111507e+04
20.7 1.109429e+04 1.106383e+04 1.107366e+04 1.110413e+04
21.7 1.112702e+04 1.106985e+04 1.107253e+04 1.112971e+04
0.5 1.117658e+04 1.115350e+04 1.107357e+04 1.109664e+04
1.5 1.125086e+04 1.121250e+04 1.107652e+04 1.111489e+04
2.5 1.122089e+04 1.119004e+04 1.108924e+04 1.112008e+04
3.5 1.113724e+04 1.113050e+04 1.110242e+04 1.110916e+04
4.5 1.102556e+04 1.104811e+04 1.110118e+04 1.107863e+04
5.5 1.097604e+04 1.100891e+04 1.109137e+04 1.105849e+04
6.5 1.098855e+04 1.099388e+04 1.108229e+04 1.107696e+04
7.5 1.107253e+04 1.103406e+04 1.107660e+04 1.111507e+04
8.5 1.109429e+04 1.106383e+04 1.107366e+04 1.110413e+04
9.5 1.112702e+04 1.106985e+04 1.107253e+04 1.112971e+04
10.5 1.114653e+04 1.109574e+04 1.107249e+04 1.112327e+04
11.5 1.115865e+04 1.110937e+04 1.107299e+04 1.112227e+04
12.5 1.118613e+04 1.116459e+04 1.107363e+04 1.109517e+04
13.5 1.116972e+04 1.115898e+04 1.107418e+04 1.108493e+04
14.5 1.121643e+04 1.120649e+04 1.107458e+04 1.108451e+04
15.5 1.123946e+04 1.125815e+04 1.107482e+04 1.105612e+04
16.5 1.125577e+04 1.128481e+04 1.107495e+04 1.104591e+04
17.5 1.121983e+04 1.128193e+04 1.107502e+04 1.101292e+04
18.5 1.119687e+04 1.123333e+04 1.107505e+04 1.103858e+04
19.5 1.119025e+04 1.125498e+04 1.107506e+04 1.101034e+04
20.5 1.117487e+04 1.126388e+04 1.107507e+04 1.098606e+04
21.5 1.119153e+04 1.123208e+04 1.107507e+04 1.103452e+04
1.0 1.105853e+04 1.105785e+04 1.107540e+04 1.107609e+04
2.0 1.109127e+04 1.111513e+04 1.108214e+04 1.105827e+04
3.0 1.119192e+04 1.117166e+04 1.109743e+04 1.111769e+04
4.0 1.121323e+04 1.116112e+04 1.110425e+04 1.115635e+04
5.0 1.102831e+04 1.101051e+04 1.109734e+04 1.111514e+04
6.0 1.094361e+04 1.088215e+04 1.108695e+04 1.114840e+04
7.0 1.084388e+04 1.081977e+04 1.107929e+04 1.110340e+04
8.0 1.084672e+04 1.083158e+04 1.107495e+04 1.109008e+04
9.0 1.085158e+04 1.081418e+04 1.107293e+04 1.111033e+04
10.0 1.086368e+04 1.082915e+04 1.107237e+04 1.110691e+04
11.0 1.088397e+04 1.088751e+04 1.107265e+04 1.106910e+04
12.0 1.090226e+04 1.094924e+04 1.107326e+04 1.102628e+04
13.0 1.093513e+04 1.098298e+04 1.107389e+04 1.102604e+04
14.0 1.096445e+04 1.100365e+04 1.107438e+04 1.103518e+04
15.0 1.101792e+04 1.106945e+04 1.107470e+04 1.102317e+04
16.0 1.104520e+04 1.108819e+04 1.107489e+04 1.103190e+04
17.0 1.109071e+04 1.109220e+04 1.107499e+04 1.107349e+04
18.0 1.115256e+04 1.113649e+04 1.107503e+04 1.109111e+04
19.0 1.114691e+04 1.113970e+04 1.107506e+04 1.108226e+04
20.0 1.116774e+04 1.114910e+04 1.107506e+04 1.109370e+04
21.0 1.116844e+04 1.114722e+04 1.107507e+04 1.109629e+04
22.0 1.115716e+04 1.111773e+04 1.107507e+04 1.111450e+04
0.5 1.113486e+04 1.119725e+04 1.107508e+04 1.101269e+04
1.5 1.132510e+04 1.135558e+04 1.107745e+04 1.104697e+04
2.5 1.141097e+04 1.143437e+04 1.108975e+04 1.106635e+04
3.5 1.135337e+04 1.137290e+04 1.110268e+04 1.108316e+04
4.5 1.127981e+04 1.124990e+04 1.110130e+04 1.113122e+04
5.5 1.125924e+04 1.123322e+04 1.109142e+04 1.111744e+04
6.5 1.125401e+04 1.120625e+04 1.108232e+04 1.113008e+04
7.5 1.122342e+04 1.116762e+04 1.107918e+04 1.113498e+04
8.5 1.125552e+04 1.117908e+04 1.108883e+04 1.116527e+04
9.5 1.126030e+04 1.122082e+04 1.110062e+04 1.114010e+04
10.5 1.127030e+04 1.122803e+04 1.109925e+04 1.114152e+04
11.5 1.132919e+04 1.130838e+04 1.109584e+04 1.111665e+04
12.5 1.130083e+04 1.127991e+04 1.110233e+04 1.112325e+04
13.5 1.127043e+04 1.130490e+04 1.110450e+04 1.107003e+04
14.5 1.126335e+04 1.131568e+04 1.109548e+04 1.104315e+04
15.5 1.119802e+04 1.121397e+04 1.108504e+04 1.106908e+04
16.5 1.118321e+04 1.118479e+04 1.108610e+04 1.108451e+04
17.5 1.114372e+04 1.113944e+04 1.109737e+04 1.110165e+04
18.5 1.107790e+04 1.108366e+04 1.109979e+04 1.109402e+04
19.5 1.114977e+04 1.115369e+04 1.109149e+04 1.108757e+04
20.5 1.118703e+04 1.114714e+04 1.108216e+04 1.112204e+04
21.5 1.126156e+04 1.123963e+04 1.107613e+04 1.109806e+04
0.5 1.125401e+04 1.120625e+04 1.108232e+04 1.113008e+04
1.5 1.122342e+04 1.116762e+04 1.107918e+04 1.113498e+04
2.5 1.125552e+04 1.117908e+04 1.108883e+04 1.116527e+04
3.5 1.126030e+04 1.122082e+04 1.110062e+04 1.114010e+04
4.5 1.127030e+04 1.122803e+04 1.109925e+04 1.114152e+04
5.5 1.132919e+04 1.130838e+04 1.109584e+04 1.111665e+04
6.5 1.130083e+04 1.127991e+04 1.110233e+04 1.112325e+04
7.5 1.127043e+04 1.130490e+04 1.110450e+04 1.107003e+04
8.5 1.126335e+04 1.131568e+04 1.109548e+04 1.104315e+04
9.5 1.119802e+04 1.121397e+04 1.108504e+04 1.106908e+04
10.5 1.118321e+04 1.118479e+04 1.108610e+04 1.108451e+04
11.5 1.114372e+04 1.113944e+04 1.109737e+04 1.110165e+04
12.5 1.107790e+04 1.108366e+04 1.109979e+04 1.109402e+04
13.5 1.114977e+04 1.115369e+04 1.109149e+04 1.108757e+04
14.5 1.118703e+04 1.114714e+04 1.108216e+04 1.112204e+04
15.5 1.126156e+04 1.123963e+04 1.107613e+04 1.109806e+04
16.5 1.129060e+04 1.131814e+04 1.107340e+04 1.104586e+04
17.5 1.134673e+04 1.132418e+04 1.107873e+04 1.110128e+04
18.5 1.135972e+04 1.141313e+04 1.109386e+04 1.104045e+04
19.5 1.134118e+04 1.136452e+04 1.110137e+04 1.107803e+04
20.5 1.138264e+04 1.140585e+04 1.109707e+04 1.107386e+04
21.5 1.135382e+04 1.140427e+04 1.109861e+04 1.104817e+04
0.9 1.127030e+04 1.122803e+04 1.109925e+04 1.114152e+04
1.9 1.132919e+04 1.130838e+04 1.109584e+04 1.111665e+04
2.9 1.130083e+04 1.127991e+04 1.110233e+04 1.112325e+04
3.9 1.127043e+04 1.130490e+04 1.110450e+04 1.107003e+04
4.9 1.126335e+04 1.131568e+04 1.109548e+04 1.104315e+04
5.9 1.119802e+04 1.121397e+04 1.108504e+04 1.106908e+04
6.9 1.118321e+04 1.118479e+04 1.108610e+04 1.108451e+04
7.9 1.114372e+04 1.113944e+04 1.109737e+04 1.110165e+04
8.9 1.107790e+04 1.108366e+04 1.109979e+04 1.109402e+04
9.9 1.114977e+04 1.115369e+04 1.109149e+04 1.108757e+04
10.9 1.118703e+04 1.114714e+04 1.108216e+04 1.112204e+04
11.9 1.126156e+04 1.123963e+04 1.107613e+04 1.109806e+04
12.9 1.129060e+04 1.131814e+04 1.107340e+04 1.104586e+04
13.9 1.134673e+04 1.132418e+04 1.107873e+04 1.110128e+04
14.9 1.135972e+04 1.141313e+04 1.109386e+04 1.104045e+04
15.9 1.134118e+04 1.136452e+04 1.110137e+04 1.107803e+04
16.9 1.138264e+04 1.140585e+04 1.109707e+04 1.107386e+04
17.9 1.135382e+04 1.140427e+04 1.109861e+04 1.104817e+04
18.9 1.135449e+04 1.133362e+04 1.110544e+04 1.112631e+04
19.9 1.132567e+04 1.133411e+04 1.110180e+04 1.109335e+04
20.9 1.123496e+04 1.122845e+04 1.109516e+04 1.110167e+04
21.9 1.128091e+04 1.124838e+04 1.109973e+04 1.113226e+04
0.1 1.126335e+04 1.131568e+04 1.109548e+04 1.104315e+04
1.1 1.119802e+04 1.121397e+04 1.108504e+04 1.106908e+04
2.1 1.118321e+04 1.118479e+04 1.108610e+04 1.108451e+04
3.1 1.114372e+04 1.113944e+04 1.109737e+04 1.110165e+04
4.1 1.107790e+04 1.108366e+04 1.109979e+04 1.109402e+04
5.1 1.114977e+04 1.115369e+04 1.109149e+04 1.108757e+04
6.1 1.118703e+04 1.114714e+04 1.108216e+04 1.112204e+04
7.1 1.126156e+04 1.123963e+04 1.107613e+04 1.109806e+04
8.1 1.129060e+04 1.131814e+04 1.107340e+04 1.104586e+04
9.1 1.134673e+04 1.132418e+04 1.107873e+04 1.110128e+04
10.1 1.135972e+04 1.141313e+04 1.109386e+04 1.104045e+04
11.1 1.134118e+04 1.136452e+04 1.110137e+04 1.107803e+04
12.1 1.138264e+04 1.140585e+04 1.109707e+04 1.107386e+04
13.1 1.135382e+04 1.140427e+04 1.109861e+04 1.104817e+04
14.1 1.135449e+04 1.133362e+04 1.110544e+04 1.112631e+04
15.1 1.132567e+04 1.133411e+04 1.110180e+04 1.109335e+04
16.1 1.123496e+04 1.122845e+04 1.109516e+04 1.110167e+04
17.1 1.128091e+04 1.124838e+04 1.109973e+04 1.113226e+04
18.1 1.125895e+04 1.124562e+04 1.110342e+04 1.111675e+04
19.1 1.128221e+04 1.125683e+04 1.109677e+04 1.112216e+04
20.1 1.127207e+04 1.127152e+04 1.109507e+04 1.109562e+04
21.1 1.121281e+04 1.119306e+04 1.110215e+04 1.112190e+04
0.9 1.129060e+04 1.131814e+04 1.107340e+04 1.104586e+04
1.9 1.134673e+04 1.132418e+04 1.107873e+04 1.110128e+04
2.9 1.135972e+04 1.141313e+04 1.109386e+04 1.104045e+04
3.9 1.134118e+04 1.136452e+04 1.110137e+04 1.107803e+04
4.9 1.138264e+04 1.140585e+04 1.109707e+04 1.107386e+04
5.9 1.135382e+04 1.140427e+04 1.109861e+04 1.104817e+04
6.9 1.135449e+04 1.133362e+04 1.110544e+04 1.112631e+04
7.9 1.132567e+04 1.133411e+04 1.110180e+04 1.109335e+04
8.9 1.123496e+04 1.122845e+04 1.109516e+04 1.110167e+04
9.9 1.128091e+04 1.124838e+04 1.109973e+04 1.113226e+04
10.9 1.125895e+04 1.124562e+04 1.110342e+04 1.111675e+04
11.9 1.128221e+04 1.125683e+04 1.109677e+04 1.112216e+04
12.9 1.127207e+04 1.127152e+04 1.109507e+04 1.109562e+04
13.9 1.121281e+04 1.119306e+04 1.110215e+04 1.112190e+04
14.9 1.115078e+04 1.118484e+04 1.110102e+04 1.106697e+04
15.9 1.110622e+04 1.113426e+04 1.109088e+04 1.106283e+04
16.9 1.110754e+04 1.111210e+04 1.108276e+04 1.107820e+04
17.9 1.113374e+04 1.110025e+04 1.108816e+04 1.112166e+04
18.9 1.111736e+04 1.114619e+04 1.109910e+04 1.107027e+04
19.9 1.105994e+04 1.107004e+04 1.109817e+04 1.108807e+04
20.9 1.110661e+04 1.108881e+04 1.108886e+04 1.110666e+04
21.9 1.106861e+04 1.106313e+04 1.108027e+04 1.108575e+04
0.4 1.134118e+04 1.136452e+04 1.110137e+04 1.107803e+04
1.4 1.138264e+04 1.140585e+04 1.109707e+04 1.107386e+04
2.4 1.135382e+04 1.140427e+04 1.109861e+04 1.104817e+04
3.4 1.135449e+04 1.133362e+04 1.110544e+04 1.112631e+04
4.4 1.132567e+04 1.133411e+04 1.110180e+04 1.109335e+04
5.4 1.123496e+04 1.122845e+04 1.109516e+04 1.110167e+04
6.4 1.128091e+04 1.124838e+04 1.109973e+04 1.113226e+04
7.4 1.125895e+04 1.124562e+04 1.110342e+04 1.111675e+04
8.4 1.128221e+04 1.125683e+04 1.109677e+04 1.112216e+04
9.4 1.127207e+04 1.127152e+04 1.109507e+04 1.109562e+04
10.4 1.121281e+04 1.119306e+04 1.110215e+04 1.112190e+04
11.4 1.115078e+04 1.118484e+04 1.110102e+04 1.106697e+04
12.4 1.110622e+04 1.113426e+04 1.109088e+04 1.106283e+04
13.4 1.110754e+04 1.111210e+04 1.108276e+04 1.107820e+04
14.4 1.113374e+04 1.110025e+04 1.108816e+04 1.112166e+04
15.4 1.111736e+04 1.114619e+04 1.109910e+04 1.107027e+04
16.4 1.105994e+04 1.107004e+04 1.109817e+04 1.108807e+04
17.4 1.110661e+04 1.108881e+04 1.108886e+04 1.110666e+04
18.4 1.106861e+04 1.106313e+04 1.108027e+04 1.108575e+04
19.4 1.103624e+04 1.102411e+04 1.107714e+04 1.108927e+04
20.4 1.104518e+04 1.101027e+04 1.108647e+04 1.112138e+04
21.4 1.097592e+04 1.099400e+04 1.109943e+04 1.108135e+04
0.7 1.132567e+04 1.133411e+04 1.110180e+04 1.109335e+04
1.7 1.123496e+04 1.122845e+04 1.109516e+04 1.110167e+04
2.7 1.128091e+04 1.124838e+04 1.109973e+04 1.113226e+04
3.7 1.125895e+04 1.124562e+04 1.110342e+04 1.111675e+04
4.7 1.128221e+04 1.125683e+04 1.109677e+04 1.112216e+04
5.7 1.127207e+04 1.127152e+04 1.109507e+04 1.109562e+04
6.7 1.121281e+04 1.119306e+04 1.110215e+04 1.112190e+04
7.7 1.115078e+04 1.118484e+04 1.110102e+04 1.106697e+04
8.7 1.110622e+04 1.113426e+04 1.109088e+04 1.106283e+04
9.7 1.110754e+04 1.111210e+04 1.108276e+04 1.107820e+04
10.7 1.113374e+04 1.110025e+04 1.108816e+04 1.112166e+04
11.7 1.111736e+04 1.114619e+04 1.109910e+04 1.107027e+04
12.7 1.105994e+04 1.107004e+04 1.109817e+04 1.108807e+04
13.7 1.110661e+04 1.108881e+04 1.108886e+04 1.110666e+04
14.7 1.106861e+04 1.106313e+04 1.108027e+04 1.108575e+04
15.7 1.103624e+04 1.102411e+04 1.107714e+04 1.108927e+04
16.7 1.104518e+04 1.101027e+04 1.108647e+04 1.112138e+04
17.7 1.097592e+04 1.099400e+04 1.109943e+04 1.108135e+04
18.7 1.099907e+04 1.096778e+04 1.109930e+04 1.113059e+04
19.7 1.100176e+04 1.099899e+04 1.109017e+04 1.109295e+04
20.7 1.097422e+04 1.098202e+04 1.108143e+04 1.107363e+04
21.7 1.096580e+04 1.098075e+04 1.107800e+04 1.106305e+04
0.2 1.125895e+04 1.124562e+04 1.110342e+04 1.111675e+04
1.2 1.128221e+04 1.125683e+04 1.109677e+04 1.112216e+04
2.2 1.127207e+04 1.127152e+04 1.109507e+04 1.109562e+04
3.2 1.121281e+04 1.119306e+04 1.110215e+04 1.112190e+04
4.2 1.115078e+04 1.118484e+04 1.110102e+04 1.106697e+04
5.2 1.110622e+04 1.113426e+04 1.109088e+04 1.106283e+04
6.2 1.110754e+04 1.111210e+04 1.108276e+04 1.107820e+04
7.2 1.113374e+04 1.110025e+04 1.108816e+04 1.112166e+04
8.2 1.111736e+04 1.114619e+04 1.109910e+04 1.107027e+04
9.2 1.105994e+04 1.107004e+04 1.109817e+04 1.108807e+04
10.2 1.110661e+04 1.108881e+04 1.108886e+04 1.110666e+04
11.2 1.106861e+04 1.106313e+04 1.108027e+04 1.108575e+04
12.2 1.103624e+04 1.102411e+04 1.107714e+04 1.108927e+04
13.2 1.104518e+04 1.101027e+04 1.108647e+04 1.112138e+04
14.2 1.097592e+04 1.099400e+04 1.109943e+04 1.108135e+04
15.2 1.099907e+04 1.096778e+04 1.109930e+04 1.113059e+04
16.2 1.100176e+04 1.099899e+04 1.109017e+04 1.109295e+04
17.2 1.097422e+04 1.098202e+04 1.108143e+04 1.107363e+04
18.2 1.096580e+04 1.098075e+04 1.107800e+04 1.106305e+04
19.2 1.093945e+04 1.095140e+04 1.108702e+04 1.107507e+04
20.2 1.091882e+04 1.093168e+04 1.109948e+04 1.108661e+04
21.2 1.094235e+04 1.094130e+04 1.109895e+04 1.110001e+04
0.4 1.110622e+04 1.113426e+04 1.109088e+04 1.106283e+04
1.4 1.110754e+04 1.111210e+04 1.108276e+04 1.107820e+04
2.4 1.113374e+04 1.110025e+04 1.108816e+04 1.112166e+04
3.4 1.111736e+04 1.114619e+04 1.109910e+04 1.107027e+04
4.4 1.105994e+04 1.107004e+04 1.109817e+04 1.108807e+04
5.4 1.110661e+04 1.108881e+04 1.108886e+04 1.110666e+04
6.4 1.106861e+04 1.106313e+04 1.108027e+04 1.108575e+04
7.4 1.103624e+04 1.102411e+04 1.107714e+04 1.108927e+04
8.4 1.104518e+04 1.101027e+04 1.108647e+04 1.112138e+04
9.4 1.097592e+04 1.099400e+04 1.109943e+04 1.108135e+04
10.4 1.099907e+04 1.096778e+04 1.109930e+04 1.113059e+04
11.4 1.100176e+04 1.099899e+04 1.109017e+04 1.109295e+04
12.4 1.097422e+04 1.098202e+04 1.108143e+04 1.107363e+04
13.4 1.096580e+04 1.098075e+04 1.107800e+04 1.106305e+04
14.4 1.093945e+04 1.095140e+04 1.108702e+04 1.107507e+04
15.4 1.091882e+04 1.093168e+04 1.109948e+04 1.108661e+04
16.4 1.094235e+04 1.094130e+04 1.109895e+04 1.110001e+04
17.4 1.098696e+04 1.098487e+04 1.108980e+04 1.109189e+04
18.4 1.097260e+04 1.098197e+04 1.108121e+04 1.107184e+04
19.4 1.093171e+04 1.091163e+04 1.107791e+04 1.109799e+04
20.4 1.096833e+04 1.094655e+04 1.108700e+04 1.110878e+04
21.4 1.093780e+04 1.094458e+04 1.109951e+04 1.109272e+04
0.4 1.106861e+04 1.106313e+04 1.108027e+04 1.108575e+04
1.4 1.103624e+04 1.102411e+04 1.107714e+04 1.108927e+04
2.4 1.104518e+04 1.101027e+04 1.108647e+04 1.112138e+04
3.4 1.097592e+04 1.099400e+04 1.109943e+04 1.108135e+04
4.4 1.099907e+04 1.096778e+04 1.109930e+04 1.113059e+04
5.4 1.100176e+04 1.099899e+04 1.109017e+04 1.109295e+04
6.4 1.097422e+04 1.098202e+04 1.108143e+04 1.107363e+04
7.4 1.096580e+04 1.098075e+04 1.107800e+04 1.106305e+04
8.4 1.093945e+04 1.095140e+04 1.108702e+04 1.107507e+04
9.4 1.091882e+04 1.093168e+04 1.109948e+04 1.108661e+04
10.4 1.094235e+04 1.094130e+04 1.109895e+04 1.110001e+04
11.4 1.098696e+04 1.098487e+04 1.108980e+04 1.109189e+04
12.4 1.097260e+04 1.098197e+04 1.108121e+04 1.107184e+04
13.4 1.093171e+04 1.091163e+04 1.107791e+04 1.109799e+04
14.4 1.096833e+04 1.094655e+04 1.108700e+04 1.110878e+04
15.4 1.093780e+04 1.094458e+04 1.109951e+04 1.109272e+04
16.4 1.094167e+04 1.095336e+04 1.109900e+04 1.108731e+04
17.4 1.091160e+04 1.094609e+04 1.108988e+04 1.105539e+04
18.4 1.092093e+04 1.095063e+04 1.108470e+04 1.105500e+04
19.4 1.095274e+04 1.095997e+04 1.109292e+04 1.108570e+04
20.4 1.095005e+04 1.096075e+04 1.110161e+04 1.109091e+04
21.4 1.088022e+04 1.091828e+04 1.109786e+04 1.105980e+04
0.4 1.097422e+04 1.098202e+04 1.108143e+04 1.107363e+04
1.4 1.096580e+04 1.098075e+04 1.107800e+04 1.106305e+04
2.4 1.093945e+04 1.095140e+04 1.108702e+04 1.107507e+04
3.4 1.091882e+04 1.093168e+04 1.109948e+04 1.108661e+04
4.4 1.094235e+04 1.094130e+04 1.109895e+04 1.110001e+04
5.4 1.098696e+04 1.098487e+04 1.108980e+04 1.109189e+04
6.4 1.097260e+04 1.098197e+04 1.108121e+04 1.107184e+04
7.4 1.093171e+04 1.091163e+04 1.107791e+04 1.109799e+04
8.4 1.096833e+04 1.094655e+04 1.108700e+04 1.110878e+04
9.4 1.093780e+04 1.094458e+04 1.109951e+04 1.109272e+04
10.4 1.094167e+04 1.095336e+04 1.109900e+04 1.108731e+04
11.4 1.091160e+04 1.094609e+04 1.108988e+04 1.105539e+04
12.4 1.092093e+04 1.095063e+04 1.108470e+04 1.105500e+04
13.4 1.095274e+04 1.095997e+04 1.109292e+04 1.108570e+04
14.4 1.095005e+04 1.096075e+04 1.110161e+04 1.109091e+04
15.4 1.088022e+04 1.091828e+04 1.109786e+04 1.105980e+04
16.4 1.092587e+04 1.091937e+04 1.109541e+04 1.110191e+04
17.4 1.096771e+04 1.094268e+04 1.110265e+04 1.112768e+04
18.4 1.101205e+04 1.098702e+04 1.110355e+04 1.112858e+04
19.4 1.095156e+04 1.096125e+04 1.109387e+04 1.108418e+04
20.4 1.093743e+04 1.093817e+04 1.108418e+04 1.108344e+04
21.4 1.095979e+04 1.092369e+04 1.108707e+04 1.112316e+04
0.4 1.097260e+04 1.098197e+04 1.108121e+04 1.107184e+04
1.4 1.093171e+04 1.091163e+04 1.107791e+04 1.109799e+04
2.4 1.096833e+04 1.094655e+04 1.108700e+04 1.110878e+04
3.4 1.093780e+04 1.094458e+04 1.109951e+04 1.109272e+04
4.4 1.094167e+04 1.095336e+04 1.109900e+04 1.108731e+04
5.4 1.091160e+04 1.094609e+04 1.108988e+04 1.105539e+04
6.4 1.092093e+04 1.095063e+04 1.108470e+04 1.105500e+04
7.4 1.095274e+04 1.095997e+04 1.109292e+04 1.108570e+04
8.4 1.095005e+04 1.096075e+04 1.110161e+04 1.109091e+04
9.4 1.088022e+04 1.091828e+04 1.109786e+04 1.105980e+04
10.4 1.092587e+04 1.091937e+04 1.109541e+04 1.110191e+04
11.4 1.096771e+04 1.094268e+04 1.110265e+04 1.112768e+04
12.4 1.101205e+04 1.098702e+04 1.110355e+04 1.112858e+04
13.4 1.095156e+04 1.096125e+04 1.109387e+04 1.108418e+04
14.4 1.093743e+04 1.093817e+04 1.108418e+04 1.108344e+04
15.4 1.095979e+04 1.092369e+04 1.108707e+04 1.112316e+04
16.4 1.092683e+04 1.092363e+04 1.109829e+04 1.110149e+04
17.4 1.091982e+04 1.092209e+04 1.109915e+04 1.109688e+04
18.4 1.092119e+04 1.091895e+04 1.109030e+04 1.109254e+04
19.4 1.088192e+04 1.091545e+04 1.108364e+04 1.105011e+04
20.4 1.096663e+04 1.096132e+04 1.109032e+04 1.109563e+04
21.4 1.098512e+04 1.100449e+04 1.110052e+04 1.108115e+04
0.6 1.091160e+04 1.094609e+04 1.108988e+04 1.105539e+04
1.6 1.092093e+04 1.095063e+04 1.108470e+04 1.105500e+04
2.6 1.095274e+04 1.095997e+04 1.109292e+04 1.108570e+04
3.6 1.095005e+04 1.096075e+04 1.110161e+04 1.109091e+04
4.6 1.088022e+04 1.091828e+04 1.109786e+04 1.105980e+04
5.6 1.092587e+04 1.091937e+04 1.109541e+04 1.110191e+04
6.6 1.096771e+04 1.094268e+04 1.110265e+04 1.112768e+04
7.6 1.101205e+04 1.098702e+04 1.110355e+04 1.112858e+04
8.6 1.095156e+04 1.096125e+04 1.109387e+04 1.108418e+04
9.6 1.093743e+04 1.093817e+04 1.108418e+04 1.108344e+04
10.6 1.095979e+04 1.092369e+04 1.108707e+04 1.112316e+04
11.6 1.092683e+04 1.092363e+04 1.109829e+04 1.110149e+04
12.6 1.091982e+04 1.092209e+04 1.109915e+04 1.109688e+04
13.6 1.092119e+04 1.091895e+04 1.109030e+04 1.109254e+04
14.6 1.088192e+04 1.091545e+04 1.108364e+04 1.105011e+04
15.6 1.096663e+04 1.096132e+04 1.109032e+04 1.109563e+04
16.6 1.098512e+04 1.100449e+04 1.110052e+04 1.108115e+04
17.6 1.102094e+04 1.098805e+04 1.109840e+04 1.113130e+04
18.6 1.101395e+04 1.099769e+04 1.109445e+04 1.111071e+04
19.6 1.094963e+04 1.094547e+04 1.110092e+04 1.110508e+04
20.6 1.092727e+04 1.094418e+04 1.110376e+04 1.108684e+04
21.6 1.092989e+04 1.092343e+04 1.109654e+04 1.110299e+04
1.0 1.088022e+04 1.091828e+04 1.109786e+04 1.105980e+04
2.0 1.092587e+04 1.091937e+04 1.109541e+04 1.110191e+04
3.0 1.096771e+04 1.094268e+04 1.110265e+04 1.112768e+04
4.0 1.101205e+04 1.098702e+04 1.110355e+04 1.112858e+04
5.0 1.095156e+04 1.096125e+04 1.109387e+04 1.108418e+04
6.0 1.093743e+04 1.093817e+04 1.108418e+04 1.108344e+04
7.0 1.095979e+04 1.092369e+04 1.108707e+04 1.112316e+04
8.0 1.092683e+04 1.092363e+04 1.109829e+04 1.110149e+04
9.0 1.091982e+04 1.092209e+04 1.109915e+04 1.109688e+04
10.0 1.092119e+04 1.091895e+04 1.109030e+04 1.109254e+04
11.0 1.088192e+04 1.091545e+04 1.108364e+04 1.105011e+04
12.0 1.096663e+04 1.096132e+04 1.109032e+04 1.109563e+04
13.0 1.098512e+04 1.100449e+04 1.110052e+04 1.108115e+04
14.0 1.102094e+04 1.098805e+04 1.109840e+04 1.113130e+04
15.0 1.101395e+04 1.099769e+04 1.109445e+04 1.111071e+04
16.0 1.094963e+04 1.094547e+04 1.110092e+04 1.110508e+04
17.0 1.092727e+04 1.094418e+04 1.110376e+04 1.108684e+04
18.0 1.092989e+04 1.092343e+04 1.109654e+04 1.110299e+04
19.0 1.097684e+04 1.094759e+04 1.109579e+04 1.112504e+04
20.0 1.098683e+04 1.097636e+04 1.110274e+04 1.111321e+04
21.0 1.101831e+04 1.099822e+04 1.110056e+04 1.112065e+04
22.0 1.096416e+04 1.098986e+04 1.109423e+04 1.106853e+04
0.2 1.095156e+04 1.096125e+04 1.109387e+04 1.108418e+04
1.2 1.093743e+04 1.093817e+04 1.108418e+04 1.108344e+04
2.2 1.095979e+04 1.092369e+04 1.108707e+04 1.112316e+04
3.2 1.092683e+04 1.092363e+04 1.109829e+04 1.110149e+04
4.2 1.091982e+04 1.092209e+04 1.109915e+04 1.109688e+04
5.2 1.092119e+04 1.091895e+04 1.109030e+04 1.109254e+04
6.2 1.088192e+04 1.091545e+04 1.108364e+04 1.105011e+04
7.2 1.096663e+04 1.096132e+04 1.109032e+04 1.109563e+04
8.2 1.098512e+04 1.100449e+04 1.110052e+04 1.108115e+04
9.2 1.102094e+04 1.098805e+04 1.109840e+04 1.113130e+04
10.2 1.101395e+04 1.099769e+04 1.109445e+04 1.111071e+04
11.2 1.094963e+04 1.094547e+04 1.110092e+04 1.110508e+04
12.2 1.092727e+04 1.094418e+04 1.110376e+04 1.108684e+04
13.2 1.092989e+04 1.092343e+04 1.109654e+04 1.110299e+04
14.2 1.097684e+04 1.094759e+04 1.109579e+04 1.112504e+04
15.2 1.098683e+04 1.097636e+04 1.110274e+04 1.111321e+04
16.2 1.101831e+04 1.099822e+04 1.110056e+04 1.112065e+04
17.2 1.096416e+04 1.098986e+04 1.109423e+04 1.106853e+04
18.2 1.094259e+04 1.095518e+04 1.109868e+04 1.108609e+04
19.2 1.093507e+04 1.096211e+04 1.110319e+04 1.107615e+04
20.2 1.095745e+04 1.098739e+04 1.109629e+04 1.106635e+04
21.2 1.099477e+04 1.102966e+04 1.108534e+04 1.105046e+04
0.5 1.092119e+04 1.091895e+04 1.109030e+04 1.109254e+04
1.5 1.088192e+04 1.091545e+04 1.108364e+04 1.105011e+04
2.5 1.096663e+04 1.096132e+04 1.109032e+04 1.109563e+04
3.5 1.098512e+04 1.100449e+04 1.110052e+04 1.108115e+04
4.5 1.102094e+04 1.098805e+04 1.109840e+04 1.113130e+04
5.5 1.101395e+04 1.099769e+04 1.109445e+04 1.111071e+04
6.5 1.094963e+04 1.094547e+04 1.110092e+04 1.110508e+04
7.5 1.092727e+04 1.094418e+04 1.110376e+04 1.108684e+04
8.5 1.092989e+04 1.092343e+04 1.109654e+04 1.110299e+04
9.5 1.097684e+04 1.094759e+04 1.109579e+04 1.112504e+04
10.5 1.098683e+04 1.097636e+04 1.110274e+04 1.111321e+04
11.5 1.101831e+04 1.099822e+04 1.110056e+04 1.112065e+04
12.5 1.096416e+04 1.098986e+04 1.109423e+04 1.106853e+04
13.5 1.094259e+04 1.095518e+04 1.109868e+04 1.108609e+04
14.5 1.093507e+04 1.096211e+04 1.110319e+04 1.107615e+04
15.5 1.095745e+04 1.098739e+04 1.109629e+04 1.106635e+04
16.5 1.099477e+04 1.102966e+04 1.108534e+04 1.105046e+04
17.5 1.100416e+04 1.101379e+04 1.107738e+04 1.106774e+04
18.5 1.102642e+04 1.106467e+04 1.107735e+04 1.103910e+04
19.5 1.097619e+04 1.096637e+04 1.108989e+04 1.109970e+04
20.5 1.097828e+04 1.098558e+04 1.110000e+04 1.109270e+04
21.5 1.106655e+04 1.099781e+04 1.109627e+04 1.116500e+04
0.9 1.102094e+04 1.098805e+04 1.109840e+04 1.113130e+04
1.9 1.101395e+04 1.099769e+04 1.109445e+04 1.111071e+04
2.9 1.094963e+04 1.094547e+04 1.110092e+04 1.110508e+04
3.9 1.092727e+04 1.094418e+04 1.110376e+04 1.108684e+04
4.9 1.092989e+04 1.092343e+04 1.109654e+04 1.110299e+04
5.9 1.097684e+04 1.094759e+04 1.109579e+04 1.112504e+04
6.9 1.098683e+04 1.097636e+04 1.110274e+04 1.111321e+04
7.9 1.101831e+04 1.099822e+04 1.110056e+04 1.112065e+04
8.9 1.096416e+04 1.098986e+04 1.109423e+04 1.106853e+04
9.9 1.094259e+04 1.095518e+04 1.109868e+04 1.108609e+04
10.9 1.093507e+04 1.096211e+04 1.110319e+04 1.107615e+04
11.9 1.095745e+04 1.098739e+04 1.109629e+04 1.106635e+04
12.9 1.099477e+04 1.102966e+04 1.108534e+04 1.105046e+04
13.9 1.100416e+04 1.101379e+04 1.107738e+04 1.106774e+04
14.9 1.102642e+04 1.106467e+04 1.107735e+04 1.103910e+04
15.9 1.097619e+04 1.096637e+04 1.108989e+04 1.109970e+04
16.9 1.097828e+04 1.098558e+04 1.110000e+04 1.109270e+04
17.9 1.106655e+04 1.099781e+04 1.109627e+04 1.116500e+04
18.9 1.114339e+04 1.102423e+04 1.108684e+04 1.120600e+04
19.9 1.115679e+04 1.108639e+04 1.107932e+04 1.114972e+04
20.9 1.105946e+04 1.101923e+04 1.107911e+04 1.111934e+04
21.9 1.101833e+04 1.102316e+04 1.109120e+04 1.108637e+04
0.3 1.092727e+04 1.094418e+04 1.110376e+04 1.108684e+04
1.3 1.092989e+04 1.092343e+04 1.109654e+04 1.110299e+04
2.3 1.097684e+04 1.094759e+04 1.109579e+04 1.112504e+04
3.3 1.098683e+04 1.097636e+04 1.110274e+04 1.111321e+04
4.3 1.101831e+04 1.099822e+04 1.110056e+04 1.112065e+04
5.3 1.096416e+04 1.098986e+04 1.109423e+04 1.106853e+04
6.3 1.094259e+04 1.095518e+04 1.109868e+04 1.108609e+04
7.3 1.093507e+04 1.096211e+04 1.110319e+04 1.107615e+04
8.3 1.095745e+04 1.098739e+04 1.109629e+04 1.106635e+04
9.3 1.099477e+04 1.102966e+04 1.108534e+04 1.105046e+04
10.3 1.100416e+04 1.101379e+04 1.107738e+04 1.106774e+04
11.3 1.102642e+04 1.106467e+04 1.107735e+04 1.103910e+04
12.3 1.097619e+04 1.096637e+04 1.108989e+04 1.109970e+04
13.3 1.097828e+04 1.098558e+04 1.110000e+04 1.109270e+04
14.3 1.106655e+04 1.099781e+04 1.109627e+04 1.116500e+04
15.3 1.114339e+04 1.102423e+04 1.108684e+04 1.120600e+04
16.3 1.115679e+04 1.108639e+04 1.107932e+04 1.114972e+04
17.3 1.105946e+04 1.101923e+04 1.107911e+04 1.111934e+04
18.3 1.101833e+04 1.102316e+04 1.109120e+04 1.108637e+04
19.3 1.096938e+04 1.098539e+04 1.110085e+04 1.108484e+04
20.3 1.101216e+04 1.101945e+04 1.109676e+04 1.108946e+04
21.3 1.115043e+04 1.113296e+04 1.108710e+04 1.110457e+04
0.7 1.101831e+04 1.099822e+04 1.110056e+04 1.112065e+04
1.7 1.096416e+04 1.098986e+04 1.109423e+04 1.106853e+04
2.7 1.094259e+04 1.095518e+04 1.109868e+04 1.108609e+04
3.7 1.093507e+04 1.096211e+04 1.110319e+04 1.107615e+04
4.7 1.095745e+04 1.098739e+04 1.109629e+04 1.106635e+04
5.7 1.099477e+04 1.102966e+04 1.108534e+04 1.105046e+04
6.7 1.100416e+04 1.101379e+04 1.107738e+04 1.106774e+04
7.7 1.102642e+04 1.106467e+04 1.107735e+04 1.103910e+04
8.7 1.097619e+04 1.096637e+04 1.108989e+04 1.109970e+04
9.7 1.097828e+04 1.098558e+04 1.110000e+04 1.109270e+04
10.7 1.106655e+04 1.099781e+04 1.109627e+04 1.116500e+04
11.7 1.114339e+04 1.102423e+04 1.108684e+04 1.120600e+04
12.7 1.115679e+04 1.108639e+04 1.107932e+04 1.114972e+04
13.7 1.105946e+04 1.101923e+04 1.107911e+04 1.111934e+04
14.7 1.101833e+04 1.102316e+04 1.109120e+04 1.108637e+04
15.7 1.096938e+04 1.098539e+04 1.110085e+04 1.108484e+04
16.7 1.101216e+04 1.101945e+04 1.109676e+04 1.108946e+04
17.7 1.115043e+04 1.113296e+04 1.108710e+04 1.110457e+04
18.7 1.115236e+04 1.115693e+04 1.107939e+04 1.107482e+04
19.7 1.114384e+04 1.119223e+04 1.107494e+04 1.102655e+04
20.7 1.109361e+04 1.114836e+04 1.107285e+04 1.101810e+04
0.7 1.100416e+04 1.101379e+04 1.107738e+04 1.106774e+04
1.7 1.102642e+04 1.106467e+04 1.107735e+04 1.103910e+04
2.7 1.097619e+04 1.096637e+04 1.108989e+04 1.109970e+04
3.7 1.097828e+04 1.098558e+04 1.110000e+04 1.109270e+04
4.7 1.106655e+04 1.099781e+04 1.109627e+04 1.116500e+04
5.7 1.114339e+04 1.102423e+04 1.108684e+04 1.120600e+04
6.7 1.115679e+04 1.108639e+04 1.107932e+04 1.114972e+04
7.7 1.105946e+04 1.101923e+04 1.107911e+04 1.111934e+04
8.7 1.101833e+04 1.102316e+04 1.109120e+04 1.108637e+04
9.7 1.096938e+04 1.098539e+04 1.110085e+04 1.108484e+04
10.7 1.101216e+04 1.101945e+04 1.109676e+04 1.108946e+04
11.7 1.115043e+04 1.113296e+04 1.108710e+04 1.110457e+04
12.7 1.115236e+04 1.115693e+04 1.107939e+04 1.107482e+04
13.7 1.114384e+04 1.119223e+04 1.107494e+04 1.102655e+04
14.7 1.109361e+04 1.114836e+04 1.107285e+04 1.101810e+04
0.7 1.115679e+04 1.108639e+04 1.107932e+04 1.114972e+04
1.7 1.105946e+04 1.101923e+04 1.107911e+04 1.111934e+04
2.7 1.101833e+04 1.102316e+04 1.109120e+04 1.108637e+04
3.7 1.096938e+04 1.098539e+04 1.110085e+04 1.108484e+04
4.7 1.101216e+04 1.101945e+04 1.109676e+04 1.108946e+04
5.7 1.115043e+04 1.113296e+04 1.108710e+04 1.110457e+04
6.7 1.115236e+04 1.115693e+04 1.107939e+04 1.107482e+04
7.7 1.114384e+04 1.119223e+04 1.107494e+04 1.102655e+04
8.7 1.109361e+04 1.114836e+04 1.107285e+04 1.101810e+04
