0.1 1.105219e+04 1.107261e+04 1.109799e+04 1.107757e+04
1.1 1.101763e+04 1.103270e+04 1.109681e+04 1.108175e+04
2.1 1.104854e+04 1.106720e+04 1.108180e+04 1.106314e+04
3.1 1.110404e+04 1.107541e+04 1.105392e+04 1.108255e+04
4.1 1.115490e+04 1.113782e+04 1.104513e+04 1.106221e+04
5.1 1.126443e+04 1.119077e+04 1.105963e+04 1.113329e+04
6.1 1.126761e+04 1.124694e+04 1.107836e+04 1.109903e+04
7.1 1.116881e+04 1.115687e+04 1.109155e+04 1.110349e+04
8.1 1.110604e+04 1.108100e+04 1.109887e+04 1.112391e+04
9.1 1.104977e+04 1.104738e+04 1.110216e+04 1.110455e+04
10.1 1.096937e+04 1.098732e+04 1.110292e+04 1.108496e+04
11.1 1.095174e+04 1.094576e+04 1.109802e+04 1.110400e+04
12.1 1.093175e+04 1.092221e+04 1.107464e+04 1.108418e+04
13.1 1.094106e+04 1.092033e+04 1.104969e+04 1.107041e+04
14.1 1.095922e+04 1.093509e+04 1.105091e+04 1.107505e+04
15.1 1.100244e+04 1.100889e+04 1.106833e+04 1.106187e+04
16.1 1.116843e+04 1.114455e+04 1.108479e+04 1.110867e+04
17.1 1.121719e+04 1.121196e+04 1.109518e+04 1.110041e+04
18.1 1.111784e+04 1.114388e+04 1.110056e+04 1.107452e+04
19.1 1.103659e+04 1.104251e+04 1.110264e+04 1.109673e+04
20.1 1.098327e+04 1.106131e+04 1.110274e+04 1.102470e+04
21.1 1.093778e+04 1.099816e+04 1.110171e+04 1.104134e+04
0.5 1.096937e+04 1.098732e+04 1.110292e+04 1.108496e+04
1.5 1.095174e+04 1.094576e+04 1.109802e+04 1.110400e+04
2.5 1.093175e+04 1.092221e+04 1.107464e+04 1.108418e+04
3.5 1.094106e+04 1.092033e+04 1.104969e+04 1.107041e+04
4.5 1.095922e+04 1.093509e+04 1.105091e+04 1.107505e+04
5.5 1.100244e+04 1.100889e+04 1.106833e+04 1.106187e+04
6.5 1.116843e+04 1.114455e+04 1.108479e+04 1.110867e+04
7.5 1.121719e+04 1.121196e+04 1.109518e+04 1.110041e+04
8.5 1.111784e+04 1.114388e+04 1.110056e+04 1.107452e+04
9.5 1.103659e+04 1.104251e+04 1.110264e+04 1.109673e+04
10.5 1.098327e+04 1.106131e+04 1.110274e+04 1.102470e+04
11.5 1.093778e+04 1.099816e+04 1.110171e+04 1.104134e+04
12.5 1.093302e+04 1.097857e+04 1.109302e+04 1.104747e+04
13.5 1.096012e+04 1.099200e+04 1.106630e+04 1.103442e+04
14.5 1.099547e+04 1.100432e+04 1.104596e+04 1.103711e+04
15.5 1.104064e+04 1.105769e+04 1.105276e+04 1.103572e+04
16.5 1.109351e+04 1.109804e+04 1.107151e+04 1.106698e+04
17.5 1.124556e+04 1.121039e+04 1.108717e+04 1.112234e+04
18.5 1.125625e+04 1.122291e+04 1.109657e+04 1.112991e+04
19.5 1.120533e+04 1.119592e+04 1.110124e+04 1.111064e+04
20.5 1.112304e+04 1.111788e+04 1.110285e+04 1.110801e+04
21.5 1.109809e+04 1.105619e+04 1.110266e+04 1.114456e+04
0.7 1.093778e+04 1.099816e+04 1.110171e+04 1.104134e+04
1.7 1.093302e+04 1.097857e+04 1.109302e+04 1.104747e+04
2.7 1.096012e+04 1.099200e+04 1.106630e+04 1.103442e+04
3.7 1.099547e+04 1.100432e+04 1.104596e+04 1.103711e+04
4.7 1.104064e+04 1.105769e+04 1.105276e+04 1.103572e+04
5.7 1.109351e+04 1.109804e+04 1.107151e+04 1.106698e+04
6.7 1.124556e+04 1.121039e+04 1.108717e+04 1.112234e+04
7.7 1.125625e+04 1.122291e+04 1.109657e+04 1.112991e+04
8.7 1.120533e+04 1.119592e+04 1.110124e+04 1.111064e+04
9.7 1.112304e+04 1.111788e+04 1.110285e+04 1.110801e+04
10.7 1.109809e+04 1.105619e+04 1.110266e+04 1.114456e+04
11.7 1.109781e+04 1.107695e+04 1.110163e+04 1.112249e+04
12.7 1.103773e+04 1.102964e+04 1.110045e+04 1.110854e+04
13.7 1.100158e+04 1.097332e+04 1.109947e+04 1.112773e+04
14.7 1.096427e+04 1.094483e+04 1.109880e+04 1.111824e+04
15.7 1.101733e+04 1.098994e+04 1.109840e+04 1.112578e+04
16.7 1.105952e+04 1.103324e+04 1.109818e+04 1.112446e+04
17.7 1.097863e+04 1.101973e+04 1.109807e+04 1.105697e+04
18.7 1.095597e+04 1.099061e+04 1.109788e+04 1.106324e+04
19.7 1.097498e+04 1.100901e+04 1.108987e+04 1.105584e+04
20.7 1.101504e+04 1.104638e+04 1.106383e+04 1.103248e+04
21.7 1.107640e+04 1.105489e+04 1.104489e+04 1.106641e+04
0.7 1.095597e+04 1.099061e+04 1.109788e+04 1.106324e+04
1.7 1.097498e+04 1.100901e+04 1.108987e+04 1.105584e+04
2.7 1.101504e+04 1.104638e+04 1.106383e+04 1.103248e+04
3.7 1.107640e+04 1.105489e+04 1.104489e+04 1.106641e+04
4.7 1.110263e+04 1.109579e+04 1.105277e+04 1.105961e+04
5.7 1.110979e+04 1.107719e+04 1.107182e+04 1.110442e+04
6.7 1.111737e+04 1.111888e+04 1.108731e+04 1.108580e+04
7.7 1.111250e+04 1.111863e+04 1.108909e+04 1.108297e+04
8.7 1.109400e+04 1.113272e+04 1.106806e+04 1.102934e+04
9.7 1.115195e+04 1.113804e+04 1.105055e+04 1.106446e+04
10.7 1.116377e+04 1.117722e+04 1.105788e+04 1.104442e+04
11.7 1.107154e+04 1.117562e+04 1.107561e+04 1.097153e+04
12.7 1.121967e+04 1.118535e+04 1.108988e+04 1.112420e+04
13.7 1.139805e+04 1.131836e+04 1.109813e+04 1.117782e+04
14.7 1.132923e+04 1.135807e+04 1.110202e+04 1.107317e+04
15.7 1.124922e+04 1.122553e+04 1.110318e+04 1.112688e+04
16.7 1.120868e+04 1.116668e+04 1.110277e+04 1.114477e+04
17.7 1.114801e+04 1.109895e+04 1.110164e+04 1.115070e+04
18.7 1.108015e+04 1.105236e+04 1.110043e+04 1.112821e+04
19.7 1.097527e+04 1.098253e+04 1.109945e+04 1.109219e+04
20.7 1.090047e+04 1.091196e+04 1.109878e+04 1.108729e+04
21.7 1.090587e+04 1.089819e+04 1.109587e+04 1.110354e+04
0.7 1.111737e+04 1.111888e+04 1.108731e+04 1.108580e+04
1.7 1.111250e+04 1.111863e+04 1.108909e+04 1.108297e+04
2.7 1.109400e+04 1.113272e+04 1.106806e+04 1.102934e+04
3.7 1.115195e+04 1.113804e+04 1.105055e+04 1.106446e+04
4.7 1.116377e+04 1.117722e+04 1.105788e+04 1.104442e+04
5.7 1.107154e+04 1.117562e+04 1.107561e+04 1.097153e+04
6.7 1.121967e+04 1.118535e+04 1.108988e+04 1.112420e+04
7.7 1.139805e+04 1.131836e+04 1.109813e+04 1.117782e+04
8.7 1.132923e+04 1.135807e+04 1.110202e+04 1.107317e+04
9.7 1.124922e+04 1.122553e+04 1.110318e+04 1.112688e+04
10.7 1.120868e+04 1.116668e+04 1.110277e+04 1.114477e+04
11.7 1.114801e+04 1.109895e+04 1.110164e+04 1.115070e+04
12.7 1.108015e+04 1.105236e+04 1.110043e+04 1.112821e+04
13.7 1.097527e+04 1.098253e+04 1.109945e+04 1.109219e+04
14.7 1.090047e+04 1.091196e+04 1.109878e+04 1.108729e+04
15.7 1.090587e+04 1.089819e+04 1.109587e+04 1.110354e+04
16.7 1.091689e+04 1.096002e+04 1.107662e+04 1.103349e+04
17.7 1.095259e+04 1.094809e+04 1.105027e+04 1.105477e+04
18.7 1.113471e+04 1.107623e+04 1.104768e+04 1.110616e+04
19.7 1.119275e+04 1.114486e+04 1.106440e+04 1.111229e+04
20.7 1.109367e+04 1.108676e+04 1.108204e+04 1.108895e+04
21.7 1.098897e+04 1.099795e+04 1.109365e+04 1.108467e+04
0.3 1.090047e+04 1.091196e+04 1.109878e+04 1.108729e+04
1.3 1.090587e+04 1.089819e+04 1.109587e+04 1.110354e+04
2.3 1.091689e+04 1.096002e+04 1.107662e+04 1.103349e+04
3.3 1.095259e+04 1.094809e+04 1.105027e+04 1.105477e+04
4.3 1.113471e+04 1.107623e+04 1.104768e+04 1.110616e+04
5.3 1.119275e+04 1.114486e+04 1.106440e+04 1.111229e+04
6.3 1.109367e+04 1.108676e+04 1.108204e+04 1.108895e+04
7.3 1.098897e+04 1.099795e+04 1.109365e+04 1.108467e+04
8.3 1.090065e+04 1.091156e+04 1.109984e+04 1.108893e+04
9.3 1.086759e+04 1.087522e+04 1.110243e+04 1.109480e+04
10.3 1.083947e+04 1.088982e+04 1.110280e+04 1.105246e+04
11.3 1.089971e+04 1.096330e+04 1.110201e+04 1.103843e+04
12.3 1.092174e+04 1.098398e+04 1.110085e+04 1.103861e+04
13.3 1.113001e+04 1.109633e+04 1.109978e+04 1.113346e+04
14.3 1.121847e+04 1.120238e+04 1.109900e+04 1.111510e+04
15.3 1.111537e+04 1.109965e+04 1.109852e+04 1.111423e+04
16.3 1.100689e+04 1.100720e+04 1.109823e+04 1.109791e+04
17.3 1.094439e+04 1.098926e+04 1.109346e+04 1.104859e+04
18.3 1.095531e+04 1.096965e+04 1.107068e+04 1.105634e+04
19.3 1.098295e+04 1.100150e+04 1.104734e+04 1.102879e+04
20.3 1.098231e+04 1.101718e+04 1.105014e+04 1.101527e+04
21.3 1.103234e+04 1.106481e+04 1.106825e+04 1.103578e+04
0.5 1.100689e+04 1.100720e+04 1.109823e+04 1.109791e+04
1.5 1.094439e+04 1.098926e+04 1.109346e+04 1.104859e+04
2.5 1.095531e+04 1.096965e+04 1.107068e+04 1.105634e+04
3.5 1.098295e+04 1.100150e+04 1.104734e+04 1.102879e+04
4.5 1.098231e+04 1.101718e+04 1.105014e+04 1.101527e+04
5.5 1.103234e+04 1.106481e+04 1.106825e+04 1.103578e+04
6.5 1.117658e+04 1.115350e+04 1.108487e+04 1.110795e+04
7.5 1.125086e+04 1.121250e+04 1.109526e+04 1.113362e+04
8.5 1.122089e+04 1.119004e+04 1.110059e+04 1.113144e+04
9.5 1.113724e+04 1.113050e+04 1.110265e+04 1.110939e+04
10.5 1.102556e+04 1.104811e+04 1.110271e+04 1.108016e+04
11.5 1.097604e+04 1.100891e+04 1.110168e+04 1.106880e+04
12.5 1.098855e+04 1.099388e+04 1.109299e+04 1.108766e+04
13.5 1.107253e+04 1.103406e+04 1.106627e+04 1.110474e+04
14.5 1.109429e+04 1.106383e+04 1.104594e+04 1.107641e+04
15.5 1.112702e+04 1.106985e+04 1.105172e+04 1.110889e+04
16.5 1.114653e+04 1.109574e+04 1.105603e+04 1.110682e+04
17.5 1.115865e+04 1.110937e+04 1.104402e+04 1.109331e+04
18.5 1.118613e+04 1.116459e+04 1.104438e+04 1.106592e+04
19.5 1.116972e+04 1.115898e+04 1.105927e+04 1.107001e+04
20.5 1.121643e+04 1.120649e+04 1.105764e+04 1.106757e+04
21.5 1.123946e+04 1.125815e+04 1.104576e+04 1.102707e+04
0.7 1.097604e+04 1.100891e+04 1.110168e+04 1.106880e+04
1.7 1.098855e+04 1.099388e+04 1.109299e+04 1.108766e+04
2.7 1.107253e+04 1.103406e+04 1.106627e+04 1.110474e+04
3.7 1.109429e+04 1.106383e+04 1.104594e+04 1.107641e+04
4.7 1.112702e+04 1.106985e+04 1.105172e+04 1.110889e+04
5.7 1.114653e+04 1.109574e+04 1.105603e+04 1.110682e+04
6.7 1.115865e+04 1.110937e+04 1.104402e+04 1.109331e+04
7.7 1.118613e+04 1.116459e+04 1.104438e+04 1.106592e+04
8.7 1.116972e+04 1.115898e+04 1.105927e+04 1.107001e+04
9.7 1.121643e+04 1.120649e+04 1.105764e+04 1.106757e+04
10.7 1.123946e+04 1.125815e+04 1.104576e+04 1.102707e+04
11.7 1.125577e+04 1.128481e+04 1.105290e+04 1.102386e+04
12.7 1.121983e+04 1.128193e+04 1.107291e+04 1.101081e+04
13.7 1.119687e+04 1.123333e+04 1.108998e+04 1.105351e+04
14.7 1.119025e+04 1.125498e+04 1.109608e+04 1.103136e+04
15.7 1.117487e+04 1.126388e+04 1.107907e+04 1.099006e+04
16.7 1.119153e+04 1.123208e+04 1.105527e+04 1.101472e+04
17.7 1.117261e+04 1.116005e+04 1.105507e+04 1.106762e+04
18.7 1.116096e+04 1.116004e+04 1.107120e+04 1.107212e+04
19.7 1.109382e+04 1.112365e+04 1.108676e+04 1.105693e+04
20.7 1.106943e+04 1.106175e+04 1.109312e+04 1.110079e+04
21.7 1.107101e+04 1.107472e+04 1.107730e+04 1.107359e+04
0.1 1.109429e+04 1.106383e+04 1.104594e+04 1.107641e+04
1.1 1.112702e+04 1.106985e+04 1.105172e+04 1.110889e+04
2.1 1.114653e+04 1.109574e+04 1.105603e+04 1.110682e+04
3.1 1.115865e+04 1.110937e+04 1.104402e+04 1.109331e+04
4.1 1.118613e+04 1.116459e+04 1.104438e+04 1.106592e+04
5.1 1.116972e+04 1.115898e+04 1.105927e+04 1.107001e+04
6.1 1.121643e+04 1.120649e+04 1.105764e+04 1.106757e+04
7.1 1.123946e+04 1.125815e+04 1.104576e+04 1.102707e+04
8.1 1.125577e+04 1.128481e+04 1.105290e+04 1.102386e+04
9.1 1.121983e+04 1.128193e+04 1.107291e+04 1.101081e+04
10.1 1.119687e+04 1.123333e+04 1.108998e+04 1.105351e+04
11.1 1.119025e+04 1.125498e+04 1.109608e+04 1.103136e+04
12.1 1.117487e+04 1.126388e+04 1.107907e+04 1.099006e+04
13.1 1.119153e+04 1.123208e+04 1.105527e+04 1.101472e+04
14.1 1.117261e+04 1.116005e+04 1.105507e+04 1.106762e+04
15.1 1.116096e+04 1.116004e+04 1.107120e+04 1.107212e+04
16.1 1.109382e+04 1.112365e+04 1.108676e+04 1.105693e+04
17.1 1.106943e+04 1.106175e+04 1.109312e+04 1.110079e+04
18.1 1.107101e+04 1.107472e+04 1.107730e+04 1.107359e+04
19.1 1.115393e+04 1.113475e+04 1.105390e+04 1.107308e+04
20.1 1.115700e+04 1.112951e+04 1.105364e+04 1.108114e+04
21.1 1.113325e+04 1.108842e+04 1.107003e+04 1.111486e+04
0.4 1.118613e+04 1.116459e+04 1.104438e+04 1.106592e+04
1.4 1.116972e+04 1.115898e+04 1.105927e+04 1.107001e+04
2.4 1.121643e+04 1.120649e+04 1.105764e+04 1.106757e+04
3.4 1.123946e+04 1.125815e+04 1.104576e+04 1.102707e+04
4.4 1.125577e+04 1.128481e+04 1.105290e+04 1.102386e+04
5.4 1.121983e+04 1.128193e+04 1.107291e+04 1.101081e+04
6.4 1.119687e+04 1.123333e+04 1.108998e+04 1.105351e+04
7.4 1.119025e+04 1.125498e+04 1.109608e+04 1.103136e+04
8.4 1.117487e+04 1.126388e+04 1.107907e+04 1.099006e+04
9.4 1.119153e+04 1.123208e+04 1.105527e+04 1.101472e+04
10.4 1.117261e+04 1.116005e+04 1.105507e+04 1.106762e+04
11.4 1.116096e+04 1.116004e+04 1.107120e+04 1.107212e+04
12.4 1.109382e+04 1.112365e+04 1.108676e+04 1.105693e+04
13.4 1.106943e+04 1.106175e+04 1.109312e+04 1.110079e+04
14.4 1.107101e+04 1.107472e+04 1.107730e+04 1.107359e+04
15.4 1.115393e+04 1.113475e+04 1.105390e+04 1.107308e+04
16.4 1.115700e+04 1.112951e+04 1.105364e+04 1.108114e+04
17.4 1.113325e+04 1.108842e+04 1.107003e+04 1.111486e+04
18.4 1.106963e+04 1.106397e+04 1.108065e+04 1.108632e+04
19.4 1.103858e+04 1.102307e+04 1.106703e+04 1.108253e+04
20.4 1.104273e+04 1.105466e+04 1.104987e+04 1.103795e+04
21.4 1.105853e+04 1.105785e+04 1.105600e+04 1.105669e+04
0.4 1.119687e+04 1.123333e+04 1.108998e+04 1.105351e+04
1.4 1.119025e+04 1.125498e+04 1.109608e+04 1.103136e+04
2.4 1.117487e+04 1.126388e+04 1.107907e+04 1.099006e+04
3.4 1.119153e+04 1.123208e+04 1.105527e+04 1.101472e+04
4.4 1.117261e+04 1.116005e+04 1.105507e+04 1.106762e+04
5.4 1.116096e+04 1.116004e+04 1.107120e+04 1.107212e+04
6.4 1.109382e+04 1.112365e+04 1.108676e+04 1.105693e+04
7.4 1.106943e+04 1.106175e+04 1.109312e+04 1.110079e+04
8.4 1.107101e+04 1.107472e+04 1.107730e+04 1.107359e+04
9.4 1.115393e+04 1.113475e+04 1.105390e+04 1.107308e+04
10.4 1.115700e+04 1.112951e+04 1.105364e+04 1.108114e+04
11.4 1.113325e+04 1.108842e+04 1.107003e+04 1.111486e+04
12.4 1.106963e+04 1.106397e+04 1.108065e+04 1.108632e+04
13.4 1.103858e+04 1.102307e+04 1.106703e+04 1.108253e+04
14.4 1.104273e+04 1.105466e+04 1.104987e+04 1.103795e+04
15.4 1.105853e+04 1.105785e+04 1.105600e+04 1.105669e+04
16.4 1.109127e+04 1.111513e+04 1.107435e+04 1.105048e+04
17.4 1.119192e+04 1.117166e+04 1.108967e+04 1.110993e+04
18.4 1.121323e+04 1.116112e+04 1.109849e+04 1.115059e+04
19.4 1.102831e+04 1.101051e+04 1.110252e+04 1.112032e+04
20.4 1.094361e+04 1.088215e+04 1.110218e+04 1.116363e+04
21.4 1.084388e+04 1.081977e+04 1.108551e+04 1.110962e+04
0.4 1.109382e+04 1.112365e+04 1.108676e+04 1.105693e+04
1.4 1.106943e+04 1.106175e+04 1.109312e+04 1.110079e+04
2.4 1.107101e+04 1.107472e+04 1.107730e+04 1.107359e+04
3.4 1.115393e+04 1.113475e+04 1.105390e+04 1.107308e+04
4.4 1.115700e+04 1.112951e+04 1.105364e+04 1.108114e+04
5.4 1.113325e+04 1.108842e+04 1.107003e+04 1.111486e+04
6.4 1.106963e+04 1.106397e+04 1.108065e+04 1.108632e+04
7.4 1.103858e+04 1.102307e+04 1.106703e+04 1.108253e+04
8.4 1.104273e+04 1.105466e+04 1.104987e+04 1.103795e+04
9.4 1.105853e+04 1.105785e+04 1.105600e+04 1.105669e+04
10.4 1.109127e+04 1.111513e+04 1.107435e+04 1.105048e+04
11.4 1.119192e+04 1.117166e+04 1.108967e+04 1.110993e+04
12.4 1.121323e+04 1.116112e+04 1.109849e+04 1.115059e+04
13.4 1.102831e+04 1.101051e+04 1.110252e+04 1.112032e+04
14.4 1.094361e+04 1.088215e+04 1.110218e+04 1.116363e+04
15.4 1.084388e+04 1.081977e+04 1.108551e+04 1.110962e+04
16.4 1.084672e+04 1.083158e+04 1.105692e+04 1.107205e+04
17.4 1.085158e+04 1.081418e+04 1.104900e+04 1.108640e+04
18.4 1.086368e+04 1.082915e+04 1.105821e+04 1.109275e+04
19.4 1.088397e+04 1.088751e+04 1.105253e+04 1.104898e+04
20.4 1.090226e+04 1.094924e+04 1.104184e+04 1.099486e+04
21.4 1.093513e+04 1.098298e+04 1.105155e+04 1.100370e+04
0.5 1.113325e+04 1.108842e+04 1.107003e+04 1.111486e+04
1.5 1.106963e+04 1.106397e+04 1.108065e+04 1.108632e+04
2.5 1.103858e+04 1.102307e+04 1.106703e+04 1.108253e+04
3.5 1.104273e+04 1.105466e+04 1.104987e+04 1.103795e+04
4.5 1.105853e+04 1.105785e+04 1.105600e+04 1.105669e+04
5.5 1.109127e+04 1.111513e+04 1.107435e+04 1.105048e+04
6.5 1.119192e+04 1.117166e+04 1.108967e+04 1.110993e+04
7.5 1.121323e+04 1.116112e+04 1.109849e+04 1.115059e+04
8.5 1.102831e+04 1.101051e+04 1.110252e+04 1.112032e+04
9.5 1.094361e+04 1.088215e+04 1.110218e+04 1.116363e+04
10.5 1.084388e+04 1.081977e+04 1.108551e+04 1.110962e+04
11.5 1.084672e+04 1.083158e+04 1.105692e+04 1.107205e+04
12.5 1.085158e+04 1.081418e+04 1.104900e+04 1.108640e+04
13.5 1.086368e+04 1.082915e+04 1.105821e+04 1.109275e+04
14.5 1.088397e+04 1.088751e+04 1.105253e+04 1.104898e+04
15.5 1.090226e+04 1.094924e+04 1.104184e+04 1.099486e+04
16.5 1.093513e+04 1.098298e+04 1.105155e+04 1.100370e+04
17.5 1.096445e+04 1.100365e+04 1.106163e+04 1.102243e+04
18.5 1.101792e+04 1.106945e+04 1.105131e+04 1.099978e+04
19.5 1.104520e+04 1.108819e+04 1.104694e+04 1.100395e+04
20.5 1.109071e+04 1.109220e+04 1.106020e+04 1.105871e+04
21.5 1.115256e+04 1.113649e+04 1.106144e+04 1.107751e+04
0.1 1.102831e+04 1.101051e+04 1.110252e+04 1.112032e+04
1.1 1.094361e+04 1.088215e+04 1.110218e+04 1.116363e+04
2.1 1.084388e+04 1.081977e+04 1.108551e+04 1.110962e+04
3.1 1.084672e+04 1.083158e+04 1.105692e+04 1.107205e+04
4.1 1.085158e+04 1.081418e+04 1.104900e+04 1.108640e+04
5.1 1.086368e+04 1.082915e+04 1.105821e+04 1.109275e+04
6.1 1.088397e+04 1.088751e+04 1.105253e+04 1.104898e+04
7.1 1.090226e+04 1.094924e+04 1.104184e+04 1.099486e+04
8.1 1.093513e+04 1.098298e+04 1.105155e+04 1.100370e+04
9.1 1.096445e+04 1.100365e+04 1.106163e+04 1.102243e+04
10.1 1.101792e+04 1.106945e+04 1.105131e+04 1.099978e+04
11.1 1.104520e+04 1.108819e+04 1.104694e+04 1.100395e+04
12.1 1.109071e+04 1.109220e+04 1.106020e+04 1.105871e+04
13.1 1.115256e+04 1.113649e+04 1.106144e+04 1.107751e+04
14.1 1.114691e+04 1.113970e+04 1.104828e+04 1.105548e+04
15.1 1.116774e+04 1.114910e+04 1.105161e+04 1.107025e+04
16.1 1.116844e+04 1.114722e+04 1.107046e+04 1.109168e+04
17.1 1.115716e+04 1.111773e+04 1.108819e+04 1.112762e+04
18.1 1.114201e+04 1.112221e+04 1.109648e+04 1.111629e+04
19.1 1.114915e+04 1.113151e+04 1.108276e+04 1.110040e+04
20.1 1.116435e+04 1.113262e+04 1.105714e+04 1.108887e+04
21.1 1.127455e+04 1.121861e+04 1.105263e+04 1.110857e+04
0.5 1.085158e+04 1.081418e+04 1.104900e+04 1.108640e+04
1.5 1.086368e+04 1.082915e+04 1.105821e+04 1.109275e+04
2.5 1.088397e+04 1.088751e+04 1.105253e+04 1.104898e+04
3.5 1.090226e+04 1.094924e+04 1.104184e+04 1.099486e+04
4.5 1.093513e+04 1.098298e+04 1.105155e+04 1.100370e+04
5.5 1.096445e+04 1.100365e+04 1.106163e+04 1.102243e+04
6.5 1.101792e+04 1.106945e+04 1.105131e+04 1.099978e+04
7.5 1.104520e+04 1.108819e+04 1.104694e+04 1.100395e+04
8.5 1.109071e+04 1.109220e+04 1.106020e+04 1.105871e+04
9.5 1.115256e+04 1.113649e+04 1.106144e+04 1.107751e+04
10.5 1.114691e+04 1.113970e+04 1.104828e+04 1.105548e+04
11.5 1.116774e+04 1.114910e+04 1.105161e+04 1.107025e+04
12.5 1.116844e+04 1.114722e+04 1.107046e+04 1.109168e+04
13.5 1.115716e+04 1.111773e+04 1.108819e+04 1.112762e+04
14.5 1.114201e+04 1.112221e+04 1.109648e+04 1.111629e+04
15.5 1.114915e+04 1.113151e+04 1.108276e+04 1.110040e+04
16.5 1.116435e+04 1.113262e+04 1.105714e+04 1.108887e+04
17.5 1.127455e+04 1.121861e+04 1.105263e+04 1.110857e+04
18.5 1.122160e+04 1.120543e+04 1.106154e+04 1.107772e+04
19.5 1.111334e+04 1.110557e+04 1.105361e+04 1.106138e+04
20.5 1.101907e+04 1.105836e+04 1.104341e+04 1.100412e+04
21.5 1.093980e+04 1.097519e+04 1.105463e+04 1.101925e+04
0.9 1.093513e+04 1.098298e+04 1.105155e+04 1.100370e+04
1.9 1.096445e+04 1.100365e+04 1.106163e+04 1.102243e+04
2.9 1.101792e+04 1.106945e+04 1.105131e+04 1.099978e+04
3.9 1.104520e+04 1.108819e+04 1.104694e+04 1.100395e+04
4.9 1.109071e+04 1.109220e+04 1.106020e+04 1.105871e+04
5.9 1.115256e+04 1.113649e+04 1.106144e+04 1.107751e+04
6.9 1.114691e+04 1.113970e+04 1.104828e+04 1.105548e+04
7.9 1.116774e+04 1.114910e+04 1.105161e+04 1.107025e+04
8.9 1.116844e+04 1.114722e+04 1.107046e+04 1.109168e+04
9.9 1.115716e+04 1.111773e+04 1.108819e+04 1.112762e+04
10.9 1.114201e+04 1.112221e+04 1.109648e+04 1.111629e+04
11.9 1.114915e+04 1.113151e+04 1.108276e+04 1.110040e+04
12.9 1.116435e+04 1.113262e+04 1.105714e+04 1.108887e+04
13.9 1.127455e+04 1.121861e+04 1.105263e+04 1.110857e+04
14.9 1.122160e+04 1.120543e+04 1.106154e+04 1.107772e+04
15.9 1.111334e+04 1.110557e+04 1.105361e+04 1.106138e+04
16.9 1.101907e+04 1.105836e+04 1.104341e+04 1.100412e+04
17.9 1.093980e+04 1.097519e+04 1.105463e+04 1.101925e+04
18.9 1.092387e+04 1.097965e+04 1.107517e+04 1.101939e+04
19.9 1.096092e+04 1.097126e+04 1.108182e+04 1.107149e+04
20.9 1.100051e+04 1.100442e+04 1.106372e+04 1.105981e+04
21.9 1.101462e+04 1.101225e+04 1.105058e+04 1.105295e+04
0.3 1.104520e+04 1.108819e+04 1.104694e+04 1.100395e+04
1.3 1.109071e+04 1.109220e+04 1.106020e+04 1.105871e+04
2.3 1.115256e+04 1.113649e+04 1.106144e+04 1.107751e+04
3.3 1.114691e+04 1.113970e+04 1.104828e+04 1.105548e+04
4.3 1.116774e+04 1.114910e+04 1.105161e+04 1.107025e+04
5.3 1.116844e+04 1.114722e+04 1.107046e+04 1.109168e+04
6.3 1.115716e+04 1.111773e+04 1.108819e+04 1.112762e+04
7.3 1.114201e+04 1.112221e+04 1.109648e+04 1.111629e+04
8.3 1.114915e+04 1.113151e+04 1.108276e+04 1.110040e+04
9.3 1.116435e+04 1.113262e+04 1.105714e+04 1.108887e+04
10.3 1.127455e+04 1.121861e+04 1.105263e+04 1.110857e+04
11.3 1.122160e+04 1.120543e+04 1.106154e+04 1.107772e+04
12.3 1.111334e+04 1.110557e+04 1.105361e+04 1.106138e+04
13.3 1.101907e+04 1.105836e+04 1.104341e+04 1.100412e+04
14.3 1.093980e+04 1.097519e+04 1.105463e+04 1.101925e+04
15.3 1.092387e+04 1.097965e+04 1.107517e+04 1.101939e+04
16.3 1.096092e+04 1.097126e+04 1.108182e+04 1.107149e+04
17.3 1.100051e+04 1.100442e+04 1.106372e+04 1.105981e+04
18.3 1.101462e+04 1.101225e+04 1.105058e+04 1.105295e+04
19.3 1.102268e+04 1.103880e+04 1.106090e+04 1.104479e+04
20.3 1.100792e+04 1.102600e+04 1.107912e+04 1.106104e+04
21.3 1.100784e+04 1.103342e+04 1.109251e+04 1.106693e+04
0.3 1.115716e+04 1.111773e+04 1.108819e+04 1.112762e+04
1.3 1.114201e+04 1.112221e+04 1.109648e+04 1.111629e+04
2.3 1.114915e+04 1.113151e+04 1.108276e+04 1.110040e+04
3.3 1.116435e+04 1.113262e+04 1.105714e+04 1.108887e+04
4.3 1.127455e+04 1.121861e+04 1.105263e+04 1.110857e+04
5.3 1.122160e+04 1.120543e+04 1.106154e+04 1.107772e+04
6.3 1.111334e+04 1.110557e+04 1.105361e+04 1.106138e+04
7.3 1.101907e+04 1.105836e+04 1.104341e+04 1.100412e+04
8.3 1.093980e+04 1.097519e+04 1.105463e+04 1.101925e+04
9.3 1.092387e+04 1.097965e+04 1.107517e+04 1.101939e+04
10.3 1.096092e+04 1.097126e+04 1.108182e+04 1.107149e+04
11.3 1.100051e+04 1.100442e+04 1.106372e+04 1.105981e+04
12.3 1.101462e+04 1.101225e+04 1.105058e+04 1.105295e+04
13.3 1.102268e+04 1.103880e+04 1.106090e+04 1.104479e+04
14.3 1.100792e+04 1.102600e+04 1.107912e+04 1.106104e+04
15.3 1.100784e+04 1.103342e+04 1.109251e+04 1.106693e+04
16.3 1.106533e+04 1.107395e+04 1.109140e+04 1.108277e+04
17.3 1.109270e+04 1.109043e+04 1.106828e+04 1.107054e+04
18.3 1.114045e+04 1.115670e+04 1.105124e+04 1.103498e+04
19.3 1.113477e+04 1.116955e+04 1.105922e+04 1.102444e+04
20.3 1.113190e+04 1.113509e+04 1.107676e+04 1.107357e+04
21.3 1.114471e+04 1.114569e+04 1.109042e+04 1.108944e+04
0.6 1.127455e+04 1.121861e+04 1.105263e+04 1.110857e+04
1.6 1.122160e+04 1.120543e+04 1.106154e+04 1.107772e+04
2.6 1.111334e+04 1.110557e+04 1.105361e+04 1.106138e+04
3.6 1.101907e+04 1.105836e+04 1.104341e+04 1.100412e+04
4.6 1.093980e+04 1.097519e+04 1.105463e+04 1.101925e+04
5.6 1.092387e+04 1.097965e+04 1.107517e+04 1.101939e+04
6.6 1.096092e+04 1.097126e+04 1.108182e+04 1.107149e+04
7.6 1.100051e+04 1.100442e+04 1.106372e+04 1.105981e+04
8.6 1.101462e+04 1.101225e+04 1.105058e+04 1.105295e+04
9.6 1.102268e+04 1.103880e+04 1.106090e+04 1.104479e+04
10.6 1.100792e+04 1.102600e+04 1.107912e+04 1.106104e+04
11.6 1.100784e+04 1.103342e+04 1.109251e+04 1.106693e+04
12.6 1.106533e+04 1.107395e+04 1.109140e+04 1.108277e+04
13.6 1.109270e+04 1.109043e+04 1.106828e+04 1.107054e+04
14.6 1.114045e+04 1.115670e+04 1.105124e+04 1.103498e+04
15.6 1.113477e+04 1.116955e+04 1.105922e+04 1.102444e+04
16.6 1.113190e+04 1.113509e+04 1.107676e+04 1.107357e+04
17.6 1.114471e+04 1.114569e+04 1.109042e+04 1.108944e+04
18.6 1.114878e+04 1.113044e+04 1.109034e+04 1.110867e+04
19.6 1.116257e+04 1.115130e+04 1.106807e+04 1.107934e+04
20.6 1.118253e+04 1.118738e+04 1.105075e+04 1.104590e+04
21.6 1.117958e+04 1.117349e+04 1.105726e+04 1.106336e+04
0.8 1.092387e+04 1.097965e+04 1.107517e+04 1.101939e+04
1.8 1.096092e+04 1.097126e+04 1.108182e+04 1.107149e+04
2.8 1.100051e+04 1.100442e+04 1.106372e+04 1.105981e+04
3.8 1.101462e+04 1.101225e+04 1.105058e+04 1.105295e+04
4.8 1.102268e+04 1.103880e+04 1.106090e+04 1.104479e+04
5.8 1.100792e+04 1.102600e+04 1.107912e+04 1.106104e+04
6.8 1.100784e+04 1.103342e+04 1.109251e+04 1.106693e+04
7.8 1.106533e+04 1.107395e+04 1.109140e+04 1.108277e+04
8.8 1.109270e+04 1.109043e+04 1.106828e+04 1.107054e+04
9.8 1.114045e+04 1.115670e+04 1.105124e+04 1.103498e+04
10.8 1.113477e+04 1.116955e+04 1.105922e+04 1.102444e+04
11.8 1.113190e+04 1.113509e+04 1.107676e+04 1.107357e+04
12.8 1.114471e+04 1.114569e+04 1.109042e+04 1.108944e+04
13.8 1.114878e+04 1.113044e+04 1.109034e+04 1.110867e+04
14.8 1.116257e+04 1.115130e+04 1.106807e+04 1.107934e+04
15.8 1.118253e+04 1.118738e+04 1.105075e+04 1.104590e+04
16.8 1.117958e+04 1.117349e+04 1.105726e+04 1.106336e+04
17.8 1.118409e+04 1.118076e+04 1.105992e+04 1.106325e+04
18.8 1.115403e+04 1.120260e+04 1.104637e+04 1.099780e+04
19.8 1.113486e+04 1.119725e+04 1.104624e+04 1.098385e+04
20.8 1.132510e+04 1.135558e+04 1.106459e+04 1.103412e+04
21.8 1.141097e+04 1.143437e+04 1.108413e+04 1.106073e+04
0.7 1.100784e+04 1.103342e+04 1.109251e+04 1.106693e+04
1.7 1.106533e+04 1.107395e+04 1.109140e+04 1.108277e+04
2.7 1.109270e+04 1.109043e+04 1.106828e+04 1.107054e+04
3.7 1.114045e+04 1.115670e+04 1.105124e+04 1.103498e+04
4.7 1.113477e+04 1.116955e+04 1.105922e+04 1.102444e+04
5.7 1.113190e+04 1.113509e+04 1.107676e+04 1.107357e+04
6.7 1.114471e+04 1.114569e+04 1.109042e+04 1.108944e+04
7.7 1.114878e+04 1.113044e+04 1.109034e+04 1.110867e+04
8.7 1.116257e+04 1.115130e+04 1.106807e+04 1.107934e+04
9.7 1.118253e+04 1.118738e+04 1.105075e+04 1.104590e+04
10.7 1.117958e+04 1.117349e+04 1.105726e+04 1.106336e+04
11.7 1.118409e+04 1.118076e+04 1.105992e+04 1.106325e+04
12.7 1.115403e+04 1.120260e+04 1.104637e+04 1.099780e+04
13.7 1.113486e+04 1.119725e+04 1.104624e+04 1.098385e+04
14.7 1.132510e+04 1.135558e+04 1.106459e+04 1.103412e+04
15.7 1.141097e+04 1.143437e+04 1.108413e+04 1.106073e+04
16.7 1.135337e+04 1.137290e+04 1.109657e+04 1.107704e+04
17.7 1.127981e+04 1.124990e+04 1.110256e+04 1.113247e+04
18.7 1.125924e+04 1.123322e+04 1.110454e+04 1.113055e+04
19.7 1.125401e+04 1.120625e+04 1.110429e+04 1.115205e+04
20.7 1.122342e+04 1.116762e+04 1.110300e+04 1.115881e+04
21.7 1.125552e+04 1.117908e+04 1.110147e+04 1.117791e+04
0.7 1.114471e+04 1.114569e+04 1.109042e+04 1.108944e+04
1.7 1.114878e+04 1.113044e+04 1.109034e+04 1.110867e+04
2.7 1.116257e+04 1.115130e+04 1.106807e+04 1.107934e+04
3.7 1.118253e+04 1.118738e+04 1.105075e+04 1.104590e+04
4.7 1.117958e+04 1.117349e+04 1.105726e+04 1.106336e+04
5.7 1.118409e+04 1.118076e+04 1.105992e+04 1.106325e+04
6.7 1.115403e+04 1.120260e+04 1.104637e+04 1.099780e+04
7.7 1.113486e+04 1.119725e+04 1.104624e+04 1.098385e+04
8.7 1.132510e+04 1.135558e+04 1.106459e+04 1.103412e+04
9.7 1.141097e+04 1.143437e+04 1.108413e+04 1.106073e+04
10.7 1.135337e+04 1.137290e+04 1.109657e+04 1.107704e+04
11.7 1.127981e+04 1.124990e+04 1.110256e+04 1.113247e+04
12.7 1.125924e+04 1.123322e+04 1.110454e+04 1.113055e+04
13.7 1.125401e+04 1.120625e+04 1.110429e+04 1.115205e+04
14.7 1.122342e+04 1.116762e+04 1.110300e+04 1.115881e+04
15.7 1.125552e+04 1.117908e+04 1.110147e+04 1.117791e+04
16.7 1.126030e+04 1.122082e+04 1.110016e+04 1.113964e+04
17.7 1.127030e+04 1.122803e+04 1.109922e+04 1.114149e+04
18.7 1.132919e+04 1.130838e+04 1.109863e+04 1.111944e+04
19.7 1.130083e+04 1.127991e+04 1.109830e+04 1.111922e+04
20.7 1.127043e+04 1.130490e+04 1.109813e+04 1.106365e+04
21.7 1.126335e+04 1.131568e+04 1.109805e+04 1.104571e+04
0.1 1.118253e+04 1.118738e+04 1.105075e+04 1.104590e+04
1.1 1.117958e+04 1.117349e+04 1.105726e+04 1.106336e+04
2.1 1.118409e+04 1.118076e+04 1.105992e+04 1.106325e+04
3.1 1.115403e+04 1.120260e+04 1.104637e+04 1.099780e+04
4.1 1.113486e+04 1.119725e+04 1.104624e+04 1.098385e+04
5.1 1.132510e+04 1.135558e+04 1.106459e+04 1.103412e+04
6.1 1.141097e+04 1.143437e+04 1.108413e+04 1.106073e+04
7.1 1.135337e+04 1.137290e+04 1.109657e+04 1.107704e+04
8.1 1.127981e+04 1.124990e+04 1.110256e+04 1.113247e+04
9.1 1.125924e+04 1.123322e+04 1.110454e+04 1.113055e+04
10.1 1.125401e+04 1.120625e+04 1.110429e+04 1.115205e+04
11.1 1.122342e+04 1.116762e+04 1.110300e+04 1.115881e+04
12.1 1.125552e+04 1.117908e+04 1.110147e+04 1.117791e+04
13.1 1.126030e+04 1.122082e+04 1.110016e+04 1.113964e+04
14.1 1.127030e+04 1.122803e+04 1.109922e+04 1.114149e+04
15.1 1.132919e+04 1.130838e+04 1.109863e+04 1.111944e+04
16.1 1.130083e+04 1.127991e+04 1.109830e+04 1.111922e+04
17.1 1.127043e+04 1.130490e+04 1.109813e+04 1.106365e+04
18.1 1.126335e+04 1.131568e+04 1.109805e+04 1.104571e+04
19.1 1.119802e+04 1.121397e+04 1.109801e+04 1.108206e+04
20.1 1.118321e+04 1.118479e+04 1.109800e+04 1.109641e+04
21.1 1.114372e+04 1.113944e+04 1.109799e+04 1.110227e+04
