0.2 1.090649e+04 1.089149e+04 1.093951e+04 1.095452e+04
1.2 1.097350e+04 1.093532e+04 1.093863e+04 1.097680e+04
2.2 1.096443e+04 1.094802e+04 1.093279e+04 1.094920e+04
3.2 1.093791e+04 1.092520e+04 1.092931e+04 1.094201e+04
4.2 1.086684e+04 1.093722e+04 1.093148e+04 1.086110e+04
5.2 1.098173e+04 1.097483e+04 1.093517e+04 1.094208e+04
6.2 1.095636e+04 1.094668e+04 1.093790e+04 1.094757e+04
7.2 1.094950e+04 1.093412e+04 1.093945e+04 1.095483e+04
8.2 1.095808e+04 1.096036e+04 1.094019e+04 1.093791e+04
9.2 1.098173e+04 1.098820e+04 1.094042e+04 1.093395e+04
10.2 1.096344e+04 1.098297e+04 1.094035e+04 1.092081e+04
11.2 1.102616e+04 1.100418e+04 1.093831e+04 1.096029e+04
12.2 1.100875e+04 1.101743e+04 1.093186e+04 1.092318e+04
13.2 1.096413e+04 1.097008e+04 1.092968e+04 1.092372e+04
14.2 1.096612e+04 1.094935e+04 1.093229e+04 1.094907e+04
15.2 1.100064e+04 1.093540e+04 1.093155e+04 1.099678e+04
16.2 1.101201e+04 1.096152e+04 1.092861e+04 1.097910e+04
17.2 1.102345e+04 1.100771e+04 1.093052e+04 1.094626e+04
18.2 1.108968e+04 1.107577e+04 1.093473e+04 1.094863e+04
19.2 1.099121e+04 1.106407e+04 1.093802e+04 1.086516e+04
20.2 1.096477e+04 1.098058e+04 1.093982e+04 1.092401e+04
0.4 1.096344e+04 1.098297e+04 1.094035e+04 1.092081e+04
1.4 1.102616e+04 1.100418e+04 1.093831e+04 1.096029e+04
2.4 1.100875e+04 1.101743e+04 1.093186e+04 1.092318e+04
3.4 1.096413e+04 1.097008e+04 1.092968e+04 1.092372e+04
4.4 1.096612e+04 1.094935e+04 1.093229e+04 1.094907e+04
5.4 1.100064e+04 1.093540e+04 1.093155e+04 1.099678e+04
6.4 1.101201e+04 1.096152e+04 1.092861e+04 1.097910e+04
7.4 1.102345e+04 1.100771e+04 1.093052e+04 1.094626e+04
8.4 1.108968e+04 1.107577e+04 1.093473e+04 1.094863e+04
9.4 1.099121e+04 1.106407e+04 1.093802e+04 1.086516e+04
10.4 1.096477e+04 1.098058e+04 1.093982e+04 1.092401e+04
11.4 1.107523e+04 1.097904e+04 1.094059e+04 1.103678e+04
12.4 1.105926e+04 1.098195e+04 1.094076e+04 1.101807e+04
13.4 1.104225e+04 1.102547e+04 1.094061e+04 1.095738e+04
14.4 1.109054e+04 1.103604e+04 1.094033e+04 1.099483e+04
15.4 1.107407e+04 1.109626e+04 1.094005e+04 1.091786e+04
16.4 1.098062e+04 1.105694e+04 1.093984e+04 1.086351e+04
17.4 1.088689e+04 1.105185e+04 1.093969e+04 1.077472e+04
18.4 1.084215e+04 1.095279e+04 1.093960e+04 1.082896e+04
19.4 1.092839e+04 1.091620e+04 1.093955e+04 1.095175e+04
20.4 1.089942e+04 1.089410e+04 1.093844e+04 1.094376e+04
0.8 1.096612e+04 1.094935e+04 1.093229e+04 1.094907e+04
1.8 1.100064e+04 1.093540e+04 1.093155e+04 1.099678e+04
2.8 1.101201e+04 1.096152e+04 1.092861e+04 1.097910e+04
3.8 1.102345e+04 1.100771e+04 1.093052e+04 1.094626e+04
4.8 1.108968e+04 1.107577e+04 1.093473e+04 1.094863e+04
5.8 1.099121e+04 1.106407e+04 1.093802e+04 1.086516e+04
6.8 1.096477e+04 1.098058e+04 1.093982e+04 1.092401e+04
7.8 1.107523e+04 1.097904e+04 1.094059e+04 1.103678e+04
8.8 1.105926e+04 1.098195e+04 1.094076e+04 1.101807e+04
9.8 1.104225e+04 1.102547e+04 1.094061e+04 1.095738e+04
10.8 1.109054e+04 1.103604e+04 1.094033e+04 1.099483e+04
11.8 1.107407e+04 1.109626e+04 1.094005e+04 1.091786e+04
12.8 1.098062e+04 1.105694e+04 1.093984e+04 1.086351e+04
13.8 1.088689e+04 1.105185e+04 1.093969e+04 1.077472e+04
14.8 1.084215e+04 1.095279e+04 1.093960e+04 1.082896e+04
15.8 1.092839e+04 1.091620e+04 1.093955e+04 1.095175e+04
16.8 1.089942e+04 1.089410e+04 1.093844e+04 1.094376e+04
17.8 1.089041e+04 1.086645e+04 1.093244e+04 1.095640e+04
18.8 1.085415e+04 1.088516e+04 1.092932e+04 1.089831e+04
19.8 1.088748e+04 1.092222e+04 1.093169e+04 1.089695e+04
20.8 1.095708e+04 1.096808e+04 1.093536e+04 1.092436e+04
0.2 1.092839e+04 1.091620e+04 1.093955e+04 1.095175e+04
1.2 1.089942e+04 1.089410e+04 1.093844e+04 1.094376e+04
2.2 1.089041e+04 1.086645e+04 1.093244e+04 1.095640e+04
3.2 1.085415e+04 1.088516e+04 1.092932e+04 1.089831e+04
4.2 1.088748e+04 1.092222e+04 1.093169e+04 1.089695e+04
5.2 1.095708e+04 1.096808e+04 1.093536e+04 1.092436e+04
6.2 1.100152e+04 1.099505e+04 1.093801e+04 1.094448e+04
7.2 1.100306e+04 1.101864e+04 1.093951e+04 1.092394e+04
8.2 1.106658e+04 1.102475e+04 1.094022e+04 1.098204e+04
9.2 1.107709e+04 1.101930e+04 1.094025e+04 1.099804e+04
10.2 1.096535e+04 1.097040e+04 1.093591e+04 1.093086e+04
11.2 1.088105e+04 1.089242e+04 1.093037e+04 1.091900e+04
12.2 1.081390e+04 1.089518e+04 1.093075e+04 1.084947e+04
13.2 1.092195e+04 1.089255e+04 1.093311e+04 1.096251e+04
14.2 1.098120e+04 1.092081e+04 1.093015e+04 1.099053e+04
15.2 1.098866e+04 1.096108e+04 1.092889e+04 1.095647e+04
16.2 1.106429e+04 1.100906e+04 1.093221e+04 1.098744e+04
17.2 1.103617e+04 1.102808e+04 1.093625e+04 1.094433e+04
18.2 1.112807e+04 1.104567e+04 1.093890e+04 1.102129e+04
19.2 1.111785e+04 1.104412e+04 1.094022e+04 1.101395e+04
20.2 1.096578e+04 1.101025e+04 1.094070e+04 1.089623e+04
0.8 1.107709e+04 1.101930e+04 1.094025e+04 1.099804e+04
1.8 1.096535e+04 1.097040e+04 1.093591e+04 1.093086e+04
2.8 1.088105e+04 1.089242e+04 1.093037e+04 1.091900e+04
3.8 1.081390e+04 1.089518e+04 1.093075e+04 1.084947e+04
4.8 1.092195e+04 1.089255e+04 1.093311e+04 1.096251e+04
5.8 1.098120e+04 1.092081e+04 1.093015e+04 1.099053e+04
6.8 1.098866e+04 1.096108e+04 1.092889e+04 1.095647e+04
7.8 1.106429e+04 1.100906e+04 1.093221e+04 1.098744e+04
8.8 1.103617e+04 1.102808e+04 1.093625e+04 1.094433e+04
9.8 1.112807e+04 1.104567e+04 1.093890e+04 1.102129e+04
10.8 1.111785e+04 1.104412e+04 1.094022e+04 1.101395e+04
11.8 1.096578e+04 1.101025e+04 1.094070e+04 1.089623e+04
12.8 1.089553e+04 1.096270e+04 1.094072e+04 1.087355e+04
13.8 1.083302e+04 1.090380e+04 1.094050e+04 1.086972e+04
14.8 1.087617e+04 1.089344e+04 1.094022e+04 1.092294e+04
15.8 1.091757e+04 1.088427e+04 1.093996e+04 1.097326e+04
16.8 1.090646e+04 1.087206e+04 1.093857e+04 1.097297e+04
17.8 1.082321e+04 1.085444e+04 1.093239e+04 1.090116e+04
18.8 1.084869e+04 1.088101e+04 1.092939e+04 1.089707e+04
19.8 1.086931e+04 1.091783e+04 1.093183e+04 1.088330e+04
20.8 1.090460e+04 1.094362e+04 1.093547e+04 1.089645e+04
0.2 1.081390e+04 1.089518e+04 1.093075e+04 1.084947e+04
1.2 1.092195e+04 1.089255e+04 1.093311e+04 1.096251e+04
2.2 1.098120e+04 1.092081e+04 1.093015e+04 1.099053e+04
3.2 1.098866e+04 1.096108e+04 1.092889e+04 1.095647e+04
4.2 1.106429e+04 1.100906e+04 1.093221e+04 1.098744e+04
5.2 1.103617e+04 1.102808e+04 1.093625e+04 1.094433e+04
6.2 1.112807e+04 1.104567e+04 1.093890e+04 1.102129e+04
7.2 1.111785e+04 1.104412e+04 1.094022e+04 1.101395e+04
8.2 1.096578e+04 1.101025e+04 1.094070e+04 1.089623e+04
9.2 1.089553e+04 1.096270e+04 1.094072e+04 1.087355e+04
10.2 1.083302e+04 1.090380e+04 1.094050e+04 1.086972e+04
11.2 1.087617e+04 1.089344e+04 1.094022e+04 1.092294e+04
12.2 1.091757e+04 1.088427e+04 1.093996e+04 1.097326e+04
13.2 1.090646e+04 1.087206e+04 1.093857e+04 1.097297e+04
14.2 1.082321e+04 1.085444e+04 1.093239e+04 1.090116e+04
15.2 1.084869e+04 1.088101e+04 1.092939e+04 1.089707e+04
16.2 1.086931e+04 1.091783e+04 1.093183e+04 1.088330e+04
17.2 1.090460e+04 1.094362e+04 1.093547e+04 1.089645e+04
18.2 1.089466e+04 1.093331e+04 1.093808e+04 1.089942e+04
19.2 1.096842e+04 1.092658e+04 1.093834e+04 1.098018e+04
20.2 1.100880e+04 1.095786e+04 1.093297e+04 1.098391e+04
0.3 1.091757e+04 1.088427e+04 1.093996e+04 1.097326e+04
1.3 1.090646e+04 1.087206e+04 1.093857e+04 1.097297e+04
2.3 1.082321e+04 1.085444e+04 1.093239e+04 1.090116e+04
3.3 1.084869e+04 1.088101e+04 1.092939e+04 1.089707e+04
4.3 1.086931e+04 1.091783e+04 1.093183e+04 1.088330e+04
5.3 1.090460e+04 1.094362e+04 1.093547e+04 1.089645e+04
6.3 1.089466e+04 1.093331e+04 1.093808e+04 1.089942e+04
7.3 1.096842e+04 1.092658e+04 1.093834e+04 1.098018e+04
8.3 1.100880e+04 1.095786e+04 1.093297e+04 1.098391e+04
9.3 1.102095e+04 1.097376e+04 1.093023e+04 1.097742e+04
10.3 1.106569e+04 1.103372e+04 1.093258e+04 1.096455e+04
11.3 1.097038e+04 1.104058e+04 1.093295e+04 1.086275e+04
12.3 1.098918e+04 1.103636e+04 1.092934e+04 1.088216e+04
13.3 1.098400e+04 1.102722e+04 1.093009e+04 1.088686e+04
14.3 1.101954e+04 1.105871e+04 1.093404e+04 1.089487e+04
15.3 1.100823e+04 1.103296e+04 1.093755e+04 1.091282e+04
16.3 1.106549e+04 1.106947e+04 1.093955e+04 1.093556e+04
17.3 1.103585e+04 1.103628e+04 1.093755e+04 1.093712e+04
18.3 1.103696e+04 1.104129e+04 1.093174e+04 1.092741e+04
19.3 1.091568e+04 1.095400e+04 1.093090e+04 1.089258e+04
20.3 1.098529e+04 1.094889e+04 1.093397e+04 1.097038e+04
0.3 1.089466e+04 1.093331e+04 1.093808e+04 1.089942e+04
1.3 1.096842e+04 1.092658e+04 1.093834e+04 1.098018e+04
2.3 1.100880e+04 1.095786e+04 1.093297e+04 1.098391e+04
3.3 1.102095e+04 1.097376e+04 1.093023e+04 1.097742e+04
4.3 1.106569e+04 1.103372e+04 1.093258e+04 1.096455e+04
5.3 1.097038e+04 1.104058e+04 1.093295e+04 1.086275e+04
6.3 1.098918e+04 1.103636e+04 1.092934e+04 1.088216e+04
7.3 1.098400e+04 1.102722e+04 1.093009e+04 1.088686e+04
8.3 1.101954e+04 1.105871e+04 1.093404e+04 1.089487e+04
9.3 1.100823e+04 1.103296e+04 1.093755e+04 1.091282e+04
10.3 1.106549e+04 1.106947e+04 1.093955e+04 1.093556e+04
11.3 1.103585e+04 1.103628e+04 1.093755e+04 1.093712e+04
12.3 1.103696e+04 1.104129e+04 1.093174e+04 1.092741e+04
13.3 1.091568e+04 1.095400e+04 1.093090e+04 1.089258e+04
14.3 1.098529e+04 1.094889e+04 1.093397e+04 1.097038e+04
15.3 1.104667e+04 1.098612e+04 1.093692e+04 1.099747e+04
16.3 1.096873e+04 1.090295e+04 1.093462e+04 1.100039e+04
17.3 1.091546e+04 1.088539e+04 1.093028e+04 1.096035e+04
18.3 1.088929e+04 1.086005e+04 1.093127e+04 1.096051e+04
19.3 1.087489e+04 1.082515e+04 1.093491e+04 1.098465e+04
20.3 1.086126e+04 1.084528e+04 1.093739e+04 1.095337e+04
0.6 1.106569e+04 1.103372e+04 1.093258e+04 1.096455e+04
1.6 1.097038e+04 1.104058e+04 1.093295e+04 1.086275e+04
2.6 1.098918e+04 1.103636e+04 1.092934e+04 1.088216e+04
3.6 1.098400e+04 1.102722e+04 1.093009e+04 1.088686e+04
4.6 1.101954e+04 1.105871e+04 1.093404e+04 1.089487e+04
5.6 1.100823e+04 1.103296e+04 1.093755e+04 1.091282e+04
6.6 1.106549e+04 1.106947e+04 1.093955e+04 1.093556e+04
7.6 1.103585e+04 1.103628e+04 1.093755e+04 1.093712e+04
8.6 1.103696e+04 1.104129e+04 1.093174e+04 1.092741e+04
9.6 1.091568e+04 1.095400e+04 1.093090e+04 1.089258e+04
10.6 1.098529e+04 1.094889e+04 1.093397e+04 1.097038e+04
11.6 1.104667e+04 1.098612e+04 1.093692e+04 1.099747e+04
12.6 1.096873e+04 1.090295e+04 1.093462e+04 1.100039e+04
13.6 1.091546e+04 1.088539e+04 1.093028e+04 1.096035e+04
14.6 1.088929e+04 1.086005e+04 1.093127e+04 1.096051e+04
15.6 1.087489e+04 1.082515e+04 1.093491e+04 1.098465e+04
16.6 1.086126e+04 1.084528e+04 1.093739e+04 1.095337e+04
17.6 1.089593e+04 1.085202e+04 1.093378e+04 1.097769e+04
18.6 1.092847e+04 1.085375e+04 1.093023e+04 1.100495e+04
19.6 1.100211e+04 1.091214e+04 1.093204e+04 1.102202e+04
20.6 1.098210e+04 1.093610e+04 1.093566e+04 1.098166e+04
0.6 1.106549e+04 1.106947e+04 1.093955e+04 1.093556e+04
1.6 1.103585e+04 1.103628e+04 1.093755e+04 1.093712e+04
2.6 1.103696e+04 1.104129e+04 1.093174e+04 1.092741e+04
3.6 1.091568e+04 1.095400e+04 1.093090e+04 1.089258e+04
4.6 1.098529e+04 1.094889e+04 1.093397e+04 1.097038e+04
5.6 1.104667e+04 1.098612e+04 1.093692e+04 1.099747e+04
6.6 1.096873e+04 1.090295e+04 1.093462e+04 1.100039e+04
7.6 1.091546e+04 1.088539e+04 1.093028e+04 1.096035e+04
8.6 1.088929e+04 1.086005e+04 1.093127e+04 1.096051e+04
9.6 1.087489e+04 1.082515e+04 1.093491e+04 1.098465e+04
10.6 1.086126e+04 1.084528e+04 1.093739e+04 1.095337e+04
11.6 1.089593e+04 1.085202e+04 1.093378e+04 1.097769e+04
12.6 1.092847e+04 1.085375e+04 1.093023e+04 1.100495e+04
13.6 1.100211e+04 1.091214e+04 1.093204e+04 1.102202e+04
14.6 1.098210e+04 1.093610e+04 1.093566e+04 1.098166e+04
15.6 1.105308e+04 1.095349e+04 1.093725e+04 1.103683e+04
16.6 1.104781e+04 1.100454e+04 1.093271e+04 1.097598e+04
17.6 1.094252e+04 1.095681e+04 1.093023e+04 1.091594e+04
18.6 1.081986e+04 1.090452e+04 1.093276e+04 1.084810e+04
19.6 1.080601e+04 1.087682e+04 1.093630e+04 1.086549e+04
20.6 1.077586e+04 1.086550e+04 1.093872e+04 1.084907e+04
0.8 1.104667e+04 1.098612e+04 1.093692e+04 1.099747e+04
1.8 1.096873e+04 1.090295e+04 1.093462e+04 1.100039e+04
2.8 1.091546e+04 1.088539e+04 1.093028e+04 1.096035e+04
3.8 1.088929e+04 1.086005e+04 1.093127e+04 1.096051e+04
4.8 1.087489e+04 1.082515e+04 1.093491e+04 1.098465e+04
5.8 1.086126e+04 1.084528e+04 1.093739e+04 1.095337e+04
6.8 1.089593e+04 1.085202e+04 1.093378e+04 1.097769e+04
7.8 1.092847e+04 1.085375e+04 1.093023e+04 1.100495e+04
8.8 1.100211e+04 1.091214e+04 1.093204e+04 1.102202e+04
9.8 1.098210e+04 1.093610e+04 1.093566e+04 1.098166e+04
10.8 1.105308e+04 1.095349e+04 1.093725e+04 1.103683e+04
11.8 1.104781e+04 1.100454e+04 1.093271e+04 1.097598e+04
12.8 1.094252e+04 1.095681e+04 1.093023e+04 1.091594e+04
13.8 1.081986e+04 1.090452e+04 1.093276e+04 1.084810e+04
14.8 1.080601e+04 1.087682e+04 1.093630e+04 1.086549e+04
15.8 1.077586e+04 1.086550e+04 1.093872e+04 1.084907e+04
16.8 1.089638e+04 1.090822e+04 1.093997e+04 1.092814e+04
17.8 1.091319e+04 1.094456e+04 1.094049e+04 1.090913e+04
18.8 1.091612e+04 1.093748e+04 1.094057e+04 1.091922e+04
19.8 1.088486e+04 1.098610e+04 1.094041e+04 1.083917e+04
20.8 1.090895e+04 1.102382e+04 1.094017e+04 1.082529e+04
1.0 1.086126e+04 1.084528e+04 1.093739e+04 1.095337e+04
2.0 1.089593e+04 1.085202e+04 1.093378e+04 1.097769e+04
3.0 1.092847e+04 1.085375e+04 1.093023e+04 1.100495e+04
4.0 1.100211e+04 1.091214e+04 1.093204e+04 1.102202e+04
5.0 1.098210e+04 1.093610e+04 1.093566e+04 1.098166e+04
6.0 1.105308e+04 1.095349e+04 1.093725e+04 1.103683e+04
7.0 1.104781e+04 1.100454e+04 1.093271e+04 1.097598e+04
8.0 1.094252e+04 1.095681e+04 1.093023e+04 1.091594e+04
9.0 1.081986e+04 1.090452e+04 1.093276e+04 1.084810e+04
10.0 1.080601e+04 1.087682e+04 1.093630e+04 1.086549e+04
11.0 1.077586e+04 1.086550e+04 1.093872e+04 1.084907e+04
12.0 1.089638e+04 1.090822e+04 1.093997e+04 1.092814e+04
13.0 1.091319e+04 1.094456e+04 1.094049e+04 1.090913e+04
14.0 1.091612e+04 1.093748e+04 1.094057e+04 1.091922e+04
15.0 1.088486e+04 1.098610e+04 1.094041e+04 1.083917e+04
16.0 1.090895e+04 1.102382e+04 1.094017e+04 1.082529e+04
17.0 1.082437e+04 1.093720e+04 1.093993e+04 1.082710e+04
18.0 1.087276e+04 1.088955e+04 1.093976e+04 1.092297e+04
19.0 1.094183e+04 1.090264e+04 1.093964e+04 1.097883e+04
20.0 1.100656e+04 1.097066e+04 1.093958e+04 1.097548e+04
21.0 1.098147e+04 1.098176e+04 1.093954e+04 1.093925e+04
0.2 1.098210e+04 1.093610e+04 1.093566e+04 1.098166e+04
1.2 1.105308e+04 1.095349e+04 1.093725e+04 1.103683e+04
2.2 1.104781e+04 1.100454e+04 1.093271e+04 1.097598e+04
3.2 1.094252e+04 1.095681e+04 1.093023e+04 1.091594e+04
4.2 1.081986e+04 1.090452e+04 1.093276e+04 1.084810e+04
5.2 1.080601e+04 1.087682e+04 1.093630e+04 1.086549e+04
6.2 1.077586e+04 1.086550e+04 1.093872e+04 1.084907e+04
7.2 1.089638e+04 1.090822e+04 1.093997e+04 1.092814e+04
8.2 1.091319e+04 1.094456e+04 1.094049e+04 1.090913e+04
9.2 1.091612e+04 1.093748e+04 1.094057e+04 1.091922e+04
10.2 1.088486e+04 1.098610e+04 1.094041e+04 1.083917e+04
11.2 1.090895e+04 1.102382e+04 1.094017e+04 1.082529e+04
12.2 1.082437e+04 1.093720e+04 1.093993e+04 1.082710e+04
13.2 1.087276e+04 1.088955e+04 1.093976e+04 1.092297e+04
14.2 1.094183e+04 1.090264e+04 1.093964e+04 1.097883e+04
15.2 1.100656e+04 1.097066e+04 1.093958e+04 1.097548e+04
16.2 1.098147e+04 1.098176e+04 1.093954e+04 1.093925e+04
17.2 1.104435e+04 1.103420e+04 1.093755e+04 1.094770e+04
18.2 1.103256e+04 1.102630e+04 1.093130e+04 1.093756e+04
19.2 1.105595e+04 1.104769e+04 1.092947e+04 1.093772e+04
20.2 1.111559e+04 1.105934e+04 1.093244e+04 1.098870e+04
0.4 1.098147e+04 1.098176e+04 1.093954e+04 1.093925e+04
1.4 1.104435e+04 1.103420e+04 1.093755e+04 1.094770e+04
2.4 1.103256e+04 1.102630e+04 1.093130e+04 1.093756e+04
3.4 1.105595e+04 1.104769e+04 1.092947e+04 1.093772e+04
4.4 1.111559e+04 1.105934e+04 1.093244e+04 1.098870e+04
5.4 1.101709e+04 1.104988e+04 1.093600e+04 1.090321e+04
6.4 1.090187e+04 1.094882e+04 1.093839e+04 1.089144e+04
7.4 1.089650e+04 1.089148e+04 1.093970e+04 1.094472e+04
8.4 1.095108e+04 1.089347e+04 1.094029e+04 1.099790e+04
9.4 1.096224e+04 1.092498e+04 1.094042e+04 1.097769e+04
10.4 1.104375e+04 1.098259e+04 1.094030e+04 1.100146e+04
11.4 1.104823e+04 1.102574e+04 1.094009e+04 1.096258e+04
12.4 1.109846e+04 1.103567e+04 1.093988e+04 1.100267e+04
13.4 1.102008e+04 1.104669e+04 1.093972e+04 1.091312e+04
14.4 1.098375e+04 1.103813e+04 1.093962e+04 1.088524e+04
15.4 1.090359e+04 1.103386e+04 1.093957e+04 1.080930e+04
16.4 1.095093e+04 1.104294e+04 1.093954e+04 1.084753e+04
17.4 1.104257e+04 1.105035e+04 1.093952e+04 1.093174e+04
18.4 1.107600e+04 1.111373e+04 1.093952e+04 1.090179e+04
19.4 1.110065e+04 1.108361e+04 1.093796e+04 1.095499e+04
20.4 1.107764e+04 1.105622e+04 1.093175e+04 1.095318e+04
0.3 1.107600e+04 1.111373e+04 1.093952e+04 1.090179e+04
1.3 1.110065e+04 1.108361e+04 1.093796e+04 1.095499e+04
2.3 1.107764e+04 1.105622e+04 1.093175e+04 1.095318e+04
3.3 1.111288e+04 1.109004e+04 1.092938e+04 1.095221e+04
4.3 1.117253e+04 1.112782e+04 1.093212e+04 1.097682e+04
5.3 1.116428e+04 1.112083e+04 1.093573e+04 1.097918e+04
6.3 1.109812e+04 1.107968e+04 1.093824e+04 1.095668e+04
7.3 1.097606e+04 1.101614e+04 1.093962e+04 1.089955e+04
8.3 1.096474e+04 1.100533e+04 1.094026e+04 1.089967e+04
9.3 1.105966e+04 1.101456e+04 1.094042e+04 1.098552e+04
10.3 1.100228e+04 1.100848e+04 1.094032e+04 1.093412e+04
11.3 1.099046e+04 1.100818e+04 1.094011e+04 1.092239e+04
12.3 1.109384e+04 1.101818e+04 1.093990e+04 1.101556e+04
13.3 1.110899e+04 1.101942e+04 1.093830e+04 1.102787e+04
14.3 1.109276e+04 1.099167e+04 1.093203e+04 1.103313e+04
15.3 1.102982e+04 1.095737e+04 1.092941e+04 1.100186e+04
16.3 1.097207e+04 1.095846e+04 1.093204e+04 1.094565e+04
17.3 1.099542e+04 1.097500e+04 1.093565e+04 1.095607e+04
18.3 1.097120e+04 1.096969e+04 1.093819e+04 1.093970e+04
19.3 1.102213e+04 1.096408e+04 1.093960e+04 1.099764e+04
20.3 1.102411e+04 1.095542e+04 1.094025e+04 1.100894e+04
0.3 1.109384e+04 1.101818e+04 1.093990e+04 1.101556e+04
1.3 1.110899e+04 1.101942e+04 1.093830e+04 1.102787e+04
2.3 1.109276e+04 1.099167e+04 1.093203e+04 1.103313e+04
3.3 1.102982e+04 1.095737e+04 1.092941e+04 1.100186e+04
4.3 1.097207e+04 1.095846e+04 1.093204e+04 1.094565e+04
5.3 1.099542e+04 1.097500e+04 1.093565e+04 1.095607e+04
6.3 1.097120e+04 1.096969e+04 1.093819e+04 1.093970e+04
7.3 1.102213e+04 1.096408e+04 1.093960e+04 1.099764e+04
8.3 1.102411e+04 1.095542e+04 1.094025e+04 1.100894e+04
9.3 1.092447e+04 1.090399e+04 1.094018e+04 1.096066e+04
10.3 1.077576e+04 1.084776e+04 1.093551e+04 1.086351e+04
11.3 1.073544e+04 1.081666e+04 1.093022e+04 1.084900e+04
12.3 1.079114e+04 1.084915e+04 1.093091e+04 1.087290e+04
13.3 1.086344e+04 1.085732e+04 1.093439e+04 1.094051e+04
14.3 1.088906e+04 1.091818e+04 1.093737e+04 1.090826e+04
15.3 1.088408e+04 1.089695e+04 1.093916e+04 1.092629e+04
16.3 1.086635e+04 1.089359e+04 1.094007e+04 1.091283e+04
17.3 1.096961e+04 1.095787e+04 1.094041e+04 1.095215e+04
18.3 1.099344e+04 1.093684e+04 1.094039e+04 1.099699e+04
19.3 1.099458e+04 1.094783e+04 1.094021e+04 1.098697e+04
20.3 1.096543e+04 1.099036e+04 1.093999e+04 1.091506e+04
0.9 1.092447e+04 1.090399e+04 1.094018e+04 1.096066e+04
1.9 1.077576e+04 1.084776e+04 1.093551e+04 1.086351e+04
2.9 1.073544e+04 1.081666e+04 1.093022e+04 1.084900e+04
3.9 1.079114e+04 1.084915e+04 1.093091e+04 1.087290e+04
4.9 1.086344e+04 1.085732e+04 1.093439e+04 1.094051e+04
5.9 1.088906e+04 1.091818e+04 1.093737e+04 1.090826e+04
6.9 1.088408e+04 1.089695e+04 1.093916e+04 1.092629e+04
7.9 1.086635e+04 1.089359e+04 1.094007e+04 1.091283e+04
8.9 1.096961e+04 1.095787e+04 1.094041e+04 1.095215e+04
9.9 1.099344e+04 1.093684e+04 1.094039e+04 1.099699e+04
10.9 1.099458e+04 1.094783e+04 1.094021e+04 1.098697e+04
11.9 1.096543e+04 1.099036e+04 1.093999e+04 1.091506e+04
12.9 1.084896e+04 1.098079e+04 1.093980e+04 1.080797e+04
13.9 1.083163e+04 1.098782e+04 1.093967e+04 1.078349e+04
14.9 1.089067e+04 1.102708e+04 1.093959e+04 1.080318e+04
15.9 1.093505e+04 1.099194e+04 1.093955e+04 1.088265e+04
16.9 1.087866e+04 1.097601e+04 1.093855e+04 1.084120e+04
17.9 1.097078e+04 1.099278e+04 1.093261e+04 1.091061e+04
18.9 1.089609e+04 1.094746e+04 1.092931e+04 1.087794e+04
19.9 1.090780e+04 1.097270e+04 1.093159e+04 1.086668e+04
20.9 1.099931e+04 1.098327e+04 1.093527e+04 1.095131e+04
0.2 1.093505e+04 1.099194e+04 1.093955e+04 1.088265e+04
1.2 1.087866e+04 1.097601e+04 1.093855e+04 1.084120e+04
2.2 1.097078e+04 1.099278e+04 1.093261e+04 1.091061e+04
3.2 1.089609e+04 1.094746e+04 1.092931e+04 1.087794e+04
4.2 1.090780e+04 1.097270e+04 1.093159e+04 1.086668e+04
5.2 1.099931e+04 1.098327e+04 1.093527e+04 1.095131e+04
6.2 1.106357e+04 1.098575e+04 1.093795e+04 1.101578e+04
7.2 1.106251e+04 1.097540e+04 1.093948e+04 1.102660e+04
8.2 1.115572e+04 1.098464e+04 1.094020e+04 1.111128e+04
9.2 1.106142e+04 1.094075e+04 1.094042e+04 1.106110e+04
10.2 1.098882e+04 1.089485e+04 1.094034e+04 1.103432e+04
11.2 1.092643e+04 1.088292e+04 1.094014e+04 1.098365e+04
12.2 1.089043e+04 1.090168e+04 1.093992e+04 1.092867e+04
13.2 1.088157e+04 1.088666e+04 1.093975e+04 1.093466e+04
14.2 1.092419e+04 1.094266e+04 1.093964e+04 1.092117e+04
15.2 1.091289e+04 1.096381e+04 1.093950e+04 1.088858e+04
16.2 1.095360e+04 1.096972e+04 1.093588e+04 1.091976e+04
17.2 1.094784e+04 1.094878e+04 1.093009e+04 1.092916e+04
18.2 1.100658e+04 1.096876e+04 1.093004e+04 1.096786e+04
19.2 1.104386e+04 1.100374e+04 1.093353e+04 1.097365e+04
20.2 1.102090e+04 1.100158e+04 1.093681e+04 1.095613e+04
0.7 1.091289e+04 1.096381e+04 1.093950e+04 1.088858e+04
1.7 1.095360e+04 1.096972e+04 1.093588e+04 1.091976e+04
2.7 1.094784e+04 1.094878e+04 1.093009e+04 1.092916e+04
3.7 1.100658e+04 1.096876e+04 1.093004e+04 1.096786e+04
4.7 1.104386e+04 1.100374e+04 1.093353e+04 1.097365e+04
5.7 1.102090e+04 1.100158e+04 1.093681e+04 1.095613e+04
6.7 1.104427e+04 1.103222e+04 1.093886e+04 1.095091e+04
7.7 1.100597e+04 1.102883e+04 1.093993e+04 1.091707e+04
8.7 1.100492e+04 1.104148e+04 1.094036e+04 1.090380e+04
9.7 1.101532e+04 1.105855e+04 1.094041e+04 1.089718e+04
10.7 1.107171e+04 1.104719e+04 1.094025e+04 1.096476e+04
11.7 1.110902e+04 1.108552e+04 1.094002e+04 1.096352e+04
12.7 1.112206e+04 1.103234e+04 1.093978e+04 1.102950e+04
13.7 1.116513e+04 1.106325e+04 1.093639e+04 1.103827e+04
14.7 1.115203e+04 1.105265e+04 1.093037e+04 1.102975e+04
15.7 1.099583e+04 1.103558e+04 1.092994e+04 1.089019e+04
16.7 1.101203e+04 1.100095e+04 1.093333e+04 1.094441e+04
17.7 1.103085e+04 1.104344e+04 1.093666e+04 1.092408e+04
18.7 1.099628e+04 1.104798e+04 1.093878e+04 1.088708e+04
19.7 1.091730e+04 1.096805e+04 1.093989e+04 1.088914e+04
20.7 1.078371e+04 1.089374e+04 1.094035e+04 1.083033e+04
0.7 1.112206e+04 1.103234e+04 1.093978e+04 1.102950e+04
1.7 1.116513e+04 1.106325e+04 1.093639e+04 1.103827e+04
2.7 1.115203e+04 1.105265e+04 1.093037e+04 1.102975e+04
3.7 1.099583e+04 1.103558e+04 1.092994e+04 1.089019e+04
4.7 1.101203e+04 1.100095e+04 1.093333e+04 1.094441e+04
5.7 1.103085e+04 1.104344e+04 1.093666e+04 1.092408e+04
6.7 1.099628e+04 1.104798e+04 1.093878e+04 1.088708e+04
7.7 1.091730e+04 1.096805e+04 1.093989e+04 1.088914e+04
8.7 1.078371e+04 1.089374e+04 1.094035e+04 1.083033e+04
9.7 1.075008e+04 1.085072e+04 1.094041e+04 1.083977e+04
10.7 1.079628e+04 1.080662e+04 1.094026e+04 1.092991e+04
11.7 1.070446e+04 1.080659e+04 1.094004e+04 1.083791e+04
12.7 1.078079e+04 1.081823e+04 1.093984e+04 1.090240e+04
13.7 1.083970e+04 1.086632e+04 1.093970e+04 1.091307e+04
14.7 1.080822e+04 1.083952e+04 1.093961e+04 1.090831e+04
15.7 1.074144e+04 1.080177e+04 1.093956e+04 1.087923e+04
16.7 1.084434e+04 1.080771e+04 1.093953e+04 1.097616e+04
17.7 1.086937e+04 1.080672e+04 1.093952e+04 1.100218e+04
18.7 1.084730e+04 1.084078e+04 1.093952e+04 1.094604e+04
19.7 1.087166e+04 1.080924e+04 1.093951e+04 1.100193e+04
20.7 1.083734e+04 1.080038e+04 1.093951e+04 1.097647e+04
0.1 1.085596e+04 1.083010e+04 1.093951e+04 1.096537e+04
1.1 1.082978e+04 1.083523e+04 1.093888e+04 1.093343e+04
2.1 1.086465e+04 1.086517e+04 1.093334e+04 1.093283e+04
3.1 1.086285e+04 1.085815e+04 1.092935e+04 1.093405e+04
4.1 1.089716e+04 1.090690e+04 1.093118e+04 1.092144e+04
5.1 1.091110e+04 1.091188e+04 1.093488e+04 1.093410e+04
6.1 1.091422e+04 1.090379e+04 1.093771e+04 1.094814e+04
7.1 1.097248e+04 1.097117e+04 1.093935e+04 1.094066e+04
8.1 1.099184e+04 1.098885e+04 1.094015e+04 1.094314e+04
9.1 1.096769e+04 1.096726e+04 1.094042e+04 1.094085e+04
10.1 1.098091e+04 1.095672e+04 1.094036e+04 1.096456e+04
11.1 1.094277e+04 1.092344e+04 1.094016e+04 1.095950e+04
12.1 1.096074e+04 1.094739e+04 1.093851e+04 1.095186e+04
13.1 1.094924e+04 1.094331e+04 1.093217e+04 1.093810e+04
14.1 1.090647e+04 1.090324e+04 1.092949e+04 1.093273e+04
15.1 1.096305e+04 1.094289e+04 1.093208e+04 1.095224e+04
16.1 1.098628e+04 1.093359e+04 1.093567e+04 1.098836e+04
17.1 1.098826e+04 1.094750e+04 1.093820e+04 1.097895e+04
18.1 1.092989e+04 1.093647e+04 1.093960e+04 1.093302e+04
19.1 1.092000e+04 1.094095e+04 1.094025e+04 1.091930e+04
20.1 1.091957e+04 1.091642e+04 1.094043e+04 1.094357e+04
0.3 1.094277e+04 1.092344e+04 1.094016e+04 1.095950e+04
1.3 1.096074e+04 1.094739e+04 1.093851e+04 1.095186e+04
2.3 1.094924e+04 1.094331e+04 1.093217e+04 1.093810e+04
3.3 1.090647e+04 1.090324e+04 1.092949e+04 1.093273e+04
4.3 1.096305e+04 1.094289e+04 1.093208e+04 1.095224e+04
5.3 1.098628e+04 1.093359e+04 1.093567e+04 1.098836e+04
6.3 1.098826e+04 1.094750e+04 1.093820e+04 1.097895e+04
7.3 1.092989e+04 1.093647e+04 1.093960e+04 1.093302e+04
8.3 1.092000e+04 1.094095e+04 1.094025e+04 1.091930e+04
9.3 1.091957e+04 1.091642e+04 1.094043e+04 1.094357e+04
10.3 1.091845e+04 1.090737e+04 1.094032e+04 1.095141e+04
11.3 1.093263e+04 1.094858e+04 1.094011e+04 1.092417e+04
12.3 1.091968e+04 1.093584e+04 1.093990e+04 1.092374e+04
13.3 1.092740e+04 1.091353e+04 1.093974e+04 1.095361e+04
14.3 1.087509e+04 1.090849e+04 1.093963e+04 1.090624e+04
15.3 1.090955e+04 1.090226e+04 1.093957e+04 1.094686e+04
16.3 1.088288e+04 1.087513e+04 1.093954e+04 1.094729e+04
17.3 1.083388e+04 1.084114e+04 1.093952e+04 1.093226e+04
18.3 1.088905e+04 1.088585e+04 1.093952e+04 1.094272e+04
19.3 1.082836e+04 1.088151e+04 1.093952e+04 1.088636e+04
20.3 1.086023e+04 1.088100e+04 1.093951e+04 1.091874e+04
0.4 1.083721e+04 1.086734e+04 1.093951e+04 1.090938e+04
1.4 1.085993e+04 1.085855e+04 1.093782e+04 1.093921e+04
2.4 1.087132e+04 1.088872e+04 1.093160e+04 1.091420e+04
3.4 1.085628e+04 1.086615e+04 1.092940e+04 1.091953e+04
4.4 1.086955e+04 1.086910e+04 1.093222e+04 1.093268e+04
5.4 1.086189e+04 1.086181e+04 1.093580e+04 1.093588e+04
6.4 1.091672e+04 1.086558e+04 1.093552e+04 1.098665e+04
7.4 1.085920e+04 1.085463e+04 1.093076e+04 1.093532e+04
8.4 1.087657e+04 1.085793e+04 1.093046e+04 1.094911e+04
9.4 1.090098e+04 1.089409e+04 1.093390e+04 1.094079e+04
10.4 1.091458e+04 1.088655e+04 1.093722e+04 1.096525e+04
11.4 1.088778e+04 1.086150e+04 1.093922e+04 1.096550e+04
12.4 1.084129e+04 1.083711e+04 1.094020e+04 1.094439e+04
13.4 1.086555e+04 1.086422e+04 1.094055e+04 1.094189e+04
14.4 1.084924e+04 1.088264e+04 1.093955e+04 1.090615e+04
15.4 1.088299e+04 1.084729e+04 1.093342e+04 1.096912e+04
16.4 1.084166e+04 1.083427e+04 1.092988e+04 1.093727e+04
17.4 1.086344e+04 1.086377e+04 1.093194e+04 1.093160e+04
18.4 1.086368e+04 1.086892e+04 1.093546e+04 1.093022e+04
19.4 1.088654e+04 1.086517e+04 1.093608e+04 1.095745e+04
20.4 1.089552e+04 1.085957e+04 1.093131e+04 1.096725e+04
0.6 1.086189e+04 1.086181e+04 1.093580e+04 1.093588e+04
1.6 1.091672e+04 1.086558e+04 1.093552e+04 1.098665e+04
2.6 1.085920e+04 1.085463e+04 1.093076e+04 1.093532e+04
3.6 1.087657e+04 1.085793e+04 1.093046e+04 1.094911e+04
4.6 1.090098e+04 1.089409e+04 1.093390e+04 1.094079e+04
5.6 1.091458e+04 1.088655e+04 1.093722e+04 1.096525e+04
6.6 1.088778e+04 1.086150e+04 1.093922e+04 1.096550e+04
7.6 1.084129e+04 1.083711e+04 1.094020e+04 1.094439e+04
8.6 1.086555e+04 1.086422e+04 1.094055e+04 1.094189e+04
9.6 1.084924e+04 1.088264e+04 1.093955e+04 1.090615e+04
10.6 1.088299e+04 1.084729e+04 1.093342e+04 1.096912e+04
11.6 1.084166e+04 1.083427e+04 1.092988e+04 1.093727e+04
12.6 1.086344e+04 1.086377e+04 1.093194e+04 1.093160e+04
13.6 1.086368e+04 1.086892e+04 1.093546e+04 1.093022e+04
14.6 1.088654e+04 1.086517e+04 1.093608e+04 1.095745e+04
15.6 1.089552e+04 1.085957e+04 1.093131e+04 1.096725e+04
16.6 1.081983e+04 1.084430e+04 1.093018e+04 1.090571e+04
17.6 1.083536e+04 1.085589e+04 1.093319e+04 1.091267e+04
18.6 1.082603e+04 1.083522e+04 1.093240e+04 1.092321e+04
19.6 1.080369e+04 1.081231e+04 1.092926e+04 1.092064e+04
20.6 1.083077e+04 1.084117e+04 1.093095e+04 1.092054e+04
0.2 1.086555e+04 1.086422e+04 1.094055e+04 1.094189e+04
1.2 1.084924e+04 1.088264e+04 1.093955e+04 1.090615e+04
2.2 1.088299e+04 1.084729e+04 1.093342e+04 1.096912e+04
3.2 1.084166e+04 1.083427e+04 1.092988e+04 1.093727e+04
4.2 1.086344e+04 1.086377e+04 1.093194e+04 1.093160e+04
5.2 1.086368e+04 1.086892e+04 1.093546e+04 1.093022e+04
6.2 1.088654e+04 1.086517e+04 1.093608e+04 1.095745e+04
7.2 1.089552e+04 1.085957e+04 1.093131e+04 1.096725e+04
8.2 1.081983e+04 1.084430e+04 1.093018e+04 1.090571e+04
9.2 1.083536e+04 1.085589e+04 1.093319e+04 1.091267e+04
10.2 1.082603e+04 1.083522e+04 1.093240e+04 1.092321e+04
11.2 1.080369e+04 1.081231e+04 1.092926e+04 1.092064e+04
12.2 1.083077e+04 1.084117e+04 1.093095e+04 1.092054e+04
13.2 1.084204e+04 1.087338e+04 1.093389e+04 1.090254e+04
14.2 1.080014e+04 1.084829e+04 1.093106e+04 1.088291e+04
15.2 1.079630e+04 1.081171e+04 1.092968e+04 1.091427e+04
16.2 1.086387e+04 1.083400e+04 1.093274e+04 1.096261e+04
17.2 1.084749e+04 1.083998e+04 1.093331e+04 1.094083e+04
18.2 1.083313e+04 1.082774e+04 1.092988e+04 1.093527e+04
19.2 1.086737e+04 1.082449e+04 1.093071e+04 1.097359e+04
20.2 1.083881e+04 1.082278e+04 1.093456e+04 1.095059e+04
0.4 1.086368e+04 1.086892e+04 1.093546e+04 1.093022e+04
1.4 1.088654e+04 1.086517e+04 1.093608e+04 1.095745e+04
2.4 1.089552e+04 1.085957e+04 1.093131e+04 1.096725e+04
3.4 1.081983e+04 1.084430e+04 1.093018e+04 1.090571e+04
4.4 1.083536e+04 1.085589e+04 1.093319e+04 1.091267e+04
5.4 1.082603e+04 1.083522e+04 1.093240e+04 1.092321e+04
6.4 1.080369e+04 1.081231e+04 1.092926e+04 1.092064e+04
7.4 1.083077e+04 1.084117e+04 1.093095e+04 1.092054e+04
8.4 1.084204e+04 1.087338e+04 1.093389e+04 1.090254e+04
9.4 1.080014e+04 1.084829e+04 1.093106e+04 1.088291e+04
10.4 1.079630e+04 1.081171e+04 1.092968e+04 1.091427e+04
11.4 1.086387e+04 1.083400e+04 1.093274e+04 1.096261e+04
12.4 1.084749e+04 1.083998e+04 1.093331e+04 1.094083e+04
13.4 1.083313e+04 1.082774e+04 1.092988e+04 1.093527e+04
14.4 1.086737e+04 1.082449e+04 1.093071e+04 1.097359e+04
15.4 1.083881e+04 1.082278e+04 1.093456e+04 1.095059e+04
16.4 1.077371e+04 1.072807e+04 1.093789e+04 1.098352e+04
17.4 1.084540e+04 1.082514e+04 1.093972e+04 1.095999e+04
18.4 1.090393e+04 1.085301e+04 1.093730e+04 1.098822e+04
19.4 1.084683e+04 1.086716e+04 1.093156e+04 1.091123e+04
20.4 1.080789e+04 1.089126e+04 1.093105e+04 1.084767e+04
0.8 1.083536e+04 1.085589e+04 1.093319e+04 1.091267e+04
1.8 1.082603e+04 1.083522e+04 1.093240e+04 1.092321e+04
2.8 1.080369e+04 1.081231e+04 1.092926e+04 1.092064e+04
3.8 1.083077e+04 1.084117e+04 1.093095e+04 1.092054e+04
4.8 1.084204e+04 1.087338e+04 1.093389e+04 1.090254e+04
5.8 1.080014e+04 1.084829e+04 1.093106e+04 1.088291e+04
6.8 1.079630e+04 1.081171e+04 1.092968e+04 1.091427e+04
7.8 1.086387e+04 1.083400e+04 1.093274e+04 1.096261e+04
8.8 1.084749e+04 1.083998e+04 1.093331e+04 1.094083e+04
9.8 1.083313e+04 1.082774e+04 1.092988e+04 1.093527e+04
10.8 1.086737e+04 1.082449e+04 1.093071e+04 1.097359e+04
11.8 1.083881e+04 1.082278e+04 1.093456e+04 1.095059e+04
12.8 1.077371e+04 1.072807e+04 1.093789e+04 1.098352e+04
13.8 1.084540e+04 1.082514e+04 1.093972e+04 1.095999e+04
14.8 1.090393e+04 1.085301e+04 1.093730e+04 1.098822e+04
15.8 1.084683e+04 1.086716e+04 1.093156e+04 1.091123e+04
16.8 1.080789e+04 1.089126e+04 1.093105e+04 1.084767e+04
17.8 1.079845e+04 1.081552e+04 1.093419e+04 1.091712e+04
18.8 1.083141e+04 1.081994e+04 1.093725e+04 1.094871e+04
19.8 1.083380e+04 1.081289e+04 1.093913e+04 1.096004e+04
20.8 1.081907e+04 1.084177e+04 1.094008e+04 1.091738e+04
0.2 1.083077e+04 1.084117e+04 1.093095e+04 1.092054e+04
1.2 1.084204e+04 1.087338e+04 1.093389e+04 1.090254e+04
2.2 1.080014e+04 1.084829e+04 1.093106e+04 1.088291e+04
3.2 1.079630e+04 1.081171e+04 1.092968e+04 1.091427e+04
4.2 1.086387e+04 1.083400e+04 1.093274e+04 1.096261e+04
5.2 1.084749e+04 1.083998e+04 1.093331e+04 1.094083e+04
6.2 1.083313e+04 1.082774e+04 1.092988e+04 1.093527e+04
7.2 1.086737e+04 1.082449e+04 1.093071e+04 1.097359e+04
8.2 1.083881e+04 1.082278e+04 1.093456e+04 1.095059e+04
9.2 1.077371e+04 1.072807e+04 1.093789e+04 1.098352e+04
10.2 1.084540e+04 1.082514e+04 1.093972e+04 1.095999e+04
11.2 1.090393e+04 1.085301e+04 1.093730e+04 1.098822e+04
12.2 1.084683e+04 1.086716e+04 1.093156e+04 1.091123e+04
13.2 1.080789e+04 1.089126e+04 1.093105e+04 1.084767e+04
14.2 1.079845e+04 1.081552e+04 1.093419e+04 1.091712e+04
15.2 1.083141e+04 1.081994e+04 1.093725e+04 1.094871e+04
16.2 1.083380e+04 1.081289e+04 1.093913e+04 1.096004e+04
17.2 1.081907e+04 1.084177e+04 1.094008e+04 1.091738e+04
18.2 1.087503e+04 1.088944e+04 1.094045e+04 1.092605e+04
19.2 1.087450e+04 1.091225e+04 1.094046e+04 1.090271e+04
20.2 1.085113e+04 1.086560e+04 1.094028e+04 1.092582e+04
0.7 1.086387e+04 1.083400e+04 1.093274e+04 1.096261e+04
1.7 1.084749e+04 1.083998e+04 1.093331e+04 1.094083e+04
2.7 1.083313e+04 1.082774e+04 1.092988e+04 1.093527e+04
3.7 1.086737e+04 1.082449e+04 1.093071e+04 1.097359e+04
4.7 1.083881e+04 1.082278e+04 1.093456e+04 1.095059e+04
5.7 1.077371e+04 1.072807e+04 1.093789e+04 1.098352e+04
6.7 1.084540e+04 1.082514e+04 1.093972e+04 1.095999e+04
7.7 1.090393e+04 1.085301e+04 1.093730e+04 1.098822e+04
8.7 1.084683e+04 1.086716e+04 1.093156e+04 1.091123e+04
9.7 1.080789e+04 1.089126e+04 1.093105e+04 1.084767e+04
10.7 1.079845e+04 1.081552e+04 1.093419e+04 1.091712e+04
11.7 1.083141e+04 1.081994e+04 1.093725e+04 1.094871e+04
12.7 1.083380e+04 1.081289e+04 1.093913e+04 1.096004e+04
13.7 1.081907e+04 1.084177e+04 1.094008e+04 1.091738e+04
14.7 1.087503e+04 1.088944e+04 1.094045e+04 1.092605e+04
15.7 1.087450e+04 1.091225e+04 1.094046e+04 1.090271e+04
16.7 1.085113e+04 1.086560e+04 1.094028e+04 1.092582e+04
17.7 1.085074e+04 1.085306e+04 1.094005e+04 1.093773e+04
18.7 1.083104e+04 1.081578e+04 1.093984e+04 1.095511e+04
0.7 1.084540e+04 1.082514e+04 1.093972e+04 1.095999e+04
1.7 1.090393e+04 1.085301e+04 1.093730e+04 1.098822e+04
2.7 1.084683e+04 1.086716e+04 1.093156e+04 1.091123e+04
3.7 1.080789e+04 1.089126e+04 1.093105e+04 1.084767e+04
4.7 1.079845e+04 1.081552e+04 1.093419e+04 1.091712e+04
5.7 1.083141e+04 1.081994e+04 1.093725e+04 1.094871e+04
6.7 1.083380e+04 1.081289e+04 1.093913e+04 1.096004e+04
7.7 1.081907e+04 1.084177e+04 1.094008e+04 1.091738e+04
8.7 1.087503e+04 1.088944e+04 1.094045e+04 1.092605e+04
9.7 1.087450e+04 1.091225e+04 1.094046e+04 1.090271e+04
10.7 1.085113e+04 1.086560e+04 1.094028e+04 1.092582e+04
11.7 1.085074e+04 1.085306e+04 1.094005e+04 1.093773e+04
12.7 1.083104e+04 1.081578e+04 1.093984e+04 1.095511e+04
