0.2 1.103971e+04 1.104522e+04 1.094081e+04 1.093529e+04
1.2 1.091173e+04 1.096477e+04 1.094041e+04 1.088737e+04
2.2 1.090649e+04 1.089149e+04 1.093670e+04 1.095170e+04
3.2 1.097350e+04 1.093532e+04 1.093098e+04 1.096915e+04
4.2 1.096443e+04 1.094802e+04 1.093003e+04 1.094644e+04
5.2 1.093791e+04 1.092520e+04 1.093343e+04 1.094614e+04
6.2 1.086684e+04 1.093722e+04 1.093722e+04 1.086684e+04
7.2 1.098173e+04 1.097483e+04 1.093937e+04 1.094627e+04
8.2 1.095636e+04 1.094668e+04 1.093703e+04 1.094670e+04
9.2 1.094950e+04 1.093412e+04 1.093190e+04 1.094727e+04
10.2 1.095808e+04 1.096036e+04 1.093103e+04 1.092875e+04
11.2 1.098173e+04 1.098820e+04 1.093286e+04 1.092639e+04
12.2 1.096344e+04 1.098297e+04 1.093101e+04 1.091148e+04
13.2 1.102616e+04 1.100418e+04 1.092830e+04 1.095027e+04
14.2 1.100875e+04 1.101743e+04 1.093029e+04 1.092161e+04
15.2 1.096413e+04 1.097008e+04 1.093274e+04 1.092678e+04
16.2 1.096612e+04 1.094935e+04 1.093081e+04 1.094758e+04
17.2 1.100064e+04 1.093540e+04 1.092998e+04 1.099522e+04
18.2 1.101201e+04 1.096152e+04 1.093332e+04 1.098381e+04
19.2 1.102345e+04 1.100771e+04 1.093731e+04 1.095305e+04
20.2 1.108968e+04 1.107577e+04 1.093705e+04 1.095096e+04
21.2 1.099121e+04 1.106407e+04 1.093258e+04 1.085972e+04
0.2 1.086684e+04 1.093722e+04 1.093722e+04 1.086684e+04
1.2 1.098173e+04 1.097483e+04 1.093937e+04 1.094627e+04
2.2 1.095636e+04 1.094668e+04 1.093703e+04 1.094670e+04
3.2 1.094950e+04 1.093412e+04 1.093190e+04 1.094727e+04
4.2 1.095808e+04 1.096036e+04 1.093103e+04 1.092875e+04
5.2 1.098173e+04 1.098820e+04 1.093286e+04 1.092639e+04
6.2 1.096344e+04 1.098297e+04 1.093101e+04 1.091148e+04
7.2 1.102616e+04 1.100418e+04 1.092830e+04 1.095027e+04
8.2 1.100875e+04 1.101743e+04 1.093029e+04 1.092161e+04
9.2 1.096413e+04 1.097008e+04 1.093274e+04 1.092678e+04
10.2 1.096612e+04 1.094935e+04 1.093081e+04 1.094758e+04
11.2 1.100064e+04 1.093540e+04 1.092998e+04 1.099522e+04
12.2 1.101201e+04 1.096152e+04 1.093332e+04 1.098381e+04
13.2 1.102345e+04 1.100771e+04 1.093731e+04 1.095305e+04
14.2 1.108968e+04 1.107577e+04 1.093705e+04 1.095096e+04
15.2 1.099121e+04 1.106407e+04 1.093258e+04 1.085972e+04
16.2 1.096477e+04 1.098058e+04 1.093125e+04 1.091543e+04
17.2 1.107523e+04 1.097904e+04 1.093427e+04 1.103046e+04
18.2 1.105926e+04 1.098195e+04 1.093790e+04 1.101521e+04
19.2 1.104225e+04 1.102547e+04 1.094030e+04 1.095707e+04
20.2 1.109054e+04 1.103604e+04 1.094151e+04 1.099601e+04
21.2 1.107407e+04 1.109626e+04 1.094197e+04 1.091978e+04
0.6 1.095808e+04 1.096036e+04 1.093103e+04 1.092875e+04
1.6 1.098173e+04 1.098820e+04 1.093286e+04 1.092639e+04
2.6 1.096344e+04 1.098297e+04 1.093101e+04 1.091148e+04
3.6 1.102616e+04 1.100418e+04 1.092830e+04 1.095027e+04
4.6 1.100875e+04 1.101743e+04 1.093029e+04 1.092161e+04
5.6 1.096413e+04 1.097008e+04 1.093274e+04 1.092678e+04
6.6 1.096612e+04 1.094935e+04 1.093081e+04 1.094758e+04
7.6 1.100064e+04 1.093540e+04 1.092998e+04 1.099522e+04
8.6 1.101201e+04 1.096152e+04 1.093332e+04 1.098381e+04
9.6 1.102345e+04 1.100771e+04 1.093731e+04 1.095305e+04
10.6 1.108968e+04 1.107577e+04 1.093705e+04 1.095096e+04
11.6 1.099121e+04 1.106407e+04 1.093258e+04 1.085972e+04
12.6 1.096477e+04 1.098058e+04 1.093125e+04 1.091543e+04
13.6 1.107523e+04 1.097904e+04 1.093427e+04 1.103046e+04
14.6 1.105926e+04 1.098195e+04 1.093790e+04 1.101521e+04
15.6 1.104225e+04 1.102547e+04 1.094030e+04 1.095707e+04
16.6 1.109054e+04 1.103604e+04 1.094151e+04 1.099601e+04
17.6 1.107407e+04 1.109626e+04 1.094197e+04 1.091978e+04
18.6 1.098062e+04 1.105694e+04 1.094199e+04 1.086567e+04
19.6 1.088689e+04 1.105185e+04 1.094178e+04 1.077682e+04
20.6 1.084215e+04 1.095279e+04 1.094101e+04 1.083036e+04
21.6 1.092839e+04 1.091620e+04 1.093680e+04 1.094899e+04
0.9 1.100875e+04 1.101743e+04 1.093029e+04 1.092161e+04
1.9 1.096413e+04 1.097008e+04 1.093274e+04 1.092678e+04
2.9 1.096612e+04 1.094935e+04 1.093081e+04 1.094758e+04
3.9 1.100064e+04 1.093540e+04 1.092998e+04 1.099522e+04
4.9 1.101201e+04 1.096152e+04 1.093332e+04 1.098381e+04
5.9 1.102345e+04 1.100771e+04 1.093731e+04 1.095305e+04
6.9 1.108968e+04 1.107577e+04 1.093705e+04 1.095096e+04
7.9 1.099121e+04 1.106407e+04 1.093258e+04 1.085972e+04
8.9 1.096477e+04 1.098058e+04 1.093125e+04 1.091543e+04
9.9 1.107523e+04 1.097904e+04 1.093427e+04 1.103046e+04
10.9 1.105926e+04 1.098195e+04 1.093790e+04 1.101521e+04
11.9 1.104225e+04 1.102547e+04 1.094030e+04 1.095707e+04
12.9 1.109054e+04 1.103604e+04 1.094151e+04 1.099601e+04
13.9 1.107407e+04 1.109626e+04 1.094197e+04 1.091978e+04
14.9 1.098062e+04 1.105694e+04 1.094199e+04 1.086567e+04
15.9 1.088689e+04 1.105185e+04 1.094178e+04 1.077682e+04
16.9 1.084215e+04 1.095279e+04 1.094101e+04 1.083036e+04
17.9 1.092839e+04 1.091620e+04 1.093680e+04 1.094899e+04
18.9 1.089942e+04 1.089410e+04 1.093100e+04 1.093632e+04
19.9 1.089041e+04 1.086645e+04 1.093028e+04 1.095424e+04
20.9 1.085415e+04 1.088516e+04 1.093373e+04 1.090272e+04
21.9 1.088748e+04 1.092222e+04 1.093743e+04 1.090270e+04
0.1 1.101201e+04 1.096152e+04 1.093332e+04 1.098381e+04
1.1 1.102345e+04 1.100771e+04 1.093731e+04 1.095305e+04
2.1 1.108968e+04 1.107577e+04 1.093705e+04 1.095096e+04
3.1 1.099121e+04 1.106407e+04 1.093258e+04 1.085972e+04
4.1 1.096477e+04 1.098058e+04 1.093125e+04 1.091543e+04
5.1 1.107523e+04 1.097904e+04 1.093427e+04 1.103046e+04
6.1 1.105926e+04 1.098195e+04 1.093790e+04 1.101521e+04
7.1 1.104225e+04 1.102547e+04 1.094030e+04 1.095707e+04
8.1 1.109054e+04 1.103604e+04 1.094151e+04 1.099601e+04
9.1 1.107407e+04 1.109626e+04 1.094197e+04 1.091978e+04
10.1 1.098062e+04 1.105694e+04 1.094199e+04 1.086567e+04
11.1 1.088689e+04 1.105185e+04 1.094178e+04 1.077682e+04
12.1 1.084215e+04 1.095279e+04 1.094101e+04 1.083036e+04
13.1 1.092839e+04 1.091620e+04 1.093680e+04 1.094899e+04
14.1 1.089942e+04 1.089410e+04 1.093100e+04 1.093632e+04
15.1 1.089041e+04 1.086645e+04 1.093028e+04 1.095424e+04
16.1 1.085415e+04 1.088516e+04 1.093373e+04 1.090272e+04
17.1 1.088748e+04 1.092222e+04 1.093743e+04 1.090270e+04
18.1 1.095708e+04 1.096808e+04 1.093988e+04 1.092888e+04
19.1 1.100152e+04 1.099505e+04 1.094119e+04 1.094766e+04
20.1 1.100306e+04 1.101864e+04 1.094167e+04 1.092609e+04
21.1 1.106658e+04 1.102475e+04 1.093949e+04 1.098132e+04
0.3 1.088689e+04 1.105185e+04 1.094178e+04 1.077682e+04
1.3 1.084215e+04 1.095279e+04 1.094101e+04 1.083036e+04
2.3 1.092839e+04 1.091620e+04 1.093680e+04 1.094899e+04
3.3 1.089942e+04 1.089410e+04 1.093100e+04 1.093632e+04
4.3 1.089041e+04 1.086645e+04 1.093028e+04 1.095424e+04
5.3 1.085415e+04 1.088516e+04 1.093373e+04 1.090272e+04
6.3 1.088748e+04 1.092222e+04 1.093743e+04 1.090270e+04
7.3 1.095708e+04 1.096808e+04 1.093988e+04 1.092888e+04
8.3 1.100152e+04 1.099505e+04 1.094119e+04 1.094766e+04
9.3 1.100306e+04 1.101864e+04 1.094167e+04 1.092609e+04
10.3 1.106658e+04 1.102475e+04 1.093949e+04 1.098132e+04
11.3 1.107709e+04 1.101930e+04 1.093353e+04 1.099132e+04
12.3 1.096535e+04 1.097040e+04 1.093027e+04 1.092521e+04
13.3 1.088105e+04 1.089242e+04 1.093194e+04 1.092058e+04
14.3 1.081390e+04 1.089518e+04 1.093180e+04 1.085052e+04
15.3 1.092195e+04 1.089255e+04 1.092910e+04 1.095851e+04
16.3 1.098120e+04 1.092081e+04 1.093017e+04 1.099055e+04
17.3 1.098866e+04 1.096108e+04 1.093448e+04 1.096206e+04
18.3 1.106429e+04 1.100906e+04 1.093844e+04 1.099367e+04
19.3 1.103617e+04 1.102808e+04 1.094081e+04 1.094890e+04
20.3 1.112807e+04 1.104567e+04 1.094190e+04 1.102429e+04
21.3 1.111785e+04 1.104412e+04 1.094213e+04 1.101586e+04
0.9 1.100306e+04 1.101864e+04 1.094167e+04 1.092609e+04
1.9 1.106658e+04 1.102475e+04 1.093949e+04 1.098132e+04
2.9 1.107709e+04 1.101930e+04 1.093353e+04 1.099132e+04
3.9 1.096535e+04 1.097040e+04 1.093027e+04 1.092521e+04
4.9 1.088105e+04 1.089242e+04 1.093194e+04 1.092058e+04
5.9 1.081390e+04 1.089518e+04 1.093180e+04 1.085052e+04
6.9 1.092195e+04 1.089255e+04 1.092910e+04 1.095851e+04
7.9 1.098120e+04 1.092081e+04 1.093017e+04 1.099055e+04
8.9 1.098866e+04 1.096108e+04 1.093448e+04 1.096206e+04
9.9 1.106429e+04 1.100906e+04 1.093844e+04 1.099367e+04
10.9 1.103617e+04 1.102808e+04 1.094081e+04 1.094890e+04
11.9 1.112807e+04 1.104567e+04 1.094190e+04 1.102429e+04
12.9 1.111785e+04 1.104412e+04 1.094213e+04 1.101586e+04
13.9 1.096578e+04 1.101025e+04 1.093976e+04 1.089529e+04
14.9 1.089553e+04 1.096270e+04 1.093368e+04 1.086651e+04
15.9 1.083302e+04 1.090380e+04 1.093034e+04 1.085956e+04
16.9 1.087617e+04 1.089344e+04 1.093193e+04 1.091465e+04
17.9 1.091757e+04 1.088427e+04 1.093165e+04 1.096494e+04
18.9 1.090646e+04 1.087206e+04 1.092892e+04 1.096332e+04
19.9 1.082321e+04 1.085444e+04 1.093004e+04 1.089881e+04
20.9 1.084869e+04 1.088101e+04 1.093442e+04 1.090210e+04
21.9 1.086931e+04 1.091783e+04 1.093842e+04 1.088990e+04
0.3 1.096535e+04 1.097040e+04 1.093027e+04 1.092521e+04
1.3 1.088105e+04 1.089242e+04 1.093194e+04 1.092058e+04
2.3 1.081390e+04 1.089518e+04 1.093180e+04 1.085052e+04
3.3 1.092195e+04 1.089255e+04 1.092910e+04 1.095851e+04
4.3 1.098120e+04 1.092081e+04 1.093017e+04 1.099055e+04
5.3 1.098866e+04 1.096108e+04 1.093448e+04 1.096206e+04
6.3 1.106429e+04 1.100906e+04 1.093844e+04 1.099367e+04
7.3 1.103617e+04 1.102808e+04 1.094081e+04 1.094890e+04
8.3 1.112807e+04 1.104567e+04 1.094190e+04 1.102429e+04
9.3 1.111785e+04 1.104412e+04 1.094213e+04 1.101586e+04
10.3 1.096578e+04 1.101025e+04 1.093976e+04 1.089529e+04
11.3 1.089553e+04 1.096270e+04 1.093368e+04 1.086651e+04
12.3 1.083302e+04 1.090380e+04 1.093034e+04 1.085956e+04
13.3 1.087617e+04 1.089344e+04 1.093193e+04 1.091465e+04
14.3 1.091757e+04 1.088427e+04 1.093165e+04 1.096494e+04
15.3 1.090646e+04 1.087206e+04 1.092892e+04 1.096332e+04
16.3 1.082321e+04 1.085444e+04 1.093004e+04 1.089881e+04
17.3 1.084869e+04 1.088101e+04 1.093442e+04 1.090210e+04
18.3 1.086931e+04 1.091783e+04 1.093842e+04 1.088990e+04
19.3 1.090460e+04 1.094362e+04 1.094028e+04 1.090126e+04
20.3 1.089466e+04 1.093331e+04 1.093729e+04 1.089864e+04
21.3 1.096842e+04 1.092658e+04 1.093207e+04 1.097391e+04
0.9 1.111785e+04 1.104412e+04 1.094213e+04 1.101586e+04
1.9 1.096578e+04 1.101025e+04 1.093976e+04 1.089529e+04
2.9 1.089553e+04 1.096270e+04 1.093368e+04 1.086651e+04
3.9 1.083302e+04 1.090380e+04 1.093034e+04 1.085956e+04
4.9 1.087617e+04 1.089344e+04 1.093193e+04 1.091465e+04
5.9 1.091757e+04 1.088427e+04 1.093165e+04 1.096494e+04
6.9 1.090646e+04 1.087206e+04 1.092892e+04 1.096332e+04
7.9 1.082321e+04 1.085444e+04 1.093004e+04 1.089881e+04
8.9 1.084869e+04 1.088101e+04 1.093442e+04 1.090210e+04
9.9 1.086931e+04 1.091783e+04 1.093842e+04 1.088990e+04
10.9 1.090460e+04 1.094362e+04 1.094028e+04 1.090126e+04
11.9 1.089466e+04 1.093331e+04 1.093729e+04 1.089864e+04
12.9 1.096842e+04 1.092658e+04 1.093207e+04 1.097391e+04
13.9 1.100880e+04 1.095786e+04 1.093152e+04 1.098246e+04
14.9 1.102095e+04 1.097376e+04 1.093479e+04 1.098198e+04
15.9 1.106569e+04 1.103372e+04 1.093818e+04 1.097015e+04
16.9 1.097038e+04 1.104058e+04 1.094034e+04 1.087014e+04
17.9 1.098918e+04 1.103636e+04 1.094145e+04 1.089426e+04
18.9 1.098400e+04 1.102722e+04 1.094187e+04 1.089864e+04
19.9 1.101954e+04 1.105871e+04 1.094188e+04 1.090271e+04
20.9 1.100823e+04 1.103296e+04 1.094168e+04 1.091695e+04
21.9 1.106549e+04 1.106947e+04 1.094142e+04 1.093743e+04
0.3 1.083302e+04 1.090380e+04 1.093034e+04 1.085956e+04
1.3 1.087617e+04 1.089344e+04 1.093193e+04 1.091465e+04
2.3 1.091757e+04 1.088427e+04 1.093165e+04 1.096494e+04
3.3 1.090646e+04 1.087206e+04 1.092892e+04 1.096332e+04
4.3 1.082321e+04 1.085444e+04 1.093004e+04 1.089881e+04
5.3 1.084869e+04 1.088101e+04 1.093442e+04 1.090210e+04
6.3 1.086931e+04 1.091783e+04 1.093842e+04 1.088990e+04
7.3 1.090460e+04 1.094362e+04 1.094028e+04 1.090126e+04
8.3 1.089466e+04 1.093331e+04 1.093729e+04 1.089864e+04
9.3 1.096842e+04 1.092658e+04 1.093207e+04 1.097391e+04
10.3 1.100880e+04 1.095786e+04 1.093152e+04 1.098246e+04
11.3 1.102095e+04 1.097376e+04 1.093479e+04 1.098198e+04
12.3 1.106569e+04 1.103372e+04 1.093818e+04 1.097015e+04
13.3 1.097038e+04 1.104058e+04 1.094034e+04 1.087014e+04
14.3 1.098918e+04 1.103636e+04 1.094145e+04 1.089426e+04
15.3 1.098400e+04 1.102722e+04 1.094187e+04 1.089864e+04
16.3 1.101954e+04 1.105871e+04 1.094188e+04 1.090271e+04
17.3 1.100823e+04 1.103296e+04 1.094168e+04 1.091695e+04
18.3 1.106549e+04 1.106947e+04 1.094142e+04 1.093743e+04
19.3 1.103585e+04 1.103628e+04 1.094119e+04 1.094076e+04
20.3 1.103696e+04 1.104129e+04 1.094102e+04 1.093669e+04
21.3 1.091568e+04 1.095400e+04 1.094084e+04 1.090251e+04
0.3 1.086931e+04 1.091783e+04 1.093842e+04 1.088990e+04
1.3 1.090460e+04 1.094362e+04 1.094028e+04 1.090126e+04
2.3 1.089466e+04 1.093331e+04 1.093729e+04 1.089864e+04
3.3 1.096842e+04 1.092658e+04 1.093207e+04 1.097391e+04
4.3 1.100880e+04 1.095786e+04 1.093152e+04 1.098246e+04
5.3 1.102095e+04 1.097376e+04 1.093479e+04 1.098198e+04
6.3 1.106569e+04 1.103372e+04 1.093818e+04 1.097015e+04
7.3 1.097038e+04 1.104058e+04 1.094034e+04 1.087014e+04
8.3 1.098918e+04 1.103636e+04 1.094145e+04 1.089426e+04
9.3 1.098400e+04 1.102722e+04 1.094187e+04 1.089864e+04
10.3 1.101954e+04 1.105871e+04 1.094188e+04 1.090271e+04
11.3 1.100823e+04 1.103296e+04 1.094168e+04 1.091695e+04
12.3 1.106549e+04 1.106947e+04 1.094142e+04 1.093743e+04
13.3 1.103585e+04 1.103628e+04 1.094119e+04 1.094076e+04
14.3 1.103696e+04 1.104129e+04 1.094102e+04 1.093669e+04
15.3 1.091568e+04 1.095400e+04 1.094084e+04 1.090251e+04
16.3 1.098529e+04 1.094889e+04 1.093853e+04 1.097494e+04
17.3 1.104667e+04 1.098612e+04 1.093270e+04 1.099325e+04
18.3 1.096873e+04 1.090295e+04 1.092967e+04 1.099545e+04
19.3 1.091546e+04 1.088539e+04 1.093206e+04 1.096212e+04
20.3 1.088929e+04 1.086005e+04 1.093579e+04 1.096502e+04
21.3 1.087489e+04 1.082515e+04 1.093558e+04 1.098532e+04
0.9 1.091568e+04 1.095400e+04 1.094084e+04 1.090251e+04
1.9 1.098529e+04 1.094889e+04 1.093853e+04 1.097494e+04
2.9 1.104667e+04 1.098612e+04 1.093270e+04 1.099325e+04
3.9 1.096873e+04 1.090295e+04 1.092967e+04 1.099545e+04
4.9 1.091546e+04 1.088539e+04 1.093206e+04 1.096212e+04
5.9 1.088929e+04 1.086005e+04 1.093579e+04 1.096502e+04
6.9 1.087489e+04 1.082515e+04 1.093558e+04 1.098532e+04
7.9 1.086126e+04 1.084528e+04 1.093139e+04 1.094736e+04
8.9 1.089593e+04 1.085202e+04 1.093044e+04 1.097435e+04
9.9 1.092847e+04 1.085375e+04 1.093380e+04 1.100852e+04
10.9 1.100211e+04 1.091214e+04 1.093766e+04 1.102763e+04
11.9 1.098210e+04 1.093610e+04 1.094019e+04 1.098619e+04
12.9 1.105308e+04 1.095349e+04 1.094148e+04 1.104106e+04
13.9 1.104781e+04 1.100454e+04 1.094197e+04 1.098524e+04
14.9 1.094252e+04 1.095681e+04 1.094200e+04 1.092771e+04
15.9 1.081986e+04 1.090452e+04 1.094179e+04 1.085713e+04
16.9 1.080601e+04 1.087682e+04 1.094150e+04 1.087069e+04
17.9 1.077586e+04 1.086550e+04 1.094125e+04 1.085161e+04
18.9 1.089638e+04 1.090822e+04 1.094106e+04 1.092923e+04
19.9 1.091319e+04 1.094456e+04 1.094092e+04 1.090956e+04
20.9 1.091612e+04 1.093748e+04 1.093934e+04 1.091799e+04
21.9 1.088486e+04 1.098610e+04 1.093383e+04 1.083259e+04
0.1 1.091546e+04 1.088539e+04 1.093206e+04 1.096212e+04
1.1 1.088929e+04 1.086005e+04 1.093579e+04 1.096502e+04
2.1 1.087489e+04 1.082515e+04 1.093558e+04 1.098532e+04
3.1 1.086126e+04 1.084528e+04 1.093139e+04 1.094736e+04
4.1 1.089593e+04 1.085202e+04 1.093044e+04 1.097435e+04
5.1 1.092847e+04 1.085375e+04 1.093380e+04 1.100852e+04
6.1 1.100211e+04 1.091214e+04 1.093766e+04 1.102763e+04
7.1 1.098210e+04 1.093610e+04 1.094019e+04 1.098619e+04
8.1 1.105308e+04 1.095349e+04 1.094148e+04 1.104106e+04
9.1 1.104781e+04 1.100454e+04 1.094197e+04 1.098524e+04
10.1 1.094252e+04 1.095681e+04 1.094200e+04 1.092771e+04
11.1 1.081986e+04 1.090452e+04 1.094179e+04 1.085713e+04
12.1 1.080601e+04 1.087682e+04 1.094150e+04 1.087069e+04
13.1 1.077586e+04 1.086550e+04 1.094125e+04 1.085161e+04
14.1 1.089638e+04 1.090822e+04 1.094106e+04 1.092923e+04
15.1 1.091319e+04 1.094456e+04 1.094092e+04 1.090956e+04
16.1 1.091612e+04 1.093748e+04 1.093934e+04 1.091799e+04
17.1 1.088486e+04 1.098610e+04 1.093383e+04 1.083259e+04
18.1 1.090895e+04 1.102382e+04 1.092901e+04 1.081414e+04
19.1 1.082437e+04 1.093720e+04 1.093012e+04 1.081728e+04
20.1 1.087276e+04 1.088955e+04 1.093433e+04 1.091754e+04
21.1 1.094183e+04 1.090264e+04 1.093804e+04 1.097723e+04
0.7 1.091319e+04 1.094456e+04 1.094092e+04 1.090956e+04
1.7 1.091612e+04 1.093748e+04 1.093934e+04 1.091799e+04
2.7 1.088486e+04 1.098610e+04 1.093383e+04 1.083259e+04
3.7 1.090895e+04 1.102382e+04 1.092901e+04 1.081414e+04
4.7 1.082437e+04 1.093720e+04 1.093012e+04 1.081728e+04
5.7 1.087276e+04 1.088955e+04 1.093433e+04 1.091754e+04
6.7 1.094183e+04 1.090264e+04 1.093804e+04 1.097723e+04
7.7 1.100656e+04 1.097066e+04 1.094032e+04 1.097622e+04
8.7 1.098147e+04 1.098176e+04 1.094147e+04 1.094119e+04
9.7 1.104435e+04 1.103420e+04 1.094190e+04 1.095205e+04
10.7 1.103256e+04 1.102630e+04 1.094188e+04 1.094814e+04
11.7 1.105595e+04 1.104769e+04 1.094166e+04 1.094991e+04
12.7 1.111559e+04 1.105934e+04 1.094139e+04 1.099764e+04
13.7 1.101709e+04 1.104988e+04 1.094024e+04 1.090746e+04
14.7 1.090187e+04 1.094882e+04 1.093533e+04 1.088838e+04
15.7 1.089650e+04 1.089148e+04 1.093023e+04 1.093525e+04
16.7 1.095108e+04 1.089347e+04 1.093071e+04 1.098832e+04
17.7 1.096224e+04 1.092498e+04 1.093450e+04 1.097177e+04
18.7 1.104375e+04 1.098259e+04 1.093802e+04 1.099917e+04
19.7 1.104823e+04 1.102574e+04 1.094022e+04 1.096271e+04
20.7 1.109846e+04 1.103567e+04 1.094135e+04 1.100414e+04
21.7 1.102008e+04 1.104669e+04 1.094179e+04 1.091518e+04
0.5 1.111559e+04 1.105934e+04 1.094139e+04 1.099764e+04
1.5 1.101709e+04 1.104988e+04 1.094024e+04 1.090746e+04
2.5 1.090187e+04 1.094882e+04 1.093533e+04 1.088838e+04
3.5 1.089650e+04 1.089148e+04 1.093023e+04 1.093525e+04
4.5 1.095108e+04 1.089347e+04 1.093071e+04 1.098832e+04
5.5 1.096224e+04 1.092498e+04 1.093450e+04 1.097177e+04
6.5 1.104375e+04 1.098259e+04 1.093802e+04 1.099917e+04
7.5 1.104823e+04 1.102574e+04 1.094022e+04 1.096271e+04
8.5 1.109846e+04 1.103567e+04 1.094135e+04 1.100414e+04
9.5 1.102008e+04 1.104669e+04 1.094179e+04 1.091518e+04
10.5 1.098375e+04 1.103813e+04 1.094181e+04 1.088742e+04
11.5 1.090359e+04 1.103386e+04 1.094161e+04 1.081134e+04
12.5 1.095093e+04 1.104294e+04 1.094136e+04 1.084935e+04
13.5 1.104257e+04 1.105035e+04 1.094115e+04 1.093337e+04
14.5 1.107600e+04 1.111373e+04 1.094100e+04 1.090328e+04
15.5 1.110065e+04 1.108361e+04 1.094091e+04 1.095794e+04
16.5 1.107764e+04 1.105622e+04 1.094085e+04 1.096227e+04
17.5 1.111288e+04 1.109004e+04 1.094083e+04 1.096366e+04
18.5 1.117253e+04 1.112782e+04 1.094082e+04 1.098552e+04
19.5 1.116428e+04 1.112083e+04 1.094081e+04 1.098426e+04
20.5 1.109812e+04 1.107968e+04 1.094081e+04 1.095925e+04
21.5 1.097606e+04 1.101614e+04 1.094081e+04 1.090073e+04
1.0 1.102213e+04 1.096408e+04 1.094068e+04 1.099873e+04
2.0 1.102411e+04 1.095542e+04 1.093807e+04 1.100676e+04
3.0 1.092447e+04 1.090399e+04 1.093216e+04 1.095263e+04
4.0 1.077576e+04 1.084776e+04 1.092953e+04 1.085753e+04
5.0 1.073544e+04 1.081666e+04 1.093219e+04 1.085097e+04
6.0 1.079114e+04 1.084915e+04 1.093621e+04 1.087821e+04
7.0 1.086344e+04 1.085732e+04 1.093918e+04 1.094529e+04
8.0 1.088906e+04 1.091818e+04 1.094085e+04 1.091174e+04
9.0 1.088408e+04 1.089695e+04 1.094164e+04 1.092877e+04
10.0 1.086635e+04 1.089359e+04 1.094185e+04 1.091461e+04
11.0 1.096961e+04 1.095787e+04 1.094174e+04 1.095348e+04
12.0 1.099344e+04 1.093684e+04 1.094151e+04 1.099811e+04
13.0 1.099458e+04 1.094783e+04 1.094126e+04 1.098802e+04
14.0 1.096543e+04 1.099036e+04 1.094107e+04 1.091614e+04
15.0 1.084896e+04 1.098079e+04 1.094095e+04 1.080912e+04
16.0 1.083163e+04 1.098782e+04 1.094088e+04 1.078470e+04
17.0 1.089067e+04 1.102708e+04 1.094084e+04 1.080443e+04
18.0 1.093505e+04 1.099194e+04 1.094082e+04 1.088392e+04
19.0 1.087866e+04 1.097601e+04 1.094081e+04 1.084347e+04
20.0 1.097078e+04 1.099278e+04 1.094081e+04 1.091880e+04
21.0 1.089609e+04 1.094746e+04 1.094081e+04 1.088944e+04
22.0 1.090780e+04 1.097270e+04 1.094081e+04 1.087590e+04
0.5 1.103085e+04 1.104344e+04 1.094080e+04 1.092822e+04
1.5 1.099628e+04 1.104798e+04 1.093989e+04 1.088819e+04
2.5 1.091730e+04 1.096805e+04 1.093513e+04 1.088438e+04
3.5 1.078371e+04 1.089374e+04 1.093013e+04 1.082010e+04
4.5 1.075008e+04 1.085072e+04 1.093066e+04 1.083002e+04
5.5 1.079628e+04 1.080662e+04 1.093448e+04 1.092414e+04
6.5 1.070446e+04 1.080659e+04 1.093800e+04 1.083587e+04
7.5 1.078079e+04 1.081823e+04 1.093922e+04 1.090178e+04
8.5 1.083970e+04 1.086632e+04 1.093549e+04 1.090886e+04
9.5 1.080822e+04 1.083952e+04 1.093093e+04 1.089963e+04
10.5 1.074144e+04 1.080177e+04 1.093146e+04 1.087112e+04
11.5 1.084434e+04 1.080771e+04 1.093277e+04 1.096940e+04
12.5 1.086937e+04 1.080672e+04 1.093027e+04 1.099292e+04
13.5 1.084730e+04 1.084078e+04 1.092943e+04 1.093595e+04
14.5 1.087166e+04 1.080924e+04 1.093291e+04 1.099533e+04
15.5 1.083734e+04 1.080038e+04 1.093695e+04 1.097391e+04
16.5 1.085596e+04 1.083010e+04 1.093654e+04 1.096240e+04
17.5 1.082978e+04 1.083523e+04 1.093218e+04 1.092673e+04
18.5 1.086465e+04 1.086517e+04 1.093125e+04 1.093073e+04
19.5 1.086285e+04 1.085815e+04 1.093446e+04 1.093916e+04
20.5 1.089716e+04 1.090690e+04 1.093807e+04 1.092832e+04
21.5 1.091110e+04 1.091188e+04 1.094040e+04 1.093962e+04
0.5 1.070446e+04 1.080659e+04 1.093800e+04 1.083587e+04
1.5 1.078079e+04 1.081823e+04 1.093922e+04 1.090178e+04
2.5 1.083970e+04 1.086632e+04 1.093549e+04 1.090886e+04
3.5 1.080822e+04 1.083952e+04 1.093093e+04 1.089963e+04
4.5 1.074144e+04 1.080177e+04 1.093146e+04 1.087112e+04
5.5 1.084434e+04 1.080771e+04 1.093277e+04 1.096940e+04
6.5 1.086937e+04 1.080672e+04 1.093027e+04 1.099292e+04
7.5 1.084730e+04 1.084078e+04 1.092943e+04 1.093595e+04
8.5 1.087166e+04 1.080924e+04 1.093291e+04 1.099533e+04
9.5 1.083734e+04 1.080038e+04 1.093695e+04 1.097391e+04
10.5 1.085596e+04 1.083010e+04 1.093654e+04 1.096240e+04
11.5 1.082978e+04 1.083523e+04 1.093218e+04 1.092673e+04
12.5 1.086465e+04 1.086517e+04 1.093125e+04 1.093073e+04
13.5 1.086285e+04 1.085815e+04 1.093446e+04 1.093916e+04
14.5 1.089716e+04 1.090690e+04 1.093807e+04 1.092832e+04
15.5 1.091110e+04 1.091188e+04 1.094040e+04 1.093962e+04
16.5 1.091422e+04 1.090379e+04 1.094145e+04 1.095188e+04
17.5 1.097248e+04 1.097117e+04 1.093939e+04 1.094070e+04
18.5 1.099184e+04 1.098885e+04 1.093354e+04 1.093653e+04
19.5 1.096769e+04 1.096726e+04 1.093064e+04 1.093107e+04
20.5 1.098091e+04 1.095672e+04 1.093230e+04 1.095649e+04
21.5 1.094277e+04 1.092344e+04 1.093170e+04 1.095104e+04
0.9 1.074144e+04 1.080177e+04 1.093146e+04 1.087112e+04
1.9 1.084434e+04 1.080771e+04 1.093277e+04 1.096940e+04
2.9 1.086937e+04 1.080672e+04 1.093027e+04 1.099292e+04
3.9 1.084730e+04 1.084078e+04 1.092943e+04 1.093595e+04
4.9 1.087166e+04 1.080924e+04 1.093291e+04 1.099533e+04
5.9 1.083734e+04 1.080038e+04 1.093695e+04 1.097391e+04
6.9 1.085596e+04 1.083010e+04 1.093654e+04 1.096240e+04
7.9 1.082978e+04 1.083523e+04 1.093218e+04 1.092673e+04
8.9 1.086465e+04 1.086517e+04 1.093125e+04 1.093073e+04
9.9 1.086285e+04 1.085815e+04 1.093446e+04 1.093916e+04
10.9 1.089716e+04 1.090690e+04 1.093807e+04 1.092832e+04
11.9 1.091110e+04 1.091188e+04 1.094040e+04 1.093962e+04
12.9 1.091422e+04 1.090379e+04 1.094145e+04 1.095188e+04
13.9 1.097248e+04 1.097117e+04 1.093939e+04 1.094070e+04
14.9 1.099184e+04 1.098885e+04 1.093354e+04 1.093653e+04
15.9 1.096769e+04 1.096726e+04 1.093064e+04 1.093107e+04
16.9 1.098091e+04 1.095672e+04 1.093230e+04 1.095649e+04
17.9 1.094277e+04 1.092344e+04 1.093170e+04 1.095104e+04
18.9 1.096074e+04 1.094739e+04 1.092906e+04 1.094241e+04
19.9 1.094924e+04 1.094331e+04 1.093047e+04 1.093640e+04
20.9 1.090647e+04 1.090324e+04 1.093304e+04 1.093627e+04
21.9 1.096305e+04 1.094289e+04 1.093127e+04 1.095144e+04
0.1 1.087166e+04 1.080924e+04 1.093291e+04 1.099533e+04
1.1 1.083734e+04 1.080038e+04 1.093695e+04 1.097391e+04
2.1 1.085596e+04 1.083010e+04 1.093654e+04 1.096240e+04
3.1 1.082978e+04 1.083523e+04 1.093218e+04 1.092673e+04
4.1 1.086465e+04 1.086517e+04 1.093125e+04 1.093073e+04
5.1 1.086285e+04 1.085815e+04 1.093446e+04 1.093916e+04
6.1 1.089716e+04 1.090690e+04 1.093807e+04 1.092832e+04
7.1 1.091110e+04 1.091188e+04 1.094040e+04 1.093962e+04
8.1 1.091422e+04 1.090379e+04 1.094145e+04 1.095188e+04
9.1 1.097248e+04 1.097117e+04 1.093939e+04 1.094070e+04
10.1 1.099184e+04 1.098885e+04 1.093354e+04 1.093653e+04
11.1 1.096769e+04 1.096726e+04 1.093064e+04 1.093107e+04
12.1 1.098091e+04 1.095672e+04 1.093230e+04 1.095649e+04
13.1 1.094277e+04 1.092344e+04 1.093170e+04 1.095104e+04
14.1 1.096074e+04 1.094739e+04 1.092906e+04 1.094241e+04
15.1 1.094924e+04 1.094331e+04 1.093047e+04 1.093640e+04
16.1 1.090647e+04 1.090324e+04 1.093304e+04 1.093627e+04
17.1 1.096305e+04 1.094289e+04 1.093127e+04 1.095144e+04
18.1 1.098628e+04 1.093359e+04 1.092985e+04 1.098253e+04
19.1 1.098826e+04 1.094750e+04 1.093241e+04 1.097317e+04
20.1 1.092989e+04 1.093647e+04 1.093307e+04 1.092649e+04
21.1 1.092000e+04 1.094095e+04 1.093034e+04 1.090938e+04
0.9 1.091422e+04 1.090379e+04 1.094145e+04 1.095188e+04
1.9 1.097248e+04 1.097117e+04 1.093939e+04 1.094070e+04
2.9 1.099184e+04 1.098885e+04 1.093354e+04 1.093653e+04
3.9 1.096769e+04 1.096726e+04 1.093064e+04 1.093107e+04
4.9 1.098091e+04 1.095672e+04 1.093230e+04 1.095649e+04
5.9 1.094277e+04 1.092344e+04 1.093170e+04 1.095104e+04
6.9 1.096074e+04 1.094739e+04 1.092906e+04 1.094241e+04
7.9 1.094924e+04 1.094331e+04 1.093047e+04 1.093640e+04
8.9 1.090647e+04 1.090324e+04 1.093304e+04 1.093627e+04
9.9 1.096305e+04 1.094289e+04 1.093127e+04 1.095144e+04
10.9 1.098628e+04 1.093359e+04 1.092985e+04 1.098253e+04
11.9 1.098826e+04 1.094750e+04 1.093241e+04 1.097317e+04
12.9 1.092989e+04 1.093647e+04 1.093307e+04 1.092649e+04
13.9 1.092000e+04 1.094095e+04 1.093034e+04 1.090938e+04
14.9 1.091957e+04 1.091642e+04 1.093077e+04 1.093392e+04
15.9 1.091845e+04 1.090737e+04 1.093469e+04 1.094578e+04
16.9 1.093263e+04 1.094858e+04 1.093783e+04 1.092189e+04
17.9 1.091968e+04 1.093584e+04 1.093575e+04 1.091958e+04
18.9 1.092740e+04 1.091353e+04 1.093152e+04 1.094539e+04
19.9 1.087509e+04 1.090849e+04 1.093188e+04 1.089848e+04
20.9 1.090955e+04 1.090226e+04 1.093547e+04 1.094277e+04
21.9 1.088288e+04 1.087513e+04 1.093880e+04 1.094654e+04
0.4 1.096769e+04 1.096726e+04 1.093064e+04 1.093107e+04
1.4 1.098091e+04 1.095672e+04 1.093230e+04 1.095649e+04
2.4 1.094277e+04 1.092344e+04 1.093170e+04 1.095104e+04
3.4 1.096074e+04 1.094739e+04 1.092906e+04 1.094241e+04
4.4 1.094924e+04 1.094331e+04 1.093047e+04 1.093640e+04
5.4 1.090647e+04 1.090324e+04 1.093304e+04 1.093627e+04
6.4 1.096305e+04 1.094289e+04 1.093127e+04 1.095144e+04
7.4 1.098628e+04 1.093359e+04 1.092985e+04 1.098253e+04
8.4 1.098826e+04 1.094750e+04 1.093241e+04 1.097317e+04
9.4 1.092989e+04 1.093647e+04 1.093307e+04 1.092649e+04
10.4 1.092000e+04 1.094095e+04 1.093034e+04 1.090938e+04
11.4 1.091957e+04 1.091642e+04 1.093077e+04 1.093392e+04
12.4 1.091845e+04 1.090737e+04 1.093469e+04 1.094578e+04
13.4 1.093263e+04 1.094858e+04 1.093783e+04 1.092189e+04
14.4 1.091968e+04 1.093584e+04 1.093575e+04 1.091958e+04
15.4 1.092740e+04 1.091353e+04 1.093152e+04 1.094539e+04
16.4 1.087509e+04 1.090849e+04 1.093188e+04 1.089848e+04
17.4 1.090955e+04 1.090226e+04 1.093547e+04 1.094277e+04
18.4 1.088288e+04 1.087513e+04 1.093880e+04 1.094654e+04
19.4 1.083388e+04 1.084114e+04 1.094001e+04 1.093275e+04
20.4 1.088905e+04 1.088585e+04 1.093640e+04 1.093960e+04
21.4 1.082836e+04 1.088151e+04 1.093139e+04 1.087823e+04
0.7 1.094924e+04 1.094331e+04 1.093047e+04 1.093640e+04
1.7 1.090647e+04 1.090324e+04 1.093304e+04 1.093627e+04
2.7 1.096305e+04 1.094289e+04 1.093127e+04 1.095144e+04
3.7 1.098628e+04 1.093359e+04 1.092985e+04 1.098253e+04
4.7 1.098826e+04 1.094750e+04 1.093241e+04 1.097317e+04
5.7 1.092989e+04 1.093647e+04 1.093307e+04 1.092649e+04
6.7 1.092000e+04 1.094095e+04 1.093034e+04 1.090938e+04
7.7 1.091957e+04 1.091642e+04 1.093077e+04 1.093392e+04
8.7 1.091845e+04 1.090737e+04 1.093469e+04 1.094578e+04
9.7 1.093263e+04 1.094858e+04 1.093783e+04 1.092189e+04
10.7 1.091968e+04 1.093584e+04 1.093575e+04 1.091958e+04
11.7 1.092740e+04 1.091353e+04 1.093152e+04 1.094539e+04
12.7 1.087509e+04 1.090849e+04 1.093188e+04 1.089848e+04
13.7 1.090955e+04 1.090226e+04 1.093547e+04 1.094277e+04
14.7 1.088288e+04 1.087513e+04 1.093880e+04 1.094654e+04
15.7 1.083388e+04 1.084114e+04 1.094001e+04 1.093275e+04
16.7 1.088905e+04 1.088585e+04 1.093640e+04 1.093960e+04
17.7 1.082836e+04 1.088151e+04 1.093139e+04 1.087823e+04
18.7 1.086023e+04 1.088100e+04 1.093144e+04 1.091066e+04
19.7 1.089937e+04 1.088754e+04 1.093497e+04 1.094679e+04
20.7 1.090511e+04 1.088131e+04 1.093835e+04 1.096214e+04
21.7 1.085095e+04 1.084893e+04 1.093967e+04 1.094170e+04
0.2 1.098628e+04 1.093359e+04 1.092985e+04 1.098253e+04
1.2 1.098826e+04 1.094750e+04 1.093241e+04 1.097317e+04
2.2 1.092989e+04 1.093647e+04 1.093307e+04 1.092649e+04
3.2 1.092000e+04 1.094095e+04 1.093034e+04 1.090938e+04
4.2 1.091957e+04 1.091642e+04 1.093077e+04 1.093392e+04
5.2 1.091845e+04 1.090737e+04 1.093469e+04 1.094578e+04
6.2 1.093263e+04 1.094858e+04 1.093783e+04 1.092189e+04
7.2 1.091968e+04 1.093584e+04 1.093575e+04 1.091958e+04
8.2 1.092740e+04 1.091353e+04 1.093152e+04 1.094539e+04
9.2 1.087509e+04 1.090849e+04 1.093188e+04 1.089848e+04
10.2 1.090955e+04 1.090226e+04 1.093547e+04 1.094277e+04
11.2 1.088288e+04 1.087513e+04 1.093880e+04 1.094654e+04
12.2 1.083388e+04 1.084114e+04 1.094001e+04 1.093275e+04
13.2 1.088905e+04 1.088585e+04 1.093640e+04 1.093960e+04
14.2 1.082836e+04 1.088151e+04 1.093139e+04 1.087823e+04
15.2 1.086023e+04 1.088100e+04 1.093144e+04 1.091066e+04
16.2 1.089937e+04 1.088754e+04 1.093497e+04 1.094679e+04
17.2 1.090511e+04 1.088131e+04 1.093835e+04 1.096214e+04
18.2 1.085095e+04 1.084893e+04 1.093967e+04 1.094170e+04
19.2 1.087590e+04 1.086739e+04 1.093619e+04 1.094469e+04
20.2 1.085266e+04 1.088214e+04 1.093137e+04 1.090190e+04
21.2 1.081523e+04 1.086045e+04 1.093157e+04 1.088635e+04
0.4 1.091845e+04 1.090737e+04 1.093469e+04 1.094578e+04
1.4 1.093263e+04 1.094858e+04 1.093783e+04 1.092189e+04
2.4 1.091968e+04 1.093584e+04 1.093575e+04 1.091958e+04
3.4 1.092740e+04 1.091353e+04 1.093152e+04 1.094539e+04
4.4 1.087509e+04 1.090849e+04 1.093188e+04 1.089848e+04
5.4 1.090955e+04 1.090226e+04 1.093547e+04 1.094277e+04
6.4 1.088288e+04 1.087513e+04 1.093880e+04 1.094654e+04
7.4 1.083388e+04 1.084114e+04 1.094001e+04 1.093275e+04
8.4 1.088905e+04 1.088585e+04 1.093640e+04 1.093960e+04
9.4 1.082836e+04 1.088151e+04 1.093139e+04 1.087823e+04
10.4 1.086023e+04 1.088100e+04 1.093144e+04 1.091066e+04
11.4 1.089937e+04 1.088754e+04 1.093497e+04 1.094679e+04
12.4 1.090511e+04 1.088131e+04 1.093835e+04 1.096214e+04
13.4 1.085095e+04 1.084893e+04 1.093967e+04 1.094170e+04
14.4 1.087590e+04 1.086739e+04 1.093619e+04 1.094469e+04
15.4 1.085266e+04 1.088214e+04 1.093137e+04 1.090190e+04
16.4 1.081523e+04 1.086045e+04 1.093157e+04 1.088635e+04
17.4 1.084612e+04 1.086178e+04 1.093511e+04 1.091945e+04
18.4 1.084000e+04 1.086673e+04 1.093843e+04 1.091171e+04
19.4 1.086494e+04 1.085716e+04 1.093971e+04 1.094749e+04
20.4 1.083721e+04 1.086734e+04 1.093619e+04 1.090606e+04
21.4 1.085993e+04 1.085855e+04 1.093136e+04 1.093274e+04
0.4 1.088288e+04 1.087513e+04 1.093880e+04 1.094654e+04
1.4 1.083388e+04 1.084114e+04 1.094001e+04 1.093275e+04
2.4 1.088905e+04 1.088585e+04 1.093640e+04 1.093960e+04
3.4 1.082836e+04 1.088151e+04 1.093139e+04 1.087823e+04
4.4 1.086023e+04 1.088100e+04 1.093144e+04 1.091066e+04
5.4 1.089937e+04 1.088754e+04 1.093497e+04 1.094679e+04
6.4 1.090511e+04 1.088131e+04 1.093835e+04 1.096214e+04
7.4 1.085095e+04 1.084893e+04 1.093967e+04 1.094170e+04
8.4 1.087590e+04 1.086739e+04 1.093619e+04 1.094469e+04
9.4 1.085266e+04 1.088214e+04 1.093137e+04 1.090190e+04
10.4 1.081523e+04 1.086045e+04 1.093157e+04 1.088635e+04
11.4 1.084612e+04 1.086178e+04 1.093511e+04 1.091945e+04
12.4 1.084000e+04 1.086673e+04 1.093843e+04 1.091171e+04
13.4 1.086494e+04 1.085716e+04 1.093971e+04 1.094749e+04
14.4 1.083721e+04 1.086734e+04 1.093619e+04 1.090606e+04
15.4 1.085993e+04 1.085855e+04 1.093136e+04 1.093274e+04
16.4 1.087132e+04 1.088872e+04 1.093156e+04 1.091416e+04
17.4 1.085628e+04 1.086615e+04 1.093508e+04 1.092521e+04
18.4 1.086955e+04 1.086910e+04 1.093709e+04 1.093754e+04
19.4 1.086189e+04 1.086181e+04 1.093390e+04 1.093399e+04
20.4 1.091672e+04 1.086558e+04 1.093054e+04 1.098168e+04
21.4 1.085920e+04 1.085463e+04 1.093199e+04 1.093656e+04
0.4 1.090511e+04 1.088131e+04 1.093835e+04 1.096214e+04
1.4 1.085095e+04 1.084893e+04 1.093967e+04 1.094170e+04
2.4 1.087590e+04 1.086739e+04 1.093619e+04 1.094469e+04
3.4 1.085266e+04 1.088214e+04 1.093137e+04 1.090190e+04
4.4 1.081523e+04 1.086045e+04 1.093157e+04 1.088635e+04
5.4 1.084612e+04 1.086178e+04 1.093511e+04 1.091945e+04
6.4 1.084000e+04 1.086673e+04 1.093843e+04 1.091171e+04
7.4 1.086494e+04 1.085716e+04 1.093971e+04 1.094749e+04
8.4 1.083721e+04 1.086734e+04 1.093619e+04 1.090606e+04
9.4 1.085993e+04 1.085855e+04 1.093136e+04 1.093274e+04
10.4 1.087132e+04 1.088872e+04 1.093156e+04 1.091416e+04
11.4 1.085628e+04 1.086615e+04 1.093508e+04 1.092521e+04
12.4 1.086955e+04 1.086910e+04 1.093709e+04 1.093754e+04
13.4 1.086189e+04 1.086181e+04 1.093390e+04 1.093399e+04
14.4 1.091672e+04 1.086558e+04 1.093054e+04 1.098168e+04
15.4 1.085920e+04 1.085463e+04 1.093199e+04 1.093656e+04
16.4 1.087657e+04 1.085793e+04 1.093294e+04 1.095159e+04
17.4 1.090098e+04 1.089409e+04 1.093014e+04 1.093703e+04
18.4 1.091458e+04 1.088655e+04 1.092980e+04 1.095783e+04
19.4 1.088778e+04 1.086150e+04 1.093354e+04 1.095982e+04
20.4 1.084129e+04 1.083711e+04 1.093728e+04 1.094147e+04
21.4 1.086555e+04 1.086422e+04 1.093617e+04 1.093750e+04
0.4 1.084000e+04 1.086673e+04 1.093843e+04 1.091171e+04
1.4 1.086494e+04 1.085716e+04 1.093971e+04 1.094749e+04
2.4 1.083721e+04 1.086734e+04 1.093619e+04 1.090606e+04
3.4 1.085993e+04 1.085855e+04 1.093136e+04 1.093274e+04
4.4 1.087132e+04 1.088872e+04 1.093156e+04 1.091416e+04
5.4 1.085628e+04 1.086615e+04 1.093508e+04 1.092521e+04
6.4 1.086955e+04 1.086910e+04 1.093709e+04 1.093754e+04
7.4 1.086189e+04 1.086181e+04 1.093390e+04 1.093399e+04
8.4 1.091672e+04 1.086558e+04 1.093054e+04 1.098168e+04
9.4 1.085920e+04 1.085463e+04 1.093199e+04 1.093656e+04
10.4 1.087657e+04 1.085793e+04 1.093294e+04 1.095159e+04
11.4 1.090098e+04 1.089409e+04 1.093014e+04 1.093703e+04
12.4 1.091458e+04 1.088655e+04 1.092980e+04 1.095783e+04
13.4 1.088778e+04 1.086150e+04 1.093354e+04 1.095982e+04
14.4 1.084129e+04 1.083711e+04 1.093728e+04 1.094147e+04
15.4 1.086555e+04 1.086422e+04 1.093617e+04 1.093750e+04
16.4 1.084924e+04 1.088264e+04 1.093183e+04 1.089843e+04
17.4 1.088299e+04 1.084729e+04 1.093150e+04 1.096720e+04
18.4 1.084166e+04 1.083427e+04 1.093492e+04 1.094231e+04
19.4 1.086344e+04 1.086377e+04 1.093749e+04 1.093716e+04
20.4 1.086368e+04 1.086892e+04 1.093491e+04 1.092968e+04
21.4 1.088654e+04 1.086517e+04 1.093097e+04 1.095233e+04
0.6 1.085628e+04 1.086615e+04 1.093508e+04 1.092521e+04
1.6 1.086955e+04 1.086910e+04 1.093709e+04 1.093754e+04
2.6 1.086189e+04 1.086181e+04 1.093390e+04 1.093399e+04
3.6 1.091672e+04 1.086558e+04 1.093054e+04 1.098168e+04
4.6 1.085920e+04 1.085463e+04 1.093199e+04 1.093656e+04
5.6 1.087657e+04 1.085793e+04 1.093294e+04 1.095159e+04
6.6 1.090098e+04 1.089409e+04 1.093014e+04 1.093703e+04
7.6 1.091458e+04 1.088655e+04 1.092980e+04 1.095783e+04
8.6 1.088778e+04 1.086150e+04 1.093354e+04 1.095982e+04
9.6 1.084129e+04 1.083711e+04 1.093728e+04 1.094147e+04
10.6 1.086555e+04 1.086422e+04 1.093617e+04 1.093750e+04
11.6 1.084924e+04 1.088264e+04 1.093183e+04 1.089843e+04
12.6 1.088299e+04 1.084729e+04 1.093150e+04 1.096720e+04
13.6 1.084166e+04 1.083427e+04 1.093492e+04 1.094231e+04
14.6 1.086344e+04 1.086377e+04 1.093749e+04 1.093716e+04
15.6 1.086368e+04 1.086892e+04 1.093491e+04 1.092968e+04
16.6 1.088654e+04 1.086517e+04 1.093097e+04 1.095233e+04
17.6 1.089552e+04 1.085957e+04 1.093178e+04 1.096773e+04
18.6 1.081983e+04 1.084430e+04 1.093331e+04 1.090884e+04
19.6 1.083536e+04 1.085589e+04 1.093081e+04 1.091029e+04
20.6 1.082603e+04 1.083522e+04 1.092971e+04 1.092052e+04
21.6 1.080369e+04 1.081231e+04 1.093251e+04 1.092388e+04
1.0 1.085920e+04 1.085463e+04 1.093199e+04 1.093656e+04
2.0 1.087657e+04 1.085793e+04 1.093294e+04 1.095159e+04
3.0 1.090098e+04 1.089409e+04 1.093014e+04 1.093703e+04
4.0 1.091458e+04 1.088655e+04 1.092980e+04 1.095783e+04
5.0 1.088778e+04 1.086150e+04 1.093354e+04 1.095982e+04
6.0 1.084129e+04 1.083711e+04 1.093728e+04 1.094147e+04
7.0 1.086555e+04 1.086422e+04 1.093617e+04 1.093750e+04
8.0 1.084924e+04 1.088264e+04 1.093183e+04 1.089843e+04
9.0 1.088299e+04 1.084729e+04 1.093150e+04 1.096720e+04
10.0 1.084166e+04 1.083427e+04 1.093492e+04 1.094231e+04
11.0 1.086344e+04 1.086377e+04 1.093749e+04 1.093716e+04
12.0 1.086368e+04 1.086892e+04 1.093491e+04 1.092968e+04
13.0 1.088654e+04 1.086517e+04 1.093097e+04 1.095233e+04
14.0 1.089552e+04 1.085957e+04 1.093178e+04 1.096773e+04
15.0 1.081983e+04 1.084430e+04 1.093331e+04 1.090884e+04
16.0 1.083536e+04 1.085589e+04 1.093081e+04 1.091029e+04
17.0 1.082603e+04 1.083522e+04 1.092971e+04 1.092052e+04
18.0 1.080369e+04 1.081231e+04 1.093251e+04 1.092388e+04
19.0 1.083077e+04 1.084117e+04 1.093280e+04 1.092239e+04
20.0 1.084204e+04 1.087338e+04 1.093011e+04 1.089877e+04
21.0 1.080014e+04 1.084829e+04 1.093095e+04 1.088280e+04
22.0 1.079630e+04 1.081171e+04 1.093340e+04 1.091799e+04
0.2 1.088778e+04 1.086150e+04 1.093354e+04 1.095982e+04
1.2 1.084129e+04 1.083711e+04 1.093728e+04 1.094147e+04
2.2 1.086555e+04 1.086422e+04 1.093617e+04 1.093750e+04
3.2 1.084924e+04 1.088264e+04 1.093183e+04 1.089843e+04
4.2 1.088299e+04 1.084729e+04 1.093150e+04 1.096720e+04
5.2 1.084166e+04 1.083427e+04 1.093492e+04 1.094231e+04
6.2 1.086344e+04 1.086377e+04 1.093749e+04 1.093716e+04
7.2 1.086368e+04 1.086892e+04 1.093491e+04 1.092968e+04
8.2 1.088654e+04 1.086517e+04 1.093097e+04 1.095233e+04
9.2 1.089552e+04 1.085957e+04 1.093178e+04 1.096773e+04
10.2 1.081983e+04 1.084430e+04 1.093331e+04 1.090884e+04
11.2 1.083536e+04 1.085589e+04 1.093081e+04 1.091029e+04
12.2 1.082603e+04 1.083522e+04 1.092971e+04 1.092052e+04
13.2 1.080369e+04 1.081231e+04 1.093251e+04 1.092388e+04
14.2 1.083077e+04 1.084117e+04 1.093280e+04 1.092239e+04
15.2 1.084204e+04 1.087338e+04 1.093011e+04 1.089877e+04
16.2 1.080014e+04 1.084829e+04 1.093095e+04 1.088280e+04
17.2 1.079630e+04 1.081171e+04 1.093340e+04 1.091799e+04
18.2 1.086387e+04 1.083400e+04 1.093168e+04 1.096155e+04
19.2 1.084749e+04 1.083998e+04 1.092993e+04 1.093745e+04
20.2 1.083313e+04 1.082774e+04 1.093260e+04 1.093799e+04
21.2 1.086737e+04 1.082449e+04 1.093684e+04 1.097971e+04
0.5 1.084166e+04 1.083427e+04 1.093492e+04 1.094231e+04
1.5 1.086344e+04 1.086377e+04 1.093749e+04 1.093716e+04
2.5 1.086368e+04 1.086892e+04 1.093491e+04 1.092968e+04
3.5 1.088654e+04 1.086517e+04 1.093097e+04 1.095233e+04
4.5 1.089552e+04 1.085957e+04 1.093178e+04 1.096773e+04
5.5 1.081983e+04 1.084430e+04 1.093331e+04 1.090884e+04
6.5 1.083536e+04 1.085589e+04 1.093081e+04 1.091029e+04
7.5 1.082603e+04 1.083522e+04 1.092971e+04 1.092052e+04
8.5 1.080369e+04 1.081231e+04 1.093251e+04 1.092388e+04
9.5 1.083077e+04 1.084117e+04 1.093280e+04 1.092239e+04
10.5 1.084204e+04 1.087338e+04 1.093011e+04 1.089877e+04
11.5 1.080014e+04 1.084829e+04 1.093095e+04 1.088280e+04
12.5 1.079630e+04 1.081171e+04 1.093340e+04 1.091799e+04
13.5 1.086387e+04 1.083400e+04 1.093168e+04 1.096155e+04
14.5 1.084749e+04 1.083998e+04 1.092993e+04 1.093745e+04
15.5 1.083313e+04 1.082774e+04 1.093260e+04 1.093799e+04
16.5 1.086737e+04 1.082449e+04 1.093684e+04 1.097971e+04
17.5 1.083881e+04 1.082278e+04 1.093992e+04 1.095594e+04
18.5 1.077371e+04 1.072807e+04 1.093993e+04 1.098556e+04
19.5 1.084540e+04 1.082514e+04 1.093508e+04 1.095534e+04
20.5 1.090393e+04 1.085301e+04 1.093117e+04 1.098209e+04
21.5 1.084683e+04 1.086716e+04 1.093261e+04 1.091228e+04
0.9 1.089552e+04 1.085957e+04 1.093178e+04 1.096773e+04
1.9 1.081983e+04 1.084430e+04 1.093331e+04 1.090884e+04
2.9 1.083536e+04 1.085589e+04 1.093081e+04 1.091029e+04
3.9 1.082603e+04 1.083522e+04 1.092971e+04 1.092052e+04
4.9 1.080369e+04 1.081231e+04 1.093251e+04 1.092388e+04
5.9 1.083077e+04 1.084117e+04 1.093280e+04 1.092239e+04
6.9 1.084204e+04 1.087338e+04 1.093011e+04 1.089877e+04
7.9 1.080014e+04 1.084829e+04 1.093095e+04 1.088280e+04
8.9 1.079630e+04 1.081171e+04 1.093340e+04 1.091799e+04
9.9 1.086387e+04 1.083400e+04 1.093168e+04 1.096155e+04
10.9 1.084749e+04 1.083998e+04 1.092993e+04 1.093745e+04
11.9 1.083313e+04 1.082774e+04 1.093260e+04 1.093799e+04
12.9 1.086737e+04 1.082449e+04 1.093684e+04 1.097971e+04
13.9 1.083881e+04 1.082278e+04 1.093992e+04 1.095594e+04
14.9 1.077371e+04 1.072807e+04 1.093993e+04 1.098556e+04
15.9 1.084540e+04 1.082514e+04 1.093508e+04 1.095534e+04
16.9 1.090393e+04 1.085301e+04 1.093117e+04 1.098209e+04
17.9 1.084683e+04 1.086716e+04 1.093261e+04 1.091228e+04
18.9 1.080789e+04 1.089126e+04 1.093626e+04 1.085288e+04
19.9 1.079845e+04 1.081552e+04 1.093916e+04 1.092209e+04
20.9 1.083141e+04 1.081994e+04 1.093925e+04 1.095071e+04
21.9 1.083380e+04 1.081289e+04 1.093457e+04 1.095548e+04
0.3 1.082603e+04 1.083522e+04 1.092971e+04 1.092052e+04
1.3 1.080369e+04 1.081231e+04 1.093251e+04 1.092388e+04
2.3 1.083077e+04 1.084117e+04 1.093280e+04 1.092239e+04
3.3 1.084204e+04 1.087338e+04 1.093011e+04 1.089877e+04
4.3 1.080014e+04 1.084829e+04 1.093095e+04 1.088280e+04
5.3 1.079630e+04 1.081171e+04 1.093340e+04 1.091799e+04
6.3 1.086387e+04 1.083400e+04 1.093168e+04 1.096155e+04
7.3 1.084749e+04 1.083998e+04 1.092993e+04 1.093745e+04
8.3 1.083313e+04 1.082774e+04 1.093260e+04 1.093799e+04
9.3 1.086737e+04 1.082449e+04 1.093684e+04 1.097971e+04
10.3 1.083881e+04 1.082278e+04 1.093992e+04 1.095594e+04
11.3 1.077371e+04 1.072807e+04 1.093993e+04 1.098556e+04
12.3 1.084540e+04 1.082514e+04 1.093508e+04 1.095534e+04
13.3 1.090393e+04 1.085301e+04 1.093117e+04 1.098209e+04
14.3 1.084683e+04 1.086716e+04 1.093261e+04 1.091228e+04
15.3 1.080789e+04 1.089126e+04 1.093626e+04 1.085288e+04
16.3 1.079845e+04 1.081552e+04 1.093916e+04 1.092209e+04
17.3 1.083141e+04 1.081994e+04 1.093925e+04 1.095071e+04
18.3 1.083380e+04 1.081289e+04 1.093457e+04 1.095548e+04
19.3 1.081907e+04 1.084177e+04 1.093084e+04 1.090813e+04
20.3 1.087503e+04 1.088944e+04 1.093242e+04 1.091802e+04
21.3 1.087450e+04 1.091225e+04 1.093616e+04 1.089841e+04
0.7 1.080014e+04 1.084829e+04 1.093095e+04 1.088280e+04
1.7 1.079630e+04 1.081171e+04 1.093340e+04 1.091799e+04
2.7 1.086387e+04 1.083400e+04 1.093168e+04 1.096155e+04
3.7 1.084749e+04 1.083998e+04 1.092993e+04 1.093745e+04
4.7 1.083313e+04 1.082774e+04 1.093260e+04 1.093799e+04
5.7 1.086737e+04 1.082449e+04 1.093684e+04 1.097971e+04
6.7 1.083881e+04 1.082278e+04 1.093992e+04 1.095594e+04
7.7 1.077371e+04 1.072807e+04 1.093993e+04 1.098556e+04
8.7 1.084540e+04 1.082514e+04 1.093508e+04 1.095534e+04
9.7 1.090393e+04 1.085301e+04 1.093117e+04 1.098209e+04
10.7 1.084683e+04 1.086716e+04 1.093261e+04 1.091228e+04
11.7 1.080789e+04 1.089126e+04 1.093626e+04 1.085288e+04
12.7 1.079845e+04 1.081552e+04 1.093916e+04 1.092209e+04
13.7 1.083141e+04 1.081994e+04 1.093925e+04 1.095071e+04
14.7 1.083380e+04 1.081289e+04 1.093457e+04 1.095548e+04
15.7 1.081907e+04 1.084177e+04 1.093084e+04 1.090813e+04
16.7 1.087503e+04 1.088944e+04 1.093242e+04 1.091802e+04
17.7 1.087450e+04 1.091225e+04 1.093616e+04 1.089841e+04
18.7 1.085113e+04 1.086560e+04 1.093914e+04 1.092468e+04
19.7 1.085074e+04 1.085306e+04 1.094086e+04 1.093854e+04
20.7 1.083104e+04 1.081578e+04 1.094167e+04 1.095693e+04
0.7 1.083881e+04 1.082278e+04 1.093992e+04 1.095594e+04
1.7 1.077371e+04 1.072807e+04 1.093993e+04 1.098556e+04
2.7 1.084540e+04 1.082514e+04 1.093508e+04 1.095534e+04
3.7 1.090393e+04 1.085301e+04 1.093117e+04 1.098209e+04
4.7 1.084683e+04 1.086716e+04 1.093261e+04 1.091228e+04
5.7 1.080789e+04 1.089126e+04 1.093626e+04 1.085288e+04
6.7 1.079845e+04 1.081552e+04 1.093916e+04 1.092209e+04
7.7 1.083141e+04 1.081994e+04 1.093925e+04 1.095071e+04
8.7 1.083380e+04 1.081289e+04 1.093457e+04 1.095548e+04
9.7 1.081907e+04 1.084177e+04 1.093084e+04 1.090813e+04
10.7 1.087503e+04 1.088944e+04 1.093242e+04 1.091802e+04
11.7 1.087450e+04 1.091225e+04 1.093616e+04 1.089841e+04
12.7 1.085113e+04 1.086560e+04 1.093914e+04 1.092468e+04
13.7 1.085074e+04 1.085306e+04 1.094086e+04 1.093854e+04
14.7 1.083104e+04 1.081578e+04 1.094167e+04 1.095693e+04
0.7 1.079845e+04 1.081552e+04 1.093916e+04 1.092209e+04
1.7 1.083141e+04 1.081994e+04 1.093925e+04 1.095071e+04
2.7 1.083380e+04 1.081289e+04 1.093457e+04 1.095548e+04
3.7 1.081907e+04 1.084177e+04 1.093084e+04 1.090813e+04
4.7 1.087503e+04 1.088944e+04 1.093242e+04 1.091802e+04
5.7 1.087450e+04 1.091225e+04 1.093616e+04 1.089841e+04
6.7 1.085113e+04 1.086560e+04 1.093914e+04 1.092468e+04
7.7 1.085074e+04 1.085306e+04 1.094086e+04 1.093854e+04
8.7 1.083104e+04 1.081578e+04 1.094167e+04 1.095693e+04
