0.5 9.898186e+03 9.865248e+03 9.782497e+03 9.815434e+03
1.5 9.850472e+03 9.819898e+03 9.817587e+03 9.848161e+03
2.5 9.731024e+03 9.693766e+03 9.818486e+03 9.855745e+03
3.5 9.731813e+03 9.706409e+03 9.828891e+03 9.854296e+03
4.5 9.686070e+03 9.716744e+03 9.822057e+03 9.791383e+03
5.5 9.490336e+03 9.573525e+03 9.865325e+03 9.782136e+03
6.5 9.612818e+03 9.634177e+03 9.826475e+03 9.805117e+03
7.5 9.697614e+03 9.676464e+03 9.809980e+03 9.831130e+03
8.5 9.838945e+03 9.746628e+03 9.823995e+03 9.916312e+03
9.5 9.871247e+03 9.782054e+03 9.816810e+03 9.906003e+03
10.5 9.814815e+03 9.751863e+03 9.823091e+03 9.886044e+03
11.5 9.701872e+03 9.729170e+03 9.809862e+03 9.782563e+03
12.5 9.753816e+03 9.792476e+03 9.806109e+03 9.767449e+03
13.5 9.939039e+03 9.896898e+03 9.808891e+03 9.851032e+03
14.5 1.002433e+04 9.972729e+03 9.784207e+03 9.835812e+03
15.5 9.912642e+03 9.863120e+03 9.803306e+03 9.852827e+03
16.5 9.840773e+03 9.772647e+03 9.804326e+03 9.872452e+03
17.5 9.744310e+03 9.755900e+03 9.795485e+03 9.783895e+03
18.5 9.618381e+03 9.671834e+03 9.835777e+03 9.782324e+03
19.5 9.668242e+03 9.718730e+03 9.827364e+03 9.776876e+03
20.5 9.831688e+03 9.898534e+03 9.816337e+03 9.749490e+03
21.5 9.949844e+03 9.987148e+03 9.801251e+03 9.763947e+03
22.5 9.894608e+03 9.893457e+03 9.791199e+03 9.792351e+03
23.5 9.669212e+03 9.775391e+03 9.807218e+03 9.701039e+03
24.5 9.688701e+03 9.743572e+03 9.797049e+03 9.742179e+03
25.5 9.704849e+03 9.755063e+03 9.788294e+03 9.738080e+03
26.5 9.694329e+03 9.852429e+03 9.830765e+03 9.672665e+03
0.5 9.491828e+03 9.555947e+03 9.841203e+03 9.777084e+03
1.5 9.549567e+03 9.570572e+03 9.835699e+03 9.814694e+03
2.5 9.557333e+03 9.605637e+03 9.852328e+03 9.804024e+03
3.5 9.541992e+03 9.519778e+03 9.840017e+03 9.862231e+03
4.5 9.531935e+03 9.489330e+03 9.847847e+03 9.890451e+03
5.5 9.481248e+03 9.590305e+03 9.833048e+03 9.723991e+03
6.5 9.606904e+03 9.712481e+03 9.851566e+03 9.745989e+03
7.5 9.666739e+03 9.885819e+03 9.875551e+03 9.656471e+03
8.5 9.903659e+03 9.936294e+03 9.832767e+03 9.800132e+03
9.5 1.002796e+04 1.011408e+04 9.853238e+03 9.767119e+03
10.5 9.994676e+03 1.001273e+04 9.847642e+03 9.829584e+03
11.5 9.891836e+03 9.925504e+03 9.846858e+03 9.813190e+03
12.5 9.854524e+03 9.938428e+03 9.823304e+03 9.739400e+03
13.5 9.857281e+03 9.879671e+03 9.834517e+03 9.812127e+03
14.5 9.775200e+03 9.802906e+03 9.843618e+03 9.815912e+03
15.5 9.735995e+03 9.609302e+03 9.874317e+03 1.000101e+04
16.5 9.846171e+03 9.771019e+03 9.838230e+03 9.913382e+03
17.5 9.780451e+03 9.785978e+03 9.857060e+03 9.851534e+03
18.5 9.691784e+03 9.756404e+03 9.859237e+03 9.794617e+03
19.5 9.842863e+03 9.805198e+03 9.839623e+03 9.877288e+03
20.5 9.759551e+03 9.750046e+03 9.851159e+03 9.860664e+03
21.5 9.668779e+03 9.688302e+03 9.843559e+03 9.824036e+03
22.5 9.542351e+03 9.588669e+03 9.848325e+03 9.802007e+03
23.5 9.569393e+03 9.675158e+03 9.834344e+03 9.728579e+03
24.5 9.800888e+03 9.744440e+03 9.838925e+03 9.895373e+03
25.5 9.734069e+03 9.852665e+03 9.850809e+03 9.732213e+03
26.5 9.666276e+03 9.706899e+03 9.846862e+03 9.806239e+03
0.5 9.903659e+03 9.936294e+03 9.832767e+03 9.800132e+03
1.5 1.002796e+04 1.011408e+04 9.853238e+03 9.767119e+03
2.5 9.994676e+03 1.001273e+04 9.847642e+03 9.829584e+03
3.5 9.891836e+03 9.925504e+03 9.846858e+03 9.813190e+03
4.5 9.854524e+03 9.938428e+03 9.823304e+03 9.739400e+03
5.5 9.857281e+03 9.879671e+03 9.834517e+03 9.812127e+03
6.5 9.775200e+03 9.802906e+03 9.843618e+03 9.815912e+03
7.5 9.735995e+03 9.609302e+03 9.874317e+03 1.000101e+04
8.5 9.846171e+03 9.771019e+03 9.838230e+03 9.913382e+03
9.5 9.780451e+03 9.785978e+03 9.857060e+03 9.851534e+03
10.5 9.691784e+03 9.756404e+03 9.859237e+03 9.794617e+03
11.5 9.842863e+03 9.805198e+03 9.839623e+03 9.877288e+03
12.5 9.759551e+03 9.750046e+03 9.851159e+03 9.860664e+03
13.5 9.668779e+03 9.688302e+03 9.843559e+03 9.824036e+03
14.5 9.542351e+03 9.588669e+03 9.848325e+03 9.802007e+03
15.5 9.569393e+03 9.675158e+03 9.834344e+03 9.728579e+03
16.5 9.800888e+03 9.744440e+03 9.838925e+03 9.895373e+03
17.5 9.734069e+03 9.852665e+03 9.850809e+03 9.732213e+03
18.5 9.666276e+03 9.706899e+03 9.846862e+03 9.806239e+03
19.5 9.607473e+03 9.613795e+03 9.843008e+03 9.836686e+03
20.5 9.703793e+03 9.614872e+03 9.846467e+03 9.935387e+03
21.5 9.592361e+03 9.591125e+03 9.857367e+03 9.858603e+03
22.5 9.881312e+03 9.660084e+03 9.847503e+03 1.006873e+04
23.5 9.753108e+03 9.663157e+03 9.838351e+03 9.928302e+03
24.5 9.607846e+03 9.537053e+03 9.837613e+03 9.908405e+03
25.5 9.513144e+03 9.536159e+03 9.857367e+03 9.834351e+03
26.5 9.627690e+03 9.557511e+03 9.843495e+03 9.913674e+03
0.5 9.846171e+03 9.771019e+03 9.838230e+03 9.913382e+03
1.5 9.780451e+03 9.785978e+03 9.857060e+03 9.851534e+03
2.5 9.691784e+03 9.756404e+03 9.859237e+03 9.794617e+03
3.5 9.842863e+03 9.805198e+03 9.839623e+03 9.877288e+03
4.5 9.759551e+03 9.750046e+03 9.851159e+03 9.860664e+03
5.5 9.668779e+03 9.688302e+03 9.843559e+03 9.824036e+03
6.5 9.542351e+03 9.588669e+03 9.848325e+03 9.802007e+03
7.5 9.569393e+03 9.675158e+03 9.834344e+03 9.728579e+03
8.5 9.800888e+03 9.744440e+03 9.838925e+03 9.895373e+03
9.5 9.734069e+03 9.852665e+03 9.850809e+03 9.732213e+03
10.5 9.666276e+03 9.706899e+03 9.846862e+03 9.806239e+03
11.5 9.607473e+03 9.613795e+03 9.843008e+03 9.836686e+03
12.5 9.703793e+03 9.614872e+03 9.846467e+03 9.935387e+03
13.5 9.592361e+03 9.591125e+03 9.857367e+03 9.858603e+03
14.5 9.881312e+03 9.660084e+03 9.847503e+03 1.006873e+04
15.5 9.753108e+03 9.663157e+03 9.838351e+03 9.928302e+03
16.5 9.607846e+03 9.537053e+03 9.837613e+03 9.908405e+03
17.5 9.513144e+03 9.536159e+03 9.857367e+03 9.834351e+03
18.5 9.627690e+03 9.557511e+03 9.843495e+03 9.913674e+03
19.5 9.715520e+03 9.602535e+03 9.848244e+03 9.961229e+03
20.5 9.868360e+03 9.659887e+03 9.844500e+03 1.005297e+04
21.5 9.733765e+03 9.690171e+03 9.857555e+03 9.901149e+03
22.5 9.613451e+03 9.631922e+03 9.830995e+03 9.812525e+03
23.5 9.555631e+03 9.572823e+03 9.856111e+03 9.838919e+03
24.5 9.554071e+03 9.639795e+03 9.839057e+03 9.753333e+03
25.5 9.571841e+03 9.587545e+03 9.837393e+03 9.821689e+03
26.5 9.739362e+03 9.681402e+03 9.840423e+03 9.898383e+03
0.5 9.860854e+03 9.823859e+03 9.839440e+03 9.876435e+03
1.5 9.722650e+03 9.724438e+03 9.862378e+03 9.860591e+03
2.5 9.715797e+03 9.617252e+03 9.886124e+03 9.984669e+03
3.5 9.735463e+03 9.713438e+03 9.848490e+03 9.870516e+03
4.5 9.740151e+03 9.732488e+03 9.860706e+03 9.868369e+03
5.5 9.698634e+03 9.716713e+03 9.838715e+03 9.820636e+03
6.5 9.725911e+03 9.697220e+03 9.840379e+03 9.869070e+03
7.5 9.703870e+03 9.743509e+03 9.825769e+03 9.786130e+03
8.5 9.755048e+03 9.797833e+03 9.913401e+03 9.870615e+03
9.5 9.718809e+03 9.834287e+03 9.871677e+03 9.756199e+03
10.5 9.657044e+03 9.820189e+03 9.847691e+03 9.684546e+03
11.5 9.763131e+03 9.714704e+03 9.891355e+03 9.939782e+03
12.5 9.960126e+03 9.824102e+03 9.813021e+03 9.949045e+03
13.5 1.000121e+04 9.845324e+03 9.855094e+03 1.001098e+04
14.5 9.934100e+03 9.808287e+03 9.823453e+03 9.949265e+03
15.5 9.948447e+03 9.834148e+03 9.833833e+03 9.948132e+03
16.5 9.864222e+03 9.826969e+03 9.843114e+03 9.880367e+03
17.5 9.846449e+03 9.768844e+03 9.862740e+03 9.940345e+03
18.5 9.905113e+03 9.937202e+03 9.836478e+03 9.804389e+03
19.5 9.885274e+03 9.943422e+03 9.851699e+03 9.793551e+03
20.5 9.892379e+03 9.998331e+03 9.859602e+03 9.753650e+03
21.5 9.919884e+03 9.943752e+03 9.847058e+03 9.823190e+03
0.5 9.735463e+03 9.713438e+03 9.848490e+03 9.870516e+03
1.5 9.740151e+03 9.732488e+03 9.860706e+03 9.868369e+03
2.5 9.698634e+03 9.716713e+03 9.838715e+03 9.820636e+03
3.5 9.725911e+03 9.697220e+03 9.840379e+03 9.869070e+03
4.5 9.703870e+03 9.743509e+03 9.825769e+03 9.786130e+03
5.5 9.755048e+03 9.797833e+03 9.913401e+03 9.870615e+03
6.5 9.718809e+03 9.834287e+03 9.871677e+03 9.756199e+03
7.5 9.657044e+03 9.820189e+03 9.847691e+03 9.684546e+03
8.5 9.763131e+03 9.714704e+03 9.891355e+03 9.939782e+03
9.5 9.960126e+03 9.824102e+03 9.813021e+03 9.949045e+03
10.5 1.000121e+04 9.845324e+03 9.855094e+03 1.001098e+04
11.5 9.934100e+03 9.808287e+03 9.823453e+03 9.949265e+03
12.5 9.948447e+03 9.834148e+03 9.833833e+03 9.948132e+03
13.5 9.864222e+03 9.826969e+03 9.843114e+03 9.880367e+03
14.5 9.846449e+03 9.768844e+03 9.862740e+03 9.940345e+03
15.5 9.905113e+03 9.937202e+03 9.836478e+03 9.804389e+03
16.5 9.885274e+03 9.943422e+03 9.851699e+03 9.793551e+03
17.5 9.892379e+03 9.998331e+03 9.859602e+03 9.753650e+03
18.5 9.919884e+03 9.943752e+03 9.847058e+03 9.823190e+03
0.5 9.657044e+03 9.820189e+03 9.847691e+03 9.684546e+03
1.5 9.763131e+03 9.714704e+03 9.891355e+03 9.939782e+03
2.5 9.960126e+03 9.824102e+03 9.813021e+03 9.949045e+03
3.5 1.000121e+04 9.845324e+03 9.855094e+03 1.001098e+04
4.5 9.934100e+03 9.808287e+03 9.823453e+03 9.949265e+03
5.5 9.948447e+03 9.834148e+03 9.833833e+03 9.948132e+03
6.5 9.864222e+03 9.826969e+03 9.843114e+03 9.880367e+03
7.5 9.846449e+03 9.768844e+03 9.862740e+03 9.940345e+03
8.5 9.905113e+03 9.937202e+03 9.836478e+03 9.804389e+03
9.5 9.885274e+03 9.943422e+03 9.851699e+03 9.793551e+03
10.5 9.892379e+03 9.998331e+03 9.859602e+03 9.753650e+03
11.5 9.919884e+03 9.943752e+03 9.847058e+03 9.823190e+03
0.5 9.960126e+03 9.824102e+03 9.813021e+03 9.949045e+03
1.5 1.000121e+04 9.845324e+03 9.855094e+03 1.001098e+04
2.5 9.934100e+03 9.808287e+03 9.823453e+03 9.949265e+03
3.5 9.948447e+03 9.834148e+03 9.833833e+03 9.948132e+03
4.5 9.864222e+03 9.826969e+03 9.843114e+03 9.880367e+03
5.5 9.846449e+03 9.768844e+03 9.862740e+03 9.940345e+03
6.5 9.905113e+03 9.937202e+03 9.836478e+03 9.804389e+03
7.5 9.885274e+03 9.943422e+03 9.851699e+03 9.793551e+03
8.5 9.892379e+03 9.998331e+03 9.859602e+03 9.753650e+03
9.5 9.919884e+03 9.943752e+03 9.847058e+03 9.823190e+03
