0.1 8.083033e+03 8.077811e+03 8.078741e+03 8.083963e+03
1.1 8.071573e+03 8.077160e+03 8.078855e+03 8.073267e+03
2.1 8.055648e+03 8.070284e+03 8.080315e+03 8.065678e+03
3.1 8.058263e+03 8.089591e+03 8.083024e+03 8.051696e+03
4.1 8.108096e+03 8.109157e+03 8.083879e+03 8.082818e+03
5.1 8.161077e+03 8.161393e+03 8.082470e+03 8.082155e+03
6.1 8.178513e+03 8.180325e+03 8.080649e+03 8.078837e+03
7.1 8.138462e+03 8.138804e+03 8.079366e+03 8.079025e+03
8.1 8.105194e+03 8.097768e+03 8.078655e+03 8.086081e+03
9.1 8.071198e+03 8.065110e+03 8.078335e+03 8.084423e+03
10.1 8.071222e+03 8.060269e+03 8.078262e+03 8.089214e+03
11.1 8.086280e+03 8.062325e+03 8.078738e+03 8.102693e+03
12.1 8.080492e+03 8.050832e+03 8.081011e+03 8.110670e+03
13.1 8.058869e+03 8.044036e+03 8.083436e+03 8.098269e+03
14.1 8.028779e+03 8.053985e+03 8.083317e+03 8.058110e+03
15.1 8.077228e+03 8.124736e+03 8.081624e+03 8.034116e+03
16.1 8.089511e+03 8.103673e+03 8.080024e+03 8.065862e+03
17.1 8.098519e+03 8.110613e+03 8.079014e+03 8.066919e+03
18.1 8.076376e+03 8.104973e+03 8.078491e+03 8.049894e+03
19.1 8.125128e+03 8.105022e+03 8.078288e+03 8.098394e+03
20.1 8.113257e+03 8.085285e+03 8.078279e+03 8.106251e+03
21.1 8.102657e+03 8.052943e+03 8.078379e+03 8.128093e+03
0.5 8.071222e+03 8.060269e+03 8.078262e+03 8.089214e+03
1.5 8.086280e+03 8.062325e+03 8.078738e+03 8.102693e+03
2.5 8.080492e+03 8.050832e+03 8.081011e+03 8.110670e+03
3.5 8.058869e+03 8.044036e+03 8.083436e+03 8.098269e+03
4.5 8.028779e+03 8.053985e+03 8.083317e+03 8.058110e+03
5.5 8.077228e+03 8.124736e+03 8.081624e+03 8.034116e+03
6.5 8.089511e+03 8.103673e+03 8.080024e+03 8.065862e+03
7.5 8.098519e+03 8.110613e+03 8.079014e+03 8.066919e+03
8.5 8.076376e+03 8.104973e+03 8.078491e+03 8.049894e+03
9.5 8.125128e+03 8.105022e+03 8.078288e+03 8.098394e+03
10.5 8.113257e+03 8.085285e+03 8.078279e+03 8.106251e+03
11.5 8.102657e+03 8.052943e+03 8.078379e+03 8.128093e+03
12.5 8.081155e+03 8.043199e+03 8.079224e+03 8.117179e+03
13.5 8.071264e+03 8.078514e+03 8.081822e+03 8.074571e+03
14.5 8.065838e+03 8.066689e+03 8.083799e+03 8.082947e+03
15.5 8.055775e+03 8.080693e+03 8.083137e+03 8.058219e+03
16.5 8.103831e+03 8.107574e+03 8.081315e+03 8.077571e+03
17.5 8.124709e+03 8.144372e+03 8.079793e+03 8.060130e+03
18.5 8.138573e+03 8.155094e+03 8.078878e+03 8.062358e+03
19.5 8.131964e+03 8.145747e+03 8.078425e+03 8.064641e+03
20.5 8.154089e+03 8.174857e+03 8.078268e+03 8.057500e+03
21.5 8.124531e+03 8.130112e+03 8.078287e+03 8.072706e+03
0.7 8.102657e+03 8.052943e+03 8.078379e+03 8.128093e+03
1.7 8.081155e+03 8.043199e+03 8.079224e+03 8.117179e+03
2.7 8.071264e+03 8.078514e+03 8.081822e+03 8.074571e+03
3.7 8.065838e+03 8.066689e+03 8.083799e+03 8.082947e+03
4.7 8.055775e+03 8.080693e+03 8.083137e+03 8.058219e+03
5.7 8.103831e+03 8.107574e+03 8.081315e+03 8.077571e+03
6.7 8.124709e+03 8.144372e+03 8.079793e+03 8.060130e+03
7.7 8.138573e+03 8.155094e+03 8.078878e+03 8.062358e+03
8.7 8.131964e+03 8.145747e+03 8.078425e+03 8.064641e+03
9.7 8.154089e+03 8.174857e+03 8.078268e+03 8.057500e+03
10.7 8.124531e+03 8.130112e+03 8.078287e+03 8.072706e+03
11.7 8.118551e+03 8.104038e+03 8.078387e+03 8.092899e+03
12.7 8.081887e+03 8.097499e+03 8.078502e+03 8.062890e+03
13.7 8.058656e+03 8.080782e+03 8.078597e+03 8.056471e+03
14.7 8.091676e+03 8.079742e+03 8.078662e+03 8.090596e+03
15.7 8.108673e+03 8.092686e+03 8.078701e+03 8.094688e+03
16.7 8.107139e+03 8.083524e+03 8.078722e+03 8.102337e+03
17.7 8.110803e+03 8.093510e+03 8.078733e+03 8.096025e+03
18.7 8.111606e+03 8.080797e+03 8.078751e+03 8.109561e+03
19.7 8.098219e+03 8.088998e+03 8.079530e+03 8.088751e+03
20.7 8.075487e+03 8.095914e+03 8.082062e+03 8.061635e+03
21.7 8.065373e+03 8.105655e+03 8.083902e+03 8.043620e+03
0.7 8.111606e+03 8.080797e+03 8.078751e+03 8.109561e+03
1.7 8.098219e+03 8.088998e+03 8.079530e+03 8.088751e+03
2.7 8.075487e+03 8.095914e+03 8.082062e+03 8.061635e+03
3.7 8.065373e+03 8.105655e+03 8.083902e+03 8.043620e+03
4.7 8.091178e+03 8.116864e+03 8.083136e+03 8.057450e+03
5.7 8.096403e+03 8.106890e+03 8.081285e+03 8.070798e+03
6.7 8.126276e+03 8.145378e+03 8.079779e+03 8.060677e+03
7.7 8.128964e+03 8.131221e+03 8.079605e+03 8.077348e+03
8.7 8.105919e+03 8.116662e+03 8.081650e+03 8.070907e+03
9.7 8.146040e+03 8.157306e+03 8.083352e+03 8.072086e+03
10.7 8.132835e+03 8.148069e+03 8.082640e+03 8.067406e+03
11.7 8.039526e+03 8.118867e+03 8.080916e+03 8.001575e+03
12.7 8.132396e+03 8.126446e+03 8.079529e+03 8.085479e+03
13.7 8.165267e+03 8.153910e+03 8.078727e+03 8.090085e+03
14.7 8.179664e+03 8.168150e+03 8.078349e+03 8.089863e+03
15.7 8.164244e+03 8.121258e+03 8.078236e+03 8.121222e+03
16.7 8.120983e+03 8.102460e+03 8.078276e+03 8.096800e+03
17.7 8.071859e+03 8.081510e+03 8.078386e+03 8.068735e+03
18.7 8.063539e+03 8.069470e+03 8.078504e+03 8.072573e+03
19.7 8.038130e+03 8.052530e+03 8.078599e+03 8.064200e+03
20.7 8.064817e+03 8.036649e+03 8.078664e+03 8.106832e+03
21.7 8.063250e+03 8.013159e+03 8.078947e+03 8.129038e+03
0.7 8.126276e+03 8.145378e+03 8.079779e+03 8.060677e+03
1.7 8.128964e+03 8.131221e+03 8.079605e+03 8.077348e+03
2.7 8.105919e+03 8.116662e+03 8.081650e+03 8.070907e+03
3.7 8.146040e+03 8.157306e+03 8.083352e+03 8.072086e+03
4.7 8.132835e+03 8.148069e+03 8.082640e+03 8.067406e+03
5.7 8.039526e+03 8.118867e+03 8.080916e+03 8.001575e+03
6.7 8.132396e+03 8.126446e+03 8.079529e+03 8.085479e+03
7.7 8.165267e+03 8.153910e+03 8.078727e+03 8.090085e+03
8.7 8.179664e+03 8.168150e+03 8.078349e+03 8.089863e+03
9.7 8.164244e+03 8.121258e+03 8.078236e+03 8.121222e+03
10.7 8.120983e+03 8.102460e+03 8.078276e+03 8.096800e+03
11.7 8.071859e+03 8.081510e+03 8.078386e+03 8.068735e+03
12.7 8.063539e+03 8.069470e+03 8.078504e+03 8.072573e+03
13.7 8.038130e+03 8.052530e+03 8.078599e+03 8.064200e+03
14.7 8.064817e+03 8.036649e+03 8.078664e+03 8.106832e+03
15.7 8.063250e+03 8.013159e+03 8.078947e+03 8.129038e+03
16.7 7.988292e+03 8.017135e+03 8.080818e+03 8.051976e+03
17.7 8.065741e+03 8.045770e+03 8.083380e+03 8.103350e+03
18.7 8.079319e+03 8.073483e+03 8.083631e+03 8.089467e+03
19.7 8.168354e+03 8.128166e+03 8.082006e+03 8.122194e+03
20.7 8.120949e+03 8.096291e+03 8.080291e+03 8.104949e+03
21.7 8.078369e+03 8.054884e+03 8.079163e+03 8.102648e+03
0.3 8.064817e+03 8.036649e+03 8.078664e+03 8.106832e+03
1.3 8.063250e+03 8.013159e+03 8.078947e+03 8.129038e+03
2.3 7.988292e+03 8.017135e+03 8.080818e+03 8.051976e+03
3.3 8.065741e+03 8.045770e+03 8.083380e+03 8.103350e+03
4.3 8.079319e+03 8.073483e+03 8.083631e+03 8.089467e+03
5.3 8.168354e+03 8.128166e+03 8.082006e+03 8.122194e+03
6.3 8.120949e+03 8.096291e+03 8.080291e+03 8.104949e+03
7.3 8.078369e+03 8.054884e+03 8.079163e+03 8.102648e+03
8.3 8.037189e+03 8.037598e+03 8.078561e+03 8.078152e+03
9.3 8.027493e+03 8.007157e+03 8.078309e+03 8.098645e+03
10.3 7.959514e+03 7.996052e+03 8.078273e+03 8.041734e+03
11.3 7.988068e+03 8.014106e+03 8.078350e+03 8.052312e+03
12.3 8.026910e+03 8.009371e+03 8.078463e+03 8.096002e+03
13.3 8.052228e+03 8.059038e+03 8.078567e+03 8.071756e+03
14.3 8.109033e+03 8.099665e+03 8.078642e+03 8.088010e+03
15.3 8.068735e+03 8.053386e+03 8.078690e+03 8.094039e+03
16.3 8.073704e+03 8.065474e+03 8.078718e+03 8.086948e+03
17.3 8.034198e+03 8.041525e+03 8.079181e+03 8.071854e+03
18.3 8.027341e+03 8.040737e+03 8.081395e+03 8.067999e+03
19.3 8.028587e+03 8.054950e+03 8.083664e+03 8.057301e+03
20.3 7.999849e+03 8.048767e+03 8.083392e+03 8.034474e+03
21.3 8.035170e+03 8.058507e+03 8.081632e+03 8.058295e+03
0.5 8.073704e+03 8.065474e+03 8.078718e+03 8.086948e+03
1.5 8.034198e+03 8.041525e+03 8.079181e+03 8.071854e+03
2.5 8.027341e+03 8.040737e+03 8.081395e+03 8.067999e+03
3.5 8.028587e+03 8.054950e+03 8.083664e+03 8.057301e+03
4.5 7.999849e+03 8.048767e+03 8.083392e+03 8.034474e+03
5.5 8.035170e+03 8.058507e+03 8.081632e+03 8.058295e+03
6.5 8.087430e+03 8.085039e+03 8.080016e+03 8.082407e+03
7.5 8.091986e+03 8.123656e+03 8.079006e+03 8.047336e+03
8.5 8.115578e+03 8.127998e+03 8.078487e+03 8.066067e+03
9.5 8.076286e+03 8.103171e+03 8.078288e+03 8.051403e+03
10.5 8.059482e+03 8.060794e+03 8.078282e+03 8.076970e+03
11.5 8.050223e+03 8.053499e+03 8.078382e+03 8.075107e+03
12.5 8.052442e+03 8.040318e+03 8.079227e+03 8.091351e+03
13.5 8.070711e+03 8.048257e+03 8.081824e+03 8.104278e+03
14.5 8.081465e+03 8.059751e+03 8.083800e+03 8.105514e+03
15.5 8.068179e+03 8.056761e+03 8.083238e+03 8.094657e+03
16.5 8.105982e+03 8.068871e+03 8.082819e+03 8.119931e+03
17.5 8.091316e+03 8.072062e+03 8.083987e+03 8.103241e+03
18.5 8.101361e+03 8.095329e+03 8.083952e+03 8.089984e+03
19.5 8.119308e+03 8.083268e+03 8.082505e+03 8.118546e+03
20.5 8.114343e+03 8.089737e+03 8.082663e+03 8.107269e+03
21.5 8.147722e+03 8.118873e+03 8.083817e+03 8.112666e+03
0.7 8.050223e+03 8.053499e+03 8.078382e+03 8.075107e+03
1.7 8.052442e+03 8.040318e+03 8.079227e+03 8.091351e+03
2.7 8.070711e+03 8.048257e+03 8.081824e+03 8.104278e+03
3.7 8.081465e+03 8.059751e+03 8.083800e+03 8.105514e+03
4.7 8.068179e+03 8.056761e+03 8.083238e+03 8.094657e+03
5.7 8.105982e+03 8.068871e+03 8.082819e+03 8.119931e+03
6.7 8.091316e+03 8.072062e+03 8.083987e+03 8.103241e+03
7.7 8.101361e+03 8.095329e+03 8.083952e+03 8.089984e+03
8.7 8.119308e+03 8.083268e+03 8.082505e+03 8.118546e+03
9.7 8.114343e+03 8.089737e+03 8.082663e+03 8.107269e+03
10.7 8.147722e+03 8.118873e+03 8.083817e+03 8.112666e+03
11.7 8.152678e+03 8.145567e+03 8.083124e+03 8.090234e+03
12.7 8.197784e+03 8.190651e+03 8.081179e+03 8.088311e+03
13.7 8.188735e+03 8.192172e+03 8.079519e+03 8.076082e+03
14.7 8.156786e+03 8.178210e+03 8.078926e+03 8.057502e+03
15.7 8.142296e+03 8.162629e+03 8.080580e+03 8.060247e+03
16.7 8.116626e+03 8.143063e+03 8.082894e+03 8.056457e+03
17.7 8.148699e+03 8.146392e+03 8.082913e+03 8.085220e+03
18.7 8.145284e+03 8.131623e+03 8.081344e+03 8.095005e+03
19.7 8.112096e+03 8.101765e+03 8.079832e+03 8.090164e+03
20.7 8.151433e+03 8.126938e+03 8.079214e+03 8.103710e+03
21.7 8.133578e+03 8.114759e+03 8.080752e+03 8.099571e+03
0.1 8.081465e+03 8.059751e+03 8.083800e+03 8.105514e+03
1.1 8.068179e+03 8.056761e+03 8.083238e+03 8.094657e+03
2.1 8.105982e+03 8.068871e+03 8.082819e+03 8.119931e+03
3.1 8.091316e+03 8.072062e+03 8.083987e+03 8.103241e+03
4.1 8.101361e+03 8.095329e+03 8.083952e+03 8.089984e+03
5.1 8.119308e+03 8.083268e+03 8.082505e+03 8.118546e+03
6.1 8.114343e+03 8.089737e+03 8.082663e+03 8.107269e+03
7.1 8.147722e+03 8.118873e+03 8.083817e+03 8.112666e+03
8.1 8.152678e+03 8.145567e+03 8.083124e+03 8.090234e+03
9.1 8.197784e+03 8.190651e+03 8.081179e+03 8.088311e+03
10.1 8.188735e+03 8.192172e+03 8.079519e+03 8.076082e+03
11.1 8.156786e+03 8.178210e+03 8.078926e+03 8.057502e+03
12.1 8.142296e+03 8.162629e+03 8.080580e+03 8.060247e+03
13.1 8.116626e+03 8.143063e+03 8.082894e+03 8.056457e+03
14.1 8.148699e+03 8.146392e+03 8.082913e+03 8.085220e+03
15.1 8.145284e+03 8.131623e+03 8.081344e+03 8.095005e+03
16.1 8.112096e+03 8.101765e+03 8.079832e+03 8.090164e+03
17.1 8.151433e+03 8.126938e+03 8.079214e+03 8.103710e+03
18.1 8.133578e+03 8.114759e+03 8.080752e+03 8.099571e+03
19.1 8.147203e+03 8.115488e+03 8.083026e+03 8.114741e+03
20.1 8.154301e+03 8.163317e+03 8.083052e+03 8.074035e+03
21.1 8.130845e+03 8.136916e+03 8.081459e+03 8.075388e+03
0.4 8.101361e+03 8.095329e+03 8.083952e+03 8.089984e+03
1.4 8.119308e+03 8.083268e+03 8.082505e+03 8.118546e+03
2.4 8.114343e+03 8.089737e+03 8.082663e+03 8.107269e+03
3.4 8.147722e+03 8.118873e+03 8.083817e+03 8.112666e+03
4.4 8.152678e+03 8.145567e+03 8.083124e+03 8.090234e+03
5.4 8.197784e+03 8.190651e+03 8.081179e+03 8.088311e+03
6.4 8.188735e+03 8.192172e+03 8.079519e+03 8.076082e+03
7.4 8.156786e+03 8.178210e+03 8.078926e+03 8.057502e+03
8.4 8.142296e+03 8.162629e+03 8.080580e+03 8.060247e+03
9.4 8.116626e+03 8.143063e+03 8.082894e+03 8.056457e+03
10.4 8.148699e+03 8.146392e+03 8.082913e+03 8.085220e+03
11.4 8.145284e+03 8.131623e+03 8.081344e+03 8.095005e+03
12.4 8.112096e+03 8.101765e+03 8.079832e+03 8.090164e+03
13.4 8.151433e+03 8.126938e+03 8.079214e+03 8.103710e+03
14.4 8.133578e+03 8.114759e+03 8.080752e+03 8.099571e+03
15.4 8.147203e+03 8.115488e+03 8.083026e+03 8.114741e+03
16.4 8.154301e+03 8.163317e+03 8.083052e+03 8.074035e+03
17.4 8.130845e+03 8.136916e+03 8.081459e+03 8.075388e+03
18.4 8.157662e+03 8.167253e+03 8.080426e+03 8.070835e+03
19.4 8.147138e+03 8.118443e+03 8.081750e+03 8.110446e+03
20.4 8.097303e+03 8.094679e+03 8.083418e+03 8.086042e+03
21.4 8.115115e+03 8.105226e+03 8.082822e+03 8.092711e+03
0.4 8.188735e+03 8.192172e+03 8.079519e+03 8.076082e+03
1.4 8.156786e+03 8.178210e+03 8.078926e+03 8.057502e+03
2.4 8.142296e+03 8.162629e+03 8.080580e+03 8.060247e+03
3.4 8.116626e+03 8.143063e+03 8.082894e+03 8.056457e+03
4.4 8.148699e+03 8.146392e+03 8.082913e+03 8.085220e+03
5.4 8.145284e+03 8.131623e+03 8.081344e+03 8.095005e+03
6.4 8.112096e+03 8.101765e+03 8.079832e+03 8.090164e+03
7.4 8.151433e+03 8.126938e+03 8.079214e+03 8.103710e+03
8.4 8.133578e+03 8.114759e+03 8.080752e+03 8.099571e+03
9.4 8.147203e+03 8.115488e+03 8.083026e+03 8.114741e+03
10.4 8.154301e+03 8.163317e+03 8.083052e+03 8.074035e+03
11.4 8.130845e+03 8.136916e+03 8.081459e+03 8.075388e+03
12.4 8.157662e+03 8.167253e+03 8.080426e+03 8.070835e+03
13.4 8.147138e+03 8.118443e+03 8.081750e+03 8.110446e+03
14.4 8.097303e+03 8.094679e+03 8.083418e+03 8.086042e+03
15.4 8.115115e+03 8.105226e+03 8.082822e+03 8.092711e+03
16.4 8.064095e+03 8.092768e+03 8.081038e+03 8.052366e+03
17.4 8.088680e+03 8.130150e+03 8.079549e+03 8.038079e+03
18.4 8.081198e+03 8.164446e+03 8.078692e+03 7.995445e+03
19.4 8.037957e+03 8.102420e+03 8.078300e+03 8.013837e+03
20.4 8.051511e+03 8.067879e+03 8.078333e+03 8.061966e+03
21.4 8.020860e+03 8.039365e+03 8.079953e+03 8.061448e+03
0.4 8.112096e+03 8.101765e+03 8.079832e+03 8.090164e+03
1.4 8.151433e+03 8.126938e+03 8.079214e+03 8.103710e+03
2.4 8.133578e+03 8.114759e+03 8.080752e+03 8.099571e+03
3.4 8.147203e+03 8.115488e+03 8.083026e+03 8.114741e+03
4.4 8.154301e+03 8.163317e+03 8.083052e+03 8.074035e+03
5.4 8.130845e+03 8.136916e+03 8.081459e+03 8.075388e+03
6.4 8.157662e+03 8.167253e+03 8.080426e+03 8.070835e+03
7.4 8.147138e+03 8.118443e+03 8.081750e+03 8.110446e+03
8.4 8.097303e+03 8.094679e+03 8.083418e+03 8.086042e+03
9.4 8.115115e+03 8.105226e+03 8.082822e+03 8.092711e+03
10.4 8.064095e+03 8.092768e+03 8.081038e+03 8.052366e+03
11.4 8.088680e+03 8.130150e+03 8.079549e+03 8.038079e+03
12.4 8.081198e+03 8.164446e+03 8.078692e+03 7.995445e+03
13.4 8.037957e+03 8.102420e+03 8.078300e+03 8.013837e+03
14.4 8.051511e+03 8.067879e+03 8.078333e+03 8.061966e+03
15.4 8.020860e+03 8.039365e+03 8.079953e+03 8.061448e+03
16.4 8.004875e+03 8.049588e+03 8.082733e+03 8.038021e+03
17.4 7.985652e+03 8.026045e+03 8.083503e+03 8.043110e+03
18.4 7.971547e+03 7.999069e+03 8.082607e+03 8.055085e+03
19.4 8.024585e+03 8.054496e+03 8.083160e+03 8.053248e+03
20.4 8.055974e+03 8.067637e+03 8.084199e+03 8.072536e+03
21.4 8.045710e+03 8.060673e+03 8.083255e+03 8.068292e+03
0.5 8.130845e+03 8.136916e+03 8.081459e+03 8.075388e+03
1.5 8.157662e+03 8.167253e+03 8.080426e+03 8.070835e+03
2.5 8.147138e+03 8.118443e+03 8.081750e+03 8.110446e+03
3.5 8.097303e+03 8.094679e+03 8.083418e+03 8.086042e+03
4.5 8.115115e+03 8.105226e+03 8.082822e+03 8.092711e+03
5.5 8.064095e+03 8.092768e+03 8.081038e+03 8.052366e+03
6.5 8.088680e+03 8.130150e+03 8.079549e+03 8.038079e+03
7.5 8.081198e+03 8.164446e+03 8.078692e+03 7.995445e+03
8.5 8.037957e+03 8.102420e+03 8.078300e+03 8.013837e+03
9.5 8.051511e+03 8.067879e+03 8.078333e+03 8.061966e+03
10.5 8.020860e+03 8.039365e+03 8.079953e+03 8.061448e+03
11.5 8.004875e+03 8.049588e+03 8.082733e+03 8.038021e+03
12.5 7.985652e+03 8.026045e+03 8.083503e+03 8.043110e+03
13.5 7.971547e+03 7.999069e+03 8.082607e+03 8.055085e+03
14.5 8.024585e+03 8.054496e+03 8.083160e+03 8.053248e+03
15.5 8.055974e+03 8.067637e+03 8.084199e+03 8.072536e+03
16.5 8.045710e+03 8.060673e+03 8.083255e+03 8.068292e+03
17.5 8.115469e+03 8.083318e+03 8.082275e+03 8.114426e+03
18.5 8.100710e+03 8.083285e+03 8.083278e+03 8.100704e+03
19.5 8.114093e+03 8.087616e+03 8.083703e+03 8.110180e+03
20.5 8.139989e+03 8.094854e+03 8.082414e+03 8.127549e+03
21.5 8.127221e+03 8.104522e+03 8.082294e+03 8.104992e+03
0.1 8.037957e+03 8.102420e+03 8.078300e+03 8.013837e+03
1.1 8.051511e+03 8.067879e+03 8.078333e+03 8.061966e+03
2.1 8.020860e+03 8.039365e+03 8.079953e+03 8.061448e+03
3.1 8.004875e+03 8.049588e+03 8.082733e+03 8.038021e+03
4.1 7.985652e+03 8.026045e+03 8.083503e+03 8.043110e+03
5.1 7.971547e+03 7.999069e+03 8.082607e+03 8.055085e+03
6.1 8.024585e+03 8.054496e+03 8.083160e+03 8.053248e+03
7.1 8.055974e+03 8.067637e+03 8.084199e+03 8.072536e+03
8.1 8.045710e+03 8.060673e+03 8.083255e+03 8.068292e+03
9.1 8.115469e+03 8.083318e+03 8.082275e+03 8.114426e+03
10.1 8.100710e+03 8.083285e+03 8.083278e+03 8.100704e+03
11.1 8.114093e+03 8.087616e+03 8.083703e+03 8.110180e+03
12.1 8.139989e+03 8.094854e+03 8.082414e+03 8.127549e+03
13.1 8.127221e+03 8.104522e+03 8.082294e+03 8.104992e+03
14.1 8.166883e+03 8.160027e+03 8.083573e+03 8.090429e+03
15.1 8.161817e+03 8.150924e+03 8.083249e+03 8.094142e+03
16.1 8.126347e+03 8.127911e+03 8.081417e+03 8.079854e+03
17.1 8.140748e+03 8.155823e+03 8.079693e+03 8.064619e+03
18.1 8.162515e+03 8.118997e+03 8.078887e+03 8.122405e+03
19.1 8.128018e+03 8.140358e+03 8.080221e+03 8.067881e+03
20.1 8.165409e+03 8.135313e+03 8.082712e+03 8.112807e+03
21.1 8.233078e+03 8.156199e+03 8.083150e+03 8.160028e+03
0.5 7.985652e+03 8.026045e+03 8.083503e+03 8.043110e+03
1.5 7.971547e+03 7.999069e+03 8.082607e+03 8.055085e+03
2.5 8.024585e+03 8.054496e+03 8.083160e+03 8.053248e+03
3.5 8.055974e+03 8.067637e+03 8.084199e+03 8.072536e+03
4.5 8.045710e+03 8.060673e+03 8.083255e+03 8.068292e+03
5.5 8.115469e+03 8.083318e+03 8.082275e+03 8.114426e+03
6.5 8.100710e+03 8.083285e+03 8.083278e+03 8.100704e+03
7.5 8.114093e+03 8.087616e+03 8.083703e+03 8.110180e+03
8.5 8.139989e+03 8.094854e+03 8.082414e+03 8.127549e+03
9.5 8.127221e+03 8.104522e+03 8.082294e+03 8.104992e+03
10.5 8.166883e+03 8.160027e+03 8.083573e+03 8.090429e+03
11.5 8.161817e+03 8.150924e+03 8.083249e+03 8.094142e+03
12.5 8.126347e+03 8.127911e+03 8.081417e+03 8.079854e+03
13.5 8.140748e+03 8.155823e+03 8.079693e+03 8.064619e+03
14.5 8.162515e+03 8.118997e+03 8.078887e+03 8.122405e+03
15.5 8.128018e+03 8.140358e+03 8.080221e+03 8.067881e+03
16.5 8.165409e+03 8.135313e+03 8.082712e+03 8.112807e+03
17.5 8.233078e+03 8.156199e+03 8.083150e+03 8.160028e+03
18.5 8.190964e+03 8.150934e+03 8.082284e+03 8.122314e+03
19.5 8.185369e+03 8.150884e+03 8.083055e+03 8.117540e+03
20.5 8.126877e+03 8.123116e+03 8.084046e+03 8.087807e+03
21.5 8.079182e+03 8.096575e+03 8.082955e+03 8.065563e+03
0.9 8.045710e+03 8.060673e+03 8.083255e+03 8.068292e+03
1.9 8.115469e+03 8.083318e+03 8.082275e+03 8.114426e+03
2.9 8.100710e+03 8.083285e+03 8.083278e+03 8.100704e+03
3.9 8.114093e+03 8.087616e+03 8.083703e+03 8.110180e+03
4.9 8.139989e+03 8.094854e+03 8.082414e+03 8.127549e+03
5.9 8.127221e+03 8.104522e+03 8.082294e+03 8.104992e+03
6.9 8.166883e+03 8.160027e+03 8.083573e+03 8.090429e+03
7.9 8.161817e+03 8.150924e+03 8.083249e+03 8.094142e+03
8.9 8.126347e+03 8.127911e+03 8.081417e+03 8.079854e+03
9.9 8.140748e+03 8.155823e+03 8.079693e+03 8.064619e+03
10.9 8.162515e+03 8.118997e+03 8.078887e+03 8.122405e+03
11.9 8.128018e+03 8.140358e+03 8.080221e+03 8.067881e+03
12.9 8.165409e+03 8.135313e+03 8.082712e+03 8.112807e+03
13.9 8.233078e+03 8.156199e+03 8.083150e+03 8.160028e+03
14.9 8.190964e+03 8.150934e+03 8.082284e+03 8.122314e+03
15.9 8.185369e+03 8.150884e+03 8.083055e+03 8.117540e+03
16.9 8.126877e+03 8.123116e+03 8.084046e+03 8.087807e+03
17.9 8.079182e+03 8.096575e+03 8.082955e+03 8.065563e+03
18.9 8.059338e+03 8.075359e+03 8.080959e+03 8.064937e+03
19.9 8.047119e+03 8.049912e+03 8.080312e+03 8.077519e+03
20.9 8.092706e+03 8.078906e+03 8.082072e+03 8.095872e+03
21.9 8.099621e+03 8.082052e+03 8.083349e+03 8.100918e+03
0.3 8.114093e+03 8.087616e+03 8.083703e+03 8.110180e+03
1.3 8.139989e+03 8.094854e+03 8.082414e+03 8.127549e+03
2.3 8.127221e+03 8.104522e+03 8.082294e+03 8.104992e+03
3.3 8.166883e+03 8.160027e+03 8.083573e+03 8.090429e+03
4.3 8.161817e+03 8.150924e+03 8.083249e+03 8.094142e+03
5.3 8.126347e+03 8.127911e+03 8.081417e+03 8.079854e+03
6.3 8.140748e+03 8.155823e+03 8.079693e+03 8.064619e+03
7.3 8.162515e+03 8.118997e+03 8.078887e+03 8.122405e+03
8.3 8.128018e+03 8.140358e+03 8.080221e+03 8.067881e+03
9.3 8.165409e+03 8.135313e+03 8.082712e+03 8.112807e+03
10.3 8.233078e+03 8.156199e+03 8.083150e+03 8.160028e+03
11.3 8.190964e+03 8.150934e+03 8.082284e+03 8.122314e+03
12.3 8.185369e+03 8.150884e+03 8.083055e+03 8.117540e+03
13.3 8.126877e+03 8.123116e+03 8.084046e+03 8.087807e+03
14.3 8.079182e+03 8.096575e+03 8.082955e+03 8.065563e+03
15.3 8.059338e+03 8.075359e+03 8.080959e+03 8.064937e+03
16.3 8.047119e+03 8.049912e+03 8.080312e+03 8.077519e+03
17.3 8.092706e+03 8.078906e+03 8.082072e+03 8.095872e+03
18.3 8.099621e+03 8.082052e+03 8.083349e+03 8.100918e+03
19.3 8.078610e+03 8.081571e+03 8.082346e+03 8.079386e+03
20.3 8.103370e+03 8.108862e+03 8.080575e+03 8.075083e+03
21.3 8.097067e+03 8.096349e+03 8.079274e+03 8.079991e+03
0.3 8.140748e+03 8.155823e+03 8.079693e+03 8.064619e+03
1.3 8.162515e+03 8.118997e+03 8.078887e+03 8.122405e+03
2.3 8.128018e+03 8.140358e+03 8.080221e+03 8.067881e+03
3.3 8.165409e+03 8.135313e+03 8.082712e+03 8.112807e+03
4.3 8.233078e+03 8.156199e+03 8.083150e+03 8.160028e+03
5.3 8.190964e+03 8.150934e+03 8.082284e+03 8.122314e+03
6.3 8.185369e+03 8.150884e+03 8.083055e+03 8.117540e+03
7.3 8.126877e+03 8.123116e+03 8.084046e+03 8.087807e+03
8.3 8.079182e+03 8.096575e+03 8.082955e+03 8.065563e+03
9.3 8.059338e+03 8.075359e+03 8.080959e+03 8.064937e+03
10.3 8.047119e+03 8.049912e+03 8.080312e+03 8.077519e+03
11.3 8.092706e+03 8.078906e+03 8.082072e+03 8.095872e+03
12.3 8.099621e+03 8.082052e+03 8.083349e+03 8.100918e+03
13.3 8.078610e+03 8.081571e+03 8.082346e+03 8.079386e+03
14.3 8.103370e+03 8.108862e+03 8.080575e+03 8.075083e+03
15.3 8.097067e+03 8.096349e+03 8.079274e+03 8.079991e+03
16.3 8.094437e+03 8.068087e+03 8.079382e+03 8.105731e+03
17.3 8.120239e+03 8.094904e+03 8.081629e+03 8.106963e+03
18.3 8.130140e+03 8.091317e+03 8.083285e+03 8.122109e+03
19.3 8.067971e+03 8.095837e+03 8.082509e+03 8.054643e+03
20.3 8.043534e+03 8.096200e+03 8.080804e+03 8.028139e+03
21.3 8.030719e+03 8.093639e+03 8.079477e+03 8.016557e+03
0.6 8.233078e+03 8.156199e+03 8.083150e+03 8.160028e+03
1.6 8.190964e+03 8.150934e+03 8.082284e+03 8.122314e+03
2.6 8.185369e+03 8.150884e+03 8.083055e+03 8.117540e+03
3.6 8.126877e+03 8.123116e+03 8.084046e+03 8.087807e+03
4.6 8.079182e+03 8.096575e+03 8.082955e+03 8.065563e+03
5.6 8.059338e+03 8.075359e+03 8.080959e+03 8.064937e+03
6.6 8.047119e+03 8.049912e+03 8.080312e+03 8.077519e+03
7.6 8.092706e+03 8.078906e+03 8.082072e+03 8.095872e+03
8.6 8.099621e+03 8.082052e+03 8.083349e+03 8.100918e+03
9.6 8.078610e+03 8.081571e+03 8.082346e+03 8.079386e+03
10.6 8.103370e+03 8.108862e+03 8.080575e+03 8.075083e+03
11.6 8.097067e+03 8.096349e+03 8.079274e+03 8.079991e+03
12.6 8.094437e+03 8.068087e+03 8.079382e+03 8.105731e+03
13.6 8.120239e+03 8.094904e+03 8.081629e+03 8.106963e+03
14.6 8.130140e+03 8.091317e+03 8.083285e+03 8.122109e+03
15.6 8.067971e+03 8.095837e+03 8.082509e+03 8.054643e+03
16.6 8.043534e+03 8.096200e+03 8.080804e+03 8.028139e+03
17.6 8.030719e+03 8.093639e+03 8.079477e+03 8.016557e+03
18.6 8.052965e+03 8.112452e+03 8.079485e+03 8.019997e+03
19.6 8.072409e+03 8.098362e+03 8.081649e+03 8.055696e+03
20.6 8.064824e+03 8.110356e+03 8.083332e+03 8.037800e+03
21.6 8.106372e+03 8.138550e+03 8.082700e+03 8.050522e+03
0.8 8.059338e+03 8.075359e+03 8.080959e+03 8.064937e+03
1.8 8.047119e+03 8.049912e+03 8.080312e+03 8.077519e+03
2.8 8.092706e+03 8.078906e+03 8.082072e+03 8.095872e+03
3.8 8.099621e+03 8.082052e+03 8.083349e+03 8.100918e+03
4.8 8.078610e+03 8.081571e+03 8.082346e+03 8.079386e+03
5.8 8.103370e+03 8.108862e+03 8.080575e+03 8.075083e+03
6.8 8.097067e+03 8.096349e+03 8.079274e+03 8.079991e+03
7.8 8.094437e+03 8.068087e+03 8.079382e+03 8.105731e+03
8.8 8.120239e+03 8.094904e+03 8.081629e+03 8.106963e+03
9.8 8.130140e+03 8.091317e+03 8.083285e+03 8.122109e+03
10.8 8.067971e+03 8.095837e+03 8.082509e+03 8.054643e+03
11.8 8.043534e+03 8.096200e+03 8.080804e+03 8.028139e+03
12.8 8.030719e+03 8.093639e+03 8.079477e+03 8.016557e+03
13.8 8.052965e+03 8.112452e+03 8.079485e+03 8.019997e+03
14.8 8.072409e+03 8.098362e+03 8.081649e+03 8.055696e+03
15.8 8.064824e+03 8.110356e+03 8.083332e+03 8.037800e+03
16.8 8.106372e+03 8.138550e+03 8.082700e+03 8.050522e+03
17.8 8.103371e+03 8.105249e+03 8.082442e+03 8.080564e+03
18.8 8.110927e+03 8.100095e+03 8.083758e+03 8.094590e+03
19.8 8.137652e+03 8.098012e+03 8.083771e+03 8.123411e+03
20.8 8.193391e+03 8.146685e+03 8.081987e+03 8.128693e+03
21.8 8.152488e+03 8.135303e+03 8.080088e+03 8.097274e+03
0.7 8.097067e+03 8.096349e+03 8.079274e+03 8.079991e+03
1.7 8.094437e+03 8.068087e+03 8.079382e+03 8.105731e+03
2.7 8.120239e+03 8.094904e+03 8.081629e+03 8.106963e+03
3.7 8.130140e+03 8.091317e+03 8.083285e+03 8.122109e+03
4.7 8.067971e+03 8.095837e+03 8.082509e+03 8.054643e+03
5.7 8.043534e+03 8.096200e+03 8.080804e+03 8.028139e+03
6.7 8.030719e+03 8.093639e+03 8.079477e+03 8.016557e+03
7.7 8.052965e+03 8.112452e+03 8.079485e+03 8.019997e+03
8.7 8.072409e+03 8.098362e+03 8.081649e+03 8.055696e+03
9.7 8.064824e+03 8.110356e+03 8.083332e+03 8.037800e+03
10.7 8.106372e+03 8.138550e+03 8.082700e+03 8.050522e+03
11.7 8.103371e+03 8.105249e+03 8.082442e+03 8.080564e+03
12.7 8.110927e+03 8.100095e+03 8.083758e+03 8.094590e+03
13.7 8.137652e+03 8.098012e+03 8.083771e+03 8.123411e+03
14.7 8.193391e+03 8.146685e+03 8.081987e+03 8.128693e+03
15.7 8.152488e+03 8.135303e+03 8.080088e+03 8.097274e+03
16.7 8.140443e+03 8.132422e+03 8.078879e+03 8.086900e+03
17.7 8.160097e+03 8.140575e+03 8.078296e+03 8.097819e+03
18.7 8.131658e+03 8.115366e+03 8.078104e+03 8.094396e+03
19.7 8.039894e+03 8.029628e+03 8.078128e+03 8.088394e+03
20.7 8.034750e+03 8.020382e+03 8.078253e+03 8.092621e+03
21.7 8.041608e+03 7.996877e+03 8.078402e+03 8.123133e+03
0.7 8.030719e+03 8.093639e+03 8.079477e+03 8.016557e+03
1.7 8.052965e+03 8.112452e+03 8.079485e+03 8.019997e+03
2.7 8.072409e+03 8.098362e+03 8.081649e+03 8.055696e+03
3.7 8.064824e+03 8.110356e+03 8.083332e+03 8.037800e+03
4.7 8.106372e+03 8.138550e+03 8.082700e+03 8.050522e+03
5.7 8.103371e+03 8.105249e+03 8.082442e+03 8.080564e+03
6.7 8.110927e+03 8.100095e+03 8.083758e+03 8.094590e+03
7.7 8.137652e+03 8.098012e+03 8.083771e+03 8.123411e+03
8.7 8.193391e+03 8.146685e+03 8.081987e+03 8.128693e+03
9.7 8.152488e+03 8.135303e+03 8.080088e+03 8.097274e+03
10.7 8.140443e+03 8.132422e+03 8.078879e+03 8.086900e+03
11.7 8.160097e+03 8.140575e+03 8.078296e+03 8.097819e+03
12.7 8.131658e+03 8.115366e+03 8.078104e+03 8.094396e+03
13.7 8.039894e+03 8.029628e+03 8.078128e+03 8.088394e+03
14.7 8.034750e+03 8.020382e+03 8.078253e+03 8.092621e+03
15.7 8.041608e+03 7.996877e+03 8.078402e+03 8.123133e+03
16.7 8.059851e+03 7.993317e+03 8.078530e+03 8.145064e+03
17.7 8.038185e+03 7.993525e+03 8.078622e+03 8.123282e+03
18.7 8.058727e+03 7.996577e+03 8.078679e+03 8.140829e+03
19.7 8.054792e+03 7.996767e+03 8.078711e+03 8.136736e+03
20.7 7.995362e+03 7.994197e+03 8.078727e+03 8.079892e+03
21.7 8.010353e+03 7.998557e+03 8.078735e+03 8.090532e+03
0.1 8.064824e+03 8.110356e+03 8.083332e+03 8.037800e+03
1.1 8.106372e+03 8.138550e+03 8.082700e+03 8.050522e+03
2.1 8.103371e+03 8.105249e+03 8.082442e+03 8.080564e+03
3.1 8.110927e+03 8.100095e+03 8.083758e+03 8.094590e+03
4.1 8.137652e+03 8.098012e+03 8.083771e+03 8.123411e+03
5.1 8.193391e+03 8.146685e+03 8.081987e+03 8.128693e+03
6.1 8.152488e+03 8.135303e+03 8.080088e+03 8.097274e+03
7.1 8.140443e+03 8.132422e+03 8.078879e+03 8.086900e+03
8.1 8.160097e+03 8.140575e+03 8.078296e+03 8.097819e+03
9.1 8.131658e+03 8.115366e+03 8.078104e+03 8.094396e+03
10.1 8.039894e+03 8.029628e+03 8.078128e+03 8.088394e+03
11.1 8.034750e+03 8.020382e+03 8.078253e+03 8.092621e+03
12.1 8.041608e+03 7.996877e+03 8.078402e+03 8.123133e+03
13.1 8.059851e+03 7.993317e+03 8.078530e+03 8.145064e+03
14.1 8.038185e+03 7.993525e+03 8.078622e+03 8.123282e+03
15.1 8.058727e+03 7.996577e+03 8.078679e+03 8.140829e+03
16.1 8.054792e+03 7.996767e+03 8.078711e+03 8.136736e+03
17.1 7.995362e+03 7.994197e+03 8.078727e+03 8.079892e+03
18.1 8.010353e+03 7.998557e+03 8.078735e+03 8.090532e+03
19.1 7.928433e+03 7.990055e+03 8.078739e+03 8.017116e+03
20.1 7.870279e+03 7.929117e+03 8.078740e+03 8.019902e+03
21.1 7.858095e+03 7.939290e+03 8.078741e+03 7.997546e+03
