0.2 1.250403e+03 1.361593e+03 1.441145e+03 1.329955e+03
1.2 1.294285e+03 1.357830e+03 1.440895e+03 1.377350e+03
2.2 1.301105e+03 1.373163e+03 1.439252e+03 1.367195e+03
3.2 1.274982e+03 1.323113e+03 1.438274e+03 1.390143e+03
4.2 1.330491e+03 1.356790e+03 1.438885e+03 1.412585e+03
5.2 1.387557e+03 1.335106e+03 1.439923e+03 1.492374e+03
6.2 1.416457e+03 1.377775e+03 1.440690e+03 1.479371e+03
7.2 1.417404e+03 1.404085e+03 1.441127e+03 1.454446e+03
8.2 1.376318e+03 1.404829e+03 1.441336e+03 1.412824e+03
9.2 1.361579e+03 1.380507e+03 1.441400e+03 1.422472e+03
10.2 1.357294e+03 1.388373e+03 1.441379e+03 1.410300e+03
11.2 1.451055e+03 1.447191e+03 1.440808e+03 1.444672e+03
12.2 1.514364e+03 1.436415e+03 1.438991e+03 1.516939e+03
13.2 1.457042e+03 1.429756e+03 1.438378e+03 1.465664e+03
14.2 1.495442e+03 1.448218e+03 1.439113e+03 1.486337e+03
15.2 1.505613e+03 1.409189e+03 1.438903e+03 1.535327e+03
16.2 1.339216e+03 1.387482e+03 1.438077e+03 1.389811e+03
17.2 1.530954e+03 1.418522e+03 1.438615e+03 1.551047e+03
18.2 1.416930e+03 1.416974e+03 1.439799e+03 1.439755e+03
19.2 1.470703e+03 1.467686e+03 1.440725e+03 1.443742e+03
20.2 1.487616e+03 1.472431e+03 1.441232e+03 1.456416e+03
0.4 1.357294e+03 1.388373e+03 1.441379e+03 1.410300e+03
1.4 1.451055e+03 1.447191e+03 1.440808e+03 1.444672e+03
2.4 1.514364e+03 1.436415e+03 1.438991e+03 1.516939e+03
3.4 1.457042e+03 1.429756e+03 1.438378e+03 1.465664e+03
4.4 1.495442e+03 1.448218e+03 1.439113e+03 1.486337e+03
5.4 1.505613e+03 1.409189e+03 1.438903e+03 1.535327e+03
6.4 1.339216e+03 1.387482e+03 1.438077e+03 1.389811e+03
7.4 1.530954e+03 1.418522e+03 1.438615e+03 1.551047e+03
8.4 1.416930e+03 1.416974e+03 1.439799e+03 1.439755e+03
9.4 1.470703e+03 1.467686e+03 1.440725e+03 1.443742e+03
10.4 1.487616e+03 1.472431e+03 1.441232e+03 1.456416e+03
11.4 1.506060e+03 1.438668e+03 1.441447e+03 1.508839e+03
12.4 1.398156e+03 1.403211e+03 1.441495e+03 1.436440e+03
13.4 1.450966e+03 1.455735e+03 1.441453e+03 1.436684e+03
14.4 1.364394e+03 1.402456e+03 1.441376e+03 1.403314e+03
15.4 1.385369e+03 1.450156e+03 1.441297e+03 1.376510e+03
16.4 1.483806e+03 1.476820e+03 1.441236e+03 1.448221e+03
17.4 1.526558e+03 1.483287e+03 1.441194e+03 1.484465e+03
18.4 1.504378e+03 1.486071e+03 1.441170e+03 1.459477e+03
19.4 1.457307e+03 1.419824e+03 1.441157e+03 1.478639e+03
20.4 1.375443e+03 1.432103e+03 1.440844e+03 1.384184e+03
0.8 1.495442e+03 1.448218e+03 1.439113e+03 1.486337e+03
1.8 1.505613e+03 1.409189e+03 1.438903e+03 1.535327e+03
2.8 1.339216e+03 1.387482e+03 1.438077e+03 1.389811e+03
3.8 1.530954e+03 1.418522e+03 1.438615e+03 1.551047e+03
4.8 1.416930e+03 1.416974e+03 1.439799e+03 1.439755e+03
5.8 1.470703e+03 1.467686e+03 1.440725e+03 1.443742e+03
6.8 1.487616e+03 1.472431e+03 1.441232e+03 1.456416e+03
7.8 1.506060e+03 1.438668e+03 1.441447e+03 1.508839e+03
8.8 1.398156e+03 1.403211e+03 1.441495e+03 1.436440e+03
9.8 1.450966e+03 1.455735e+03 1.441453e+03 1.436684e+03
10.8 1.364394e+03 1.402456e+03 1.441376e+03 1.403314e+03
11.8 1.385369e+03 1.450156e+03 1.441297e+03 1.376510e+03
12.8 1.483806e+03 1.476820e+03 1.441236e+03 1.448221e+03
13.8 1.526558e+03 1.483287e+03 1.441194e+03 1.484465e+03
14.8 1.504378e+03 1.486071e+03 1.441170e+03 1.459477e+03
15.8 1.457307e+03 1.419824e+03 1.441157e+03 1.478639e+03
16.8 1.375443e+03 1.432103e+03 1.440844e+03 1.384184e+03
17.8 1.421029e+03 1.428902e+03 1.439153e+03 1.431280e+03
18.8 1.393887e+03 1.422938e+03 1.438276e+03 1.409224e+03
19.8 1.457267e+03 1.447869e+03 1.438944e+03 1.448342e+03
20.8 1.617977e+03 1.425084e+03 1.439976e+03 1.632870e+03
0.2 1.457307e+03 1.419824e+03 1.441157e+03 1.478639e+03
1.2 1.375443e+03 1.432103e+03 1.440844e+03 1.384184e+03
2.2 1.421029e+03 1.428902e+03 1.439153e+03 1.431280e+03
3.2 1.393887e+03 1.422938e+03 1.438276e+03 1.409224e+03
4.2 1.457267e+03 1.447869e+03 1.438944e+03 1.448342e+03
5.2 1.617977e+03 1.425084e+03 1.439976e+03 1.632870e+03
6.2 1.457397e+03 1.446166e+03 1.440723e+03 1.451953e+03
7.2 1.393188e+03 1.419529e+03 1.441144e+03 1.414803e+03
8.2 1.508621e+03 1.517105e+03 1.441343e+03 1.432859e+03
9.2 1.547819e+03 1.485785e+03 1.441353e+03 1.503386e+03
10.2 1.416042e+03 1.485773e+03 1.440132e+03 1.370401e+03
11.2 1.406126e+03 1.469606e+03 1.438572e+03 1.375092e+03
12.2 1.409489e+03 1.446379e+03 1.438679e+03 1.401789e+03
13.2 1.575777e+03 1.469574e+03 1.439342e+03 1.545545e+03
14.2 1.446842e+03 1.448266e+03 1.438510e+03 1.437086e+03
15.2 1.423459e+03 1.399855e+03 1.438155e+03 1.461759e+03
16.2 1.497585e+03 1.504551e+03 1.439091e+03 1.432124e+03
17.2 1.489085e+03 1.462498e+03 1.440225e+03 1.466812e+03
18.2 1.370510e+03 1.434906e+03 1.440972e+03 1.376577e+03
19.2 1.395418e+03 1.457480e+03 1.441343e+03 1.379282e+03
20.2 1.489445e+03 1.487865e+03 1.441480e+03 1.443060e+03
0.8 1.547819e+03 1.485785e+03 1.441353e+03 1.503386e+03
1.8 1.416042e+03 1.485773e+03 1.440132e+03 1.370401e+03
2.8 1.406126e+03 1.469606e+03 1.438572e+03 1.375092e+03
3.8 1.409489e+03 1.446379e+03 1.438679e+03 1.401789e+03
4.8 1.575777e+03 1.469574e+03 1.439342e+03 1.545545e+03
5.8 1.446842e+03 1.448266e+03 1.438510e+03 1.437086e+03
6.8 1.423459e+03 1.399855e+03 1.438155e+03 1.461759e+03
7.8 1.497585e+03 1.504551e+03 1.439091e+03 1.432124e+03
8.8 1.489085e+03 1.462498e+03 1.440225e+03 1.466812e+03
9.8 1.370510e+03 1.434906e+03 1.440972e+03 1.376577e+03
10.8 1.395418e+03 1.457480e+03 1.441343e+03 1.379282e+03
11.8 1.489445e+03 1.487865e+03 1.441480e+03 1.443060e+03
12.8 1.511276e+03 1.529025e+03 1.441484e+03 1.423735e+03
13.8 1.447805e+03 1.454433e+03 1.441423e+03 1.434795e+03
14.8 1.510864e+03 1.509683e+03 1.441343e+03 1.442524e+03
15.8 1.451519e+03 1.466380e+03 1.441270e+03 1.426409e+03
16.8 1.483542e+03 1.471069e+03 1.440880e+03 1.453352e+03
17.8 1.411191e+03 1.466119e+03 1.439140e+03 1.384213e+03
18.8 1.430105e+03 1.420912e+03 1.438295e+03 1.447488e+03
19.8 1.456193e+03 1.439784e+03 1.438982e+03 1.455391e+03
20.8 1.482274e+03 1.434843e+03 1.440006e+03 1.487437e+03
0.2 1.409489e+03 1.446379e+03 1.438679e+03 1.401789e+03
1.2 1.575777e+03 1.469574e+03 1.439342e+03 1.545545e+03
2.2 1.446842e+03 1.448266e+03 1.438510e+03 1.437086e+03
3.2 1.423459e+03 1.399855e+03 1.438155e+03 1.461759e+03
4.2 1.497585e+03 1.504551e+03 1.439091e+03 1.432124e+03
5.2 1.489085e+03 1.462498e+03 1.440225e+03 1.466812e+03
6.2 1.370510e+03 1.434906e+03 1.440972e+03 1.376577e+03
7.2 1.395418e+03 1.457480e+03 1.441343e+03 1.379282e+03
8.2 1.489445e+03 1.487865e+03 1.441480e+03 1.443060e+03
9.2 1.511276e+03 1.529025e+03 1.441484e+03 1.423735e+03
10.2 1.447805e+03 1.454433e+03 1.441423e+03 1.434795e+03
11.2 1.510864e+03 1.509683e+03 1.441343e+03 1.442524e+03
12.2 1.451519e+03 1.466380e+03 1.441270e+03 1.426409e+03
13.2 1.483542e+03 1.471069e+03 1.440880e+03 1.453352e+03
14.2 1.411191e+03 1.466119e+03 1.439140e+03 1.384213e+03
15.2 1.430105e+03 1.420912e+03 1.438295e+03 1.447488e+03
16.2 1.456193e+03 1.439784e+03 1.438982e+03 1.455391e+03
17.2 1.482274e+03 1.434843e+03 1.440006e+03 1.487437e+03
18.2 1.496769e+03 1.471191e+03 1.440740e+03 1.466318e+03
19.2 1.494011e+03 1.459560e+03 1.440816e+03 1.475267e+03
20.2 1.461546e+03 1.453468e+03 1.439304e+03 1.447381e+03
0.3 1.451519e+03 1.466380e+03 1.441270e+03 1.426409e+03
1.3 1.483542e+03 1.471069e+03 1.440880e+03 1.453352e+03
2.3 1.411191e+03 1.466119e+03 1.439140e+03 1.384213e+03
3.3 1.430105e+03 1.420912e+03 1.438295e+03 1.447488e+03
4.3 1.456193e+03 1.439784e+03 1.438982e+03 1.455391e+03
5.3 1.482274e+03 1.434843e+03 1.440006e+03 1.487437e+03
6.3 1.496769e+03 1.471191e+03 1.440740e+03 1.466318e+03
7.3 1.494011e+03 1.459560e+03 1.440816e+03 1.475267e+03
8.3 1.461546e+03 1.453468e+03 1.439304e+03 1.447381e+03
9.3 1.482354e+03 1.492131e+03 1.438533e+03 1.428756e+03
10.3 1.492932e+03 1.485590e+03 1.439193e+03 1.446536e+03
11.3 1.462983e+03 1.484451e+03 1.439298e+03 1.417829e+03
12.3 1.487302e+03 1.504531e+03 1.438283e+03 1.421054e+03
13.3 1.429403e+03 1.423745e+03 1.438492e+03 1.444150e+03
14.3 1.490831e+03 1.546963e+03 1.439606e+03 1.383474e+03
15.3 1.448171e+03 1.440129e+03 1.440592e+03 1.448634e+03
16.3 1.455129e+03 1.448924e+03 1.441155e+03 1.447360e+03
17.3 1.505434e+03 1.498928e+03 1.440593e+03 1.447099e+03
18.3 1.461895e+03 1.494937e+03 1.438957e+03 1.405914e+03
19.3 1.279444e+03 1.363256e+03 1.438722e+03 1.354910e+03
20.3 1.406575e+03 1.431640e+03 1.439585e+03 1.414521e+03
0.3 1.496769e+03 1.471191e+03 1.440740e+03 1.466318e+03
1.3 1.494011e+03 1.459560e+03 1.440816e+03 1.475267e+03
2.3 1.461546e+03 1.453468e+03 1.439304e+03 1.447381e+03
3.3 1.482354e+03 1.492131e+03 1.438533e+03 1.428756e+03
4.3 1.492932e+03 1.485590e+03 1.439193e+03 1.446536e+03
5.3 1.462983e+03 1.484451e+03 1.439298e+03 1.417829e+03
6.3 1.487302e+03 1.504531e+03 1.438283e+03 1.421054e+03
7.3 1.429403e+03 1.423745e+03 1.438492e+03 1.444150e+03
8.3 1.490831e+03 1.546963e+03 1.439606e+03 1.383474e+03
9.3 1.448171e+03 1.440129e+03 1.440592e+03 1.448634e+03
10.3 1.455129e+03 1.448924e+03 1.441155e+03 1.447360e+03
11.3 1.505434e+03 1.498928e+03 1.440593e+03 1.447099e+03
12.3 1.461895e+03 1.494937e+03 1.438957e+03 1.405914e+03
13.3 1.279444e+03 1.363256e+03 1.438722e+03 1.354910e+03
14.3 1.406575e+03 1.431640e+03 1.439585e+03 1.414521e+03
15.3 1.464526e+03 1.478737e+03 1.440415e+03 1.426204e+03
16.3 1.467437e+03 1.464011e+03 1.439767e+03 1.443193e+03
17.3 1.452007e+03 1.435312e+03 1.438547e+03 1.455243e+03
18.3 1.387752e+03 1.389718e+03 1.438826e+03 1.436861e+03
19.3 1.466654e+03 1.425887e+03 1.439849e+03 1.480615e+03
20.3 1.381867e+03 1.391371e+03 1.440548e+03 1.431043e+03
0.6 1.492932e+03 1.485590e+03 1.439193e+03 1.446536e+03
1.6 1.462983e+03 1.484451e+03 1.439298e+03 1.417829e+03
2.6 1.487302e+03 1.504531e+03 1.438283e+03 1.421054e+03
3.6 1.429403e+03 1.423745e+03 1.438492e+03 1.444150e+03
4.6 1.490831e+03 1.546963e+03 1.439606e+03 1.383474e+03
5.6 1.448171e+03 1.440129e+03 1.440592e+03 1.448634e+03
6.6 1.455129e+03 1.448924e+03 1.441155e+03 1.447360e+03
7.6 1.505434e+03 1.498928e+03 1.440593e+03 1.447099e+03
8.6 1.461895e+03 1.494937e+03 1.438957e+03 1.405914e+03
9.6 1.279444e+03 1.363256e+03 1.438722e+03 1.354910e+03
10.6 1.406575e+03 1.431640e+03 1.439585e+03 1.414521e+03
11.6 1.464526e+03 1.478737e+03 1.440415e+03 1.426204e+03
12.6 1.467437e+03 1.464011e+03 1.439767e+03 1.443193e+03
13.6 1.452007e+03 1.435312e+03 1.438547e+03 1.455243e+03
14.6 1.387752e+03 1.389718e+03 1.438826e+03 1.436861e+03
15.6 1.466654e+03 1.425887e+03 1.439849e+03 1.480615e+03
16.6 1.381867e+03 1.391371e+03 1.440548e+03 1.431043e+03
17.6 1.339459e+03 1.389023e+03 1.439532e+03 1.389969e+03
18.6 1.466413e+03 1.429819e+03 1.438533e+03 1.475127e+03
19.6 1.367312e+03 1.362613e+03 1.439043e+03 1.443742e+03
20.6 1.301987e+03 1.367282e+03 1.440060e+03 1.374766e+03
0.6 1.455129e+03 1.448924e+03 1.441155e+03 1.447360e+03
1.6 1.505434e+03 1.498928e+03 1.440593e+03 1.447099e+03
2.6 1.461895e+03 1.494937e+03 1.438957e+03 1.405914e+03
3.6 1.279444e+03 1.363256e+03 1.438722e+03 1.354910e+03
4.6 1.406575e+03 1.431640e+03 1.439585e+03 1.414521e+03
5.6 1.464526e+03 1.478737e+03 1.440415e+03 1.426204e+03
6.6 1.467437e+03 1.464011e+03 1.439767e+03 1.443193e+03
7.6 1.452007e+03 1.435312e+03 1.438547e+03 1.455243e+03
8.6 1.387752e+03 1.389718e+03 1.438826e+03 1.436861e+03
9.6 1.466654e+03 1.425887e+03 1.439849e+03 1.480615e+03
10.6 1.381867e+03 1.391371e+03 1.440548e+03 1.431043e+03
11.6 1.339459e+03 1.389023e+03 1.439532e+03 1.389969e+03
12.6 1.466413e+03 1.429819e+03 1.438533e+03 1.475127e+03
13.6 1.367312e+03 1.362613e+03 1.439043e+03 1.443742e+03
14.6 1.301987e+03 1.367282e+03 1.440060e+03 1.374766e+03
15.6 1.433476e+03 1.419494e+03 1.440509e+03 1.454491e+03
16.6 1.372968e+03 1.413715e+03 1.439230e+03 1.398483e+03
17.6 1.481814e+03 1.464774e+03 1.438532e+03 1.455572e+03
18.6 1.400013e+03 1.400759e+03 1.439244e+03 1.438498e+03
19.6 1.412632e+03 1.401169e+03 1.440241e+03 1.451704e+03
20.6 1.387964e+03 1.389513e+03 1.440921e+03 1.439372e+03
0.8 1.464526e+03 1.478737e+03 1.440415e+03 1.426204e+03
1.8 1.467437e+03 1.464011e+03 1.439767e+03 1.443193e+03
2.8 1.452007e+03 1.435312e+03 1.438547e+03 1.455243e+03
3.8 1.387752e+03 1.389718e+03 1.438826e+03 1.436861e+03
4.8 1.466654e+03 1.425887e+03 1.439849e+03 1.480615e+03
5.8 1.381867e+03 1.391371e+03 1.440548e+03 1.431043e+03
6.8 1.339459e+03 1.389023e+03 1.439532e+03 1.389969e+03
7.8 1.466413e+03 1.429819e+03 1.438533e+03 1.475127e+03
8.8 1.367312e+03 1.362613e+03 1.439043e+03 1.443742e+03
9.8 1.301987e+03 1.367282e+03 1.440060e+03 1.374766e+03
10.8 1.433476e+03 1.419494e+03 1.440509e+03 1.454491e+03
11.8 1.372968e+03 1.413715e+03 1.439230e+03 1.398483e+03
12.8 1.481814e+03 1.464774e+03 1.438532e+03 1.455572e+03
13.8 1.400013e+03 1.400759e+03 1.439244e+03 1.438498e+03
14.8 1.412632e+03 1.401169e+03 1.440241e+03 1.451704e+03
15.8 1.387964e+03 1.389513e+03 1.440921e+03 1.439372e+03
16.8 1.456587e+03 1.360649e+03 1.441274e+03 1.537212e+03
17.8 1.352442e+03 1.359289e+03 1.441419e+03 1.434572e+03
18.8 1.309130e+03 1.397869e+03 1.441442e+03 1.352703e+03
19.8 1.522332e+03 1.383446e+03 1.441398e+03 1.580284e+03
20.8 1.429692e+03 1.477924e+03 1.441329e+03 1.393097e+03
1.0 1.381867e+03 1.391371e+03 1.440548e+03 1.431043e+03
2.0 1.339459e+03 1.389023e+03 1.439532e+03 1.389969e+03
3.0 1.466413e+03 1.429819e+03 1.438533e+03 1.475127e+03
4.0 1.367312e+03 1.362613e+03 1.439043e+03 1.443742e+03
5.0 1.301987e+03 1.367282e+03 1.440060e+03 1.374766e+03
6.0 1.433476e+03 1.419494e+03 1.440509e+03 1.454491e+03
7.0 1.372968e+03 1.413715e+03 1.439230e+03 1.398483e+03
8.0 1.481814e+03 1.464774e+03 1.438532e+03 1.455572e+03
9.0 1.400013e+03 1.400759e+03 1.439244e+03 1.438498e+03
10.0 1.412632e+03 1.401169e+03 1.440241e+03 1.451704e+03
11.0 1.387964e+03 1.389513e+03 1.440921e+03 1.439372e+03
12.0 1.456587e+03 1.360649e+03 1.441274e+03 1.537212e+03
13.0 1.352442e+03 1.359289e+03 1.441419e+03 1.434572e+03
14.0 1.309130e+03 1.397869e+03 1.441442e+03 1.352703e+03
15.0 1.522332e+03 1.383446e+03 1.441398e+03 1.580284e+03
16.0 1.429692e+03 1.477924e+03 1.441329e+03 1.393097e+03
17.0 1.399157e+03 1.393336e+03 1.441263e+03 1.447084e+03
18.0 1.399810e+03 1.370085e+03 1.441213e+03 1.470938e+03
19.0 1.411205e+03 1.406261e+03 1.441181e+03 1.446124e+03
20.0 1.329723e+03 1.372725e+03 1.441163e+03 1.398161e+03
21.0 1.378717e+03 1.378466e+03 1.441152e+03 1.441403e+03
0.2 1.301987e+03 1.367282e+03 1.440060e+03 1.374766e+03
1.2 1.433476e+03 1.419494e+03 1.440509e+03 1.454491e+03
2.2 1.372968e+03 1.413715e+03 1.439230e+03 1.398483e+03
3.2 1.481814e+03 1.464774e+03 1.438532e+03 1.455572e+03
4.2 1.400013e+03 1.400759e+03 1.439244e+03 1.438498e+03
5.2 1.412632e+03 1.401169e+03 1.440241e+03 1.451704e+03
6.2 1.387964e+03 1.389513e+03 1.440921e+03 1.439372e+03
7.2 1.456587e+03 1.360649e+03 1.441274e+03 1.537212e+03
8.2 1.352442e+03 1.359289e+03 1.441419e+03 1.434572e+03
9.2 1.309130e+03 1.397869e+03 1.441442e+03 1.352703e+03
10.2 1.522332e+03 1.383446e+03 1.441398e+03 1.580284e+03
11.2 1.429692e+03 1.477924e+03 1.441329e+03 1.393097e+03
12.2 1.399157e+03 1.393336e+03 1.441263e+03 1.447084e+03
13.2 1.399810e+03 1.370085e+03 1.441213e+03 1.470938e+03
14.2 1.411205e+03 1.406261e+03 1.441181e+03 1.446124e+03
15.2 1.329723e+03 1.372725e+03 1.441163e+03 1.398161e+03
16.2 1.378717e+03 1.378466e+03 1.441152e+03 1.441403e+03
17.2 1.382072e+03 1.451285e+03 1.440593e+03 1.371380e+03
18.2 1.488548e+03 1.398162e+03 1.438833e+03 1.529219e+03
19.2 1.526377e+03 1.443294e+03 1.438319e+03 1.521403e+03
20.2 1.356546e+03 1.422689e+03 1.439155e+03 1.373012e+03
0.4 1.378717e+03 1.378466e+03 1.441152e+03 1.441403e+03
1.4 1.382072e+03 1.451285e+03 1.440593e+03 1.371380e+03
2.4 1.488548e+03 1.398162e+03 1.438833e+03 1.529219e+03
3.4 1.526377e+03 1.443294e+03 1.438319e+03 1.521403e+03
4.4 1.356546e+03 1.422689e+03 1.439155e+03 1.373012e+03
5.4 1.432018e+03 1.460453e+03 1.440155e+03 1.411720e+03
6.4 1.515942e+03 1.466707e+03 1.440830e+03 1.490064e+03
7.4 1.467510e+03 1.422355e+03 1.441198e+03 1.486353e+03
8.4 1.414381e+03 1.379757e+03 1.441363e+03 1.475988e+03
9.4 1.490748e+03 1.432180e+03 1.441401e+03 1.499968e+03
10.4 1.402068e+03 1.391374e+03 1.441367e+03 1.452061e+03
11.4 1.423797e+03 1.450890e+03 1.441307e+03 1.414214e+03
12.4 1.451050e+03 1.424665e+03 1.441248e+03 1.467633e+03
13.4 1.361212e+03 1.402143e+03 1.441204e+03 1.400273e+03
14.4 1.431234e+03 1.454542e+03 1.441176e+03 1.417868e+03
15.4 1.421190e+03 1.388182e+03 1.441160e+03 1.474168e+03
16.4 1.465456e+03 1.491465e+03 1.441152e+03 1.415142e+03
17.4 1.448150e+03 1.415196e+03 1.441148e+03 1.474102e+03
18.4 1.403364e+03 1.425452e+03 1.441146e+03 1.419058e+03
19.4 1.488207e+03 1.501548e+03 1.440707e+03 1.427365e+03
20.4 1.454146e+03 1.456431e+03 1.438962e+03 1.436677e+03
0.3 1.403364e+03 1.425452e+03 1.441146e+03 1.419058e+03
1.3 1.488207e+03 1.501548e+03 1.440707e+03 1.427365e+03
2.3 1.454146e+03 1.456431e+03 1.438962e+03 1.436677e+03
3.3 1.590828e+03 1.581217e+03 1.438292e+03 1.447903e+03
4.3 1.469201e+03 1.536977e+03 1.439064e+03 1.371287e+03
5.3 1.500407e+03 1.518371e+03 1.440080e+03 1.422116e+03
6.3 1.487104e+03 1.521264e+03 1.440785e+03 1.406625e+03
7.3 1.431140e+03 1.416352e+03 1.441176e+03 1.455964e+03
8.3 1.576895e+03 1.517778e+03 1.441355e+03 1.500472e+03
9.3 1.486326e+03 1.447834e+03 1.441401e+03 1.479894e+03
10.3 1.460093e+03 1.397217e+03 1.441372e+03 1.504248e+03
11.3 1.633331e+03 1.532089e+03 1.441312e+03 1.542554e+03
12.3 1.407585e+03 1.425067e+03 1.441252e+03 1.423771e+03
13.3 1.430736e+03 1.460033e+03 1.440804e+03 1.411507e+03
14.3 1.545324e+03 1.543859e+03 1.439040e+03 1.440506e+03
15.3 1.403241e+03 1.441345e+03 1.438302e+03 1.400198e+03
16.3 1.547718e+03 1.562472e+03 1.439041e+03 1.424287e+03
17.3 1.408001e+03 1.438787e+03 1.440058e+03 1.409272e+03
18.3 1.421934e+03 1.444504e+03 1.440771e+03 1.418202e+03
19.3 1.526532e+03 1.453204e+03 1.441169e+03 1.514496e+03
20.3 1.348937e+03 1.415012e+03 1.441352e+03 1.375278e+03
0.3 1.407585e+03 1.425067e+03 1.441252e+03 1.423771e+03
1.3 1.430736e+03 1.460033e+03 1.440804e+03 1.411507e+03
2.3 1.545324e+03 1.543859e+03 1.439040e+03 1.440506e+03
3.3 1.403241e+03 1.441345e+03 1.438302e+03 1.400198e+03
4.3 1.547718e+03 1.562472e+03 1.439041e+03 1.424287e+03
5.3 1.408001e+03 1.438787e+03 1.440058e+03 1.409272e+03
6.3 1.421934e+03 1.444504e+03 1.440771e+03 1.418202e+03
7.3 1.526532e+03 1.453204e+03 1.441169e+03 1.514496e+03
8.3 1.348937e+03 1.415012e+03 1.441352e+03 1.375278e+03
9.3 1.451403e+03 1.488939e+03 1.441334e+03 1.403798e+03
10.3 1.334268e+03 1.472747e+03 1.440018e+03 1.301539e+03
11.3 1.341353e+03 1.437365e+03 1.438530e+03 1.342518e+03
12.3 1.423088e+03 1.436094e+03 1.438723e+03 1.425718e+03
13.3 1.342552e+03 1.354383e+03 1.439704e+03 1.427872e+03
14.3 1.397020e+03 1.436621e+03 1.440541e+03 1.400940e+03
15.3 1.381585e+03 1.387749e+03 1.441046e+03 1.434881e+03
16.3 1.354278e+03 1.320075e+03 1.441301e+03 1.475505e+03
17.3 1.443776e+03 1.439328e+03 1.441396e+03 1.445844e+03
18.3 1.386636e+03 1.421466e+03 1.441393e+03 1.406563e+03
19.3 1.339366e+03 1.416841e+03 1.441341e+03 1.363866e+03
20.3 1.529100e+03 1.478861e+03 1.441279e+03 1.491517e+03
0.9 1.451403e+03 1.488939e+03 1.441334e+03 1.403798e+03
1.9 1.334268e+03 1.472747e+03 1.440018e+03 1.301539e+03
2.9 1.341353e+03 1.437365e+03 1.438530e+03 1.342518e+03
3.9 1.423088e+03 1.436094e+03 1.438723e+03 1.425718e+03
4.9 1.342552e+03 1.354383e+03 1.439704e+03 1.427872e+03
5.9 1.397020e+03 1.436621e+03 1.440541e+03 1.400940e+03
6.9 1.381585e+03 1.387749e+03 1.441046e+03 1.434881e+03
7.9 1.354278e+03 1.320075e+03 1.441301e+03 1.475505e+03
8.9 1.443776e+03 1.439328e+03 1.441396e+03 1.445844e+03
9.9 1.386636e+03 1.421466e+03 1.441393e+03 1.406563e+03
10.9 1.339366e+03 1.416841e+03 1.441341e+03 1.363866e+03
11.9 1.529100e+03 1.478861e+03 1.441279e+03 1.491517e+03
12.9 1.410867e+03 1.420831e+03 1.441226e+03 1.431262e+03
13.9 1.464094e+03 1.444549e+03 1.441189e+03 1.460735e+03
14.9 1.522659e+03 1.458594e+03 1.441167e+03 1.505233e+03
15.9 1.436543e+03 1.450092e+03 1.441156e+03 1.427606e+03
16.9 1.605896e+03 1.542128e+03 1.440873e+03 1.504640e+03
17.9 1.507612e+03 1.506697e+03 1.439203e+03 1.440118e+03
18.9 1.506220e+03 1.456803e+03 1.438274e+03 1.487692e+03
19.9 1.556750e+03 1.553687e+03 1.438915e+03 1.441977e+03
20.9 1.505294e+03 1.459254e+03 1.439950e+03 1.485989e+03
0.2 1.436543e+03 1.450092e+03 1.441156e+03 1.427606e+03
1.2 1.605896e+03 1.542128e+03 1.440873e+03 1.504640e+03
2.2 1.507612e+03 1.506697e+03 1.439203e+03 1.440118e+03
3.2 1.506220e+03 1.456803e+03 1.438274e+03 1.487692e+03
4.2 1.556750e+03 1.553687e+03 1.438915e+03 1.441977e+03
5.2 1.505294e+03 1.459254e+03 1.439950e+03 1.485989e+03
6.2 1.417991e+03 1.476000e+03 1.440706e+03 1.382696e+03
7.2 1.538906e+03 1.491489e+03 1.441135e+03 1.488552e+03
8.2 1.527983e+03 1.476094e+03 1.441339e+03 1.493228e+03
9.2 1.484356e+03 1.431970e+03 1.441401e+03 1.493787e+03
10.2 1.519522e+03 1.481281e+03 1.441379e+03 1.479619e+03
11.2 1.467187e+03 1.417869e+03 1.441321e+03 1.490639e+03
12.2 1.449460e+03 1.400164e+03 1.441260e+03 1.490556e+03
13.2 1.410752e+03 1.411408e+03 1.441213e+03 1.440557e+03
14.2 1.361877e+03 1.380018e+03 1.441181e+03 1.423040e+03
15.2 1.405435e+03 1.440302e+03 1.441141e+03 1.406273e+03
16.2 1.424172e+03 1.435147e+03 1.440122e+03 1.429147e+03
17.2 1.379094e+03 1.393138e+03 1.438494e+03 1.424451e+03
18.2 1.456135e+03 1.495154e+03 1.438479e+03 1.399460e+03
19.2 1.464083e+03 1.461717e+03 1.439462e+03 1.441828e+03
20.2 1.435917e+03 1.425640e+03 1.440385e+03 1.450662e+03
0.7 1.405435e+03 1.440302e+03 1.441141e+03 1.406273e+03
1.7 1.424172e+03 1.435147e+03 1.440122e+03 1.429147e+03
2.7 1.379094e+03 1.393138e+03 1.438494e+03 1.424451e+03
3.7 1.456135e+03 1.495154e+03 1.438479e+03 1.399460e+03
4.7 1.464083e+03 1.461717e+03 1.439462e+03 1.441828e+03
5.7 1.435917e+03 1.425640e+03 1.440385e+03 1.450662e+03
6.7 1.519222e+03 1.475021e+03 1.440961e+03 1.485163e+03
7.7 1.505644e+03 1.434912e+03 1.441262e+03 1.511994e+03
8.7 1.426905e+03 1.432195e+03 1.441385e+03 1.436094e+03
9.7 1.447087e+03 1.458670e+03 1.441396e+03 1.429813e+03
10.7 1.431311e+03 1.433285e+03 1.441351e+03 1.439377e+03
11.7 1.448236e+03 1.510895e+03 1.441289e+03 1.378630e+03
12.7 1.411574e+03 1.423326e+03 1.441220e+03 1.429468e+03
13.7 1.409432e+03 1.466593e+03 1.440267e+03 1.383106e+03
14.7 1.431169e+03 1.476870e+03 1.438572e+03 1.392870e+03
15.7 1.435176e+03 1.438404e+03 1.438450e+03 1.435222e+03
16.7 1.389559e+03 1.405187e+03 1.439406e+03 1.423778e+03
17.7 1.381008e+03 1.427280e+03 1.440343e+03 1.394072e+03
18.7 1.468631e+03 1.445276e+03 1.440938e+03 1.464293e+03
19.7 1.313338e+03 1.383439e+03 1.441251e+03 1.371150e+03
20.7 1.451923e+03 1.416388e+03 1.441381e+03 1.476916e+03
0.7 1.411574e+03 1.423326e+03 1.441220e+03 1.429468e+03
1.7 1.409432e+03 1.466593e+03 1.440267e+03 1.383106e+03
2.7 1.431169e+03 1.476870e+03 1.438572e+03 1.392870e+03
3.7 1.435176e+03 1.438404e+03 1.438450e+03 1.435222e+03
4.7 1.389559e+03 1.405187e+03 1.439406e+03 1.423778e+03
5.7 1.381008e+03 1.427280e+03 1.440343e+03 1.394072e+03
6.7 1.468631e+03 1.445276e+03 1.440938e+03 1.464293e+03
7.7 1.313338e+03 1.383439e+03 1.441251e+03 1.371150e+03
8.7 1.451923e+03 1.416388e+03 1.441381e+03 1.476916e+03
9.7 1.480342e+03 1.426629e+03 1.441398e+03 1.495111e+03
10.7 1.477555e+03 1.414543e+03 1.441354e+03 1.504367e+03
11.7 1.270646e+03 1.299614e+03 1.441292e+03 1.412324e+03
12.7 1.287579e+03 1.348183e+03 1.441237e+03 1.380633e+03
13.7 1.317701e+03 1.310079e+03 1.441196e+03 1.448818e+03
14.7 1.334576e+03 1.357149e+03 1.441171e+03 1.418598e+03
15.7 1.195275e+03 1.353716e+03 1.441158e+03 1.282716e+03
16.7 1.180720e+03 1.390098e+03 1.441151e+03 1.231772e+03
17.7 1.506576e+03 1.390606e+03 1.441147e+03 1.557117e+03
18.7 1.475445e+03 1.344414e+03 1.441146e+03 1.572177e+03
19.7 1.568036e+03 1.337614e+03 1.441145e+03 1.671567e+03
20.7 1.376224e+03 1.355407e+03 1.441145e+03 1.461961e+03
0.1 1.201234e+03 1.298890e+03 1.441145e+03 1.343490e+03
1.1 1.311289e+03 1.344835e+03 1.440967e+03 1.407421e+03
2.1 1.361263e+03 1.329403e+03 1.439409e+03 1.471268e+03
3.1 1.318617e+03 1.277347e+03 1.438284e+03 1.479554e+03
4.1 1.343738e+03 1.370814e+03 1.438799e+03 1.411724e+03
5.1 1.399018e+03 1.338623e+03 1.439841e+03 1.500236e+03
6.1 1.307590e+03 1.364111e+03 1.440638e+03 1.384118e+03
7.1 1.454999e+03 1.423702e+03 1.441099e+03 1.472396e+03
8.1 1.509952e+03 1.470314e+03 1.441324e+03 1.480962e+03
9.1 1.556113e+03 1.564561e+03 1.441399e+03 1.432951e+03
10.1 1.615357e+03 1.541489e+03 1.441384e+03 1.515251e+03
11.1 1.501418e+03 1.529403e+03 1.441328e+03 1.413342e+03
12.1 1.539573e+03 1.545673e+03 1.440864e+03 1.434763e+03
13.1 1.525745e+03 1.522640e+03 1.439080e+03 1.442185e+03
14.1 1.526759e+03 1.534034e+03 1.438325e+03 1.431050e+03
15.1 1.572188e+03 1.537282e+03 1.439053e+03 1.473959e+03
16.1 1.570858e+03 1.594974e+03 1.440064e+03 1.415948e+03
17.1 1.602382e+03 1.600332e+03 1.440774e+03 1.442824e+03
18.1 1.575620e+03 1.633871e+03 1.441170e+03 1.382919e+03
19.1 1.594992e+03 1.590137e+03 1.441353e+03 1.446208e+03
20.1 1.574524e+03 1.611066e+03 1.441402e+03 1.404860e+03
0.3 1.501418e+03 1.529403e+03 1.441328e+03 1.413342e+03
1.3 1.539573e+03 1.545673e+03 1.440864e+03 1.434763e+03
2.3 1.525745e+03 1.522640e+03 1.439080e+03 1.442185e+03
3.3 1.526759e+03 1.534034e+03 1.438325e+03 1.431050e+03
4.3 1.572188e+03 1.537282e+03 1.439053e+03 1.473959e+03
5.3 1.570858e+03 1.594974e+03 1.440064e+03 1.415948e+03
6.3 1.602382e+03 1.600332e+03 1.440774e+03 1.442824e+03
7.3 1.575620e+03 1.633871e+03 1.441170e+03 1.382919e+03
8.3 1.594992e+03 1.590137e+03 1.441353e+03 1.446208e+03
9.3 1.574524e+03 1.611066e+03 1.441402e+03 1.404860e+03
10.3 1.563935e+03 1.555158e+03 1.441373e+03 1.450150e+03
11.3 1.557959e+03 1.516383e+03 1.441314e+03 1.482889e+03
12.3 1.622960e+03 1.531302e+03 1.441254e+03 1.532913e+03
13.3 1.527583e+03 1.505436e+03 1.441208e+03 1.463355e+03
14.3 1.585929e+03 1.607263e+03 1.441179e+03 1.419845e+03
15.3 1.497087e+03 1.521642e+03 1.441161e+03 1.416606e+03
16.3 1.533774e+03 1.553244e+03 1.441152e+03 1.421683e+03
17.3 1.485599e+03 1.493438e+03 1.441148e+03 1.433309e+03
18.3 1.567430e+03 1.522365e+03 1.441146e+03 1.486211e+03
19.3 1.536624e+03 1.571100e+03 1.441145e+03 1.406670e+03
20.3 1.538187e+03 1.537615e+03 1.441145e+03 1.441717e+03
0.4 1.482105e+03 1.537851e+03 1.441144e+03 1.385398e+03
1.4 1.487607e+03 1.532977e+03 1.440669e+03 1.395298e+03
2.4 1.503309e+03 1.521879e+03 1.438917e+03 1.420348e+03
3.4 1.541093e+03 1.532180e+03 1.438300e+03 1.447213e+03
4.4 1.566722e+03 1.515046e+03 1.439094e+03 1.490770e+03
5.4 1.540347e+03 1.489178e+03 1.440099e+03 1.491268e+03
6.4 1.582527e+03 1.537851e+03 1.440021e+03 1.484697e+03
7.4 1.460551e+03 1.483460e+03 1.438681e+03 1.415771e+03
8.4 1.546510e+03 1.518250e+03 1.438599e+03 1.466858e+03
9.4 1.540139e+03 1.496613e+03 1.439565e+03 1.483091e+03
10.4 1.542345e+03 1.552024e+03 1.440499e+03 1.430820e+03
11.4 1.521390e+03 1.537230e+03 1.441064e+03 1.425224e+03
12.4 1.442872e+03 1.500031e+03 1.441338e+03 1.384179e+03
13.4 1.473459e+03 1.481865e+03 1.441436e+03 1.433031e+03
14.4 1.457579e+03 1.485638e+03 1.441155e+03 1.413096e+03
15.4 1.389918e+03 1.480257e+03 1.439431e+03 1.349092e+03
16.4 1.481354e+03 1.437229e+03 1.438434e+03 1.482559e+03
17.4 1.472544e+03 1.445113e+03 1.439013e+03 1.466444e+03
18.4 1.510674e+03 1.401379e+03 1.440004e+03 1.549298e+03
19.4 1.516234e+03 1.480208e+03 1.440179e+03 1.476206e+03
20.4 1.522644e+03 1.445276e+03 1.438836e+03 1.516204e+03
0.6 1.540347e+03 1.489178e+03 1.440099e+03 1.491268e+03
1.6 1.582527e+03 1.537851e+03 1.440021e+03 1.484697e+03
2.6 1.460551e+03 1.483460e+03 1.438681e+03 1.415771e+03
3.6 1.546510e+03 1.518250e+03 1.438599e+03 1.466858e+03
4.6 1.540139e+03 1.496613e+03 1.439565e+03 1.483091e+03
5.6 1.542345e+03 1.552024e+03 1.440499e+03 1.430820e+03
6.6 1.521390e+03 1.537230e+03 1.441064e+03 1.425224e+03
7.6 1.442872e+03 1.500031e+03 1.441338e+03 1.384179e+03
8.6 1.473459e+03 1.481865e+03 1.441436e+03 1.433031e+03
9.6 1.457579e+03 1.485638e+03 1.441155e+03 1.413096e+03
10.6 1.389918e+03 1.480257e+03 1.439431e+03 1.349092e+03
11.6 1.481354e+03 1.437229e+03 1.438434e+03 1.482559e+03
12.6 1.472544e+03 1.445113e+03 1.439013e+03 1.466444e+03
13.6 1.510674e+03 1.401379e+03 1.440004e+03 1.549298e+03
14.6 1.516234e+03 1.480208e+03 1.440179e+03 1.476206e+03
15.6 1.522644e+03 1.445276e+03 1.438836e+03 1.516204e+03
16.6 1.479266e+03 1.441839e+03 1.438519e+03 1.475946e+03
17.6 1.549334e+03 1.433742e+03 1.439365e+03 1.554957e+03
18.6 1.440031e+03 1.428272e+03 1.439144e+03 1.450903e+03
19.6 1.399491e+03 1.394096e+03 1.438259e+03 1.443654e+03
20.6 1.422793e+03 1.392301e+03 1.438734e+03 1.469226e+03
0.2 1.473459e+03 1.481865e+03 1.441436e+03 1.433031e+03
1.2 1.457579e+03 1.485638e+03 1.441155e+03 1.413096e+03
2.2 1.389918e+03 1.480257e+03 1.439431e+03 1.349092e+03
3.2 1.481354e+03 1.437229e+03 1.438434e+03 1.482559e+03
4.2 1.472544e+03 1.445113e+03 1.439013e+03 1.466444e+03
5.2 1.510674e+03 1.401379e+03 1.440004e+03 1.549298e+03
6.2 1.516234e+03 1.480208e+03 1.440179e+03 1.476206e+03
7.2 1.522644e+03 1.445276e+03 1.438836e+03 1.516204e+03
8.2 1.479266e+03 1.441839e+03 1.438519e+03 1.475946e+03
9.2 1.549334e+03 1.433742e+03 1.439365e+03 1.554957e+03
10.2 1.440031e+03 1.428272e+03 1.439144e+03 1.450903e+03
11.2 1.399491e+03 1.394096e+03 1.438259e+03 1.443654e+03
12.2 1.422793e+03 1.392301e+03 1.438734e+03 1.469226e+03
13.2 1.475700e+03 1.443000e+03 1.439561e+03 1.472262e+03
14.2 1.397324e+03 1.390868e+03 1.438767e+03 1.445223e+03
15.2 1.366748e+03 1.362835e+03 1.438378e+03 1.442290e+03
16.2 1.409301e+03 1.373512e+03 1.439238e+03 1.475028e+03
17.2 1.380763e+03 1.386006e+03 1.439401e+03 1.434158e+03
18.2 1.384435e+03 1.384352e+03 1.438433e+03 1.438517e+03
19.2 1.322988e+03 1.337073e+03 1.438668e+03 1.424583e+03
20.2 1.387649e+03 1.338642e+03 1.439750e+03 1.488758e+03
0.4 1.510674e+03 1.401379e+03 1.440004e+03 1.549298e+03
1.4 1.516234e+03 1.480208e+03 1.440179e+03 1.476206e+03
2.4 1.522644e+03 1.445276e+03 1.438836e+03 1.516204e+03
3.4 1.479266e+03 1.441839e+03 1.438519e+03 1.475946e+03
4.4 1.549334e+03 1.433742e+03 1.439365e+03 1.554957e+03
5.4 1.440031e+03 1.428272e+03 1.439144e+03 1.450903e+03
6.4 1.399491e+03 1.394096e+03 1.438259e+03 1.443654e+03
7.4 1.422793e+03 1.392301e+03 1.438734e+03 1.469226e+03
8.4 1.475700e+03 1.443000e+03 1.439561e+03 1.472262e+03
9.4 1.397324e+03 1.390868e+03 1.438767e+03 1.445223e+03
10.4 1.366748e+03 1.362835e+03 1.438378e+03 1.442290e+03
11.4 1.409301e+03 1.373512e+03 1.439238e+03 1.475028e+03
12.4 1.380763e+03 1.386006e+03 1.439401e+03 1.434158e+03
13.4 1.384435e+03 1.384352e+03 1.438433e+03 1.438517e+03
14.4 1.322988e+03 1.337073e+03 1.438668e+03 1.424583e+03
15.4 1.387649e+03 1.338642e+03 1.439750e+03 1.488758e+03
16.4 1.288570e+03 1.281817e+03 1.440687e+03 1.447440e+03
17.4 1.402217e+03 1.358804e+03 1.441204e+03 1.484618e+03
18.4 1.195097e+03 1.333125e+03 1.440522e+03 1.302494e+03
19.4 1.089049e+03 1.237365e+03 1.438908e+03 1.290592e+03
20.4 1.182819e+03 1.218715e+03 1.438763e+03 1.402867e+03
0.8 1.549334e+03 1.433742e+03 1.439365e+03 1.554957e+03
1.8 1.440031e+03 1.428272e+03 1.439144e+03 1.450903e+03
2.8 1.399491e+03 1.394096e+03 1.438259e+03 1.443654e+03
3.8 1.422793e+03 1.392301e+03 1.438734e+03 1.469226e+03
4.8 1.475700e+03 1.443000e+03 1.439561e+03 1.472262e+03
5.8 1.397324e+03 1.390868e+03 1.438767e+03 1.445223e+03
6.8 1.366748e+03 1.362835e+03 1.438378e+03 1.442290e+03
7.8 1.409301e+03 1.373512e+03 1.439238e+03 1.475028e+03
8.8 1.380763e+03 1.386006e+03 1.439401e+03 1.434158e+03
9.8 1.384435e+03 1.384352e+03 1.438433e+03 1.438517e+03
10.8 1.322988e+03 1.337073e+03 1.438668e+03 1.424583e+03
11.8 1.387649e+03 1.338642e+03 1.439750e+03 1.488758e+03
12.8 1.288570e+03 1.281817e+03 1.440687e+03 1.447440e+03
13.8 1.402217e+03 1.358804e+03 1.441204e+03 1.484618e+03
14.8 1.195097e+03 1.333125e+03 1.440522e+03 1.302494e+03
15.8 1.089049e+03 1.237365e+03 1.438908e+03 1.290592e+03
16.8 1.182819e+03 1.218715e+03 1.438763e+03 1.402867e+03
17.8 1.174544e+03 1.251710e+03 1.439647e+03 1.362482e+03
18.8 1.233404e+03 1.279339e+03 1.440507e+03 1.394572e+03
19.8 1.292737e+03 1.251020e+03 1.441037e+03 1.482754e+03
20.8 1.301498e+03 1.342241e+03 1.441306e+03 1.400563e+03
0.2 1.422793e+03 1.392301e+03 1.438734e+03 1.469226e+03
1.2 1.475700e+03 1.443000e+03 1.439561e+03 1.472262e+03
2.2 1.397324e+03 1.390868e+03 1.438767e+03 1.445223e+03
3.2 1.366748e+03 1.362835e+03 1.438378e+03 1.442290e+03
4.2 1.409301e+03 1.373512e+03 1.439238e+03 1.475028e+03
5.2 1.380763e+03 1.386006e+03 1.439401e+03 1.434158e+03
6.2 1.384435e+03 1.384352e+03 1.438433e+03 1.438517e+03
7.2 1.322988e+03 1.337073e+03 1.438668e+03 1.424583e+03
8.2 1.387649e+03 1.338642e+03 1.439750e+03 1.488758e+03
9.2 1.288570e+03 1.281817e+03 1.440687e+03 1.447440e+03
10.2 1.402217e+03 1.358804e+03 1.441204e+03 1.484618e+03
11.2 1.195097e+03 1.333125e+03 1.440522e+03 1.302494e+03
12.2 1.089049e+03 1.237365e+03 1.438908e+03 1.290592e+03
13.2 1.182819e+03 1.218715e+03 1.438763e+03 1.402867e+03
14.2 1.174544e+03 1.251710e+03 1.439647e+03 1.362482e+03
15.2 1.233404e+03 1.279339e+03 1.440507e+03 1.394572e+03
16.2 1.292737e+03 1.251020e+03 1.441037e+03 1.482754e+03
17.2 1.301498e+03 1.342241e+03 1.441306e+03 1.400563e+03
18.2 1.327524e+03 1.353941e+03 1.441409e+03 1.414992e+03
19.2 1.342742e+03 1.340659e+03 1.441411e+03 1.443494e+03
20.2 1.353733e+03 1.343914e+03 1.441360e+03 1.451180e+03
0.7 1.409301e+03 1.373512e+03 1.439238e+03 1.475028e+03
1.7 1.380763e+03 1.386006e+03 1.439401e+03 1.434158e+03
2.7 1.384435e+03 1.384352e+03 1.438433e+03 1.438517e+03
3.7 1.322988e+03 1.337073e+03 1.438668e+03 1.424583e+03
4.7 1.387649e+03 1.338642e+03 1.439750e+03 1.488758e+03
5.7 1.288570e+03 1.281817e+03 1.440687e+03 1.447440e+03
6.7 1.402217e+03 1.358804e+03 1.441204e+03 1.484618e+03
7.7 1.195097e+03 1.333125e+03 1.440522e+03 1.302494e+03
8.7 1.089049e+03 1.237365e+03 1.438908e+03 1.290592e+03
9.7 1.182819e+03 1.218715e+03 1.438763e+03 1.402867e+03
10.7 1.174544e+03 1.251710e+03 1.439647e+03 1.362482e+03
11.7 1.233404e+03 1.279339e+03 1.440507e+03 1.394572e+03
12.7 1.292737e+03 1.251020e+03 1.441037e+03 1.482754e+03
13.7 1.301498e+03 1.342241e+03 1.441306e+03 1.400563e+03
14.7 1.327524e+03 1.353941e+03 1.441409e+03 1.414992e+03
15.7 1.342742e+03 1.340659e+03 1.441411e+03 1.443494e+03
16.7 1.353733e+03 1.343914e+03 1.441360e+03 1.451180e+03
17.7 1.302469e+03 1.310200e+03 1.441295e+03 1.433564e+03
18.7 1.359176e+03 1.313761e+03 1.441238e+03 1.486653e+03
0.7 1.402217e+03 1.358804e+03 1.441204e+03 1.484618e+03
1.7 1.195097e+03 1.333125e+03 1.440522e+03 1.302494e+03
2.7 1.089049e+03 1.237365e+03 1.438908e+03 1.290592e+03
3.7 1.182819e+03 1.218715e+03 1.438763e+03 1.402867e+03
4.7 1.174544e+03 1.251710e+03 1.439647e+03 1.362482e+03
5.7 1.233404e+03 1.279339e+03 1.440507e+03 1.394572e+03
6.7 1.292737e+03 1.251020e+03 1.441037e+03 1.482754e+03
7.7 1.301498e+03 1.342241e+03 1.441306e+03 1.400563e+03
8.7 1.327524e+03 1.353941e+03 1.441409e+03 1.414992e+03
9.7 1.342742e+03 1.340659e+03 1.441411e+03 1.443494e+03
10.7 1.353733e+03 1.343914e+03 1.441360e+03 1.451180e+03
11.7 1.302469e+03 1.310200e+03 1.441295e+03 1.433564e+03
12.7 1.359176e+03 1.313761e+03 1.441238e+03 1.486653e+03
