0.5 8.047490e+03 8.096286e+03 8.085348e+03 8.036552e+03
1.5 8.002160e+03 8.084656e+03 8.079194e+03 7.996698e+03
2.5 7.993919e+03 8.063391e+03 8.079037e+03 8.009565e+03
3.5 7.991038e+03 8.034949e+03 8.077212e+03 8.033301e+03
4.5 8.039580e+03 8.051667e+03 8.078411e+03 8.066324e+03
5.5 8.038759e+03 8.039835e+03 8.070823e+03 8.069748e+03
6.5 8.105055e+03 8.070603e+03 8.077636e+03 8.112087e+03
7.5 8.139659e+03 8.072813e+03 8.080528e+03 8.147374e+03
8.5 8.087259e+03 8.066484e+03 8.078071e+03 8.098845e+03
9.5 8.069864e+03 8.057534e+03 8.079331e+03 8.091661e+03
10.5 8.057835e+03 8.073897e+03 8.078229e+03 8.062167e+03
11.5 8.058239e+03 8.085288e+03 8.080549e+03 8.053499e+03
12.5 8.068331e+03 8.080032e+03 8.081207e+03 8.069507e+03
13.5 8.131281e+03 8.101160e+03 8.080719e+03 8.110840e+03
14.5 8.160988e+03 8.114608e+03 8.085048e+03 8.131428e+03
15.5 8.142445e+03 8.121291e+03 8.081699e+03 8.102853e+03
16.5 8.153276e+03 8.123842e+03 8.081520e+03 8.110954e+03
17.5 8.112778e+03 8.082276e+03 8.083070e+03 8.113572e+03
18.5 8.060051e+03 8.052808e+03 8.076005e+03 8.083247e+03
19.5 8.104419e+03 8.076954e+03 8.077480e+03 8.104945e+03
20.5 8.105065e+03 8.079653e+03 8.079414e+03 8.104825e+03
21.5 8.135225e+03 8.120968e+03 8.082059e+03 8.096315e+03
22.5 8.115942e+03 8.113466e+03 8.083822e+03 8.086298e+03
23.5 8.145563e+03 8.122610e+03 8.081013e+03 8.103965e+03
24.5 8.083033e+03 8.077811e+03 8.082796e+03 8.088018e+03
25.5 8.071573e+03 8.077160e+03 8.084331e+03 8.078744e+03
26.5 8.055648e+03 8.070284e+03 8.076883e+03 8.062247e+03
0.5 7.928433e+03 7.990055e+03 8.075053e+03 8.013431e+03
1.5 7.870279e+03 7.929117e+03 8.076018e+03 8.017181e+03
2.5 7.858095e+03 7.939290e+03 8.073102e+03 7.991908e+03
3.5 7.857947e+03 7.874890e+03 8.075261e+03 8.058318e+03
4.5 7.835534e+03 7.861022e+03 8.073888e+03 8.048401e+03
5.5 7.870312e+03 7.905204e+03 8.076483e+03 8.041592e+03
6.5 7.863318e+03 7.925282e+03 8.073236e+03 8.011272e+03
7.5 7.879540e+03 7.960959e+03 8.069030e+03 7.987611e+03
8.5 7.934211e+03 7.980757e+03 8.076532e+03 8.029987e+03
9.5 7.986997e+03 8.056874e+03 8.072943e+03 8.003066e+03
10.5 8.059277e+03 8.113577e+03 8.073924e+03 8.019624e+03
11.5 8.091058e+03 8.128558e+03 8.074061e+03 8.036562e+03
12.5 8.072857e+03 8.135401e+03 8.078192e+03 8.015648e+03
13.5 8.087154e+03 8.109902e+03 8.076226e+03 8.053477e+03
14.5 8.084888e+03 8.098646e+03 8.074630e+03 8.060871e+03
15.5 8.100659e+03 8.091107e+03 8.069246e+03 8.078798e+03
16.5 8.100609e+03 8.078621e+03 8.075574e+03 8.097563e+03
17.5 8.147795e+03 8.131163e+03 8.072272e+03 8.088905e+03
18.5 8.167327e+03 8.142087e+03 8.071891e+03 8.097130e+03
19.5 8.185402e+03 8.179014e+03 8.075330e+03 8.081718e+03
20.5 8.194056e+03 8.156994e+03 8.073307e+03 8.110368e+03
21.5 8.161168e+03 8.157300e+03 8.074640e+03 8.078509e+03
22.5 8.209173e+03 8.157228e+03 8.073804e+03 8.125749e+03
23.5 8.140165e+03 8.097590e+03 8.076256e+03 8.118831e+03
24.5 8.181162e+03 8.101477e+03 8.075453e+03 8.155138e+03
25.5 8.151962e+03 8.092169e+03 8.073369e+03 8.133161e+03
26.5 8.165708e+03 8.132244e+03 8.074061e+03 8.107524e+03
0.5 7.934211e+03 7.980757e+03 8.076532e+03 8.029987e+03
1.5 7.986997e+03 8.056874e+03 8.072943e+03 8.003066e+03
2.5 8.059277e+03 8.113577e+03 8.073924e+03 8.019624e+03
3.5 8.091058e+03 8.128558e+03 8.074061e+03 8.036562e+03
4.5 8.072857e+03 8.135401e+03 8.078192e+03 8.015648e+03
5.5 8.087154e+03 8.109902e+03 8.076226e+03 8.053477e+03
6.5 8.084888e+03 8.098646e+03 8.074630e+03 8.060871e+03
7.5 8.100659e+03 8.091107e+03 8.069246e+03 8.078798e+03
8.5 8.100609e+03 8.078621e+03 8.075574e+03 8.097563e+03
9.5 8.147795e+03 8.131163e+03 8.072272e+03 8.088905e+03
10.5 8.167327e+03 8.142087e+03 8.071891e+03 8.097130e+03
11.5 8.185402e+03 8.179014e+03 8.075330e+03 8.081718e+03
12.5 8.194056e+03 8.156994e+03 8.073307e+03 8.110368e+03
13.5 8.161168e+03 8.157300e+03 8.074640e+03 8.078509e+03
14.5 8.209173e+03 8.157228e+03 8.073804e+03 8.125749e+03
15.5 8.140165e+03 8.097590e+03 8.076256e+03 8.118831e+03
16.5 8.181162e+03 8.101477e+03 8.075453e+03 8.155138e+03
17.5 8.151962e+03 8.092169e+03 8.073369e+03 8.133161e+03
18.5 8.165708e+03 8.132244e+03 8.074061e+03 8.107524e+03
19.5 8.120858e+03 8.118776e+03 8.074737e+03 8.076819e+03
20.5 8.140465e+03 8.125491e+03 8.074130e+03 8.089104e+03
21.5 8.103771e+03 8.080526e+03 8.072219e+03 8.095463e+03
22.5 8.123159e+03 8.069217e+03 8.073948e+03 8.127891e+03
23.5 8.128169e+03 8.097221e+03 8.075553e+03 8.106502e+03
24.5 8.117322e+03 8.078705e+03 8.075683e+03 8.114300e+03
25.5 8.130646e+03 8.129942e+03 8.072219e+03 8.072923e+03
26.5 8.117789e+03 8.117066e+03 8.074651e+03 8.075374e+03
0.5 8.100609e+03 8.078621e+03 8.075574e+03 8.097563e+03
1.5 8.147795e+03 8.131163e+03 8.072272e+03 8.088905e+03
2.5 8.167327e+03 8.142087e+03 8.071891e+03 8.097130e+03
3.5 8.185402e+03 8.179014e+03 8.075330e+03 8.081718e+03
4.5 8.194056e+03 8.156994e+03 8.073307e+03 8.110368e+03
5.5 8.161168e+03 8.157300e+03 8.074640e+03 8.078509e+03
6.5 8.209173e+03 8.157228e+03 8.073804e+03 8.125749e+03
7.5 8.140165e+03 8.097590e+03 8.076256e+03 8.118831e+03
8.5 8.181162e+03 8.101477e+03 8.075453e+03 8.155138e+03
9.5 8.151962e+03 8.092169e+03 8.073369e+03 8.133161e+03
10.5 8.165708e+03 8.132244e+03 8.074061e+03 8.107524e+03
11.5 8.120858e+03 8.118776e+03 8.074737e+03 8.076819e+03
12.5 8.140465e+03 8.125491e+03 8.074130e+03 8.089104e+03
13.5 8.103771e+03 8.080526e+03 8.072219e+03 8.095463e+03
14.5 8.123159e+03 8.069217e+03 8.073948e+03 8.127891e+03
15.5 8.128169e+03 8.097221e+03 8.075553e+03 8.106502e+03
16.5 8.117322e+03 8.078705e+03 8.075683e+03 8.114300e+03
17.5 8.130646e+03 8.129942e+03 8.072219e+03 8.072923e+03
18.5 8.117789e+03 8.117066e+03 8.074651e+03 8.075374e+03
19.5 8.108553e+03 8.075702e+03 8.073818e+03 8.106669e+03
20.5 8.095517e+03 8.071345e+03 8.074475e+03 8.098647e+03
21.5 8.047895e+03 8.062336e+03 8.072186e+03 8.057744e+03
22.5 8.084433e+03 8.096054e+03 8.076843e+03 8.065222e+03
23.5 8.104496e+03 8.107411e+03 8.072439e+03 8.069523e+03
24.5 8.088006e+03 8.102750e+03 8.075429e+03 8.060685e+03
25.5 8.082175e+03 8.075879e+03 8.075721e+03 8.082017e+03
26.5 8.059993e+03 8.070511e+03 8.075190e+03 8.064671e+03
0.5 8.047501e+03 8.075337e+03 8.075362e+03 8.047527e+03
1.5 8.042840e+03 8.049147e+03 8.071340e+03 8.065033e+03
2.5 8.007927e+03 8.018594e+03 8.067176e+03 8.056509e+03
3.5 8.005739e+03 8.032267e+03 8.073775e+03 8.047247e+03
4.5 8.001830e+03 8.009989e+03 8.071633e+03 8.063474e+03
5.5 8.017356e+03 8.031257e+03 8.075489e+03 8.061588e+03
6.5 8.019360e+03 8.024736e+03 8.075198e+03 8.069821e+03
7.5 8.003469e+03 8.042302e+03 8.077760e+03 8.038926e+03
8.5 7.984545e+03 8.011616e+03 8.062392e+03 8.035321e+03
9.5 8.032270e+03 8.031197e+03 8.069709e+03 8.070783e+03
10.5 7.990253e+03 8.001112e+03 8.073915e+03 8.063056e+03
11.5 7.885901e+03 7.932779e+03 8.066258e+03 8.019381e+03
12.5 7.945608e+03 7.944894e+03 8.079995e+03 8.080708e+03
13.5 7.964986e+03 7.972221e+03 8.072617e+03 8.065382e+03
14.5 7.972184e+03 7.986953e+03 8.078166e+03 8.063397e+03
15.5 7.993399e+03 7.938683e+03 8.076346e+03 8.131061e+03
16.5 7.997770e+03 7.993812e+03 8.074718e+03 8.078676e+03
17.5 8.013574e+03 8.013671e+03 8.071276e+03 8.071178e+03
18.5 8.018363e+03 8.006438e+03 8.075882e+03 8.087806e+03
19.5 8.064548e+03 8.029952e+03 8.073212e+03 8.107809e+03
20.5 8.044879e+03 8.011592e+03 8.071827e+03 8.105114e+03
21.5 8.038599e+03 7.992718e+03 8.074026e+03 8.119908e+03
0.5 8.005739e+03 8.032267e+03 8.073775e+03 8.047247e+03
1.5 8.001830e+03 8.009989e+03 8.071633e+03 8.063474e+03
2.5 8.017356e+03 8.031257e+03 8.075489e+03 8.061588e+03
3.5 8.019360e+03 8.024736e+03 8.075198e+03 8.069821e+03
4.5 8.003469e+03 8.042302e+03 8.077760e+03 8.038926e+03
5.5 7.984545e+03 8.011616e+03 8.062392e+03 8.035321e+03
6.5 8.032270e+03 8.031197e+03 8.069709e+03 8.070783e+03
7.5 7.990253e+03 8.001112e+03 8.073915e+03 8.063056e+03
8.5 7.885901e+03 7.932779e+03 8.066258e+03 8.019381e+03
9.5 7.945608e+03 7.944894e+03 8.079995e+03 8.080708e+03
10.5 7.964986e+03 7.972221e+03 8.072617e+03 8.065382e+03
11.5 7.972184e+03 7.986953e+03 8.078166e+03 8.063397e+03
12.5 7.993399e+03 7.938683e+03 8.076346e+03 8.131061e+03
13.5 7.997770e+03 7.993812e+03 8.074718e+03 8.078676e+03
14.5 8.013574e+03 8.013671e+03 8.071276e+03 8.071178e+03
15.5 8.018363e+03 8.006438e+03 8.075882e+03 8.087806e+03
16.5 8.064548e+03 8.029952e+03 8.073212e+03 8.107809e+03
17.5 8.044879e+03 8.011592e+03 8.071827e+03 8.105114e+03
18.5 8.038599e+03 7.992718e+03 8.074026e+03 8.119908e+03
0.5 7.990253e+03 8.001112e+03 8.073915e+03 8.063056e+03
1.5 7.885901e+03 7.932779e+03 8.066258e+03 8.019381e+03
2.5 7.945608e+03 7.944894e+03 8.079995e+03 8.080708e+03
3.5 7.964986e+03 7.972221e+03 8.072617e+03 8.065382e+03
4.5 7.972184e+03 7.986953e+03 8.078166e+03 8.063397e+03
5.5 7.993399e+03 7.938683e+03 8.076346e+03 8.131061e+03
6.5 7.997770e+03 7.993812e+03 8.074718e+03 8.078676e+03
7.5 8.013574e+03 8.013671e+03 8.071276e+03 8.071178e+03
8.5 8.018363e+03 8.006438e+03 8.075882e+03 8.087806e+03
9.5 8.064548e+03 8.029952e+03 8.073212e+03 8.107809e+03
10.5 8.044879e+03 8.011592e+03 8.071827e+03 8.105114e+03
11.5 8.038599e+03 7.992718e+03 8.074026e+03 8.119908e+03
0.5 7.945608e+03 7.944894e+03 8.079995e+03 8.080708e+03
1.5 7.964986e+03 7.972221e+03 8.072617e+03 8.065382e+03
2.5 7.972184e+03 7.986953e+03 8.078166e+03 8.063397e+03
3.5 7.993399e+03 7.938683e+03 8.076346e+03 8.131061e+03
4.5 7.997770e+03 7.993812e+03 8.074718e+03 8.078676e+03
5.5 8.013574e+03 8.013671e+03 8.071276e+03 8.071178e+03
6.5 8.018363e+03 8.006438e+03 8.075882e+03 8.087806e+03
7.5 8.064548e+03 8.029952e+03 8.073212e+03 8.107809e+03
8.5 8.044879e+03 8.011592e+03 8.071827e+03 8.105114e+03
9.5 8.038599e+03 7.992718e+03 8.074026e+03 8.119908e+03
