0.2 1.166911e+04 1.164879e+04 1.163184e+04 1.165217e+04
1.2 1.162508e+04 1.164328e+04 1.163123e+04 1.161302e+04
2.2 1.163893e+04 1.163880e+04 1.162715e+04 1.162729e+04
3.2 1.166134e+04 1.165541e+04 1.162473e+04 1.163066e+04
4.2 1.166751e+04 1.167446e+04 1.162624e+04 1.161929e+04
5.2 1.175622e+04 1.170878e+04 1.162882e+04 1.167626e+04
6.2 1.178100e+04 1.173764e+04 1.163072e+04 1.167407e+04
7.2 1.176212e+04 1.172213e+04 1.163180e+04 1.167179e+04
8.2 1.159267e+04 1.166876e+04 1.163232e+04 1.155622e+04
9.2 1.157248e+04 1.164389e+04 1.163248e+04 1.156107e+04
10.2 1.160362e+04 1.165492e+04 1.163243e+04 1.158113e+04
11.2 1.166051e+04 1.166915e+04 1.163228e+04 1.162365e+04
12.2 1.169001e+04 1.170927e+04 1.163213e+04 1.161288e+04
13.2 1.172597e+04 1.175020e+04 1.163167e+04 1.160745e+04
14.2 1.167821e+04 1.170320e+04 1.162790e+04 1.160291e+04
15.2 1.162362e+04 1.166528e+04 1.162484e+04 1.158317e+04
16.2 1.166269e+04 1.163864e+04 1.162592e+04 1.164997e+04
17.2 1.159292e+04 1.161137e+04 1.162848e+04 1.161003e+04
18.2 1.161548e+04 1.165766e+04 1.163050e+04 1.158833e+04
19.2 1.171649e+04 1.167333e+04 1.163138e+04 1.167454e+04
20.2 1.174964e+04 1.172120e+04 1.162837e+04 1.165680e+04
1.0 1.172597e+04 1.175020e+04 1.163167e+04 1.160745e+04
2.0 1.167821e+04 1.170320e+04 1.162790e+04 1.160291e+04
3.0 1.162362e+04 1.166528e+04 1.162484e+04 1.158317e+04
4.0 1.166269e+04 1.163864e+04 1.162592e+04 1.164997e+04
5.0 1.159292e+04 1.161137e+04 1.162848e+04 1.161003e+04
6.0 1.161548e+04 1.165766e+04 1.163050e+04 1.158833e+04
7.0 1.171649e+04 1.167333e+04 1.163138e+04 1.167454e+04
8.0 1.174964e+04 1.172120e+04 1.162837e+04 1.165680e+04
9.0 1.176588e+04 1.172960e+04 1.162544e+04 1.166172e+04
10.0 1.176622e+04 1.175041e+04 1.162642e+04 1.164224e+04
11.0 1.163587e+04 1.166206e+04 1.162887e+04 1.160268e+04
12.0 1.161887e+04 1.161286e+04 1.163076e+04 1.163678e+04
13.0 1.155254e+04 1.157661e+04 1.163185e+04 1.160777e+04
14.0 1.146464e+04 1.152802e+04 1.163236e+04 1.156898e+04
15.0 1.148577e+04 1.152162e+04 1.163252e+04 1.159667e+04
16.0 1.149595e+04 1.149969e+04 1.163247e+04 1.162873e+04
17.0 1.155595e+04 1.152857e+04 1.163104e+04 1.165842e+04
18.0 1.155086e+04 1.153736e+04 1.162653e+04 1.164004e+04
19.0 1.166755e+04 1.160819e+04 1.162501e+04 1.168436e+04
20.0 1.178830e+04 1.169258e+04 1.162694e+04 1.172266e+04
21.0 1.173812e+04 1.172182e+04 1.162938e+04 1.164568e+04
1.0 1.171649e+04 1.167333e+04 1.163138e+04 1.167454e+04
2.0 1.174964e+04 1.172120e+04 1.162837e+04 1.165680e+04
3.0 1.176588e+04 1.172960e+04 1.162544e+04 1.166172e+04
4.0 1.176622e+04 1.175041e+04 1.162642e+04 1.164224e+04
5.0 1.163587e+04 1.166206e+04 1.162887e+04 1.160268e+04
6.0 1.161887e+04 1.161286e+04 1.163076e+04 1.163678e+04
7.0 1.155254e+04 1.157661e+04 1.163185e+04 1.160777e+04
8.0 1.146464e+04 1.152802e+04 1.163236e+04 1.156898e+04
9.0 1.148577e+04 1.152162e+04 1.163252e+04 1.159667e+04
10.0 1.149595e+04 1.149969e+04 1.163247e+04 1.162873e+04
11.0 1.155595e+04 1.152857e+04 1.163104e+04 1.165842e+04
12.0 1.155086e+04 1.153736e+04 1.162653e+04 1.164004e+04
13.0 1.166755e+04 1.160819e+04 1.162501e+04 1.168436e+04
14.0 1.178830e+04 1.169258e+04 1.162694e+04 1.172266e+04
15.0 1.173812e+04 1.172182e+04 1.162938e+04 1.164568e+04
16.0 1.162041e+04 1.165066e+04 1.163105e+04 1.160080e+04
17.0 1.150940e+04 1.156161e+04 1.163197e+04 1.157976e+04
18.0 1.153759e+04 1.158288e+04 1.163238e+04 1.158710e+04
19.0 1.148383e+04 1.156405e+04 1.163248e+04 1.155226e+04
20.0 1.154636e+04 1.156707e+04 1.163240e+04 1.161170e+04
21.0 1.159180e+04 1.158318e+04 1.163223e+04 1.164086e+04
0.4 1.149595e+04 1.149969e+04 1.163247e+04 1.162873e+04
1.4 1.155595e+04 1.152857e+04 1.163104e+04 1.165842e+04
2.4 1.155086e+04 1.153736e+04 1.162653e+04 1.164004e+04
3.4 1.166755e+04 1.160819e+04 1.162501e+04 1.168436e+04
4.4 1.178830e+04 1.169258e+04 1.162694e+04 1.172266e+04
5.4 1.173812e+04 1.172182e+04 1.162938e+04 1.164568e+04
6.4 1.162041e+04 1.165066e+04 1.163105e+04 1.160080e+04
7.4 1.150940e+04 1.156161e+04 1.163197e+04 1.157976e+04
8.4 1.153759e+04 1.158288e+04 1.163238e+04 1.158710e+04
9.4 1.148383e+04 1.156405e+04 1.163248e+04 1.155226e+04
10.4 1.154636e+04 1.156707e+04 1.163240e+04 1.161170e+04
11.4 1.159180e+04 1.158318e+04 1.163223e+04 1.164086e+04
12.4 1.158662e+04 1.159690e+04 1.163005e+04 1.161977e+04
13.4 1.164156e+04 1.163406e+04 1.162571e+04 1.163321e+04
14.4 1.167958e+04 1.167459e+04 1.162513e+04 1.163011e+04
15.4 1.177243e+04 1.172716e+04 1.162741e+04 1.167267e+04
16.4 1.177415e+04 1.174259e+04 1.162964e+04 1.166120e+04
17.4 1.169483e+04 1.169418e+04 1.162819e+04 1.162883e+04
18.4 1.160698e+04 1.161974e+04 1.162527e+04 1.161251e+04
19.4 1.159491e+04 1.159785e+04 1.162603e+04 1.162309e+04
20.4 1.160093e+04 1.159129e+04 1.162860e+04 1.163824e+04
0.6 1.159180e+04 1.158318e+04 1.163223e+04 1.164086e+04
1.6 1.158662e+04 1.159690e+04 1.163005e+04 1.161977e+04
2.6 1.164156e+04 1.163406e+04 1.162571e+04 1.163321e+04
3.6 1.167958e+04 1.167459e+04 1.162513e+04 1.163011e+04
4.6 1.177243e+04 1.172716e+04 1.162741e+04 1.167267e+04
5.6 1.177415e+04 1.174259e+04 1.162964e+04 1.166120e+04
6.6 1.169483e+04 1.169418e+04 1.162819e+04 1.162883e+04
7.6 1.160698e+04 1.161974e+04 1.162527e+04 1.161251e+04
8.6 1.159491e+04 1.159785e+04 1.162603e+04 1.162309e+04
9.6 1.160093e+04 1.159129e+04 1.162860e+04 1.163824e+04
10.6 1.156773e+04 1.157502e+04 1.163069e+04 1.162341e+04
11.6 1.149799e+04 1.152951e+04 1.163188e+04 1.160036e+04
12.6 1.157677e+04 1.153808e+04 1.163242e+04 1.167111e+04
13.6 1.158113e+04 1.154908e+04 1.163258e+04 1.166464e+04
14.6 1.160867e+04 1.157885e+04 1.163253e+04 1.166235e+04
15.6 1.159183e+04 1.157840e+04 1.163237e+04 1.164581e+04
16.6 1.158289e+04 1.158163e+04 1.163220e+04 1.163346e+04
17.6 1.156113e+04 1.159355e+04 1.163206e+04 1.159964e+04
18.6 1.163070e+04 1.162111e+04 1.163196e+04 1.164155e+04
19.6 1.166040e+04 1.163770e+04 1.163190e+04 1.165460e+04
20.6 1.171776e+04 1.166880e+04 1.163187e+04 1.168083e+04
0.8 1.177415e+04 1.174259e+04 1.162964e+04 1.166120e+04
1.8 1.169483e+04 1.169418e+04 1.162819e+04 1.162883e+04
2.8 1.160698e+04 1.161974e+04 1.162527e+04 1.161251e+04
3.8 1.159491e+04 1.159785e+04 1.162603e+04 1.162309e+04
4.8 1.160093e+04 1.159129e+04 1.162860e+04 1.163824e+04
5.8 1.156773e+04 1.157502e+04 1.163069e+04 1.162341e+04
6.8 1.149799e+04 1.152951e+04 1.163188e+04 1.160036e+04
7.8 1.157677e+04 1.153808e+04 1.163242e+04 1.167111e+04
8.8 1.158113e+04 1.154908e+04 1.163258e+04 1.166464e+04
9.8 1.160867e+04 1.157885e+04 1.163253e+04 1.166235e+04
10.8 1.159183e+04 1.157840e+04 1.163237e+04 1.164581e+04
11.8 1.158289e+04 1.158163e+04 1.163220e+04 1.163346e+04
12.8 1.156113e+04 1.159355e+04 1.163206e+04 1.159964e+04
13.8 1.163070e+04 1.162111e+04 1.163196e+04 1.164155e+04
14.8 1.166040e+04 1.163770e+04 1.163190e+04 1.165460e+04
15.8 1.171776e+04 1.166880e+04 1.163187e+04 1.168083e+04
16.8 1.168663e+04 1.166834e+04 1.163186e+04 1.165015e+04
17.8 1.169488e+04 1.169842e+04 1.163185e+04 1.162831e+04
18.8 1.167313e+04 1.169017e+04 1.163185e+04 1.161481e+04
19.8 1.172402e+04 1.173125e+04 1.163184e+04 1.162462e+04
20.8 1.168955e+04 1.172246e+04 1.163184e+04 1.159894e+04
0.5 1.152501e+04 1.161568e+04 1.163184e+04 1.154117e+04
1.5 1.171825e+04 1.170735e+04 1.163036e+04 1.164126e+04
2.5 1.170218e+04 1.173388e+04 1.162601e+04 1.159431e+04
3.5 1.174223e+04 1.164763e+04 1.162487e+04 1.171947e+04
4.5 1.155213e+04 1.156561e+04 1.162699e+04 1.161350e+04
5.5 1.154593e+04 1.158511e+04 1.162945e+04 1.159028e+04
6.5 1.158988e+04 1.158951e+04 1.163110e+04 1.163147e+04
7.5 1.160356e+04 1.162569e+04 1.163199e+04 1.160986e+04
8.5 1.165929e+04 1.163449e+04 1.163239e+04 1.165719e+04
9.5 1.169131e+04 1.167333e+04 1.163248e+04 1.165047e+04
10.5 1.176641e+04 1.172411e+04 1.163239e+04 1.167469e+04
11.5 1.177470e+04 1.174114e+04 1.163224e+04 1.166580e+04
12.5 1.172770e+04 1.170997e+04 1.163209e+04 1.164983e+04
13.5 1.162783e+04 1.164813e+04 1.163061e+04 1.161032e+04
14.5 1.158828e+04 1.161227e+04 1.162619e+04 1.160220e+04
15.5 1.152832e+04 1.158088e+04 1.162488e+04 1.157232e+04
16.5 1.155974e+04 1.160577e+04 1.162693e+04 1.158090e+04
17.5 1.163777e+04 1.164294e+04 1.162938e+04 1.162421e+04
18.5 1.171817e+04 1.168492e+04 1.162901e+04 1.166227e+04
19.5 1.171540e+04 1.169698e+04 1.162569e+04 1.164410e+04
20.5 1.174587e+04 1.170674e+04 1.162559e+04 1.166473e+04
0.4 1.172770e+04 1.170997e+04 1.163209e+04 1.164983e+04
1.4 1.162783e+04 1.164813e+04 1.163061e+04 1.161032e+04
2.4 1.158828e+04 1.161227e+04 1.162619e+04 1.160220e+04
3.4 1.152832e+04 1.158088e+04 1.162488e+04 1.157232e+04
4.4 1.155974e+04 1.160577e+04 1.162693e+04 1.158090e+04
5.4 1.163777e+04 1.164294e+04 1.162938e+04 1.162421e+04
6.4 1.171817e+04 1.168492e+04 1.162901e+04 1.166227e+04
7.4 1.171540e+04 1.169698e+04 1.162569e+04 1.164410e+04
8.4 1.174587e+04 1.170674e+04 1.162559e+04 1.166473e+04
9.4 1.174992e+04 1.171851e+04 1.162774e+04 1.165915e+04
10.4 1.172031e+04 1.175266e+04 1.162653e+04 1.159418e+04
11.4 1.175964e+04 1.174881e+04 1.162466e+04 1.163550e+04
12.4 1.180805e+04 1.180127e+04 1.162625e+04 1.163303e+04
13.4 1.181562e+04 1.182645e+04 1.162905e+04 1.161822e+04
14.4 1.179280e+04 1.181465e+04 1.163111e+04 1.160926e+04
15.4 1.177438e+04 1.181174e+04 1.163220e+04 1.159484e+04
16.4 1.174129e+04 1.177226e+04 1.163264e+04 1.160167e+04
17.4 1.173637e+04 1.179214e+04 1.163271e+04 1.157694e+04
18.4 1.174962e+04 1.179812e+04 1.163258e+04 1.158408e+04
19.4 1.173069e+04 1.178533e+04 1.163130e+04 1.157666e+04
20.4 1.174620e+04 1.173330e+04 1.162679e+04 1.163969e+04
0.6 1.163777e+04 1.164294e+04 1.162938e+04 1.162421e+04
1.6 1.171817e+04 1.168492e+04 1.162901e+04 1.166227e+04
2.6 1.171540e+04 1.169698e+04 1.162569e+04 1.164410e+04
3.6 1.174587e+04 1.170674e+04 1.162559e+04 1.166473e+04
4.6 1.174992e+04 1.171851e+04 1.162774e+04 1.165915e+04
5.6 1.172031e+04 1.175266e+04 1.162653e+04 1.159418e+04
6.6 1.175964e+04 1.174881e+04 1.162466e+04 1.163550e+04
7.6 1.180805e+04 1.180127e+04 1.162625e+04 1.163303e+04
8.6 1.181562e+04 1.182645e+04 1.162905e+04 1.161822e+04
9.6 1.179280e+04 1.181465e+04 1.163111e+04 1.160926e+04
10.6 1.177438e+04 1.181174e+04 1.163220e+04 1.159484e+04
11.6 1.174129e+04 1.177226e+04 1.163264e+04 1.160167e+04
12.6 1.173637e+04 1.179214e+04 1.163271e+04 1.157694e+04
13.6 1.174962e+04 1.179812e+04 1.163258e+04 1.158408e+04
14.6 1.173069e+04 1.178533e+04 1.163130e+04 1.157666e+04
15.6 1.174620e+04 1.173330e+04 1.162679e+04 1.163969e+04
16.6 1.175260e+04 1.171775e+04 1.162498e+04 1.165982e+04
17.6 1.168514e+04 1.170278e+04 1.162680e+04 1.160915e+04
18.6 1.166239e+04 1.164805e+04 1.162926e+04 1.164360e+04
19.6 1.165658e+04 1.166041e+04 1.163098e+04 1.162714e+04
20.6 1.172050e+04 1.171499e+04 1.163193e+04 1.163744e+04
1.0 1.174992e+04 1.171851e+04 1.162774e+04 1.165915e+04
2.0 1.172031e+04 1.175266e+04 1.162653e+04 1.159418e+04
3.0 1.175964e+04 1.174881e+04 1.162466e+04 1.163550e+04
4.0 1.180805e+04 1.180127e+04 1.162625e+04 1.163303e+04
5.0 1.181562e+04 1.182645e+04 1.162905e+04 1.161822e+04
6.0 1.179280e+04 1.181465e+04 1.163111e+04 1.160926e+04
7.0 1.177438e+04 1.181174e+04 1.163220e+04 1.159484e+04
8.0 1.174129e+04 1.177226e+04 1.163264e+04 1.160167e+04
9.0 1.173637e+04 1.179214e+04 1.163271e+04 1.157694e+04
10.0 1.174962e+04 1.179812e+04 1.163258e+04 1.158408e+04
11.0 1.173069e+04 1.178533e+04 1.163130e+04 1.157666e+04
12.0 1.174620e+04 1.173330e+04 1.162679e+04 1.163969e+04
13.0 1.175260e+04 1.171775e+04 1.162498e+04 1.165982e+04
14.0 1.168514e+04 1.170278e+04 1.162680e+04 1.160915e+04
15.0 1.166239e+04 1.164805e+04 1.162926e+04 1.164360e+04
16.0 1.165658e+04 1.166041e+04 1.163098e+04 1.162714e+04
17.0 1.172050e+04 1.171499e+04 1.163193e+04 1.163744e+04
18.0 1.170934e+04 1.169093e+04 1.163237e+04 1.165078e+04
19.0 1.168111e+04 1.164355e+04 1.163248e+04 1.167004e+04
20.0 1.164609e+04 1.161464e+04 1.163241e+04 1.166386e+04
21.0 1.166380e+04 1.161175e+04 1.163225e+04 1.168430e+04
0.3 1.174962e+04 1.179812e+04 1.163258e+04 1.158408e+04
1.3 1.173069e+04 1.178533e+04 1.163130e+04 1.157666e+04
2.3 1.174620e+04 1.173330e+04 1.162679e+04 1.163969e+04
3.3 1.175260e+04 1.171775e+04 1.162498e+04 1.165982e+04
4.3 1.168514e+04 1.170278e+04 1.162680e+04 1.160915e+04
5.3 1.166239e+04 1.164805e+04 1.162926e+04 1.164360e+04
6.3 1.165658e+04 1.166041e+04 1.163098e+04 1.162714e+04
7.3 1.172050e+04 1.171499e+04 1.163193e+04 1.163744e+04
8.3 1.170934e+04 1.169093e+04 1.163237e+04 1.165078e+04
9.3 1.168111e+04 1.164355e+04 1.163248e+04 1.167004e+04
10.3 1.164609e+04 1.161464e+04 1.163241e+04 1.166386e+04
11.3 1.166380e+04 1.161175e+04 1.163225e+04 1.168430e+04
12.3 1.162186e+04 1.162852e+04 1.163052e+04 1.162387e+04
13.3 1.167203e+04 1.163392e+04 1.162607e+04 1.166419e+04
14.3 1.167850e+04 1.166671e+04 1.162498e+04 1.163677e+04
15.3 1.171976e+04 1.171010e+04 1.162711e+04 1.163677e+04
16.3 1.170205e+04 1.165359e+04 1.162953e+04 1.167799e+04
17.3 1.158226e+04 1.154578e+04 1.163114e+04 1.166761e+04
18.3 1.147893e+04 1.145887e+04 1.163201e+04 1.165207e+04
19.3 1.144220e+04 1.142152e+04 1.163240e+04 1.165308e+04
20.3 1.143576e+04 1.144969e+04 1.163204e+04 1.161811e+04
0.5 1.166380e+04 1.161175e+04 1.163225e+04 1.168430e+04
1.5 1.162186e+04 1.162852e+04 1.163052e+04 1.162387e+04
2.5 1.167203e+04 1.163392e+04 1.162607e+04 1.166419e+04
3.5 1.167850e+04 1.166671e+04 1.162498e+04 1.163677e+04
4.5 1.171976e+04 1.171010e+04 1.162711e+04 1.163677e+04
5.5 1.170205e+04 1.165359e+04 1.162953e+04 1.167799e+04
6.5 1.158226e+04 1.154578e+04 1.163114e+04 1.166761e+04
7.5 1.147893e+04 1.145887e+04 1.163201e+04 1.165207e+04
8.5 1.144220e+04 1.142152e+04 1.163240e+04 1.165308e+04
9.5 1.143576e+04 1.144969e+04 1.163204e+04 1.161811e+04
10.5 1.142914e+04 1.145087e+04 1.162809e+04 1.160636e+04
11.5 1.146722e+04 1.146009e+04 1.162515e+04 1.163227e+04
12.5 1.151366e+04 1.151693e+04 1.162628e+04 1.162300e+04
13.5 1.151048e+04 1.154810e+04 1.162727e+04 1.158966e+04
14.5 1.154767e+04 1.156347e+04 1.162483e+04 1.160903e+04
15.5 1.157751e+04 1.158510e+04 1.162479e+04 1.161720e+04
16.5 1.158620e+04 1.162098e+04 1.162733e+04 1.159255e+04
17.5 1.168054e+04 1.164310e+04 1.162700e+04 1.166444e+04
18.5 1.163972e+04 1.166866e+04 1.162489e+04 1.159595e+04
19.5 1.165811e+04 1.169542e+04 1.162606e+04 1.158874e+04
20.5 1.169460e+04 1.168794e+04 1.162882e+04 1.163548e+04
0.1 1.144220e+04 1.142152e+04 1.163240e+04 1.165308e+04
1.1 1.143576e+04 1.144969e+04 1.163204e+04 1.161811e+04
2.1 1.142914e+04 1.145087e+04 1.162809e+04 1.160636e+04
3.1 1.146722e+04 1.146009e+04 1.162515e+04 1.163227e+04
4.1 1.151366e+04 1.151693e+04 1.162628e+04 1.162300e+04
5.1 1.151048e+04 1.154810e+04 1.162727e+04 1.158966e+04
6.1 1.154767e+04 1.156347e+04 1.162483e+04 1.160903e+04
7.1 1.157751e+04 1.158510e+04 1.162479e+04 1.161720e+04
8.1 1.158620e+04 1.162098e+04 1.162733e+04 1.159255e+04
9.1 1.168054e+04 1.164310e+04 1.162700e+04 1.166444e+04
10.1 1.163972e+04 1.166866e+04 1.162489e+04 1.159595e+04
11.1 1.165811e+04 1.169542e+04 1.162606e+04 1.158874e+04
12.1 1.169460e+04 1.168794e+04 1.162882e+04 1.163548e+04
13.1 1.170804e+04 1.169025e+04 1.163098e+04 1.164877e+04
14.1 1.173286e+04 1.168198e+04 1.163215e+04 1.168302e+04
15.1 1.164924e+04 1.165436e+04 1.163263e+04 1.162751e+04
16.1 1.168943e+04 1.166289e+04 1.163273e+04 1.165926e+04
17.1 1.167878e+04 1.166416e+04 1.163261e+04 1.164723e+04
18.1 1.169338e+04 1.168995e+04 1.163180e+04 1.163523e+04
19.1 1.176552e+04 1.170465e+04 1.162753e+04 1.168840e+04
20.1 1.168630e+04 1.170166e+04 1.162495e+04 1.160960e+04
0.5 1.151366e+04 1.151693e+04 1.162628e+04 1.162300e+04
1.5 1.151048e+04 1.154810e+04 1.162727e+04 1.158966e+04
2.5 1.154767e+04 1.156347e+04 1.162483e+04 1.160903e+04
3.5 1.157751e+04 1.158510e+04 1.162479e+04 1.161720e+04
4.5 1.158620e+04 1.162098e+04 1.162733e+04 1.159255e+04
5.5 1.168054e+04 1.164310e+04 1.162700e+04 1.166444e+04
6.5 1.163972e+04 1.166866e+04 1.162489e+04 1.159595e+04
7.5 1.165811e+04 1.169542e+04 1.162606e+04 1.158874e+04
8.5 1.169460e+04 1.168794e+04 1.162882e+04 1.163548e+04
9.5 1.170804e+04 1.169025e+04 1.163098e+04 1.164877e+04
10.5 1.173286e+04 1.168198e+04 1.163215e+04 1.168302e+04
11.5 1.164924e+04 1.165436e+04 1.163263e+04 1.162751e+04
12.5 1.168943e+04 1.166289e+04 1.163273e+04 1.165926e+04
13.5 1.167878e+04 1.166416e+04 1.163261e+04 1.164723e+04
14.5 1.169338e+04 1.168995e+04 1.163180e+04 1.163523e+04
15.5 1.176552e+04 1.170465e+04 1.162753e+04 1.168840e+04
16.5 1.168630e+04 1.170166e+04 1.162495e+04 1.160960e+04
17.5 1.163622e+04 1.162367e+04 1.162635e+04 1.163890e+04
18.5 1.150064e+04 1.156992e+04 1.162706e+04 1.155778e+04
19.5 1.150602e+04 1.154241e+04 1.162463e+04 1.158824e+04
20.5 1.145160e+04 1.152211e+04 1.162494e+04 1.155442e+04
0.8 1.158620e+04 1.162098e+04 1.162733e+04 1.159255e+04
1.8 1.168054e+04 1.164310e+04 1.162700e+04 1.166444e+04
2.8 1.163972e+04 1.166866e+04 1.162489e+04 1.159595e+04
3.8 1.165811e+04 1.169542e+04 1.162606e+04 1.158874e+04
4.8 1.169460e+04 1.168794e+04 1.162882e+04 1.163548e+04
5.8 1.170804e+04 1.169025e+04 1.163098e+04 1.164877e+04
6.8 1.173286e+04 1.168198e+04 1.163215e+04 1.168302e+04
7.8 1.164924e+04 1.165436e+04 1.163263e+04 1.162751e+04
8.8 1.168943e+04 1.166289e+04 1.163273e+04 1.165926e+04
9.8 1.167878e+04 1.166416e+04 1.163261e+04 1.164723e+04
10.8 1.169338e+04 1.168995e+04 1.163180e+04 1.163523e+04
11.8 1.176552e+04 1.170465e+04 1.162753e+04 1.168840e+04
12.8 1.168630e+04 1.170166e+04 1.162495e+04 1.160960e+04
13.8 1.163622e+04 1.162367e+04 1.162635e+04 1.163890e+04
14.8 1.150064e+04 1.156992e+04 1.162706e+04 1.155778e+04
15.8 1.150602e+04 1.154241e+04 1.162463e+04 1.158824e+04
16.8 1.145160e+04 1.152211e+04 1.162494e+04 1.155442e+04
17.8 1.149485e+04 1.153595e+04 1.162770e+04 1.158659e+04
18.8 1.154230e+04 1.155392e+04 1.163026e+04 1.161864e+04
19.8 1.150919e+04 1.156244e+04 1.163178e+04 1.157854e+04
20.8 1.154467e+04 1.158388e+04 1.163248e+04 1.159328e+04
0.2 1.167878e+04 1.166416e+04 1.163261e+04 1.164723e+04
1.2 1.169338e+04 1.168995e+04 1.163180e+04 1.163523e+04
2.2 1.176552e+04 1.170465e+04 1.162753e+04 1.168840e+04
3.2 1.168630e+04 1.170166e+04 1.162495e+04 1.160960e+04
4.2 1.163622e+04 1.162367e+04 1.162635e+04 1.163890e+04
5.2 1.150064e+04 1.156992e+04 1.162706e+04 1.155778e+04
6.2 1.150602e+04 1.154241e+04 1.162463e+04 1.158824e+04
7.2 1.145160e+04 1.152211e+04 1.162494e+04 1.155442e+04
8.2 1.149485e+04 1.153595e+04 1.162770e+04 1.158659e+04
9.2 1.154230e+04 1.155392e+04 1.163026e+04 1.161864e+04
10.2 1.150919e+04 1.156244e+04 1.163178e+04 1.157854e+04
11.2 1.154467e+04 1.158388e+04 1.163248e+04 1.159328e+04
12.2 1.155297e+04 1.156129e+04 1.163270e+04 1.162439e+04
13.2 1.159213e+04 1.157438e+04 1.163265e+04 1.165039e+04
14.2 1.161524e+04 1.160062e+04 1.163247e+04 1.164710e+04
15.2 1.170671e+04 1.164290e+04 1.163224e+04 1.169605e+04
16.2 1.167611e+04 1.167531e+04 1.162981e+04 1.163060e+04
17.2 1.163272e+04 1.169454e+04 1.162555e+04 1.156373e+04
18.2 1.168311e+04 1.166489e+04 1.162521e+04 1.164344e+04
19.2 1.167983e+04 1.166841e+04 1.162756e+04 1.163897e+04
20.2 1.169888e+04 1.167100e+04 1.162987e+04 1.165775e+04
0.5 1.163622e+04 1.162367e+04 1.162635e+04 1.163890e+04
1.5 1.150064e+04 1.156992e+04 1.162706e+04 1.155778e+04
2.5 1.150602e+04 1.154241e+04 1.162463e+04 1.158824e+04
3.5 1.145160e+04 1.152211e+04 1.162494e+04 1.155442e+04
4.5 1.149485e+04 1.153595e+04 1.162770e+04 1.158659e+04
5.5 1.154230e+04 1.155392e+04 1.163026e+04 1.161864e+04
6.5 1.150919e+04 1.156244e+04 1.163178e+04 1.157854e+04
7.5 1.154467e+04 1.158388e+04 1.163248e+04 1.159328e+04
8.5 1.155297e+04 1.156129e+04 1.163270e+04 1.162439e+04
9.5 1.159213e+04 1.157438e+04 1.163265e+04 1.165039e+04
10.5 1.161524e+04 1.160062e+04 1.163247e+04 1.164710e+04
11.5 1.170671e+04 1.164290e+04 1.163224e+04 1.169605e+04
12.5 1.167611e+04 1.167531e+04 1.162981e+04 1.163060e+04
13.5 1.163272e+04 1.169454e+04 1.162555e+04 1.156373e+04
14.5 1.168311e+04 1.166489e+04 1.162521e+04 1.164344e+04
15.5 1.167983e+04 1.166841e+04 1.162756e+04 1.163897e+04
16.5 1.169888e+04 1.167100e+04 1.162987e+04 1.165775e+04
17.5 1.169875e+04 1.167118e+04 1.163134e+04 1.165890e+04
18.5 1.172084e+04 1.170178e+04 1.163211e+04 1.165117e+04
19.5 1.169258e+04 1.167899e+04 1.163243e+04 1.164602e+04
20.5 1.167412e+04 1.167758e+04 1.163247e+04 1.162901e+04
0.7 1.170671e+04 1.164290e+04 1.163224e+04 1.169605e+04
1.7 1.167611e+04 1.167531e+04 1.162981e+04 1.163060e+04
2.7 1.163272e+04 1.169454e+04 1.162555e+04 1.156373e+04
3.7 1.168311e+04 1.166489e+04 1.162521e+04 1.164344e+04
4.7 1.167983e+04 1.166841e+04 1.162756e+04 1.163897e+04
5.7 1.169888e+04 1.167100e+04 1.162987e+04 1.165775e+04
6.7 1.169875e+04 1.167118e+04 1.163134e+04 1.165890e+04
7.7 1.172084e+04 1.170178e+04 1.163211e+04 1.165117e+04
8.7 1.169258e+04 1.167899e+04 1.163243e+04 1.164602e+04
9.7 1.167412e+04 1.167758e+04 1.163247e+04 1.162901e+04
10.7 1.169590e+04 1.171631e+04 1.163202e+04 1.161161e+04
11.7 1.168114e+04 1.174121e+04 1.162817e+04 1.156810e+04
12.7 1.181298e+04 1.183263e+04 1.162502e+04 1.160536e+04
13.7 1.184688e+04 1.185557e+04 1.162602e+04 1.161733e+04
14.7 1.180027e+04 1.180415e+04 1.162716e+04 1.162328e+04
15.7 1.178551e+04 1.169347e+04 1.162480e+04 1.171684e+04
16.7 1.170207e+04 1.167847e+04 1.162469e+04 1.164829e+04
17.7 1.165899e+04 1.164102e+04 1.162734e+04 1.164532e+04
18.7 1.164749e+04 1.165980e+04 1.163002e+04 1.161770e+04
19.7 1.168974e+04 1.164619e+04 1.163166e+04 1.167520e+04
20.7 1.169370e+04 1.168465e+04 1.163096e+04 1.164001e+04
1.0 1.169590e+04 1.171631e+04 1.163202e+04 1.161161e+04
2.0 1.168114e+04 1.174121e+04 1.162817e+04 1.156810e+04
3.0 1.181298e+04 1.183263e+04 1.162502e+04 1.160536e+04
4.0 1.184688e+04 1.185557e+04 1.162602e+04 1.161733e+04
5.0 1.180027e+04 1.180415e+04 1.162716e+04 1.162328e+04
6.0 1.178551e+04 1.169347e+04 1.162480e+04 1.171684e+04
7.0 1.170207e+04 1.167847e+04 1.162469e+04 1.164829e+04
8.0 1.165899e+04 1.164102e+04 1.162734e+04 1.164532e+04
9.0 1.164749e+04 1.165980e+04 1.163002e+04 1.161770e+04
10.0 1.168974e+04 1.164619e+04 1.163166e+04 1.167520e+04
11.0 1.169370e+04 1.168465e+04 1.163096e+04 1.164001e+04
12.0 1.169353e+04 1.167034e+04 1.162686e+04 1.165005e+04
13.0 1.172390e+04 1.172757e+04 1.162569e+04 1.162202e+04
14.0 1.177553e+04 1.173705e+04 1.162750e+04 1.166598e+04
15.0 1.172336e+04 1.173256e+04 1.162668e+04 1.161749e+04
16.0 1.172551e+04 1.175353e+04 1.162452e+04 1.159651e+04
17.0 1.168385e+04 1.169545e+04 1.162582e+04 1.161421e+04
18.0 1.166320e+04 1.164997e+04 1.162867e+04 1.164190e+04
19.0 1.170625e+04 1.164758e+04 1.163089e+04 1.168957e+04
20.0 1.163072e+04 1.162494e+04 1.163210e+04 1.163788e+04
21.0 1.167313e+04 1.166261e+04 1.163260e+04 1.164313e+04
0.4 1.184688e+04 1.185557e+04 1.162602e+04 1.161733e+04
1.4 1.180027e+04 1.180415e+04 1.162716e+04 1.162328e+04
2.4 1.178551e+04 1.169347e+04 1.162480e+04 1.171684e+04
3.4 1.170207e+04 1.167847e+04 1.162469e+04 1.164829e+04
4.4 1.165899e+04 1.164102e+04 1.162734e+04 1.164532e+04
5.4 1.164749e+04 1.165980e+04 1.163002e+04 1.161770e+04
6.4 1.168974e+04 1.164619e+04 1.163166e+04 1.167520e+04
7.4 1.169370e+04 1.168465e+04 1.163096e+04 1.164001e+04
8.4 1.169353e+04 1.167034e+04 1.162686e+04 1.165005e+04
9.4 1.172390e+04 1.172757e+04 1.162569e+04 1.162202e+04
10.4 1.177553e+04 1.173705e+04 1.162750e+04 1.166598e+04
11.4 1.172336e+04 1.173256e+04 1.162668e+04 1.161749e+04
12.4 1.172551e+04 1.175353e+04 1.162452e+04 1.159651e+04
13.4 1.168385e+04 1.169545e+04 1.162582e+04 1.161421e+04
14.4 1.166320e+04 1.164997e+04 1.162867e+04 1.164190e+04
15.4 1.170625e+04 1.164758e+04 1.163089e+04 1.168957e+04
16.4 1.163072e+04 1.162494e+04 1.163210e+04 1.163788e+04
17.4 1.167313e+04 1.166261e+04 1.163260e+04 1.164313e+04
18.4 1.168369e+04 1.168272e+04 1.163271e+04 1.163369e+04
19.4 1.171000e+04 1.172857e+04 1.163260e+04 1.161403e+04
20.4 1.175077e+04 1.181057e+04 1.163241e+04 1.157261e+04
0.5 1.168974e+04 1.164619e+04 1.163166e+04 1.167520e+04
1.5 1.169370e+04 1.168465e+04 1.163096e+04 1.164001e+04
2.5 1.169353e+04 1.167034e+04 1.162686e+04 1.165005e+04
3.5 1.172390e+04 1.172757e+04 1.162569e+04 1.162202e+04
4.5 1.177553e+04 1.173705e+04 1.162750e+04 1.166598e+04
5.5 1.172336e+04 1.173256e+04 1.162668e+04 1.161749e+04
6.5 1.172551e+04 1.175353e+04 1.162452e+04 1.159651e+04
7.5 1.168385e+04 1.169545e+04 1.162582e+04 1.161421e+04
8.5 1.166320e+04 1.164997e+04 1.162867e+04 1.164190e+04
9.5 1.170625e+04 1.164758e+04 1.163089e+04 1.168957e+04
10.5 1.163072e+04 1.162494e+04 1.163210e+04 1.163788e+04
11.5 1.167313e+04 1.166261e+04 1.163260e+04 1.164313e+04
12.5 1.168369e+04 1.168272e+04 1.163271e+04 1.163369e+04
13.5 1.171000e+04 1.172857e+04 1.163260e+04 1.161403e+04
14.5 1.175077e+04 1.181057e+04 1.163241e+04 1.157261e+04
15.5 1.180589e+04 1.179584e+04 1.163222e+04 1.164227e+04
16.5 1.174474e+04 1.184941e+04 1.163190e+04 1.152723e+04
17.5 1.179868e+04 1.182451e+04 1.162861e+04 1.160278e+04
18.5 1.170792e+04 1.181749e+04 1.162501e+04 1.151544e+04
19.5 1.181089e+04 1.182400e+04 1.162560e+04 1.161249e+04
20.5 1.175153e+04 1.177105e+04 1.162813e+04 1.160860e+04
0.9 1.177553e+04 1.173705e+04 1.162750e+04 1.166598e+04
1.9 1.172336e+04 1.173256e+04 1.162668e+04 1.161749e+04
2.9 1.172551e+04 1.175353e+04 1.162452e+04 1.159651e+04
3.9 1.168385e+04 1.169545e+04 1.162582e+04 1.161421e+04
4.9 1.166320e+04 1.164997e+04 1.162867e+04 1.164190e+04
5.9 1.170625e+04 1.164758e+04 1.163089e+04 1.168957e+04
6.9 1.163072e+04 1.162494e+04 1.163210e+04 1.163788e+04
7.9 1.167313e+04 1.166261e+04 1.163260e+04 1.164313e+04
8.9 1.168369e+04 1.168272e+04 1.163271e+04 1.163369e+04
9.9 1.171000e+04 1.172857e+04 1.163260e+04 1.161403e+04
10.9 1.175077e+04 1.181057e+04 1.163241e+04 1.157261e+04
11.9 1.180589e+04 1.179584e+04 1.163222e+04 1.164227e+04
12.9 1.174474e+04 1.184941e+04 1.163190e+04 1.152723e+04
13.9 1.179868e+04 1.182451e+04 1.162861e+04 1.160278e+04
14.9 1.170792e+04 1.181749e+04 1.162501e+04 1.151544e+04
15.9 1.181089e+04 1.182400e+04 1.162560e+04 1.161249e+04
16.9 1.175153e+04 1.177105e+04 1.162813e+04 1.160860e+04
17.9 1.176109e+04 1.177068e+04 1.163027e+04 1.162068e+04
18.9 1.172991e+04 1.172311e+04 1.163156e+04 1.163836e+04
19.9 1.173550e+04 1.170563e+04 1.163216e+04 1.166202e+04
20.9 1.173835e+04 1.171238e+04 1.162990e+04 1.165587e+04
0.9 1.174474e+04 1.184941e+04 1.163190e+04 1.152723e+04
1.9 1.179868e+04 1.182451e+04 1.162861e+04 1.160278e+04
2.9 1.170792e+04 1.181749e+04 1.162501e+04 1.151544e+04
3.9 1.181089e+04 1.182400e+04 1.162560e+04 1.161249e+04
4.9 1.175153e+04 1.177105e+04 1.162813e+04 1.160860e+04
5.9 1.176109e+04 1.177068e+04 1.163027e+04 1.162068e+04
6.9 1.172991e+04 1.172311e+04 1.163156e+04 1.163836e+04
7.9 1.173550e+04 1.170563e+04 1.163216e+04 1.166202e+04
8.9 1.173835e+04 1.171238e+04 1.162990e+04 1.165587e+04
9.9 1.174016e+04 1.171060e+04 1.162588e+04 1.165543e+04
10.9 1.179490e+04 1.172503e+04 1.162572e+04 1.169559e+04
11.9 1.166758e+04 1.166503e+04 1.162745e+04 1.163000e+04
12.9 1.165382e+04 1.165278e+04 1.162560e+04 1.162664e+04
13.9 1.159462e+04 1.161728e+04 1.162439e+04 1.160173e+04
14.9 1.168105e+04 1.162734e+04 1.162652e+04 1.168022e+04
15.9 1.166326e+04 1.163386e+04 1.162937e+04 1.165876e+04
16.9 1.159978e+04 1.165570e+04 1.163022e+04 1.157430e+04
17.9 1.160803e+04 1.161922e+04 1.162688e+04 1.161569e+04
18.9 1.161350e+04 1.159927e+04 1.162560e+04 1.163983e+04
19.9 1.158654e+04 1.159699e+04 1.162754e+04 1.161709e+04
20.9 1.161225e+04 1.155386e+04 1.162991e+04 1.168830e+04
0.7 1.173550e+04 1.170563e+04 1.163216e+04 1.166202e+04
1.7 1.173835e+04 1.171238e+04 1.162990e+04 1.165587e+04
2.7 1.174016e+04 1.171060e+04 1.162588e+04 1.165543e+04
3.7 1.179490e+04 1.172503e+04 1.162572e+04 1.169559e+04
4.7 1.166758e+04 1.166503e+04 1.162745e+04 1.163000e+04
5.7 1.165382e+04 1.165278e+04 1.162560e+04 1.162664e+04
6.7 1.159462e+04 1.161728e+04 1.162439e+04 1.160173e+04
7.7 1.168105e+04 1.162734e+04 1.162652e+04 1.168022e+04
8.7 1.166326e+04 1.163386e+04 1.162937e+04 1.165876e+04
9.7 1.159978e+04 1.165570e+04 1.163022e+04 1.157430e+04
10.7 1.160803e+04 1.161922e+04 1.162688e+04 1.161569e+04
11.7 1.161350e+04 1.159927e+04 1.162560e+04 1.163983e+04
12.7 1.158654e+04 1.159699e+04 1.162754e+04 1.161709e+04
13.7 1.161225e+04 1.155386e+04 1.162991e+04 1.168830e+04
14.7 1.157818e+04 1.153986e+04 1.163146e+04 1.166978e+04
15.7 1.154075e+04 1.153830e+04 1.163116e+04 1.163361e+04
16.7 1.152856e+04 1.149403e+04 1.162714e+04 1.166168e+04
17.7 1.153592e+04 1.153699e+04 1.162551e+04 1.162443e+04
18.7 1.150201e+04 1.151808e+04 1.162730e+04 1.161123e+04
19.7 1.149762e+04 1.152176e+04 1.162964e+04 1.160550e+04
20.7 1.150423e+04 1.152115e+04 1.163123e+04 1.161431e+04
0.1 1.179490e+04 1.172503e+04 1.162572e+04 1.169559e+04
1.1 1.166758e+04 1.166503e+04 1.162745e+04 1.163000e+04
2.1 1.165382e+04 1.165278e+04 1.162560e+04 1.162664e+04
3.1 1.159462e+04 1.161728e+04 1.162439e+04 1.160173e+04
4.1 1.168105e+04 1.162734e+04 1.162652e+04 1.168022e+04
5.1 1.166326e+04 1.163386e+04 1.162937e+04 1.165876e+04
6.1 1.159978e+04 1.165570e+04 1.163022e+04 1.157430e+04
7.1 1.160803e+04 1.161922e+04 1.162688e+04 1.161569e+04
8.1 1.161350e+04 1.159927e+04 1.162560e+04 1.163983e+04
9.1 1.158654e+04 1.159699e+04 1.162754e+04 1.161709e+04
10.1 1.161225e+04 1.155386e+04 1.162991e+04 1.168830e+04
11.1 1.157818e+04 1.153986e+04 1.163146e+04 1.166978e+04
12.1 1.154075e+04 1.153830e+04 1.163116e+04 1.163361e+04
13.1 1.152856e+04 1.149403e+04 1.162714e+04 1.166168e+04
14.1 1.153592e+04 1.153699e+04 1.162551e+04 1.162443e+04
15.1 1.150201e+04 1.151808e+04 1.162730e+04 1.161123e+04
16.1 1.149762e+04 1.152176e+04 1.162964e+04 1.160550e+04
17.1 1.150423e+04 1.152115e+04 1.163123e+04 1.161431e+04
18.1 1.152569e+04 1.151283e+04 1.163090e+04 1.164376e+04
19.1 1.149127e+04 1.151664e+04 1.162693e+04 1.160156e+04
20.1 1.149337e+04 1.152698e+04 1.162547e+04 1.159185e+04
0.4 1.166326e+04 1.163386e+04 1.162937e+04 1.165876e+04
1.4 1.159978e+04 1.165570e+04 1.163022e+04 1.157430e+04
2.4 1.160803e+04 1.161922e+04 1.162688e+04 1.161569e+04
3.4 1.161350e+04 1.159927e+04 1.162560e+04 1.163983e+04
4.4 1.158654e+04 1.159699e+04 1.162754e+04 1.161709e+04
5.4 1.161225e+04 1.155386e+04 1.162991e+04 1.168830e+04
6.4 1.157818e+04 1.153986e+04 1.163146e+04 1.166978e+04
7.4 1.154075e+04 1.153830e+04 1.163116e+04 1.163361e+04
8.4 1.152856e+04 1.149403e+04 1.162714e+04 1.166168e+04
9.4 1.153592e+04 1.153699e+04 1.162551e+04 1.162443e+04
10.4 1.150201e+04 1.151808e+04 1.162730e+04 1.161123e+04
11.4 1.149762e+04 1.152176e+04 1.162964e+04 1.160550e+04
12.4 1.150423e+04 1.152115e+04 1.163123e+04 1.161431e+04
13.4 1.152569e+04 1.151283e+04 1.163090e+04 1.164376e+04
14.4 1.149127e+04 1.151664e+04 1.162693e+04 1.160156e+04
15.4 1.149337e+04 1.152698e+04 1.162547e+04 1.159185e+04
16.4 1.154848e+04 1.153552e+04 1.162734e+04 1.164031e+04
17.4 1.153403e+04 1.148714e+04 1.162969e+04 1.167658e+04
18.4 1.154441e+04 1.149615e+04 1.163126e+04 1.167952e+04
19.4 1.151814e+04 1.149914e+04 1.163209e+04 1.165109e+04
20.4 1.152328e+04 1.151010e+04 1.163245e+04 1.164563e+04
0.4 1.157818e+04 1.153986e+04 1.163146e+04 1.166978e+04
1.4 1.154075e+04 1.153830e+04 1.163116e+04 1.163361e+04
2.4 1.152856e+04 1.149403e+04 1.162714e+04 1.166168e+04
3.4 1.153592e+04 1.153699e+04 1.162551e+04 1.162443e+04
4.4 1.150201e+04 1.151808e+04 1.162730e+04 1.161123e+04
5.4 1.149762e+04 1.152176e+04 1.162964e+04 1.160550e+04
6.4 1.150423e+04 1.152115e+04 1.163123e+04 1.161431e+04
7.4 1.152569e+04 1.151283e+04 1.163090e+04 1.164376e+04
8.4 1.149127e+04 1.151664e+04 1.162693e+04 1.160156e+04
9.4 1.149337e+04 1.152698e+04 1.162547e+04 1.159185e+04
10.4 1.154848e+04 1.153552e+04 1.162734e+04 1.164031e+04
11.4 1.153403e+04 1.148714e+04 1.162969e+04 1.167658e+04
12.4 1.154441e+04 1.149615e+04 1.163126e+04 1.167952e+04
13.4 1.151814e+04 1.149914e+04 1.163209e+04 1.165109e+04
14.4 1.152328e+04 1.151010e+04 1.163245e+04 1.164563e+04
15.4 1.154376e+04 1.152874e+04 1.163252e+04 1.164753e+04
16.4 1.147714e+04 1.151417e+04 1.163242e+04 1.159539e+04
17.4 1.149167e+04 1.152329e+04 1.163226e+04 1.160065e+04
18.4 1.147236e+04 1.153150e+04 1.163211e+04 1.157298e+04
19.4 1.144198e+04 1.150058e+04 1.163200e+04 1.157339e+04
20.4 1.151140e+04 1.149501e+04 1.163192e+04 1.164832e+04
0.4 1.150423e+04 1.152115e+04 1.163123e+04 1.161431e+04
1.4 1.152569e+04 1.151283e+04 1.163090e+04 1.164376e+04
2.4 1.149127e+04 1.151664e+04 1.162693e+04 1.160156e+04
3.4 1.149337e+04 1.152698e+04 1.162547e+04 1.159185e+04
4.4 1.154848e+04 1.153552e+04 1.162734e+04 1.164031e+04
5.4 1.153403e+04 1.148714e+04 1.162969e+04 1.167658e+04
6.4 1.154441e+04 1.149615e+04 1.163126e+04 1.167952e+04
7.4 1.151814e+04 1.149914e+04 1.163209e+04 1.165109e+04
8.4 1.152328e+04 1.151010e+04 1.163245e+04 1.164563e+04
9.4 1.154376e+04 1.152874e+04 1.163252e+04 1.164753e+04
10.4 1.147714e+04 1.151417e+04 1.163242e+04 1.159539e+04
11.4 1.149167e+04 1.152329e+04 1.163226e+04 1.160065e+04
12.4 1.147236e+04 1.153150e+04 1.163211e+04 1.157298e+04
13.4 1.144198e+04 1.150058e+04 1.163200e+04 1.157339e+04
14.4 1.151140e+04 1.149501e+04 1.163192e+04 1.164832e+04
15.4 1.152180e+04 1.151416e+04 1.163158e+04 1.163922e+04
16.4 1.157602e+04 1.154332e+04 1.162796e+04 1.166066e+04
17.4 1.145647e+04 1.150333e+04 1.162482e+04 1.157797e+04
18.4 1.149321e+04 1.147974e+04 1.162583e+04 1.163929e+04
19.4 1.149466e+04 1.149094e+04 1.162840e+04 1.163212e+04
20.4 1.148168e+04 1.149734e+04 1.163045e+04 1.161479e+04
1.0 1.152180e+04 1.151416e+04 1.163158e+04 1.163922e+04
2.0 1.157602e+04 1.154332e+04 1.162796e+04 1.166066e+04
3.0 1.145647e+04 1.150333e+04 1.162482e+04 1.157797e+04
4.0 1.149321e+04 1.147974e+04 1.162583e+04 1.163929e+04
5.0 1.149466e+04 1.149094e+04 1.162840e+04 1.163212e+04
6.0 1.148168e+04 1.149734e+04 1.163045e+04 1.161479e+04
7.0 1.148556e+04 1.148247e+04 1.163166e+04 1.163475e+04
8.0 1.149139e+04 1.149155e+04 1.163226e+04 1.163210e+04
9.0 1.150739e+04 1.151067e+04 1.163247e+04 1.162919e+04
10.0 1.155258e+04 1.152771e+04 1.163244e+04 1.165732e+04
11.0 1.150402e+04 1.156133e+04 1.163231e+04 1.157500e+04
12.0 1.153582e+04 1.154013e+04 1.163216e+04 1.162784e+04
13.0 1.157854e+04 1.156068e+04 1.163203e+04 1.164989e+04
14.0 1.147749e+04 1.151116e+04 1.163195e+04 1.159828e+04
15.0 1.146537e+04 1.148906e+04 1.163190e+04 1.160820e+04
16.0 1.148522e+04 1.151301e+04 1.163187e+04 1.160407e+04
17.0 1.155597e+04 1.152332e+04 1.163185e+04 1.166451e+04
18.0 1.153576e+04 1.153490e+04 1.163185e+04 1.163271e+04
19.0 1.154779e+04 1.153816e+04 1.163185e+04 1.164147e+04
20.0 1.156517e+04 1.155399e+04 1.163184e+04 1.164303e+04
21.0 1.151307e+04 1.151509e+04 1.163184e+04 1.162982e+04
0.7 1.157309e+04 1.155226e+04 1.163181e+04 1.165264e+04
1.7 1.155617e+04 1.154426e+04 1.162954e+04 1.164145e+04
2.7 1.150233e+04 1.154507e+04 1.162541e+04 1.158266e+04
3.7 1.163549e+04 1.163468e+04 1.162514e+04 1.162594e+04
4.7 1.165317e+04 1.165225e+04 1.162752e+04 1.162844e+04
5.7 1.162365e+04 1.167576e+04 1.162985e+04 1.157774e+04
6.7 1.158845e+04 1.164278e+04 1.163133e+04 1.157700e+04
