0.5 1.300327e+03 1.370124e+03 1.459789e+03 1.389992e+03
1.5 1.331535e+03 1.333792e+03 1.437722e+03 1.435465e+03
2.5 1.250403e+03 1.361593e+03 1.437157e+03 1.325967e+03
3.5 1.294285e+03 1.357830e+03 1.430613e+03 1.367068e+03
4.5 1.301105e+03 1.373163e+03 1.434911e+03 1.362854e+03
5.5 1.274982e+03 1.323113e+03 1.407702e+03 1.359571e+03
6.5 1.330491e+03 1.356790e+03 1.432133e+03 1.405833e+03
7.5 1.387557e+03 1.335106e+03 1.442506e+03 1.494957e+03
8.5 1.416457e+03 1.377775e+03 1.433692e+03 1.472374e+03
9.5 1.417404e+03 1.404085e+03 1.438211e+03 1.451530e+03
10.5 1.376318e+03 1.404829e+03 1.434261e+03 1.405750e+03
11.5 1.361579e+03 1.380507e+03 1.442580e+03 1.423652e+03
12.5 1.357294e+03 1.388373e+03 1.444940e+03 1.413861e+03
13.5 1.451055e+03 1.447191e+03 1.443191e+03 1.447055e+03
14.5 1.514364e+03 1.436415e+03 1.458713e+03 1.536661e+03
15.5 1.457042e+03 1.429756e+03 1.446703e+03 1.473990e+03
16.5 1.495442e+03 1.448218e+03 1.446062e+03 1.493285e+03
17.5 1.505613e+03 1.409189e+03 1.451621e+03 1.548045e+03
18.5 1.339216e+03 1.387482e+03 1.426283e+03 1.378017e+03
19.5 1.530954e+03 1.418522e+03 1.431574e+03 1.544006e+03
20.5 1.416930e+03 1.416974e+03 1.438509e+03 1.438465e+03
21.5 1.470703e+03 1.467686e+03 1.447995e+03 1.451012e+03
22.5 1.487616e+03 1.472431e+03 1.454316e+03 1.469501e+03
23.5 1.506060e+03 1.438668e+03 1.444243e+03 1.511635e+03
24.5 1.398156e+03 1.403211e+03 1.450637e+03 1.445583e+03
25.5 1.450966e+03 1.455735e+03 1.456143e+03 1.451373e+03
26.5 1.364394e+03 1.402456e+03 1.429435e+03 1.391373e+03
0.5 1.376224e+03 1.355407e+03 1.422871e+03 1.443687e+03
1.5 1.201234e+03 1.298890e+03 1.426332e+03 1.328677e+03
2.5 1.311289e+03 1.344835e+03 1.415875e+03 1.382329e+03
3.5 1.361263e+03 1.329403e+03 1.423617e+03 1.455476e+03
4.5 1.318617e+03 1.277347e+03 1.418693e+03 1.459963e+03
5.5 1.343738e+03 1.370814e+03 1.428000e+03 1.400924e+03
6.5 1.399018e+03 1.338623e+03 1.416354e+03 1.476749e+03
7.5 1.307590e+03 1.364111e+03 1.401271e+03 1.344751e+03
8.5 1.454999e+03 1.423702e+03 1.428176e+03 1.459472e+03
9.5 1.509952e+03 1.470314e+03 1.415303e+03 1.454940e+03
10.5 1.556113e+03 1.564561e+03 1.418822e+03 1.410374e+03
11.5 1.615357e+03 1.541489e+03 1.419315e+03 1.493182e+03
12.5 1.501418e+03 1.529403e+03 1.434127e+03 1.406141e+03
13.5 1.539573e+03 1.545673e+03 1.427076e+03 1.420975e+03
14.5 1.525745e+03 1.522640e+03 1.421352e+03 1.424458e+03
15.5 1.526759e+03 1.534034e+03 1.402047e+03 1.394772e+03
16.5 1.572188e+03 1.537282e+03 1.424741e+03 1.459647e+03
17.5 1.570858e+03 1.594974e+03 1.412899e+03 1.388783e+03
18.5 1.602382e+03 1.600332e+03 1.411530e+03 1.413580e+03
19.5 1.575620e+03 1.633871e+03 1.423865e+03 1.365614e+03
20.5 1.594992e+03 1.590137e+03 1.416610e+03 1.421466e+03
21.5 1.574524e+03 1.611066e+03 1.421390e+03 1.384848e+03
22.5 1.563935e+03 1.555158e+03 1.418392e+03 1.427169e+03
23.5 1.557959e+03 1.516383e+03 1.427184e+03 1.468760e+03
24.5 1.622960e+03 1.531302e+03 1.424304e+03 1.515962e+03
25.5 1.527583e+03 1.505436e+03 1.416830e+03 1.438977e+03
26.5 1.585929e+03 1.607263e+03 1.419313e+03 1.397979e+03
0.5 1.454999e+03 1.423702e+03 1.428176e+03 1.459472e+03
1.5 1.509952e+03 1.470314e+03 1.415303e+03 1.454940e+03
2.5 1.556113e+03 1.564561e+03 1.418822e+03 1.410374e+03
3.5 1.615357e+03 1.541489e+03 1.419315e+03 1.493182e+03
4.5 1.501418e+03 1.529403e+03 1.434127e+03 1.406141e+03
5.5 1.539573e+03 1.545673e+03 1.427076e+03 1.420975e+03
6.5 1.525745e+03 1.522640e+03 1.421352e+03 1.424458e+03
7.5 1.526759e+03 1.534034e+03 1.402047e+03 1.394772e+03
8.5 1.572188e+03 1.537282e+03 1.424741e+03 1.459647e+03
9.5 1.570858e+03 1.594974e+03 1.412899e+03 1.388783e+03
10.5 1.602382e+03 1.600332e+03 1.411530e+03 1.413580e+03
11.5 1.575620e+03 1.633871e+03 1.423865e+03 1.365614e+03
12.5 1.594992e+03 1.590137e+03 1.416610e+03 1.421466e+03
13.5 1.574524e+03 1.611066e+03 1.421390e+03 1.384848e+03
14.5 1.563935e+03 1.555158e+03 1.418392e+03 1.427169e+03
15.5 1.557959e+03 1.516383e+03 1.427184e+03 1.468760e+03
16.5 1.622960e+03 1.531302e+03 1.424304e+03 1.515962e+03
17.5 1.527583e+03 1.505436e+03 1.416830e+03 1.438977e+03
18.5 1.585929e+03 1.607263e+03 1.419313e+03 1.397979e+03
19.5 1.497087e+03 1.521642e+03 1.421736e+03 1.397181e+03
20.5 1.533774e+03 1.553244e+03 1.419561e+03 1.400092e+03
21.5 1.485599e+03 1.493438e+03 1.412706e+03 1.404868e+03
22.5 1.567430e+03 1.522365e+03 1.418909e+03 1.463974e+03
23.5 1.536624e+03 1.571100e+03 1.424665e+03 1.390189e+03
24.5 1.538187e+03 1.537615e+03 1.425129e+03 1.425701e+03
25.5 1.563861e+03 1.610572e+03 1.412707e+03 1.365995e+03
26.5 1.533599e+03 1.552096e+03 1.421430e+03 1.402933e+03
0.5 1.572188e+03 1.537282e+03 1.424741e+03 1.459647e+03
1.5 1.570858e+03 1.594974e+03 1.412899e+03 1.388783e+03
2.5 1.602382e+03 1.600332e+03 1.411530e+03 1.413580e+03
3.5 1.575620e+03 1.633871e+03 1.423865e+03 1.365614e+03
4.5 1.594992e+03 1.590137e+03 1.416610e+03 1.421466e+03
5.5 1.574524e+03 1.611066e+03 1.421390e+03 1.384848e+03
6.5 1.563935e+03 1.555158e+03 1.418392e+03 1.427169e+03
7.5 1.557959e+03 1.516383e+03 1.427184e+03 1.468760e+03
8.5 1.622960e+03 1.531302e+03 1.424304e+03 1.515962e+03
9.5 1.527583e+03 1.505436e+03 1.416830e+03 1.438977e+03
10.5 1.585929e+03 1.607263e+03 1.419313e+03 1.397979e+03
11.5 1.497087e+03 1.521642e+03 1.421736e+03 1.397181e+03
12.5 1.533774e+03 1.553244e+03 1.419561e+03 1.400092e+03
13.5 1.485599e+03 1.493438e+03 1.412706e+03 1.404868e+03
14.5 1.567430e+03 1.522365e+03 1.418909e+03 1.463974e+03
15.5 1.536624e+03 1.571100e+03 1.424665e+03 1.390189e+03
16.5 1.538187e+03 1.537615e+03 1.425129e+03 1.425701e+03
17.5 1.563861e+03 1.610572e+03 1.412707e+03 1.365995e+03
18.5 1.533599e+03 1.552096e+03 1.421430e+03 1.402933e+03
19.5 1.525148e+03 1.494564e+03 1.418443e+03 1.449027e+03
20.5 1.459041e+03 1.507971e+03 1.420798e+03 1.371868e+03
21.5 1.439223e+03 1.498693e+03 1.412588e+03 1.353118e+03
22.5 1.512522e+03 1.588494e+03 1.429290e+03 1.353318e+03
23.5 1.469829e+03 1.548781e+03 1.413496e+03 1.334544e+03
24.5 1.568180e+03 1.543877e+03 1.424221e+03 1.448523e+03
25.5 1.518748e+03 1.497738e+03 1.425267e+03 1.446277e+03
26.5 1.482105e+03 1.537851e+03 1.423362e+03 1.367616e+03
0.5 1.475700e+03 1.443000e+03 1.423980e+03 1.456680e+03
1.5 1.397324e+03 1.390868e+03 1.409555e+03 1.416011e+03
2.5 1.366748e+03 1.362835e+03 1.394622e+03 1.398535e+03
3.5 1.409301e+03 1.373512e+03 1.418288e+03 1.454078e+03
4.5 1.380763e+03 1.386006e+03 1.410606e+03 1.405363e+03
5.5 1.384435e+03 1.384352e+03 1.424436e+03 1.424519e+03
6.5 1.322988e+03 1.337073e+03 1.423390e+03 1.409305e+03
7.5 1.387649e+03 1.338642e+03 1.432577e+03 1.481585e+03
8.5 1.288570e+03 1.281817e+03 1.377469e+03 1.384222e+03
9.5 1.402217e+03 1.358804e+03 1.403707e+03 1.447121e+03
10.5 1.195097e+03 1.333125e+03 1.418791e+03 1.280763e+03
11.5 1.089049e+03 1.237365e+03 1.391333e+03 1.243017e+03
12.5 1.182819e+03 1.218715e+03 1.440593e+03 1.404697e+03
13.5 1.174544e+03 1.251710e+03 1.414136e+03 1.336970e+03
14.5 1.233404e+03 1.279339e+03 1.434033e+03 1.388098e+03
15.5 1.292737e+03 1.251020e+03 1.427506e+03 1.469223e+03
16.5 1.301498e+03 1.342241e+03 1.421669e+03 1.380926e+03
17.5 1.327524e+03 1.353941e+03 1.409328e+03 1.382911e+03
18.5 1.342742e+03 1.340659e+03 1.425843e+03 1.427926e+03
19.5 1.353733e+03 1.343914e+03 1.416271e+03 1.426090e+03
20.5 1.302469e+03 1.310200e+03 1.411301e+03 1.403570e+03
21.5 1.359176e+03 1.313761e+03 1.419189e+03 1.464604e+03
0.5 1.409301e+03 1.373512e+03 1.418288e+03 1.454078e+03
1.5 1.380763e+03 1.386006e+03 1.410606e+03 1.405363e+03
2.5 1.384435e+03 1.384352e+03 1.424436e+03 1.424519e+03
3.5 1.322988e+03 1.337073e+03 1.423390e+03 1.409305e+03
4.5 1.387649e+03 1.338642e+03 1.432577e+03 1.481585e+03
5.5 1.288570e+03 1.281817e+03 1.377469e+03 1.384222e+03
6.5 1.402217e+03 1.358804e+03 1.403707e+03 1.447121e+03
7.5 1.195097e+03 1.333125e+03 1.418791e+03 1.280763e+03
8.5 1.089049e+03 1.237365e+03 1.391333e+03 1.243017e+03
9.5 1.182819e+03 1.218715e+03 1.440593e+03 1.404697e+03
10.5 1.174544e+03 1.251710e+03 1.414136e+03 1.336970e+03
11.5 1.233404e+03 1.279339e+03 1.434033e+03 1.388098e+03
12.5 1.292737e+03 1.251020e+03 1.427506e+03 1.469223e+03
13.5 1.301498e+03 1.342241e+03 1.421669e+03 1.380926e+03
14.5 1.327524e+03 1.353941e+03 1.409328e+03 1.382911e+03
15.5 1.342742e+03 1.340659e+03 1.425843e+03 1.427926e+03
16.5 1.353733e+03 1.343914e+03 1.416271e+03 1.426090e+03
17.5 1.302469e+03 1.310200e+03 1.411301e+03 1.403570e+03
18.5 1.359176e+03 1.313761e+03 1.419189e+03 1.464604e+03
0.5 1.195097e+03 1.333125e+03 1.418791e+03 1.280763e+03
1.5 1.089049e+03 1.237365e+03 1.391333e+03 1.243017e+03
2.5 1.182819e+03 1.218715e+03 1.440593e+03 1.404697e+03
3.5 1.174544e+03 1.251710e+03 1.414136e+03 1.336970e+03
4.5 1.233404e+03 1.279339e+03 1.434033e+03 1.388098e+03
5.5 1.292737e+03 1.251020e+03 1.427506e+03 1.469223e+03
6.5 1.301498e+03 1.342241e+03 1.421669e+03 1.380926e+03
7.5 1.327524e+03 1.353941e+03 1.409328e+03 1.382911e+03
8.5 1.342742e+03 1.340659e+03 1.425843e+03 1.427926e+03
9.5 1.353733e+03 1.343914e+03 1.416271e+03 1.426090e+03
10.5 1.302469e+03 1.310200e+03 1.411301e+03 1.403570e+03
11.5 1.359176e+03 1.313761e+03 1.419189e+03 1.464604e+03
0.5 1.182819e+03 1.218715e+03 1.440593e+03 1.404697e+03
1.5 1.174544e+03 1.251710e+03 1.414136e+03 1.336970e+03
2.5 1.233404e+03 1.279339e+03 1.434033e+03 1.388098e+03
3.5 1.292737e+03 1.251020e+03 1.427506e+03 1.469223e+03
4.5 1.301498e+03 1.342241e+03 1.421669e+03 1.380926e+03
5.5 1.327524e+03 1.353941e+03 1.409328e+03 1.382911e+03
6.5 1.342742e+03 1.340659e+03 1.425843e+03 1.427926e+03
7.5 1.353733e+03 1.343914e+03 1.416271e+03 1.426090e+03
8.5 1.302469e+03 1.310200e+03 1.411301e+03 1.403570e+03
9.5 1.359176e+03 1.313761e+03 1.419189e+03 1.464604e+03
