0.2 7.993919e+03 8.063391e+03 8.080490e+03 8.011018e+03
1.2 7.991038e+03 8.034949e+03 8.080315e+03 8.036404e+03
2.2 8.039580e+03 8.051667e+03 8.079159e+03 8.067073e+03
3.2 8.038759e+03 8.039835e+03 8.078472e+03 8.077397e+03
4.2 8.105055e+03 8.070603e+03 8.078901e+03 8.113353e+03
5.2 8.139659e+03 8.072813e+03 8.079631e+03 8.146477e+03
6.2 8.087259e+03 8.066484e+03 8.080170e+03 8.100945e+03
7.2 8.069864e+03 8.057534e+03 8.080477e+03 8.092808e+03
8.2 8.057835e+03 8.073897e+03 8.080624e+03 8.064563e+03
9.2 8.058239e+03 8.085288e+03 8.080670e+03 8.053620e+03
10.2 8.068331e+03 8.080032e+03 8.080655e+03 8.068955e+03
11.2 8.131281e+03 8.101160e+03 8.080253e+03 8.110374e+03
12.2 8.160988e+03 8.114608e+03 8.078976e+03 8.125356e+03
13.2 8.142445e+03 8.121291e+03 8.078545e+03 8.099699e+03
14.2 8.153276e+03 8.123842e+03 8.079062e+03 8.108496e+03
15.2 8.112778e+03 8.082276e+03 8.078914e+03 8.109416e+03
16.2 8.060051e+03 8.052808e+03 8.078333e+03 8.085576e+03
17.2 8.104419e+03 8.076954e+03 8.078712e+03 8.106177e+03
18.2 8.105065e+03 8.079653e+03 8.079544e+03 8.104955e+03
19.2 8.135225e+03 8.120968e+03 8.080195e+03 8.094451e+03
20.2 8.115942e+03 8.113466e+03 8.080551e+03 8.083027e+03
0.4 8.068331e+03 8.080032e+03 8.080655e+03 8.068955e+03
1.4 8.131281e+03 8.101160e+03 8.080253e+03 8.110374e+03
2.4 8.160988e+03 8.114608e+03 8.078976e+03 8.125356e+03
3.4 8.142445e+03 8.121291e+03 8.078545e+03 8.099699e+03
4.4 8.153276e+03 8.123842e+03 8.079062e+03 8.108496e+03
5.4 8.112778e+03 8.082276e+03 8.078914e+03 8.109416e+03
6.4 8.060051e+03 8.052808e+03 8.078333e+03 8.085576e+03
7.4 8.104419e+03 8.076954e+03 8.078712e+03 8.106177e+03
8.4 8.105065e+03 8.079653e+03 8.079544e+03 8.104955e+03
9.4 8.135225e+03 8.120968e+03 8.080195e+03 8.094451e+03
10.4 8.115942e+03 8.113466e+03 8.080551e+03 8.083027e+03
11.4 8.145563e+03 8.122610e+03 8.080703e+03 8.103655e+03
12.4 8.083033e+03 8.077811e+03 8.080736e+03 8.085958e+03
13.4 8.071573e+03 8.077160e+03 8.080707e+03 8.075120e+03
14.4 8.055648e+03 8.070284e+03 8.080653e+03 8.066016e+03
15.4 8.058263e+03 8.089591e+03 8.080597e+03 8.049269e+03
16.4 8.108096e+03 8.109157e+03 8.080554e+03 8.079494e+03
17.4 8.161077e+03 8.161393e+03 8.080525e+03 8.080210e+03
18.4 8.178513e+03 8.180325e+03 8.080508e+03 8.078695e+03
19.4 8.138462e+03 8.138804e+03 8.080498e+03 8.080157e+03
20.4 8.105194e+03 8.097768e+03 8.080279e+03 8.087705e+03
0.8 8.153276e+03 8.123842e+03 8.079062e+03 8.108496e+03
1.8 8.112778e+03 8.082276e+03 8.078914e+03 8.109416e+03
2.8 8.060051e+03 8.052808e+03 8.078333e+03 8.085576e+03
3.8 8.104419e+03 8.076954e+03 8.078712e+03 8.106177e+03
4.8 8.105065e+03 8.079653e+03 8.079544e+03 8.104955e+03
5.8 8.135225e+03 8.120968e+03 8.080195e+03 8.094451e+03
6.8 8.115942e+03 8.113466e+03 8.080551e+03 8.083027e+03
7.8 8.145563e+03 8.122610e+03 8.080703e+03 8.103655e+03
8.8 8.083033e+03 8.077811e+03 8.080736e+03 8.085958e+03
9.8 8.071573e+03 8.077160e+03 8.080707e+03 8.075120e+03
10.8 8.055648e+03 8.070284e+03 8.080653e+03 8.066016e+03
11.8 8.058263e+03 8.089591e+03 8.080597e+03 8.049269e+03
12.8 8.108096e+03 8.109157e+03 8.080554e+03 8.079494e+03
13.8 8.161077e+03 8.161393e+03 8.080525e+03 8.080210e+03
14.8 8.178513e+03 8.180325e+03 8.080508e+03 8.078695e+03
15.8 8.138462e+03 8.138804e+03 8.080498e+03 8.080157e+03
16.8 8.105194e+03 8.097768e+03 8.080279e+03 8.087705e+03
17.8 8.071198e+03 8.065110e+03 8.079090e+03 8.085178e+03
18.8 8.071222e+03 8.060269e+03 8.078473e+03 8.089425e+03
19.8 8.086280e+03 8.062325e+03 8.078943e+03 8.102898e+03
20.8 8.080492e+03 8.050832e+03 8.079669e+03 8.109328e+03
0.2 8.138462e+03 8.138804e+03 8.080498e+03 8.080157e+03
1.2 8.105194e+03 8.097768e+03 8.080279e+03 8.087705e+03
2.2 8.071198e+03 8.065110e+03 8.079090e+03 8.085178e+03
3.2 8.071222e+03 8.060269e+03 8.078473e+03 8.089425e+03
4.2 8.086280e+03 8.062325e+03 8.078943e+03 8.102898e+03
5.2 8.080492e+03 8.050832e+03 8.079669e+03 8.109328e+03
6.2 8.058869e+03 8.044036e+03 8.080193e+03 8.095026e+03
7.2 8.028779e+03 8.053985e+03 8.080489e+03 8.055283e+03
8.2 8.077228e+03 8.124736e+03 8.080629e+03 8.033121e+03
9.2 8.089511e+03 8.103673e+03 8.080636e+03 8.066475e+03
10.2 8.098519e+03 8.110613e+03 8.079778e+03 8.067683e+03
11.2 8.076376e+03 8.104973e+03 8.078681e+03 8.050084e+03
12.2 8.125128e+03 8.105022e+03 8.078757e+03 8.098862e+03
13.2 8.113257e+03 8.085285e+03 8.079223e+03 8.107194e+03
14.2 8.102657e+03 8.052943e+03 8.078638e+03 8.128352e+03
15.2 8.081155e+03 8.043199e+03 8.078388e+03 8.116343e+03
16.2 8.071264e+03 8.078514e+03 8.079046e+03 8.071796e+03
17.2 8.065838e+03 8.066689e+03 8.079844e+03 8.078992e+03
18.2 8.055775e+03 8.080693e+03 8.080369e+03 8.055451e+03
19.2 8.103831e+03 8.107574e+03 8.080630e+03 8.076887e+03
20.2 8.124709e+03 8.144372e+03 8.080726e+03 8.061063e+03
0.8 8.089511e+03 8.103673e+03 8.080636e+03 8.066475e+03
1.8 8.098519e+03 8.110613e+03 8.079778e+03 8.067683e+03
2.8 8.076376e+03 8.104973e+03 8.078681e+03 8.050084e+03
3.8 8.125128e+03 8.105022e+03 8.078757e+03 8.098862e+03
4.8 8.113257e+03 8.085285e+03 8.079223e+03 8.107194e+03
5.8 8.102657e+03 8.052943e+03 8.078638e+03 8.128352e+03
6.8 8.081155e+03 8.043199e+03 8.078388e+03 8.116343e+03
7.8 8.071264e+03 8.078514e+03 8.079046e+03 8.071796e+03
8.8 8.065838e+03 8.066689e+03 8.079844e+03 8.078992e+03
9.8 8.055775e+03 8.080693e+03 8.080369e+03 8.055451e+03
10.8 8.103831e+03 8.107574e+03 8.080630e+03 8.076887e+03
11.8 8.124709e+03 8.144372e+03 8.080726e+03 8.061063e+03
12.8 8.138573e+03 8.155094e+03 8.080729e+03 8.064209e+03
13.8 8.131964e+03 8.145747e+03 8.080686e+03 8.066902e+03
14.8 8.154089e+03 8.174857e+03 8.080629e+03 8.059861e+03
15.8 8.124531e+03 8.130112e+03 8.080578e+03 8.074997e+03
16.8 8.118551e+03 8.104038e+03 8.080304e+03 8.094817e+03
17.8 8.081887e+03 8.097499e+03 8.079081e+03 8.063469e+03
18.8 8.058656e+03 8.080782e+03 8.078487e+03 8.056361e+03
19.8 8.091676e+03 8.079742e+03 8.078969e+03 8.090903e+03
20.8 8.108673e+03 8.092686e+03 8.079690e+03 8.095677e+03
0.2 8.125128e+03 8.105022e+03 8.078757e+03 8.098862e+03
1.2 8.113257e+03 8.085285e+03 8.079223e+03 8.107194e+03
2.2 8.102657e+03 8.052943e+03 8.078638e+03 8.128352e+03
3.2 8.081155e+03 8.043199e+03 8.078388e+03 8.116343e+03
4.2 8.071264e+03 8.078514e+03 8.079046e+03 8.071796e+03
5.2 8.065838e+03 8.066689e+03 8.079844e+03 8.078992e+03
6.2 8.055775e+03 8.080693e+03 8.080369e+03 8.055451e+03
7.2 8.103831e+03 8.107574e+03 8.080630e+03 8.076887e+03
8.2 8.124709e+03 8.144372e+03 8.080726e+03 8.061063e+03
9.2 8.138573e+03 8.155094e+03 8.080729e+03 8.064209e+03
10.2 8.131964e+03 8.145747e+03 8.080686e+03 8.066902e+03
11.2 8.154089e+03 8.174857e+03 8.080629e+03 8.059861e+03
12.2 8.124531e+03 8.130112e+03 8.080578e+03 8.074997e+03
13.2 8.118551e+03 8.104038e+03 8.080304e+03 8.094817e+03
14.2 8.081887e+03 8.097499e+03 8.079081e+03 8.063469e+03
15.2 8.058656e+03 8.080782e+03 8.078487e+03 8.056361e+03
16.2 8.091676e+03 8.079742e+03 8.078969e+03 8.090903e+03
17.2 8.108673e+03 8.092686e+03 8.079690e+03 8.095677e+03
18.2 8.107139e+03 8.083524e+03 8.080206e+03 8.103820e+03
19.2 8.110803e+03 8.093510e+03 8.080259e+03 8.097552e+03
20.2 8.111606e+03 8.080797e+03 8.079196e+03 8.110005e+03
0.3 8.124531e+03 8.130112e+03 8.080578e+03 8.074997e+03
1.3 8.118551e+03 8.104038e+03 8.080304e+03 8.094817e+03
2.3 8.081887e+03 8.097499e+03 8.079081e+03 8.063469e+03
3.3 8.058656e+03 8.080782e+03 8.078487e+03 8.056361e+03
4.3 8.091676e+03 8.079742e+03 8.078969e+03 8.090903e+03
5.3 8.108673e+03 8.092686e+03 8.079690e+03 8.095677e+03
6.3 8.107139e+03 8.083524e+03 8.080206e+03 8.103820e+03
7.3 8.110803e+03 8.093510e+03 8.080259e+03 8.097552e+03
8.3 8.111606e+03 8.080797e+03 8.079196e+03 8.110005e+03
9.3 8.098219e+03 8.088998e+03 8.078654e+03 8.087875e+03
10.3 8.075487e+03 8.095914e+03 8.079118e+03 8.058692e+03
11.3 8.065373e+03 8.105655e+03 8.079192e+03 8.038910e+03
12.3 8.091178e+03 8.116864e+03 8.078478e+03 8.052792e+03
13.3 8.096403e+03 8.106890e+03 8.078625e+03 8.068138e+03
14.3 8.126276e+03 8.145378e+03 8.079408e+03 8.060306e+03
15.3 8.128964e+03 8.131221e+03 8.080102e+03 8.077844e+03
16.3 8.105919e+03 8.116662e+03 8.080497e+03 8.069754e+03
17.3 8.146040e+03 8.157306e+03 8.080102e+03 8.068836e+03
18.3 8.132835e+03 8.148069e+03 8.078952e+03 8.063718e+03
19.3 8.039526e+03 8.118867e+03 8.078787e+03 7.999446e+03
20.3 8.132396e+03 8.126446e+03 8.079394e+03 8.085344e+03
0.3 8.107139e+03 8.083524e+03 8.080206e+03 8.103820e+03
1.3 8.110803e+03 8.093510e+03 8.080259e+03 8.097552e+03
2.3 8.111606e+03 8.080797e+03 8.079196e+03 8.110005e+03
3.3 8.098219e+03 8.088998e+03 8.078654e+03 8.087875e+03
4.3 8.075487e+03 8.095914e+03 8.079118e+03 8.058692e+03
5.3 8.065373e+03 8.105655e+03 8.079192e+03 8.038910e+03
6.3 8.091178e+03 8.116864e+03 8.078478e+03 8.052792e+03
7.3 8.096403e+03 8.106890e+03 8.078625e+03 8.068138e+03
8.3 8.126276e+03 8.145378e+03 8.079408e+03 8.060306e+03
9.3 8.128964e+03 8.131221e+03 8.080102e+03 8.077844e+03
10.3 8.105919e+03 8.116662e+03 8.080497e+03 8.069754e+03
11.3 8.146040e+03 8.157306e+03 8.080102e+03 8.068836e+03
12.3 8.132835e+03 8.148069e+03 8.078952e+03 8.063718e+03
13.3 8.039526e+03 8.118867e+03 8.078787e+03 7.999446e+03
14.3 8.132396e+03 8.126446e+03 8.079394e+03 8.085344e+03
15.3 8.165267e+03 8.153910e+03 8.079977e+03 8.091334e+03
16.3 8.179664e+03 8.168150e+03 8.079521e+03 8.091035e+03
17.3 8.164244e+03 8.121258e+03 8.078664e+03 8.121650e+03
18.3 8.120983e+03 8.102460e+03 8.078860e+03 8.097383e+03
19.3 8.071859e+03 8.081510e+03 8.079579e+03 8.069928e+03
20.3 8.063539e+03 8.069470e+03 8.080070e+03 8.074140e+03
0.6 8.075487e+03 8.095914e+03 8.079118e+03 8.058692e+03
1.6 8.065373e+03 8.105655e+03 8.079192e+03 8.038910e+03
2.6 8.091178e+03 8.116864e+03 8.078478e+03 8.052792e+03
3.6 8.096403e+03 8.106890e+03 8.078625e+03 8.068138e+03
4.6 8.126276e+03 8.145378e+03 8.079408e+03 8.060306e+03
5.6 8.128964e+03 8.131221e+03 8.080102e+03 8.077844e+03
6.6 8.105919e+03 8.116662e+03 8.080497e+03 8.069754e+03
7.6 8.146040e+03 8.157306e+03 8.080102e+03 8.068836e+03
8.6 8.132835e+03 8.148069e+03 8.078952e+03 8.063718e+03
9.6 8.039526e+03 8.118867e+03 8.078787e+03 7.999446e+03
10.6 8.132396e+03 8.126446e+03 8.079394e+03 8.085344e+03
11.6 8.165267e+03 8.153910e+03 8.079977e+03 8.091334e+03
12.6 8.179664e+03 8.168150e+03 8.079521e+03 8.091035e+03
13.6 8.164244e+03 8.121258e+03 8.078664e+03 8.121650e+03
14.6 8.120983e+03 8.102460e+03 8.078860e+03 8.097383e+03
15.6 8.071859e+03 8.081510e+03 8.079579e+03 8.069928e+03
16.6 8.063539e+03 8.069470e+03 8.080070e+03 8.074140e+03
17.6 8.038130e+03 8.052530e+03 8.079357e+03 8.064957e+03
18.6 8.064817e+03 8.036649e+03 8.078654e+03 8.106822e+03
19.6 8.063250e+03 8.013159e+03 8.079013e+03 8.129103e+03
20.6 7.988292e+03 8.017135e+03 8.079728e+03 8.050885e+03
0.6 8.105919e+03 8.116662e+03 8.080497e+03 8.069754e+03
1.6 8.146040e+03 8.157306e+03 8.080102e+03 8.068836e+03
2.6 8.132835e+03 8.148069e+03 8.078952e+03 8.063718e+03
3.6 8.039526e+03 8.118867e+03 8.078787e+03 7.999446e+03
4.6 8.132396e+03 8.126446e+03 8.079394e+03 8.085344e+03
5.6 8.165267e+03 8.153910e+03 8.079977e+03 8.091334e+03
6.6 8.179664e+03 8.168150e+03 8.079521e+03 8.091035e+03
7.6 8.164244e+03 8.121258e+03 8.078664e+03 8.121650e+03
8.6 8.120983e+03 8.102460e+03 8.078860e+03 8.097383e+03
9.6 8.071859e+03 8.081510e+03 8.079579e+03 8.069928e+03
10.6 8.063539e+03 8.069470e+03 8.080070e+03 8.074140e+03
11.6 8.038130e+03 8.052530e+03 8.079357e+03 8.064957e+03
12.6 8.064817e+03 8.036649e+03 8.078654e+03 8.106822e+03
13.6 8.063250e+03 8.013159e+03 8.079013e+03 8.129103e+03
14.6 7.988292e+03 8.017135e+03 8.079728e+03 8.050885e+03
15.6 8.065741e+03 8.045770e+03 8.080043e+03 8.100014e+03
16.6 8.079319e+03 8.073483e+03 8.079144e+03 8.084980e+03
17.6 8.168354e+03 8.128166e+03 8.078653e+03 8.118841e+03
18.6 8.120949e+03 8.096291e+03 8.079153e+03 8.103811e+03
19.6 8.078369e+03 8.054884e+03 8.079855e+03 8.103340e+03
20.6 8.037189e+03 8.037598e+03 8.080333e+03 8.079924e+03
0.8 8.165267e+03 8.153910e+03 8.079977e+03 8.091334e+03
1.8 8.179664e+03 8.168150e+03 8.079521e+03 8.091035e+03
2.8 8.164244e+03 8.121258e+03 8.078664e+03 8.121650e+03
3.8 8.120983e+03 8.102460e+03 8.078860e+03 8.097383e+03
4.8 8.071859e+03 8.081510e+03 8.079579e+03 8.069928e+03
5.8 8.063539e+03 8.069470e+03 8.080070e+03 8.074140e+03
6.8 8.038130e+03 8.052530e+03 8.079357e+03 8.064957e+03
7.8 8.064817e+03 8.036649e+03 8.078654e+03 8.106822e+03
8.8 8.063250e+03 8.013159e+03 8.079013e+03 8.129103e+03
9.8 7.988292e+03 8.017135e+03 8.079728e+03 8.050885e+03
10.8 8.065741e+03 8.045770e+03 8.080043e+03 8.100014e+03
11.8 8.079319e+03 8.073483e+03 8.079144e+03 8.084980e+03
12.8 8.168354e+03 8.128166e+03 8.078653e+03 8.118841e+03
13.8 8.120949e+03 8.096291e+03 8.079153e+03 8.103811e+03
14.8 8.078369e+03 8.054884e+03 8.079855e+03 8.103340e+03
15.8 8.037189e+03 8.037598e+03 8.080333e+03 8.079924e+03
16.8 8.027493e+03 8.007157e+03 8.080581e+03 8.100917e+03
17.8 7.959514e+03 7.996052e+03 8.080683e+03 8.044145e+03
18.8 7.988068e+03 8.014106e+03 8.080699e+03 8.054662e+03
19.8 8.026910e+03 8.009371e+03 8.080668e+03 8.098207e+03
20.8 8.052228e+03 8.059038e+03 8.080619e+03 8.073809e+03
1.0 8.063539e+03 8.069470e+03 8.080070e+03 8.074140e+03
2.0 8.038130e+03 8.052530e+03 8.079357e+03 8.064957e+03
3.0 8.064817e+03 8.036649e+03 8.078654e+03 8.106822e+03
4.0 8.063250e+03 8.013159e+03 8.079013e+03 8.129103e+03
5.0 7.988292e+03 8.017135e+03 8.079728e+03 8.050885e+03
6.0 8.065741e+03 8.045770e+03 8.080043e+03 8.100014e+03
7.0 8.079319e+03 8.073483e+03 8.079144e+03 8.084980e+03
8.0 8.168354e+03 8.128166e+03 8.078653e+03 8.118841e+03
9.0 8.120949e+03 8.096291e+03 8.079153e+03 8.103811e+03
10.0 8.078369e+03 8.054884e+03 8.079855e+03 8.103340e+03
11.0 8.037189e+03 8.037598e+03 8.080333e+03 8.079924e+03
12.0 8.027493e+03 8.007157e+03 8.080581e+03 8.100917e+03
13.0 7.959514e+03 7.996052e+03 8.080683e+03 8.044145e+03
14.0 7.988068e+03 8.014106e+03 8.080699e+03 8.054662e+03
15.0 8.026910e+03 8.009371e+03 8.080668e+03 8.098207e+03
16.0 8.052228e+03 8.059038e+03 8.080619e+03 8.073809e+03
17.0 8.109033e+03 8.099665e+03 8.080573e+03 8.089941e+03
18.0 8.068735e+03 8.053386e+03 8.080538e+03 8.095887e+03
19.0 8.073704e+03 8.065474e+03 8.080516e+03 8.088746e+03
20.0 8.034198e+03 8.041525e+03 8.080503e+03 8.073176e+03
21.0 8.027341e+03 8.040737e+03 8.080495e+03 8.067099e+03
0.2 7.988292e+03 8.017135e+03 8.079728e+03 8.050885e+03
1.2 8.065741e+03 8.045770e+03 8.080043e+03 8.100014e+03
2.2 8.079319e+03 8.073483e+03 8.079144e+03 8.084980e+03
3.2 8.168354e+03 8.128166e+03 8.078653e+03 8.118841e+03
4.2 8.120949e+03 8.096291e+03 8.079153e+03 8.103811e+03
5.2 8.078369e+03 8.054884e+03 8.079855e+03 8.103340e+03
6.2 8.037189e+03 8.037598e+03 8.080333e+03 8.079924e+03
7.2 8.027493e+03 8.007157e+03 8.080581e+03 8.100917e+03
8.2 7.959514e+03 7.996052e+03 8.080683e+03 8.044145e+03
9.2 7.988068e+03 8.014106e+03 8.080699e+03 8.054662e+03
10.2 8.026910e+03 8.009371e+03 8.080668e+03 8.098207e+03
11.2 8.052228e+03 8.059038e+03 8.080619e+03 8.073809e+03
12.2 8.109033e+03 8.099665e+03 8.080573e+03 8.089941e+03
13.2 8.068735e+03 8.053386e+03 8.080538e+03 8.095887e+03
14.2 8.073704e+03 8.065474e+03 8.080516e+03 8.088746e+03
15.2 8.034198e+03 8.041525e+03 8.080503e+03 8.073176e+03
16.2 8.027341e+03 8.040737e+03 8.080495e+03 8.067099e+03
17.2 8.028587e+03 8.054950e+03 8.080102e+03 8.053738e+03
18.2 7.999849e+03 8.048767e+03 8.078865e+03 8.029947e+03
19.2 8.035170e+03 8.058507e+03 8.078504e+03 8.055167e+03
20.2 8.087430e+03 8.085039e+03 8.079091e+03 8.081483e+03
0.4 8.027341e+03 8.040737e+03 8.080495e+03 8.067099e+03
1.4 8.028587e+03 8.054950e+03 8.080102e+03 8.053738e+03
2.4 7.999849e+03 8.048767e+03 8.078865e+03 8.029947e+03
3.4 8.035170e+03 8.058507e+03 8.078504e+03 8.055167e+03
4.4 8.087430e+03 8.085039e+03 8.079091e+03 8.081483e+03
5.4 8.091986e+03 8.123656e+03 8.079794e+03 8.048124e+03
6.4 8.115578e+03 8.127998e+03 8.080269e+03 8.067849e+03
7.4 8.076286e+03 8.103171e+03 8.080528e+03 8.053642e+03
8.4 8.059482e+03 8.060794e+03 8.080644e+03 8.079332e+03
9.4 8.050223e+03 8.053499e+03 8.080670e+03 8.077394e+03
10.4 8.052442e+03 8.040318e+03 8.080646e+03 8.092771e+03
11.4 8.070711e+03 8.048257e+03 8.080604e+03 8.103058e+03
12.4 8.081465e+03 8.059751e+03 8.080563e+03 8.102276e+03
13.4 8.068179e+03 8.056761e+03 8.080532e+03 8.091950e+03
14.4 8.105982e+03 8.068871e+03 8.080512e+03 8.117624e+03
15.4 8.091316e+03 8.072062e+03 8.080501e+03 8.099755e+03
16.4 8.101361e+03 8.095329e+03 8.080495e+03 8.086527e+03
17.4 8.119308e+03 8.083268e+03 8.080492e+03 8.116533e+03
18.4 8.114343e+03 8.089737e+03 8.080491e+03 8.105096e+03
19.4 8.147722e+03 8.118873e+03 8.080182e+03 8.109031e+03
20.4 8.152678e+03 8.145567e+03 8.078955e+03 8.086066e+03
0.3 8.114343e+03 8.089737e+03 8.080491e+03 8.105096e+03
1.3 8.147722e+03 8.118873e+03 8.080182e+03 8.109031e+03
2.3 8.152678e+03 8.145567e+03 8.078955e+03 8.086066e+03
3.3 8.197784e+03 8.190651e+03 8.078485e+03 8.085617e+03
4.3 8.188735e+03 8.192172e+03 8.079027e+03 8.075590e+03
5.3 8.156786e+03 8.178210e+03 8.079742e+03 8.058317e+03
6.3 8.142296e+03 8.162629e+03 8.080237e+03 8.059905e+03
7.3 8.116626e+03 8.143063e+03 8.080512e+03 8.054075e+03
8.3 8.148699e+03 8.146392e+03 8.080638e+03 8.082945e+03
9.3 8.145284e+03 8.131623e+03 8.080670e+03 8.094331e+03
10.3 8.112096e+03 8.101765e+03 8.080650e+03 8.090981e+03
11.3 8.151433e+03 8.126938e+03 8.080608e+03 8.105103e+03
12.3 8.133578e+03 8.114759e+03 8.080566e+03 8.099385e+03
13.3 8.147203e+03 8.115488e+03 8.080251e+03 8.111966e+03
14.3 8.154301e+03 8.163317e+03 8.079011e+03 8.069994e+03
15.3 8.130845e+03 8.136916e+03 8.078491e+03 8.072421e+03
16.3 8.157662e+03 8.167253e+03 8.079011e+03 8.069420e+03
17.3 8.147138e+03 8.118443e+03 8.079726e+03 8.108421e+03
18.3 8.097303e+03 8.094679e+03 8.080228e+03 8.082852e+03
19.3 8.115115e+03 8.105226e+03 8.080507e+03 8.090395e+03
20.3 8.064095e+03 8.092768e+03 8.080636e+03 8.051963e+03
0.3 8.133578e+03 8.114759e+03 8.080566e+03 8.099385e+03
1.3 8.147203e+03 8.115488e+03 8.080251e+03 8.111966e+03
2.3 8.154301e+03 8.163317e+03 8.079011e+03 8.069994e+03
3.3 8.130845e+03 8.136916e+03 8.078491e+03 8.072421e+03
4.3 8.157662e+03 8.167253e+03 8.079011e+03 8.069420e+03
5.3 8.147138e+03 8.118443e+03 8.079726e+03 8.108421e+03
6.3 8.097303e+03 8.094679e+03 8.080228e+03 8.082852e+03
7.3 8.115115e+03 8.105226e+03 8.080507e+03 8.090395e+03
8.3 8.064095e+03 8.092768e+03 8.080636e+03 8.051963e+03
9.3 8.088680e+03 8.130150e+03 8.080623e+03 8.039153e+03
10.3 8.081198e+03 8.164446e+03 8.079698e+03 7.996450e+03
11.3 8.037957e+03 8.102420e+03 8.078652e+03 8.014189e+03
12.3 8.051511e+03 8.067879e+03 8.078787e+03 8.062420e+03
13.3 8.020860e+03 8.039365e+03 8.079477e+03 8.060972e+03
14.3 8.004875e+03 8.049588e+03 8.080066e+03 8.035353e+03
15.3 7.985652e+03 8.026045e+03 8.080421e+03 8.040028e+03
16.3 7.971547e+03 7.999069e+03 8.080600e+03 8.053078e+03
17.3 8.024585e+03 8.054496e+03 8.080667e+03 8.050755e+03
18.3 8.055974e+03 8.067637e+03 8.080664e+03 8.069001e+03
19.3 8.045710e+03 8.060673e+03 8.080628e+03 8.065665e+03
20.3 8.115469e+03 8.083318e+03 8.080584e+03 8.112735e+03
0.9 8.088680e+03 8.130150e+03 8.080623e+03 8.039153e+03
1.9 8.081198e+03 8.164446e+03 8.079698e+03 7.996450e+03
2.9 8.037957e+03 8.102420e+03 8.078652e+03 8.014189e+03
3.9 8.051511e+03 8.067879e+03 8.078787e+03 8.062420e+03
4.9 8.020860e+03 8.039365e+03 8.079477e+03 8.060972e+03
5.9 8.004875e+03 8.049588e+03 8.080066e+03 8.035353e+03
6.9 7.985652e+03 8.026045e+03 8.080421e+03 8.040028e+03
7.9 7.971547e+03 7.999069e+03 8.080600e+03 8.053078e+03
8.9 8.024585e+03 8.054496e+03 8.080667e+03 8.050755e+03
9.9 8.055974e+03 8.067637e+03 8.080664e+03 8.069001e+03
10.9 8.045710e+03 8.060673e+03 8.080628e+03 8.065665e+03
11.9 8.115469e+03 8.083318e+03 8.080584e+03 8.112735e+03
12.9 8.100710e+03 8.083285e+03 8.080547e+03 8.097973e+03
13.9 8.114093e+03 8.087616e+03 8.080522e+03 8.106998e+03
14.9 8.139989e+03 8.094854e+03 8.080506e+03 8.125641e+03
15.9 8.127221e+03 8.104522e+03 8.080498e+03 8.103196e+03
16.9 8.166883e+03 8.160027e+03 8.080299e+03 8.087155e+03
17.9 8.161817e+03 8.150924e+03 8.079125e+03 8.090018e+03
18.9 8.126347e+03 8.127911e+03 8.078472e+03 8.076909e+03
19.9 8.140748e+03 8.155823e+03 8.078922e+03 8.063848e+03
20.9 8.162515e+03 8.118997e+03 8.079650e+03 8.123168e+03
0.2 8.127221e+03 8.104522e+03 8.080498e+03 8.103196e+03
1.2 8.166883e+03 8.160027e+03 8.080299e+03 8.087155e+03
2.2 8.161817e+03 8.150924e+03 8.079125e+03 8.090018e+03
3.2 8.126347e+03 8.127911e+03 8.078472e+03 8.076909e+03
4.2 8.140748e+03 8.155823e+03 8.078922e+03 8.063848e+03
5.2 8.162515e+03 8.118997e+03 8.079650e+03 8.123168e+03
6.2 8.128018e+03 8.140358e+03 8.080182e+03 8.067842e+03
7.2 8.165409e+03 8.135313e+03 8.080483e+03 8.110579e+03
8.2 8.233078e+03 8.156199e+03 8.080627e+03 8.157505e+03
9.2 8.190964e+03 8.150934e+03 8.080670e+03 8.120700e+03
10.2 8.185369e+03 8.150884e+03 8.080654e+03 8.115140e+03
11.2 8.126877e+03 8.123116e+03 8.080614e+03 8.084375e+03
12.2 8.079182e+03 8.096575e+03 8.080571e+03 8.063179e+03
13.2 8.059338e+03 8.075359e+03 8.080538e+03 8.064516e+03
14.2 8.047119e+03 8.049912e+03 8.080516e+03 8.077723e+03
15.2 8.092706e+03 8.078906e+03 8.080487e+03 8.094287e+03
16.2 8.099621e+03 8.082052e+03 8.079771e+03 8.097340e+03
17.2 8.078610e+03 8.081571e+03 8.078627e+03 8.075666e+03
18.2 8.103370e+03 8.108862e+03 8.078616e+03 8.073124e+03
19.2 8.097067e+03 8.096349e+03 8.079307e+03 8.080024e+03
20.2 8.094437e+03 8.068087e+03 8.079956e+03 8.106306e+03
0.7 8.092706e+03 8.078906e+03 8.080487e+03 8.094287e+03
1.7 8.099621e+03 8.082052e+03 8.079771e+03 8.097340e+03
2.7 8.078610e+03 8.081571e+03 8.078627e+03 8.075666e+03
3.7 8.103370e+03 8.108862e+03 8.078616e+03 8.073124e+03
4.7 8.097067e+03 8.096349e+03 8.079307e+03 8.080024e+03
5.7 8.094437e+03 8.068087e+03 8.079956e+03 8.106306e+03
6.7 8.120239e+03 8.094904e+03 8.080361e+03 8.105696e+03
7.7 8.130140e+03 8.091317e+03 8.080573e+03 8.119396e+03
8.7 8.067971e+03 8.095837e+03 8.080659e+03 8.052793e+03
9.7 8.043534e+03 8.096200e+03 8.080667e+03 8.028002e+03
10.7 8.030719e+03 8.093639e+03 8.080635e+03 8.017715e+03
11.7 8.052965e+03 8.112452e+03 8.080591e+03 8.021104e+03
12.7 8.072409e+03 8.098362e+03 8.080543e+03 8.054590e+03
13.7 8.064824e+03 8.110356e+03 8.079873e+03 8.034340e+03
14.7 8.106372e+03 8.138550e+03 8.078681e+03 8.046503e+03
15.7 8.103371e+03 8.105249e+03 8.078596e+03 8.076718e+03
16.7 8.110927e+03 8.100095e+03 8.079267e+03 8.090099e+03
17.7 8.137652e+03 8.098012e+03 8.079927e+03 8.119567e+03
18.7 8.193391e+03 8.146685e+03 8.080345e+03 8.127050e+03
19.7 8.152488e+03 8.135303e+03 8.080565e+03 8.097750e+03
20.7 8.140443e+03 8.132422e+03 8.080656e+03 8.088677e+03
0.7 8.072409e+03 8.098362e+03 8.080543e+03 8.054590e+03
1.7 8.064824e+03 8.110356e+03 8.079873e+03 8.034340e+03
2.7 8.106372e+03 8.138550e+03 8.078681e+03 8.046503e+03
3.7 8.103371e+03 8.105249e+03 8.078596e+03 8.076718e+03
4.7 8.110927e+03 8.100095e+03 8.079267e+03 8.090099e+03
5.7 8.137652e+03 8.098012e+03 8.079927e+03 8.119567e+03
6.7 8.193391e+03 8.146685e+03 8.080345e+03 8.127050e+03
7.7 8.152488e+03 8.135303e+03 8.080565e+03 8.097750e+03
8.7 8.140443e+03 8.132422e+03 8.080656e+03 8.088677e+03
9.7 8.160097e+03 8.140575e+03 8.080668e+03 8.100191e+03
10.7 8.131658e+03 8.115366e+03 8.080637e+03 8.096929e+03
11.7 8.039894e+03 8.029628e+03 8.080594e+03 8.090859e+03
12.7 8.034750e+03 8.020382e+03 8.080555e+03 8.094923e+03
13.7 8.041608e+03 7.996877e+03 8.080526e+03 8.125258e+03
14.7 8.059851e+03 7.993317e+03 8.080509e+03 8.147043e+03
15.7 8.038185e+03 7.993525e+03 8.080499e+03 8.125160e+03
16.7 8.058727e+03 7.996577e+03 8.080494e+03 8.142644e+03
17.7 8.054792e+03 7.996767e+03 8.080492e+03 8.138517e+03
18.7 7.995362e+03 7.994197e+03 8.080491e+03 8.081655e+03
19.7 8.010353e+03 7.998557e+03 8.080490e+03 8.092287e+03
20.7 7.928433e+03 7.990055e+03 8.080490e+03 8.018868e+03
0.1 7.870279e+03 7.929117e+03 8.080490e+03 8.021653e+03
1.1 7.858095e+03 7.939290e+03 8.080365e+03 7.999170e+03
2.1 7.857947e+03 7.874890e+03 8.079270e+03 8.062327e+03
3.1 7.835534e+03 7.861022e+03 8.078479e+03 8.052992e+03
4.1 7.870312e+03 7.905204e+03 8.078841e+03 8.043950e+03
5.1 7.863318e+03 7.925282e+03 8.079573e+03 8.017609e+03
6.1 7.879540e+03 7.960959e+03 8.080134e+03 7.998715e+03
7.1 7.934211e+03 7.980757e+03 8.080458e+03 8.033913e+03
8.1 7.986997e+03 8.056874e+03 8.080616e+03 8.010740e+03
9.1 8.059277e+03 8.113577e+03 8.080669e+03 8.026368e+03
10.1 8.091058e+03 8.128558e+03 8.080658e+03 8.043158e+03
11.1 8.072857e+03 8.135401e+03 8.080619e+03 8.018075e+03
12.1 8.087154e+03 8.109902e+03 8.080292e+03 8.057544e+03
13.1 8.084888e+03 8.098646e+03 8.079038e+03 8.065280e+03
14.1 8.100659e+03 8.091107e+03 8.078508e+03 8.088059e+03
15.1 8.100609e+03 8.078621e+03 8.079019e+03 8.101008e+03
16.1 8.147795e+03 8.131163e+03 8.079730e+03 8.096363e+03
17.1 8.167327e+03 8.142087e+03 8.080230e+03 8.105469e+03
18.1 8.185402e+03 8.179014e+03 8.080508e+03 8.086895e+03
19.1 8.194056e+03 8.156994e+03 8.080636e+03 8.117698e+03
20.1 8.161168e+03 8.157300e+03 8.080671e+03 8.084539e+03
0.3 8.072857e+03 8.135401e+03 8.080619e+03 8.018075e+03
1.3 8.087154e+03 8.109902e+03 8.080292e+03 8.057544e+03
2.3 8.084888e+03 8.098646e+03 8.079038e+03 8.065280e+03
3.3 8.100659e+03 8.091107e+03 8.078508e+03 8.088059e+03
4.3 8.100609e+03 8.078621e+03 8.079019e+03 8.101008e+03
5.3 8.147795e+03 8.131163e+03 8.079730e+03 8.096363e+03
6.3 8.167327e+03 8.142087e+03 8.080230e+03 8.105469e+03
7.3 8.185402e+03 8.179014e+03 8.080508e+03 8.086895e+03
8.3 8.194056e+03 8.156994e+03 8.080636e+03 8.117698e+03
9.3 8.161168e+03 8.157300e+03 8.080671e+03 8.084539e+03
10.3 8.209173e+03 8.157228e+03 8.080651e+03 8.132595e+03
11.3 8.140165e+03 8.097590e+03 8.080609e+03 8.123184e+03
12.3 8.181162e+03 8.101477e+03 8.080567e+03 8.160252e+03
13.3 8.151962e+03 8.092169e+03 8.080535e+03 8.140328e+03
14.3 8.165708e+03 8.132244e+03 8.080514e+03 8.113977e+03
15.3 8.120858e+03 8.118776e+03 8.080502e+03 8.082584e+03
16.3 8.140465e+03 8.125491e+03 8.080496e+03 8.095469e+03
17.3 8.103771e+03 8.080526e+03 8.080492e+03 8.103737e+03
18.3 8.123159e+03 8.069217e+03 8.080491e+03 8.134434e+03
19.3 8.128169e+03 8.097221e+03 8.080491e+03 8.111439e+03
20.3 8.117322e+03 8.078705e+03 8.080490e+03 8.119107e+03
0.4 8.059993e+03 8.070511e+03 8.080490e+03 8.069971e+03
1.4 8.061922e+03 8.083698e+03 8.080155e+03 8.058379e+03
2.4 8.037371e+03 8.062149e+03 8.078924e+03 8.054146e+03
3.4 8.097549e+03 8.083887e+03 8.078490e+03 8.092152e+03
4.4 8.096347e+03 8.080426e+03 8.079048e+03 8.094969e+03
5.4 8.090239e+03 8.054912e+03 8.079755e+03 8.115082e+03
6.4 8.123495e+03 8.092682e+03 8.079700e+03 8.110513e+03
7.4 8.074152e+03 8.054905e+03 8.078758e+03 8.098004e+03
8.4 8.063637e+03 8.077623e+03 8.078700e+03 8.064714e+03
9.4 8.060520e+03 8.072776e+03 8.079379e+03 8.067124e+03
10.4 8.067207e+03 8.120701e+03 8.080036e+03 8.026542e+03
11.4 8.071991e+03 8.143787e+03 8.080433e+03 8.008637e+03
12.4 8.037576e+03 8.112040e+03 8.080626e+03 8.006163e+03
13.4 8.032846e+03 8.100568e+03 8.080695e+03 8.012973e+03
14.4 8.016296e+03 8.068413e+03 8.080497e+03 8.028380e+03
15.4 8.030099e+03 8.075892e+03 8.079285e+03 8.033492e+03
16.4 8.043102e+03 8.032208e+03 8.078584e+03 8.089477e+03
17.4 8.075838e+03 8.055441e+03 8.078992e+03 8.099388e+03
18.4 8.087854e+03 8.056005e+03 8.079688e+03 8.111537e+03
19.4 8.111855e+03 8.100056e+03 8.079811e+03 8.091610e+03
20.4 8.087686e+03 8.074054e+03 8.078867e+03 8.092499e+03
0.6 8.090239e+03 8.054912e+03 8.079755e+03 8.115082e+03
1.6 8.123495e+03 8.092682e+03 8.079700e+03 8.110513e+03
2.6 8.074152e+03 8.054905e+03 8.078758e+03 8.098004e+03
3.6 8.063637e+03 8.077623e+03 8.078700e+03 8.064714e+03
4.6 8.060520e+03 8.072776e+03 8.079379e+03 8.067124e+03
5.6 8.067207e+03 8.120701e+03 8.080036e+03 8.026542e+03
6.6 8.071991e+03 8.143787e+03 8.080433e+03 8.008637e+03
7.6 8.037576e+03 8.112040e+03 8.080626e+03 8.006163e+03
8.6 8.032846e+03 8.100568e+03 8.080695e+03 8.012973e+03
9.6 8.016296e+03 8.068413e+03 8.080497e+03 8.028380e+03
10.6 8.030099e+03 8.075892e+03 8.079285e+03 8.033492e+03
11.6 8.043102e+03 8.032208e+03 8.078584e+03 8.089477e+03
12.6 8.075838e+03 8.055441e+03 8.078992e+03 8.099388e+03
13.6 8.087854e+03 8.056005e+03 8.079688e+03 8.111537e+03
14.6 8.111855e+03 8.100056e+03 8.079811e+03 8.091610e+03
15.6 8.087686e+03 8.074054e+03 8.078867e+03 8.092499e+03
16.6 8.091946e+03 8.058311e+03 8.078644e+03 8.112279e+03
17.6 8.070466e+03 8.082784e+03 8.079239e+03 8.066921e+03
18.6 8.028966e+03 8.044972e+03 8.079083e+03 8.063077e+03
19.6 8.031385e+03 8.012524e+03 8.078461e+03 8.097323e+03
20.6 8.038333e+03 8.018518e+03 8.078795e+03 8.098610e+03
0.2 8.032846e+03 8.100568e+03 8.080695e+03 8.012973e+03
1.2 8.016296e+03 8.068413e+03 8.080497e+03 8.028380e+03
2.2 8.030099e+03 8.075892e+03 8.079285e+03 8.033492e+03
3.2 8.043102e+03 8.032208e+03 8.078584e+03 8.089477e+03
4.2 8.075838e+03 8.055441e+03 8.078992e+03 8.099388e+03
5.2 8.087854e+03 8.056005e+03 8.079688e+03 8.111537e+03
6.2 8.111855e+03 8.100056e+03 8.079811e+03 8.091610e+03
7.2 8.087686e+03 8.074054e+03 8.078867e+03 8.092499e+03
8.2 8.091946e+03 8.058311e+03 8.078644e+03 8.112279e+03
9.2 8.070466e+03 8.082784e+03 8.079239e+03 8.066921e+03
10.2 8.028966e+03 8.044972e+03 8.079083e+03 8.063077e+03
11.2 8.031385e+03 8.012524e+03 8.078461e+03 8.097323e+03
12.2 8.038333e+03 8.018518e+03 8.078795e+03 8.098610e+03
13.2 8.047501e+03 8.075337e+03 8.079377e+03 8.051542e+03
14.2 8.042840e+03 8.049147e+03 8.078818e+03 8.072511e+03
15.2 8.007927e+03 8.018594e+03 8.078545e+03 8.067877e+03
16.2 8.005739e+03 8.032267e+03 8.079150e+03 8.052622e+03
17.2 8.001830e+03 8.009989e+03 8.079264e+03 8.071105e+03
18.2 8.017356e+03 8.031257e+03 8.078584e+03 8.064682e+03
19.2 8.019360e+03 8.024736e+03 8.078749e+03 8.073372e+03
20.2 8.003469e+03 8.042302e+03 8.079510e+03 8.040676e+03
0.4 8.087854e+03 8.056005e+03 8.079688e+03 8.111537e+03
1.4 8.111855e+03 8.100056e+03 8.079811e+03 8.091610e+03
2.4 8.087686e+03 8.074054e+03 8.078867e+03 8.092499e+03
3.4 8.091946e+03 8.058311e+03 8.078644e+03 8.112279e+03
4.4 8.070466e+03 8.082784e+03 8.079239e+03 8.066921e+03
5.4 8.028966e+03 8.044972e+03 8.079083e+03 8.063077e+03
6.4 8.031385e+03 8.012524e+03 8.078461e+03 8.097323e+03
7.4 8.038333e+03 8.018518e+03 8.078795e+03 8.098610e+03
8.4 8.047501e+03 8.075337e+03 8.079377e+03 8.051542e+03
9.4 8.042840e+03 8.049147e+03 8.078818e+03 8.072511e+03
10.4 8.007927e+03 8.018594e+03 8.078545e+03 8.067877e+03
11.4 8.005739e+03 8.032267e+03 8.079150e+03 8.052622e+03
12.4 8.001830e+03 8.009989e+03 8.079264e+03 8.071105e+03
13.4 8.017356e+03 8.031257e+03 8.078584e+03 8.064682e+03
14.4 8.019360e+03 8.024736e+03 8.078749e+03 8.073372e+03
15.4 8.003469e+03 8.042302e+03 8.079510e+03 8.040676e+03
16.4 7.984545e+03 8.011616e+03 8.080169e+03 8.053097e+03
17.4 8.032270e+03 8.031197e+03 8.080532e+03 8.081606e+03
18.4 7.990253e+03 8.001112e+03 8.080052e+03 8.069193e+03
19.4 7.885901e+03 7.932779e+03 8.078918e+03 8.032040e+03
20.4 7.945608e+03 7.944894e+03 8.078815e+03 8.079529e+03
0.8 8.070466e+03 8.082784e+03 8.079239e+03 8.066921e+03
1.8 8.028966e+03 8.044972e+03 8.079083e+03 8.063077e+03
2.8 8.031385e+03 8.012524e+03 8.078461e+03 8.097323e+03
3.8 8.038333e+03 8.018518e+03 8.078795e+03 8.098610e+03
4.8 8.047501e+03 8.075337e+03 8.079377e+03 8.051542e+03
5.8 8.042840e+03 8.049147e+03 8.078818e+03 8.072511e+03
6.8 8.007927e+03 8.018594e+03 8.078545e+03 8.067877e+03
7.8 8.005739e+03 8.032267e+03 8.079150e+03 8.052622e+03
8.8 8.001830e+03 8.009989e+03 8.079264e+03 8.071105e+03
9.8 8.017356e+03 8.031257e+03 8.078584e+03 8.064682e+03
10.8 8.019360e+03 8.024736e+03 8.078749e+03 8.073372e+03
11.8 8.003469e+03 8.042302e+03 8.079510e+03 8.040676e+03
12.8 7.984545e+03 8.011616e+03 8.080169e+03 8.053097e+03
13.8 8.032270e+03 8.031197e+03 8.080532e+03 8.081606e+03
14.8 7.990253e+03 8.001112e+03 8.080052e+03 8.069193e+03
15.8 7.885901e+03 7.932779e+03 8.078918e+03 8.032040e+03
16.8 7.945608e+03 7.944894e+03 8.078815e+03 8.079529e+03
17.8 7.964986e+03 7.972221e+03 8.079437e+03 8.072202e+03
18.8 7.972184e+03 7.986953e+03 8.080042e+03 8.065272e+03
19.8 7.993399e+03 7.938683e+03 8.080414e+03 8.135130e+03
20.8 7.997770e+03 7.993812e+03 8.080603e+03 8.084561e+03
0.2 8.038333e+03 8.018518e+03 8.078795e+03 8.098610e+03
1.2 8.047501e+03 8.075337e+03 8.079377e+03 8.051542e+03
2.2 8.042840e+03 8.049147e+03 8.078818e+03 8.072511e+03
3.2 8.007927e+03 8.018594e+03 8.078545e+03 8.067877e+03
4.2 8.005739e+03 8.032267e+03 8.079150e+03 8.052622e+03
5.2 8.001830e+03 8.009989e+03 8.079264e+03 8.071105e+03
6.2 8.017356e+03 8.031257e+03 8.078584e+03 8.064682e+03
7.2 8.019360e+03 8.024736e+03 8.078749e+03 8.073372e+03
8.2 8.003469e+03 8.042302e+03 8.079510e+03 8.040676e+03
9.2 7.984545e+03 8.011616e+03 8.080169e+03 8.053097e+03
10.2 8.032270e+03 8.031197e+03 8.080532e+03 8.081606e+03
11.2 7.990253e+03 8.001112e+03 8.080052e+03 8.069193e+03
12.2 7.885901e+03 7.932779e+03 8.078918e+03 8.032040e+03
13.2 7.945608e+03 7.944894e+03 8.078815e+03 8.079529e+03
14.2 7.964986e+03 7.972221e+03 8.079437e+03 8.072202e+03
15.2 7.972184e+03 7.986953e+03 8.080042e+03 8.065272e+03
16.2 7.993399e+03 7.938683e+03 8.080414e+03 8.135130e+03
17.2 7.997770e+03 7.993812e+03 8.080603e+03 8.084561e+03
18.2 8.013574e+03 8.013671e+03 8.080676e+03 8.080578e+03
19.2 8.018363e+03 8.006438e+03 8.080677e+03 8.092602e+03
20.2 8.064548e+03 8.029952e+03 8.080642e+03 8.115238e+03
0.7 8.005739e+03 8.032267e+03 8.079150e+03 8.052622e+03
1.7 8.001830e+03 8.009989e+03 8.079264e+03 8.071105e+03
2.7 8.017356e+03 8.031257e+03 8.078584e+03 8.064682e+03
3.7 8.019360e+03 8.024736e+03 8.078749e+03 8.073372e+03
4.7 8.003469e+03 8.042302e+03 8.079510e+03 8.040676e+03
5.7 7.984545e+03 8.011616e+03 8.080169e+03 8.053097e+03
6.7 8.032270e+03 8.031197e+03 8.080532e+03 8.081606e+03
7.7 7.990253e+03 8.001112e+03 8.080052e+03 8.069193e+03
8.7 7.885901e+03 7.932779e+03 8.078918e+03 8.032040e+03
9.7 7.945608e+03 7.944894e+03 8.078815e+03 8.079529e+03
10.7 7.964986e+03 7.972221e+03 8.079437e+03 8.072202e+03
11.7 7.972184e+03 7.986953e+03 8.080042e+03 8.065272e+03
12.7 7.993399e+03 7.938683e+03 8.080414e+03 8.135130e+03
13.7 7.997770e+03 7.993812e+03 8.080603e+03 8.084561e+03
14.7 8.013574e+03 8.013671e+03 8.080676e+03 8.080578e+03
15.7 8.018363e+03 8.006438e+03 8.080677e+03 8.092602e+03
16.7 8.064548e+03 8.029952e+03 8.080642e+03 8.115238e+03
17.7 8.044879e+03 8.011592e+03 8.080596e+03 8.113883e+03
18.7 8.038599e+03 7.992718e+03 8.080555e+03 8.126437e+03
0.7 8.032270e+03 8.031197e+03 8.080532e+03 8.081606e+03
1.7 7.990253e+03 8.001112e+03 8.080052e+03 8.069193e+03
2.7 7.885901e+03 7.932779e+03 8.078918e+03 8.032040e+03
3.7 7.945608e+03 7.944894e+03 8.078815e+03 8.079529e+03
4.7 7.964986e+03 7.972221e+03 8.079437e+03 8.072202e+03
5.7 7.972184e+03 7.986953e+03 8.080042e+03 8.065272e+03
6.7 7.993399e+03 7.938683e+03 8.080414e+03 8.135130e+03
7.7 7.997770e+03 7.993812e+03 8.080603e+03 8.084561e+03
8.7 8.013574e+03 8.013671e+03 8.080676e+03 8.080578e+03
9.7 8.018363e+03 8.006438e+03 8.080677e+03 8.092602e+03
10.7 8.064548e+03 8.029952e+03 8.080642e+03 8.115238e+03
11.7 8.044879e+03 8.011592e+03 8.080596e+03 8.113883e+03
12.7 8.038599e+03 7.992718e+03 8.080555e+03 8.126437e+03
