0.2 1.041703e+04 1.041295e+04 1.046087e+04 1.046494e+04
1.2 1.044280e+04 1.043811e+04 1.046083e+04 1.046552e+04
2.2 1.045949e+04 1.046480e+04 1.046054e+04 1.045523e+04
3.2 1.043812e+04 1.044905e+04 1.046037e+04 1.044944e+04
4.2 1.040827e+04 1.045958e+04 1.046047e+04 1.040917e+04
5.2 1.043925e+04 1.046849e+04 1.046066e+04 1.043142e+04
6.2 1.045103e+04 1.046164e+04 1.046079e+04 1.045019e+04
7.2 1.047432e+04 1.045674e+04 1.046087e+04 1.047845e+04
8.2 1.046139e+04 1.047350e+04 1.046090e+04 1.044880e+04
9.2 1.047617e+04 1.048544e+04 1.046092e+04 1.045164e+04
10.2 1.048933e+04 1.048940e+04 1.046091e+04 1.046084e+04
11.2 1.051802e+04 1.052059e+04 1.046081e+04 1.045824e+04
12.2 1.051367e+04 1.053455e+04 1.046049e+04 1.043961e+04
13.2 1.049271e+04 1.049812e+04 1.046038e+04 1.045497e+04
14.2 1.048789e+04 1.046586e+04 1.046051e+04 1.048254e+04
15.2 1.050475e+04 1.045567e+04 1.046048e+04 1.050955e+04
16.2 1.052770e+04 1.048645e+04 1.046033e+04 1.050158e+04
17.2 1.054924e+04 1.052608e+04 1.046043e+04 1.048358e+04
18.2 1.057413e+04 1.057311e+04 1.046063e+04 1.046166e+04
19.2 1.053982e+04 1.056694e+04 1.046080e+04 1.043368e+04
20.2 1.053572e+04 1.050944e+04 1.046089e+04 1.048717e+04
0.4 1.048933e+04 1.048940e+04 1.046091e+04 1.046084e+04
1.4 1.051802e+04 1.052059e+04 1.046081e+04 1.045824e+04
2.4 1.051367e+04 1.053455e+04 1.046049e+04 1.043961e+04
3.4 1.049271e+04 1.049812e+04 1.046038e+04 1.045497e+04
4.4 1.048789e+04 1.046586e+04 1.046051e+04 1.048254e+04
5.4 1.050475e+04 1.045567e+04 1.046048e+04 1.050955e+04
6.4 1.052770e+04 1.048645e+04 1.046033e+04 1.050158e+04
7.4 1.054924e+04 1.052608e+04 1.046043e+04 1.048358e+04
8.4 1.057413e+04 1.057311e+04 1.046063e+04 1.046166e+04
9.4 1.053982e+04 1.056694e+04 1.046080e+04 1.043368e+04
10.4 1.053572e+04 1.050944e+04 1.046089e+04 1.048717e+04
11.4 1.055981e+04 1.048853e+04 1.046092e+04 1.053220e+04
12.4 1.055533e+04 1.048852e+04 1.046093e+04 1.052774e+04
13.4 1.058205e+04 1.054473e+04 1.046092e+04 1.049825e+04
14.4 1.059929e+04 1.053880e+04 1.046091e+04 1.052140e+04
15.4 1.060750e+04 1.060495e+04 1.046090e+04 1.046345e+04
16.4 1.058327e+04 1.059027e+04 1.046089e+04 1.045388e+04
17.4 1.050666e+04 1.057778e+04 1.046088e+04 1.038976e+04
18.4 1.042967e+04 1.049719e+04 1.046087e+04 1.039336e+04
19.4 1.040758e+04 1.042616e+04 1.046087e+04 1.044229e+04
20.4 1.038920e+04 1.040279e+04 1.046082e+04 1.044723e+04
0.8 1.048789e+04 1.046586e+04 1.046051e+04 1.048254e+04
1.8 1.050475e+04 1.045567e+04 1.046048e+04 1.050955e+04
2.8 1.052770e+04 1.048645e+04 1.046033e+04 1.050158e+04
3.8 1.054924e+04 1.052608e+04 1.046043e+04 1.048358e+04
4.8 1.057413e+04 1.057311e+04 1.046063e+04 1.046166e+04
5.8 1.053982e+04 1.056694e+04 1.046080e+04 1.043368e+04
6.8 1.053572e+04 1.050944e+04 1.046089e+04 1.048717e+04
7.8 1.055981e+04 1.048853e+04 1.046092e+04 1.053220e+04
8.8 1.055533e+04 1.048852e+04 1.046093e+04 1.052774e+04
9.8 1.058205e+04 1.054473e+04 1.046092e+04 1.049825e+04
10.8 1.059929e+04 1.053880e+04 1.046091e+04 1.052140e+04
11.8 1.060750e+04 1.060495e+04 1.046090e+04 1.046345e+04
12.8 1.058327e+04 1.059027e+04 1.046089e+04 1.045388e+04
13.8 1.050666e+04 1.057778e+04 1.046088e+04 1.038976e+04
14.8 1.042967e+04 1.049719e+04 1.046087e+04 1.039336e+04
15.8 1.040758e+04 1.042616e+04 1.046087e+04 1.044229e+04
16.8 1.038920e+04 1.040279e+04 1.046082e+04 1.044723e+04
17.8 1.038616e+04 1.039233e+04 1.046052e+04 1.045436e+04
18.8 1.037272e+04 1.040393e+04 1.046037e+04 1.042915e+04
19.8 1.041456e+04 1.043562e+04 1.046048e+04 1.043943e+04
20.8 1.044520e+04 1.047081e+04 1.046067e+04 1.043505e+04
0.2 1.040758e+04 1.042616e+04 1.046087e+04 1.044229e+04
1.2 1.038920e+04 1.040279e+04 1.046082e+04 1.044723e+04
2.2 1.038616e+04 1.039233e+04 1.046052e+04 1.045436e+04
3.2 1.037272e+04 1.040393e+04 1.046037e+04 1.042915e+04
4.2 1.041456e+04 1.043562e+04 1.046048e+04 1.043943e+04
5.2 1.044520e+04 1.047081e+04 1.046067e+04 1.043505e+04
6.2 1.049275e+04 1.051399e+04 1.046080e+04 1.043956e+04
7.2 1.050800e+04 1.051578e+04 1.046087e+04 1.045309e+04
8.2 1.053512e+04 1.053700e+04 1.046091e+04 1.045903e+04
9.2 1.052771e+04 1.052806e+04 1.046091e+04 1.046056e+04
10.2 1.047479e+04 1.049358e+04 1.046069e+04 1.044190e+04
11.2 1.040979e+04 1.042247e+04 1.046042e+04 1.044774e+04
12.2 1.037982e+04 1.040206e+04 1.046044e+04 1.043819e+04
13.2 1.043687e+04 1.041266e+04 1.046055e+04 1.048476e+04
14.2 1.047877e+04 1.043317e+04 1.046041e+04 1.050601e+04
15.2 1.048638e+04 1.046068e+04 1.046035e+04 1.048605e+04
16.2 1.055873e+04 1.053080e+04 1.046051e+04 1.048845e+04
17.2 1.057009e+04 1.054721e+04 1.046071e+04 1.048358e+04
18.2 1.060021e+04 1.055070e+04 1.046084e+04 1.051035e+04
19.2 1.060764e+04 1.055419e+04 1.046091e+04 1.051436e+04
20.2 1.053377e+04 1.053633e+04 1.046093e+04 1.045837e+04
0.8 1.052771e+04 1.052806e+04 1.046091e+04 1.046056e+04
1.8 1.047479e+04 1.049358e+04 1.046069e+04 1.044190e+04
2.8 1.040979e+04 1.042247e+04 1.046042e+04 1.044774e+04
3.8 1.037982e+04 1.040206e+04 1.046044e+04 1.043819e+04
4.8 1.043687e+04 1.041266e+04 1.046055e+04 1.048476e+04
5.8 1.047877e+04 1.043317e+04 1.046041e+04 1.050601e+04
6.8 1.048638e+04 1.046068e+04 1.046035e+04 1.048605e+04
7.8 1.055873e+04 1.053080e+04 1.046051e+04 1.048845e+04
8.8 1.057009e+04 1.054721e+04 1.046071e+04 1.048358e+04
9.8 1.060021e+04 1.055070e+04 1.046084e+04 1.051035e+04
10.8 1.060764e+04 1.055419e+04 1.046091e+04 1.051436e+04
11.8 1.053377e+04 1.053633e+04 1.046093e+04 1.045837e+04
12.8 1.046466e+04 1.050183e+04 1.046093e+04 1.042376e+04
13.8 1.037936e+04 1.041854e+04 1.046092e+04 1.042175e+04
14.8 1.039142e+04 1.040578e+04 1.046091e+04 1.044655e+04
15.8 1.041388e+04 1.039689e+04 1.046089e+04 1.047788e+04
16.8 1.040551e+04 1.039578e+04 1.046082e+04 1.047056e+04
17.8 1.038823e+04 1.039016e+04 1.046052e+04 1.045859e+04
18.8 1.038048e+04 1.039908e+04 1.046037e+04 1.044177e+04
19.8 1.041574e+04 1.043408e+04 1.046049e+04 1.044216e+04
20.8 1.042497e+04 1.045513e+04 1.046067e+04 1.043052e+04
0.2 1.037982e+04 1.040206e+04 1.046044e+04 1.043819e+04
1.2 1.043687e+04 1.041266e+04 1.046055e+04 1.048476e+04
2.2 1.047877e+04 1.043317e+04 1.046041e+04 1.050601e+04
3.2 1.048638e+04 1.046068e+04 1.046035e+04 1.048605e+04
4.2 1.055873e+04 1.053080e+04 1.046051e+04 1.048845e+04
5.2 1.057009e+04 1.054721e+04 1.046071e+04 1.048358e+04
6.2 1.060021e+04 1.055070e+04 1.046084e+04 1.051035e+04
7.2 1.060764e+04 1.055419e+04 1.046091e+04 1.051436e+04
8.2 1.053377e+04 1.053633e+04 1.046093e+04 1.045837e+04
9.2 1.046466e+04 1.050183e+04 1.046093e+04 1.042376e+04
10.2 1.037936e+04 1.041854e+04 1.046092e+04 1.042175e+04
11.2 1.039142e+04 1.040578e+04 1.046091e+04 1.044655e+04
12.2 1.041388e+04 1.039689e+04 1.046089e+04 1.047788e+04
13.2 1.040551e+04 1.039578e+04 1.046082e+04 1.047056e+04
14.2 1.038823e+04 1.039016e+04 1.046052e+04 1.045859e+04
15.2 1.038048e+04 1.039908e+04 1.046037e+04 1.044177e+04
16.2 1.041574e+04 1.043408e+04 1.046049e+04 1.044216e+04
17.2 1.042497e+04 1.045513e+04 1.046067e+04 1.043052e+04
18.2 1.045473e+04 1.046199e+04 1.046080e+04 1.045354e+04
19.2 1.045579e+04 1.044293e+04 1.046081e+04 1.047367e+04
20.2 1.048443e+04 1.047085e+04 1.046055e+04 1.047413e+04
0.3 1.041388e+04 1.039689e+04 1.046089e+04 1.047788e+04
1.3 1.040551e+04 1.039578e+04 1.046082e+04 1.047056e+04
2.3 1.038823e+04 1.039016e+04 1.046052e+04 1.045859e+04
3.3 1.038048e+04 1.039908e+04 1.046037e+04 1.044177e+04
4.3 1.041574e+04 1.043408e+04 1.046049e+04 1.044216e+04
5.3 1.042497e+04 1.045513e+04 1.046067e+04 1.043052e+04
6.3 1.045473e+04 1.046199e+04 1.046080e+04 1.045354e+04
7.3 1.045579e+04 1.044293e+04 1.046081e+04 1.047367e+04
8.3 1.048443e+04 1.047085e+04 1.046055e+04 1.047413e+04
9.3 1.051819e+04 1.050934e+04 1.046041e+04 1.046925e+04
10.3 1.055904e+04 1.054706e+04 1.046053e+04 1.047250e+04
11.3 1.052895e+04 1.057078e+04 1.046055e+04 1.041872e+04
12.3 1.054640e+04 1.058044e+04 1.046037e+04 1.042632e+04
13.3 1.051926e+04 1.055187e+04 1.046040e+04 1.042779e+04
14.3 1.060343e+04 1.060440e+04 1.046060e+04 1.045963e+04
15.3 1.054735e+04 1.055790e+04 1.046077e+04 1.045023e+04
16.3 1.057561e+04 1.058804e+04 1.046087e+04 1.044844e+04
17.3 1.057912e+04 1.058949e+04 1.046077e+04 1.045040e+04
18.3 1.059046e+04 1.058958e+04 1.046049e+04 1.046137e+04
19.3 1.044055e+04 1.047018e+04 1.046044e+04 1.043081e+04
20.3 1.049212e+04 1.049177e+04 1.046060e+04 1.046095e+04
0.3 1.045473e+04 1.046199e+04 1.046080e+04 1.045354e+04
1.3 1.045579e+04 1.044293e+04 1.046081e+04 1.047367e+04
2.3 1.048443e+04 1.047085e+04 1.046055e+04 1.047413e+04
3.3 1.051819e+04 1.050934e+04 1.046041e+04 1.046925e+04
4.3 1.055904e+04 1.054706e+04 1.046053e+04 1.047250e+04
5.3 1.052895e+04 1.057078e+04 1.046055e+04 1.041872e+04
6.3 1.054640e+04 1.058044e+04 1.046037e+04 1.042632e+04
7.3 1.051926e+04 1.055187e+04 1.046040e+04 1.042779e+04
8.3 1.060343e+04 1.060440e+04 1.046060e+04 1.045963e+04
9.3 1.054735e+04 1.055790e+04 1.046077e+04 1.045023e+04
10.3 1.057561e+04 1.058804e+04 1.046087e+04 1.044844e+04
11.3 1.057912e+04 1.058949e+04 1.046077e+04 1.045040e+04
12.3 1.059046e+04 1.058958e+04 1.046049e+04 1.046137e+04
13.3 1.044055e+04 1.047018e+04 1.046044e+04 1.043081e+04
14.3 1.049212e+04 1.049177e+04 1.046060e+04 1.046095e+04
15.3 1.055890e+04 1.051973e+04 1.046074e+04 1.049991e+04
16.3 1.047421e+04 1.045013e+04 1.046063e+04 1.048470e+04
17.3 1.043061e+04 1.042373e+04 1.046041e+04 1.046729e+04
18.3 1.041001e+04 1.039020e+04 1.046046e+04 1.048027e+04
19.3 1.040814e+04 1.037986e+04 1.046064e+04 1.048892e+04
20.3 1.037358e+04 1.036700e+04 1.046077e+04 1.046734e+04
0.6 1.055904e+04 1.054706e+04 1.046053e+04 1.047250e+04
1.6 1.052895e+04 1.057078e+04 1.046055e+04 1.041872e+04
2.6 1.054640e+04 1.058044e+04 1.046037e+04 1.042632e+04
3.6 1.051926e+04 1.055187e+04 1.046040e+04 1.042779e+04
4.6 1.060343e+04 1.060440e+04 1.046060e+04 1.045963e+04
5.6 1.054735e+04 1.055790e+04 1.046077e+04 1.045023e+04
6.6 1.057561e+04 1.058804e+04 1.046087e+04 1.044844e+04
7.6 1.057912e+04 1.058949e+04 1.046077e+04 1.045040e+04
8.6 1.059046e+04 1.058958e+04 1.046049e+04 1.046137e+04
9.6 1.044055e+04 1.047018e+04 1.046044e+04 1.043081e+04
10.6 1.049212e+04 1.049177e+04 1.046060e+04 1.046095e+04
11.6 1.055890e+04 1.051973e+04 1.046074e+04 1.049991e+04
12.6 1.047421e+04 1.045013e+04 1.046063e+04 1.048470e+04
13.6 1.043061e+04 1.042373e+04 1.046041e+04 1.046729e+04
14.6 1.041001e+04 1.039020e+04 1.046046e+04 1.048027e+04
15.6 1.040814e+04 1.037986e+04 1.046064e+04 1.048892e+04
16.6 1.037358e+04 1.036700e+04 1.046077e+04 1.046734e+04
17.6 1.037631e+04 1.037144e+04 1.046059e+04 1.046546e+04
18.6 1.042286e+04 1.039946e+04 1.046041e+04 1.048381e+04
19.6 1.048330e+04 1.042202e+04 1.046050e+04 1.052178e+04
20.6 1.052058e+04 1.046130e+04 1.046068e+04 1.051996e+04
0.6 1.057561e+04 1.058804e+04 1.046087e+04 1.044844e+04
1.6 1.057912e+04 1.058949e+04 1.046077e+04 1.045040e+04
2.6 1.059046e+04 1.058958e+04 1.046049e+04 1.046137e+04
3.6 1.044055e+04 1.047018e+04 1.046044e+04 1.043081e+04
4.6 1.049212e+04 1.049177e+04 1.046060e+04 1.046095e+04
5.6 1.055890e+04 1.051973e+04 1.046074e+04 1.049991e+04
6.6 1.047421e+04 1.045013e+04 1.046063e+04 1.048470e+04
7.6 1.043061e+04 1.042373e+04 1.046041e+04 1.046729e+04
8.6 1.041001e+04 1.039020e+04 1.046046e+04 1.048027e+04
9.6 1.040814e+04 1.037986e+04 1.046064e+04 1.048892e+04
10.6 1.037358e+04 1.036700e+04 1.046077e+04 1.046734e+04
11.6 1.037631e+04 1.037144e+04 1.046059e+04 1.046546e+04
12.6 1.042286e+04 1.039946e+04 1.046041e+04 1.048381e+04
13.6 1.048330e+04 1.042202e+04 1.046050e+04 1.052178e+04
14.6 1.052058e+04 1.046130e+04 1.046068e+04 1.051996e+04
15.6 1.056973e+04 1.049751e+04 1.046076e+04 1.053298e+04
16.6 1.056591e+04 1.053859e+04 1.046053e+04 1.048785e+04
17.6 1.049769e+04 1.050797e+04 1.046041e+04 1.045013e+04
18.6 1.039046e+04 1.044581e+04 1.046054e+04 1.040518e+04
19.6 1.036449e+04 1.041069e+04 1.046071e+04 1.041451e+04
20.6 1.034560e+04 1.040196e+04 1.046083e+04 1.040447e+04
0.8 1.055890e+04 1.051973e+04 1.046074e+04 1.049991e+04
1.8 1.047421e+04 1.045013e+04 1.046063e+04 1.048470e+04
2.8 1.043061e+04 1.042373e+04 1.046041e+04 1.046729e+04
3.8 1.041001e+04 1.039020e+04 1.046046e+04 1.048027e+04
4.8 1.040814e+04 1.037986e+04 1.046064e+04 1.048892e+04
5.8 1.037358e+04 1.036700e+04 1.046077e+04 1.046734e+04
6.8 1.037631e+04 1.037144e+04 1.046059e+04 1.046546e+04
7.8 1.042286e+04 1.039946e+04 1.046041e+04 1.048381e+04
8.8 1.048330e+04 1.042202e+04 1.046050e+04 1.052178e+04
9.8 1.052058e+04 1.046130e+04 1.046068e+04 1.051996e+04
10.8 1.056973e+04 1.049751e+04 1.046076e+04 1.053298e+04
11.8 1.056591e+04 1.053859e+04 1.046053e+04 1.048785e+04
12.8 1.049769e+04 1.050797e+04 1.046041e+04 1.045013e+04
13.8 1.039046e+04 1.044581e+04 1.046054e+04 1.040518e+04
14.8 1.036449e+04 1.041069e+04 1.046071e+04 1.041451e+04
15.8 1.034560e+04 1.040196e+04 1.046083e+04 1.040447e+04
16.8 1.038998e+04 1.042168e+04 1.046089e+04 1.042920e+04
17.8 1.042577e+04 1.045354e+04 1.046092e+04 1.043314e+04
18.8 1.044978e+04 1.046765e+04 1.046092e+04 1.044306e+04
19.8 1.042303e+04 1.048454e+04 1.046091e+04 1.039940e+04
20.8 1.048320e+04 1.053951e+04 1.046090e+04 1.040459e+04
1.0 1.037358e+04 1.036700e+04 1.046077e+04 1.046734e+04
2.0 1.037631e+04 1.037144e+04 1.046059e+04 1.046546e+04
3.0 1.042286e+04 1.039946e+04 1.046041e+04 1.048381e+04
4.0 1.048330e+04 1.042202e+04 1.046050e+04 1.052178e+04
5.0 1.052058e+04 1.046130e+04 1.046068e+04 1.051996e+04
6.0 1.056973e+04 1.049751e+04 1.046076e+04 1.053298e+04
7.0 1.056591e+04 1.053859e+04 1.046053e+04 1.048785e+04
8.0 1.049769e+04 1.050797e+04 1.046041e+04 1.045013e+04
9.0 1.039046e+04 1.044581e+04 1.046054e+04 1.040518e+04
10.0 1.036449e+04 1.041069e+04 1.046071e+04 1.041451e+04
11.0 1.034560e+04 1.040196e+04 1.046083e+04 1.040447e+04
12.0 1.038998e+04 1.042168e+04 1.046089e+04 1.042920e+04
13.0 1.042577e+04 1.045354e+04 1.046092e+04 1.043314e+04
14.0 1.044978e+04 1.046765e+04 1.046092e+04 1.044306e+04
15.0 1.042303e+04 1.048454e+04 1.046091e+04 1.039940e+04
16.0 1.048320e+04 1.053951e+04 1.046090e+04 1.040459e+04
17.0 1.042368e+04 1.045909e+04 1.046089e+04 1.042548e+04
18.0 1.042811e+04 1.042575e+04 1.046088e+04 1.046325e+04
19.0 1.046289e+04 1.043964e+04 1.046088e+04 1.048413e+04
20.0 1.050185e+04 1.047438e+04 1.046087e+04 1.048835e+04
21.0 1.052779e+04 1.050500e+04 1.046087e+04 1.048367e+04
0.2 1.052058e+04 1.046130e+04 1.046068e+04 1.051996e+04
1.2 1.056973e+04 1.049751e+04 1.046076e+04 1.053298e+04
2.2 1.056591e+04 1.053859e+04 1.046053e+04 1.048785e+04
3.2 1.049769e+04 1.050797e+04 1.046041e+04 1.045013e+04
4.2 1.039046e+04 1.044581e+04 1.046054e+04 1.040518e+04
5.2 1.036449e+04 1.041069e+04 1.046071e+04 1.041451e+04
6.2 1.034560e+04 1.040196e+04 1.046083e+04 1.040447e+04
7.2 1.038998e+04 1.042168e+04 1.046089e+04 1.042920e+04
8.2 1.042577e+04 1.045354e+04 1.046092e+04 1.043314e+04
9.2 1.044978e+04 1.046765e+04 1.046092e+04 1.044306e+04
10.2 1.042303e+04 1.048454e+04 1.046091e+04 1.039940e+04
11.2 1.048320e+04 1.053951e+04 1.046090e+04 1.040459e+04
12.2 1.042368e+04 1.045909e+04 1.046089e+04 1.042548e+04
13.2 1.042811e+04 1.042575e+04 1.046088e+04 1.046325e+04
14.2 1.046289e+04 1.043964e+04 1.046088e+04 1.048413e+04
15.2 1.050185e+04 1.047438e+04 1.046087e+04 1.048835e+04
16.2 1.052779e+04 1.050500e+04 1.046087e+04 1.048367e+04
17.2 1.057538e+04 1.056382e+04 1.046077e+04 1.047233e+04
18.2 1.056612e+04 1.055669e+04 1.046046e+04 1.046989e+04
19.2 1.061657e+04 1.058566e+04 1.046037e+04 1.049128e+04
20.2 1.063586e+04 1.057630e+04 1.046052e+04 1.052008e+04
0.4 1.052779e+04 1.050500e+04 1.046087e+04 1.048367e+04
1.4 1.057538e+04 1.056382e+04 1.046077e+04 1.047233e+04
2.4 1.056612e+04 1.055669e+04 1.046046e+04 1.046989e+04
3.4 1.061657e+04 1.058566e+04 1.046037e+04 1.049128e+04
4.4 1.063586e+04 1.057630e+04 1.046052e+04 1.052008e+04
5.4 1.060013e+04 1.056341e+04 1.046070e+04 1.049741e+04
6.4 1.047827e+04 1.048806e+04 1.046082e+04 1.045103e+04
7.4 1.043071e+04 1.042058e+04 1.046088e+04 1.047101e+04
8.4 1.045091e+04 1.041197e+04 1.046091e+04 1.049985e+04
9.4 1.048209e+04 1.045929e+04 1.046092e+04 1.048371e+04
10.4 1.052063e+04 1.048616e+04 1.046091e+04 1.049537e+04
11.4 1.055708e+04 1.056086e+04 1.046090e+04 1.045712e+04
12.4 1.056849e+04 1.055878e+04 1.046089e+04 1.047060e+04
13.4 1.053670e+04 1.056598e+04 1.046088e+04 1.043160e+04
14.4 1.053919e+04 1.058101e+04 1.046088e+04 1.041906e+04
15.4 1.049915e+04 1.055330e+04 1.046087e+04 1.040672e+04
16.4 1.056107e+04 1.059672e+04 1.046087e+04 1.042523e+04
17.4 1.055970e+04 1.057867e+04 1.046087e+04 1.044191e+04
18.4 1.057366e+04 1.062160e+04 1.046087e+04 1.041293e+04
19.4 1.059129e+04 1.062743e+04 1.046079e+04 1.042465e+04
20.4 1.058672e+04 1.059857e+04 1.046049e+04 1.044863e+04
0.3 1.057366e+04 1.062160e+04 1.046087e+04 1.041293e+04
1.3 1.059129e+04 1.062743e+04 1.046079e+04 1.042465e+04
2.3 1.058672e+04 1.059857e+04 1.046049e+04 1.044863e+04
3.3 1.062895e+04 1.063383e+04 1.046037e+04 1.045549e+04
4.3 1.065112e+04 1.063626e+04 1.046051e+04 1.047536e+04
5.3 1.064675e+04 1.063587e+04 1.046068e+04 1.047156e+04
6.3 1.061532e+04 1.061603e+04 1.046081e+04 1.046010e+04
7.3 1.052441e+04 1.053963e+04 1.046088e+04 1.044566e+04
8.3 1.055079e+04 1.056478e+04 1.046091e+04 1.044692e+04
9.3 1.054961e+04 1.054253e+04 1.046092e+04 1.046799e+04
10.3 1.052071e+04 1.051561e+04 1.046091e+04 1.046602e+04
11.3 1.052911e+04 1.055552e+04 1.046090e+04 1.043449e+04
12.3 1.056055e+04 1.052129e+04 1.046089e+04 1.050015e+04
13.3 1.059271e+04 1.055258e+04 1.046081e+04 1.050094e+04
14.3 1.061217e+04 1.053973e+04 1.046050e+04 1.053294e+04
15.3 1.053735e+04 1.048848e+04 1.046037e+04 1.050924e+04
16.3 1.053350e+04 1.052113e+04 1.046050e+04 1.047287e+04
17.3 1.051161e+04 1.049370e+04 1.046068e+04 1.047859e+04
18.3 1.051407e+04 1.050668e+04 1.046080e+04 1.046819e+04
19.3 1.053105e+04 1.050753e+04 1.046087e+04 1.048440e+04
20.3 1.050201e+04 1.048139e+04 1.046091e+04 1.048152e+04
0.3 1.056055e+04 1.052129e+04 1.046089e+04 1.050015e+04
1.3 1.059271e+04 1.055258e+04 1.046081e+04 1.050094e+04
2.3 1.061217e+04 1.053973e+04 1.046050e+04 1.053294e+04
3.3 1.053735e+04 1.048848e+04 1.046037e+04 1.050924e+04
4.3 1.053350e+04 1.052113e+04 1.046050e+04 1.047287e+04
5.3 1.051161e+04 1.049370e+04 1.046068e+04 1.047859e+04
6.3 1.051407e+04 1.050668e+04 1.046080e+04 1.046819e+04
7.3 1.053105e+04 1.050753e+04 1.046087e+04 1.048440e+04
8.3 1.050201e+04 1.048139e+04 1.046091e+04 1.048152e+04
9.3 1.046142e+04 1.045279e+04 1.046090e+04 1.046953e+04
10.3 1.036911e+04 1.039259e+04 1.046067e+04 1.043720e+04
11.3 1.031406e+04 1.035624e+04 1.046041e+04 1.041823e+04
12.3 1.034039e+04 1.037546e+04 1.046045e+04 1.042538e+04
13.3 1.038109e+04 1.037013e+04 1.046062e+04 1.047158e+04
14.3 1.042126e+04 1.044147e+04 1.046076e+04 1.044055e+04
15.3 1.040221e+04 1.042267e+04 1.046085e+04 1.044040e+04
16.3 1.039880e+04 1.042138e+04 1.046090e+04 1.043832e+04
17.3 1.048930e+04 1.048644e+04 1.046091e+04 1.046377e+04
18.3 1.052265e+04 1.048008e+04 1.046091e+04 1.050348e+04
19.3 1.054459e+04 1.049171e+04 1.046090e+04 1.051378e+04
20.3 1.056382e+04 1.053160e+04 1.046089e+04 1.049311e+04
0.9 1.046142e+04 1.045279e+04 1.046090e+04 1.046953e+04
1.9 1.036911e+04 1.039259e+04 1.046067e+04 1.043720e+04
2.9 1.031406e+04 1.035624e+04 1.046041e+04 1.041823e+04
3.9 1.034039e+04 1.037546e+04 1.046045e+04 1.042538e+04
4.9 1.038109e+04 1.037013e+04 1.046062e+04 1.047158e+04
5.9 1.042126e+04 1.044147e+04 1.046076e+04 1.044055e+04
6.9 1.040221e+04 1.042267e+04 1.046085e+04 1.044040e+04
7.9 1.039880e+04 1.042138e+04 1.046090e+04 1.043832e+04
8.9 1.048930e+04 1.048644e+04 1.046091e+04 1.046377e+04
9.9 1.052265e+04 1.048008e+04 1.046091e+04 1.050348e+04
10.9 1.054459e+04 1.049171e+04 1.046090e+04 1.051378e+04
11.9 1.056382e+04 1.053160e+04 1.046089e+04 1.049311e+04
12.9 1.049133e+04 1.052101e+04 1.046088e+04 1.043121e+04
13.9 1.044103e+04 1.054134e+04 1.046088e+04 1.036057e+04
14.9 1.045083e+04 1.055764e+04 1.046087e+04 1.035406e+04
15.9 1.047093e+04 1.054018e+04 1.046087e+04 1.039162e+04
16.9 1.048967e+04 1.055689e+04 1.046082e+04 1.039360e+04
17.9 1.052196e+04 1.054027e+04 1.046053e+04 1.044222e+04
18.9 1.048651e+04 1.050632e+04 1.046037e+04 1.044056e+04
19.9 1.051724e+04 1.053473e+04 1.046048e+04 1.044298e+04
20.9 1.054672e+04 1.051596e+04 1.046066e+04 1.049143e+04
0.2 1.047093e+04 1.054018e+04 1.046087e+04 1.039162e+04
1.2 1.048967e+04 1.055689e+04 1.046082e+04 1.039360e+04
2.2 1.052196e+04 1.054027e+04 1.046053e+04 1.044222e+04
3.2 1.048651e+04 1.050632e+04 1.046037e+04 1.044056e+04
4.2 1.051724e+04 1.053473e+04 1.046048e+04 1.044298e+04
5.2 1.054672e+04 1.051596e+04 1.046066e+04 1.049143e+04
6.2 1.056676e+04 1.053054e+04 1.046079e+04 1.049701e+04
7.2 1.060537e+04 1.052633e+04 1.046087e+04 1.053992e+04
8.2 1.064662e+04 1.053725e+04 1.046090e+04 1.057027e+04
9.2 1.057287e+04 1.048441e+04 1.046092e+04 1.054937e+04
10.2 1.049854e+04 1.046293e+04 1.046091e+04 1.049652e+04
11.2 1.044205e+04 1.043871e+04 1.046090e+04 1.046425e+04
12.2 1.041786e+04 1.043898e+04 1.046089e+04 1.043978e+04
13.2 1.043821e+04 1.044162e+04 1.046088e+04 1.045748e+04
14.2 1.044836e+04 1.046649e+04 1.046088e+04 1.044274e+04
15.2 1.047210e+04 1.050851e+04 1.046087e+04 1.042447e+04
16.2 1.049533e+04 1.050724e+04 1.046069e+04 1.044879e+04
17.2 1.051092e+04 1.048624e+04 1.046041e+04 1.048508e+04
18.2 1.054681e+04 1.052112e+04 1.046040e+04 1.048609e+04
19.2 1.055513e+04 1.052917e+04 1.046057e+04 1.048654e+04
20.2 1.053247e+04 1.053766e+04 1.046074e+04 1.045555e+04
0.7 1.047210e+04 1.050851e+04 1.046087e+04 1.042447e+04
1.7 1.049533e+04 1.050724e+04 1.046069e+04 1.044879e+04
2.7 1.051092e+04 1.048624e+04 1.046041e+04 1.048508e+04
3.7 1.054681e+04 1.052112e+04 1.046040e+04 1.048609e+04
4.7 1.055513e+04 1.052917e+04 1.046057e+04 1.048654e+04
5.7 1.053247e+04 1.053766e+04 1.046074e+04 1.045555e+04
6.7 1.055690e+04 1.056300e+04 1.046084e+04 1.045475e+04
7.7 1.056013e+04 1.056865e+04 1.046089e+04 1.045237e+04
8.7 1.054988e+04 1.057554e+04 1.046091e+04 1.043526e+04
9.7 1.056132e+04 1.059111e+04 1.046091e+04 1.043113e+04
10.7 1.059572e+04 1.057197e+04 1.046091e+04 1.048466e+04
11.7 1.062936e+04 1.061150e+04 1.046090e+04 1.047876e+04
12.7 1.063740e+04 1.056520e+04 1.046088e+04 1.053308e+04
13.7 1.066164e+04 1.059133e+04 1.046072e+04 1.053103e+04
14.7 1.063284e+04 1.058010e+04 1.046042e+04 1.051316e+04
15.7 1.055009e+04 1.056458e+04 1.046040e+04 1.044591e+04
16.7 1.054024e+04 1.053460e+04 1.046057e+04 1.046620e+04
17.7 1.054640e+04 1.056158e+04 1.046073e+04 1.044555e+04
18.7 1.054805e+04 1.056886e+04 1.046083e+04 1.044002e+04
19.7 1.045337e+04 1.048824e+04 1.046089e+04 1.042602e+04
20.7 1.034213e+04 1.042065e+04 1.046091e+04 1.038240e+04
0.7 1.063740e+04 1.056520e+04 1.046088e+04 1.053308e+04
1.7 1.066164e+04 1.059133e+04 1.046072e+04 1.053103e+04
2.7 1.063284e+04 1.058010e+04 1.046042e+04 1.051316e+04
3.7 1.055009e+04 1.056458e+04 1.046040e+04 1.044591e+04
4.7 1.054024e+04 1.053460e+04 1.046057e+04 1.046620e+04
5.7 1.054640e+04 1.056158e+04 1.046073e+04 1.044555e+04
6.7 1.054805e+04 1.056886e+04 1.046083e+04 1.044002e+04
7.7 1.045337e+04 1.048824e+04 1.046089e+04 1.042602e+04
8.7 1.034213e+04 1.042065e+04 1.046091e+04 1.038240e+04
9.7 1.029118e+04 1.036117e+04 1.046091e+04 1.039093e+04
10.7 1.032147e+04 1.035025e+04 1.046091e+04 1.043213e+04
11.7 1.027904e+04 1.032643e+04 1.046090e+04 1.041350e+04
12.7 1.032030e+04 1.035238e+04 1.046089e+04 1.042880e+04
13.7 1.033210e+04 1.036862e+04 1.046088e+04 1.042436e+04
14.7 1.031707e+04 1.036046e+04 1.046088e+04 1.041749e+04
15.7 1.030897e+04 1.034393e+04 1.046087e+04 1.042591e+04
16.7 1.035577e+04 1.035602e+04 1.046087e+04 1.046062e+04
17.7 1.038617e+04 1.035116e+04 1.046087e+04 1.049587e+04
18.7 1.034936e+04 1.033015e+04 1.046087e+04 1.048008e+04
19.7 1.035636e+04 1.031872e+04 1.046087e+04 1.049851e+04
20.7 1.034113e+04 1.032891e+04 1.046087e+04 1.047309e+04
0.1 1.035607e+04 1.032942e+04 1.046087e+04 1.048752e+04
1.1 1.033674e+04 1.033919e+04 1.046084e+04 1.045839e+04
2.1 1.037027e+04 1.035947e+04 1.046057e+04 1.047136e+04
3.1 1.037862e+04 1.037008e+04 1.046037e+04 1.046891e+04
4.1 1.040642e+04 1.042638e+04 1.046046e+04 1.044050e+04
5.1 1.041738e+04 1.042590e+04 1.046064e+04 1.045212e+04
6.1 1.043931e+04 1.043431e+04 1.046078e+04 1.046579e+04
7.1 1.049698e+04 1.048426e+04 1.046086e+04 1.047359e+04
8.1 1.049209e+04 1.049664e+04 1.046090e+04 1.045635e+04
9.1 1.048763e+04 1.049000e+04 1.046091e+04 1.045854e+04
10.1 1.050070e+04 1.047403e+04 1.046091e+04 1.048759e+04
11.1 1.047380e+04 1.044826e+04 1.046090e+04 1.048644e+04
12.1 1.050941e+04 1.045673e+04 1.046082e+04 1.051351e+04
13.1 1.046200e+04 1.045532e+04 1.046051e+04 1.046719e+04
14.1 1.045363e+04 1.044178e+04 1.046038e+04 1.047222e+04
15.1 1.046117e+04 1.045661e+04 1.046050e+04 1.046507e+04
16.1 1.050225e+04 1.046621e+04 1.046068e+04 1.049673e+04
17.1 1.047093e+04 1.046241e+04 1.046081e+04 1.046933e+04
18.1 1.047547e+04 1.046728e+04 1.046087e+04 1.046906e+04
19.1 1.043029e+04 1.043342e+04 1.046091e+04 1.045777e+04
20.1 1.043268e+04 1.043241e+04 1.046092e+04 1.046119e+04
0.3 1.047380e+04 1.044826e+04 1.046090e+04 1.048644e+04
1.3 1.050941e+04 1.045673e+04 1.046082e+04 1.051351e+04
2.3 1.046200e+04 1.045532e+04 1.046051e+04 1.046719e+04
3.3 1.045363e+04 1.044178e+04 1.046038e+04 1.047222e+04
4.3 1.046117e+04 1.045661e+04 1.046050e+04 1.046507e+04
5.3 1.050225e+04 1.046621e+04 1.046068e+04 1.049673e+04
6.3 1.047093e+04 1.046241e+04 1.046081e+04 1.046933e+04
7.3 1.047547e+04 1.046728e+04 1.046087e+04 1.046906e+04
8.3 1.043029e+04 1.043342e+04 1.046091e+04 1.045777e+04
9.3 1.043268e+04 1.043241e+04 1.046092e+04 1.046119e+04
10.3 1.041930e+04 1.040662e+04 1.046091e+04 1.047359e+04
11.3 1.040119e+04 1.042712e+04 1.046090e+04 1.043497e+04
12.3 1.043340e+04 1.042843e+04 1.046089e+04 1.046586e+04
13.3 1.039012e+04 1.039641e+04 1.046088e+04 1.045459e+04
14.3 1.039339e+04 1.041725e+04 1.046088e+04 1.043702e+04
15.3 1.038892e+04 1.038699e+04 1.046087e+04 1.046280e+04
16.3 1.037306e+04 1.038215e+04 1.046087e+04 1.045178e+04
17.3 1.037030e+04 1.035714e+04 1.046087e+04 1.047403e+04
18.3 1.038050e+04 1.038509e+04 1.046087e+04 1.045628e+04
19.3 1.036343e+04 1.038151e+04 1.046087e+04 1.044279e+04
20.3 1.035866e+04 1.037731e+04 1.046087e+04 1.044222e+04
0.4 1.036785e+04 1.038328e+04 1.046087e+04 1.044544e+04
1.4 1.037792e+04 1.037501e+04 1.046079e+04 1.046370e+04
2.4 1.037565e+04 1.039469e+04 1.046048e+04 1.044144e+04
3.4 1.038364e+04 1.038880e+04 1.046037e+04 1.045521e+04
4.4 1.038980e+04 1.038922e+04 1.046051e+04 1.046109e+04
5.4 1.038927e+04 1.038497e+04 1.046069e+04 1.046499e+04
6.4 1.040536e+04 1.038581e+04 1.046067e+04 1.048023e+04
7.4 1.038729e+04 1.036897e+04 1.046044e+04 1.047877e+04
8.4 1.041629e+04 1.038815e+04 1.046042e+04 1.048856e+04
9.4 1.040929e+04 1.040320e+04 1.046059e+04 1.046668e+04
10.4 1.041813e+04 1.040363e+04 1.046076e+04 1.047525e+04
11.4 1.039721e+04 1.037893e+04 1.046086e+04 1.047914e+04
12.4 1.037820e+04 1.036778e+04 1.046090e+04 1.047132e+04
13.4 1.037320e+04 1.037356e+04 1.046092e+04 1.046057e+04
14.4 1.036917e+04 1.038513e+04 1.046087e+04 1.044491e+04
15.4 1.040564e+04 1.037861e+04 1.046057e+04 1.048760e+04
16.4 1.036655e+04 1.037524e+04 1.046039e+04 1.045171e+04
17.4 1.038765e+04 1.038482e+04 1.046050e+04 1.046333e+04
18.4 1.039375e+04 1.037621e+04 1.046067e+04 1.047821e+04
19.4 1.040055e+04 1.039750e+04 1.046070e+04 1.046376e+04
20.4 1.040855e+04 1.039415e+04 1.046046e+04 1.047487e+04
0.6 1.038927e+04 1.038497e+04 1.046069e+04 1.046499e+04
1.6 1.040536e+04 1.038581e+04 1.046067e+04 1.048023e+04
2.6 1.038729e+04 1.036897e+04 1.046044e+04 1.047877e+04
3.6 1.041629e+04 1.038815e+04 1.046042e+04 1.048856e+04
4.6 1.040929e+04 1.040320e+04 1.046059e+04 1.046668e+04
5.6 1.041813e+04 1.040363e+04 1.046076e+04 1.047525e+04
6.6 1.039721e+04 1.037893e+04 1.046086e+04 1.047914e+04
7.6 1.037820e+04 1.036778e+04 1.046090e+04 1.047132e+04
8.6 1.037320e+04 1.037356e+04 1.046092e+04 1.046057e+04
9.6 1.036917e+04 1.038513e+04 1.046087e+04 1.044491e+04
10.6 1.040564e+04 1.037861e+04 1.046057e+04 1.048760e+04
11.6 1.036655e+04 1.037524e+04 1.046039e+04 1.045171e+04
12.6 1.038765e+04 1.038482e+04 1.046050e+04 1.046333e+04
13.6 1.039375e+04 1.037621e+04 1.046067e+04 1.047821e+04
14.6 1.040055e+04 1.039750e+04 1.046070e+04 1.046376e+04
15.6 1.040855e+04 1.039415e+04 1.046046e+04 1.047487e+04
16.6 1.036784e+04 1.039207e+04 1.046041e+04 1.043618e+04
17.6 1.034925e+04 1.036687e+04 1.046056e+04 1.044294e+04
18.6 1.034750e+04 1.035921e+04 1.046052e+04 1.044880e+04
19.6 1.035686e+04 1.036375e+04 1.046036e+04 1.045348e+04
20.6 1.035547e+04 1.037648e+04 1.046045e+04 1.043943e+04
0.2 1.037320e+04 1.037356e+04 1.046092e+04 1.046057e+04
1.2 1.036917e+04 1.038513e+04 1.046087e+04 1.044491e+04
2.2 1.040564e+04 1.037861e+04 1.046057e+04 1.048760e+04
3.2 1.036655e+04 1.037524e+04 1.046039e+04 1.045171e+04
4.2 1.038765e+04 1.038482e+04 1.046050e+04 1.046333e+04
5.2 1.039375e+04 1.037621e+04 1.046067e+04 1.047821e+04
6.2 1.040055e+04 1.039750e+04 1.046070e+04 1.046376e+04
7.2 1.040855e+04 1.039415e+04 1.046046e+04 1.047487e+04
8.2 1.036784e+04 1.039207e+04 1.046041e+04 1.043618e+04
9.2 1.034925e+04 1.036687e+04 1.046056e+04 1.044294e+04
10.2 1.034750e+04 1.035921e+04 1.046052e+04 1.044880e+04
11.2 1.035686e+04 1.036375e+04 1.046036e+04 1.045348e+04
12.2 1.035547e+04 1.037648e+04 1.046045e+04 1.043943e+04
13.2 1.036983e+04 1.040111e+04 1.046059e+04 1.042931e+04
14.2 1.033942e+04 1.037109e+04 1.046045e+04 1.042879e+04
15.2 1.034017e+04 1.034962e+04 1.046038e+04 1.045094e+04
16.2 1.035785e+04 1.035654e+04 1.046054e+04 1.046184e+04
17.2 1.037559e+04 1.036893e+04 1.046056e+04 1.046722e+04
18.2 1.038194e+04 1.037451e+04 1.046039e+04 1.046783e+04
19.2 1.038122e+04 1.037498e+04 1.046044e+04 1.046668e+04
20.2 1.036228e+04 1.036744e+04 1.046063e+04 1.045546e+04
0.4 1.039375e+04 1.037621e+04 1.046067e+04 1.047821e+04
1.4 1.040055e+04 1.039750e+04 1.046070e+04 1.046376e+04
2.4 1.040855e+04 1.039415e+04 1.046046e+04 1.047487e+04
3.4 1.036784e+04 1.039207e+04 1.046041e+04 1.043618e+04
4.4 1.034925e+04 1.036687e+04 1.046056e+04 1.044294e+04
5.4 1.034750e+04 1.035921e+04 1.046052e+04 1.044880e+04
6.4 1.035686e+04 1.036375e+04 1.046036e+04 1.045348e+04
7.4 1.035547e+04 1.037648e+04 1.046045e+04 1.043943e+04
8.4 1.036983e+04 1.040111e+04 1.046059e+04 1.042931e+04
9.4 1.033942e+04 1.037109e+04 1.046045e+04 1.042879e+04
10.4 1.034017e+04 1.034962e+04 1.046038e+04 1.045094e+04
11.4 1.035785e+04 1.035654e+04 1.046054e+04 1.046184e+04
12.4 1.037559e+04 1.036893e+04 1.046056e+04 1.046722e+04
13.4 1.038194e+04 1.037451e+04 1.046039e+04 1.046783e+04
14.4 1.038122e+04 1.037498e+04 1.046044e+04 1.046668e+04
15.4 1.036228e+04 1.036744e+04 1.046063e+04 1.045546e+04
16.4 1.032283e+04 1.029285e+04 1.046079e+04 1.049077e+04
17.4 1.037569e+04 1.034623e+04 1.046088e+04 1.049034e+04
18.4 1.037651e+04 1.035326e+04 1.046076e+04 1.048401e+04
19.4 1.036961e+04 1.036827e+04 1.046048e+04 1.046181e+04
20.4 1.035056e+04 1.038434e+04 1.046045e+04 1.042668e+04
0.8 1.034925e+04 1.036687e+04 1.046056e+04 1.044294e+04
1.8 1.034750e+04 1.035921e+04 1.046052e+04 1.044880e+04
2.8 1.035686e+04 1.036375e+04 1.046036e+04 1.045348e+04
3.8 1.035547e+04 1.037648e+04 1.046045e+04 1.043943e+04
4.8 1.036983e+04 1.040111e+04 1.046059e+04 1.042931e+04
5.8 1.033942e+04 1.037109e+04 1.046045e+04 1.042879e+04
6.8 1.034017e+04 1.034962e+04 1.046038e+04 1.045094e+04
7.8 1.035785e+04 1.035654e+04 1.046054e+04 1.046184e+04
8.8 1.037559e+04 1.036893e+04 1.046056e+04 1.046722e+04
9.8 1.038194e+04 1.037451e+04 1.046039e+04 1.046783e+04
10.8 1.038122e+04 1.037498e+04 1.046044e+04 1.046668e+04
11.8 1.036228e+04 1.036744e+04 1.046063e+04 1.045546e+04
12.8 1.032283e+04 1.029285e+04 1.046079e+04 1.049077e+04
13.8 1.037569e+04 1.034623e+04 1.046088e+04 1.049034e+04
14.8 1.037651e+04 1.035326e+04 1.046076e+04 1.048401e+04
15.8 1.036961e+04 1.036827e+04 1.046048e+04 1.046181e+04
16.8 1.035056e+04 1.038434e+04 1.046045e+04 1.042668e+04
17.8 1.034433e+04 1.034943e+04 1.046061e+04 1.045550e+04
18.8 1.035517e+04 1.034360e+04 1.046076e+04 1.047234e+04
19.8 1.034734e+04 1.033059e+04 1.046085e+04 1.047760e+04
20.8 1.036112e+04 1.035772e+04 1.046090e+04 1.046430e+04
0.2 1.035547e+04 1.037648e+04 1.046045e+04 1.043943e+04
1.2 1.036983e+04 1.040111e+04 1.046059e+04 1.042931e+04
2.2 1.033942e+04 1.037109e+04 1.046045e+04 1.042879e+04
3.2 1.034017e+04 1.034962e+04 1.046038e+04 1.045094e+04
4.2 1.035785e+04 1.035654e+04 1.046054e+04 1.046184e+04
5.2 1.037559e+04 1.036893e+04 1.046056e+04 1.046722e+04
6.2 1.038194e+04 1.037451e+04 1.046039e+04 1.046783e+04
7.2 1.038122e+04 1.037498e+04 1.046044e+04 1.046668e+04
8.2 1.036228e+04 1.036744e+04 1.046063e+04 1.045546e+04
9.2 1.032283e+04 1.029285e+04 1.046079e+04 1.049077e+04
10.2 1.037569e+04 1.034623e+04 1.046088e+04 1.049034e+04
11.2 1.037651e+04 1.035326e+04 1.046076e+04 1.048401e+04
12.2 1.036961e+04 1.036827e+04 1.046048e+04 1.046181e+04
13.2 1.035056e+04 1.038434e+04 1.046045e+04 1.042668e+04
14.2 1.034433e+04 1.034943e+04 1.046061e+04 1.045550e+04
15.2 1.035517e+04 1.034360e+04 1.046076e+04 1.047234e+04
16.2 1.034734e+04 1.033059e+04 1.046085e+04 1.047760e+04
17.2 1.036112e+04 1.035772e+04 1.046090e+04 1.046430e+04
18.2 1.039635e+04 1.039010e+04 1.046092e+04 1.046717e+04
19.2 1.042484e+04 1.042800e+04 1.046092e+04 1.045776e+04
20.2 1.042396e+04 1.040097e+04 1.046091e+04 1.048389e+04
0.7 1.035785e+04 1.035654e+04 1.046054e+04 1.046184e+04
1.7 1.037559e+04 1.036893e+04 1.046056e+04 1.046722e+04
2.7 1.038194e+04 1.037451e+04 1.046039e+04 1.046783e+04
3.7 1.038122e+04 1.037498e+04 1.046044e+04 1.046668e+04
4.7 1.036228e+04 1.036744e+04 1.046063e+04 1.045546e+04
5.7 1.032283e+04 1.029285e+04 1.046079e+04 1.049077e+04
6.7 1.037569e+04 1.034623e+04 1.046088e+04 1.049034e+04
7.7 1.037651e+04 1.035326e+04 1.046076e+04 1.048401e+04
8.7 1.036961e+04 1.036827e+04 1.046048e+04 1.046181e+04
9.7 1.035056e+04 1.038434e+04 1.046045e+04 1.042668e+04
10.7 1.034433e+04 1.034943e+04 1.046061e+04 1.045550e+04
11.7 1.035517e+04 1.034360e+04 1.046076e+04 1.047234e+04
12.7 1.034734e+04 1.033059e+04 1.046085e+04 1.047760e+04
13.7 1.036112e+04 1.035772e+04 1.046090e+04 1.046430e+04
14.7 1.039635e+04 1.039010e+04 1.046092e+04 1.046717e+04
15.7 1.042484e+04 1.042800e+04 1.046092e+04 1.045776e+04
16.7 1.042396e+04 1.040097e+04 1.046091e+04 1.048389e+04
17.7 1.038324e+04 1.038437e+04 1.046090e+04 1.045977e+04
18.7 1.036787e+04 1.036835e+04 1.046089e+04 1.046041e+04
0.7 1.037569e+04 1.034623e+04 1.046088e+04 1.049034e+04
1.7 1.037651e+04 1.035326e+04 1.046076e+04 1.048401e+04
2.7 1.036961e+04 1.036827e+04 1.046048e+04 1.046181e+04
3.7 1.035056e+04 1.038434e+04 1.046045e+04 1.042668e+04
4.7 1.034433e+04 1.034943e+04 1.046061e+04 1.045550e+04
5.7 1.035517e+04 1.034360e+04 1.046076e+04 1.047234e+04
6.7 1.034734e+04 1.033059e+04 1.046085e+04 1.047760e+04
7.7 1.036112e+04 1.035772e+04 1.046090e+04 1.046430e+04
8.7 1.039635e+04 1.039010e+04 1.046092e+04 1.046717e+04
9.7 1.042484e+04 1.042800e+04 1.046092e+04 1.045776e+04
10.7 1.042396e+04 1.040097e+04 1.046091e+04 1.048389e+04
11.7 1.038324e+04 1.038437e+04 1.046090e+04 1.045977e+04
12.7 1.036787e+04 1.036835e+04 1.046089e+04 1.046041e+04
