0.5 1.103971e+04 1.104522e+04 1.097771e+04 1.097219e+04
1.5 1.091173e+04 1.096477e+04 1.093113e+04 1.087808e+04
2.5 1.090649e+04 1.089149e+04 1.092993e+04 1.094494e+04
3.5 1.097350e+04 1.093532e+04 1.091612e+04 1.095429e+04
4.5 1.096443e+04 1.094802e+04 1.092519e+04 1.094160e+04
5.5 1.093791e+04 1.092520e+04 1.086775e+04 1.088046e+04
6.5 1.086684e+04 1.093722e+04 1.091933e+04 1.084895e+04
7.5 1.098173e+04 1.097483e+04 1.094123e+04 1.094813e+04
8.5 1.095636e+04 1.094668e+04 1.092262e+04 1.093229e+04
9.5 1.094950e+04 1.093412e+04 1.093216e+04 1.094754e+04
10.5 1.095808e+04 1.096036e+04 1.092382e+04 1.092154e+04
11.5 1.098173e+04 1.098820e+04 1.094138e+04 1.093491e+04
12.5 1.096344e+04 1.098297e+04 1.094636e+04 1.092683e+04
13.5 1.102616e+04 1.100418e+04 1.094267e+04 1.096465e+04
14.5 1.100875e+04 1.101743e+04 1.097544e+04 1.096676e+04
15.5 1.096413e+04 1.097008e+04 1.095009e+04 1.094413e+04
16.5 1.096612e+04 1.094935e+04 1.094873e+04 1.096551e+04
17.5 1.100064e+04 1.093540e+04 1.096047e+04 1.102570e+04
18.5 1.101201e+04 1.096152e+04 1.090698e+04 1.095747e+04
19.5 1.102345e+04 1.100771e+04 1.091815e+04 1.093389e+04
20.5 1.108968e+04 1.107577e+04 1.093279e+04 1.094669e+04
21.5 1.099121e+04 1.106407e+04 1.095281e+04 1.087995e+04
22.5 1.096477e+04 1.098058e+04 1.096616e+04 1.095035e+04
23.5 1.107523e+04 1.097904e+04 1.094489e+04 1.104108e+04
24.5 1.105926e+04 1.098195e+04 1.095839e+04 1.103570e+04
25.5 1.104225e+04 1.102547e+04 1.097001e+04 1.098679e+04
26.5 1.109054e+04 1.103604e+04 1.091363e+04 1.096812e+04
0.5 1.083734e+04 1.080038e+04 1.089977e+04 1.093674e+04
1.5 1.085596e+04 1.083010e+04 1.090708e+04 1.093294e+04
2.5 1.082978e+04 1.083523e+04 1.088501e+04 1.087955e+04
3.5 1.086465e+04 1.086517e+04 1.090135e+04 1.090083e+04
4.5 1.086285e+04 1.085815e+04 1.089096e+04 1.089566e+04
5.5 1.089716e+04 1.090690e+04 1.091060e+04 1.090086e+04
6.5 1.091110e+04 1.091188e+04 1.088602e+04 1.088524e+04
7.5 1.091422e+04 1.090379e+04 1.085418e+04 1.086460e+04
8.5 1.097248e+04 1.097117e+04 1.091097e+04 1.091228e+04
9.5 1.099184e+04 1.098885e+04 1.088380e+04 1.088678e+04
10.5 1.096769e+04 1.096726e+04 1.089123e+04 1.089166e+04
11.5 1.098091e+04 1.095672e+04 1.089227e+04 1.091646e+04
12.5 1.094277e+04 1.092344e+04 1.092354e+04 1.094287e+04
13.5 1.096074e+04 1.094739e+04 1.090865e+04 1.092200e+04
14.5 1.094924e+04 1.094331e+04 1.089657e+04 1.090250e+04
15.5 1.090647e+04 1.090324e+04 1.085581e+04 1.085905e+04
16.5 1.096305e+04 1.094289e+04 1.090372e+04 1.092389e+04
17.5 1.098628e+04 1.093359e+04 1.087872e+04 1.093141e+04
18.5 1.098826e+04 1.094750e+04 1.087583e+04 1.091659e+04
19.5 1.092989e+04 1.093647e+04 1.090187e+04 1.089529e+04
20.5 1.092000e+04 1.094095e+04 1.088656e+04 1.086560e+04
21.5 1.091957e+04 1.091642e+04 1.089665e+04 1.089980e+04
22.5 1.091845e+04 1.090737e+04 1.089032e+04 1.090141e+04
23.5 1.093263e+04 1.094858e+04 1.090888e+04 1.089294e+04
24.5 1.091968e+04 1.093584e+04 1.090280e+04 1.088664e+04
25.5 1.092740e+04 1.091353e+04 1.088702e+04 1.090090e+04
26.5 1.087509e+04 1.090849e+04 1.089226e+04 1.085887e+04
0.5 1.097248e+04 1.097117e+04 1.091097e+04 1.091228e+04
1.5 1.099184e+04 1.098885e+04 1.088380e+04 1.088678e+04
2.5 1.096769e+04 1.096726e+04 1.089123e+04 1.089166e+04
3.5 1.098091e+04 1.095672e+04 1.089227e+04 1.091646e+04
4.5 1.094277e+04 1.092344e+04 1.092354e+04 1.094287e+04
5.5 1.096074e+04 1.094739e+04 1.090865e+04 1.092200e+04
6.5 1.094924e+04 1.094331e+04 1.089657e+04 1.090250e+04
7.5 1.090647e+04 1.090324e+04 1.085581e+04 1.085905e+04
8.5 1.096305e+04 1.094289e+04 1.090372e+04 1.092389e+04
9.5 1.098628e+04 1.093359e+04 1.087872e+04 1.093141e+04
10.5 1.098826e+04 1.094750e+04 1.087583e+04 1.091659e+04
11.5 1.092989e+04 1.093647e+04 1.090187e+04 1.089529e+04
12.5 1.092000e+04 1.094095e+04 1.088656e+04 1.086560e+04
13.5 1.091957e+04 1.091642e+04 1.089665e+04 1.089980e+04
14.5 1.091845e+04 1.090737e+04 1.089032e+04 1.090141e+04
15.5 1.093263e+04 1.094858e+04 1.090888e+04 1.089294e+04
16.5 1.091968e+04 1.093584e+04 1.090280e+04 1.088664e+04
17.5 1.092740e+04 1.091353e+04 1.088702e+04 1.090090e+04
18.5 1.087509e+04 1.090849e+04 1.089226e+04 1.085887e+04
19.5 1.090955e+04 1.090226e+04 1.089738e+04 1.090467e+04
20.5 1.088288e+04 1.087513e+04 1.089279e+04 1.090053e+04
21.5 1.083388e+04 1.084114e+04 1.087832e+04 1.087106e+04
22.5 1.088905e+04 1.088585e+04 1.089141e+04 1.089461e+04
23.5 1.082836e+04 1.088151e+04 1.090356e+04 1.085041e+04
24.5 1.086023e+04 1.088100e+04 1.090454e+04 1.088376e+04
25.5 1.089937e+04 1.088754e+04 1.087832e+04 1.089014e+04
26.5 1.090511e+04 1.088131e+04 1.089673e+04 1.092053e+04
0.5 1.096305e+04 1.094289e+04 1.090372e+04 1.092389e+04
1.5 1.098628e+04 1.093359e+04 1.087872e+04 1.093141e+04
2.5 1.098826e+04 1.094750e+04 1.087583e+04 1.091659e+04
3.5 1.092989e+04 1.093647e+04 1.090187e+04 1.089529e+04
4.5 1.092000e+04 1.094095e+04 1.088656e+04 1.086560e+04
5.5 1.091957e+04 1.091642e+04 1.089665e+04 1.089980e+04
6.5 1.091845e+04 1.090737e+04 1.089032e+04 1.090141e+04
7.5 1.093263e+04 1.094858e+04 1.090888e+04 1.089294e+04
8.5 1.091968e+04 1.093584e+04 1.090280e+04 1.088664e+04
9.5 1.092740e+04 1.091353e+04 1.088702e+04 1.090090e+04
10.5 1.087509e+04 1.090849e+04 1.089226e+04 1.085887e+04
11.5 1.090955e+04 1.090226e+04 1.089738e+04 1.090467e+04
12.5 1.088288e+04 1.087513e+04 1.089279e+04 1.090053e+04
13.5 1.083388e+04 1.084114e+04 1.087832e+04 1.087106e+04
14.5 1.088905e+04 1.088585e+04 1.089141e+04 1.089461e+04
15.5 1.082836e+04 1.088151e+04 1.090356e+04 1.085041e+04
16.5 1.086023e+04 1.088100e+04 1.090454e+04 1.088376e+04
17.5 1.089937e+04 1.088754e+04 1.087832e+04 1.089014e+04
18.5 1.090511e+04 1.088131e+04 1.089673e+04 1.092053e+04
19.5 1.085095e+04 1.084893e+04 1.089043e+04 1.089245e+04
20.5 1.087590e+04 1.086739e+04 1.089540e+04 1.090390e+04
21.5 1.085266e+04 1.088214e+04 1.087807e+04 1.084859e+04
22.5 1.081523e+04 1.086045e+04 1.091333e+04 1.086811e+04
23.5 1.084612e+04 1.086178e+04 1.087998e+04 1.086432e+04
24.5 1.084000e+04 1.086673e+04 1.090262e+04 1.087590e+04
25.5 1.086494e+04 1.085716e+04 1.090483e+04 1.091261e+04
26.5 1.083721e+04 1.086734e+04 1.090081e+04 1.087068e+04
0.5 1.084204e+04 1.087338e+04 1.090212e+04 1.087077e+04
1.5 1.080014e+04 1.084829e+04 1.087166e+04 1.082351e+04
2.5 1.079630e+04 1.081171e+04 1.084014e+04 1.082473e+04
3.5 1.086387e+04 1.083400e+04 1.089010e+04 1.091997e+04
4.5 1.084749e+04 1.083998e+04 1.087388e+04 1.088140e+04
5.5 1.083313e+04 1.082774e+04 1.090308e+04 1.090847e+04
6.5 1.086737e+04 1.082449e+04 1.090087e+04 1.094375e+04
7.5 1.083881e+04 1.082278e+04 1.092027e+04 1.093629e+04
8.5 1.077371e+04 1.072807e+04 1.080393e+04 1.084956e+04
9.5 1.084540e+04 1.082514e+04 1.085932e+04 1.087958e+04
10.5 1.090393e+04 1.085301e+04 1.089116e+04 1.094208e+04
11.5 1.084683e+04 1.086716e+04 1.083319e+04 1.081286e+04
12.5 1.080789e+04 1.089126e+04 1.093719e+04 1.085381e+04
13.5 1.079845e+04 1.081552e+04 1.088133e+04 1.086427e+04
14.5 1.083141e+04 1.081994e+04 1.092334e+04 1.093480e+04
15.5 1.083380e+04 1.081289e+04 1.090956e+04 1.093047e+04
16.5 1.081907e+04 1.084177e+04 1.089724e+04 1.087453e+04
17.5 1.087503e+04 1.088944e+04 1.087118e+04 1.085678e+04
18.5 1.087450e+04 1.091225e+04 1.090605e+04 1.086830e+04
19.5 1.085113e+04 1.086560e+04 1.088584e+04 1.087138e+04
20.5 1.085074e+04 1.085306e+04 1.087535e+04 1.087303e+04
21.5 1.083104e+04 1.081578e+04 1.089200e+04 1.090727e+04
0.5 1.086387e+04 1.083400e+04 1.089010e+04 1.091997e+04
1.5 1.084749e+04 1.083998e+04 1.087388e+04 1.088140e+04
2.5 1.083313e+04 1.082774e+04 1.090308e+04 1.090847e+04
3.5 1.086737e+04 1.082449e+04 1.090087e+04 1.094375e+04
4.5 1.083881e+04 1.082278e+04 1.092027e+04 1.093629e+04
5.5 1.077371e+04 1.072807e+04 1.080393e+04 1.084956e+04
6.5 1.084540e+04 1.082514e+04 1.085932e+04 1.087958e+04
7.5 1.090393e+04 1.085301e+04 1.089116e+04 1.094208e+04
8.5 1.084683e+04 1.086716e+04 1.083319e+04 1.081286e+04
9.5 1.080789e+04 1.089126e+04 1.093719e+04 1.085381e+04
10.5 1.079845e+04 1.081552e+04 1.088133e+04 1.086427e+04
11.5 1.083141e+04 1.081994e+04 1.092334e+04 1.093480e+04
12.5 1.083380e+04 1.081289e+04 1.090956e+04 1.093047e+04
13.5 1.081907e+04 1.084177e+04 1.089724e+04 1.087453e+04
14.5 1.087503e+04 1.088944e+04 1.087118e+04 1.085678e+04
15.5 1.087450e+04 1.091225e+04 1.090605e+04 1.086830e+04
16.5 1.085113e+04 1.086560e+04 1.088584e+04 1.087138e+04
17.5 1.085074e+04 1.085306e+04 1.087535e+04 1.087303e+04
18.5 1.083104e+04 1.081578e+04 1.089200e+04 1.090727e+04
0.5 1.090393e+04 1.085301e+04 1.089116e+04 1.094208e+04
1.5 1.084683e+04 1.086716e+04 1.083319e+04 1.081286e+04
2.5 1.080789e+04 1.089126e+04 1.093719e+04 1.085381e+04
3.5 1.079845e+04 1.081552e+04 1.088133e+04 1.086427e+04
4.5 1.083141e+04 1.081994e+04 1.092334e+04 1.093480e+04
5.5 1.083380e+04 1.081289e+04 1.090956e+04 1.093047e+04
6.5 1.081907e+04 1.084177e+04 1.089724e+04 1.087453e+04
7.5 1.087503e+04 1.088944e+04 1.087118e+04 1.085678e+04
8.5 1.087450e+04 1.091225e+04 1.090605e+04 1.086830e+04
9.5 1.085113e+04 1.086560e+04 1.088584e+04 1.087138e+04
10.5 1.085074e+04 1.085306e+04 1.087535e+04 1.087303e+04
11.5 1.083104e+04 1.081578e+04 1.089200e+04 1.090727e+04
0.5 1.080789e+04 1.089126e+04 1.093719e+04 1.085381e+04
1.5 1.079845e+04 1.081552e+04 1.088133e+04 1.086427e+04
2.5 1.083141e+04 1.081994e+04 1.092334e+04 1.093480e+04
3.5 1.083380e+04 1.081289e+04 1.090956e+04 1.093047e+04
4.5 1.081907e+04 1.084177e+04 1.089724e+04 1.087453e+04
5.5 1.087503e+04 1.088944e+04 1.087118e+04 1.085678e+04
6.5 1.087450e+04 1.091225e+04 1.090605e+04 1.086830e+04
7.5 1.085113e+04 1.086560e+04 1.088584e+04 1.087138e+04
8.5 1.085074e+04 1.085306e+04 1.087535e+04 1.087303e+04
9.5 1.083104e+04 1.081578e+04 1.089200e+04 1.090727e+04
