0.2 1.078315e+03 1.074734e+03 1.082952e+03 1.086534e+03
1.2 1.084496e+03 1.091162e+03 1.083000e+03 1.076335e+03
2.2 1.078350e+03 1.087447e+03 1.083318e+03 1.074221e+03
3.2 1.100093e+03 1.093428e+03 1.083507e+03 1.090171e+03
4.2 1.105527e+03 1.088497e+03 1.083389e+03 1.100419e+03
5.2 1.106992e+03 1.099400e+03 1.083188e+03 1.090780e+03
6.2 1.080824e+03 1.086759e+03 1.083040e+03 1.077104e+03
7.2 1.059109e+03 1.079049e+03 1.082956e+03 1.063015e+03
8.2 1.091920e+03 1.087929e+03 1.082915e+03 1.086907e+03
9.2 1.111700e+03 1.096401e+03 1.082903e+03 1.098202e+03
10.2 1.091648e+03 1.083892e+03 1.082907e+03 1.090663e+03
11.2 1.078099e+03 1.069747e+03 1.083017e+03 1.091369e+03
12.2 1.052636e+03 1.083217e+03 1.083368e+03 1.052788e+03
13.2 1.082892e+03 1.094356e+03 1.083487e+03 1.072023e+03
14.2 1.073148e+03 1.083675e+03 1.083345e+03 1.072818e+03
15.2 1.085215e+03 1.081760e+03 1.083385e+03 1.086840e+03
16.2 1.104500e+03 1.096554e+03 1.083545e+03 1.091491e+03
17.2 1.065208e+03 1.084534e+03 1.083441e+03 1.064116e+03
18.2 1.100111e+03 1.098847e+03 1.083212e+03 1.084476e+03
19.2 1.094010e+03 1.085555e+03 1.083033e+03 1.091489e+03
20.2 1.068126e+03 1.078840e+03 1.082935e+03 1.072221e+03
0.4 1.091648e+03 1.083892e+03 1.082907e+03 1.090663e+03
1.4 1.078099e+03 1.069747e+03 1.083017e+03 1.091369e+03
2.4 1.052636e+03 1.083217e+03 1.083368e+03 1.052788e+03
3.4 1.082892e+03 1.094356e+03 1.083487e+03 1.072023e+03
4.4 1.073148e+03 1.083675e+03 1.083345e+03 1.072818e+03
5.4 1.085215e+03 1.081760e+03 1.083385e+03 1.086840e+03
6.4 1.104500e+03 1.096554e+03 1.083545e+03 1.091491e+03
7.4 1.065208e+03 1.084534e+03 1.083441e+03 1.064116e+03
8.4 1.100111e+03 1.098847e+03 1.083212e+03 1.084476e+03
9.4 1.094010e+03 1.085555e+03 1.083033e+03 1.091489e+03
10.4 1.068126e+03 1.078840e+03 1.082935e+03 1.072221e+03
11.4 1.112702e+03 1.092733e+03 1.082894e+03 1.102862e+03
12.4 1.077657e+03 1.087100e+03 1.082884e+03 1.073441e+03
13.4 1.073170e+03 1.081727e+03 1.082892e+03 1.074335e+03
14.4 1.104249e+03 1.096586e+03 1.082907e+03 1.090570e+03
15.4 1.074844e+03 1.091106e+03 1.082922e+03 1.066660e+03
16.4 1.059022e+03 1.068581e+03 1.082934e+03 1.073375e+03
17.4 1.058694e+03 1.071753e+03 1.082942e+03 1.069883e+03
18.4 1.075623e+03 1.064935e+03 1.082947e+03 1.093635e+03
19.4 1.083372e+03 1.082076e+03 1.082950e+03 1.084245e+03
20.4 1.095646e+03 1.077901e+03 1.083010e+03 1.100755e+03
0.8 1.073148e+03 1.083675e+03 1.083345e+03 1.072818e+03
1.8 1.085215e+03 1.081760e+03 1.083385e+03 1.086840e+03
2.8 1.104500e+03 1.096554e+03 1.083545e+03 1.091491e+03
3.8 1.065208e+03 1.084534e+03 1.083441e+03 1.064116e+03
4.8 1.100111e+03 1.098847e+03 1.083212e+03 1.084476e+03
5.8 1.094010e+03 1.085555e+03 1.083033e+03 1.091489e+03
6.8 1.068126e+03 1.078840e+03 1.082935e+03 1.072221e+03
7.8 1.112702e+03 1.092733e+03 1.082894e+03 1.102862e+03
8.8 1.077657e+03 1.087100e+03 1.082884e+03 1.073441e+03
9.8 1.073170e+03 1.081727e+03 1.082892e+03 1.074335e+03
10.8 1.104249e+03 1.096586e+03 1.082907e+03 1.090570e+03
11.8 1.074844e+03 1.091106e+03 1.082922e+03 1.066660e+03
12.8 1.059022e+03 1.068581e+03 1.082934e+03 1.073375e+03
13.8 1.058694e+03 1.071753e+03 1.082942e+03 1.069883e+03
14.8 1.075623e+03 1.064935e+03 1.082947e+03 1.093635e+03
15.8 1.083372e+03 1.082076e+03 1.082950e+03 1.084245e+03
16.8 1.095646e+03 1.077901e+03 1.083010e+03 1.100755e+03
17.8 1.093965e+03 1.079380e+03 1.083337e+03 1.097921e+03
18.8 1.066351e+03 1.093061e+03 1.083507e+03 1.056796e+03
19.8 1.100656e+03 1.091337e+03 1.083377e+03 1.092697e+03
20.8 1.082666e+03 1.086270e+03 1.083178e+03 1.079573e+03
0.2 1.083372e+03 1.082076e+03 1.082950e+03 1.084245e+03
1.2 1.095646e+03 1.077901e+03 1.083010e+03 1.100755e+03
2.2 1.093965e+03 1.079380e+03 1.083337e+03 1.097921e+03
3.2 1.066351e+03 1.093061e+03 1.083507e+03 1.056796e+03
4.2 1.100656e+03 1.091337e+03 1.083377e+03 1.092697e+03
5.2 1.082666e+03 1.086270e+03 1.083178e+03 1.079573e+03
6.2 1.090801e+03 1.087139e+03 1.083034e+03 1.086696e+03
7.2 1.117759e+03 1.096277e+03 1.082952e+03 1.104434e+03
8.2 1.088918e+03 1.064814e+03 1.082914e+03 1.107018e+03
9.2 1.101294e+03 1.074652e+03 1.082912e+03 1.109554e+03
10.2 1.056782e+03 1.075500e+03 1.083148e+03 1.064430e+03
11.2 1.072107e+03 1.081785e+03 1.083449e+03 1.073771e+03
12.2 1.069732e+03 1.090143e+03 1.083429e+03 1.063018e+03
13.2 1.087761e+03 1.075206e+03 1.083301e+03 1.095855e+03
14.2 1.092247e+03 1.093011e+03 1.083461e+03 1.082697e+03
15.2 1.074853e+03 1.096634e+03 1.083530e+03 1.061748e+03
16.2 1.055781e+03 1.079097e+03 1.083349e+03 1.060033e+03
17.2 1.099059e+03 1.090612e+03 1.083130e+03 1.091576e+03
18.2 1.089251e+03 1.100948e+03 1.082985e+03 1.071288e+03
19.2 1.110260e+03 1.080856e+03 1.082914e+03 1.112318e+03
20.2 1.121405e+03 1.065659e+03 1.082887e+03 1.138634e+03
0.8 1.101294e+03 1.074652e+03 1.082912e+03 1.109554e+03
1.8 1.056782e+03 1.075500e+03 1.083148e+03 1.064430e+03
2.8 1.072107e+03 1.081785e+03 1.083449e+03 1.073771e+03
3.8 1.069732e+03 1.090143e+03 1.083429e+03 1.063018e+03
4.8 1.087761e+03 1.075206e+03 1.083301e+03 1.095855e+03
5.8 1.092247e+03 1.093011e+03 1.083461e+03 1.082697e+03
6.8 1.074853e+03 1.096634e+03 1.083530e+03 1.061748e+03
7.8 1.055781e+03 1.079097e+03 1.083349e+03 1.060033e+03
8.8 1.099059e+03 1.090612e+03 1.083130e+03 1.091576e+03
9.8 1.089251e+03 1.100948e+03 1.082985e+03 1.071288e+03
10.8 1.110260e+03 1.080856e+03 1.082914e+03 1.112318e+03
11.8 1.121405e+03 1.065659e+03 1.082887e+03 1.138634e+03
12.8 1.071811e+03 1.069193e+03 1.082886e+03 1.085505e+03
13.8 1.060194e+03 1.079619e+03 1.082898e+03 1.063474e+03
14.8 1.074978e+03 1.071679e+03 1.082914e+03 1.086213e+03
15.8 1.077542e+03 1.076272e+03 1.082928e+03 1.084197e+03
16.8 1.073659e+03 1.075199e+03 1.083003e+03 1.081462e+03
17.8 1.069905e+03 1.074871e+03 1.083340e+03 1.078374e+03
18.8 1.086531e+03 1.092306e+03 1.083503e+03 1.077727e+03
19.8 1.077800e+03 1.084597e+03 1.083370e+03 1.076573e+03
20.8 1.085724e+03 1.082874e+03 1.083172e+03 1.086022e+03
0.2 1.069732e+03 1.090143e+03 1.083429e+03 1.063018e+03
1.2 1.087761e+03 1.075206e+03 1.083301e+03 1.095855e+03
2.2 1.092247e+03 1.093011e+03 1.083461e+03 1.082697e+03
3.2 1.074853e+03 1.096634e+03 1.083530e+03 1.061748e+03
4.2 1.055781e+03 1.079097e+03 1.083349e+03 1.060033e+03
5.2 1.099059e+03 1.090612e+03 1.083130e+03 1.091576e+03
6.2 1.089251e+03 1.100948e+03 1.082985e+03 1.071288e+03
7.2 1.110260e+03 1.080856e+03 1.082914e+03 1.112318e+03
8.2 1.121405e+03 1.065659e+03 1.082887e+03 1.138634e+03
9.2 1.071811e+03 1.069193e+03 1.082886e+03 1.085505e+03
10.2 1.060194e+03 1.079619e+03 1.082898e+03 1.063474e+03
11.2 1.074978e+03 1.071679e+03 1.082914e+03 1.086213e+03
12.2 1.077542e+03 1.076272e+03 1.082928e+03 1.084197e+03
13.2 1.073659e+03 1.075199e+03 1.083003e+03 1.081462e+03
14.2 1.069905e+03 1.074871e+03 1.083340e+03 1.078374e+03
15.2 1.086531e+03 1.092306e+03 1.083503e+03 1.077727e+03
16.2 1.077800e+03 1.084597e+03 1.083370e+03 1.076573e+03
17.2 1.085724e+03 1.082874e+03 1.083172e+03 1.086022e+03
18.2 1.062121e+03 1.078144e+03 1.083030e+03 1.067007e+03
19.2 1.094460e+03 1.088790e+03 1.083016e+03 1.088686e+03
20.2 1.079893e+03 1.095882e+03 1.083308e+03 1.067319e+03
0.3 1.077542e+03 1.076272e+03 1.082928e+03 1.084197e+03
1.3 1.073659e+03 1.075199e+03 1.083003e+03 1.081462e+03
2.3 1.069905e+03 1.074871e+03 1.083340e+03 1.078374e+03
3.3 1.086531e+03 1.092306e+03 1.083503e+03 1.077727e+03
4.3 1.077800e+03 1.084597e+03 1.083370e+03 1.076573e+03
5.3 1.085724e+03 1.082874e+03 1.083172e+03 1.086022e+03
6.3 1.062121e+03 1.078144e+03 1.083030e+03 1.067007e+03
7.3 1.094460e+03 1.088790e+03 1.083016e+03 1.088686e+03
8.3 1.079893e+03 1.095882e+03 1.083308e+03 1.067319e+03
9.3 1.073869e+03 1.081218e+03 1.083457e+03 1.076107e+03
10.3 1.109770e+03 1.102039e+03 1.083329e+03 1.091061e+03
11.3 1.073605e+03 1.090866e+03 1.083309e+03 1.066048e+03
12.3 1.115502e+03 1.100005e+03 1.083505e+03 1.099003e+03
13.3 1.109653e+03 1.099014e+03 1.083465e+03 1.094105e+03
14.3 1.056766e+03 1.083365e+03 1.083250e+03 1.056651e+03
15.3 1.098983e+03 1.093782e+03 1.083059e+03 1.088260e+03
16.3 1.123022e+03 1.097629e+03 1.082950e+03 1.108343e+03
17.3 1.056600e+03 1.080042e+03 1.083059e+03 1.059616e+03
18.3 1.098562e+03 1.100806e+03 1.083375e+03 1.081132e+03
19.3 1.043434e+03 1.071166e+03 1.083420e+03 1.055688e+03
20.3 1.028813e+03 1.038105e+03 1.083253e+03 1.073962e+03
0.3 1.062121e+03 1.078144e+03 1.083030e+03 1.067007e+03
1.3 1.094460e+03 1.088790e+03 1.083016e+03 1.088686e+03
2.3 1.079893e+03 1.095882e+03 1.083308e+03 1.067319e+03
3.3 1.073869e+03 1.081218e+03 1.083457e+03 1.076107e+03
4.3 1.109770e+03 1.102039e+03 1.083329e+03 1.091061e+03
5.3 1.073605e+03 1.090866e+03 1.083309e+03 1.066048e+03
6.3 1.115502e+03 1.100005e+03 1.083505e+03 1.099003e+03
7.3 1.109653e+03 1.099014e+03 1.083465e+03 1.094105e+03
8.3 1.056766e+03 1.083365e+03 1.083250e+03 1.056651e+03
9.3 1.098983e+03 1.093782e+03 1.083059e+03 1.088260e+03
10.3 1.123022e+03 1.097629e+03 1.082950e+03 1.108343e+03
11.3 1.056600e+03 1.080042e+03 1.083059e+03 1.059616e+03
12.3 1.098562e+03 1.100806e+03 1.083375e+03 1.081132e+03
13.3 1.043434e+03 1.071166e+03 1.083420e+03 1.055688e+03
14.3 1.028813e+03 1.038105e+03 1.083253e+03 1.073962e+03
15.3 1.109670e+03 1.076770e+03 1.083093e+03 1.115993e+03
16.3 1.064097e+03 1.057994e+03 1.083218e+03 1.089321e+03
17.3 1.106699e+03 1.082137e+03 1.083454e+03 1.108016e+03
18.3 1.086779e+03 1.087228e+03 1.083400e+03 1.082951e+03
19.3 1.060911e+03 1.073632e+03 1.083203e+03 1.070481e+03
20.3 1.100865e+03 1.093227e+03 1.083067e+03 1.090706e+03
0.6 1.109770e+03 1.102039e+03 1.083329e+03 1.091061e+03
1.6 1.073605e+03 1.090866e+03 1.083309e+03 1.066048e+03
2.6 1.115502e+03 1.100005e+03 1.083505e+03 1.099003e+03
3.6 1.109653e+03 1.099014e+03 1.083465e+03 1.094105e+03
4.6 1.056766e+03 1.083365e+03 1.083250e+03 1.056651e+03
5.6 1.098983e+03 1.093782e+03 1.083059e+03 1.088260e+03
6.6 1.123022e+03 1.097629e+03 1.082950e+03 1.108343e+03
7.6 1.056600e+03 1.080042e+03 1.083059e+03 1.059616e+03
8.6 1.098562e+03 1.100806e+03 1.083375e+03 1.081132e+03
9.6 1.043434e+03 1.071166e+03 1.083420e+03 1.055688e+03
10.6 1.028813e+03 1.038105e+03 1.083253e+03 1.073962e+03
11.6 1.109670e+03 1.076770e+03 1.083093e+03 1.115993e+03
12.6 1.064097e+03 1.057994e+03 1.083218e+03 1.089321e+03
13.6 1.106699e+03 1.082137e+03 1.083454e+03 1.108016e+03
14.6 1.086779e+03 1.087228e+03 1.083400e+03 1.082951e+03
15.6 1.060911e+03 1.073632e+03 1.083203e+03 1.070481e+03
16.6 1.100865e+03 1.093227e+03 1.083067e+03 1.090706e+03
17.6 1.099689e+03 1.087123e+03 1.083264e+03 1.095830e+03
18.6 1.077797e+03 1.090419e+03 1.083457e+03 1.070834e+03
19.6 1.114006e+03 1.100182e+03 1.083358e+03 1.097183e+03
20.6 1.086944e+03 1.085634e+03 1.083162e+03 1.084472e+03
0.6 1.123022e+03 1.097629e+03 1.082950e+03 1.108343e+03
1.6 1.056600e+03 1.080042e+03 1.083059e+03 1.059616e+03
2.6 1.098562e+03 1.100806e+03 1.083375e+03 1.081132e+03
3.6 1.043434e+03 1.071166e+03 1.083420e+03 1.055688e+03
4.6 1.028813e+03 1.038105e+03 1.083253e+03 1.073962e+03
5.6 1.109670e+03 1.076770e+03 1.083093e+03 1.115993e+03
6.6 1.064097e+03 1.057994e+03 1.083218e+03 1.089321e+03
7.6 1.106699e+03 1.082137e+03 1.083454e+03 1.108016e+03
8.6 1.086779e+03 1.087228e+03 1.083400e+03 1.082951e+03
9.6 1.060911e+03 1.073632e+03 1.083203e+03 1.070481e+03
10.6 1.100865e+03 1.093227e+03 1.083067e+03 1.090706e+03
11.6 1.099689e+03 1.087123e+03 1.083264e+03 1.095830e+03
12.6 1.077797e+03 1.090419e+03 1.083457e+03 1.070834e+03
13.6 1.114006e+03 1.100182e+03 1.083358e+03 1.097183e+03
14.6 1.086944e+03 1.085634e+03 1.083162e+03 1.084472e+03
15.6 1.082890e+03 1.081819e+03 1.083075e+03 1.084146e+03
16.6 1.090264e+03 1.095818e+03 1.083322e+03 1.077769e+03
17.6 1.069135e+03 1.082149e+03 1.083457e+03 1.070443e+03
18.6 1.083529e+03 1.087839e+03 1.083319e+03 1.079010e+03
19.6 1.094844e+03 1.097836e+03 1.083127e+03 1.080134e+03
20.6 1.093157e+03 1.086043e+03 1.082995e+03 1.090109e+03
0.8 1.109670e+03 1.076770e+03 1.083093e+03 1.115993e+03
1.8 1.064097e+03 1.057994e+03 1.083218e+03 1.089321e+03
2.8 1.106699e+03 1.082137e+03 1.083454e+03 1.108016e+03
3.8 1.086779e+03 1.087228e+03 1.083400e+03 1.082951e+03
4.8 1.060911e+03 1.073632e+03 1.083203e+03 1.070481e+03
5.8 1.100865e+03 1.093227e+03 1.083067e+03 1.090706e+03
6.8 1.099689e+03 1.087123e+03 1.083264e+03 1.095830e+03
7.8 1.077797e+03 1.090419e+03 1.083457e+03 1.070834e+03
8.8 1.114006e+03 1.100182e+03 1.083358e+03 1.097183e+03
9.8 1.086944e+03 1.085634e+03 1.083162e+03 1.084472e+03
10.8 1.082890e+03 1.081819e+03 1.083075e+03 1.084146e+03
11.8 1.090264e+03 1.095818e+03 1.083322e+03 1.077769e+03
12.8 1.069135e+03 1.082149e+03 1.083457e+03 1.070443e+03
13.8 1.083529e+03 1.087839e+03 1.083319e+03 1.079010e+03
14.8 1.094844e+03 1.097836e+03 1.083127e+03 1.080134e+03
15.8 1.093157e+03 1.086043e+03 1.082995e+03 1.090109e+03
16.8 1.116228e+03 1.100108e+03 1.082927e+03 1.099047e+03
17.8 1.078933e+03 1.089840e+03 1.082899e+03 1.071993e+03
18.8 1.096240e+03 1.087181e+03 1.082894e+03 1.091954e+03
19.8 1.101344e+03 1.095972e+03 1.082903e+03 1.088275e+03
20.8 1.055633e+03 1.084652e+03 1.082916e+03 1.053898e+03
1.0 1.100865e+03 1.093227e+03 1.083067e+03 1.090706e+03
2.0 1.099689e+03 1.087123e+03 1.083264e+03 1.095830e+03
3.0 1.077797e+03 1.090419e+03 1.083457e+03 1.070834e+03
4.0 1.114006e+03 1.100182e+03 1.083358e+03 1.097183e+03
5.0 1.086944e+03 1.085634e+03 1.083162e+03 1.084472e+03
6.0 1.082890e+03 1.081819e+03 1.083075e+03 1.084146e+03
7.0 1.090264e+03 1.095818e+03 1.083322e+03 1.077769e+03
8.0 1.069135e+03 1.082149e+03 1.083457e+03 1.070443e+03
9.0 1.083529e+03 1.087839e+03 1.083319e+03 1.079010e+03
10.0 1.094844e+03 1.097836e+03 1.083127e+03 1.080134e+03
11.0 1.093157e+03 1.086043e+03 1.082995e+03 1.090109e+03
12.0 1.116228e+03 1.100108e+03 1.082927e+03 1.099047e+03
13.0 1.078933e+03 1.089840e+03 1.082899e+03 1.071993e+03
14.0 1.096240e+03 1.087181e+03 1.082894e+03 1.091954e+03
15.0 1.101344e+03 1.095972e+03 1.082903e+03 1.088275e+03
16.0 1.055633e+03 1.084652e+03 1.082916e+03 1.053898e+03
17.0 1.091576e+03 1.079845e+03 1.082929e+03 1.094660e+03
18.0 1.079351e+03 1.097016e+03 1.082939e+03 1.065274e+03
19.0 1.090968e+03 1.088730e+03 1.082945e+03 1.085183e+03
20.0 1.107119e+03 1.097655e+03 1.082948e+03 1.092412e+03
21.0 1.084581e+03 1.088705e+03 1.082951e+03 1.078826e+03
0.2 1.086944e+03 1.085634e+03 1.083162e+03 1.084472e+03
1.2 1.082890e+03 1.081819e+03 1.083075e+03 1.084146e+03
2.2 1.090264e+03 1.095818e+03 1.083322e+03 1.077769e+03
3.2 1.069135e+03 1.082149e+03 1.083457e+03 1.070443e+03
4.2 1.083529e+03 1.087839e+03 1.083319e+03 1.079010e+03
5.2 1.094844e+03 1.097836e+03 1.083127e+03 1.080134e+03
6.2 1.093157e+03 1.086043e+03 1.082995e+03 1.090109e+03
7.2 1.116228e+03 1.100108e+03 1.082927e+03 1.099047e+03
8.2 1.078933e+03 1.089840e+03 1.082899e+03 1.071993e+03
9.2 1.096240e+03 1.087181e+03 1.082894e+03 1.091954e+03
10.2 1.101344e+03 1.095972e+03 1.082903e+03 1.088275e+03
11.2 1.055633e+03 1.084652e+03 1.082916e+03 1.053898e+03
12.2 1.091576e+03 1.079845e+03 1.082929e+03 1.094660e+03
13.2 1.079351e+03 1.097016e+03 1.082939e+03 1.065274e+03
14.2 1.090968e+03 1.088730e+03 1.082945e+03 1.085183e+03
15.2 1.107119e+03 1.097655e+03 1.082948e+03 1.092412e+03
16.2 1.084581e+03 1.088705e+03 1.082951e+03 1.078826e+03
17.2 1.114028e+03 1.095534e+03 1.083059e+03 1.101553e+03
18.2 1.077286e+03 1.087498e+03 1.083399e+03 1.073186e+03
19.2 1.096538e+03 1.082211e+03 1.083498e+03 1.097825e+03
20.2 1.064881e+03 1.082928e+03 1.083337e+03 1.065290e+03
0.4 1.084581e+03 1.088705e+03 1.082951e+03 1.078826e+03
1.4 1.114028e+03 1.095534e+03 1.083059e+03 1.101553e+03
2.4 1.077286e+03 1.087498e+03 1.083399e+03 1.073186e+03
3.4 1.096538e+03 1.082211e+03 1.083498e+03 1.097825e+03
4.4 1.064881e+03 1.082928e+03 1.083337e+03 1.065290e+03
5.4 1.086362e+03 1.085012e+03 1.083143e+03 1.084493e+03
6.4 1.066237e+03 1.066613e+03 1.083013e+03 1.082637e+03
7.4 1.091469e+03 1.083977e+03 1.082942e+03 1.090433e+03
8.4 1.067248e+03 1.084064e+03 1.082910e+03 1.066093e+03
9.4 1.091878e+03 1.085692e+03 1.082902e+03 1.089088e+03
10.4 1.081851e+03 1.091188e+03 1.082909e+03 1.073571e+03
11.4 1.059421e+03 1.076692e+03 1.082921e+03 1.065650e+03
12.4 1.082865e+03 1.090953e+03 1.082932e+03 1.074844e+03
13.4 1.085580e+03 1.091189e+03 1.082941e+03 1.077332e+03
14.4 1.081855e+03 1.086529e+03 1.082946e+03 1.078272e+03
15.4 1.081848e+03 1.089819e+03 1.082949e+03 1.074978e+03
16.4 1.045643e+03 1.077404e+03 1.082951e+03 1.051189e+03
17.4 1.113103e+03 1.091950e+03 1.082951e+03 1.104105e+03
18.4 1.094428e+03 1.099040e+03 1.082952e+03 1.078340e+03
19.4 1.093135e+03 1.075924e+03 1.083037e+03 1.100248e+03
20.4 1.131872e+03 1.081763e+03 1.083374e+03 1.133483e+03
0.3 1.094428e+03 1.099040e+03 1.082952e+03 1.078340e+03
1.3 1.093135e+03 1.075924e+03 1.083037e+03 1.100248e+03
2.3 1.131872e+03 1.081763e+03 1.083374e+03 1.133483e+03
3.3 1.088492e+03 1.082561e+03 1.083503e+03 1.089435e+03
4.3 1.107132e+03 1.086987e+03 1.083354e+03 1.103500e+03
5.3 1.063553e+03 1.067877e+03 1.083158e+03 1.078834e+03
6.3 1.088337e+03 1.069117e+03 1.083021e+03 1.102241e+03
7.3 1.093218e+03 1.079489e+03 1.082946e+03 1.096675e+03
8.3 1.071937e+03 1.068838e+03 1.082911e+03 1.086010e+03
9.3 1.096914e+03 1.087545e+03 1.082902e+03 1.092271e+03
10.3 1.051105e+03 1.079260e+03 1.082908e+03 1.054754e+03
11.3 1.077578e+03 1.073342e+03 1.082920e+03 1.087155e+03
12.3 1.096239e+03 1.085149e+03 1.082931e+03 1.094021e+03
13.3 1.043992e+03 1.073834e+03 1.083018e+03 1.053176e+03
14.3 1.108331e+03 1.087271e+03 1.083359e+03 1.104419e+03
15.3 1.046056e+03 1.083086e+03 1.083502e+03 1.046472e+03
16.3 1.097972e+03 1.078061e+03 1.083359e+03 1.103269e+03
17.3 1.097612e+03 1.090865e+03 1.083162e+03 1.089910e+03
18.3 1.061451e+03 1.079855e+03 1.083024e+03 1.064621e+03
19.3 1.075545e+03 1.080132e+03 1.082947e+03 1.078360e+03
20.3 1.078015e+03 1.074677e+03 1.082912e+03 1.086250e+03
0.3 1.096239e+03 1.085149e+03 1.082931e+03 1.094021e+03
1.3 1.043992e+03 1.073834e+03 1.083018e+03 1.053176e+03
2.3 1.108331e+03 1.087271e+03 1.083359e+03 1.104419e+03
3.3 1.046056e+03 1.083086e+03 1.083502e+03 1.046472e+03
4.3 1.097972e+03 1.078061e+03 1.083359e+03 1.103269e+03
5.3 1.097612e+03 1.090865e+03 1.083162e+03 1.089910e+03
6.3 1.061451e+03 1.079855e+03 1.083024e+03 1.064621e+03
7.3 1.075545e+03 1.080132e+03 1.082947e+03 1.078360e+03
8.3 1.078015e+03 1.074677e+03 1.082912e+03 1.086250e+03
9.3 1.067560e+03 1.067963e+03 1.082915e+03 1.082513e+03
10.3 1.080571e+03 1.077414e+03 1.083170e+03 1.086327e+03
11.3 1.102208e+03 1.084482e+03 1.083457e+03 1.101184e+03
12.3 1.071706e+03 1.088706e+03 1.083420e+03 1.066420e+03
13.3 1.075240e+03 1.085596e+03 1.083231e+03 1.072875e+03
14.3 1.083220e+03 1.093708e+03 1.083069e+03 1.072581e+03
15.3 1.086089e+03 1.086481e+03 1.082971e+03 1.082579e+03
16.3 1.072759e+03 1.090966e+03 1.082922e+03 1.064715e+03
17.3 1.091786e+03 1.098839e+03 1.082903e+03 1.075850e+03
18.3 1.110711e+03 1.087060e+03 1.082904e+03 1.106554e+03
19.3 1.110637e+03 1.104407e+03 1.082914e+03 1.089143e+03
20.3 1.121838e+03 1.103073e+03 1.082926e+03 1.101691e+03
0.9 1.067560e+03 1.067963e+03 1.082915e+03 1.082513e+03
1.9 1.080571e+03 1.077414e+03 1.083170e+03 1.086327e+03
2.9 1.102208e+03 1.084482e+03 1.083457e+03 1.101184e+03
3.9 1.071706e+03 1.088706e+03 1.083420e+03 1.066420e+03
4.9 1.075240e+03 1.085596e+03 1.083231e+03 1.072875e+03
5.9 1.083220e+03 1.093708e+03 1.083069e+03 1.072581e+03
6.9 1.086089e+03 1.086481e+03 1.082971e+03 1.082579e+03
7.9 1.072759e+03 1.090966e+03 1.082922e+03 1.064715e+03
8.9 1.091786e+03 1.098839e+03 1.082903e+03 1.075850e+03
9.9 1.110711e+03 1.087060e+03 1.082904e+03 1.106554e+03
10.9 1.110637e+03 1.104407e+03 1.082914e+03 1.089143e+03
11.9 1.121838e+03 1.103073e+03 1.082926e+03 1.101691e+03
12.9 1.073751e+03 1.089113e+03 1.082936e+03 1.067574e+03
13.9 1.102861e+03 1.096693e+03 1.082943e+03 1.089111e+03
14.9 1.122844e+03 1.108926e+03 1.082948e+03 1.096866e+03
15.9 1.064884e+03 1.089350e+03 1.082950e+03 1.058483e+03
16.9 1.084701e+03 1.075343e+03 1.083005e+03 1.092362e+03
17.9 1.108580e+03 1.092079e+03 1.083327e+03 1.099828e+03
18.9 1.100312e+03 1.080822e+03 1.083507e+03 1.102996e+03
19.9 1.104415e+03 1.081403e+03 1.083383e+03 1.106396e+03
20.9 1.079942e+03 1.081369e+03 1.083183e+03 1.081756e+03
0.2 1.064884e+03 1.089350e+03 1.082950e+03 1.058483e+03
1.2 1.084701e+03 1.075343e+03 1.083005e+03 1.092362e+03
2.2 1.108580e+03 1.092079e+03 1.083327e+03 1.099828e+03
3.2 1.100312e+03 1.080822e+03 1.083507e+03 1.102996e+03
4.2 1.104415e+03 1.081403e+03 1.083383e+03 1.106396e+03
5.2 1.079942e+03 1.081369e+03 1.083183e+03 1.081756e+03
6.2 1.052991e+03 1.071017e+03 1.083037e+03 1.065010e+03
7.2 1.057518e+03 1.072696e+03 1.082954e+03 1.067776e+03
8.2 1.044262e+03 1.088196e+03 1.082914e+03 1.038980e+03
9.2 1.077996e+03 1.095280e+03 1.082903e+03 1.065618e+03
10.2 1.075532e+03 1.082652e+03 1.082907e+03 1.075787e+03
11.2 1.100074e+03 1.096371e+03 1.082918e+03 1.086621e+03
12.2 1.091931e+03 1.093583e+03 1.082930e+03 1.081278e+03
13.2 1.122846e+03 1.089301e+03 1.082939e+03 1.116484e+03
14.2 1.085479e+03 1.101038e+03 1.082945e+03 1.067386e+03
15.2 1.076388e+03 1.083318e+03 1.082953e+03 1.076022e+03
16.2 1.120495e+03 1.101843e+03 1.083150e+03 1.101802e+03
17.2 1.079601e+03 1.094141e+03 1.083464e+03 1.068925e+03
18.2 1.093237e+03 1.095227e+03 1.083467e+03 1.081477e+03
19.2 1.083150e+03 1.093288e+03 1.083277e+03 1.073139e+03
20.2 1.078513e+03 1.088730e+03 1.083099e+03 1.072882e+03
0.7 1.076388e+03 1.083318e+03 1.082953e+03 1.076022e+03
1.7 1.120495e+03 1.101843e+03 1.083150e+03 1.101802e+03
2.7 1.079601e+03 1.094141e+03 1.083464e+03 1.068925e+03
3.7 1.093237e+03 1.095227e+03 1.083467e+03 1.081477e+03
4.7 1.083150e+03 1.093288e+03 1.083277e+03 1.073139e+03
5.7 1.078513e+03 1.088730e+03 1.083099e+03 1.072882e+03
6.7 1.080134e+03 1.088183e+03 1.082987e+03 1.074938e+03
7.7 1.090175e+03 1.086238e+03 1.082929e+03 1.086866e+03
8.7 1.100799e+03 1.107039e+03 1.082906e+03 1.076666e+03
9.7 1.083475e+03 1.097884e+03 1.082903e+03 1.068494e+03
10.7 1.074441e+03 1.097953e+03 1.082912e+03 1.059401e+03
11.7 1.128395e+03 1.087272e+03 1.082924e+03 1.124047e+03
12.7 1.081305e+03 1.082604e+03 1.082937e+03 1.081638e+03
13.7 1.100693e+03 1.097733e+03 1.083122e+03 1.086083e+03
14.7 1.121169e+03 1.094952e+03 1.083449e+03 1.109667e+03
15.7 1.112227e+03 1.101374e+03 1.083473e+03 1.094326e+03
16.7 1.104691e+03 1.097337e+03 1.083288e+03 1.090643e+03
17.7 1.076202e+03 1.082499e+03 1.083107e+03 1.076809e+03
18.7 1.087853e+03 1.068795e+03 1.082992e+03 1.102050e+03
19.7 1.068955e+03 1.067161e+03 1.082931e+03 1.084725e+03
20.7 1.128674e+03 1.073999e+03 1.082906e+03 1.137582e+03
0.7 1.081305e+03 1.082604e+03 1.082937e+03 1.081638e+03
1.7 1.100693e+03 1.097733e+03 1.083122e+03 1.086083e+03
2.7 1.121169e+03 1.094952e+03 1.083449e+03 1.109667e+03
3.7 1.112227e+03 1.101374e+03 1.083473e+03 1.094326e+03
4.7 1.104691e+03 1.097337e+03 1.083288e+03 1.090643e+03
5.7 1.076202e+03 1.082499e+03 1.083107e+03 1.076809e+03
6.7 1.087853e+03 1.068795e+03 1.082992e+03 1.102050e+03
7.7 1.068955e+03 1.067161e+03 1.082931e+03 1.084725e+03
8.7 1.128674e+03 1.073999e+03 1.082906e+03 1.137582e+03
9.7 1.035776e+03 1.059341e+03 1.082903e+03 1.059338e+03
10.7 1.064146e+03 1.046479e+03 1.082911e+03 1.100579e+03
11.7 1.058537e+03 1.081327e+03 1.082923e+03 1.060134e+03
12.7 1.062802e+03 1.078732e+03 1.082934e+03 1.067004e+03
13.7 1.066110e+03 1.089265e+03 1.082942e+03 1.059787e+03
14.7 1.074157e+03 1.079804e+03 1.082947e+03 1.077299e+03
15.7 1.061845e+03 1.068864e+03 1.082949e+03 1.075930e+03
16.7 1.041842e+03 1.069209e+03 1.082951e+03 1.055584e+03
17.7 1.063301e+03 1.068766e+03 1.082951e+03 1.077487e+03
18.7 1.046896e+03 1.078850e+03 1.082952e+03 1.050997e+03
19.7 1.063035e+03 1.055169e+03 1.082952e+03 1.090818e+03
20.7 1.099924e+03 1.062374e+03 1.082952e+03 1.120502e+03
0.1 1.117588e+03 1.084789e+03 1.082952e+03 1.115750e+03
1.1 1.107558e+03 1.085890e+03 1.082986e+03 1.104654e+03
2.1 1.131312e+03 1.091767e+03 1.083288e+03 1.122833e+03
3.1 1.103660e+03 1.088294e+03 1.083505e+03 1.098871e+03
4.1 1.105914e+03 1.079490e+03 1.083405e+03 1.109829e+03
5.1 1.110970e+03 1.083592e+03 1.083204e+03 1.110581e+03
6.1 1.069680e+03 1.078598e+03 1.083050e+03 1.074131e+03
7.1 1.086079e+03 1.082739e+03 1.082961e+03 1.086301e+03
8.1 1.056958e+03 1.081306e+03 1.082917e+03 1.058569e+03
9.1 1.051921e+03 1.063860e+03 1.082903e+03 1.070964e+03
10.1 1.050938e+03 1.061530e+03 1.082906e+03 1.072313e+03
11.1 1.046717e+03 1.060229e+03 1.082917e+03 1.069404e+03
12.1 1.074856e+03 1.079007e+03 1.083006e+03 1.078856e+03
13.1 1.060421e+03 1.074823e+03 1.083351e+03 1.068950e+03
14.1 1.048678e+03 1.065045e+03 1.083497e+03 1.067130e+03
15.1 1.080524e+03 1.075049e+03 1.083356e+03 1.088831e+03
16.1 1.055389e+03 1.064280e+03 1.083161e+03 1.074270e+03
17.1 1.055374e+03 1.058651e+03 1.083024e+03 1.079746e+03
18.1 1.028771e+03 1.071457e+03 1.082947e+03 1.040260e+03
19.1 1.074617e+03 1.079737e+03 1.082912e+03 1.077792e+03
20.1 1.053125e+03 1.066212e+03 1.082902e+03 1.069815e+03
0.3 1.046717e+03 1.060229e+03 1.082917e+03 1.069404e+03
1.3 1.074856e+03 1.079007e+03 1.083006e+03 1.078856e+03
2.3 1.060421e+03 1.074823e+03 1.083351e+03 1.068950e+03
3.3 1.048678e+03 1.065045e+03 1.083497e+03 1.067130e+03
4.3 1.080524e+03 1.075049e+03 1.083356e+03 1.088831e+03
5.3 1.055389e+03 1.064280e+03 1.083161e+03 1.074270e+03
6.3 1.055374e+03 1.058651e+03 1.083024e+03 1.079746e+03
7.3 1.028771e+03 1.071457e+03 1.082947e+03 1.040260e+03
8.3 1.074617e+03 1.079737e+03 1.082912e+03 1.077792e+03
9.3 1.053125e+03 1.066212e+03 1.082902e+03 1.069815e+03
10.3 1.045994e+03 1.067073e+03 1.082908e+03 1.061829e+03
11.3 1.057472e+03 1.082881e+03 1.082919e+03 1.057510e+03
12.3 1.097480e+03 1.078853e+03 1.082931e+03 1.101557e+03
13.3 1.108727e+03 1.075546e+03 1.082940e+03 1.116120e+03
14.3 1.046348e+03 1.067185e+03 1.082945e+03 1.062108e+03
15.3 1.100200e+03 1.078908e+03 1.082949e+03 1.104241e+03
16.3 1.075021e+03 1.062194e+03 1.082950e+03 1.095778e+03
17.3 1.065592e+03 1.071431e+03 1.082951e+03 1.077112e+03
18.3 1.097959e+03 1.100882e+03 1.082952e+03 1.080029e+03
19.3 1.118226e+03 1.083496e+03 1.082952e+03 1.117681e+03
20.3 1.075819e+03 1.081425e+03 1.082952e+03 1.077345e+03
0.4 1.084405e+03 1.090765e+03 1.082952e+03 1.076591e+03
1.4 1.082563e+03 1.089673e+03 1.083044e+03 1.075933e+03
2.4 1.079395e+03 1.105431e+03 1.083383e+03 1.057347e+03
3.4 1.062532e+03 1.080335e+03 1.083502e+03 1.065699e+03
4.4 1.110427e+03 1.084046e+03 1.083348e+03 1.109729e+03
5.4 1.072220e+03 1.090815e+03 1.083154e+03 1.064560e+03
6.4 1.112374e+03 1.098936e+03 1.083169e+03 1.096608e+03
7.4 1.059059e+03 1.091639e+03 1.083428e+03 1.050848e+03
8.4 1.080843e+03 1.077360e+03 1.083444e+03 1.086927e+03
9.4 1.101459e+03 1.091966e+03 1.083257e+03 1.092750e+03
10.4 1.106132e+03 1.090007e+03 1.083077e+03 1.099202e+03
11.4 1.097337e+03 1.072102e+03 1.082968e+03 1.108203e+03
12.4 1.095842e+03 1.071405e+03 1.082915e+03 1.107352e+03
13.4 1.105603e+03 1.092835e+03 1.082896e+03 1.095664e+03
14.4 1.110514e+03 1.095851e+03 1.082950e+03 1.097613e+03
15.4 1.088438e+03 1.084751e+03 1.083283e+03 1.086970e+03
16.4 1.084524e+03 1.093634e+03 1.083476e+03 1.074367e+03
17.4 1.067067e+03 1.086544e+03 1.083364e+03 1.063887e+03
18.4 1.073694e+03 1.085806e+03 1.083172e+03 1.071061e+03
19.4 1.072914e+03 1.076386e+03 1.083139e+03 1.079667e+03
20.4 1.070914e+03 1.079530e+03 1.083398e+03 1.074782e+03
0.6 1.072220e+03 1.090815e+03 1.083154e+03 1.064560e+03
1.6 1.112374e+03 1.098936e+03 1.083169e+03 1.096608e+03
2.6 1.059059e+03 1.091639e+03 1.083428e+03 1.050848e+03
3.6 1.080843e+03 1.077360e+03 1.083444e+03 1.086927e+03
4.6 1.101459e+03 1.091966e+03 1.083257e+03 1.092750e+03
5.6 1.106132e+03 1.090007e+03 1.083077e+03 1.099202e+03
6.6 1.097337e+03 1.072102e+03 1.082968e+03 1.108203e+03
7.6 1.095842e+03 1.071405e+03 1.082915e+03 1.107352e+03
8.6 1.105603e+03 1.092835e+03 1.082896e+03 1.095664e+03
9.6 1.110514e+03 1.095851e+03 1.082950e+03 1.097613e+03
10.6 1.088438e+03 1.084751e+03 1.083283e+03 1.086970e+03
11.6 1.084524e+03 1.093634e+03 1.083476e+03 1.074367e+03
12.6 1.067067e+03 1.086544e+03 1.083364e+03 1.063887e+03
13.6 1.073694e+03 1.085806e+03 1.083172e+03 1.071061e+03
14.6 1.072914e+03 1.076386e+03 1.083139e+03 1.079667e+03
15.6 1.070914e+03 1.079530e+03 1.083398e+03 1.074782e+03
16.6 1.090786e+03 1.088109e+03 1.083460e+03 1.086136e+03
17.6 1.087518e+03 1.087741e+03 1.083296e+03 1.083073e+03
18.6 1.094297e+03 1.082690e+03 1.083339e+03 1.094946e+03
19.6 1.095669e+03 1.065717e+03 1.083510e+03 1.113461e+03
20.6 1.070328e+03 1.078743e+03 1.083418e+03 1.075002e+03
0.2 1.105603e+03 1.092835e+03 1.082896e+03 1.095664e+03
1.2 1.110514e+03 1.095851e+03 1.082950e+03 1.097613e+03
2.2 1.088438e+03 1.084751e+03 1.083283e+03 1.086970e+03
3.2 1.084524e+03 1.093634e+03 1.083476e+03 1.074367e+03
4.2 1.067067e+03 1.086544e+03 1.083364e+03 1.063887e+03
5.2 1.073694e+03 1.085806e+03 1.083172e+03 1.071061e+03
6.2 1.072914e+03 1.076386e+03 1.083139e+03 1.079667e+03
7.2 1.070914e+03 1.079530e+03 1.083398e+03 1.074782e+03
8.2 1.090786e+03 1.088109e+03 1.083460e+03 1.086136e+03
9.2 1.087518e+03 1.087741e+03 1.083296e+03 1.083073e+03
10.2 1.094297e+03 1.082690e+03 1.083339e+03 1.094946e+03
11.2 1.095669e+03 1.065717e+03 1.083510e+03 1.113461e+03
12.2 1.070328e+03 1.078743e+03 1.083418e+03 1.075002e+03
13.2 1.072620e+03 1.084262e+03 1.083258e+03 1.071616e+03
14.2 1.072709e+03 1.088091e+03 1.083412e+03 1.068029e+03
15.2 1.087629e+03 1.075997e+03 1.083487e+03 1.095119e+03
16.2 1.083236e+03 1.080634e+03 1.083320e+03 1.085923e+03
17.2 1.096457e+03 1.081531e+03 1.083289e+03 1.098216e+03
18.2 1.103289e+03 1.066268e+03 1.083476e+03 1.120497e+03
19.2 1.100108e+03 1.070563e+03 1.083431e+03 1.112975e+03
20.2 1.084172e+03 1.072143e+03 1.083222e+03 1.095250e+03
0.4 1.073694e+03 1.085806e+03 1.083172e+03 1.071061e+03
1.4 1.072914e+03 1.076386e+03 1.083139e+03 1.079667e+03
2.4 1.070914e+03 1.079530e+03 1.083398e+03 1.074782e+03
3.4 1.090786e+03 1.088109e+03 1.083460e+03 1.086136e+03
4.4 1.087518e+03 1.087741e+03 1.083296e+03 1.083073e+03
5.4 1.094297e+03 1.082690e+03 1.083339e+03 1.094946e+03
6.4 1.095669e+03 1.065717e+03 1.083510e+03 1.113461e+03
7.4 1.070328e+03 1.078743e+03 1.083418e+03 1.075002e+03
8.4 1.072620e+03 1.084262e+03 1.083258e+03 1.071616e+03
9.4 1.072709e+03 1.088091e+03 1.083412e+03 1.068029e+03
10.4 1.087629e+03 1.075997e+03 1.083487e+03 1.095119e+03
11.4 1.083236e+03 1.080634e+03 1.083320e+03 1.085923e+03
12.4 1.096457e+03 1.081531e+03 1.083289e+03 1.098216e+03
13.4 1.103289e+03 1.066268e+03 1.083476e+03 1.120497e+03
14.4 1.100108e+03 1.070563e+03 1.083431e+03 1.112975e+03
15.4 1.084172e+03 1.072143e+03 1.083222e+03 1.095250e+03
16.4 1.077717e+03 1.084228e+03 1.083040e+03 1.076529e+03
17.4 1.081901e+03 1.085368e+03 1.082940e+03 1.079473e+03
18.4 1.114882e+03 1.087300e+03 1.083072e+03 1.110654e+03
19.4 1.073771e+03 1.081904e+03 1.083384e+03 1.075251e+03
20.4 1.062644e+03 1.085083e+03 1.083412e+03 1.060973e+03
0.8 1.087518e+03 1.087741e+03 1.083296e+03 1.083073e+03
1.8 1.094297e+03 1.082690e+03 1.083339e+03 1.094946e+03
2.8 1.095669e+03 1.065717e+03 1.083510e+03 1.113461e+03
3.8 1.070328e+03 1.078743e+03 1.083418e+03 1.075002e+03
4.8 1.072620e+03 1.084262e+03 1.083258e+03 1.071616e+03
5.8 1.072709e+03 1.088091e+03 1.083412e+03 1.068029e+03
6.8 1.087629e+03 1.075997e+03 1.083487e+03 1.095119e+03
7.8 1.083236e+03 1.080634e+03 1.083320e+03 1.085923e+03
8.8 1.096457e+03 1.081531e+03 1.083289e+03 1.098216e+03
9.8 1.103289e+03 1.066268e+03 1.083476e+03 1.120497e+03
10.8 1.100108e+03 1.070563e+03 1.083431e+03 1.112975e+03
11.8 1.084172e+03 1.072143e+03 1.083222e+03 1.095250e+03
12.8 1.077717e+03 1.084228e+03 1.083040e+03 1.076529e+03
13.8 1.081901e+03 1.085368e+03 1.082940e+03 1.079473e+03
14.8 1.114882e+03 1.087300e+03 1.083072e+03 1.110654e+03
15.8 1.073771e+03 1.081904e+03 1.083384e+03 1.075251e+03
16.8 1.062644e+03 1.085083e+03 1.083412e+03 1.060973e+03
17.8 1.067705e+03 1.066899e+03 1.083241e+03 1.084047e+03
18.8 1.053845e+03 1.066833e+03 1.083075e+03 1.070088e+03
19.8 1.077180e+03 1.080076e+03 1.082973e+03 1.080077e+03
20.8 1.059411e+03 1.075781e+03 1.082921e+03 1.066551e+03
0.2 1.070328e+03 1.078743e+03 1.083418e+03 1.075002e+03
1.2 1.072620e+03 1.084262e+03 1.083258e+03 1.071616e+03
2.2 1.072709e+03 1.088091e+03 1.083412e+03 1.068029e+03
3.2 1.087629e+03 1.075997e+03 1.083487e+03 1.095119e+03
4.2 1.083236e+03 1.080634e+03 1.083320e+03 1.085923e+03
5.2 1.096457e+03 1.081531e+03 1.083289e+03 1.098216e+03
6.2 1.103289e+03 1.066268e+03 1.083476e+03 1.120497e+03
7.2 1.100108e+03 1.070563e+03 1.083431e+03 1.112975e+03
8.2 1.084172e+03 1.072143e+03 1.083222e+03 1.095250e+03
9.2 1.077717e+03 1.084228e+03 1.083040e+03 1.076529e+03
10.2 1.081901e+03 1.085368e+03 1.082940e+03 1.079473e+03
11.2 1.114882e+03 1.087300e+03 1.083072e+03 1.110654e+03
12.2 1.073771e+03 1.081904e+03 1.083384e+03 1.075251e+03
13.2 1.062644e+03 1.085083e+03 1.083412e+03 1.060973e+03
14.2 1.067705e+03 1.066899e+03 1.083241e+03 1.084047e+03
15.2 1.053845e+03 1.066833e+03 1.083075e+03 1.070088e+03
16.2 1.077180e+03 1.080076e+03 1.082973e+03 1.080077e+03
17.2 1.059411e+03 1.075781e+03 1.082921e+03 1.066551e+03
18.2 1.068917e+03 1.068326e+03 1.082901e+03 1.083492e+03
19.2 1.076716e+03 1.074003e+03 1.082901e+03 1.085614e+03
20.2 1.059634e+03 1.066419e+03 1.082910e+03 1.076125e+03
0.7 1.083236e+03 1.080634e+03 1.083320e+03 1.085923e+03
1.7 1.096457e+03 1.081531e+03 1.083289e+03 1.098216e+03
2.7 1.103289e+03 1.066268e+03 1.083476e+03 1.120497e+03
3.7 1.100108e+03 1.070563e+03 1.083431e+03 1.112975e+03
4.7 1.084172e+03 1.072143e+03 1.083222e+03 1.095250e+03
5.7 1.077717e+03 1.084228e+03 1.083040e+03 1.076529e+03
6.7 1.081901e+03 1.085368e+03 1.082940e+03 1.079473e+03
7.7 1.114882e+03 1.087300e+03 1.083072e+03 1.110654e+03
8.7 1.073771e+03 1.081904e+03 1.083384e+03 1.075251e+03
9.7 1.062644e+03 1.085083e+03 1.083412e+03 1.060973e+03
10.7 1.067705e+03 1.066899e+03 1.083241e+03 1.084047e+03
11.7 1.053845e+03 1.066833e+03 1.083075e+03 1.070088e+03
12.7 1.077180e+03 1.080076e+03 1.082973e+03 1.080077e+03
13.7 1.059411e+03 1.075781e+03 1.082921e+03 1.066551e+03
14.7 1.068917e+03 1.068326e+03 1.082901e+03 1.083492e+03
15.7 1.076716e+03 1.074003e+03 1.082901e+03 1.085614e+03
16.7 1.059634e+03 1.066419e+03 1.082910e+03 1.076125e+03
17.7 1.060154e+03 1.071079e+03 1.082923e+03 1.071998e+03
18.7 1.049795e+03 1.058442e+03 1.082934e+03 1.074288e+03
0.7 1.081901e+03 1.085368e+03 1.082940e+03 1.079473e+03
1.7 1.114882e+03 1.087300e+03 1.083072e+03 1.110654e+03
2.7 1.073771e+03 1.081904e+03 1.083384e+03 1.075251e+03
3.7 1.062644e+03 1.085083e+03 1.083412e+03 1.060973e+03
4.7 1.067705e+03 1.066899e+03 1.083241e+03 1.084047e+03
5.7 1.053845e+03 1.066833e+03 1.083075e+03 1.070088e+03
6.7 1.077180e+03 1.080076e+03 1.082973e+03 1.080077e+03
7.7 1.059411e+03 1.075781e+03 1.082921e+03 1.066551e+03
8.7 1.068917e+03 1.068326e+03 1.082901e+03 1.083492e+03
9.7 1.076716e+03 1.074003e+03 1.082901e+03 1.085614e+03
10.7 1.059634e+03 1.066419e+03 1.082910e+03 1.076125e+03
11.7 1.060154e+03 1.071079e+03 1.082923e+03 1.071998e+03
12.7 1.049795e+03 1.058442e+03 1.082934e+03 1.074288e+03
