0.1 9.688701e+03 9.743572e+03 9.797819e+03 9.742949e+03
1.1 9.704849e+03 9.755063e+03 9.799321e+03 9.749107e+03
2.1 9.694329e+03 9.852429e+03 9.818571e+03 9.660471e+03
3.1 9.755194e+03 9.942584e+03 9.854299e+03 9.666910e+03
4.1 9.903757e+03 1.000262e+04 9.865563e+03 9.766704e+03
5.1 1.005565e+04 1.004387e+04 9.846986e+03 9.858762e+03
6.1 1.003838e+04 9.944380e+03 9.822980e+03 9.916985e+03
7.1 9.913968e+03 9.759685e+03 9.806065e+03 9.960348e+03
8.1 9.649625e+03 9.676998e+03 9.796685e+03 9.769313e+03
9.1 9.428384e+03 9.584116e+03 9.792470e+03 9.636737e+03
10.1 9.457010e+03 9.508554e+03 9.791499e+03 9.739955e+03
11.1 9.545390e+03 9.482466e+03 9.797776e+03 9.860700e+03
12.1 9.470906e+03 9.524006e+03 9.827747e+03 9.774648e+03
13.1 9.572877e+03 9.655397e+03 9.859723e+03 9.777203e+03
14.1 9.646273e+03 9.673498e+03 9.858153e+03 9.830928e+03
15.1 9.849312e+03 9.782318e+03 9.835836e+03 9.902829e+03
16.1 1.003996e+04 9.912687e+03 9.814733e+03 9.942000e+03
17.1 1.000992e+04 9.931061e+03 9.801413e+03 9.880269e+03
18.1 9.822034e+03 9.724436e+03 9.794525e+03 9.892123e+03
19.1 9.766693e+03 9.595639e+03 9.791848e+03 9.962902e+03
20.1 9.717033e+03 9.667986e+03 9.791731e+03 9.840778e+03
21.1 9.650542e+03 9.628520e+03 9.793045e+03 9.815068e+03
0.5 9.457010e+03 9.508554e+03 9.791499e+03 9.739955e+03
1.5 9.545390e+03 9.482466e+03 9.797776e+03 9.860700e+03
2.5 9.470906e+03 9.524006e+03 9.827747e+03 9.774648e+03
3.5 9.572877e+03 9.655397e+03 9.859723e+03 9.777203e+03
4.5 9.646273e+03 9.673498e+03 9.858153e+03 9.830928e+03
5.5 9.849312e+03 9.782318e+03 9.835836e+03 9.902829e+03
6.5 1.003996e+04 9.912687e+03 9.814733e+03 9.942000e+03
7.5 1.000992e+04 9.931061e+03 9.801413e+03 9.880269e+03
8.5 9.822034e+03 9.724436e+03 9.794525e+03 9.892123e+03
9.5 9.766693e+03 9.595639e+03 9.791848e+03 9.962902e+03
10.5 9.717033e+03 9.667986e+03 9.791731e+03 9.840778e+03
11.5 9.650542e+03 9.628520e+03 9.793045e+03 9.815068e+03
12.5 9.659612e+03 9.616479e+03 9.804184e+03 9.847317e+03
13.5 9.761406e+03 9.726191e+03 9.838438e+03 9.873653e+03
14.5 9.806902e+03 9.764651e+03 9.864507e+03 9.906759e+03
15.5 9.863757e+03 9.837281e+03 9.855782e+03 9.882258e+03
16.5 9.917561e+03 9.905417e+03 9.831753e+03 9.843896e+03
17.5 1.008604e+04 1.000801e+04 9.811686e+03 9.889714e+03
18.5 1.018604e+04 1.006893e+04 9.799631e+03 9.916735e+03
19.5 9.905492e+03 9.903775e+03 9.793653e+03 9.795369e+03
20.5 9.583362e+03 9.662429e+03 9.791582e+03 9.712516e+03
21.5 9.612501e+03 9.701700e+03 9.791826e+03 9.702627e+03
0.7 9.650542e+03 9.628520e+03 9.793045e+03 9.815068e+03
1.7 9.659612e+03 9.616479e+03 9.804184e+03 9.847317e+03
2.7 9.761406e+03 9.726191e+03 9.838438e+03 9.873653e+03
3.7 9.806902e+03 9.764651e+03 9.864507e+03 9.906759e+03
4.7 9.863757e+03 9.837281e+03 9.855782e+03 9.882258e+03
5.7 9.917561e+03 9.905417e+03 9.831753e+03 9.843896e+03
6.7 1.008604e+04 1.000801e+04 9.811686e+03 9.889714e+03
7.7 1.018604e+04 1.006893e+04 9.799631e+03 9.916735e+03
8.7 9.905492e+03 9.903775e+03 9.793653e+03 9.795369e+03
9.7 9.583362e+03 9.662429e+03 9.791582e+03 9.712516e+03
10.7 9.612501e+03 9.701700e+03 9.791826e+03 9.702627e+03
11.7 9.630286e+03 9.710132e+03 9.793146e+03 9.713300e+03
12.7 9.513646e+03 9.635727e+03 9.794664e+03 9.672582e+03
13.7 9.486899e+03 9.536264e+03 9.795918e+03 9.746554e+03
14.7 9.589578e+03 9.588674e+03 9.796778e+03 9.797682e+03
15.7 9.683401e+03 9.669013e+03 9.797293e+03 9.811681e+03
16.7 9.737768e+03 9.758950e+03 9.797571e+03 9.776389e+03
17.7 9.706881e+03 9.738752e+03 9.797710e+03 9.765838e+03
18.7 9.723223e+03 9.740857e+03 9.797957e+03 9.780322e+03
19.7 9.850020e+03 9.797926e+03 9.808218e+03 9.860311e+03
20.7 9.880954e+03 9.837673e+03 9.841604e+03 9.884885e+03
21.7 9.946709e+03 9.875762e+03 9.865871e+03 9.936818e+03
0.7 9.723223e+03 9.740857e+03 9.797957e+03 9.780322e+03
1.7 9.850020e+03 9.797926e+03 9.808218e+03 9.860311e+03
2.7 9.880954e+03 9.837673e+03 9.841604e+03 9.884885e+03
3.7 9.946709e+03 9.875762e+03 9.865871e+03 9.936818e+03
4.7 1.000684e+04 9.968455e+03 9.855768e+03 9.894153e+03
5.7 9.968581e+03 9.922658e+03 9.831358e+03 9.877280e+03
6.7 1.013063e+04 1.004620e+04 9.811508e+03 9.895940e+03
7.7 1.006416e+04 9.996883e+03 9.809217e+03 9.876490e+03
8.7 1.003052e+04 1.006852e+04 9.836181e+03 9.798186e+03
9.7 1.015956e+04 1.006144e+04 9.858614e+03 9.956733e+03
10.7 1.010892e+04 1.012709e+04 9.849227e+03 9.831055e+03
11.7 1.002116e+04 1.004202e+04 9.826494e+03 9.805633e+03
12.7 1.010568e+04 1.007001e+04 9.808215e+03 9.843888e+03
13.7 1.021371e+04 1.020185e+04 9.797639e+03 9.809505e+03
14.7 1.013204e+04 1.016423e+04 9.792651e+03 9.760461e+03
15.7 9.791101e+03 9.957558e+03 9.791156e+03 9.624699e+03
16.7 9.652709e+03 9.786453e+03 9.791692e+03 9.657948e+03
17.7 9.635807e+03 9.728605e+03 9.793135e+03 9.700336e+03
18.7 9.689851e+03 9.718457e+03 9.794691e+03 9.766085e+03
19.7 9.520706e+03 9.644516e+03 9.795947e+03 9.672137e+03
20.7 9.395191e+03 9.544935e+03 9.796799e+03 9.647055e+03
21.7 9.468387e+03 9.603432e+03 9.800535e+03 9.665490e+03
0.7 1.013063e+04 1.004620e+04 9.811508e+03 9.895940e+03
1.7 1.006416e+04 9.996883e+03 9.809217e+03 9.876490e+03
2.7 1.003052e+04 1.006852e+04 9.836181e+03 9.798186e+03
3.7 1.015956e+04 1.006144e+04 9.858614e+03 9.956733e+03
4.7 1.010892e+04 1.012709e+04 9.849227e+03 9.831055e+03
5.7 1.002116e+04 1.004202e+04 9.826494e+03 9.805633e+03
6.7 1.010568e+04 1.007001e+04 9.808215e+03 9.843888e+03
7.7 1.021371e+04 1.020185e+04 9.797639e+03 9.809505e+03
8.7 1.013204e+04 1.016423e+04 9.792651e+03 9.760461e+03
9.7 9.791101e+03 9.957558e+03 9.791156e+03 9.624699e+03
10.7 9.652709e+03 9.786453e+03 9.791692e+03 9.657948e+03
11.7 9.635807e+03 9.728605e+03 9.793135e+03 9.700336e+03
12.7 9.689851e+03 9.718457e+03 9.794691e+03 9.766085e+03
13.7 9.520706e+03 9.644516e+03 9.795947e+03 9.672137e+03
14.7 9.395191e+03 9.544935e+03 9.796799e+03 9.647055e+03
15.7 9.468387e+03 9.603432e+03 9.800535e+03 9.665490e+03
16.7 9.549091e+03 9.739168e+03 9.825210e+03 9.635133e+03
17.7 9.747945e+03 9.895836e+03 9.858982e+03 9.711091e+03
18.7 9.969020e+03 1.000337e+04 9.862295e+03 9.827942e+03
19.7 9.999966e+03 9.959332e+03 9.840866e+03 9.881500e+03
20.7 9.796188e+03 9.763997e+03 9.818258e+03 9.850449e+03
21.7 9.654469e+03 9.639898e+03 9.803377e+03 9.817947e+03
0.3 9.395191e+03 9.544935e+03 9.796799e+03 9.647055e+03
1.3 9.468387e+03 9.603432e+03 9.800535e+03 9.665490e+03
2.3 9.549091e+03 9.739168e+03 9.825210e+03 9.635133e+03
3.3 9.747945e+03 9.895836e+03 9.858982e+03 9.711091e+03
4.3 9.969020e+03 1.000337e+04 9.862295e+03 9.827942e+03
5.3 9.999966e+03 9.959332e+03 9.840866e+03 9.881500e+03
6.3 9.796188e+03 9.763997e+03 9.818258e+03 9.850449e+03
7.3 9.654469e+03 9.639898e+03 9.803377e+03 9.817947e+03
8.3 9.624362e+03 9.509576e+03 9.795443e+03 9.910230e+03
9.3 9.663646e+03 9.560656e+03 9.792123e+03 9.895113e+03
10.3 9.751479e+03 9.616328e+03 9.791643e+03 9.926794e+03
11.3 9.811631e+03 9.737346e+03 9.792658e+03 9.866942e+03
12.3 9.960172e+03 9.861925e+03 9.794154e+03 9.892400e+03
13.3 1.013514e+04 1.002872e+04 9.795519e+03 9.901935e+03
14.3 1.014906e+04 1.001425e+04 9.796515e+03 9.931327e+03
15.3 9.815100e+03 9.879330e+03 9.797141e+03 9.732910e+03
16.3 9.697952e+03 9.712534e+03 9.797512e+03 9.782931e+03
17.3 9.787005e+03 9.774593e+03 9.803618e+03 9.816029e+03
18.3 9.805213e+03 9.783099e+03 9.832819e+03 9.854933e+03
19.3 9.917823e+03 9.859029e+03 9.862736e+03 9.921530e+03
20.3 9.893927e+03 9.910670e+03 9.859145e+03 9.842402e+03
21.3 9.967404e+03 9.967463e+03 9.835932e+03 9.835873e+03
0.5 9.697952e+03 9.712534e+03 9.797512e+03 9.782931e+03
1.5 9.787005e+03 9.774593e+03 9.803618e+03 9.816029e+03
2.5 9.805213e+03 9.783099e+03 9.832819e+03 9.854933e+03
3.5 9.917823e+03 9.859029e+03 9.862736e+03 9.921530e+03
4.5 9.893927e+03 9.910670e+03 9.859145e+03 9.842402e+03
5.5 9.967404e+03 9.967463e+03 9.835932e+03 9.835873e+03
6.5 1.013320e+04 1.006412e+04 9.814626e+03 9.883708e+03
7.5 1.015625e+04 1.009168e+04 9.801315e+03 9.865887e+03
8.5 1.005221e+04 9.954495e+03 9.794475e+03 9.892192e+03
9.5 9.889757e+03 9.848637e+03 9.791847e+03 9.832967e+03
10.5 9.749870e+03 9.764352e+03 9.791764e+03 9.777282e+03
11.5 9.736225e+03 9.753473e+03 9.793091e+03 9.775842e+03
12.5 9.786512e+03 9.797231e+03 9.804226e+03 9.793507e+03
13.5 9.859657e+03 9.916362e+03 9.838470e+03 9.781765e+03
14.5 9.959388e+03 9.992237e+03 9.864528e+03 9.831679e+03
15.5 9.925050e+03 1.000359e+04 9.857118e+03 9.778581e+03
16.5 1.000722e+04 1.001896e+04 9.851592e+03 9.839850e+03
17.5 9.997075e+03 1.004386e+04 9.866985e+03 9.820199e+03
18.5 1.012910e+04 1.008250e+04 9.866532e+03 9.913131e+03
19.5 1.014030e+04 1.012075e+04 9.847448e+03 9.867001e+03
20.5 1.019785e+04 1.020938e+04 9.849537e+03 9.838010e+03
21.5 1.024029e+04 1.020156e+04 9.864756e+03 9.903490e+03
0.7 9.736225e+03 9.753473e+03 9.793091e+03 9.775842e+03
1.7 9.786512e+03 9.797231e+03 9.804226e+03 9.793507e+03
2.7 9.859657e+03 9.916362e+03 9.838470e+03 9.781765e+03
3.7 9.959388e+03 9.992237e+03 9.864528e+03 9.831679e+03
4.7 9.925050e+03 1.000359e+04 9.857118e+03 9.778581e+03
5.7 1.000722e+04 1.001896e+04 9.851592e+03 9.839850e+03
6.7 9.997075e+03 1.004386e+04 9.866985e+03 9.820199e+03
7.7 1.012910e+04 1.008250e+04 9.866532e+03 9.913131e+03
8.7 1.014030e+04 1.012075e+04 9.847448e+03 9.867001e+03
9.7 1.019785e+04 1.020938e+04 9.849537e+03 9.838010e+03
10.7 1.024029e+04 1.020156e+04 9.864756e+03 9.903490e+03
11.7 1.026522e+04 1.023755e+04 9.855611e+03 9.883282e+03
12.7 1.034804e+04 1.029397e+04 9.829962e+03 9.884035e+03
13.7 1.036647e+04 1.024126e+04 9.808084e+03 9.933284e+03
14.7 1.028468e+04 1.026033e+04 9.800260e+03 9.824603e+03
15.7 1.026434e+04 1.021124e+04 9.822068e+03 9.875159e+03
16.7 1.005854e+04 1.011773e+04 9.852573e+03 9.793383e+03
17.7 1.008601e+04 1.005757e+04 9.852824e+03 9.881268e+03
18.7 1.008506e+04 1.009464e+04 9.832146e+03 9.822563e+03
19.7 9.937430e+03 1.003520e+04 9.812207e+03 9.714437e+03
20.7 1.005521e+04 9.977553e+03 9.804056e+03 9.881709e+03
21.7 9.967390e+03 9.974737e+03 9.824336e+03 9.816989e+03
0.1 9.959388e+03 9.992237e+03 9.864528e+03 9.831679e+03
1.1 9.925050e+03 1.000359e+04 9.857118e+03 9.778581e+03
2.1 1.000722e+04 1.001896e+04 9.851592e+03 9.839850e+03
3.1 9.997075e+03 1.004386e+04 9.866985e+03 9.820199e+03
4.1 1.012910e+04 1.008250e+04 9.866532e+03 9.913131e+03
5.1 1.014030e+04 1.012075e+04 9.847448e+03 9.867001e+03
6.1 1.019785e+04 1.020938e+04 9.849537e+03 9.838010e+03
7.1 1.024029e+04 1.020156e+04 9.864756e+03 9.903490e+03
8.1 1.026522e+04 1.023755e+04 9.855611e+03 9.883282e+03
9.1 1.034804e+04 1.029397e+04 9.829962e+03 9.884035e+03
10.1 1.036647e+04 1.024126e+04 9.808084e+03 9.933284e+03
11.1 1.028468e+04 1.026033e+04 9.800260e+03 9.824603e+03
12.1 1.026434e+04 1.021124e+04 9.822068e+03 9.875159e+03
13.1 1.005854e+04 1.011773e+04 9.852573e+03 9.793383e+03
14.1 1.008601e+04 1.005757e+04 9.852824e+03 9.881268e+03
15.1 1.008506e+04 1.009464e+04 9.832146e+03 9.822563e+03
16.1 9.937430e+03 1.003520e+04 9.812207e+03 9.714437e+03
17.1 1.005521e+04 9.977553e+03 9.804056e+03 9.881709e+03
18.1 9.967390e+03 9.974737e+03 9.824336e+03 9.816989e+03
19.1 9.885279e+03 1.004209e+04 9.854320e+03 9.697508e+03
20.1 9.850115e+03 9.997774e+03 9.854657e+03 9.706999e+03
21.1 9.794463e+03 9.938822e+03 9.833653e+03 9.689293e+03
0.4 1.012910e+04 1.008250e+04 9.866532e+03 9.913131e+03
1.4 1.014030e+04 1.012075e+04 9.847448e+03 9.867001e+03
2.4 1.019785e+04 1.020938e+04 9.849537e+03 9.838010e+03
3.4 1.024029e+04 1.020156e+04 9.864756e+03 9.903490e+03
4.4 1.026522e+04 1.023755e+04 9.855611e+03 9.883282e+03
5.4 1.034804e+04 1.029397e+04 9.829962e+03 9.884035e+03
6.4 1.036647e+04 1.024126e+04 9.808084e+03 9.933284e+03
7.4 1.028468e+04 1.026033e+04 9.800260e+03 9.824603e+03
8.4 1.026434e+04 1.021124e+04 9.822068e+03 9.875159e+03
9.4 1.005854e+04 1.011773e+04 9.852573e+03 9.793383e+03
10.4 1.008601e+04 1.005757e+04 9.852824e+03 9.881268e+03
11.4 1.008506e+04 1.009464e+04 9.832146e+03 9.822563e+03
12.4 9.937430e+03 1.003520e+04 9.812207e+03 9.714437e+03
13.4 1.005521e+04 9.977553e+03 9.804056e+03 9.881709e+03
14.4 9.967390e+03 9.974737e+03 9.824336e+03 9.816989e+03
15.4 9.885279e+03 1.004209e+04 9.854320e+03 9.697508e+03
16.4 9.850115e+03 9.997774e+03 9.854657e+03 9.706999e+03
17.4 9.794463e+03 9.938822e+03 9.833653e+03 9.689293e+03
18.4 9.706004e+03 9.915545e+03 9.820034e+03 9.610494e+03
19.4 9.640244e+03 9.868258e+03 9.837500e+03 9.609487e+03
20.4 9.760646e+03 9.863865e+03 9.859487e+03 9.756268e+03
21.4 9.882331e+03 9.953457e+03 9.851634e+03 9.780508e+03
0.4 1.036647e+04 1.024126e+04 9.808084e+03 9.933284e+03
1.4 1.028468e+04 1.026033e+04 9.800260e+03 9.824603e+03
2.4 1.026434e+04 1.021124e+04 9.822068e+03 9.875159e+03
3.4 1.005854e+04 1.011773e+04 9.852573e+03 9.793383e+03
4.4 1.008601e+04 1.005757e+04 9.852824e+03 9.881268e+03
5.4 1.008506e+04 1.009464e+04 9.832146e+03 9.822563e+03
6.4 9.937430e+03 1.003520e+04 9.812207e+03 9.714437e+03
7.4 1.005521e+04 9.977553e+03 9.804056e+03 9.881709e+03
8.4 9.967390e+03 9.974737e+03 9.824336e+03 9.816989e+03
9.4 9.885279e+03 1.004209e+04 9.854320e+03 9.697508e+03
10.4 9.850115e+03 9.997774e+03 9.854657e+03 9.706999e+03
11.4 9.794463e+03 9.938822e+03 9.833653e+03 9.689293e+03
12.4 9.706004e+03 9.915545e+03 9.820034e+03 9.610494e+03
13.4 9.640244e+03 9.868258e+03 9.837500e+03 9.609487e+03
14.4 9.760646e+03 9.863865e+03 9.859487e+03 9.756268e+03
15.4 9.882331e+03 9.953457e+03 9.851634e+03 9.780508e+03
16.4 1.003204e+04 1.002780e+04 9.828110e+03 9.832348e+03
17.4 1.015282e+04 1.007579e+04 9.808474e+03 9.885508e+03
18.4 1.013307e+04 9.955864e+03 9.797178e+03 9.974382e+03
19.4 9.749112e+03 9.710085e+03 9.792007e+03 9.831035e+03
20.4 9.614403e+03 9.581435e+03 9.792445e+03 9.825413e+03
21.4 9.603375e+03 9.524484e+03 9.813805e+03 9.892697e+03
0.4 9.937430e+03 1.003520e+04 9.812207e+03 9.714437e+03
1.4 1.005521e+04 9.977553e+03 9.804056e+03 9.881709e+03
2.4 9.967390e+03 9.974737e+03 9.824336e+03 9.816989e+03
3.4 9.885279e+03 1.004209e+04 9.854320e+03 9.697508e+03
4.4 9.850115e+03 9.997774e+03 9.854657e+03 9.706999e+03
5.4 9.794463e+03 9.938822e+03 9.833653e+03 9.689293e+03
6.4 9.706004e+03 9.915545e+03 9.820034e+03 9.610494e+03
7.4 9.640244e+03 9.868258e+03 9.837500e+03 9.609487e+03
8.4 9.760646e+03 9.863865e+03 9.859487e+03 9.756268e+03
9.4 9.882331e+03 9.953457e+03 9.851634e+03 9.780508e+03
10.4 1.003204e+04 1.002780e+04 9.828110e+03 9.832348e+03
11.4 1.015282e+04 1.007579e+04 9.808474e+03 9.885508e+03
12.4 1.013307e+04 9.955864e+03 9.797178e+03 9.974382e+03
13.4 9.749112e+03 9.710085e+03 9.792007e+03 9.831035e+03
14.4 9.614403e+03 9.581435e+03 9.792445e+03 9.825413e+03
15.4 9.603375e+03 9.524484e+03 9.813805e+03 9.892697e+03
16.4 9.666754e+03 9.569620e+03 9.850460e+03 9.947594e+03
17.4 9.792758e+03 9.598412e+03 9.860604e+03 1.005495e+04
18.4 9.826132e+03 9.623120e+03 9.848798e+03 1.005181e+04
19.4 9.826034e+03 9.715429e+03 9.856082e+03 9.966687e+03
20.4 9.770821e+03 9.771668e+03 9.869786e+03 9.868939e+03
21.4 9.730160e+03 9.840835e+03 9.857344e+03 9.746669e+03
0.5 9.794463e+03 9.938822e+03 9.833653e+03 9.689293e+03
1.5 9.706004e+03 9.915545e+03 9.820034e+03 9.610494e+03
2.5 9.640244e+03 9.868258e+03 9.837500e+03 9.609487e+03
3.5 9.760646e+03 9.863865e+03 9.859487e+03 9.756268e+03
4.5 9.882331e+03 9.953457e+03 9.851634e+03 9.780508e+03
5.5 1.003204e+04 1.002780e+04 9.828110e+03 9.832348e+03
6.5 1.015282e+04 1.007579e+04 9.808474e+03 9.885508e+03
7.5 1.013307e+04 9.955864e+03 9.797178e+03 9.974382e+03
8.5 9.749112e+03 9.710085e+03 9.792007e+03 9.831035e+03
9.5 9.614403e+03 9.581435e+03 9.792445e+03 9.825413e+03
10.5 9.603375e+03 9.524484e+03 9.813805e+03 9.892697e+03
11.5 9.666754e+03 9.569620e+03 9.850460e+03 9.947594e+03
12.5 9.792758e+03 9.598412e+03 9.860604e+03 1.005495e+04
13.5 9.826132e+03 9.623120e+03 9.848798e+03 1.005181e+04
14.5 9.826034e+03 9.715429e+03 9.856082e+03 9.966687e+03
15.5 9.770821e+03 9.771668e+03 9.869786e+03 9.868939e+03
16.5 9.730160e+03 9.840835e+03 9.857344e+03 9.746669e+03
17.5 9.833249e+03 9.894421e+03 9.844422e+03 9.783249e+03
18.5 9.843936e+03 9.944358e+03 9.857647e+03 9.757225e+03
19.5 9.944011e+03 9.969035e+03 9.863248e+03 9.838224e+03
20.5 1.003968e+04 1.005561e+04 9.846250e+03 9.830315e+03
21.5 1.002985e+04 1.008910e+04 9.844666e+03 9.785415e+03
0.1 9.749112e+03 9.710085e+03 9.792007e+03 9.831035e+03
1.1 9.614403e+03 9.581435e+03 9.792445e+03 9.825413e+03
2.1 9.603375e+03 9.524484e+03 9.813805e+03 9.892697e+03
3.1 9.666754e+03 9.569620e+03 9.850460e+03 9.947594e+03
4.1 9.792758e+03 9.598412e+03 9.860604e+03 1.005495e+04
5.1 9.826132e+03 9.623120e+03 9.848798e+03 1.005181e+04
6.1 9.826034e+03 9.715429e+03 9.856082e+03 9.966687e+03
7.1 9.770821e+03 9.771668e+03 9.869786e+03 9.868939e+03
8.1 9.730160e+03 9.840835e+03 9.857344e+03 9.746669e+03
9.1 9.833249e+03 9.894421e+03 9.844422e+03 9.783249e+03
10.1 9.843936e+03 9.944358e+03 9.857647e+03 9.757225e+03
11.1 9.944011e+03 9.969035e+03 9.863248e+03 9.838224e+03
12.1 1.003968e+04 1.005561e+04 9.846250e+03 9.830315e+03
13.1 1.002985e+04 1.008910e+04 9.844666e+03 9.785415e+03
14.1 1.006008e+04 1.009025e+04 9.861530e+03 9.831357e+03
15.1 1.011700e+04 1.006765e+04 9.857257e+03 9.906610e+03
16.1 1.005549e+04 1.002118e+04 9.833105e+03 9.867419e+03
17.1 9.963296e+03 1.001346e+04 9.810376e+03 9.760211e+03
18.1 9.967039e+03 1.001552e+04 9.799743e+03 9.751266e+03
19.1 9.910322e+03 1.001142e+04 9.817329e+03 9.716228e+03
20.1 1.003376e+04 1.006093e+04 9.850173e+03 9.823004e+03
21.1 1.020806e+04 1.009296e+04 9.855948e+03 9.971048e+03
0.5 9.792758e+03 9.598412e+03 9.860604e+03 1.005495e+04
1.5 9.826132e+03 9.623120e+03 9.848798e+03 1.005181e+04
2.5 9.826034e+03 9.715429e+03 9.856082e+03 9.966687e+03
3.5 9.770821e+03 9.771668e+03 9.869786e+03 9.868939e+03
4.5 9.730160e+03 9.840835e+03 9.857344e+03 9.746669e+03
5.5 9.833249e+03 9.894421e+03 9.844422e+03 9.783249e+03
6.5 9.843936e+03 9.944358e+03 9.857647e+03 9.757225e+03
7.5 9.944011e+03 9.969035e+03 9.863248e+03 9.838224e+03
8.5 1.003968e+04 1.005561e+04 9.846250e+03 9.830315e+03
9.5 1.002985e+04 1.008910e+04 9.844666e+03 9.785415e+03
10.5 1.006008e+04 1.009025e+04 9.861530e+03 9.831357e+03
11.5 1.011700e+04 1.006765e+04 9.857257e+03 9.906610e+03
12.5 1.005549e+04 1.002118e+04 9.833105e+03 9.867419e+03
13.5 9.963296e+03 1.001346e+04 9.810376e+03 9.760211e+03
14.5 9.967039e+03 1.001552e+04 9.799743e+03 9.751266e+03
15.5 9.910322e+03 1.001142e+04 9.817329e+03 9.716228e+03
16.5 1.003376e+04 1.006093e+04 9.850173e+03 9.823004e+03
17.5 1.020806e+04 1.009296e+04 9.855948e+03 9.971048e+03
18.5 9.958002e+03 1.003313e+04 9.844531e+03 9.769407e+03
19.5 9.867805e+03 9.884101e+03 9.854696e+03 9.838400e+03
20.5 9.780550e+03 9.789190e+03 9.867774e+03 9.859134e+03
21.5 9.713738e+03 9.715854e+03 9.853389e+03 9.851273e+03
0.9 9.730160e+03 9.840835e+03 9.857344e+03 9.746669e+03
1.9 9.833249e+03 9.894421e+03 9.844422e+03 9.783249e+03
2.9 9.843936e+03 9.944358e+03 9.857647e+03 9.757225e+03
3.9 9.944011e+03 9.969035e+03 9.863248e+03 9.838224e+03
4.9 1.003968e+04 1.005561e+04 9.846250e+03 9.830315e+03
5.9 1.002985e+04 1.008910e+04 9.844666e+03 9.785415e+03
6.9 1.006008e+04 1.009025e+04 9.861530e+03 9.831357e+03
7.9 1.011700e+04 1.006765e+04 9.857257e+03 9.906610e+03
8.9 1.005549e+04 1.002118e+04 9.833105e+03 9.867419e+03
9.9 9.963296e+03 1.001346e+04 9.810376e+03 9.760211e+03
10.9 9.967039e+03 1.001552e+04 9.799743e+03 9.751266e+03
11.9 9.910322e+03 1.001142e+04 9.817329e+03 9.716228e+03
12.9 1.003376e+04 1.006093e+04 9.850173e+03 9.823004e+03
13.9 1.020806e+04 1.009296e+04 9.855948e+03 9.971048e+03
14.9 9.958002e+03 1.003313e+04 9.844531e+03 9.769407e+03
15.9 9.867805e+03 9.884101e+03 9.854696e+03 9.838400e+03
16.9 9.780550e+03 9.789190e+03 9.867774e+03 9.859134e+03
17.9 9.713738e+03 9.715854e+03 9.853389e+03 9.851273e+03
18.9 9.747963e+03 9.675386e+03 9.827062e+03 9.899639e+03
19.9 9.870711e+03 9.727925e+03 9.818536e+03 9.961322e+03
20.9 9.874517e+03 9.720693e+03 9.841743e+03 9.995567e+03
21.9 9.971145e+03 9.748130e+03 9.858576e+03 1.008159e+04
0.3 9.944011e+03 9.969035e+03 9.863248e+03 9.838224e+03
1.3 1.003968e+04 1.005561e+04 9.846250e+03 9.830315e+03
2.3 1.002985e+04 1.008910e+04 9.844666e+03 9.785415e+03
3.3 1.006008e+04 1.009025e+04 9.861530e+03 9.831357e+03
4.3 1.011700e+04 1.006765e+04 9.857257e+03 9.906610e+03
5.3 1.005549e+04 1.002118e+04 9.833105e+03 9.867419e+03
6.3 9.963296e+03 1.001346e+04 9.810376e+03 9.760211e+03
7.3 9.967039e+03 1.001552e+04 9.799743e+03 9.751266e+03
8.3 9.910322e+03 1.001142e+04 9.817329e+03 9.716228e+03
9.3 1.003376e+04 1.006093e+04 9.850173e+03 9.823004e+03
10.3 1.020806e+04 1.009296e+04 9.855948e+03 9.971048e+03
11.3 9.958002e+03 1.003313e+04 9.844531e+03 9.769407e+03
12.3 9.867805e+03 9.884101e+03 9.854696e+03 9.838400e+03
13.3 9.780550e+03 9.789190e+03 9.867774e+03 9.859134e+03
14.3 9.713738e+03 9.715854e+03 9.853389e+03 9.851273e+03
15.3 9.747963e+03 9.675386e+03 9.827062e+03 9.899639e+03
16.3 9.870711e+03 9.727925e+03 9.818536e+03 9.961322e+03
17.3 9.874517e+03 9.720693e+03 9.841743e+03 9.995567e+03
18.3 9.971145e+03 9.748130e+03 9.858576e+03 1.008159e+04
19.3 9.995962e+03 9.772630e+03 9.845351e+03 1.006868e+04
20.3 9.794169e+03 9.756407e+03 9.822002e+03 9.859764e+03
21.3 9.596613e+03 9.776168e+03 9.804843e+03 9.625288e+03
0.3 9.963296e+03 1.001346e+04 9.810376e+03 9.760211e+03
1.3 9.967039e+03 1.001552e+04 9.799743e+03 9.751266e+03
2.3 9.910322e+03 1.001142e+04 9.817329e+03 9.716228e+03
3.3 1.003376e+04 1.006093e+04 9.850173e+03 9.823004e+03
4.3 1.020806e+04 1.009296e+04 9.855948e+03 9.971048e+03
5.3 9.958002e+03 1.003313e+04 9.844531e+03 9.769407e+03
6.3 9.867805e+03 9.884101e+03 9.854696e+03 9.838400e+03
7.3 9.780550e+03 9.789190e+03 9.867774e+03 9.859134e+03
8.3 9.713738e+03 9.715854e+03 9.853389e+03 9.851273e+03
9.3 9.747963e+03 9.675386e+03 9.827062e+03 9.899639e+03
10.3 9.870711e+03 9.727925e+03 9.818536e+03 9.961322e+03
11.3 9.874517e+03 9.720693e+03 9.841743e+03 9.995567e+03
12.3 9.971145e+03 9.748130e+03 9.858576e+03 1.008159e+04
13.3 9.995962e+03 9.772630e+03 9.845351e+03 1.006868e+04
14.3 9.794169e+03 9.756407e+03 9.822002e+03 9.859764e+03
15.3 9.596613e+03 9.776168e+03 9.804843e+03 9.625288e+03
16.3 9.622159e+03 9.831639e+03 9.806266e+03 9.596786e+03
17.3 9.755434e+03 9.874873e+03 9.835893e+03 9.716453e+03
18.3 9.901854e+03 9.913453e+03 9.857740e+03 9.846141e+03
19.3 9.914375e+03 9.961999e+03 9.847501e+03 9.799877e+03
20.3 9.900032e+03 9.931562e+03 9.825022e+03 9.793492e+03
21.3 9.865833e+03 9.932290e+03 9.807521e+03 9.741064e+03
0.6 1.020806e+04 1.009296e+04 9.855948e+03 9.971048e+03
1.6 9.958002e+03 1.003313e+04 9.844531e+03 9.769407e+03
2.6 9.867805e+03 9.884101e+03 9.854696e+03 9.838400e+03
3.6 9.780550e+03 9.789190e+03 9.867774e+03 9.859134e+03
4.6 9.713738e+03 9.715854e+03 9.853389e+03 9.851273e+03
5.6 9.747963e+03 9.675386e+03 9.827062e+03 9.899639e+03
6.6 9.870711e+03 9.727925e+03 9.818536e+03 9.961322e+03
7.6 9.874517e+03 9.720693e+03 9.841743e+03 9.995567e+03
8.6 9.971145e+03 9.748130e+03 9.858576e+03 1.008159e+04
9.6 9.995962e+03 9.772630e+03 9.845351e+03 1.006868e+04
10.6 9.794169e+03 9.756407e+03 9.822002e+03 9.859764e+03
11.6 9.596613e+03 9.776168e+03 9.804843e+03 9.625288e+03
12.6 9.622159e+03 9.831639e+03 9.806266e+03 9.596786e+03
13.6 9.755434e+03 9.874873e+03 9.835893e+03 9.716453e+03
14.6 9.901854e+03 9.913453e+03 9.857740e+03 9.846141e+03
15.6 9.914375e+03 9.961999e+03 9.847501e+03 9.799877e+03
16.6 9.900032e+03 9.931562e+03 9.825022e+03 9.793492e+03
17.6 9.865833e+03 9.932290e+03 9.807521e+03 9.741064e+03
18.6 9.792317e+03 9.927227e+03 9.807624e+03 9.672714e+03
19.6 9.639563e+03 9.863385e+03 9.836158e+03 9.612337e+03
20.6 9.733206e+03 9.861945e+03 9.858360e+03 9.729621e+03
21.6 9.887128e+03 9.862756e+03 9.850018e+03 9.874390e+03
0.8 9.747963e+03 9.675386e+03 9.827062e+03 9.899639e+03
1.8 9.870711e+03 9.727925e+03 9.818536e+03 9.961322e+03
2.8 9.874517e+03 9.720693e+03 9.841743e+03 9.995567e+03
3.8 9.971145e+03 9.748130e+03 9.858576e+03 1.008159e+04
4.8 9.995962e+03 9.772630e+03 9.845351e+03 1.006868e+04
5.8 9.794169e+03 9.756407e+03 9.822002e+03 9.859764e+03
6.8 9.596613e+03 9.776168e+03 9.804843e+03 9.625288e+03
7.8 9.622159e+03 9.831639e+03 9.806266e+03 9.596786e+03
8.8 9.755434e+03 9.874873e+03 9.835893e+03 9.716453e+03
9.8 9.901854e+03 9.913453e+03 9.857740e+03 9.846141e+03
10.8 9.914375e+03 9.961999e+03 9.847501e+03 9.799877e+03
11.8 9.900032e+03 9.931562e+03 9.825022e+03 9.793492e+03
12.8 9.865833e+03 9.932290e+03 9.807521e+03 9.741064e+03
13.8 9.792317e+03 9.927227e+03 9.807624e+03 9.672714e+03
14.8 9.639563e+03 9.863385e+03 9.836158e+03 9.612337e+03
15.8 9.733206e+03 9.861945e+03 9.858360e+03 9.729621e+03
16.8 9.887128e+03 9.862756e+03 9.850018e+03 9.874390e+03
17.8 1.003159e+04 9.872598e+03 9.846614e+03 1.000561e+04
18.8 1.010046e+04 1.003866e+04 9.863976e+03 9.925783e+03
19.8 1.023016e+04 1.009072e+04 9.864139e+03 1.000357e+04
20.8 1.034145e+04 1.015727e+04 9.840620e+03 1.002481e+04
21.8 1.032559e+04 1.012006e+04 9.815585e+03 1.002112e+04
0.7 9.596613e+03 9.776168e+03 9.804843e+03 9.625288e+03
1.7 9.622159e+03 9.831639e+03 9.806266e+03 9.596786e+03
2.7 9.755434e+03 9.874873e+03 9.835893e+03 9.716453e+03
3.7 9.901854e+03 9.913453e+03 9.857740e+03 9.846141e+03
4.7 9.914375e+03 9.961999e+03 9.847501e+03 9.799877e+03
5.7 9.900032e+03 9.931562e+03 9.825022e+03 9.793492e+03
6.7 9.865833e+03 9.932290e+03 9.807521e+03 9.741064e+03
7.7 9.792317e+03 9.927227e+03 9.807624e+03 9.672714e+03
8.7 9.639563e+03 9.863385e+03 9.836158e+03 9.612337e+03
9.7 9.733206e+03 9.861945e+03 9.858360e+03 9.729621e+03
10.7 9.887128e+03 9.862756e+03 9.850018e+03 9.874390e+03
11.7 1.003159e+04 9.872598e+03 9.846614e+03 1.000561e+04
12.7 1.010046e+04 1.003866e+04 9.863976e+03 9.925783e+03
13.7 1.023016e+04 1.009072e+04 9.864139e+03 1.000357e+04
14.7 1.034145e+04 1.015727e+04 9.840620e+03 1.002481e+04
15.7 1.032559e+04 1.012006e+04 9.815585e+03 1.002112e+04
16.7 1.000073e+04 9.997079e+03 9.799635e+03 9.803287e+03
17.7 9.628515e+03 9.641798e+03 9.791957e+03 9.778674e+03
18.7 9.441804e+03 9.556822e+03 9.789425e+03 9.674406e+03
19.7 9.494996e+03 9.563461e+03 9.789739e+03 9.721274e+03
20.7 9.627521e+03 9.595523e+03 9.791387e+03 9.823385e+03
21.7 9.709659e+03 9.655280e+03 9.793349e+03 9.847728e+03
0.7 9.865833e+03 9.932290e+03 9.807521e+03 9.741064e+03
1.7 9.792317e+03 9.927227e+03 9.807624e+03 9.672714e+03
2.7 9.639563e+03 9.863385e+03 9.836158e+03 9.612337e+03
3.7 9.733206e+03 9.861945e+03 9.858360e+03 9.729621e+03
4.7 9.887128e+03 9.862756e+03 9.850018e+03 9.874390e+03
5.7 1.003159e+04 9.872598e+03 9.846614e+03 1.000561e+04
6.7 1.010046e+04 1.003866e+04 9.863976e+03 9.925783e+03
7.7 1.023016e+04 1.009072e+04 9.864139e+03 1.000357e+04
8.7 1.034145e+04 1.015727e+04 9.840620e+03 1.002481e+04
9.7 1.032559e+04 1.012006e+04 9.815585e+03 1.002112e+04
10.7 1.000073e+04 9.997079e+03 9.799635e+03 9.803287e+03
11.7 9.628515e+03 9.641798e+03 9.791957e+03 9.778674e+03
12.7 9.441804e+03 9.556822e+03 9.789425e+03 9.674406e+03
13.7 9.494996e+03 9.563461e+03 9.789739e+03 9.721274e+03
14.7 9.627521e+03 9.595523e+03 9.791387e+03 9.823385e+03
15.7 9.709659e+03 9.655280e+03 9.793349e+03 9.847728e+03
16.7 9.623127e+03 9.721193e+03 9.795037e+03 9.696970e+03
17.7 9.577722e+03 9.613128e+03 9.796243e+03 9.760838e+03
18.7 9.752645e+03 9.659892e+03 9.796997e+03 9.889750e+03
19.7 9.897411e+03 9.703120e+03 9.797421e+03 9.991712e+03
20.7 9.792605e+03 9.697705e+03 9.797638e+03 9.892538e+03
21.7 9.606833e+03 9.577219e+03 9.797742e+03 9.827357e+03
0.1 9.733206e+03 9.861945e+03 9.858360e+03 9.729621e+03
1.1 9.887128e+03 9.862756e+03 9.850018e+03 9.874390e+03
2.1 1.003159e+04 9.872598e+03 9.846614e+03 1.000561e+04
3.1 1.010046e+04 1.003866e+04 9.863976e+03 9.925783e+03
4.1 1.023016e+04 1.009072e+04 9.864139e+03 1.000357e+04
5.1 1.034145e+04 1.015727e+04 9.840620e+03 1.002481e+04
6.1 1.032559e+04 1.012006e+04 9.815585e+03 1.002112e+04
7.1 1.000073e+04 9.997079e+03 9.799635e+03 9.803287e+03
8.1 9.628515e+03 9.641798e+03 9.791957e+03 9.778674e+03
9.1 9.441804e+03 9.556822e+03 9.789425e+03 9.674406e+03
10.1 9.494996e+03 9.563461e+03 9.789739e+03 9.721274e+03
11.1 9.627521e+03 9.595523e+03 9.791387e+03 9.823385e+03
12.1 9.709659e+03 9.655280e+03 9.793349e+03 9.847728e+03
13.1 9.623127e+03 9.721193e+03 9.795037e+03 9.696970e+03
14.1 9.577722e+03 9.613128e+03 9.796243e+03 9.760838e+03
15.1 9.752645e+03 9.659892e+03 9.796997e+03 9.889750e+03
16.1 9.897411e+03 9.703120e+03 9.797421e+03 9.991712e+03
17.1 9.792605e+03 9.697705e+03 9.797638e+03 9.892538e+03
18.1 9.606833e+03 9.577219e+03 9.797742e+03 9.827357e+03
19.1 9.491828e+03 9.555947e+03 9.797788e+03 9.733669e+03
20.1 9.549567e+03 9.570572e+03 9.797807e+03 9.776802e+03
21.1 9.557333e+03 9.605637e+03 9.797816e+03 9.749512e+03
