0.1 1.105926e+04 1.098195e+04 1.093453e+04 1.101184e+04
1.1 1.104225e+04 1.102547e+04 1.093473e+04 1.095150e+04
2.1 1.109054e+04 1.103604e+04 1.093736e+04 1.099185e+04
3.1 1.107407e+04 1.109626e+04 1.094223e+04 1.092004e+04
4.1 1.098062e+04 1.105694e+04 1.094376e+04 1.086744e+04
5.1 1.088689e+04 1.105185e+04 1.094123e+04 1.077626e+04
6.1 1.084215e+04 1.095279e+04 1.093796e+04 1.082731e+04
7.1 1.092839e+04 1.091620e+04 1.093565e+04 1.094784e+04
8.1 1.089942e+04 1.089410e+04 1.093437e+04 1.093969e+04
9.1 1.089041e+04 1.086645e+04 1.093380e+04 1.095776e+04
10.1 1.085415e+04 1.088516e+04 1.093366e+04 1.090266e+04
11.1 1.088748e+04 1.092222e+04 1.093452e+04 1.089978e+04
12.1 1.095708e+04 1.096808e+04 1.093861e+04 1.092760e+04
13.1 1.100152e+04 1.099505e+04 1.094297e+04 1.094943e+04
14.1 1.100306e+04 1.101864e+04 1.094275e+04 1.092718e+04
15.1 1.106658e+04 1.102475e+04 1.093971e+04 1.098154e+04
16.1 1.107709e+04 1.101930e+04 1.093683e+04 1.099462e+04
17.1 1.096535e+04 1.097040e+04 1.093502e+04 1.092996e+04
18.1 1.088105e+04 1.089242e+04 1.093408e+04 1.092271e+04
19.1 1.081390e+04 1.089518e+04 1.093371e+04 1.085243e+04
20.1 1.092195e+04 1.089255e+04 1.093370e+04 1.096310e+04
21.1 1.098120e+04 1.092081e+04 1.093388e+04 1.099426e+04
0.5 1.085415e+04 1.088516e+04 1.093366e+04 1.090266e+04
1.5 1.088748e+04 1.092222e+04 1.093452e+04 1.089978e+04
2.5 1.095708e+04 1.096808e+04 1.093861e+04 1.092760e+04
3.5 1.100152e+04 1.099505e+04 1.094297e+04 1.094943e+04
4.5 1.100306e+04 1.101864e+04 1.094275e+04 1.092718e+04
5.5 1.106658e+04 1.102475e+04 1.093971e+04 1.098154e+04
6.5 1.107709e+04 1.101930e+04 1.093683e+04 1.099462e+04
7.5 1.096535e+04 1.097040e+04 1.093502e+04 1.092996e+04
8.5 1.088105e+04 1.089242e+04 1.093408e+04 1.092271e+04
9.5 1.081390e+04 1.089518e+04 1.093371e+04 1.085243e+04
10.5 1.092195e+04 1.089255e+04 1.093370e+04 1.096310e+04
11.5 1.098120e+04 1.092081e+04 1.093388e+04 1.099426e+04
12.5 1.098866e+04 1.096108e+04 1.093539e+04 1.096298e+04
13.5 1.106429e+04 1.100906e+04 1.094006e+04 1.099529e+04
14.5 1.103617e+04 1.102808e+04 1.094362e+04 1.095170e+04
15.5 1.112807e+04 1.104567e+04 1.094243e+04 1.102482e+04
16.5 1.111785e+04 1.104412e+04 1.093915e+04 1.101288e+04
17.5 1.096578e+04 1.101025e+04 1.093642e+04 1.089195e+04
18.5 1.089553e+04 1.096270e+04 1.093477e+04 1.086761e+04
19.5 1.083302e+04 1.090380e+04 1.093396e+04 1.086317e+04
20.5 1.087617e+04 1.089344e+04 1.093368e+04 1.091640e+04
21.5 1.091757e+04 1.088427e+04 1.093371e+04 1.096701e+04
0.7 1.098120e+04 1.092081e+04 1.093388e+04 1.099426e+04
1.7 1.098866e+04 1.096108e+04 1.093539e+04 1.096298e+04
2.7 1.106429e+04 1.100906e+04 1.094006e+04 1.099529e+04
3.7 1.103617e+04 1.102808e+04 1.094362e+04 1.095170e+04
4.7 1.112807e+04 1.104567e+04 1.094243e+04 1.102482e+04
5.7 1.111785e+04 1.104412e+04 1.093915e+04 1.101288e+04
6.7 1.096578e+04 1.101025e+04 1.093642e+04 1.089195e+04
7.7 1.089553e+04 1.096270e+04 1.093477e+04 1.086761e+04
8.7 1.083302e+04 1.090380e+04 1.093396e+04 1.086317e+04
9.7 1.087617e+04 1.089344e+04 1.093368e+04 1.091640e+04
10.7 1.091757e+04 1.088427e+04 1.093371e+04 1.096701e+04
11.7 1.090646e+04 1.087206e+04 1.093389e+04 1.096829e+04
12.7 1.082321e+04 1.085444e+04 1.093410e+04 1.090287e+04
13.7 1.084869e+04 1.088101e+04 1.093427e+04 1.090195e+04
14.7 1.086931e+04 1.091783e+04 1.093438e+04 1.088586e+04
15.7 1.090460e+04 1.094362e+04 1.093445e+04 1.089543e+04
16.7 1.089466e+04 1.093331e+04 1.093449e+04 1.089584e+04
17.7 1.096842e+04 1.092658e+04 1.093451e+04 1.097635e+04
18.7 1.100880e+04 1.095786e+04 1.093454e+04 1.098549e+04
19.7 1.102095e+04 1.097376e+04 1.093594e+04 1.098313e+04
20.7 1.106569e+04 1.103372e+04 1.094050e+04 1.097247e+04
21.7 1.097038e+04 1.104058e+04 1.094381e+04 1.087361e+04
0.7 1.100880e+04 1.095786e+04 1.093454e+04 1.098549e+04
1.7 1.102095e+04 1.097376e+04 1.093594e+04 1.098313e+04
2.7 1.106569e+04 1.103372e+04 1.094050e+04 1.097247e+04
3.7 1.097038e+04 1.104058e+04 1.094381e+04 1.087361e+04
4.7 1.098918e+04 1.103636e+04 1.094243e+04 1.089524e+04
5.7 1.098400e+04 1.102722e+04 1.093910e+04 1.089587e+04
6.7 1.101954e+04 1.105871e+04 1.093639e+04 1.089722e+04
7.7 1.100823e+04 1.103296e+04 1.093608e+04 1.091135e+04
8.7 1.106549e+04 1.106947e+04 1.093976e+04 1.093577e+04
9.7 1.103585e+04 1.103628e+04 1.094282e+04 1.094238e+04
10.7 1.103696e+04 1.104129e+04 1.094154e+04 1.093721e+04
11.7 1.091568e+04 1.095400e+04 1.093844e+04 1.090011e+04
12.7 1.098529e+04 1.094889e+04 1.093594e+04 1.097235e+04
13.7 1.104667e+04 1.098612e+04 1.093450e+04 1.099505e+04
14.7 1.096873e+04 1.090295e+04 1.093382e+04 1.099959e+04
15.7 1.091546e+04 1.088539e+04 1.093362e+04 1.096369e+04
16.7 1.088929e+04 1.086005e+04 1.093369e+04 1.096293e+04
17.7 1.087489e+04 1.082515e+04 1.093389e+04 1.098363e+04
18.7 1.086126e+04 1.084528e+04 1.093410e+04 1.095008e+04
19.7 1.089593e+04 1.085202e+04 1.093427e+04 1.097818e+04
20.7 1.092847e+04 1.085375e+04 1.093439e+04 1.100910e+04
21.7 1.100211e+04 1.091214e+04 1.093490e+04 1.102487e+04
0.7 1.101954e+04 1.105871e+04 1.093639e+04 1.089722e+04
1.7 1.100823e+04 1.103296e+04 1.093608e+04 1.091135e+04
2.7 1.106549e+04 1.106947e+04 1.093976e+04 1.093577e+04
3.7 1.103585e+04 1.103628e+04 1.094282e+04 1.094238e+04
4.7 1.103696e+04 1.104129e+04 1.094154e+04 1.093721e+04
5.7 1.091568e+04 1.095400e+04 1.093844e+04 1.090011e+04
6.7 1.098529e+04 1.094889e+04 1.093594e+04 1.097235e+04
7.7 1.104667e+04 1.098612e+04 1.093450e+04 1.099505e+04
8.7 1.096873e+04 1.090295e+04 1.093382e+04 1.099959e+04
9.7 1.091546e+04 1.088539e+04 1.093362e+04 1.096369e+04
10.7 1.088929e+04 1.086005e+04 1.093369e+04 1.096293e+04
11.7 1.087489e+04 1.082515e+04 1.093389e+04 1.098363e+04
12.7 1.086126e+04 1.084528e+04 1.093410e+04 1.095008e+04
13.7 1.089593e+04 1.085202e+04 1.093427e+04 1.097818e+04
14.7 1.092847e+04 1.085375e+04 1.093439e+04 1.100910e+04
15.7 1.100211e+04 1.091214e+04 1.093490e+04 1.102487e+04
16.7 1.098210e+04 1.093610e+04 1.093826e+04 1.098426e+04
17.7 1.105308e+04 1.095349e+04 1.094287e+04 1.104245e+04
18.7 1.104781e+04 1.100454e+04 1.094332e+04 1.098659e+04
19.7 1.094252e+04 1.095681e+04 1.094040e+04 1.092611e+04
20.7 1.081986e+04 1.090452e+04 1.093731e+04 1.085265e+04
21.7 1.080601e+04 1.087682e+04 1.093528e+04 1.086447e+04
0.3 1.092847e+04 1.085375e+04 1.093439e+04 1.100910e+04
1.3 1.100211e+04 1.091214e+04 1.093490e+04 1.102487e+04
2.3 1.098210e+04 1.093610e+04 1.093826e+04 1.098426e+04
3.3 1.105308e+04 1.095349e+04 1.094287e+04 1.104245e+04
4.3 1.104781e+04 1.100454e+04 1.094332e+04 1.098659e+04
5.3 1.094252e+04 1.095681e+04 1.094040e+04 1.092611e+04
6.3 1.081986e+04 1.090452e+04 1.093731e+04 1.085265e+04
7.3 1.080601e+04 1.087682e+04 1.093528e+04 1.086447e+04
8.3 1.077586e+04 1.086550e+04 1.093420e+04 1.084456e+04
9.3 1.089638e+04 1.090822e+04 1.093375e+04 1.092192e+04
10.3 1.091319e+04 1.094456e+04 1.093368e+04 1.090232e+04
11.3 1.091612e+04 1.093748e+04 1.093382e+04 1.091247e+04
12.3 1.088486e+04 1.098610e+04 1.093403e+04 1.083279e+04
13.3 1.090895e+04 1.102382e+04 1.093421e+04 1.081934e+04
14.3 1.082437e+04 1.093720e+04 1.093435e+04 1.082151e+04
15.3 1.087276e+04 1.088955e+04 1.093443e+04 1.091765e+04
16.3 1.094183e+04 1.090264e+04 1.093448e+04 1.097367e+04
17.3 1.100656e+04 1.097066e+04 1.093532e+04 1.097122e+04
18.3 1.098147e+04 1.098176e+04 1.093930e+04 1.093901e+04
19.3 1.104435e+04 1.103420e+04 1.094338e+04 1.095353e+04
20.3 1.103256e+04 1.102630e+04 1.094289e+04 1.094915e+04
21.3 1.105595e+04 1.104769e+04 1.093972e+04 1.094797e+04
0.5 1.094183e+04 1.090264e+04 1.093448e+04 1.097367e+04
1.5 1.100656e+04 1.097066e+04 1.093532e+04 1.097122e+04
2.5 1.098147e+04 1.098176e+04 1.093930e+04 1.093901e+04
3.5 1.104435e+04 1.103420e+04 1.094338e+04 1.095353e+04
4.5 1.103256e+04 1.102630e+04 1.094289e+04 1.094915e+04
5.5 1.105595e+04 1.104769e+04 1.093972e+04 1.094797e+04
6.5 1.111559e+04 1.105934e+04 1.093682e+04 1.099307e+04
7.5 1.101709e+04 1.104988e+04 1.093500e+04 1.090221e+04
8.5 1.090187e+04 1.094882e+04 1.093407e+04 1.088712e+04
9.5 1.089650e+04 1.089148e+04 1.093371e+04 1.093873e+04
10.5 1.095108e+04 1.089347e+04 1.093370e+04 1.099131e+04
11.5 1.096224e+04 1.092498e+04 1.093388e+04 1.097115e+04
12.5 1.104375e+04 1.098259e+04 1.093540e+04 1.099656e+04
13.5 1.104823e+04 1.102574e+04 1.094007e+04 1.096256e+04
14.5 1.109846e+04 1.103567e+04 1.094362e+04 1.100641e+04
15.5 1.102008e+04 1.104669e+04 1.094261e+04 1.091600e+04
16.5 1.098375e+04 1.103813e+04 1.094186e+04 1.088748e+04
17.5 1.090359e+04 1.103386e+04 1.094396e+04 1.081369e+04
18.5 1.095093e+04 1.104294e+04 1.094390e+04 1.085188e+04
19.5 1.104257e+04 1.105035e+04 1.094129e+04 1.093351e+04
20.5 1.107600e+04 1.111373e+04 1.094158e+04 1.090386e+04
21.5 1.110065e+04 1.108361e+04 1.094365e+04 1.096069e+04
0.7 1.096224e+04 1.092498e+04 1.093388e+04 1.097115e+04
1.7 1.104375e+04 1.098259e+04 1.093540e+04 1.099656e+04
2.7 1.104823e+04 1.102574e+04 1.094007e+04 1.096256e+04
3.7 1.109846e+04 1.103567e+04 1.094362e+04 1.100641e+04
4.7 1.102008e+04 1.104669e+04 1.094261e+04 1.091600e+04
5.7 1.098375e+04 1.103813e+04 1.094186e+04 1.088748e+04
6.7 1.090359e+04 1.103386e+04 1.094396e+04 1.081369e+04
7.7 1.095093e+04 1.104294e+04 1.094390e+04 1.085188e+04
8.7 1.104257e+04 1.105035e+04 1.094129e+04 1.093351e+04
9.7 1.107600e+04 1.111373e+04 1.094158e+04 1.090386e+04
10.7 1.110065e+04 1.108361e+04 1.094365e+04 1.096069e+04
11.7 1.107764e+04 1.105622e+04 1.094241e+04 1.096383e+04
12.7 1.111288e+04 1.109004e+04 1.093891e+04 1.096174e+04
13.7 1.117253e+04 1.112782e+04 1.093593e+04 1.098063e+04
14.7 1.116428e+04 1.112083e+04 1.093486e+04 1.097831e+04
15.7 1.109812e+04 1.107968e+04 1.093783e+04 1.095627e+04
16.7 1.097606e+04 1.101614e+04 1.094199e+04 1.090192e+04
17.7 1.096474e+04 1.100533e+04 1.094203e+04 1.090143e+04
18.7 1.105966e+04 1.101456e+04 1.093921e+04 1.098431e+04
19.7 1.100228e+04 1.100848e+04 1.093649e+04 1.093028e+04
20.7 1.099046e+04 1.100818e+04 1.093538e+04 1.091766e+04
21.7 1.109384e+04 1.101818e+04 1.093814e+04 1.101381e+04
0.1 1.109846e+04 1.103567e+04 1.094362e+04 1.100641e+04
1.1 1.102008e+04 1.104669e+04 1.094261e+04 1.091600e+04
2.1 1.098375e+04 1.103813e+04 1.094186e+04 1.088748e+04
3.1 1.090359e+04 1.103386e+04 1.094396e+04 1.081369e+04
4.1 1.095093e+04 1.104294e+04 1.094390e+04 1.085188e+04
5.1 1.104257e+04 1.105035e+04 1.094129e+04 1.093351e+04
6.1 1.107600e+04 1.111373e+04 1.094158e+04 1.090386e+04
7.1 1.110065e+04 1.108361e+04 1.094365e+04 1.096069e+04
8.1 1.107764e+04 1.105622e+04 1.094241e+04 1.096383e+04
9.1 1.111288e+04 1.109004e+04 1.093891e+04 1.096174e+04
10.1 1.117253e+04 1.112782e+04 1.093593e+04 1.098063e+04
11.1 1.116428e+04 1.112083e+04 1.093486e+04 1.097831e+04
12.1 1.109812e+04 1.107968e+04 1.093783e+04 1.095627e+04
13.1 1.097606e+04 1.101614e+04 1.094199e+04 1.090192e+04
14.1 1.096474e+04 1.100533e+04 1.094203e+04 1.090143e+04
15.1 1.105966e+04 1.101456e+04 1.093921e+04 1.098431e+04
16.1 1.100228e+04 1.100848e+04 1.093649e+04 1.093028e+04
17.1 1.099046e+04 1.100818e+04 1.093538e+04 1.091766e+04
18.1 1.109384e+04 1.101818e+04 1.093814e+04 1.101381e+04
19.1 1.110899e+04 1.101942e+04 1.094223e+04 1.103180e+04
20.1 1.109276e+04 1.099167e+04 1.094228e+04 1.104337e+04
21.1 1.102982e+04 1.095737e+04 1.093941e+04 1.101186e+04
0.4 1.095093e+04 1.104294e+04 1.094390e+04 1.085188e+04
1.4 1.104257e+04 1.105035e+04 1.094129e+04 1.093351e+04
2.4 1.107600e+04 1.111373e+04 1.094158e+04 1.090386e+04
3.4 1.110065e+04 1.108361e+04 1.094365e+04 1.096069e+04
4.4 1.107764e+04 1.105622e+04 1.094241e+04 1.096383e+04
5.4 1.111288e+04 1.109004e+04 1.093891e+04 1.096174e+04
6.4 1.117253e+04 1.112782e+04 1.093593e+04 1.098063e+04
7.4 1.116428e+04 1.112083e+04 1.093486e+04 1.097831e+04
8.4 1.109812e+04 1.107968e+04 1.093783e+04 1.095627e+04
9.4 1.097606e+04 1.101614e+04 1.094199e+04 1.090192e+04
10.4 1.096474e+04 1.100533e+04 1.094203e+04 1.090143e+04
11.4 1.105966e+04 1.101456e+04 1.093921e+04 1.098431e+04
12.4 1.100228e+04 1.100848e+04 1.093649e+04 1.093028e+04
13.4 1.099046e+04 1.100818e+04 1.093538e+04 1.091766e+04
14.4 1.109384e+04 1.101818e+04 1.093814e+04 1.101381e+04
15.4 1.110899e+04 1.101942e+04 1.094223e+04 1.103180e+04
16.4 1.109276e+04 1.099167e+04 1.094228e+04 1.104337e+04
17.4 1.102982e+04 1.095737e+04 1.093941e+04 1.101186e+04
18.4 1.097207e+04 1.095846e+04 1.093756e+04 1.095117e+04
19.4 1.099542e+04 1.097500e+04 1.093994e+04 1.096036e+04
20.4 1.097120e+04 1.096969e+04 1.094293e+04 1.094444e+04
21.4 1.102213e+04 1.096408e+04 1.094186e+04 1.099991e+04
0.4 1.117253e+04 1.112782e+04 1.093593e+04 1.098063e+04
1.4 1.116428e+04 1.112083e+04 1.093486e+04 1.097831e+04
2.4 1.109812e+04 1.107968e+04 1.093783e+04 1.095627e+04
3.4 1.097606e+04 1.101614e+04 1.094199e+04 1.090192e+04
4.4 1.096474e+04 1.100533e+04 1.094203e+04 1.090143e+04
5.4 1.105966e+04 1.101456e+04 1.093921e+04 1.098431e+04
6.4 1.100228e+04 1.100848e+04 1.093649e+04 1.093028e+04
7.4 1.099046e+04 1.100818e+04 1.093538e+04 1.091766e+04
8.4 1.109384e+04 1.101818e+04 1.093814e+04 1.101381e+04
9.4 1.110899e+04 1.101942e+04 1.094223e+04 1.103180e+04
10.4 1.109276e+04 1.099167e+04 1.094228e+04 1.104337e+04
11.4 1.102982e+04 1.095737e+04 1.093941e+04 1.101186e+04
12.4 1.097207e+04 1.095846e+04 1.093756e+04 1.095117e+04
13.4 1.099542e+04 1.097500e+04 1.093994e+04 1.096036e+04
14.4 1.097120e+04 1.096969e+04 1.094293e+04 1.094444e+04
15.4 1.102213e+04 1.096408e+04 1.094186e+04 1.099991e+04
16.4 1.102411e+04 1.095542e+04 1.093866e+04 1.100734e+04
17.4 1.092447e+04 1.090399e+04 1.093598e+04 1.095645e+04
18.4 1.077576e+04 1.084776e+04 1.093444e+04 1.086244e+04
19.4 1.073544e+04 1.081666e+04 1.093373e+04 1.085251e+04
20.4 1.079114e+04 1.084915e+04 1.093379e+04 1.087578e+04
21.4 1.086344e+04 1.085732e+04 1.093671e+04 1.094282e+04
0.4 1.100228e+04 1.100848e+04 1.093649e+04 1.093028e+04
1.4 1.099046e+04 1.100818e+04 1.093538e+04 1.091766e+04
2.4 1.109384e+04 1.101818e+04 1.093814e+04 1.101381e+04
3.4 1.110899e+04 1.101942e+04 1.094223e+04 1.103180e+04
4.4 1.109276e+04 1.099167e+04 1.094228e+04 1.104337e+04
5.4 1.102982e+04 1.095737e+04 1.093941e+04 1.101186e+04
6.4 1.097207e+04 1.095846e+04 1.093756e+04 1.095117e+04
7.4 1.099542e+04 1.097500e+04 1.093994e+04 1.096036e+04
8.4 1.097120e+04 1.096969e+04 1.094293e+04 1.094444e+04
9.4 1.102213e+04 1.096408e+04 1.094186e+04 1.099991e+04
10.4 1.102411e+04 1.095542e+04 1.093866e+04 1.100734e+04
11.4 1.092447e+04 1.090399e+04 1.093598e+04 1.095645e+04
12.4 1.077576e+04 1.084776e+04 1.093444e+04 1.086244e+04
13.4 1.073544e+04 1.081666e+04 1.093373e+04 1.085251e+04
14.4 1.079114e+04 1.084915e+04 1.093379e+04 1.087578e+04
15.4 1.086344e+04 1.085732e+04 1.093671e+04 1.094282e+04
16.4 1.088906e+04 1.091818e+04 1.094170e+04 1.091259e+04
17.4 1.088408e+04 1.089695e+04 1.094309e+04 1.093022e+04
18.4 1.086635e+04 1.089359e+04 1.094148e+04 1.091424e+04
19.4 1.096961e+04 1.095787e+04 1.094247e+04 1.095421e+04
20.4 1.099344e+04 1.093684e+04 1.094434e+04 1.100094e+04
21.4 1.099458e+04 1.094783e+04 1.094264e+04 1.098940e+04
0.5 1.102982e+04 1.095737e+04 1.093941e+04 1.101186e+04
1.5 1.097207e+04 1.095846e+04 1.093756e+04 1.095117e+04
2.5 1.099542e+04 1.097500e+04 1.093994e+04 1.096036e+04
3.5 1.097120e+04 1.096969e+04 1.094293e+04 1.094444e+04
4.5 1.102213e+04 1.096408e+04 1.094186e+04 1.099991e+04
5.5 1.102411e+04 1.095542e+04 1.093866e+04 1.100734e+04
6.5 1.092447e+04 1.090399e+04 1.093598e+04 1.095645e+04
7.5 1.077576e+04 1.084776e+04 1.093444e+04 1.086244e+04
8.5 1.073544e+04 1.081666e+04 1.093373e+04 1.085251e+04
9.5 1.079114e+04 1.084915e+04 1.093379e+04 1.087578e+04
10.5 1.086344e+04 1.085732e+04 1.093671e+04 1.094282e+04
11.5 1.088906e+04 1.091818e+04 1.094170e+04 1.091259e+04
12.5 1.088408e+04 1.089695e+04 1.094309e+04 1.093022e+04
13.5 1.086635e+04 1.089359e+04 1.094148e+04 1.091424e+04
14.5 1.096961e+04 1.095787e+04 1.094247e+04 1.095421e+04
15.5 1.099344e+04 1.093684e+04 1.094434e+04 1.100094e+04
16.5 1.099458e+04 1.094783e+04 1.094264e+04 1.098940e+04
17.5 1.096543e+04 1.099036e+04 1.094088e+04 1.091595e+04
18.5 1.084896e+04 1.098079e+04 1.094268e+04 1.081085e+04
19.5 1.083163e+04 1.098782e+04 1.094345e+04 1.078727e+04
20.5 1.089067e+04 1.102708e+04 1.094113e+04 1.080472e+04
21.5 1.093505e+04 1.099194e+04 1.094091e+04 1.088402e+04
0.1 1.073544e+04 1.081666e+04 1.093373e+04 1.085251e+04
1.1 1.079114e+04 1.084915e+04 1.093379e+04 1.087578e+04
2.1 1.086344e+04 1.085732e+04 1.093671e+04 1.094282e+04
3.1 1.088906e+04 1.091818e+04 1.094170e+04 1.091259e+04
4.1 1.088408e+04 1.089695e+04 1.094309e+04 1.093022e+04
5.1 1.086635e+04 1.089359e+04 1.094148e+04 1.091424e+04
6.1 1.096961e+04 1.095787e+04 1.094247e+04 1.095421e+04
7.1 1.099344e+04 1.093684e+04 1.094434e+04 1.100094e+04
8.1 1.099458e+04 1.094783e+04 1.094264e+04 1.098940e+04
9.1 1.096543e+04 1.099036e+04 1.094088e+04 1.091595e+04
10.1 1.084896e+04 1.098079e+04 1.094268e+04 1.081085e+04
11.1 1.083163e+04 1.098782e+04 1.094345e+04 1.078727e+04
12.1 1.089067e+04 1.102708e+04 1.094113e+04 1.080472e+04
13.1 1.093505e+04 1.099194e+04 1.094091e+04 1.088402e+04
14.1 1.087866e+04 1.097601e+04 1.094321e+04 1.084587e+04
15.1 1.097078e+04 1.099278e+04 1.094263e+04 1.092062e+04
16.1 1.089609e+04 1.094746e+04 1.093934e+04 1.088797e+04
17.1 1.090780e+04 1.097270e+04 1.093624e+04 1.087134e+04
18.1 1.099931e+04 1.098327e+04 1.093479e+04 1.095083e+04
19.1 1.106357e+04 1.098575e+04 1.093719e+04 1.101501e+04
20.1 1.106251e+04 1.097540e+04 1.094166e+04 1.102878e+04
21.1 1.115572e+04 1.098464e+04 1.094245e+04 1.111353e+04
0.5 1.088408e+04 1.089695e+04 1.094309e+04 1.093022e+04
1.5 1.086635e+04 1.089359e+04 1.094148e+04 1.091424e+04
2.5 1.096961e+04 1.095787e+04 1.094247e+04 1.095421e+04
3.5 1.099344e+04 1.093684e+04 1.094434e+04 1.100094e+04
4.5 1.099458e+04 1.094783e+04 1.094264e+04 1.098940e+04
5.5 1.096543e+04 1.099036e+04 1.094088e+04 1.091595e+04
6.5 1.084896e+04 1.098079e+04 1.094268e+04 1.081085e+04
7.5 1.083163e+04 1.098782e+04 1.094345e+04 1.078727e+04
8.5 1.089067e+04 1.102708e+04 1.094113e+04 1.080472e+04
9.5 1.093505e+04 1.099194e+04 1.094091e+04 1.088402e+04
10.5 1.087866e+04 1.097601e+04 1.094321e+04 1.084587e+04
11.5 1.097078e+04 1.099278e+04 1.094263e+04 1.092062e+04
12.5 1.089609e+04 1.094746e+04 1.093934e+04 1.088797e+04
13.5 1.090780e+04 1.097270e+04 1.093624e+04 1.087134e+04
14.5 1.099931e+04 1.098327e+04 1.093479e+04 1.095083e+04
15.5 1.106357e+04 1.098575e+04 1.093719e+04 1.101501e+04
16.5 1.106251e+04 1.097540e+04 1.094166e+04 1.102878e+04
17.5 1.115572e+04 1.098464e+04 1.094245e+04 1.111353e+04
18.5 1.106142e+04 1.094075e+04 1.094090e+04 1.106157e+04
19.5 1.098882e+04 1.089485e+04 1.094228e+04 1.103625e+04
20.5 1.092643e+04 1.088292e+04 1.094406e+04 1.098758e+04
21.5 1.089043e+04 1.090168e+04 1.094210e+04 1.093085e+04
0.9 1.099458e+04 1.094783e+04 1.094264e+04 1.098940e+04
1.9 1.096543e+04 1.099036e+04 1.094088e+04 1.091595e+04
2.9 1.084896e+04 1.098079e+04 1.094268e+04 1.081085e+04
3.9 1.083163e+04 1.098782e+04 1.094345e+04 1.078727e+04
4.9 1.089067e+04 1.102708e+04 1.094113e+04 1.080472e+04
5.9 1.093505e+04 1.099194e+04 1.094091e+04 1.088402e+04
6.9 1.087866e+04 1.097601e+04 1.094321e+04 1.084587e+04
7.9 1.097078e+04 1.099278e+04 1.094263e+04 1.092062e+04
8.9 1.089609e+04 1.094746e+04 1.093934e+04 1.088797e+04
9.9 1.090780e+04 1.097270e+04 1.093624e+04 1.087134e+04
10.9 1.099931e+04 1.098327e+04 1.093479e+04 1.095083e+04
11.9 1.106357e+04 1.098575e+04 1.093719e+04 1.101501e+04
12.9 1.106251e+04 1.097540e+04 1.094166e+04 1.102878e+04
13.9 1.115572e+04 1.098464e+04 1.094245e+04 1.111353e+04
14.9 1.106142e+04 1.094075e+04 1.094090e+04 1.106157e+04
15.9 1.098882e+04 1.089485e+04 1.094228e+04 1.103625e+04
16.9 1.092643e+04 1.088292e+04 1.094406e+04 1.098758e+04
17.9 1.089043e+04 1.090168e+04 1.094210e+04 1.093085e+04
18.9 1.088157e+04 1.088666e+04 1.093851e+04 1.093342e+04
19.9 1.092419e+04 1.094266e+04 1.093735e+04 1.091887e+04
20.9 1.091289e+04 1.096381e+04 1.094052e+04 1.088959e+04
21.9 1.095360e+04 1.096972e+04 1.094281e+04 1.092669e+04
0.3 1.083163e+04 1.098782e+04 1.094345e+04 1.078727e+04
1.3 1.089067e+04 1.102708e+04 1.094113e+04 1.080472e+04
2.3 1.093505e+04 1.099194e+04 1.094091e+04 1.088402e+04
3.3 1.087866e+04 1.097601e+04 1.094321e+04 1.084587e+04
4.3 1.097078e+04 1.099278e+04 1.094263e+04 1.092062e+04
5.3 1.089609e+04 1.094746e+04 1.093934e+04 1.088797e+04
6.3 1.090780e+04 1.097270e+04 1.093624e+04 1.087134e+04
7.3 1.099931e+04 1.098327e+04 1.093479e+04 1.095083e+04
8.3 1.106357e+04 1.098575e+04 1.093719e+04 1.101501e+04
9.3 1.106251e+04 1.097540e+04 1.094166e+04 1.102878e+04
10.3 1.115572e+04 1.098464e+04 1.094245e+04 1.111353e+04
11.3 1.106142e+04 1.094075e+04 1.094090e+04 1.106157e+04
12.3 1.098882e+04 1.089485e+04 1.094228e+04 1.103625e+04
13.3 1.092643e+04 1.088292e+04 1.094406e+04 1.098758e+04
14.3 1.089043e+04 1.090168e+04 1.094210e+04 1.093085e+04
15.3 1.088157e+04 1.088666e+04 1.093851e+04 1.093342e+04
16.3 1.092419e+04 1.094266e+04 1.093735e+04 1.091887e+04
17.3 1.091289e+04 1.096381e+04 1.094052e+04 1.088959e+04
18.3 1.095360e+04 1.096972e+04 1.094281e+04 1.092669e+04
19.3 1.094784e+04 1.094878e+04 1.094101e+04 1.094007e+04
20.3 1.100658e+04 1.096876e+04 1.093782e+04 1.097565e+04
21.3 1.104386e+04 1.100374e+04 1.093548e+04 1.097560e+04
0.3 1.090780e+04 1.097270e+04 1.093624e+04 1.087134e+04
1.3 1.099931e+04 1.098327e+04 1.093479e+04 1.095083e+04
2.3 1.106357e+04 1.098575e+04 1.093719e+04 1.101501e+04
3.3 1.106251e+04 1.097540e+04 1.094166e+04 1.102878e+04
4.3 1.115572e+04 1.098464e+04 1.094245e+04 1.111353e+04
5.3 1.106142e+04 1.094075e+04 1.094090e+04 1.106157e+04
6.3 1.098882e+04 1.089485e+04 1.094228e+04 1.103625e+04
7.3 1.092643e+04 1.088292e+04 1.094406e+04 1.098758e+04
8.3 1.089043e+04 1.090168e+04 1.094210e+04 1.093085e+04
9.3 1.088157e+04 1.088666e+04 1.093851e+04 1.093342e+04
10.3 1.092419e+04 1.094266e+04 1.093735e+04 1.091887e+04
11.3 1.091289e+04 1.096381e+04 1.094052e+04 1.088959e+04
12.3 1.095360e+04 1.096972e+04 1.094281e+04 1.092669e+04
13.3 1.094784e+04 1.094878e+04 1.094101e+04 1.094007e+04
14.3 1.100658e+04 1.096876e+04 1.093782e+04 1.097565e+04
15.3 1.104386e+04 1.100374e+04 1.093548e+04 1.097560e+04
16.3 1.102090e+04 1.100158e+04 1.093568e+04 1.095499e+04
17.3 1.104427e+04 1.103222e+04 1.093972e+04 1.095176e+04
18.3 1.100597e+04 1.102883e+04 1.094270e+04 1.091984e+04
19.3 1.100492e+04 1.104148e+04 1.094130e+04 1.090474e+04
20.3 1.101532e+04 1.105855e+04 1.093824e+04 1.089501e+04
21.3 1.107171e+04 1.104719e+04 1.093585e+04 1.096036e+04
0.6 1.115572e+04 1.098464e+04 1.094245e+04 1.111353e+04
1.6 1.106142e+04 1.094075e+04 1.094090e+04 1.106157e+04
2.6 1.098882e+04 1.089485e+04 1.094228e+04 1.103625e+04
3.6 1.092643e+04 1.088292e+04 1.094406e+04 1.098758e+04
4.6 1.089043e+04 1.090168e+04 1.094210e+04 1.093085e+04
5.6 1.088157e+04 1.088666e+04 1.093851e+04 1.093342e+04
6.6 1.092419e+04 1.094266e+04 1.093735e+04 1.091887e+04
7.6 1.091289e+04 1.096381e+04 1.094052e+04 1.088959e+04
8.6 1.095360e+04 1.096972e+04 1.094281e+04 1.092669e+04
9.6 1.094784e+04 1.094878e+04 1.094101e+04 1.094007e+04
10.6 1.100658e+04 1.096876e+04 1.093782e+04 1.097565e+04
11.6 1.104386e+04 1.100374e+04 1.093548e+04 1.097560e+04
12.6 1.102090e+04 1.100158e+04 1.093568e+04 1.095499e+04
13.6 1.104427e+04 1.103222e+04 1.093972e+04 1.095176e+04
14.6 1.100597e+04 1.102883e+04 1.094270e+04 1.091984e+04
15.6 1.100492e+04 1.104148e+04 1.094130e+04 1.090474e+04
16.6 1.101532e+04 1.105855e+04 1.093824e+04 1.089501e+04
17.6 1.107171e+04 1.104719e+04 1.093585e+04 1.096036e+04
18.6 1.110902e+04 1.108552e+04 1.093586e+04 1.095936e+04
19.6 1.112206e+04 1.103234e+04 1.093975e+04 1.102948e+04
20.6 1.116513e+04 1.106325e+04 1.094278e+04 1.104466e+04
21.6 1.115203e+04 1.105265e+04 1.094164e+04 1.104102e+04
0.8 1.088157e+04 1.088666e+04 1.093851e+04 1.093342e+04
1.8 1.092419e+04 1.094266e+04 1.093735e+04 1.091887e+04
2.8 1.091289e+04 1.096381e+04 1.094052e+04 1.088959e+04
3.8 1.095360e+04 1.096972e+04 1.094281e+04 1.092669e+04
4.8 1.094784e+04 1.094878e+04 1.094101e+04 1.094007e+04
5.8 1.100658e+04 1.096876e+04 1.093782e+04 1.097565e+04
6.8 1.104386e+04 1.100374e+04 1.093548e+04 1.097560e+04
7.8 1.102090e+04 1.100158e+04 1.093568e+04 1.095499e+04
8.8 1.104427e+04 1.103222e+04 1.093972e+04 1.095176e+04
9.8 1.100597e+04 1.102883e+04 1.094270e+04 1.091984e+04
10.8 1.100492e+04 1.104148e+04 1.094130e+04 1.090474e+04
11.8 1.101532e+04 1.105855e+04 1.093824e+04 1.089501e+04
12.8 1.107171e+04 1.104719e+04 1.093585e+04 1.096036e+04
13.8 1.110902e+04 1.108552e+04 1.093586e+04 1.095936e+04
14.8 1.112206e+04 1.103234e+04 1.093975e+04 1.102948e+04
15.8 1.116513e+04 1.106325e+04 1.094278e+04 1.104466e+04
16.8 1.115203e+04 1.105265e+04 1.094164e+04 1.104102e+04
17.8 1.099583e+04 1.103558e+04 1.094118e+04 1.090143e+04
18.8 1.101203e+04 1.100095e+04 1.094355e+04 1.095463e+04
19.8 1.103085e+04 1.104344e+04 1.094357e+04 1.093098e+04
20.8 1.099628e+04 1.104798e+04 1.094036e+04 1.088866e+04
21.8 1.091730e+04 1.096805e+04 1.093695e+04 1.088620e+04
0.7 1.104386e+04 1.100374e+04 1.093548e+04 1.097560e+04
1.7 1.102090e+04 1.100158e+04 1.093568e+04 1.095499e+04
2.7 1.104427e+04 1.103222e+04 1.093972e+04 1.095176e+04
3.7 1.100597e+04 1.102883e+04 1.094270e+04 1.091984e+04
4.7 1.100492e+04 1.104148e+04 1.094130e+04 1.090474e+04
5.7 1.101532e+04 1.105855e+04 1.093824e+04 1.089501e+04
6.7 1.107171e+04 1.104719e+04 1.093585e+04 1.096036e+04
7.7 1.110902e+04 1.108552e+04 1.093586e+04 1.095936e+04
8.7 1.112206e+04 1.103234e+04 1.093975e+04 1.102948e+04
9.7 1.116513e+04 1.106325e+04 1.094278e+04 1.104466e+04
10.7 1.115203e+04 1.105265e+04 1.094164e+04 1.104102e+04
11.7 1.099583e+04 1.103558e+04 1.094118e+04 1.090143e+04
12.7 1.101203e+04 1.100095e+04 1.094355e+04 1.095463e+04
13.7 1.103085e+04 1.104344e+04 1.094357e+04 1.093098e+04
14.7 1.099628e+04 1.104798e+04 1.094036e+04 1.088866e+04
15.7 1.091730e+04 1.096805e+04 1.093695e+04 1.088620e+04
16.7 1.078371e+04 1.089374e+04 1.093477e+04 1.082475e+04
17.7 1.075008e+04 1.085072e+04 1.093373e+04 1.083308e+04
18.7 1.079628e+04 1.080662e+04 1.093338e+04 1.092303e+04
19.7 1.070446e+04 1.080659e+04 1.093342e+04 1.083129e+04
20.7 1.078079e+04 1.081823e+04 1.093365e+04 1.089621e+04
21.7 1.083970e+04 1.086632e+04 1.093392e+04 1.090729e+04
0.7 1.107171e+04 1.104719e+04 1.093585e+04 1.096036e+04
1.7 1.110902e+04 1.108552e+04 1.093586e+04 1.095936e+04
2.7 1.112206e+04 1.103234e+04 1.093975e+04 1.102948e+04
3.7 1.116513e+04 1.106325e+04 1.094278e+04 1.104466e+04
4.7 1.115203e+04 1.105265e+04 1.094164e+04 1.104102e+04
5.7 1.099583e+04 1.103558e+04 1.094118e+04 1.090143e+04
6.7 1.101203e+04 1.100095e+04 1.094355e+04 1.095463e+04
7.7 1.103085e+04 1.104344e+04 1.094357e+04 1.093098e+04
8.7 1.099628e+04 1.104798e+04 1.094036e+04 1.088866e+04
9.7 1.091730e+04 1.096805e+04 1.093695e+04 1.088620e+04
10.7 1.078371e+04 1.089374e+04 1.093477e+04 1.082475e+04
11.7 1.075008e+04 1.085072e+04 1.093373e+04 1.083308e+04
12.7 1.079628e+04 1.080662e+04 1.093338e+04 1.092303e+04
13.7 1.070446e+04 1.080659e+04 1.093342e+04 1.083129e+04
14.7 1.078079e+04 1.081823e+04 1.093365e+04 1.089621e+04
15.7 1.083970e+04 1.086632e+04 1.093392e+04 1.090729e+04
16.7 1.080822e+04 1.083952e+04 1.093415e+04 1.090285e+04
17.7 1.074144e+04 1.080177e+04 1.093431e+04 1.087398e+04
18.7 1.084434e+04 1.080771e+04 1.093441e+04 1.097104e+04
19.7 1.086937e+04 1.080672e+04 1.093447e+04 1.099712e+04
20.7 1.084730e+04 1.084078e+04 1.093450e+04 1.094102e+04
21.7 1.087166e+04 1.080924e+04 1.093452e+04 1.099693e+04
0.1 1.116513e+04 1.106325e+04 1.094278e+04 1.104466e+04
1.1 1.115203e+04 1.105265e+04 1.094164e+04 1.104102e+04
2.1 1.099583e+04 1.103558e+04 1.094118e+04 1.090143e+04
3.1 1.101203e+04 1.100095e+04 1.094355e+04 1.095463e+04
4.1 1.103085e+04 1.104344e+04 1.094357e+04 1.093098e+04
5.1 1.099628e+04 1.104798e+04 1.094036e+04 1.088866e+04
6.1 1.091730e+04 1.096805e+04 1.093695e+04 1.088620e+04
7.1 1.078371e+04 1.089374e+04 1.093477e+04 1.082475e+04
8.1 1.075008e+04 1.085072e+04 1.093373e+04 1.083308e+04
9.1 1.079628e+04 1.080662e+04 1.093338e+04 1.092303e+04
10.1 1.070446e+04 1.080659e+04 1.093342e+04 1.083129e+04
11.1 1.078079e+04 1.081823e+04 1.093365e+04 1.089621e+04
12.1 1.083970e+04 1.086632e+04 1.093392e+04 1.090729e+04
13.1 1.080822e+04 1.083952e+04 1.093415e+04 1.090285e+04
14.1 1.074144e+04 1.080177e+04 1.093431e+04 1.087398e+04
15.1 1.084434e+04 1.080771e+04 1.093441e+04 1.097104e+04
16.1 1.086937e+04 1.080672e+04 1.093447e+04 1.099712e+04
17.1 1.084730e+04 1.084078e+04 1.093450e+04 1.094102e+04
18.1 1.087166e+04 1.080924e+04 1.093452e+04 1.099693e+04
19.1 1.083734e+04 1.080038e+04 1.093452e+04 1.097148e+04
20.1 1.085596e+04 1.083010e+04 1.093452e+04 1.096038e+04
21.1 1.082978e+04 1.083523e+04 1.093453e+04 1.092907e+04
