1.118728e+04 1.109643e+04 1.113937e+04 1.114434e+04
1.113783e+04 1.109616e+04 1.114092e+04 1.109308e+04
1.106619e+04 1.109304e+04 1.104784e+04 1.111139e+04
1.104759e+04 1.107168e+04 1.100545e+04 1.111382e+04
1.110865e+04 1.108128e+04 1.105513e+04 1.113480e+04
1.112286e+04 1.103412e+04 1.109624e+04 1.106074e+04
1.110693e+04 1.108882e+04 1.108173e+04 1.111401e+04
1.108924e+04 1.109724e+04 1.107520e+04 1.111128e+04
1.107927e+04 1.108992e+04 1.108878e+04 1.108041e+04
1.104745e+04 1.109152e+04 1.107238e+04 1.106659e+04
1.106215e+04 1.108105e+04 1.108037e+04 1.106284e+04
1.107479e+04 1.110104e+04 1.109920e+04 1.107662e+04
1.107512e+04 1.110809e+04 1.112569e+04 1.105752e+04
1.115075e+04 1.110566e+04 1.113924e+04 1.111717e+04
1.123967e+04 1.114643e+04 1.120059e+04 1.118551e+04
1.120619e+04 1.110972e+04 1.121449e+04 1.110141e+04
1.106620e+04 1.111124e+04 1.112238e+04 1.105506e+04
1.105167e+04 1.112804e+04 1.110600e+04 1.107371e+04
1.103438e+04 1.106920e+04 1.107952e+04 1.102407e+04
1.105132e+04 1.108849e+04 1.107735e+04 1.106247e+04
1.117568e+04 1.109465e+04 1.116319e+04 1.110714e+04
1.121890e+04 1.111273e+04 1.121070e+04 1.112092e+04
1.114699e+04 1.113102e+04 1.116359e+04 1.111442e+04
1.111369e+04 1.110303e+04 1.113934e+04 1.107738e+04
1.105219e+04 1.110418e+04 1.107261e+04 1.108376e+04
1.101763e+04 1.109851e+04 1.103270e+04 1.108344e+04
1.104854e+04 1.109843e+04 1.106720e+04 1.107977e+04
1.110404e+04 1.109529e+04 1.107541e+04 1.112392e+04
1.115490e+04 1.109348e+04 1.113782e+04 1.111056e+04
1.126443e+04 1.109938e+04 1.119077e+04 1.117304e+04
1.126761e+04 1.109735e+04 1.124694e+04 1.111803e+04
1.116881e+04 1.108764e+04 1.115687e+04 1.109957e+04
1.110604e+04 1.109253e+04 1.108100e+04 1.111757e+04
1.104977e+04 1.109214e+04 1.104738e+04 1.109452e+04
1.096937e+04 1.110899e+04 1.098732e+04 1.109103e+04
1.095174e+04 1.109850e+04 1.094576e+04 1.110449e+04
1.093175e+04 1.110097e+04 1.092221e+04 1.111051e+04
1.094106e+04 1.109579e+04 1.092033e+04 1.111651e+04
1.095922e+04 1.109676e+04 1.093509e+04 1.112090e+04
1.100244e+04 1.108786e+04 1.100889e+04 1.108141e+04
1.116843e+04 1.110210e+04 1.114455e+04 1.112599e+04
1.121719e+04 1.110271e+04 1.121196e+04 1.110794e+04
1.111784e+04 1.109763e+04 1.114388e+04 1.107159e+04
1.103659e+04 1.112644e+04 1.104251e+04 1.112053e+04
1.098327e+04 1.115193e+04 1.106131e+04 1.107389e+04
1.093778e+04 1.111314e+04 1.099816e+04 1.105276e+04
1.093302e+04 1.110766e+04 1.097857e+04 1.106211e+04
1.096012e+04 1.110978e+04 1.099200e+04 1.107790e+04
1.099547e+04 1.109641e+04 1.100432e+04 1.108756e+04
1.104064e+04 1.109311e+04 1.105769e+04 1.107606e+04
1.109351e+04 1.109154e+04 1.109804e+04 1.108701e+04
1.124556e+04 1.109421e+04 1.121039e+04 1.112938e+04
1.125625e+04 1.105842e+04 1.122291e+04 1.109175e+04
1.120533e+04 1.109228e+04 1.119592e+04 1.110168e+04
1.112304e+04 1.104546e+04 1.111788e+04 1.105062e+04
1.109809e+04 1.110796e+04 1.105619e+04 1.114985e+04
1.109781e+04 1.109652e+04 1.107695e+04 1.111738e+04
1.103773e+04 1.107376e+04 1.102964e+04 1.108185e+04
1.100158e+04 1.108927e+04 1.097332e+04 1.111753e+04
1.096427e+04 1.109613e+04 1.094483e+04 1.111557e+04
1.101733e+04 1.109646e+04 1.098994e+04 1.112385e+04
1.105952e+04 1.110566e+04 1.103324e+04 1.113194e+04
1.097863e+04 1.114100e+04 1.101973e+04 1.109990e+04
1.095597e+04 1.111565e+04 1.099061e+04 1.108101e+04
1.097498e+04 1.112037e+04 1.100901e+04 1.108633e+04
1.101504e+04 1.111716e+04 1.104638e+04 1.108582e+04
1.107640e+04 1.109910e+04 1.105489e+04 1.112062e+04
1.110263e+04 1.109370e+04 1.109579e+04 1.110054e+04
1.110979e+04 1.109323e+04 1.107719e+04 1.112583e+04
1.111737e+04 1.109183e+04 1.111888e+04 1.109033e+04
1.111250e+04 1.109246e+04 1.111863e+04 1.108634e+04
1.109400e+04 1.109390e+04 1.113272e+04 1.105518e+04
1.115195e+04 1.109469e+04 1.113804e+04 1.110860e+04
1.116377e+04 1.109582e+04 1.117722e+04 1.108236e+04
1.107154e+04 1.109643e+04 1.117562e+04 1.099235e+04
1.121967e+04 1.110262e+04 1.118535e+04 1.113695e+04
1.139805e+04 1.108358e+04 1.131836e+04 1.116327e+04
1.132923e+04 1.112168e+04 1.135807e+04 1.109284e+04
1.124922e+04 1.112074e+04 1.122553e+04 1.114443e+04
1.120868e+04 1.109523e+04 1.116668e+04 1.113724e+04
1.114801e+04 1.109135e+04 1.109895e+04 1.114041e+04
1.108015e+04 1.112365e+04 1.105236e+04 1.115144e+04
1.097527e+04 1.112865e+04 1.098253e+04 1.112139e+04
1.090047e+04 1.111389e+04 1.091196e+04 1.110240e+04
1.090587e+04 1.110774e+04 1.089819e+04 1.111541e+04
1.091689e+04 1.109738e+04 1.096002e+04 1.105425e+04
1.095259e+04 1.109736e+04 1.094809e+04 1.110186e+04
1.113471e+04 1.109745e+04 1.107623e+04 1.115593e+04
1.119275e+04 1.109502e+04 1.114486e+04 1.114291e+04
1.109367e+04 1.109446e+04 1.108676e+04 1.110137e+04
1.098897e+04 1.109521e+04 1.099795e+04 1.108622e+04
1.090065e+04 1.109546e+04 1.091156e+04 1.108455e+04
1.086759e+04 1.109578e+04 1.087522e+04 1.108815e+04
1.083947e+04 1.109596e+04 1.088982e+04 1.104561e+04
1.089971e+04 1.109632e+04 1.096330e+04 1.103273e+04
1.092174e+04 1.108542e+04 1.098398e+04 1.102319e+04
1.113001e+04 1.112194e+04 1.109633e+04 1.115562e+04
1.121847e+04 1.113461e+04 1.120238e+04 1.115070e+04
1.111537e+04 1.114161e+04 1.109965e+04 1.115732e+04
1.100689e+04 1.111302e+04 1.100720e+04 1.111271e+04
1.094439e+04 1.109892e+04 1.098926e+04 1.105405e+04
1.095531e+04 1.109397e+04 1.096965e+04 1.107963e+04
1.098295e+04 1.109140e+04 1.100150e+04 1.107285e+04
1.098231e+04 1.109594e+04 1.101718e+04 1.106107e+04
1.103234e+04 1.109482e+04 1.106481e+04 1.106235e+04
1.117658e+04 1.109468e+04 1.115350e+04 1.111776e+04
1.125086e+04 1.109952e+04 1.121250e+04 1.113788e+04
1.122089e+04 1.112462e+04 1.119004e+04 1.115547e+04
1.113724e+04 1.116076e+04 1.113050e+04 1.116750e+04
1.102556e+04 1.114339e+04 1.104811e+04 1.112084e+04
1.097604e+04 1.112492e+04 1.100891e+04 1.109204e+04
1.098855e+04 1.110249e+04 1.099388e+04 1.109716e+04
1.107253e+04 1.109801e+04 1.103406e+04 1.113648e+04
1.109429e+04 1.109422e+04 1.106383e+04 1.112468e+04
1.112702e+04 1.109279e+04 1.106985e+04 1.114997e+04
1.114653e+04 1.109138e+04 1.109574e+04 1.114217e+04
1.115865e+04 1.109341e+04 1.110937e+04 1.114270e+04
1.118613e+04 1.109311e+04 1.116459e+04 1.111465e+04
1.116972e+04 1.109470e+04 1.115898e+04 1.110544e+04
1.121643e+04 1.109520e+04 1.120649e+04 1.110514e+04
1.123946e+04 1.109564e+04 1.125815e+04 1.107695e+04
1.125577e+04 1.109612e+04 1.128481e+04 1.106708e+04
1.121983e+04 1.109620e+04 1.128193e+04 1.103411e+04
1.119687e+04 1.109634e+04 1.123333e+04 1.105987e+04
1.119025e+04 1.109640e+04 1.125498e+04 1.103167e+04
1.117487e+04 1.109642e+04 1.126388e+04 1.100741e+04
1.119153e+04 1.109643e+04 1.123208e+04 1.105588e+04
1.117261e+04 1.109643e+04 1.116005e+04 1.110898e+04
1.116096e+04 1.109643e+04 1.116004e+04 1.109735e+04
1.109382e+04 1.109643e+04 1.112365e+04 1.106660e+04
1.106943e+04 1.109643e+04 1.106175e+04 1.110410e+04
1.107101e+04 1.109643e+04 1.107472e+04 1.109272e+04
1.115393e+04 1.109643e+04 1.113475e+04 1.111561e+04
1.115700e+04 1.109643e+04 1.112951e+04 1.112393e+04
1.113325e+04 1.109643e+04 1.108842e+04 1.114126e+04
1.106963e+04 1.109643e+04 1.106397e+04 1.110209e+04
1.103858e+04 1.109643e+04 1.102307e+04 1.111194e+04
1.104273e+04 1.109643e+04 1.105466e+04 1.108451e+04
1.105853e+04 1.109714e+04 1.105785e+04 1.109783e+04
1.109127e+04 1.110587e+04 1.111513e+04 1.108200e+04
1.119192e+04 1.113388e+04 1.117166e+04 1.115414e+04
1.121323e+04 1.115060e+04 1.116112e+04 1.120270e+04
1.102831e+04 1.112882e+04 1.101051e+04 1.114662e+04
1.094361e+04 1.111837e+04 1.088215e+04 1.117983e+04
1.084388e+04 1.110420e+04 1.081977e+04 1.112830e+04
1.084672e+04 1.109615e+04 1.083158e+04 1.111128e+04
1.085158e+04 1.109172e+04 1.081418e+04 1.112912e+04
1.086368e+04 1.109144e+04 1.082915e+04 1.112597e+04
1.088397e+04 1.109021e+04 1.088751e+04 1.108666e+04
1.090226e+04 1.109238e+04 1.094924e+04 1.104540e+04
1.093513e+04 1.109378e+04 1.098298e+04 1.104593e+04
1.096445e+04 1.109449e+04 1.100365e+04 1.105529e+04
1.101792e+04 1.109550e+04 1.106945e+04 1.104397e+04
1.104520e+04 1.109594e+04 1.108819e+04 1.105295e+04
1.109071e+04 1.109624e+04 1.109220e+04 1.109475e+04
1.115256e+04 1.109637e+04 1.113649e+04 1.111244e+04
1.114691e+04 1.109641e+04 1.113970e+04 1.110361e+04
1.116774e+04 1.109642e+04 1.114910e+04 1.111506e+04
1.116844e+04 1.109643e+04 1.114722e+04 1.111765e+04
1.115716e+04 1.109643e+04 1.111773e+04 1.113586e+04
1.114201e+04 1.109643e+04 1.112221e+04 1.111623e+04
1.114915e+04 1.109643e+04 1.113151e+04 1.111407e+04
1.116435e+04 1.109643e+04 1.113262e+04 1.112816e+04
1.127455e+04 1.109643e+04 1.121861e+04 1.115237e+04
1.122160e+04 1.109643e+04 1.120543e+04 1.111261e+04
1.111334e+04 1.109643e+04 1.110557e+04 1.110420e+04
1.101907e+04 1.109643e+04 1.105836e+04 1.105715e+04
1.093980e+04 1.109643e+04 1.097519e+04 1.106105e+04
1.092387e+04 1.109643e+04 1.097965e+04 1.104065e+04
1.096092e+04 1.109643e+04 1.097126e+04 1.108610e+04
1.100051e+04 1.109643e+04 1.100442e+04 1.109252e+04
1.101462e+04 1.109643e+04 1.101225e+04 1.109880e+04
1.102268e+04 1.109643e+04 1.103880e+04 1.108032e+04
1.100792e+04 1.109643e+04 1.102600e+04 1.107835e+04
1.100784e+04 1.109643e+04 1.103342e+04 1.107085e+04
1.106533e+04 1.109643e+04 1.107395e+04 1.108781e+04
1.109270e+04 1.109643e+04 1.109043e+04 1.109869e+04
1.114045e+04 1.109643e+04 1.115670e+04 1.108018e+04
1.113477e+04 1.109643e+04 1.116955e+04 1.106165e+04
1.113190e+04 1.109643e+04 1.113509e+04 1.109324e+04
1.114471e+04 1.109643e+04 1.114569e+04 1.109545e+04
1.114878e+04 1.109643e+04 1.113044e+04 1.111477e+04
1.116257e+04 1.109643e+04 1.115130e+04 1.110769e+04
1.118253e+04 1.109643e+04 1.118738e+04 1.109158e+04
1.117958e+04 1.109643e+04 1.117349e+04 1.110253e+04
1.118409e+04 1.109643e+04 1.118076e+04 1.109976e+04
1.115403e+04 1.109643e+04 1.120260e+04 1.104786e+04
1.113486e+04 1.109642e+04 1.119725e+04 1.103403e+04
1.132510e+04 1.109276e+04 1.135558e+04 1.106228e+04
1.141097e+04 1.109423e+04 1.143437e+04 1.107083e+04
1.135337e+04 1.109091e+04 1.137290e+04 1.107138e+04
1.127981e+04 1.101126e+04 1.124990e+04 1.104117e+04
1.125924e+04 1.104500e+04 1.123322e+04 1.107102e+04
1.125401e+04 1.108559e+04 1.120625e+04 1.113335e+04
1.122342e+04 1.108522e+04 1.116762e+04 1.114102e+04
1.125552e+04 1.108378e+04 1.117908e+04 1.116022e+04
1.126030e+04 1.105459e+04 1.122082e+04 1.109407e+04
1.127030e+04 1.106972e+04 1.122803e+04 1.111199e+04
1.132919e+04 1.105713e+04 1.130838e+04 1.107794e+04
1.130083e+04 1.103079e+04 1.127991e+04 1.105171e+04
1.127043e+04 1.097436e+04 1.130490e+04 1.093988e+04
1.126335e+04 1.100628e+04 1.131568e+04 1.095395e+04
1.119802e+04 1.107901e+04 1.121397e+04 1.106306e+04
1.118321e+04 1.108097e+04 1.118479e+04 1.107939e+04
1.114372e+04 1.104183e+04 1.113944e+04 1.104612e+04
1.107790e+04 1.105506e+04 1.108366e+04 1.104929e+04
1.114977e+04 1.106085e+04 1.115369e+04 1.105692e+04
1.118703e+04 1.108768e+04 1.114714e+04 1.112756e+04
1.126156e+04 1.109389e+04 1.123963e+04 1.111582e+04
1.129060e+04 1.110295e+04 1.131814e+04 1.107540e+04
1.134673e+04 1.109197e+04 1.132418e+04 1.111452e+04
1.135972e+04 1.104934e+04 1.141313e+04 1.099592e+04
1.134118e+04 1.103979e+04 1.136452e+04 1.101646e+04
1.138264e+04 1.105014e+04 1.140585e+04 1.102693e+04
1.135382e+04 1.108179e+04 1.140427e+04 1.103135e+04
1.135449e+04 1.105612e+04 1.133362e+04 1.107699e+04
1.132567e+04 1.104563e+04 1.133411e+04 1.103719e+04
1.123496e+04 1.101942e+04 1.122845e+04 1.102593e+04
1.128091e+04 1.105793e+04 1.124838e+04 1.109046e+04
1.125895e+04 1.101858e+04 1.124562e+04 1.103191e+04
1.128221e+04 1.103385e+04 1.125683e+04 1.105923e+04
1.127207e+04 1.106345e+04 1.127152e+04 1.106400e+04
1.121281e+04 1.103212e+04 1.119306e+04 1.105188e+04
1.115078e+04 1.104720e+04 1.118484e+04 1.101315e+04
1.110622e+04 1.106171e+04 1.113426e+04 1.103366e+04
1.110754e+04 1.108630e+04 1.111210e+04 1.108174e+04
1.113374e+04 1.107542e+04 1.110025e+04 1.110892e+04
1.111736e+04 1.103990e+04 1.114619e+04 1.101107e+04
1.105994e+04 1.104782e+04 1.107004e+04 1.103772e+04
1.110661e+04 1.107075e+04 1.108881e+04 1.108856e+04
1.106861e+04 1.108562e+04 1.106313e+04 1.109110e+04
1.103624e+04 1.109070e+04 1.102411e+04 1.110284e+04
1.104518e+04 1.107197e+04 1.101027e+04 1.110688e+04
1.097592e+04 1.105821e+04 1.099400e+04 1.104013e+04
1.099907e+04 1.105954e+04 1.096778e+04 1.109083e+04
1.100176e+04 1.105466e+04 1.099899e+04 1.105743e+04
1.097422e+04 1.108439e+04 1.098202e+04 1.107659e+04
1.096580e+04 1.109000e+04 1.098075e+04 1.107505e+04
1.093945e+04 1.107307e+04 1.095140e+04 1.106112e+04
1.091882e+04 1.102864e+04 1.093168e+04 1.101577e+04
1.094235e+04 1.107002e+04 1.094130e+04 1.107108e+04
1.098696e+04 1.105685e+04 1.098487e+04 1.105893e+04
1.097260e+04 1.108653e+04 1.098197e+04 1.107716e+04
1.093171e+04 1.109215e+04 1.091163e+04 1.111222e+04
1.096833e+04 1.107615e+04 1.094655e+04 1.109793e+04
1.093780e+04 1.104827e+04 1.094458e+04 1.104149e+04
1.094167e+04 1.106318e+04 1.095336e+04 1.105149e+04
1.091160e+04 1.107044e+04 1.094609e+04 1.103596e+04
1.092093e+04 1.108520e+04 1.095063e+04 1.105550e+04
1.095274e+04 1.106333e+04 1.095997e+04 1.105610e+04
1.095005e+04 1.106201e+04 1.096075e+04 1.105130e+04
1.088022e+04 1.103598e+04 1.091828e+04 1.099792e+04
1.092587e+04 1.108435e+04 1.091937e+04 1.109085e+04
1.096771e+04 1.106685e+04 1.094268e+04 1.109188e+04
1.101205e+04 1.106368e+04 1.098702e+04 1.108872e+04
1.095156e+04 1.106558e+04 1.096125e+04 1.105589e+04
1.093743e+04 1.107924e+04 1.093817e+04 1.107850e+04
1.095979e+04 1.107613e+04 1.092369e+04 1.111223e+04
1.092683e+04 1.104903e+04 1.092363e+04 1.105222e+04
1.091982e+04 1.107421e+04 1.092209e+04 1.107194e+04
1.092119e+04 1.105444e+04 1.091895e+04 1.105668e+04
1.088192e+04 1.108232e+04 1.091545e+04 1.104880e+04
1.096663e+04 1.107540e+04 1.096132e+04 1.108071e+04
1.098512e+04 1.104382e+04 1.100449e+04 1.102445e+04
1.102094e+04 1.105163e+04 1.098805e+04 1.108453e+04
1.101395e+04 1.102834e+04 1.099769e+04 1.104460e+04
1.094963e+04 1.107113e+04 1.094547e+04 1.107530e+04
1.092727e+04 1.101542e+04 1.094418e+04 1.099851e+04
1.092989e+04 1.097942e+04 1.092343e+04 1.098588e+04
1.097684e+04 1.101218e+04 1.094759e+04 1.104143e+04
1.098683e+04 1.105112e+04 1.097636e+04 1.106159e+04
1.101831e+04 1.101788e+04 1.099822e+04 1.103797e+04
1.096416e+04 1.100877e+04 1.098986e+04 1.098307e+04
1.094259e+04 1.104433e+04 1.095518e+04 1.103175e+04
1.093507e+04 1.101274e+04 1.096211e+04 1.098570e+04
1.095745e+04 1.106265e+04 1.098739e+04 1.103271e+04
1.099477e+04 1.107901e+04 1.102966e+04 1.104412e+04
1.100416e+04 1.109464e+04 1.101379e+04 1.108500e+04
1.102642e+04 1.108211e+04 1.106467e+04 1.104386e+04
1.097619e+04 1.104211e+04 1.096637e+04 1.105192e+04
1.097828e+04 1.104266e+04 1.098558e+04 1.103536e+04
1.106655e+04 1.099246e+04 1.099781e+04 1.106120e+04
1.114339e+04 1.109673e+04 1.102423e+04 1.121589e+04
1.115679e+04 1.108528e+04 1.108639e+04 1.115568e+04
1.105946e+04 1.109388e+04 1.101923e+04 1.113412e+04
1.101833e+04 1.107571e+04 1.102316e+04 1.107088e+04
1.096938e+04 1.104825e+04 1.098539e+04 1.103224e+04
1.101216e+04 1.102911e+04 1.101945e+04 1.102181e+04
1.115043e+04 1.107898e+04 1.113296e+04 1.109645e+04
1.115236e+04 1.108603e+04 1.115693e+04 1.108147e+04
1.114384e+04 1.109681e+04 1.119223e+04 1.104842e+04
1.109361e+04 1.110113e+04 1.114836e+04 1.104639e+04
1.104085e+04 1.109740e+04 1.109539e+04 1.104286e+04
