9.898186e+03 9.813963e+03 9.865248e+03 9.846900e+03
9.850472e+03 9.813963e+03 9.819898e+03 9.844536e+03
9.731024e+03 9.813963e+03 9.693766e+03 9.851221e+03
9.731813e+03 9.810830e+03 9.706409e+03 9.836235e+03
9.686070e+03 9.800710e+03 9.716744e+03 9.770036e+03
9.490336e+03 9.693130e+03 9.573525e+03 9.609941e+03
9.612818e+03 9.790044e+03 9.634177e+03 9.768685e+03
9.697614e+03 9.817375e+03 9.676464e+03 9.838525e+03
9.838945e+03 9.810060e+03 9.746628e+03 9.902377e+03
9.871247e+03 9.813912e+03 9.782054e+03 9.903105e+03
9.814815e+03 9.815458e+03 9.751863e+03 9.878411e+03
9.701872e+03 9.813225e+03 9.729170e+03 9.785927e+03
9.753816e+03 9.812573e+03 9.792476e+03 9.773913e+03
9.939039e+03 9.815203e+03 9.896898e+03 9.857344e+03
1.002433e+04 9.865004e+03 9.972729e+03 9.916609e+03
9.912642e+03 9.836670e+03 9.863120e+03 9.886192e+03
9.840773e+03 9.828952e+03 9.772647e+03 9.897078e+03
9.744310e+03 9.846578e+03 9.755900e+03 9.834988e+03
9.618381e+03 9.758346e+03 9.671834e+03 9.704892e+03
9.668242e+03 9.785363e+03 9.718730e+03 9.734875e+03
9.831688e+03 9.810782e+03 9.898534e+03 9.743936e+03
9.949844e+03 9.818109e+03 9.987148e+03 9.780805e+03
9.894608e+03 9.812400e+03 9.893457e+03 9.813552e+03
9.669212e+03 9.812441e+03 9.775391e+03 9.706263e+03
9.688701e+03 9.809314e+03 9.743572e+03 9.754443e+03
9.704849e+03 9.807676e+03 9.755063e+03 9.757462e+03
9.694329e+03 9.817209e+03 9.852429e+03 9.659109e+03
9.755194e+03 9.813220e+03 9.942584e+03 9.625830e+03
9.903757e+03 9.812838e+03 1.000262e+04 9.713980e+03
1.005565e+04 9.814705e+03 1.004387e+04 9.826482e+03
1.003838e+04 9.814520e+03 9.944380e+03 9.908526e+03
9.913968e+03 9.814089e+03 9.759685e+03 9.968372e+03
9.649625e+03 9.813366e+03 9.676998e+03 9.785993e+03
9.428384e+03 9.809915e+03 9.584116e+03 9.654182e+03
9.457010e+03 9.839326e+03 9.508554e+03 9.787782e+03
9.545390e+03 9.820695e+03 9.482466e+03 9.883619e+03
9.470906e+03 9.842561e+03 9.524006e+03 9.789462e+03
9.572877e+03 9.817462e+03 9.655397e+03 9.734942e+03
9.646273e+03 9.813960e+03 9.673498e+03 9.786735e+03
9.849312e+03 9.820380e+03 9.782318e+03 9.887374e+03
1.003996e+04 9.813155e+03 9.912687e+03 9.940423e+03
1.000992e+04 9.816970e+03 9.931061e+03 9.895826e+03
9.822034e+03 9.815690e+03 9.724436e+03 9.913289e+03
9.766693e+03 9.854918e+03 9.595639e+03 1.002597e+04
9.717033e+03 9.856566e+03 9.667986e+03 9.905612e+03
9.650542e+03 9.834575e+03 9.628520e+03 9.856598e+03
9.659612e+03 9.840393e+03 9.616479e+03 9.883526e+03
9.761406e+03 9.871715e+03 9.726191e+03 9.906930e+03
9.806902e+03 9.835487e+03 9.764651e+03 9.877739e+03
9.863757e+03 9.816582e+03 9.837281e+03 9.843058e+03
9.917561e+03 9.810302e+03 9.905417e+03 9.822446e+03
1.008604e+04 9.817521e+03 1.000801e+04 9.895549e+03
1.018604e+04 9.822985e+03 1.006893e+04 9.940089e+03
9.905492e+03 9.814514e+03 9.903775e+03 9.816231e+03
9.583362e+03 9.819617e+03 9.662429e+03 9.740551e+03
9.612501e+03 9.813180e+03 9.701700e+03 9.723980e+03
9.630286e+03 9.813973e+03 9.710132e+03 9.734127e+03
9.513646e+03 9.792926e+03 9.635727e+03 9.670844e+03
9.486899e+03 9.798060e+03 9.536264e+03 9.748696e+03
9.589578e+03 9.812613e+03 9.588674e+03 9.813517e+03
9.683401e+03 9.814275e+03 9.669013e+03 9.828664e+03
9.737768e+03 9.819258e+03 9.758950e+03 9.798075e+03
9.706881e+03 9.822321e+03 9.738752e+03 9.790450e+03
9.723223e+03 9.832941e+03 9.740857e+03 9.815306e+03
9.850020e+03 9.865766e+03 9.797926e+03 9.917859e+03
9.880954e+03 9.890719e+03 9.837673e+03 9.934000e+03
9.946709e+03 9.866859e+03 9.875762e+03 9.937806e+03
1.000684e+04 9.874780e+03 9.968455e+03 9.913166e+03
9.968581e+03 9.853822e+03 9.922658e+03 9.899744e+03
1.013063e+04 9.846831e+03 1.004620e+04 9.931263e+03
1.006416e+04 9.826502e+03 9.996883e+03 9.893775e+03
1.003052e+04 9.813760e+03 1.006852e+04 9.775764e+03
1.015956e+04 9.826590e+03 1.006144e+04 9.924708e+03
1.010892e+04 9.845295e+03 1.012709e+04 9.827123e+03
1.002116e+04 9.812688e+03 1.004202e+04 9.791827e+03
1.010568e+04 9.835047e+03 1.007001e+04 9.870720e+03
1.021371e+04 9.808188e+03 1.020185e+04 9.820055e+03
1.013204e+04 9.829536e+03 1.016423e+04 9.797347e+03
9.791101e+03 9.849914e+03 9.957558e+03 9.683457e+03
9.652709e+03 9.811205e+03 9.786453e+03 9.677460e+03
9.635807e+03 9.807689e+03 9.728605e+03 9.714890e+03
9.689851e+03 9.822560e+03 9.718457e+03 9.793954e+03
9.520706e+03 9.838933e+03 9.644516e+03 9.715123e+03
9.395191e+03 9.846389e+03 9.544935e+03 9.696645e+03
9.468387e+03 9.851586e+03 9.603432e+03 9.716541e+03
9.549091e+03 9.822283e+03 9.739168e+03 9.632206e+03
9.747945e+03 9.809577e+03 9.895836e+03 9.661687e+03
9.969020e+03 9.805572e+03 1.000337e+04 9.771219e+03
9.999966e+03 9.829391e+03 9.959332e+03 9.870025e+03
9.796188e+03 9.833003e+03 9.763997e+03 9.865194e+03
9.654469e+03 9.821862e+03 9.639898e+03 9.836432e+03
9.624362e+03 9.816416e+03 9.509576e+03 9.931203e+03
9.663646e+03 9.812314e+03 9.560656e+03 9.915305e+03
9.751479e+03 9.808282e+03 9.616328e+03 9.943433e+03
9.811631e+03 9.814072e+03 9.737346e+03 9.888356e+03
9.960172e+03 9.815950e+03 9.861925e+03 9.914197e+03
1.013514e+04 9.811982e+03 1.002872e+04 9.918398e+03
1.014906e+04 9.811862e+03 1.001425e+04 9.946674e+03
9.815100e+03 9.811586e+03 9.879330e+03 9.747356e+03
9.697952e+03 9.812879e+03 9.712534e+03 9.798298e+03
9.787005e+03 9.813509e+03 9.774593e+03 9.825920e+03
9.805213e+03 9.813835e+03 9.783099e+03 9.835949e+03
9.917823e+03 9.826674e+03 9.859029e+03 9.885468e+03
9.893927e+03 9.819265e+03 9.910670e+03 9.802522e+03
9.967404e+03 9.840582e+03 9.967463e+03 9.840523e+03
1.013320e+04 9.843747e+03 1.006412e+04 9.912828e+03
1.015625e+04 9.841025e+03 1.009168e+04 9.905597e+03
1.005221e+04 9.822043e+03 9.954495e+03 9.919760e+03
9.889757e+03 9.812350e+03 9.848637e+03 9.853471e+03
9.749870e+03 9.808898e+03 9.764352e+03 9.794416e+03
9.736225e+03 9.808196e+03 9.753473e+03 9.790947e+03
9.786512e+03 9.811558e+03 9.797231e+03 9.800839e+03
9.859657e+03 9.811803e+03 9.916362e+03 9.755097e+03
9.959388e+03 9.811870e+03 9.992237e+03 9.779021e+03
9.925050e+03 9.812870e+03 1.000359e+04 9.734332e+03
1.000722e+04 9.813179e+03 1.001896e+04 9.801438e+03
9.997075e+03 9.813680e+03 1.004386e+04 9.766894e+03
1.012910e+04 9.813758e+03 1.008250e+04 9.860357e+03
1.014030e+04 9.813888e+03 1.012075e+04 9.833441e+03
1.019785e+04 9.813934e+03 1.020938e+04 9.802406e+03
1.024029e+04 9.831592e+03 1.020156e+04 9.870327e+03
1.026522e+04 9.887131e+03 1.023755e+04 9.914802e+03
1.034804e+04 9.969460e+03 1.029397e+04 1.002353e+04
1.036647e+04 9.920920e+03 1.024126e+04 1.004612e+04
1.028468e+04 9.865819e+03 1.026033e+04 9.890163e+03
1.026434e+04 9.829414e+03 1.021124e+04 9.882505e+03
1.005854e+04 9.812935e+03 1.011773e+04 9.753745e+03
1.008601e+04 9.806533e+03 1.005757e+04 9.834977e+03
1.008506e+04 9.807211e+03 1.009464e+04 9.797629e+03
9.937430e+03 9.808678e+03 1.003520e+04 9.710908e+03
1.005521e+04 9.808605e+03 9.977553e+03 9.886258e+03
9.967390e+03 9.811135e+03 9.974737e+03 9.803788e+03
9.885279e+03 9.823866e+03 1.004209e+04 9.667055e+03
9.850115e+03 9.899477e+03 9.997774e+03 9.751818e+03
9.794463e+03 9.895511e+03 9.938822e+03 9.751151e+03
9.706004e+03 9.883536e+03 9.915545e+03 9.673995e+03
9.640244e+03 9.844381e+03 9.868258e+03 9.616367e+03
9.760646e+03 9.827102e+03 9.863865e+03 9.723884e+03
9.882331e+03 9.813309e+03 9.953457e+03 9.742184e+03
1.003204e+04 9.810395e+03 1.002780e+04 9.814633e+03
1.015282e+04 9.809887e+03 1.007579e+04 9.886922e+03
1.013307e+04 9.840922e+03 9.955864e+03 1.001813e+04
9.749112e+03 9.862953e+03 9.710085e+03 9.901981e+03
9.614403e+03 9.871626e+03 9.581435e+03 9.904594e+03
9.603375e+03 9.848145e+03 9.524484e+03 9.927036e+03
9.666754e+03 9.831919e+03 9.569620e+03 9.929053e+03
9.792758e+03 9.816766e+03 9.598412e+03 1.001111e+04
9.826132e+03 9.810238e+03 9.623120e+03 1.001325e+04
9.826034e+03 9.805660e+03 9.715429e+03 9.916265e+03
9.770821e+03 9.806822e+03 9.771668e+03 9.805975e+03
9.730160e+03 9.808281e+03 9.840835e+03 9.697606e+03
9.833249e+03 9.809128e+03 9.894421e+03 9.747956e+03
9.843936e+03 9.811347e+03 9.944358e+03 9.710924e+03
9.944011e+03 9.812422e+03 9.969035e+03 9.787397e+03
1.003968e+04 9.813315e+03 1.005561e+04 9.797381e+03
1.002985e+04 9.813726e+03 1.008910e+04 9.754476e+03
1.006008e+04 9.819376e+03 1.009025e+04 9.789203e+03
1.011700e+04 9.855129e+03 1.006765e+04 9.904482e+03
1.005549e+04 9.855936e+03 1.002118e+04 9.890249e+03
9.963296e+03 9.864689e+03 1.001346e+04 9.814524e+03
9.967039e+03 9.831927e+03 1.001552e+04 9.783449e+03
9.910322e+03 9.825870e+03 1.001142e+04 9.724769e+03
1.003376e+04 9.814198e+03 1.006093e+04 9.787029e+03
1.020806e+04 9.808893e+03 1.009296e+04 9.923993e+03
9.958002e+03 9.808105e+03 1.003313e+04 9.732982e+03
9.867805e+03 9.808631e+03 9.884101e+03 9.792335e+03
9.780550e+03 9.811073e+03 9.789190e+03 9.802433e+03
9.713738e+03 9.812101e+03 9.715854e+03 9.809985e+03
9.747963e+03 9.812641e+03 9.675386e+03 9.885218e+03
9.870711e+03 9.813250e+03 9.727925e+03 9.956035e+03
9.874517e+03 9.814085e+03 9.720693e+03 9.967909e+03
9.971145e+03 9.840834e+03 9.748130e+03 1.006385e+04
9.995962e+03 9.871605e+03 9.772630e+03 1.009494e+04
9.794169e+03 9.880675e+03 9.756407e+03 9.918438e+03
9.596613e+03 9.855426e+03 9.776168e+03 9.675871e+03
9.622159e+03 9.832010e+03 9.831639e+03 9.622531e+03
9.755434e+03 9.818496e+03 9.874873e+03 9.699056e+03
9.901854e+03 9.810848e+03 9.913453e+03 9.799249e+03
9.914375e+03 9.806680e+03 9.961999e+03 9.759057e+03
9.900032e+03 9.805364e+03 9.931562e+03 9.773835e+03
9.865833e+03 9.808218e+03 9.932290e+03 9.741761e+03
9.792317e+03 9.809434e+03 9.927227e+03 9.674523e+03
9.639563e+03 9.811767e+03 9.863385e+03 9.587946e+03
9.733206e+03 9.851474e+03 9.861945e+03 9.722735e+03
9.887128e+03 9.910284e+03 9.862756e+03 9.934655e+03
1.003159e+04 9.924540e+03 9.872598e+03 1.008354e+04
1.010046e+04 9.786832e+03 1.003866e+04 9.848639e+03
1.023016e+04 9.796047e+03 1.009072e+04 9.935481e+03
1.034145e+04 9.809835e+03 1.015727e+04 9.994021e+03
1.032559e+04 9.814168e+03 1.012006e+04 1.001970e+04
1.000073e+04 9.814572e+03 9.997079e+03 9.818224e+03
9.628515e+03 9.824538e+03 9.641798e+03 9.811255e+03
9.441804e+03 9.822447e+03 9.556822e+03 9.707428e+03
9.494996e+03 9.816803e+03 9.563461e+03 9.748338e+03
9.627521e+03 9.817185e+03 9.595523e+03 9.849183e+03
9.709659e+03 9.814572e+03 9.655280e+03 9.868952e+03
9.623127e+03 9.814522e+03 9.721193e+03 9.716456e+03
9.577722e+03 9.814143e+03 9.613128e+03 9.778737e+03
9.752645e+03 9.814102e+03 9.659892e+03 9.906854e+03
9.897411e+03 9.814038e+03 9.703120e+03 1.000833e+04
9.792605e+03 9.814015e+03 9.697705e+03 9.908915e+03
9.606833e+03 9.813984e+03 9.577219e+03 9.843598e+03
9.491828e+03 9.813965e+03 9.555947e+03 9.749846e+03
9.549567e+03 9.813963e+03 9.570572e+03 9.792958e+03
9.557333e+03 9.808336e+03 9.605637e+03 9.760033e+03
9.541992e+03 9.776523e+03 9.519778e+03 9.798736e+03
9.531935e+03 9.734103e+03 9.489330e+03 9.776708e+03
9.481248e+03 9.776634e+03 9.590305e+03 9.667578e+03
9.606904e+03 9.773615e+03 9.712481e+03 9.668038e+03
9.666739e+03 9.788432e+03 9.885819e+03 9.569352e+03
9.903659e+03 9.813249e+03 9.936294e+03 9.780614e+03
1.002796e+04 9.819758e+03 1.011408e+04 9.733639e+03
9.994676e+03 9.821007e+03 1.001273e+04 9.802949e+03
9.891836e+03 9.820437e+03 9.925504e+03 9.786769e+03
9.854524e+03 9.815429e+03 9.938428e+03 9.731526e+03
9.857281e+03 9.809152e+03 9.879671e+03 9.786762e+03
9.775200e+03 9.763395e+03 9.802906e+03 9.735689e+03
9.735995e+03 9.674704e+03 9.609302e+03 9.801397e+03
9.846171e+03 9.771879e+03 9.771019e+03 9.847031e+03
9.780451e+03 9.775702e+03 9.785978e+03 9.770176e+03
9.691784e+03 9.800187e+03 9.756404e+03 9.735567e+03
9.842863e+03 9.814488e+03 9.805198e+03 9.852154e+03
9.759551e+03 9.820326e+03 9.750046e+03 9.829831e+03
9.668779e+03 9.820234e+03 9.688302e+03 9.800711e+03
9.542351e+03 9.820421e+03 9.588669e+03 9.774102e+03
9.569393e+03 9.816827e+03 9.675158e+03 9.711061e+03
9.800888e+03 9.816220e+03 9.744440e+03 9.872668e+03
9.734069e+03 9.815884e+03 9.852665e+03 9.697288e+03
9.666276e+03 9.814873e+03 9.706899e+03 9.774251e+03
9.607473e+03 9.814358e+03 9.613795e+03 9.808036e+03
9.703793e+03 9.814165e+03 9.614872e+03 9.903086e+03
9.592361e+03 9.814079e+03 9.591125e+03 9.815315e+03
9.881312e+03 9.814000e+03 9.660084e+03 1.003523e+04
9.753108e+03 9.813973e+03 9.663157e+03 9.903925e+03
9.607846e+03 9.813966e+03 9.537053e+03 9.884759e+03
9.513144e+03 9.813963e+03 9.536159e+03 9.790947e+03
9.627690e+03 9.813963e+03 9.557511e+03 9.884142e+03
9.715520e+03 9.813963e+03 9.602535e+03 9.926947e+03
9.868360e+03 9.813963e+03 9.659887e+03 1.002244e+04
9.733765e+03 9.813963e+03 9.690171e+03 9.857557e+03
9.613451e+03 9.813963e+03 9.631922e+03 9.795492e+03
9.555631e+03 9.813963e+03 9.572823e+03 9.796771e+03
9.554071e+03 9.813963e+03 9.639795e+03 9.728239e+03
9.571841e+03 9.813963e+03 9.587545e+03 9.798259e+03
9.739362e+03 9.813952e+03 9.681402e+03 9.871912e+03
9.708315e+03 9.801872e+03 9.706865e+03 9.803322e+03
9.692416e+03 9.774069e+03 9.659297e+03 9.807189e+03
9.593417e+03 9.749615e+03 9.618386e+03 9.724645e+03
9.630633e+03 9.783120e+03 9.671080e+03 9.742673e+03
9.845337e+03 9.788967e+03 9.733953e+03 9.900351e+03
9.772429e+03 9.795185e+03 9.762678e+03 9.804936e+03
9.561181e+03 9.729757e+03 9.593615e+03 9.697323e+03
9.572326e+03 9.794475e+03 9.648893e+03 9.717909e+03
9.730842e+03 9.792125e+03 9.759836e+03 9.763130e+03
9.714065e+03 9.804387e+03 9.781472e+03 9.736980e+03
9.601307e+03 9.812247e+03 9.654848e+03 9.758706e+03
9.623870e+03 9.818663e+03 9.625044e+03 9.817489e+03
9.778305e+03 9.820319e+03 9.724476e+03 9.874147e+03
9.761438e+03 9.814220e+03 9.781943e+03 9.793716e+03
9.626771e+03 9.793588e+03 9.684002e+03 9.736357e+03
9.556986e+03 9.717660e+03 9.592010e+03 9.682636e+03
9.574866e+03 9.768718e+03 9.683781e+03 9.659803e+03
9.739180e+03 9.793685e+03 9.812548e+03 9.720316e+03
9.725875e+03 9.788241e+03 9.893151e+03 9.620965e+03
9.637552e+03 9.756839e+03 9.777860e+03 9.616531e+03
9.736096e+03 9.695115e+03 9.724287e+03 9.706924e+03
9.723393e+03 9.791525e+03 9.742088e+03 9.772829e+03
9.663492e+03 9.741150e+03 9.681358e+03 9.723284e+03
9.591462e+03 9.611324e+03 9.543811e+03 9.658975e+03
9.786877e+03 9.687650e+03 9.669775e+03 9.804752e+03
9.860854e+03 9.780555e+03 9.823859e+03 9.817550e+03
9.722650e+03 9.719549e+03 9.724438e+03 9.717761e+03
9.715797e+03 9.650805e+03 9.617252e+03 9.749350e+03
9.735463e+03 9.759746e+03 9.713438e+03 9.781771e+03
9.740151e+03 9.747083e+03 9.732488e+03 9.754746e+03
9.698634e+03 9.758345e+03 9.716713e+03 9.740266e+03
9.725911e+03 9.759810e+03 9.697220e+03 9.788501e+03
9.703870e+03 9.800000e+03 9.743509e+03 9.760361e+03
9.755048e+03 9.776875e+03 9.797833e+03 9.734090e+03
9.718809e+03 9.816769e+03 9.834287e+03 9.701290e+03
9.657044e+03 9.796644e+03 9.820189e+03 9.633498e+03
9.763131e+03 9.672595e+03 9.714704e+03 9.721022e+03
9.960126e+03 9.814740e+03 9.824102e+03 9.950763e+03
1.000121e+04 9.763353e+03 9.845324e+03 9.919234e+03
9.934100e+03 9.808773e+03 9.808287e+03 9.934586e+03
9.948447e+03 9.812176e+03 9.834148e+03 9.926475e+03
9.864222e+03 9.817833e+03 9.826969e+03 9.855086e+03
9.846449e+03 9.824527e+03 9.768844e+03 9.902132e+03
9.905113e+03 9.818937e+03 9.937202e+03 9.786848e+03
9.885274e+03 9.820646e+03 9.943422e+03 9.762498e+03
9.892379e+03 9.819572e+03 9.998331e+03 9.713620e+03
9.919884e+03 9.816488e+03 9.943752e+03 9.792620e+03
9.876521e+03 9.814192e+03 9.897161e+03 9.793552e+03
