1.091941e+03 1.083241e+03 1.093041e+03 1.082141e+03
1.100163e+03 1.083241e+03 1.085527e+03 1.097878e+03
1.078315e+03 1.083241e+03 1.074734e+03 1.086823e+03
1.084496e+03 1.083241e+03 1.091162e+03 1.076576e+03
1.078350e+03 1.083241e+03 1.087447e+03 1.074145e+03
1.100093e+03 1.083241e+03 1.093428e+03 1.089906e+03
1.105527e+03 1.083241e+03 1.088497e+03 1.100272e+03
1.106992e+03 1.083241e+03 1.099400e+03 1.090833e+03
1.080824e+03 1.083241e+03 1.086759e+03 1.077306e+03
1.059109e+03 1.083087e+03 1.079049e+03 1.063147e+03
1.091920e+03 1.079898e+03 1.087929e+03 1.083890e+03
1.111700e+03 1.085110e+03 1.096401e+03 1.100409e+03
1.091648e+03 1.086261e+03 1.083892e+03 1.094018e+03
1.078099e+03 1.084253e+03 1.069747e+03 1.092605e+03
1.052636e+03 1.085671e+03 1.083217e+03 1.055091e+03
1.082892e+03 1.083275e+03 1.094356e+03 1.071812e+03
1.073148e+03 1.082924e+03 1.083675e+03 1.072397e+03
1.085215e+03 1.082405e+03 1.081760e+03 1.085860e+03
1.104500e+03 1.084201e+03 1.096554e+03 1.092147e+03
1.065208e+03 1.083694e+03 1.084534e+03 1.064369e+03
1.100111e+03 1.083304e+03 1.098847e+03 1.084568e+03
1.094010e+03 1.083397e+03 1.085555e+03 1.091853e+03
1.068126e+03 1.089704e+03 1.078840e+03 1.078990e+03
1.112702e+03 1.086448e+03 1.092733e+03 1.106417e+03
1.077657e+03 1.090399e+03 1.087100e+03 1.080955e+03
1.073170e+03 1.089471e+03 1.081727e+03 1.080914e+03
1.104249e+03 1.081527e+03 1.096586e+03 1.089190e+03
1.074844e+03 1.083445e+03 1.091106e+03 1.067183e+03
1.059022e+03 1.087163e+03 1.068581e+03 1.077604e+03
1.058694e+03 1.074459e+03 1.071753e+03 1.061400e+03
1.075623e+03 1.072131e+03 1.064935e+03 1.082818e+03
1.083372e+03 1.080283e+03 1.082076e+03 1.081578e+03
1.095646e+03 1.083047e+03 1.077901e+03 1.100792e+03
1.093965e+03 1.083242e+03 1.079380e+03 1.097826e+03
1.066351e+03 1.082828e+03 1.093061e+03 1.056118e+03
1.100656e+03 1.083054e+03 1.091337e+03 1.092374e+03
1.082666e+03 1.081857e+03 1.086270e+03 1.078253e+03
1.090801e+03 1.083844e+03 1.087139e+03 1.087506e+03
1.117759e+03 1.082310e+03 1.096277e+03 1.103792e+03
1.088918e+03 1.063064e+03 1.064814e+03 1.087168e+03
1.101294e+03 1.084974e+03 1.074652e+03 1.111616e+03
1.056782e+03 1.083906e+03 1.075500e+03 1.065188e+03
1.072107e+03 1.083290e+03 1.081785e+03 1.073612e+03
1.069732e+03 1.083054e+03 1.090143e+03 1.062643e+03
1.087761e+03 1.082083e+03 1.075206e+03 1.094637e+03
1.092247e+03 1.082789e+03 1.093011e+03 1.082024e+03
1.074853e+03 1.082795e+03 1.096634e+03 1.061014e+03
1.055781e+03 1.082260e+03 1.079097e+03 1.058945e+03
1.099059e+03 1.087056e+03 1.090612e+03 1.095502e+03
1.089251e+03 1.091714e+03 1.100948e+03 1.080017e+03
1.110260e+03 1.094505e+03 1.080856e+03 1.123909e+03
1.121405e+03 1.078955e+03 1.065659e+03 1.134702e+03
1.071811e+03 1.077914e+03 1.069193e+03 1.080533e+03
1.060194e+03 1.082583e+03 1.079619e+03 1.063159e+03
1.074978e+03 1.066155e+03 1.071679e+03 1.069454e+03
1.077542e+03 1.086555e+03 1.076272e+03 1.087824e+03
1.073659e+03 1.083253e+03 1.075199e+03 1.081712e+03
1.069905e+03 1.082144e+03 1.074871e+03 1.077179e+03
1.086531e+03 1.083259e+03 1.092306e+03 1.077483e+03
1.077800e+03 1.083274e+03 1.084597e+03 1.076477e+03
1.085724e+03 1.083223e+03 1.082874e+03 1.086073e+03
1.062121e+03 1.082428e+03 1.078144e+03 1.066405e+03
1.094460e+03 1.082025e+03 1.088790e+03 1.087695e+03
1.079893e+03 1.082910e+03 1.095882e+03 1.066921e+03
1.073869e+03 1.082857e+03 1.081218e+03 1.075507e+03
1.109770e+03 1.082823e+03 1.102039e+03 1.090555e+03
1.073605e+03 1.083087e+03 1.090866e+03 1.065826e+03
1.115502e+03 1.083187e+03 1.100005e+03 1.098685e+03
1.109653e+03 1.083225e+03 1.099014e+03 1.093865e+03
1.056766e+03 1.083231e+03 1.083365e+03 1.056633e+03
1.098983e+03 1.083237e+03 1.093782e+03 1.088438e+03
1.123022e+03 1.083240e+03 1.097629e+03 1.108633e+03
1.056600e+03 1.083241e+03 1.080042e+03 1.059799e+03
1.098562e+03 1.083241e+03 1.100806e+03 1.080998e+03
1.043434e+03 1.083241e+03 1.071166e+03 1.055509e+03
1.028813e+03 1.083241e+03 1.038105e+03 1.073950e+03
1.109670e+03 1.083241e+03 1.076770e+03 1.116142e+03
1.064097e+03 1.083241e+03 1.057994e+03 1.089344e+03
1.106699e+03 1.083241e+03 1.082137e+03 1.107803e+03
1.086779e+03 1.083241e+03 1.087228e+03 1.082793e+03
1.060911e+03 1.083241e+03 1.073632e+03 1.070520e+03
1.100865e+03 1.083241e+03 1.093227e+03 1.090880e+03
1.099689e+03 1.083241e+03 1.087123e+03 1.095808e+03
1.077797e+03 1.083241e+03 1.090419e+03 1.070619e+03
1.114006e+03 1.083241e+03 1.100182e+03 1.097066e+03
1.086944e+03 1.083241e+03 1.085634e+03 1.084552e+03
1.082890e+03 1.083241e+03 1.081819e+03 1.084312e+03
1.090264e+03 1.083241e+03 1.095818e+03 1.077688e+03
1.069135e+03 1.083241e+03 1.082149e+03 1.070228e+03
1.083529e+03 1.083241e+03 1.087839e+03 1.078932e+03
1.094844e+03 1.083241e+03 1.097836e+03 1.080249e+03
1.093157e+03 1.083241e+03 1.086043e+03 1.090355e+03
1.116228e+03 1.083241e+03 1.100108e+03 1.099361e+03
1.078933e+03 1.083241e+03 1.089840e+03 1.072335e+03
1.096240e+03 1.083241e+03 1.087181e+03 1.092301e+03
1.101344e+03 1.083238e+03 1.095972e+03 1.088611e+03
1.055633e+03 1.084692e+03 1.084652e+03 1.055674e+03
1.091576e+03 1.092681e+03 1.079845e+03 1.104412e+03
1.079351e+03 1.105281e+03 1.097016e+03 1.087616e+03
1.090968e+03 1.096423e+03 1.088730e+03 1.098661e+03
1.107119e+03 1.088782e+03 1.097655e+03 1.098246e+03
1.084581e+03 1.084490e+03 1.088705e+03 1.080365e+03
1.114028e+03 1.082929e+03 1.095534e+03 1.101423e+03
1.077286e+03 1.083127e+03 1.087498e+03 1.072915e+03
1.096538e+03 1.082698e+03 1.082211e+03 1.097026e+03
1.064881e+03 1.082497e+03 1.082928e+03 1.064451e+03
1.086362e+03 1.082257e+03 1.085012e+03 1.083607e+03
1.066237e+03 1.082661e+03 1.066613e+03 1.082285e+03
1.091469e+03 1.086638e+03 1.083977e+03 1.094130e+03
1.067248e+03 1.095160e+03 1.084064e+03 1.078343e+03
1.091878e+03 1.097505e+03 1.085692e+03 1.103691e+03
1.081851e+03 1.088075e+03 1.091188e+03 1.078737e+03
1.059421e+03 1.086239e+03 1.076692e+03 1.068969e+03
1.082865e+03 1.088462e+03 1.090953e+03 1.080374e+03
1.085580e+03 1.093565e+03 1.091189e+03 1.087957e+03
1.081855e+03 1.097573e+03 1.086529e+03 1.092899e+03
1.081848e+03 1.090206e+03 1.089819e+03 1.082236e+03
1.045643e+03 1.097588e+03 1.077404e+03 1.065827e+03
1.113103e+03 1.099682e+03 1.091950e+03 1.120835e+03
1.094428e+03 1.099529e+03 1.099040e+03 1.094917e+03
1.093135e+03 1.093444e+03 1.075924e+03 1.110655e+03
1.131872e+03 1.085465e+03 1.081763e+03 1.135574e+03
1.088492e+03 1.081479e+03 1.082561e+03 1.087410e+03
1.107132e+03 1.079531e+03 1.086987e+03 1.099676e+03
1.063553e+03 1.079420e+03 1.067877e+03 1.075096e+03
1.088337e+03 1.080360e+03 1.069117e+03 1.099579e+03
1.093218e+03 1.084893e+03 1.079489e+03 1.098622e+03
1.071937e+03 1.099491e+03 1.068838e+03 1.102590e+03
1.096914e+03 1.099672e+03 1.087545e+03 1.109040e+03
1.051105e+03 1.093937e+03 1.079260e+03 1.065782e+03
1.077578e+03 1.090776e+03 1.073342e+03 1.095012e+03
1.096239e+03 1.085311e+03 1.085149e+03 1.096401e+03
1.043992e+03 1.083010e+03 1.073834e+03 1.053168e+03
1.108331e+03 1.081300e+03 1.087271e+03 1.102360e+03
1.046056e+03 1.081580e+03 1.083086e+03 1.044550e+03
1.097972e+03 1.081551e+03 1.078061e+03 1.101461e+03
1.097612e+03 1.082204e+03 1.090865e+03 1.088952e+03
1.061451e+03 1.087471e+03 1.079855e+03 1.069067e+03
1.075545e+03 1.097768e+03 1.080132e+03 1.093180e+03
1.078015e+03 1.093971e+03 1.074677e+03 1.097309e+03
1.067560e+03 1.092539e+03 1.067963e+03 1.092136e+03
1.080571e+03 1.088276e+03 1.077414e+03 1.091434e+03
1.102208e+03 1.084439e+03 1.084482e+03 1.102165e+03
1.071706e+03 1.082874e+03 1.088706e+03 1.065874e+03
1.075240e+03 1.082044e+03 1.085596e+03 1.071689e+03
1.083220e+03 1.082722e+03 1.093708e+03 1.072235e+03
1.086089e+03 1.092921e+03 1.086481e+03 1.092529e+03
1.072759e+03 1.097747e+03 1.090966e+03 1.079540e+03
1.091786e+03 1.099977e+03 1.098839e+03 1.092924e+03
1.110711e+03 1.095219e+03 1.087060e+03 1.118869e+03
1.110637e+03 1.101709e+03 1.104407e+03 1.107938e+03
1.121838e+03 1.106422e+03 1.103073e+03 1.125187e+03
1.073751e+03 1.096499e+03 1.089113e+03 1.081136e+03
1.102861e+03 1.098479e+03 1.096693e+03 1.104647e+03
1.122844e+03 1.101389e+03 1.108926e+03 1.115307e+03
1.064884e+03 1.094930e+03 1.089350e+03 1.070463e+03
1.084701e+03 1.088710e+03 1.075343e+03 1.098068e+03
1.108580e+03 1.084907e+03 1.092079e+03 1.101408e+03
1.100312e+03 1.082838e+03 1.080822e+03 1.102327e+03
1.104415e+03 1.081611e+03 1.081403e+03 1.104624e+03
1.079942e+03 1.082035e+03 1.081369e+03 1.080609e+03
1.052991e+03 1.081343e+03 1.071017e+03 1.063316e+03
1.057518e+03 1.083342e+03 1.072696e+03 1.068164e+03
1.044262e+03 1.093472e+03 1.088196e+03 1.049537e+03
1.077996e+03 1.097592e+03 1.095280e+03 1.080308e+03
1.075532e+03 1.094628e+03 1.082652e+03 1.087508e+03
1.100074e+03 1.090376e+03 1.096371e+03 1.094079e+03
1.091931e+03 1.093818e+03 1.093583e+03 1.092166e+03
1.122846e+03 1.095493e+03 1.089301e+03 1.129038e+03
1.085479e+03 1.090657e+03 1.101038e+03 1.075098e+03
1.076388e+03 1.087389e+03 1.083318e+03 1.080458e+03
1.120495e+03 1.083385e+03 1.101843e+03 1.102037e+03
1.079601e+03 1.081974e+03 1.094141e+03 1.067435e+03
1.093237e+03 1.081296e+03 1.095227e+03 1.079305e+03
1.083150e+03 1.081445e+03 1.093288e+03 1.071307e+03
1.078513e+03 1.081889e+03 1.088730e+03 1.071672e+03
1.080134e+03 1.082359e+03 1.088183e+03 1.074310e+03
1.090175e+03 1.088158e+03 1.086238e+03 1.092095e+03
1.100799e+03 1.100628e+03 1.107039e+03 1.094388e+03
1.083475e+03 1.103858e+03 1.097884e+03 1.089449e+03
1.074441e+03 1.094110e+03 1.097953e+03 1.070598e+03
1.128395e+03 1.088896e+03 1.087272e+03 1.130019e+03
1.081305e+03 1.084600e+03 1.082604e+03 1.083301e+03
1.100693e+03 1.082214e+03 1.097733e+03 1.085175e+03
1.121169e+03 1.081246e+03 1.094952e+03 1.107463e+03
1.112227e+03 1.080903e+03 1.101374e+03 1.091756e+03
1.104691e+03 1.083489e+03 1.097337e+03 1.090843e+03
1.076202e+03 1.075782e+03 1.082499e+03 1.069485e+03
1.087853e+03 1.070868e+03 1.068795e+03 1.089927e+03
1.068955e+03 1.082216e+03 1.067161e+03 1.084010e+03
1.128674e+03 1.082144e+03 1.073999e+03 1.136819e+03
1.035776e+03 1.056446e+03 1.059341e+03 1.032881e+03
1.064146e+03 1.056907e+03 1.046479e+03 1.074574e+03
1.058537e+03 1.075355e+03 1.081327e+03 1.052566e+03
1.062802e+03 1.077405e+03 1.078732e+03 1.061474e+03
1.066110e+03 1.083040e+03 1.089265e+03 1.059885e+03
1.074157e+03 1.081541e+03 1.079804e+03 1.075894e+03
1.061845e+03 1.076797e+03 1.068864e+03 1.069778e+03
1.041842e+03 1.069599e+03 1.069209e+03 1.042232e+03
1.063301e+03 1.070984e+03 1.068766e+03 1.065520e+03
1.046896e+03 1.058149e+03 1.078850e+03 1.026194e+03
1.063035e+03 1.045373e+03 1.055169e+03 1.053239e+03
1.099924e+03 1.070898e+03 1.062374e+03 1.108448e+03
1.117588e+03 1.078031e+03 1.084789e+03 1.110829e+03
1.107558e+03 1.080504e+03 1.085890e+03 1.102171e+03
1.131312e+03 1.083735e+03 1.091767e+03 1.123280e+03
1.103660e+03 1.085170e+03 1.088294e+03 1.100536e+03
1.105914e+03 1.084495e+03 1.079490e+03 1.110918e+03
1.110970e+03 1.085374e+03 1.083592e+03 1.112751e+03
1.069680e+03 1.085830e+03 1.078598e+03 1.076912e+03
1.086079e+03 1.083772e+03 1.082739e+03 1.087112e+03
1.056958e+03 1.083397e+03 1.081306e+03 1.059049e+03
1.051921e+03 1.075071e+03 1.063860e+03 1.063133e+03
1.050938e+03 1.066387e+03 1.061530e+03 1.055795e+03
1.046717e+03 1.078693e+03 1.060229e+03 1.065180e+03
1.074856e+03 1.077462e+03 1.079007e+03 1.073311e+03
1.060421e+03 1.079738e+03 1.074823e+03 1.065337e+03
1.048678e+03 1.081966e+03 1.065045e+03 1.065599e+03
1.080524e+03 1.083817e+03 1.075049e+03 1.089292e+03
1.055389e+03 1.076996e+03 1.064280e+03 1.068105e+03
1.055374e+03 1.063087e+03 1.058651e+03 1.059810e+03
1.028771e+03 1.071410e+03 1.071457e+03 1.028723e+03
1.074617e+03 1.071007e+03 1.079737e+03 1.065887e+03
1.053125e+03 1.069364e+03 1.066212e+03 1.056276e+03
1.045994e+03 1.064062e+03 1.067073e+03 1.042983e+03
1.057472e+03 1.075028e+03 1.082881e+03 1.049619e+03
1.097480e+03 1.078586e+03 1.078853e+03 1.097212e+03
1.108727e+03 1.078770e+03 1.075546e+03 1.111950e+03
1.046348e+03 1.071008e+03 1.067185e+03 1.050170e+03
1.100200e+03 1.069616e+03 1.078908e+03 1.090908e+03
1.075021e+03 1.072755e+03 1.062194e+03 1.085582e+03
1.065592e+03 1.076990e+03 1.071431e+03 1.071150e+03
1.097959e+03 1.082279e+03 1.100882e+03 1.079356e+03
1.118226e+03 1.081979e+03 1.083496e+03 1.116709e+03
1.075819e+03 1.074856e+03 1.081425e+03 1.069249e+03
1.042625e+03 1.062718e+03 1.077324e+03 1.028018e+03
1.074233e+03 1.073161e+03 1.071491e+03 1.075902e+03
1.087838e+03 1.077588e+03 1.081064e+03 1.084362e+03
1.110826e+03 1.081831e+03 1.095857e+03 1.096800e+03
1.104276e+03 1.080166e+03 1.093787e+03 1.090655e+03
1.068276e+03 1.076872e+03 1.066859e+03 1.078289e+03
1.081314e+03 1.063180e+03 1.070808e+03 1.073686e+03
1.076313e+03 1.074733e+03 1.083742e+03 1.067305e+03
1.075495e+03 1.079435e+03 1.085663e+03 1.069267e+03
1.084405e+03 1.082080e+03 1.090765e+03 1.075719e+03
1.082563e+03 1.083821e+03 1.089673e+03 1.076710e+03
1.079395e+03 1.084235e+03 1.105431e+03 1.058199e+03
1.062532e+03 1.084630e+03 1.080335e+03 1.066827e+03
1.110427e+03 1.084030e+03 1.084046e+03 1.110410e+03
1.072220e+03 1.084148e+03 1.090815e+03 1.065554e+03
1.112374e+03 1.083646e+03 1.098936e+03 1.097084e+03
1.059059e+03 1.083717e+03 1.091639e+03 1.051136e+03
1.080843e+03 1.083297e+03 1.077360e+03 1.086780e+03
1.101459e+03 1.082911e+03 1.091966e+03 1.092404e+03
1.106132e+03 1.078009e+03 1.090007e+03 1.094134e+03
1.097337e+03 1.069742e+03 1.072102e+03 1.094978e+03
1.095842e+03 1.069947e+03 1.071405e+03 1.094384e+03
1.105603e+03 1.076422e+03 1.092835e+03 1.089190e+03
1.110514e+03 1.079920e+03 1.095851e+03 1.094582e+03
1.088438e+03 1.083042e+03 1.084751e+03 1.086729e+03
1.084524e+03 1.084578e+03 1.093634e+03 1.075469e+03
1.067067e+03 1.084445e+03 1.086544e+03 1.064968e+03
1.073694e+03 1.084212e+03 1.085806e+03 1.072100e+03
1.072914e+03 1.084373e+03 1.076386e+03 1.080902e+03
1.070914e+03 1.083948e+03 1.079530e+03 1.075332e+03
1.090786e+03 1.084016e+03 1.088109e+03 1.086692e+03
1.087518e+03 1.083359e+03 1.087741e+03 1.083136e+03
1.094297e+03 1.083412e+03 1.082690e+03 1.095019e+03
1.095669e+03 1.083395e+03 1.065717e+03 1.113347e+03
1.070328e+03 1.083292e+03 1.078743e+03 1.074876e+03
1.072620e+03 1.083250e+03 1.084262e+03 1.071607e+03
1.072709e+03 1.083248e+03 1.088091e+03 1.067865e+03
1.087629e+03 1.083245e+03 1.075997e+03 1.094877e+03
1.083236e+03 1.083242e+03 1.080634e+03 1.085844e+03
1.096457e+03 1.083241e+03 1.081531e+03 1.098168e+03
1.103289e+03 1.083241e+03 1.066268e+03 1.120262e+03
1.100108e+03 1.083241e+03 1.070563e+03 1.112786e+03
1.084172e+03 1.083241e+03 1.072143e+03 1.095270e+03
1.077717e+03 1.083241e+03 1.084228e+03 1.076730e+03
1.081901e+03 1.083241e+03 1.085368e+03 1.079774e+03
1.114882e+03 1.083241e+03 1.087300e+03 1.110823e+03
1.073771e+03 1.083241e+03 1.081904e+03 1.075108e+03
1.062644e+03 1.083241e+03 1.085083e+03 1.060802e+03
1.067705e+03 1.083241e+03 1.066899e+03 1.084047e+03
1.053845e+03 1.083241e+03 1.066833e+03 1.070254e+03
1.077180e+03 1.083189e+03 1.080076e+03 1.080292e+03
1.059411e+03 1.078208e+03 1.075781e+03 1.061838e+03
1.068917e+03 1.059830e+03 1.068326e+03 1.060421e+03
1.076716e+03 1.071840e+03 1.074003e+03 1.074554e+03
1.059634e+03 1.071041e+03 1.066419e+03 1.064256e+03
1.060154e+03 1.076460e+03 1.071079e+03 1.065535e+03
1.049795e+03 1.081964e+03 1.058442e+03 1.073317e+03
1.044777e+03 1.083347e+03 1.075782e+03 1.052342e+03
