1.300327e+03 1.440640e+03 1.370124e+03 1.370844e+03
1.331535e+03 1.440640e+03 1.333792e+03 1.438384e+03
1.250403e+03 1.440640e+03 1.361593e+03 1.329451e+03
1.294285e+03 1.440177e+03 1.357830e+03 1.376632e+03
1.301105e+03 1.438679e+03 1.373163e+03 1.366622e+03
1.274982e+03 1.422761e+03 1.323113e+03 1.374630e+03
1.330491e+03 1.437101e+03 1.356790e+03 1.410801e+03
1.387557e+03 1.441145e+03 1.335106e+03 1.493597e+03
1.416457e+03 1.440063e+03 1.377775e+03 1.478744e+03
1.417404e+03 1.440379e+03 1.404085e+03 1.453698e+03
1.376318e+03 1.435364e+03 1.404829e+03 1.406852e+03
1.361579e+03 1.443603e+03 1.380507e+03 1.424676e+03
1.357294e+03 1.445401e+03 1.388373e+03 1.414322e+03
1.451055e+03 1.442488e+03 1.447191e+03 1.446352e+03
1.514364e+03 1.452188e+03 1.436415e+03 1.530136e+03
1.457042e+03 1.444056e+03 1.429756e+03 1.471343e+03
1.495442e+03 1.442337e+03 1.448218e+03 1.489560e+03
1.505613e+03 1.444090e+03 1.409189e+03 1.540514e+03
1.339216e+03 1.433989e+03 1.387482e+03 1.385723e+03
1.530954e+03 1.437153e+03 1.418522e+03 1.549586e+03
1.416930e+03 1.440272e+03 1.416974e+03 1.440228e+03
1.470703e+03 1.441510e+03 1.467686e+03 1.444527e+03
1.487616e+03 1.451037e+03 1.472431e+03 1.466221e+03
1.506060e+03 1.445688e+03 1.438668e+03 1.513080e+03
1.398156e+03 1.451722e+03 1.403211e+03 1.446668e+03
1.450966e+03 1.449954e+03 1.455735e+03 1.445184e+03
1.364394e+03 1.438302e+03 1.402456e+03 1.400240e+03
1.385369e+03 1.440866e+03 1.450156e+03 1.376078e+03
1.483806e+03 1.446923e+03 1.476820e+03 1.453909e+03
1.526558e+03 1.426308e+03 1.483287e+03 1.469578e+03
1.504378e+03 1.422452e+03 1.486071e+03 1.440759e+03
1.457307e+03 1.435793e+03 1.419824e+03 1.473276e+03
1.375443e+03 1.440232e+03 1.432103e+03 1.383572e+03
1.421029e+03 1.440042e+03 1.428902e+03 1.432168e+03
1.393887e+03 1.443713e+03 1.422938e+03 1.414662e+03
1.457267e+03 1.441328e+03 1.447869e+03 1.450726e+03
1.617977e+03 1.442596e+03 1.425084e+03 1.635489e+03
1.457397e+03 1.442148e+03 1.446166e+03 1.453379e+03
1.393188e+03 1.439108e+03 1.419529e+03 1.412768e+03
1.508621e+03 1.408409e+03 1.517105e+03 1.399925e+03
1.547819e+03 1.443370e+03 1.485785e+03 1.505403e+03
1.416042e+03 1.442178e+03 1.485773e+03 1.372447e+03
1.406126e+03 1.440976e+03 1.469606e+03 1.377495e+03
1.409489e+03 1.446391e+03 1.446379e+03 1.409501e+03
1.575777e+03 1.445039e+03 1.469574e+03 1.551242e+03
1.446842e+03 1.442946e+03 1.448266e+03 1.441521e+03
1.423459e+03 1.443818e+03 1.399855e+03 1.467422e+03
1.497585e+03 1.447572e+03 1.504551e+03 1.440606e+03
1.489085e+03 1.450098e+03 1.462498e+03 1.476685e+03
1.370510e+03 1.454961e+03 1.434906e+03 1.390565e+03
1.395418e+03 1.458621e+03 1.457480e+03 1.396559e+03
1.489445e+03 1.434119e+03 1.487865e+03 1.435699e+03
1.511276e+03 1.433215e+03 1.529025e+03 1.415465e+03
1.447805e+03 1.439640e+03 1.454433e+03 1.433012e+03
1.510864e+03 1.413379e+03 1.509683e+03 1.414559e+03
1.451519e+03 1.445974e+03 1.466380e+03 1.431113e+03
1.483542e+03 1.440660e+03 1.471069e+03 1.453132e+03
1.411191e+03 1.435723e+03 1.466119e+03 1.380796e+03
1.430105e+03 1.438315e+03 1.420912e+03 1.447508e+03
1.456193e+03 1.440494e+03 1.439784e+03 1.456904e+03
1.482274e+03 1.440656e+03 1.434843e+03 1.488087e+03
1.496769e+03 1.440086e+03 1.471191e+03 1.465664e+03
1.494011e+03 1.439877e+03 1.459560e+03 1.474328e+03
1.461546e+03 1.442903e+03 1.453468e+03 1.450980e+03
1.482354e+03 1.447673e+03 1.492131e+03 1.437896e+03
1.492932e+03 1.451310e+03 1.485590e+03 1.458652e+03
1.462983e+03 1.448214e+03 1.484451e+03 1.426745e+03
1.487302e+03 1.449551e+03 1.504531e+03 1.432322e+03
1.429403e+03 1.446511e+03 1.423745e+03 1.452168e+03
1.490831e+03 1.445487e+03 1.546963e+03 1.389355e+03
1.448171e+03 1.442489e+03 1.440129e+03 1.450531e+03
1.455129e+03 1.440608e+03 1.448924e+03 1.446813e+03
1.505434e+03 1.442508e+03 1.498928e+03 1.449014e+03
1.461895e+03 1.445276e+03 1.494937e+03 1.412234e+03
1.279444e+03 1.440452e+03 1.363256e+03 1.356640e+03
1.406575e+03 1.443760e+03 1.431640e+03 1.418696e+03
1.464526e+03 1.439786e+03 1.478737e+03 1.425575e+03
1.467437e+03 1.442945e+03 1.464011e+03 1.446370e+03
1.452007e+03 1.445960e+03 1.435312e+03 1.462655e+03
1.387752e+03 1.440232e+03 1.389718e+03 1.438266e+03
1.466654e+03 1.439712e+03 1.425887e+03 1.480479e+03
1.381867e+03 1.441912e+03 1.391371e+03 1.432408e+03
1.339459e+03 1.444335e+03 1.389023e+03 1.394771e+03
1.466413e+03 1.445438e+03 1.429819e+03 1.482033e+03
1.367312e+03 1.446207e+03 1.362613e+03 1.450907e+03
1.301987e+03 1.441871e+03 1.367282e+03 1.376577e+03
1.433476e+03 1.439991e+03 1.419494e+03 1.453973e+03
1.372968e+03 1.439399e+03 1.413715e+03 1.398652e+03
1.481814e+03 1.442923e+03 1.464774e+03 1.459963e+03
1.400013e+03 1.443458e+03 1.400759e+03 1.442712e+03
1.412632e+03 1.441809e+03 1.401169e+03 1.453272e+03
1.387964e+03 1.441003e+03 1.389513e+03 1.439454e+03
1.456587e+03 1.440396e+03 1.360649e+03 1.536334e+03
1.352442e+03 1.439800e+03 1.359289e+03 1.432952e+03
1.309130e+03 1.440656e+03 1.397869e+03 1.351917e+03
1.522332e+03 1.440929e+03 1.383446e+03 1.579816e+03
1.429692e+03 1.442733e+03 1.477924e+03 1.394501e+03
1.399157e+03 1.455853e+03 1.393336e+03 1.461673e+03
1.399810e+03 1.476533e+03 1.370085e+03 1.506257e+03
1.411205e+03 1.462157e+03 1.406261e+03 1.467100e+03
1.329723e+03 1.449684e+03 1.372725e+03 1.406682e+03
1.378717e+03 1.442674e+03 1.378466e+03 1.442926e+03
1.382072e+03 1.442007e+03 1.451285e+03 1.372794e+03
1.488548e+03 1.441237e+03 1.398162e+03 1.531623e+03
1.526377e+03 1.443686e+03 1.443294e+03 1.526769e+03
1.356546e+03 1.443824e+03 1.422689e+03 1.377680e+03
1.432018e+03 1.443026e+03 1.460453e+03 1.414591e+03
1.515942e+03 1.440882e+03 1.466707e+03 1.490116e+03
1.467510e+03 1.445988e+03 1.422355e+03 1.491143e+03
1.414381e+03 1.459490e+03 1.379757e+03 1.494114e+03
1.490748e+03 1.463243e+03 1.432180e+03 1.521811e+03
1.402068e+03 1.448233e+03 1.391374e+03 1.458927e+03
1.423797e+03 1.445250e+03 1.450890e+03 1.418158e+03
1.451050e+03 1.448916e+03 1.424665e+03 1.475301e+03
1.361212e+03 1.457456e+03 1.402143e+03 1.416525e+03
1.431234e+03 1.464093e+03 1.454542e+03 1.440784e+03
1.421190e+03 1.452052e+03 1.388182e+03 1.485060e+03
1.465456e+03 1.464203e+03 1.491465e+03 1.438194e+03
1.448150e+03 1.467665e+03 1.415196e+03 1.500619e+03
1.403364e+03 1.467420e+03 1.425452e+03 1.445332e+03
1.488207e+03 1.460027e+03 1.501548e+03 1.446685e+03
1.454146e+03 1.455123e+03 1.456431e+03 1.452838e+03
1.590828e+03 1.460750e+03 1.581217e+03 1.470361e+03
1.469201e+03 1.450364e+03 1.536977e+03 1.382588e+03
1.500407e+03 1.442029e+03 1.518371e+03 1.424065e+03
1.487104e+03 1.438188e+03 1.521264e+03 1.404027e+03
1.431140e+03 1.443205e+03 1.416352e+03 1.457993e+03
1.576895e+03 1.466262e+03 1.517778e+03 1.525379e+03
1.486326e+03 1.466661e+03 1.447834e+03 1.505153e+03
1.460093e+03 1.457447e+03 1.397217e+03 1.520323e+03
1.633331e+03 1.452238e+03 1.532089e+03 1.553479e+03
1.407585e+03 1.443625e+03 1.425067e+03 1.426144e+03
1.430736e+03 1.441724e+03 1.460033e+03 1.412427e+03
1.545324e+03 1.450101e+03 1.543859e+03 1.451566e+03
1.403241e+03 1.449975e+03 1.441345e+03 1.411870e+03
1.547718e+03 1.448154e+03 1.562472e+03 1.433400e+03
1.408001e+03 1.443436e+03 1.438787e+03 1.412650e+03
1.421934e+03 1.449539e+03 1.444504e+03 1.426970e+03
1.526532e+03 1.464432e+03 1.453204e+03 1.537759e+03
1.348937e+03 1.457756e+03 1.415012e+03 1.391682e+03
1.451403e+03 1.455327e+03 1.488939e+03 1.417791e+03
1.334268e+03 1.452909e+03 1.472747e+03 1.314429e+03
1.341353e+03 1.449859e+03 1.437365e+03 1.353847e+03
1.423088e+03 1.448568e+03 1.436094e+03 1.435563e+03
1.342552e+03 1.443730e+03 1.354383e+03 1.431898e+03
1.397020e+03 1.442444e+03 1.436621e+03 1.402842e+03
1.381585e+03 1.456973e+03 1.387749e+03 1.450809e+03
1.354278e+03 1.463943e+03 1.320075e+03 1.498147e+03
1.443776e+03 1.466933e+03 1.439328e+03 1.471381e+03
1.386636e+03 1.459280e+03 1.421466e+03 1.424451e+03
1.339366e+03 1.470169e+03 1.416841e+03 1.392694e+03
1.529100e+03 1.478045e+03 1.478861e+03 1.528283e+03
1.410867e+03 1.462055e+03 1.420831e+03 1.452090e+03
1.464094e+03 1.465470e+03 1.444549e+03 1.485015e+03
1.522659e+03 1.470387e+03 1.458594e+03 1.534453e+03
1.436543e+03 1.459827e+03 1.450092e+03 1.446277e+03
1.605896e+03 1.450435e+03 1.542128e+03 1.514203e+03
1.507612e+03 1.449470e+03 1.506697e+03 1.450385e+03
1.506220e+03 1.446187e+03 1.456803e+03 1.495605e+03
1.556750e+03 1.445465e+03 1.553687e+03 1.448528e+03
1.505294e+03 1.441315e+03 1.459254e+03 1.487354e+03
1.417991e+03 1.439279e+03 1.476000e+03 1.381270e+03
1.538906e+03 1.440840e+03 1.491489e+03 1.488257e+03
1.527983e+03 1.456713e+03 1.476094e+03 1.508602e+03
1.484356e+03 1.463373e+03 1.431970e+03 1.515759e+03
1.519522e+03 1.458577e+03 1.481281e+03 1.496817e+03
1.467187e+03 1.451945e+03 1.417869e+03 1.501263e+03
1.449460e+03 1.457758e+03 1.400164e+03 1.507054e+03
1.410752e+03 1.460592e+03 1.411408e+03 1.459937e+03
1.361877e+03 1.452729e+03 1.380018e+03 1.434588e+03
1.405435e+03 1.447478e+03 1.440302e+03 1.412611e+03
1.424172e+03 1.444853e+03 1.435147e+03 1.433878e+03
1.379094e+03 1.447086e+03 1.393138e+03 1.433042e+03
1.456135e+03 1.447312e+03 1.495154e+03 1.408293e+03
1.464083e+03 1.443821e+03 1.461717e+03 1.446188e+03
1.435917e+03 1.441086e+03 1.425640e+03 1.451363e+03
1.519222e+03 1.439859e+03 1.475021e+03 1.484061e+03
1.505644e+03 1.448265e+03 1.434912e+03 1.518998e+03
1.426905e+03 1.468154e+03 1.432195e+03 1.462863e+03
1.447087e+03 1.473272e+03 1.458670e+03 1.461689e+03
1.431311e+03 1.457663e+03 1.433285e+03 1.455689e+03
1.448236e+03 1.449269e+03 1.510895e+03 1.386610e+03
1.411574e+03 1.442550e+03 1.423326e+03 1.430798e+03
1.409432e+03 1.444501e+03 1.466593e+03 1.387340e+03
1.431169e+03 1.451611e+03 1.476870e+03 1.405910e+03
1.435176e+03 1.453157e+03 1.438404e+03 1.449929e+03
1.389559e+03 1.437032e+03 1.405187e+03 1.421404e+03
1.381008e+03 1.425723e+03 1.427280e+03 1.379451e+03
1.468631e+03 1.419682e+03 1.445276e+03 1.443037e+03
1.313338e+03 1.438985e+03 1.383439e+03 1.368884e+03
1.451923e+03 1.438925e+03 1.416388e+03 1.474460e+03
1.480342e+03 1.398140e+03 1.426629e+03 1.451854e+03
1.477555e+03 1.398589e+03 1.414543e+03 1.461601e+03
1.270646e+03 1.428092e+03 1.299614e+03 1.399123e+03
1.287579e+03 1.431519e+03 1.348183e+03 1.370915e+03
1.317701e+03 1.440399e+03 1.310079e+03 1.448021e+03
1.334576e+03 1.437927e+03 1.357149e+03 1.415354e+03
1.195275e+03 1.430070e+03 1.353716e+03 1.271628e+03
1.180720e+03 1.418226e+03 1.390098e+03 1.208848e+03
1.506576e+03 1.420494e+03 1.390606e+03 1.536464e+03
1.475445e+03 1.399384e+03 1.344414e+03 1.530416e+03
1.568036e+03 1.378370e+03 1.337614e+03 1.608792e+03
1.376224e+03 1.420343e+03 1.355407e+03 1.441159e+03
1.201234e+03 1.432072e+03 1.298890e+03 1.334417e+03
1.311289e+03 1.435306e+03 1.344835e+03 1.401760e+03
1.361263e+03 1.435912e+03 1.329403e+03 1.467771e+03
1.318617e+03 1.431996e+03 1.277347e+03 1.473265e+03
1.343738e+03 1.437178e+03 1.370814e+03 1.410102e+03
1.399018e+03 1.438177e+03 1.338623e+03 1.498572e+03
1.307590e+03 1.441120e+03 1.364111e+03 1.384600e+03
1.454999e+03 1.441407e+03 1.423702e+03 1.472703e+03
1.509952e+03 1.441754e+03 1.470314e+03 1.481392e+03
1.556113e+03 1.428247e+03 1.564561e+03 1.419799e+03
1.615357e+03 1.413882e+03 1.541489e+03 1.487750e+03
1.501418e+03 1.433377e+03 1.529403e+03 1.405391e+03
1.539573e+03 1.430424e+03 1.545673e+03 1.424324e+03
1.525745e+03 1.427397e+03 1.522640e+03 1.430503e+03
1.526759e+03 1.417937e+03 1.534034e+03 1.410662e+03
1.572188e+03 1.435359e+03 1.537282e+03 1.470265e+03
1.570858e+03 1.424709e+03 1.594974e+03 1.400593e+03
1.602382e+03 1.405458e+03 1.600332e+03 1.407508e+03
1.575620e+03 1.421261e+03 1.633871e+03 1.363010e+03
1.594992e+03 1.421463e+03 1.590137e+03 1.426318e+03
1.574524e+03 1.418747e+03 1.611066e+03 1.382205e+03
1.563935e+03 1.410055e+03 1.555158e+03 1.418832e+03
1.557959e+03 1.427558e+03 1.516383e+03 1.469133e+03
1.622960e+03 1.433318e+03 1.531302e+03 1.524977e+03
1.527583e+03 1.433571e+03 1.505436e+03 1.455718e+03
1.585929e+03 1.420657e+03 1.607263e+03 1.399324e+03
1.497087e+03 1.418291e+03 1.521642e+03 1.393736e+03
1.533774e+03 1.423425e+03 1.553244e+03 1.403955e+03
1.485599e+03 1.430376e+03 1.493438e+03 1.422538e+03
1.567430e+03 1.439062e+03 1.522365e+03 1.484127e+03
1.536624e+03 1.438566e+03 1.571100e+03 1.404090e+03
1.538187e+03 1.426851e+03 1.537615e+03 1.427423e+03
1.563861e+03 1.406890e+03 1.610572e+03 1.360179e+03
1.533599e+03 1.424063e+03 1.552096e+03 1.405566e+03
1.525148e+03 1.431343e+03 1.494564e+03 1.461927e+03
1.459041e+03 1.438321e+03 1.507971e+03 1.389391e+03
1.439223e+03 1.435582e+03 1.498693e+03 1.376112e+03
1.512522e+03 1.430166e+03 1.588494e+03 1.354194e+03
1.469829e+03 1.407649e+03 1.548781e+03 1.328697e+03
1.568180e+03 1.426649e+03 1.543877e+03 1.450951e+03
1.518748e+03 1.434380e+03 1.497738e+03 1.455390e+03
1.482105e+03 1.438728e+03 1.537851e+03 1.382982e+03
1.487607e+03 1.439804e+03 1.532977e+03 1.394434e+03
1.503309e+03 1.436371e+03 1.521879e+03 1.417802e+03
1.541093e+03 1.433402e+03 1.532180e+03 1.442315e+03
1.566722e+03 1.437372e+03 1.515046e+03 1.489048e+03
1.540347e+03 1.438433e+03 1.489178e+03 1.489601e+03
1.582527e+03 1.438527e+03 1.537851e+03 1.483203e+03
1.460551e+03 1.428962e+03 1.483460e+03 1.406053e+03
1.546510e+03 1.437849e+03 1.518250e+03 1.466108e+03
1.540139e+03 1.436866e+03 1.496613e+03 1.480392e+03
1.542345e+03 1.430619e+03 1.552024e+03 1.420940e+03
1.521390e+03 1.418188e+03 1.537230e+03 1.402348e+03
1.442872e+03 1.419473e+03 1.500031e+03 1.362314e+03
1.473459e+03 1.430366e+03 1.481865e+03 1.421960e+03
1.457579e+03 1.435216e+03 1.485638e+03 1.407157e+03
1.389918e+03 1.437298e+03 1.480257e+03 1.346959e+03
1.481354e+03 1.428589e+03 1.437229e+03 1.472714e+03
1.472544e+03 1.435925e+03 1.445113e+03 1.463356e+03
1.510674e+03 1.439235e+03 1.401379e+03 1.548530e+03
1.516234e+03 1.438696e+03 1.480208e+03 1.474722e+03
1.522644e+03 1.433350e+03 1.445276e+03 1.510718e+03
1.479266e+03 1.424328e+03 1.441839e+03 1.461755e+03
1.549334e+03 1.437513e+03 1.433742e+03 1.553105e+03
1.440031e+03 1.430146e+03 1.428272e+03 1.441905e+03
1.399491e+03 1.410909e+03 1.394096e+03 1.416303e+03
1.422793e+03 1.422033e+03 1.392301e+03 1.452525e+03
1.475700e+03 1.435711e+03 1.443000e+03 1.468411e+03
1.397324e+03 1.426680e+03 1.390868e+03 1.433136e+03
1.366748e+03 1.416504e+03 1.362835e+03 1.420417e+03
1.409301e+03 1.432618e+03 1.373512e+03 1.468408e+03
1.380763e+03 1.430744e+03 1.386006e+03 1.425501e+03
1.384435e+03 1.432411e+03 1.384352e+03 1.432494e+03
1.322988e+03 1.432627e+03 1.337073e+03 1.418542e+03
1.387649e+03 1.438574e+03 1.338642e+03 1.487582e+03
1.288570e+03 1.435152e+03 1.281817e+03 1.441905e+03
1.402217e+03 1.441055e+03 1.358804e+03 1.484469e+03
1.195097e+03 1.438078e+03 1.333125e+03 1.300050e+03
1.089049e+03 1.419722e+03 1.237365e+03 1.271406e+03
1.182819e+03 1.440755e+03 1.218715e+03 1.404859e+03
1.174544e+03 1.433152e+03 1.251710e+03 1.355986e+03
1.233404e+03 1.439872e+03 1.279339e+03 1.393937e+03
1.292737e+03 1.440289e+03 1.251020e+03 1.482006e+03
1.301498e+03 1.432936e+03 1.342241e+03 1.392193e+03
1.327524e+03 1.403703e+03 1.353941e+03 1.377286e+03
1.342742e+03 1.422627e+03 1.340659e+03 1.424711e+03
1.353733e+03 1.421566e+03 1.343914e+03 1.431386e+03
1.302469e+03 1.430319e+03 1.310200e+03 1.422588e+03
1.359176e+03 1.438913e+03 1.313761e+03 1.484328e+03
1.331768e+03 1.440847e+03 1.290989e+03 1.481626e+03
