1.052289e+04 1.048979e+04 1.053036e+04 1.048232e+04
1.044054e+04 1.045682e+04 1.045987e+04 1.043749e+04
1.041703e+04 1.045597e+04 1.041295e+04 1.046005e+04
1.044280e+04 1.044620e+04 1.043811e+04 1.045089e+04
1.045949e+04 1.045262e+04 1.046480e+04 1.044731e+04
1.043812e+04 1.041197e+04 1.044905e+04 1.040104e+04
1.040827e+04 1.044847e+04 1.045958e+04 1.039716e+04
1.043925e+04 1.046396e+04 1.046849e+04 1.043473e+04
1.045103e+04 1.045080e+04 1.046164e+04 1.044020e+04
1.047432e+04 1.045755e+04 1.045674e+04 1.047513e+04
1.046139e+04 1.045165e+04 1.047350e+04 1.043954e+04
1.047617e+04 1.046408e+04 1.048544e+04 1.045480e+04
1.048933e+04 1.046760e+04 1.048940e+04 1.046753e+04
1.051802e+04 1.046499e+04 1.052059e+04 1.046242e+04
1.051367e+04 1.048818e+04 1.053455e+04 1.046730e+04
1.049271e+04 1.047024e+04 1.049812e+04 1.046482e+04
1.048789e+04 1.046928e+04 1.046586e+04 1.049130e+04
1.050475e+04 1.047758e+04 1.045567e+04 1.052666e+04
1.052770e+04 1.043973e+04 1.048645e+04 1.048098e+04
1.054924e+04 1.044763e+04 1.052608e+04 1.047079e+04
1.057413e+04 1.045799e+04 1.057311e+04 1.045902e+04
1.053982e+04 1.047217e+04 1.056694e+04 1.044505e+04
1.053572e+04 1.048161e+04 1.050944e+04 1.050789e+04
1.055981e+04 1.046656e+04 1.048853e+04 1.053784e+04
1.055533e+04 1.047611e+04 1.048852e+04 1.054292e+04
1.058205e+04 1.048434e+04 1.054473e+04 1.052167e+04
1.059929e+04 1.044444e+04 1.053880e+04 1.050492e+04
1.060750e+04 1.046638e+04 1.060495e+04 1.046893e+04
1.058327e+04 1.047511e+04 1.059027e+04 1.046810e+04
1.050666e+04 1.044325e+04 1.057778e+04 1.037213e+04
1.042967e+04 1.043460e+04 1.049719e+04 1.036708e+04
1.040758e+04 1.044807e+04 1.042616e+04 1.042949e+04
1.038920e+04 1.045843e+04 1.040279e+04 1.044484e+04
1.038616e+04 1.045837e+04 1.039233e+04 1.045221e+04
1.037272e+04 1.047097e+04 1.040393e+04 1.043976e+04
1.041456e+04 1.046427e+04 1.043562e+04 1.044321e+04
1.044520e+04 1.048909e+04 1.047081e+04 1.046347e+04
1.049275e+04 1.047033e+04 1.051399e+04 1.044910e+04
1.050800e+04 1.045849e+04 1.051578e+04 1.045071e+04
1.053512e+04 1.042313e+04 1.053700e+04 1.042125e+04
1.052771e+04 1.046523e+04 1.052806e+04 1.046488e+04
1.047479e+04 1.046417e+04 1.049358e+04 1.044537e+04
1.040979e+04 1.046151e+04 1.042247e+04 1.044883e+04
1.037982e+04 1.047997e+04 1.040206e+04 1.045773e+04
1.043687e+04 1.048810e+04 1.041266e+04 1.051231e+04
1.047877e+04 1.046979e+04 1.043317e+04 1.051539e+04
1.048638e+04 1.047097e+04 1.046068e+04 1.049667e+04
1.055873e+04 1.049330e+04 1.053080e+04 1.052124e+04
1.057009e+04 1.048785e+04 1.054721e+04 1.051072e+04
1.060021e+04 1.047833e+04 1.055070e+04 1.052783e+04
1.060764e+04 1.048209e+04 1.055419e+04 1.053555e+04
1.053377e+04 1.044842e+04 1.053633e+04 1.044586e+04
1.046466e+04 1.042994e+04 1.050183e+04 1.039277e+04
1.037936e+04 1.045844e+04 1.041854e+04 1.041927e+04
1.039142e+04 1.042760e+04 1.040578e+04 1.041324e+04
1.041388e+04 1.046799e+04 1.039689e+04 1.048498e+04
1.040551e+04 1.046077e+04 1.039578e+04 1.047050e+04
1.038823e+04 1.044857e+04 1.039016e+04 1.044664e+04
1.038048e+04 1.045426e+04 1.039908e+04 1.043567e+04
1.041574e+04 1.046001e+04 1.043408e+04 1.044167e+04
1.042497e+04 1.046105e+04 1.045513e+04 1.043090e+04
1.045473e+04 1.047589e+04 1.046199e+04 1.046863e+04
1.045579e+04 1.049017e+04 1.044293e+04 1.050302e+04
1.048443e+04 1.047267e+04 1.047085e+04 1.048625e+04
1.051819e+04 1.048371e+04 1.050934e+04 1.049255e+04
1.055904e+04 1.050630e+04 1.054706e+04 1.051827e+04
1.052895e+04 1.049391e+04 1.057078e+04 1.045208e+04
1.054640e+04 1.048535e+04 1.058044e+04 1.045130e+04
1.051926e+04 1.047814e+04 1.055187e+04 1.044553e+04
1.060343e+04 1.048547e+04 1.060440e+04 1.048450e+04
1.054735e+04 1.048702e+04 1.055790e+04 1.047647e+04
1.057561e+04 1.048466e+04 1.058804e+04 1.047223e+04
1.057912e+04 1.048721e+04 1.058949e+04 1.047684e+04
1.059046e+04 1.047732e+04 1.058958e+04 1.047820e+04
1.044055e+04 1.046012e+04 1.047018e+04 1.043049e+04
1.049212e+04 1.047639e+04 1.049177e+04 1.047674e+04
1.055890e+04 1.045157e+04 1.051973e+04 1.049074e+04
1.047421e+04 1.047382e+04 1.045013e+04 1.049790e+04
1.043061e+04 1.047676e+04 1.042373e+04 1.048364e+04
1.041001e+04 1.045935e+04 1.039020e+04 1.047916e+04
1.040814e+04 1.045512e+04 1.037986e+04 1.048340e+04
1.037358e+04 1.047741e+04 1.036700e+04 1.048398e+04
1.037631e+04 1.047867e+04 1.037144e+04 1.048354e+04
1.042286e+04 1.047511e+04 1.039946e+04 1.049851e+04
1.048330e+04 1.048147e+04 1.042202e+04 1.054275e+04
1.052058e+04 1.046962e+04 1.046130e+04 1.052889e+04
1.056973e+04 1.045274e+04 1.049751e+04 1.052496e+04
1.056591e+04 1.045565e+04 1.053859e+04 1.048297e+04
1.049769e+04 1.046757e+04 1.050797e+04 1.045729e+04
1.039046e+04 1.047233e+04 1.044581e+04 1.041698e+04
1.036449e+04 1.047086e+04 1.041069e+04 1.042466e+04
1.034560e+04 1.047341e+04 1.040196e+04 1.041705e+04
1.038998e+04 1.047555e+04 1.042168e+04 1.044386e+04
1.042577e+04 1.048470e+04 1.045354e+04 1.045692e+04
1.044978e+04 1.046030e+04 1.046765e+04 1.044244e+04
1.042303e+04 1.045163e+04 1.048454e+04 1.039011e+04
1.048320e+04 1.047321e+04 1.053951e+04 1.041690e+04
1.042368e+04 1.048135e+04 1.045909e+04 1.044594e+04
1.042811e+04 1.050099e+04 1.042575e+04 1.050336e+04
1.046289e+04 1.049533e+04 1.043964e+04 1.051858e+04
1.050185e+04 1.049023e+04 1.047438e+04 1.051771e+04
1.052779e+04 1.048206e+04 1.050500e+04 1.050485e+04
1.057538e+04 1.048740e+04 1.056382e+04 1.049895e+04
1.056612e+04 1.046339e+04 1.055669e+04 1.047281e+04
1.061657e+04 1.047164e+04 1.058566e+04 1.050255e+04
1.063586e+04 1.047807e+04 1.057630e+04 1.053763e+04
1.060013e+04 1.049240e+04 1.056341e+04 1.052911e+04
1.047827e+04 1.049043e+04 1.048806e+04 1.048064e+04
1.043071e+04 1.049584e+04 1.042058e+04 1.050597e+04
1.045091e+04 1.048758e+04 1.041197e+04 1.052652e+04
1.048209e+04 1.048682e+04 1.045929e+04 1.050962e+04
1.052063e+04 1.047326e+04 1.048616e+04 1.050773e+04
1.055708e+04 1.047621e+04 1.056086e+04 1.047244e+04
1.056849e+04 1.048424e+04 1.055878e+04 1.049396e+04
1.053670e+04 1.048212e+04 1.056598e+04 1.045284e+04
1.053919e+04 1.048993e+04 1.058101e+04 1.044811e+04
1.049915e+04 1.048236e+04 1.055330e+04 1.042821e+04
1.056107e+04 1.049511e+04 1.059672e+04 1.045946e+04
1.055970e+04 1.048991e+04 1.057867e+04 1.047094e+04
1.057366e+04 1.049782e+04 1.062160e+04 1.044988e+04
1.059129e+04 1.050733e+04 1.062743e+04 1.047118e+04
1.058672e+04 1.049956e+04 1.059857e+04 1.048771e+04
1.062895e+04 1.052388e+04 1.063383e+04 1.051900e+04
1.065112e+04 1.052027e+04 1.063626e+04 1.053513e+04
1.064675e+04 1.051715e+04 1.063587e+04 1.052803e+04
1.061532e+04 1.051053e+04 1.061603e+04 1.050982e+04
1.052441e+04 1.049928e+04 1.053963e+04 1.048407e+04
1.055079e+04 1.050166e+04 1.056478e+04 1.048767e+04
1.054961e+04 1.049124e+04 1.054253e+04 1.049831e+04
1.052071e+04 1.048774e+04 1.051561e+04 1.049284e+04
1.052911e+04 1.049790e+04 1.055552e+04 1.047148e+04
1.056055e+04 1.049121e+04 1.052129e+04 1.053047e+04
1.059271e+04 1.049440e+04 1.055258e+04 1.053454e+04
1.061217e+04 1.050780e+04 1.053973e+04 1.058025e+04
1.053735e+04 1.049396e+04 1.048848e+04 1.054283e+04
1.053350e+04 1.049904e+04 1.052113e+04 1.051141e+04
1.051161e+04 1.049315e+04 1.049370e+04 1.051105e+04
1.051407e+04 1.050149e+04 1.050668e+04 1.050888e+04
1.053105e+04 1.049278e+04 1.050753e+04 1.051630e+04
1.050201e+04 1.048065e+04 1.048139e+04 1.050127e+04
1.046142e+04 1.048573e+04 1.045279e+04 1.049436e+04
1.036911e+04 1.048844e+04 1.039259e+04 1.046497e+04
1.031406e+04 1.048244e+04 1.035624e+04 1.044026e+04
1.034039e+04 1.048831e+04 1.037546e+04 1.045324e+04
1.038109e+04 1.048820e+04 1.037013e+04 1.049916e+04
1.042126e+04 1.049520e+04 1.044147e+04 1.047499e+04
1.040221e+04 1.049354e+04 1.042267e+04 1.047309e+04
1.039880e+04 1.048833e+04 1.042138e+04 1.046576e+04
1.048930e+04 1.049903e+04 1.048644e+04 1.050188e+04
1.052265e+04 1.049412e+04 1.048008e+04 1.053668e+04
1.054459e+04 1.049428e+04 1.049171e+04 1.054716e+04
1.056382e+04 1.050261e+04 1.053160e+04 1.053483e+04
1.049133e+04 1.049816e+04 1.052101e+04 1.046849e+04
1.044103e+04 1.050082e+04 1.054134e+04 1.040051e+04
1.045083e+04 1.049397e+04 1.055764e+04 1.038715e+04
1.047093e+04 1.048647e+04 1.054018e+04 1.041722e+04
1.048967e+04 1.048377e+04 1.055689e+04 1.041655e+04
1.052196e+04 1.048529e+04 1.054027e+04 1.046699e+04
1.048651e+04 1.047767e+04 1.050632e+04 1.045786e+04
1.051724e+04 1.048708e+04 1.053473e+04 1.046958e+04
1.054672e+04 1.047814e+04 1.051596e+04 1.050891e+04
1.056676e+04 1.049219e+04 1.053054e+04 1.052841e+04
1.060537e+04 1.048877e+04 1.052633e+04 1.056781e+04
1.064662e+04 1.049096e+04 1.053725e+04 1.060032e+04
1.057287e+04 1.048727e+04 1.048441e+04 1.057573e+04
1.049854e+04 1.048716e+04 1.046293e+04 1.052277e+04
1.044205e+04 1.047974e+04 1.043871e+04 1.048309e+04
1.041786e+04 1.047941e+04 1.043898e+04 1.045830e+04
1.043821e+04 1.048333e+04 1.044162e+04 1.047992e+04
1.044836e+04 1.048351e+04 1.046649e+04 1.046537e+04
1.047210e+04 1.049414e+04 1.050851e+04 1.045774e+04
1.049533e+04 1.049116e+04 1.050724e+04 1.047925e+04
1.051092e+04 1.048592e+04 1.048624e+04 1.051060e+04
1.054681e+04 1.048972e+04 1.052112e+04 1.051541e+04
1.055513e+04 1.048927e+04 1.052917e+04 1.051523e+04
1.053247e+04 1.048824e+04 1.053766e+04 1.048305e+04
1.055690e+04 1.048935e+04 1.056300e+04 1.048326e+04
1.056013e+04 1.049149e+04 1.056865e+04 1.048297e+04
1.054988e+04 1.049594e+04 1.057554e+04 1.047028e+04
1.056132e+04 1.050034e+04 1.059111e+04 1.047055e+04
1.059572e+04 1.049303e+04 1.057197e+04 1.051678e+04
1.062936e+04 1.049720e+04 1.061150e+04 1.051507e+04
1.063740e+04 1.049477e+04 1.056520e+04 1.056697e+04
1.066164e+04 1.051021e+04 1.059133e+04 1.058053e+04
1.063284e+04 1.050410e+04 1.058010e+04 1.055684e+04
1.055009e+04 1.050827e+04 1.056458e+04 1.049378e+04
1.054024e+04 1.044266e+04 1.053460e+04 1.044829e+04
1.054640e+04 1.043483e+04 1.056158e+04 1.041965e+04
1.054805e+04 1.043763e+04 1.056886e+04 1.041682e+04
1.045337e+04 1.045849e+04 1.048824e+04 1.042361e+04
1.034213e+04 1.045774e+04 1.042065e+04 1.037923e+04
1.029118e+04 1.041226e+04 1.036117e+04 1.034228e+04
1.032147e+04 1.041379e+04 1.035025e+04 1.038501e+04
1.027904e+04 1.043840e+04 1.032643e+04 1.039100e+04
1.032030e+04 1.041997e+04 1.035238e+04 1.038788e+04
1.033210e+04 1.044700e+04 1.036862e+04 1.041048e+04
1.031707e+04 1.043628e+04 1.036046e+04 1.039289e+04
1.030897e+04 1.044424e+04 1.034393e+04 1.040928e+04
1.035577e+04 1.043249e+04 1.035602e+04 1.043224e+04
1.038617e+04 1.042478e+04 1.035116e+04 1.045979e+04
1.034936e+04 1.039881e+04 1.033015e+04 1.041802e+04
1.035636e+04 1.039481e+04 1.031872e+04 1.043245e+04
1.034113e+04 1.043463e+04 1.032891e+04 1.044685e+04
1.035607e+04 1.043980e+04 1.032942e+04 1.046645e+04
1.033674e+04 1.042418e+04 1.033919e+04 1.042173e+04
1.037027e+04 1.043574e+04 1.035947e+04 1.044654e+04
1.037862e+04 1.042839e+04 1.037008e+04 1.043693e+04
1.040642e+04 1.044229e+04 1.042638e+04 1.042233e+04
1.041738e+04 1.042489e+04 1.042590e+04 1.041637e+04
1.043931e+04 1.040236e+04 1.043431e+04 1.040736e+04
1.049698e+04 1.044256e+04 1.048426e+04 1.045528e+04
1.049209e+04 1.042332e+04 1.049664e+04 1.041877e+04
1.048763e+04 1.042858e+04 1.049000e+04 1.042621e+04
1.050070e+04 1.042932e+04 1.047403e+04 1.045599e+04
1.047380e+04 1.045145e+04 1.044826e+04 1.047698e+04
1.050941e+04 1.044091e+04 1.045673e+04 1.049360e+04
1.046200e+04 1.043236e+04 1.045532e+04 1.043904e+04
1.045363e+04 1.040352e+04 1.044178e+04 1.041536e+04
1.046117e+04 1.043742e+04 1.045661e+04 1.044199e+04
1.050225e+04 1.041973e+04 1.046621e+04 1.045578e+04
1.047093e+04 1.041769e+04 1.046241e+04 1.042621e+04
1.047547e+04 1.043611e+04 1.046728e+04 1.044430e+04
1.043029e+04 1.042528e+04 1.043342e+04 1.042214e+04
1.043268e+04 1.043242e+04 1.043241e+04 1.043269e+04
1.041930e+04 1.042794e+04 1.040662e+04 1.044062e+04
1.040119e+04 1.044107e+04 1.042712e+04 1.041514e+04
1.043340e+04 1.043677e+04 1.042843e+04 1.044174e+04
1.039012e+04 1.042560e+04 1.039641e+04 1.041931e+04
1.039339e+04 1.042931e+04 1.041725e+04 1.040546e+04
1.038892e+04 1.043293e+04 1.038699e+04 1.043486e+04
1.037306e+04 1.042968e+04 1.038215e+04 1.042059e+04
1.037030e+04 1.041944e+04 1.035714e+04 1.043260e+04
1.038050e+04 1.042871e+04 1.038509e+04 1.042412e+04
1.036343e+04 1.043731e+04 1.038151e+04 1.041923e+04
1.035866e+04 1.043800e+04 1.037731e+04 1.041935e+04
1.040698e+04 1.041944e+04 1.039663e+04 1.042980e+04
1.039376e+04 1.043248e+04 1.038373e+04 1.044251e+04
1.033226e+04 1.042801e+04 1.036232e+04 1.039796e+04
1.037914e+04 1.043153e+04 1.036868e+04 1.044199e+04
1.033808e+04 1.041927e+04 1.035895e+04 1.039840e+04
1.037437e+04 1.044422e+04 1.038139e+04 1.043720e+04
1.035789e+04 1.042062e+04 1.037301e+04 1.040550e+04
1.035411e+04 1.043665e+04 1.038209e+04 1.040867e+04
1.035678e+04 1.043821e+04 1.035919e+04 1.043580e+04
1.036785e+04 1.043536e+04 1.038328e+04 1.041993e+04
1.037792e+04 1.043131e+04 1.037501e+04 1.043423e+04
1.037565e+04 1.043998e+04 1.039469e+04 1.042095e+04
1.038364e+04 1.043453e+04 1.038880e+04 1.042937e+04
1.038980e+04 1.044331e+04 1.038922e+04 1.044388e+04
1.038927e+04 1.043305e+04 1.038497e+04 1.043735e+04
1.040536e+04 1.044137e+04 1.038581e+04 1.046093e+04
1.038729e+04 1.042114e+04 1.036897e+04 1.043947e+04
1.041629e+04 1.045186e+04 1.038815e+04 1.048000e+04
1.040929e+04 1.044472e+04 1.040320e+04 1.045081e+04
1.041813e+04 1.044356e+04 1.040363e+04 1.045805e+04
1.039721e+04 1.043623e+04 1.037893e+04 1.045451e+04
1.037820e+04 1.043256e+04 1.036778e+04 1.044297e+04
1.037320e+04 1.043547e+04 1.037356e+04 1.043512e+04
1.036917e+04 1.043026e+04 1.038513e+04 1.041430e+04
1.040564e+04 1.044695e+04 1.037861e+04 1.047398e+04
1.036655e+04 1.041958e+04 1.037524e+04 1.041089e+04
1.038765e+04 1.043614e+04 1.038482e+04 1.043898e+04
1.039375e+04 1.044014e+04 1.037621e+04 1.045768e+04
1.040055e+04 1.042987e+04 1.039750e+04 1.043292e+04
1.040855e+04 1.043207e+04 1.039415e+04 1.044648e+04
1.036784e+04 1.040829e+04 1.039207e+04 1.038406e+04
1.034925e+04 1.044612e+04 1.036687e+04 1.042851e+04
1.034750e+04 1.041857e+04 1.035921e+04 1.040685e+04
1.035686e+04 1.037937e+04 1.036375e+04 1.037249e+04
1.035547e+04 1.040002e+04 1.037648e+04 1.037901e+04
1.036983e+04 1.043629e+04 1.040111e+04 1.040500e+04
1.033942e+04 1.041473e+04 1.037109e+04 1.038307e+04
1.034017e+04 1.039242e+04 1.034962e+04 1.038298e+04
1.035785e+04 1.042778e+04 1.035654e+04 1.042909e+04
1.037559e+04 1.041631e+04 1.036893e+04 1.042296e+04
1.038194e+04 1.043697e+04 1.037451e+04 1.044440e+04
1.038122e+04 1.043540e+04 1.037498e+04 1.044165e+04
1.036228e+04 1.044913e+04 1.036744e+04 1.044397e+04
1.032283e+04 1.036680e+04 1.029285e+04 1.039678e+04
1.037569e+04 1.040600e+04 1.034623e+04 1.043546e+04
1.037651e+04 1.042853e+04 1.035326e+04 1.045178e+04
1.036961e+04 1.038751e+04 1.036827e+04 1.038885e+04
1.035056e+04 1.046111e+04 1.038434e+04 1.042733e+04
1.034433e+04 1.042158e+04 1.034943e+04 1.041648e+04
1.035517e+04 1.045131e+04 1.034360e+04 1.046288e+04
1.034734e+04 1.044155e+04 1.033059e+04 1.045831e+04
1.036112e+04 1.043283e+04 1.035772e+04 1.043624e+04
1.039635e+04 1.041439e+04 1.039010e+04 1.042065e+04
1.042484e+04 1.043907e+04 1.042800e+04 1.043591e+04
1.042396e+04 1.042477e+04 1.040097e+04 1.044775e+04
1.038324e+04 1.041734e+04 1.038437e+04 1.041621e+04
1.036787e+04 1.042913e+04 1.036835e+04 1.042865e+04
1.037640e+04 1.045561e+04 1.039674e+04 1.043527e+04
