1.103971e+04 1.097771e+04 1.104522e+04 1.097219e+04
1.091173e+04 1.093113e+04 1.096477e+04 1.087808e+04
1.090649e+04 1.092993e+04 1.089149e+04 1.094494e+04
1.097350e+04 1.091612e+04 1.093532e+04 1.095429e+04
1.096443e+04 1.092519e+04 1.094802e+04 1.094160e+04
1.093791e+04 1.086775e+04 1.092520e+04 1.088046e+04
1.086684e+04 1.091933e+04 1.093722e+04 1.084895e+04
1.098173e+04 1.094123e+04 1.097483e+04 1.094813e+04
1.095636e+04 1.092262e+04 1.094668e+04 1.093229e+04
1.094950e+04 1.093216e+04 1.093412e+04 1.094754e+04
1.095808e+04 1.092382e+04 1.096036e+04 1.092154e+04
1.098173e+04 1.094138e+04 1.098820e+04 1.093491e+04
1.096344e+04 1.094636e+04 1.098297e+04 1.092683e+04
1.102616e+04 1.094267e+04 1.100418e+04 1.096465e+04
1.100875e+04 1.097544e+04 1.101743e+04 1.096676e+04
1.096413e+04 1.095009e+04 1.097008e+04 1.094413e+04
1.096612e+04 1.094873e+04 1.094935e+04 1.096551e+04
1.100064e+04 1.096047e+04 1.093540e+04 1.102570e+04
1.101201e+04 1.090698e+04 1.096152e+04 1.095747e+04
1.102345e+04 1.091815e+04 1.100771e+04 1.093389e+04
1.108968e+04 1.093279e+04 1.107577e+04 1.094669e+04
1.099121e+04 1.095281e+04 1.106407e+04 1.087995e+04
1.096477e+04 1.096616e+04 1.098058e+04 1.095035e+04
1.107523e+04 1.094489e+04 1.097904e+04 1.104108e+04
1.105926e+04 1.095839e+04 1.098195e+04 1.103570e+04
1.104225e+04 1.097001e+04 1.102547e+04 1.098679e+04
1.109054e+04 1.091363e+04 1.103604e+04 1.096812e+04
1.107407e+04 1.094463e+04 1.109626e+04 1.092244e+04
1.098062e+04 1.095697e+04 1.105694e+04 1.088065e+04
1.088689e+04 1.091196e+04 1.105185e+04 1.074700e+04
1.084215e+04 1.089974e+04 1.095279e+04 1.078909e+04
1.092839e+04 1.091877e+04 1.091620e+04 1.093096e+04
1.089942e+04 1.093341e+04 1.089410e+04 1.093872e+04
1.089041e+04 1.093333e+04 1.086645e+04 1.095729e+04
1.085415e+04 1.095112e+04 1.088516e+04 1.092012e+04
1.088748e+04 1.094166e+04 1.092222e+04 1.090692e+04
1.095708e+04 1.097672e+04 1.096808e+04 1.096572e+04
1.100152e+04 1.095022e+04 1.099505e+04 1.095669e+04
1.100306e+04 1.093350e+04 1.101864e+04 1.091792e+04
1.106658e+04 1.088352e+04 1.102475e+04 1.092535e+04
1.107709e+04 1.094302e+04 1.101930e+04 1.100080e+04
1.096535e+04 1.094151e+04 1.097040e+04 1.093646e+04
1.088105e+04 1.093775e+04 1.089242e+04 1.092639e+04
1.081390e+04 1.096385e+04 1.089518e+04 1.088257e+04
1.092195e+04 1.097533e+04 1.089255e+04 1.100473e+04
1.098120e+04 1.094946e+04 1.092081e+04 1.100984e+04
1.098866e+04 1.095112e+04 1.096108e+04 1.097871e+04
1.106429e+04 1.098268e+04 1.100906e+04 1.103790e+04
1.103617e+04 1.097497e+04 1.102808e+04 1.098306e+04
1.112807e+04 1.096152e+04 1.104567e+04 1.104391e+04
1.111785e+04 1.096684e+04 1.104412e+04 1.104057e+04
1.096578e+04 1.091926e+04 1.101025e+04 1.087479e+04
1.089553e+04 1.089315e+04 1.096270e+04 1.082598e+04
1.083302e+04 1.093341e+04 1.090380e+04 1.086263e+04
1.087617e+04 1.088984e+04 1.089344e+04 1.087256e+04
1.091757e+04 1.094691e+04 1.088427e+04 1.098021e+04
1.090646e+04 1.093672e+04 1.087206e+04 1.097112e+04
1.082321e+04 1.091948e+04 1.085444e+04 1.088825e+04
1.084869e+04 1.092752e+04 1.088101e+04 1.089520e+04
1.086931e+04 1.093563e+04 1.091783e+04 1.088711e+04
1.090460e+04 1.093710e+04 1.094362e+04 1.089808e+04
1.089466e+04 1.095807e+04 1.093331e+04 1.091942e+04
1.096842e+04 1.097825e+04 1.092658e+04 1.102009e+04
1.100880e+04 1.095353e+04 1.095786e+04 1.100447e+04
1.102095e+04 1.096912e+04 1.097376e+04 1.101631e+04
1.106569e+04 1.100104e+04 1.103372e+04 1.103301e+04
1.097038e+04 1.098353e+04 1.104058e+04 1.091334e+04
1.098918e+04 1.097144e+04 1.103636e+04 1.092426e+04
1.098400e+04 1.096125e+04 1.102722e+04 1.091803e+04
1.101954e+04 1.097161e+04 1.105871e+04 1.093244e+04
1.100823e+04 1.097380e+04 1.103296e+04 1.094907e+04
1.106549e+04 1.097047e+04 1.106947e+04 1.096648e+04
1.103585e+04 1.097408e+04 1.103628e+04 1.097365e+04
1.103696e+04 1.096009e+04 1.104129e+04 1.095576e+04
1.091568e+04 1.093579e+04 1.095400e+04 1.089747e+04
1.098529e+04 1.095878e+04 1.094889e+04 1.099519e+04
1.104667e+04 1.092371e+04 1.098612e+04 1.098426e+04
1.096873e+04 1.095515e+04 1.090295e+04 1.102093e+04
1.091546e+04 1.095931e+04 1.088539e+04 1.098938e+04
1.088929e+04 1.093471e+04 1.086005e+04 1.096394e+04
1.087489e+04 1.092873e+04 1.082515e+04 1.097847e+04
1.086126e+04 1.096022e+04 1.084528e+04 1.097620e+04
1.089593e+04 1.096200e+04 1.085202e+04 1.100591e+04
1.092847e+04 1.095697e+04 1.085375e+04 1.103169e+04
1.100211e+04 1.096596e+04 1.091214e+04 1.105593e+04
1.098210e+04 1.094921e+04 1.093610e+04 1.099521e+04
1.105308e+04 1.092537e+04 1.095349e+04 1.102495e+04
1.104781e+04 1.092948e+04 1.100454e+04 1.097276e+04
1.094252e+04 1.094632e+04 1.095681e+04 1.093203e+04
1.081986e+04 1.095305e+04 1.090452e+04 1.086839e+04
1.080601e+04 1.095097e+04 1.087682e+04 1.088015e+04
1.077586e+04 1.095457e+04 1.086550e+04 1.086493e+04
1.089638e+04 1.095760e+04 1.090822e+04 1.094576e+04
1.091319e+04 1.097052e+04 1.094456e+04 1.093916e+04
1.091612e+04 1.093605e+04 1.093748e+04 1.091470e+04
1.088486e+04 1.092379e+04 1.098610e+04 1.082255e+04
1.090895e+04 1.095429e+04 1.102382e+04 1.083942e+04
1.082437e+04 1.096579e+04 1.093720e+04 1.085296e+04
1.087276e+04 1.099355e+04 1.088955e+04 1.097676e+04
1.094183e+04 1.098554e+04 1.090264e+04 1.102473e+04
1.100656e+04 1.097834e+04 1.097066e+04 1.101424e+04
1.098147e+04 1.096679e+04 1.098176e+04 1.096651e+04
1.104435e+04 1.097434e+04 1.103420e+04 1.098449e+04
1.103256e+04 1.094041e+04 1.102630e+04 1.094667e+04
1.105595e+04 1.095208e+04 1.104769e+04 1.096033e+04
1.111559e+04 1.096116e+04 1.105934e+04 1.101741e+04
1.101709e+04 1.098140e+04 1.104988e+04 1.094861e+04
1.090187e+04 1.097862e+04 1.094882e+04 1.093167e+04
1.089650e+04 1.098626e+04 1.089148e+04 1.099128e+04
1.095108e+04 1.097459e+04 1.089347e+04 1.103220e+04
1.096224e+04 1.097352e+04 1.092498e+04 1.101078e+04
1.104375e+04 1.095436e+04 1.098259e+04 1.101552e+04
1.104823e+04 1.095853e+04 1.102574e+04 1.098103e+04
1.109846e+04 1.096988e+04 1.103567e+04 1.103266e+04
1.102008e+04 1.096687e+04 1.104669e+04 1.094027e+04
1.098375e+04 1.097791e+04 1.103813e+04 1.092353e+04
1.090359e+04 1.096722e+04 1.103386e+04 1.083695e+04
1.095093e+04 1.098523e+04 1.104294e+04 1.089322e+04
1.104257e+04 1.097788e+04 1.105035e+04 1.097010e+04
1.107600e+04 1.098907e+04 1.111373e+04 1.095134e+04
1.110065e+04 1.100249e+04 1.108361e+04 1.101953e+04
1.107764e+04 1.099152e+04 1.105622e+04 1.101294e+04
1.111288e+04 1.102588e+04 1.109004e+04 1.104872e+04
1.117253e+04 1.102078e+04 1.112782e+04 1.106549e+04
1.116428e+04 1.101638e+04 1.112083e+04 1.105983e+04
1.109812e+04 1.100702e+04 1.107968e+04 1.102546e+04
1.097606e+04 1.099113e+04 1.101614e+04 1.095105e+04
1.096474e+04 1.099449e+04 1.100533e+04 1.095390e+04
1.105966e+04 1.097976e+04 1.101456e+04 1.102486e+04
1.100228e+04 1.097482e+04 1.100848e+04 1.096861e+04
1.099046e+04 1.098917e+04 1.100818e+04 1.097145e+04
1.109384e+04 1.097973e+04 1.101818e+04 1.105539e+04
1.110899e+04 1.098423e+04 1.101942e+04 1.107380e+04
1.109276e+04 1.100317e+04 1.099167e+04 1.110427e+04
1.102982e+04 1.098361e+04 1.095737e+04 1.105606e+04
1.097207e+04 1.099078e+04 1.095846e+04 1.100440e+04
1.099542e+04 1.098246e+04 1.097500e+04 1.100288e+04
1.097120e+04 1.099425e+04 1.096969e+04 1.099576e+04
1.102213e+04 1.098193e+04 1.096408e+04 1.103998e+04
1.102411e+04 1.096480e+04 1.095542e+04 1.103349e+04
1.092447e+04 1.097198e+04 1.090399e+04 1.099246e+04
1.077576e+04 1.097581e+04 1.084776e+04 1.090381e+04
1.073544e+04 1.096733e+04 1.081666e+04 1.088610e+04
1.079114e+04 1.097563e+04 1.084915e+04 1.091762e+04
1.086344e+04 1.097547e+04 1.085732e+04 1.098159e+04
1.088906e+04 1.098537e+04 1.091818e+04 1.095625e+04
1.088408e+04 1.098302e+04 1.089695e+04 1.097015e+04
1.086635e+04 1.097565e+04 1.089359e+04 1.094842e+04
1.096961e+04 1.099077e+04 1.095787e+04 1.100251e+04
1.099344e+04 1.098383e+04 1.093684e+04 1.104043e+04
1.099458e+04 1.098406e+04 1.094783e+04 1.103081e+04
1.096543e+04 1.099584e+04 1.099036e+04 1.097091e+04
1.084896e+04 1.098954e+04 1.098079e+04 1.085771e+04
1.083163e+04 1.099330e+04 1.098782e+04 1.083711e+04
1.089067e+04 1.098362e+04 1.102708e+04 1.084720e+04
1.093505e+04 1.097302e+04 1.099194e+04 1.091612e+04
1.087866e+04 1.096921e+04 1.097601e+04 1.087186e+04
1.097078e+04 1.097136e+04 1.099278e+04 1.094935e+04
1.089609e+04 1.096059e+04 1.094746e+04 1.090922e+04
1.090780e+04 1.097389e+04 1.097270e+04 1.090898e+04
1.099931e+04 1.096126e+04 1.098327e+04 1.097730e+04
1.106357e+04 1.098110e+04 1.098575e+04 1.105893e+04
1.106251e+04 1.097627e+04 1.097540e+04 1.106339e+04
1.115572e+04 1.097936e+04 1.098464e+04 1.115044e+04
1.106142e+04 1.097416e+04 1.094075e+04 1.109483e+04
1.098882e+04 1.097400e+04 1.089485e+04 1.106797e+04
1.092643e+04 1.096352e+04 1.088292e+04 1.100703e+04
1.089043e+04 1.096305e+04 1.090168e+04 1.095180e+04
1.088157e+04 1.096859e+04 1.088666e+04 1.096349e+04
1.092419e+04 1.096884e+04 1.094266e+04 1.095036e+04
1.091289e+04 1.098386e+04 1.096381e+04 1.093294e+04
1.095360e+04 1.097965e+04 1.096972e+04 1.096353e+04
1.094784e+04 1.097225e+04 1.094878e+04 1.097131e+04
1.100658e+04 1.097762e+04 1.096876e+04 1.101544e+04
1.104386e+04 1.097698e+04 1.100374e+04 1.101709e+04
1.102090e+04 1.097552e+04 1.100158e+04 1.099484e+04
1.104427e+04 1.097709e+04 1.103222e+04 1.098914e+04
1.100597e+04 1.098011e+04 1.102883e+04 1.095726e+04
1.100492e+04 1.098640e+04 1.104148e+04 1.094984e+04
1.101532e+04 1.099262e+04 1.105855e+04 1.094940e+04
1.107171e+04 1.098230e+04 1.104719e+04 1.100681e+04
1.110902e+04 1.098819e+04 1.108552e+04 1.101169e+04
1.112206e+04 1.098475e+04 1.103234e+04 1.107447e+04
1.116513e+04 1.100658e+04 1.106325e+04 1.110845e+04
1.115203e+04 1.099794e+04 1.105265e+04 1.109732e+04
1.099583e+04 1.100383e+04 1.103558e+04 1.096408e+04
1.101203e+04 1.091112e+04 1.100095e+04 1.092220e+04
1.103085e+04 1.090006e+04 1.104344e+04 1.088747e+04
1.099628e+04 1.090402e+04 1.104798e+04 1.085232e+04
1.091730e+04 1.093349e+04 1.096805e+04 1.088274e+04
1.078371e+04 1.093243e+04 1.089374e+04 1.082241e+04
1.075008e+04 1.086817e+04 1.085072e+04 1.076752e+04
1.079628e+04 1.087033e+04 1.080662e+04 1.085998e+04
1.070446e+04 1.090510e+04 1.080659e+04 1.080297e+04
1.078079e+04 1.087906e+04 1.081823e+04 1.084163e+04
1.083970e+04 1.091726e+04 1.086632e+04 1.089064e+04
1.080822e+04 1.090210e+04 1.083952e+04 1.087081e+04
1.074144e+04 1.091336e+04 1.080177e+04 1.085303e+04
1.084434e+04 1.089675e+04 1.080771e+04 1.093338e+04
1.086937e+04 1.088586e+04 1.080672e+04 1.094852e+04
1.084730e+04 1.084916e+04 1.084078e+04 1.085569e+04
1.087166e+04 1.084351e+04 1.080924e+04 1.090593e+04
1.083734e+04 1.089977e+04 1.080038e+04 1.093674e+04
1.085596e+04 1.090708e+04 1.083010e+04 1.093294e+04
1.082978e+04 1.088501e+04 1.083523e+04 1.087955e+04
1.086465e+04 1.090135e+04 1.086517e+04 1.090083e+04
1.086285e+04 1.089096e+04 1.085815e+04 1.089566e+04
1.089716e+04 1.091060e+04 1.090690e+04 1.090086e+04
1.091110e+04 1.088602e+04 1.091188e+04 1.088524e+04
1.091422e+04 1.085418e+04 1.090379e+04 1.086460e+04
1.097248e+04 1.091097e+04 1.097117e+04 1.091228e+04
1.099184e+04 1.088380e+04 1.098885e+04 1.088678e+04
1.096769e+04 1.089123e+04 1.096726e+04 1.089166e+04
1.098091e+04 1.089227e+04 1.095672e+04 1.091646e+04
1.094277e+04 1.092354e+04 1.092344e+04 1.094287e+04
1.096074e+04 1.090865e+04 1.094739e+04 1.092200e+04
1.094924e+04 1.089657e+04 1.094331e+04 1.090250e+04
1.090647e+04 1.085581e+04 1.090324e+04 1.085905e+04
1.096305e+04 1.090372e+04 1.094289e+04 1.092389e+04
1.098628e+04 1.087872e+04 1.093359e+04 1.093141e+04
1.098826e+04 1.087583e+04 1.094750e+04 1.091659e+04
1.092989e+04 1.090187e+04 1.093647e+04 1.089529e+04
1.092000e+04 1.088656e+04 1.094095e+04 1.086560e+04
1.091957e+04 1.089665e+04 1.091642e+04 1.089980e+04
1.091845e+04 1.089032e+04 1.090737e+04 1.090141e+04
1.093263e+04 1.090888e+04 1.094858e+04 1.089294e+04
1.091968e+04 1.090280e+04 1.093584e+04 1.088664e+04
1.092740e+04 1.088702e+04 1.091353e+04 1.090090e+04
1.087509e+04 1.089226e+04 1.090849e+04 1.085887e+04
1.090955e+04 1.089738e+04 1.090226e+04 1.090467e+04
1.088288e+04 1.089279e+04 1.087513e+04 1.090053e+04
1.083388e+04 1.087832e+04 1.084114e+04 1.087106e+04
1.088905e+04 1.089141e+04 1.088585e+04 1.089461e+04
1.082836e+04 1.090356e+04 1.088151e+04 1.085041e+04
1.086023e+04 1.090454e+04 1.088100e+04 1.088376e+04
1.089937e+04 1.087832e+04 1.088754e+04 1.089014e+04
1.090511e+04 1.089673e+04 1.088131e+04 1.092053e+04
1.085095e+04 1.089043e+04 1.084893e+04 1.089245e+04
1.087590e+04 1.089540e+04 1.086739e+04 1.090390e+04
1.085266e+04 1.087807e+04 1.088214e+04 1.084859e+04
1.081523e+04 1.091333e+04 1.086045e+04 1.086811e+04
1.084612e+04 1.087998e+04 1.086178e+04 1.086432e+04
1.084000e+04 1.090262e+04 1.086673e+04 1.087590e+04
1.086494e+04 1.090483e+04 1.085716e+04 1.091261e+04
1.083721e+04 1.090081e+04 1.086734e+04 1.087068e+04
1.085993e+04 1.089509e+04 1.085855e+04 1.089648e+04
1.087132e+04 1.090734e+04 1.088872e+04 1.088994e+04
1.085628e+04 1.089963e+04 1.086615e+04 1.088976e+04
1.086955e+04 1.091203e+04 1.086910e+04 1.091249e+04
1.086189e+04 1.089754e+04 1.086181e+04 1.089762e+04
1.091672e+04 1.090930e+04 1.086558e+04 1.096044e+04
1.085920e+04 1.088072e+04 1.085463e+04 1.088528e+04
1.087657e+04 1.092412e+04 1.085793e+04 1.094277e+04
1.090098e+04 1.091403e+04 1.089409e+04 1.092092e+04
1.091458e+04 1.091239e+04 1.088655e+04 1.094042e+04
1.088778e+04 1.090204e+04 1.086150e+04 1.092832e+04
1.084129e+04 1.089685e+04 1.083711e+04 1.090103e+04
1.086555e+04 1.090096e+04 1.086422e+04 1.090230e+04
1.084924e+04 1.089360e+04 1.088264e+04 1.086020e+04
1.088299e+04 1.091719e+04 1.084729e+04 1.095289e+04
1.084166e+04 1.087851e+04 1.083427e+04 1.088590e+04
1.086344e+04 1.090191e+04 1.086377e+04 1.090157e+04
1.086368e+04 1.090756e+04 1.086892e+04 1.090232e+04
1.088654e+04 1.089305e+04 1.086517e+04 1.091441e+04
1.089552e+04 1.089616e+04 1.085957e+04 1.093210e+04
1.081983e+04 1.086256e+04 1.084430e+04 1.083809e+04
1.083536e+04 1.091602e+04 1.085589e+04 1.089549e+04
1.082603e+04 1.087708e+04 1.083522e+04 1.086789e+04
1.080369e+04 1.082170e+04 1.081231e+04 1.081307e+04
1.083077e+04 1.085088e+04 1.084117e+04 1.084047e+04
1.084204e+04 1.090212e+04 1.087338e+04 1.087077e+04
1.080014e+04 1.087166e+04 1.084829e+04 1.082351e+04
1.079630e+04 1.084014e+04 1.081171e+04 1.082473e+04
1.086387e+04 1.089010e+04 1.083400e+04 1.091997e+04
1.084749e+04 1.087388e+04 1.083998e+04 1.088140e+04
1.083313e+04 1.090308e+04 1.082774e+04 1.090847e+04
1.086737e+04 1.090087e+04 1.082449e+04 1.094375e+04
1.083881e+04 1.092027e+04 1.082278e+04 1.093629e+04
1.077371e+04 1.080393e+04 1.072807e+04 1.084956e+04
1.084540e+04 1.085932e+04 1.082514e+04 1.087958e+04
1.090393e+04 1.089116e+04 1.085301e+04 1.094208e+04
1.084683e+04 1.083319e+04 1.086716e+04 1.081286e+04
1.080789e+04 1.093719e+04 1.089126e+04 1.085381e+04
1.079845e+04 1.088133e+04 1.081552e+04 1.086427e+04
1.083141e+04 1.092334e+04 1.081994e+04 1.093480e+04
1.083380e+04 1.090956e+04 1.081289e+04 1.093047e+04
1.081907e+04 1.089724e+04 1.084177e+04 1.087453e+04
1.087503e+04 1.087118e+04 1.088944e+04 1.085678e+04
1.087450e+04 1.090605e+04 1.091225e+04 1.086830e+04
1.085113e+04 1.088584e+04 1.086560e+04 1.087138e+04
1.085074e+04 1.087535e+04 1.085306e+04 1.087303e+04
1.083104e+04 1.089200e+04 1.081578e+04 1.090727e+04
1.088476e+04 1.092942e+04 1.087021e+04 1.094397e+04
