1.167953e+04 1.163837e+04 1.169066e+04 1.162724e+04
1.166601e+04 1.163815e+04 1.167910e+04 1.162506e+04
1.163853e+04 1.163565e+04 1.160502e+04 1.166916e+04
1.163016e+04 1.161850e+04 1.158715e+04 1.166151e+04
1.166709e+04 1.162621e+04 1.163451e+04 1.165878e+04
1.167568e+04 1.158833e+04 1.166060e+04 1.160342e+04
1.168388e+04 1.163225e+04 1.164508e+04 1.167105e+04
1.165119e+04 1.163902e+04 1.162927e+04 1.166093e+04
1.166911e+04 1.163314e+04 1.164879e+04 1.165347e+04
1.162508e+04 1.163443e+04 1.164328e+04 1.161622e+04
1.163893e+04 1.162602e+04 1.163880e+04 1.162616e+04
1.166134e+04 1.164207e+04 1.165541e+04 1.164799e+04
1.166751e+04 1.164773e+04 1.167446e+04 1.164078e+04
1.175622e+04 1.164578e+04 1.170878e+04 1.169322e+04
1.178100e+04 1.167852e+04 1.173764e+04 1.172188e+04
1.176212e+04 1.164904e+04 1.172213e+04 1.168903e+04
1.159267e+04 1.165026e+04 1.166876e+04 1.157416e+04
1.157248e+04 1.166375e+04 1.164389e+04 1.159234e+04
1.160362e+04 1.161651e+04 1.165492e+04 1.156521e+04
1.166051e+04 1.163199e+04 1.166915e+04 1.162336e+04
1.169001e+04 1.163694e+04 1.170927e+04 1.161769e+04
1.172597e+04 1.165146e+04 1.175020e+04 1.162723e+04
1.167821e+04 1.166614e+04 1.170320e+04 1.164115e+04
1.162362e+04 1.164367e+04 1.166528e+04 1.160201e+04
1.166269e+04 1.164459e+04 1.163864e+04 1.166864e+04
1.159292e+04 1.164004e+04 1.161137e+04 1.162158e+04
1.161548e+04 1.163997e+04 1.165766e+04 1.159779e+04
1.171649e+04 1.163745e+04 1.167333e+04 1.168060e+04
1.174964e+04 1.163600e+04 1.172120e+04 1.166443e+04
1.176588e+04 1.164074e+04 1.172960e+04 1.167702e+04
1.176622e+04 1.163911e+04 1.175041e+04 1.165492e+04
1.163587e+04 1.163131e+04 1.166206e+04 1.160512e+04
1.161887e+04 1.163523e+04 1.161286e+04 1.164125e+04
1.155254e+04 1.163492e+04 1.157661e+04 1.161085e+04
1.146464e+04 1.164845e+04 1.152802e+04 1.158507e+04
1.148577e+04 1.164003e+04 1.152162e+04 1.160418e+04
1.149595e+04 1.164201e+04 1.149969e+04 1.163827e+04
1.155595e+04 1.163785e+04 1.152857e+04 1.166523e+04
1.155086e+04 1.163864e+04 1.153736e+04 1.165214e+04
1.166755e+04 1.163149e+04 1.160819e+04 1.169084e+04
1.178830e+04 1.164293e+04 1.169258e+04 1.173864e+04
1.173812e+04 1.164341e+04 1.172182e+04 1.165971e+04
1.162041e+04 1.163933e+04 1.165066e+04 1.160908e+04
1.150940e+04 1.166247e+04 1.156161e+04 1.161026e+04
1.153759e+04 1.168294e+04 1.158288e+04 1.163765e+04
1.148383e+04 1.165179e+04 1.156405e+04 1.157157e+04
1.154636e+04 1.164739e+04 1.156707e+04 1.162669e+04
1.159180e+04 1.164909e+04 1.158318e+04 1.165772e+04
1.158662e+04 1.163835e+04 1.159690e+04 1.162807e+04
1.164156e+04 1.163570e+04 1.163406e+04 1.164320e+04
1.167958e+04 1.163444e+04 1.167459e+04 1.163943e+04
1.177243e+04 1.163658e+04 1.172716e+04 1.168185e+04
1.177415e+04 1.160784e+04 1.174259e+04 1.163940e+04
1.169483e+04 1.163503e+04 1.169418e+04 1.163568e+04
1.160698e+04 1.159744e+04 1.161974e+04 1.158468e+04
1.159491e+04 1.164762e+04 1.159785e+04 1.164469e+04
1.160093e+04 1.163844e+04 1.159129e+04 1.164809e+04
1.156773e+04 1.162016e+04 1.157502e+04 1.161288e+04
1.149799e+04 1.163262e+04 1.152951e+04 1.160111e+04
1.157677e+04 1.163813e+04 1.153808e+04 1.167681e+04
1.158113e+04 1.163839e+04 1.154908e+04 1.167045e+04
1.160867e+04 1.164578e+04 1.157885e+04 1.167560e+04
1.159183e+04 1.167416e+04 1.157840e+04 1.168760e+04
1.158289e+04 1.165380e+04 1.158163e+04 1.165506e+04
1.156113e+04 1.165759e+04 1.159355e+04 1.162517e+04
1.163070e+04 1.165501e+04 1.162111e+04 1.166461e+04
1.166040e+04 1.164052e+04 1.163770e+04 1.166321e+04
1.171776e+04 1.163618e+04 1.166880e+04 1.168514e+04
1.168663e+04 1.163580e+04 1.166834e+04 1.165409e+04
1.169488e+04 1.163468e+04 1.169842e+04 1.163113e+04
1.167313e+04 1.163518e+04 1.169017e+04 1.161815e+04
1.172402e+04 1.163634e+04 1.173125e+04 1.162911e+04
1.168955e+04 1.163697e+04 1.172246e+04 1.160406e+04
1.170618e+04 1.163788e+04 1.174454e+04 1.159952e+04
1.160692e+04 1.163837e+04 1.173209e+04 1.151320e+04
1.172053e+04 1.164334e+04 1.175180e+04 1.161207e+04
1.190167e+04 1.162805e+04 1.181321e+04 1.171651e+04
1.182048e+04 1.165865e+04 1.183070e+04 1.164843e+04
1.173219e+04 1.165789e+04 1.170853e+04 1.168155e+04
1.168871e+04 1.163741e+04 1.165679e+04 1.166933e+04
1.164281e+04 1.163429e+04 1.160961e+04 1.166749e+04
1.161941e+04 1.166023e+04 1.156917e+04 1.171046e+04
1.153467e+04 1.166424e+04 1.155022e+04 1.164870e+04
1.145527e+04 1.165239e+04 1.149806e+04 1.160959e+04
1.154500e+04 1.164745e+04 1.151104e+04 1.168141e+04
1.157495e+04 1.163913e+04 1.155714e+04 1.165694e+04
1.157633e+04 1.163911e+04 1.157943e+04 1.163601e+04
1.169463e+04 1.163919e+04 1.164678e+04 1.168703e+04
1.171517e+04 1.163724e+04 1.169502e+04 1.165738e+04
1.158711e+04 1.163679e+04 1.159899e+04 1.162491e+04
1.157890e+04 1.163739e+04 1.154009e+04 1.167620e+04
1.146577e+04 1.163759e+04 1.146808e+04 1.163528e+04
1.146627e+04 1.163785e+04 1.147539e+04 1.162873e+04
1.146227e+04 1.163799e+04 1.150143e+04 1.159884e+04
1.150439e+04 1.163828e+04 1.156317e+04 1.157950e+04
1.152501e+04 1.162953e+04 1.161568e+04 1.153886e+04
1.171825e+04 1.165885e+04 1.170735e+04 1.166975e+04
1.170218e+04 1.166903e+04 1.173388e+04 1.163733e+04
1.174223e+04 1.167465e+04 1.164763e+04 1.176925e+04
1.155213e+04 1.165169e+04 1.156561e+04 1.163821e+04
1.154593e+04 1.164037e+04 1.158511e+04 1.160120e+04
1.158988e+04 1.163639e+04 1.158951e+04 1.163676e+04
1.160356e+04 1.163433e+04 1.162569e+04 1.161220e+04
1.165929e+04 1.163797e+04 1.163449e+04 1.166277e+04
1.169131e+04 1.163707e+04 1.167333e+04 1.165506e+04
1.176641e+04 1.163696e+04 1.172411e+04 1.167926e+04
1.177470e+04 1.164085e+04 1.174114e+04 1.167440e+04
1.172770e+04 1.166101e+04 1.170997e+04 1.167874e+04
1.162783e+04 1.169003e+04 1.164813e+04 1.166973e+04
1.158828e+04 1.167608e+04 1.161227e+04 1.165209e+04
1.152832e+04 1.166125e+04 1.158088e+04 1.160868e+04
1.155974e+04 1.164324e+04 1.160577e+04 1.159721e+04
1.163777e+04 1.163964e+04 1.164294e+04 1.163447e+04
1.171817e+04 1.163659e+04 1.168492e+04 1.166984e+04
1.171540e+04 1.163545e+04 1.169698e+04 1.165386e+04
1.174587e+04 1.163431e+04 1.170674e+04 1.167345e+04
1.174992e+04 1.163595e+04 1.171851e+04 1.166736e+04
1.172031e+04 1.163570e+04 1.175266e+04 1.160335e+04
1.175964e+04 1.163698e+04 1.174881e+04 1.164781e+04
1.180805e+04 1.163738e+04 1.180127e+04 1.164417e+04
1.181562e+04 1.163773e+04 1.182645e+04 1.162690e+04
1.179280e+04 1.163812e+04 1.181465e+04 1.161626e+04
1.177438e+04 1.163819e+04 1.181174e+04 1.160083e+04
1.174129e+04 1.163830e+04 1.177226e+04 1.160733e+04
1.173637e+04 1.163834e+04 1.179214e+04 1.158258e+04
1.174962e+04 1.163836e+04 1.179812e+04 1.158986e+04
1.173069e+04 1.163837e+04 1.178533e+04 1.158373e+04
1.174620e+04 1.163837e+04 1.173330e+04 1.165127e+04
1.175260e+04 1.163837e+04 1.171775e+04 1.167321e+04
1.168514e+04 1.163837e+04 1.170278e+04 1.162073e+04
1.166239e+04 1.163837e+04 1.164805e+04 1.165270e+04
1.165658e+04 1.163837e+04 1.166041e+04 1.163454e+04
1.172050e+04 1.163837e+04 1.171499e+04 1.164387e+04
1.170934e+04 1.163837e+04 1.169093e+04 1.165678e+04
1.168111e+04 1.163837e+04 1.164355e+04 1.167593e+04
1.164609e+04 1.163837e+04 1.161464e+04 1.166983e+04
1.166380e+04 1.163837e+04 1.161175e+04 1.169042e+04
1.162186e+04 1.163837e+04 1.162852e+04 1.163171e+04
1.167203e+04 1.163894e+04 1.163392e+04 1.167706e+04
1.167850e+04 1.164595e+04 1.166671e+04 1.165774e+04
1.171976e+04 1.166844e+04 1.171010e+04 1.167811e+04
1.170205e+04 1.168187e+04 1.165359e+04 1.173033e+04
1.158226e+04 1.166438e+04 1.154578e+04 1.170086e+04
1.147893e+04 1.165599e+04 1.145887e+04 1.167605e+04
1.144220e+04 1.164461e+04 1.142152e+04 1.166529e+04
1.143576e+04 1.163814e+04 1.144969e+04 1.162422e+04
1.142914e+04 1.163459e+04 1.145087e+04 1.161286e+04
1.146722e+04 1.163436e+04 1.146009e+04 1.164149e+04
1.151366e+04 1.163337e+04 1.151693e+04 1.163010e+04
1.151048e+04 1.163512e+04 1.154810e+04 1.159751e+04
1.154767e+04 1.163624e+04 1.156347e+04 1.162044e+04
1.157751e+04 1.163681e+04 1.158510e+04 1.162922e+04
1.158620e+04 1.163762e+04 1.162098e+04 1.160284e+04
1.168054e+04 1.163797e+04 1.164310e+04 1.167541e+04
1.163972e+04 1.163822e+04 1.166866e+04 1.160929e+04
1.165811e+04 1.163832e+04 1.169542e+04 1.160100e+04
1.169460e+04 1.163835e+04 1.168794e+04 1.164501e+04
1.170804e+04 1.163836e+04 1.169025e+04 1.165615e+04
1.173286e+04 1.163837e+04 1.168198e+04 1.168924e+04
1.164924e+04 1.163837e+04 1.165436e+04 1.163325e+04
1.168943e+04 1.163837e+04 1.166289e+04 1.166491e+04
1.167878e+04 1.163837e+04 1.166416e+04 1.165299e+04
1.169338e+04 1.163837e+04 1.168995e+04 1.164180e+04
1.176552e+04 1.163837e+04 1.170465e+04 1.169924e+04
1.168630e+04 1.163837e+04 1.170166e+04 1.162301e+04
1.163622e+04 1.163837e+04 1.162367e+04 1.165092e+04
1.150064e+04 1.163837e+04 1.156992e+04 1.156909e+04
1.150602e+04 1.163837e+04 1.154241e+04 1.160198e+04
1.145160e+04 1.163837e+04 1.152211e+04 1.156786e+04
1.149485e+04 1.163837e+04 1.153595e+04 1.159727e+04
1.154230e+04 1.163837e+04 1.155392e+04 1.162675e+04
1.150919e+04 1.163837e+04 1.156244e+04 1.158512e+04
1.154467e+04 1.163837e+04 1.158388e+04 1.159916e+04
1.155297e+04 1.163837e+04 1.156129e+04 1.163006e+04
1.159213e+04 1.163837e+04 1.157438e+04 1.165612e+04
1.161524e+04 1.163837e+04 1.160062e+04 1.165299e+04
1.170671e+04 1.163837e+04 1.164290e+04 1.170218e+04
1.167611e+04 1.163837e+04 1.167531e+04 1.163916e+04
1.163272e+04 1.163837e+04 1.169454e+04 1.157655e+04
1.168311e+04 1.163837e+04 1.166489e+04 1.165660e+04
1.167983e+04 1.163837e+04 1.166841e+04 1.164979e+04
1.169888e+04 1.163837e+04 1.167100e+04 1.166625e+04
1.169875e+04 1.163837e+04 1.167118e+04 1.166594e+04
1.172084e+04 1.163837e+04 1.170178e+04 1.165743e+04
1.169258e+04 1.163837e+04 1.167899e+04 1.165196e+04
1.167412e+04 1.163837e+04 1.167758e+04 1.163491e+04
1.169590e+04 1.163837e+04 1.171631e+04 1.161797e+04
1.168114e+04 1.163836e+04 1.174121e+04 1.157829e+04
1.181298e+04 1.163542e+04 1.183263e+04 1.161576e+04
1.184688e+04 1.163660e+04 1.185557e+04 1.162791e+04
1.180027e+04 1.163393e+04 1.180415e+04 1.163005e+04
1.178551e+04 1.156997e+04 1.169347e+04 1.166201e+04
1.170207e+04 1.159707e+04 1.167847e+04 1.162066e+04
1.165899e+04 1.162966e+04 1.164102e+04 1.164764e+04
1.164749e+04 1.162937e+04 1.165980e+04 1.161705e+04
1.168974e+04 1.162821e+04 1.164619e+04 1.167176e+04
1.169370e+04 1.160477e+04 1.168465e+04 1.161382e+04
1.169353e+04 1.161692e+04 1.167034e+04 1.164011e+04
1.172390e+04 1.160681e+04 1.172757e+04 1.160314e+04
1.177553e+04 1.158566e+04 1.173705e+04 1.162414e+04
1.172336e+04 1.154034e+04 1.173256e+04 1.153114e+04
1.172551e+04 1.156598e+04 1.175353e+04 1.153796e+04
1.168385e+04 1.162438e+04 1.169545e+04 1.161278e+04
1.166320e+04 1.162596e+04 1.164997e+04 1.163919e+04
1.170625e+04 1.159453e+04 1.164758e+04 1.165320e+04
1.163072e+04 1.160515e+04 1.162494e+04 1.161093e+04
1.167313e+04 1.160980e+04 1.166261e+04 1.162032e+04
1.168369e+04 1.163134e+04 1.168272e+04 1.163232e+04
1.171000e+04 1.163633e+04 1.172857e+04 1.161775e+04
1.175077e+04 1.164360e+04 1.181057e+04 1.158380e+04
1.180589e+04 1.163479e+04 1.179584e+04 1.164484e+04
1.174474e+04 1.160055e+04 1.184941e+04 1.149588e+04
1.179868e+04 1.159289e+04 1.182451e+04 1.156706e+04
1.170792e+04 1.160119e+04 1.181749e+04 1.149163e+04
1.181089e+04 1.162661e+04 1.182400e+04 1.161351e+04
1.175153e+04 1.160600e+04 1.177105e+04 1.158647e+04
1.176109e+04 1.159758e+04 1.177068e+04 1.158799e+04
1.172991e+04 1.157653e+04 1.172311e+04 1.158333e+04
1.173550e+04 1.160745e+04 1.170563e+04 1.163732e+04
1.173835e+04 1.157585e+04 1.171238e+04 1.160182e+04
1.174016e+04 1.158811e+04 1.171060e+04 1.161767e+04
1.179490e+04 1.161188e+04 1.172503e+04 1.168175e+04
1.166758e+04 1.158673e+04 1.166503e+04 1.158928e+04
1.165382e+04 1.159884e+04 1.165278e+04 1.159988e+04
1.159462e+04 1.161048e+04 1.161728e+04 1.158783e+04
1.168105e+04 1.163024e+04 1.162734e+04 1.168394e+04
1.166326e+04 1.162150e+04 1.163386e+04 1.165089e+04
1.159978e+04 1.159297e+04 1.165570e+04 1.153705e+04
1.160803e+04 1.159934e+04 1.161922e+04 1.158814e+04
1.161350e+04 1.161775e+04 1.159927e+04 1.163198e+04
1.158654e+04 1.162968e+04 1.159699e+04 1.161923e+04
1.161225e+04 1.163377e+04 1.155386e+04 1.169216e+04
1.157818e+04 1.161873e+04 1.153986e+04 1.165704e+04
1.154075e+04 1.160768e+04 1.153830e+04 1.161013e+04
1.152856e+04 1.160875e+04 1.149403e+04 1.164328e+04
1.153592e+04 1.160483e+04 1.153699e+04 1.160375e+04
1.150201e+04 1.162870e+04 1.151808e+04 1.161264e+04
1.149762e+04 1.163321e+04 1.152176e+04 1.160907e+04
1.150423e+04 1.161961e+04 1.152115e+04 1.160269e+04
1.152569e+04 1.158393e+04 1.151283e+04 1.159679e+04
1.149127e+04 1.161716e+04 1.151664e+04 1.159180e+04
1.149337e+04 1.160658e+04 1.152698e+04 1.157297e+04
1.154848e+04 1.163042e+04 1.153552e+04 1.164338e+04
1.153403e+04 1.163493e+04 1.148714e+04 1.168181e+04
1.154441e+04 1.162208e+04 1.149615e+04 1.167035e+04
1.151814e+04 1.159970e+04 1.149914e+04 1.161869e+04
1.152328e+04 1.161167e+04 1.151010e+04 1.162484e+04
1.154376e+04 1.161750e+04 1.152874e+04 1.163251e+04
1.147714e+04 1.162935e+04 1.151417e+04 1.159231e+04
1.149167e+04 1.161178e+04 1.152329e+04 1.158017e+04
1.147236e+04 1.161073e+04 1.153150e+04 1.155159e+04
1.144198e+04 1.158983e+04 1.150058e+04 1.153122e+04
1.151140e+04 1.162867e+04 1.149501e+04 1.164506e+04
1.152180e+04 1.161461e+04 1.151416e+04 1.162225e+04
1.157602e+04 1.161207e+04 1.154332e+04 1.164477e+04
1.145647e+04 1.161360e+04 1.150333e+04 1.156674e+04
1.149321e+04 1.162456e+04 1.147974e+04 1.163803e+04
1.149466e+04 1.162207e+04 1.149094e+04 1.162578e+04
1.148168e+04 1.160030e+04 1.149734e+04 1.158464e+04
1.148556e+04 1.162052e+04 1.148247e+04 1.162361e+04
1.149139e+04 1.160465e+04 1.149155e+04 1.160450e+04
1.150739e+04 1.162704e+04 1.151067e+04 1.162376e+04
1.155258e+04 1.162148e+04 1.152771e+04 1.164636e+04
1.150402e+04 1.159612e+04 1.156133e+04 1.153881e+04
1.153582e+04 1.160240e+04 1.154013e+04 1.159808e+04
1.157854e+04 1.158369e+04 1.156068e+04 1.160155e+04
1.147749e+04 1.161806e+04 1.151116e+04 1.158439e+04
1.146537e+04 1.157331e+04 1.148906e+04 1.154962e+04
1.148522e+04 1.154441e+04 1.151301e+04 1.151661e+04
1.155597e+04 1.157071e+04 1.152332e+04 1.160337e+04
1.153576e+04 1.160198e+04 1.153490e+04 1.160284e+04
1.154779e+04 1.157529e+04 1.153816e+04 1.158492e+04
1.156517e+04 1.156797e+04 1.155399e+04 1.157915e+04
1.151307e+04 1.159653e+04 1.151509e+04 1.159450e+04
1.149649e+04 1.157116e+04 1.151016e+04 1.155749e+04
1.153712e+04 1.161124e+04 1.153312e+04 1.161524e+04
1.149621e+04 1.162438e+04 1.153458e+04 1.158601e+04
1.151954e+04 1.163693e+04 1.152285e+04 1.163363e+04
1.158037e+04 1.162687e+04 1.157481e+04 1.163243e+04
1.150548e+04 1.159474e+04 1.151894e+04 1.158129e+04
1.156457e+04 1.159519e+04 1.151467e+04 1.164509e+04
1.164447e+04 1.155488e+04 1.158244e+04 1.161691e+04
1.170772e+04 1.163861e+04 1.158623e+04 1.176010e+04
1.170938e+04 1.162942e+04 1.164098e+04 1.169782e+04
1.157739e+04 1.163632e+04 1.156062e+04 1.165309e+04
1.157309e+04 1.162173e+04 1.155226e+04 1.164256e+04
1.155617e+04 1.159968e+04 1.154426e+04 1.161159e+04
1.150233e+04 1.158431e+04 1.154507e+04 1.154156e+04
1.163549e+04 1.162435e+04 1.163468e+04 1.162516e+04
1.165317e+04 1.163002e+04 1.165225e+04 1.163094e+04
1.162365e+04 1.163868e+04 1.167576e+04 1.158657e+04
1.158845e+04 1.164215e+04 1.164278e+04 1.158782e+04
1.150102e+04 1.163915e+04 1.158202e+04 1.155815e+04
