-0.4595684766  
-1.795066752  
0.3068926658  
-0.621321838  
-1.580439918  
-0.5995372111  
-1.829419457  
-1.807778672  
-1.529613132  
-0.2508153535  
-1.52653398  
1.460859253  
-0.3911648378  
-1.532871425  
-1.662799577  
0.4380517547  
1.412451868  
-0.8892557222  
-0.961091019  
-1.899464296  
-1.109334365  
-0.8003237714  
-1.127025587  
-1.218923009  
0.8894579332  
-0.8269465315  
-1.540527743  
-1.611747  
1.418382229  
1.013280076  
-1.50388521  
1.042653512  
-0.6202792648  
0.3360889803  
-0.1795592803  
-1.237131563  
1.195692578  
0.176881434  
-0.4387443133  
-1.428192642  
0.7149336252  
-0.3074044315  
-1.280137209  
-1.427558885  
-1.786292533  
1.88930264  
-0.8327173328  
-1.690632275  
-0.5953972393  
1.125615988  
0.4346771926  
0.3334468055  
-0.01720298414  
-0.9677551492  
-1.490836787  
1.109045486  
0.6915932189  
-1.722931081  
-0.5973959309  
-0.8130109925  
-0.7574711371  
-0.7409172789  
0.1381247315  
-0.1964264084  
0.7400158017  
-0.2935938276  
-1.215477403  
0.4836380424  
2.021122088  
-0.655479446  
-0.7510920469  
-0.4813436688  
1.144123179  
-0.2421122978  
-0.7797806777  
-1.109361483  
1.527560803  
-0.1478862149  
-1.642003549  
-0.4465932561  
-0.3856184768  
-1.454644654  
0.2428236206  
1.62921584  
-0.4195565092  
-0.3629335267  
-0.4873931539  
1.542860954  
0.2699673471  
-1.75032292  
1.570349685  
0.6691664321  
-0.6147815863  
-0.7711519787  
-1.432543936  
-1.137532457  
0.4358145092  
-1.040121806  
-1.82958044  
-0.5027359589  
-1.626152778  
-1.028514468  
-0.6452262147  
-0.6105216342  
-1.313116868  
1.613214895  
0.3960846354  
-1.140743587  
1.433519527  
1.096767179  
-0.4267735625  
-1.121810091  
0.1027049314  
0.9469341816  
1.453411491  
-0.1445275068  
-0.4127424293  
-1.569464718  
1.920870202  
-0.1959771092  
0.06325901687  
-1.054908002  
0.5235907023  
-0.401160864  
-1.190121571  
-1.524066607  
-0.1493615145  
-0.5273307816  
-0.609334949  
-1.030416288  
-1.29506358  
-0.9319388773  
1.00528709  
0.6977554564  
-1.272333586  
0.2953047638  
-1.589678248  
1.203963844  
-0.8579778327  
0.9176825038  
0.5572546824  
-0.5167495431  
0.4340228485  
-0.3770362731  
-1.089821167  
1.006479905  
-0.1341558935  
-0.3283284558  
-1.191944548  
-0.6070685364  
-0.8837380179  
0.9708463158  
-0.6247552018  
-1.473210408  
1.772597956  
-0.05555447677  
-1.378782198  
0.9013883935  
0.1278323881  
1.295306619  
0.9818303449  
-0.2601249985  
1.217308304  
1.119569312  
1.078300203  
1.196976018  
-0.3218031075  
1.226510397  
0.8214058742  
-0.3867397065  
-1.220875481  
-0.4841597559  
-1.341064001  
0.6359419488  
0.5319225259  
-1.084824826  
-0.9832642701  
-1.111663982  
0.1364691967  
-0.5251552314  
-1.445212554  
0.3185028144  
-0.1017934701  
-1.11157275  
-0.6436317685  
-0.729838123  
0.1689720597  
-0.3011328364  
0.3440356493  
-0.5856857977  
1.286240012  
-0.3490318707  
1.258860215  
1.516833602  
1.086213069  
1.389364051  
1.74418686  
0.8970995493  
0.2334857859  
0.1053360191  
0.4254718342  
0.579610916  
0.8291255132  
0.8199378749  
1.012548936  
0.4512739602  
1.387732708  
0.336405938  
-1.622024832  
-0.1236640677  
-0.3757688788  
-0.8086382623  
-0.09401585448  
0.9728583938  
0.01997256667  
0.1115914835  
-0.09716831571  
1.45896925  
0.04945313864  
0.9443479989  
0.4066727591  
-0.217817245  
-0.09845505537  
0.02938788585  
0.0857729453  
-0.4973236637  
0.2357821752  
-0.5048934119  
1.098242035  
1.325044039  
1.368014203  
0.4600366962  
0.5914550681  
1.000055739  
0.2257833024  
0.6967848523  
0.1142482566  
0.08362813045  
0.02864760166  
-0.6082180229  
-0.910516468  
0.7395432105  
-0.2076874945  
-0.5738245876  
1.241545399  
-0.487537078  
0.9848270768  
1.884701746  
0.197053437  
0.4374816129  
1.758645051  
1.305114393  
0.1766687847  
0.6109113352  
1.167837471  
1.840052009  
1.711063276  
0.5638823477  
-0.362738506  
0.7523425085  
-0.4012270234  
-0.3689806717  
-0.179266831  
1.769944373  
1.747641496  
-0.8287506676  
1.181031397  
2.306519972  
1.705528235  
0.6330006377  
0.2261703265  
0.9839633749  
1.246468272  
0.3914372446  
0.1248187054  
-0.2186375245  
1.319233796  
1.197345974  
0.8542980887  
0.1167916884  
-0.2109774254  
-0.1643951745  
-0.1881709751  
-0.2747015024  
1.05194995  
1.020271148  
1.081567041  
1.621434577  
0.6247300211  
-0.2603156888  
-0.3913262228  
-0.4311995978  
1.823109049  
