-0.05255706039  
-2.059926287  
0.8878655313  
-0.008392030237  
-1.683015203  
-0.3492610761  
-1.295614477  
-2.116129239  
-0.7357829408  
1.358583841  
-1.660607506  
0.8508021086  
-0.7477619712  
-1.541374869  
-1.755597089  
1.738192097  
2.007798687  
-0.7518878539  
-0.8022194844  
-2.011862061  
-0.3816861541  
0.3690975096  
-1.320193615  
-0.9597803888  
0.9116707868  
-0.8778302344  
-0.8695459733  
-0.2189696619  
2.105625701  
1.404588846  
-1.060587478  
0.894593088  
0.1472356279  
-0.1770210517  
-0.2097540167  
-1.068740953  
1.869193504  
1.07126871  
-0.01647649318  
-1.475366584  
0.4766400285  
-0.441690945  
-0.8561429221  
-1.217450874  
-1.383037358  
2.049528094  
-1.171602216  
-1.372485969  
-0.7713720055  
0.4876021734  
0.4912301157  
-0.1261680214  
-0.06499707288  
-0.9335123724  
-0.8180414504  
2.080765864  
0.5718331658  
-1.579256355  
-0.4955477085  
-0.6429599754  
-0.2392913366  
0.7559203605  
0.3266473595  
0.2491019258  
0.3352961569  
0.08888556231  
-1.072813777  
0.5705740992  
1.720713327  
-0.4300131651  
-0.818980677  
0.334248875  
0.3888991683  
-0.4014724817  
-0.8624962509  
0.008012185509  
2.425138308  
0.001612753504  
-1.819338555  
0.2695061065  
0.8888659047  
-1.301737723  
-0.2634085946  
2.196638833  
0.1554150835  
-0.6052022264  
0.7084597459  
2.237054931  
0.5148316985  
-1.432192608  
2.095433367  
0.6654738064  
-0.5459224326  
-0.6892183455  
-1.435985105  
-0.5999378437  
0.4110060434  
-1.565099076  
-1.156803221  
0.3343984457  
-1.940509178  
-1.067175452  
-0.529578735  
-0.9308465919  
-0.2300846943  
1.812457352  
0.07641017474  
-0.5337851199  
1.041394828  
1.697758372  
-0.684943528  
-0.3368240303  
0.5765404511  
1.113092172  
1.608337559  
-0.5660618309  
-0.4369543613  
-0.8473354053  
2.484193625  
-0.4536437905  
0.5355865439  
-0.7392912582  
-0.05390089346  
-0.5453359931  
-0.8535253493  
-0.7124202763  
0.3438263329  
-0.5606648171  
-0.5236821489  
-1.415904602  
-0.8927205595  
-0.4762633714  
0.5711766166  
0.2268156501  
-0.7391172324  
0.5635002593  
-1.541412855  
0.4232691955  
-0.8461463189  
0.2547301053  
0.1363733941  
0.33018693  
1.437836176  
-0.260593725  
-0.2814315695  
0.3975032173  
-0.4746692907  
-0.01959805831  
-1.408659552  
-0.01569327213  
-0.3685566585  
0.3414971793  
-1.023991253  
-0.8576933194  
2.085081964  
-0.4846105264  
-1.101468702  
0.5352952306  
0.552628383  
0.4626392754  
0.7960236482  
-0.6996844035  
1.532451543  
1.114258988  
0.9182069741  
0.7160986258  
-0.08182402258  
0.8287049217  
1.462468026  
-0.7754491451  
-1.27036604  
0.01979622099  
-1.688522122  
0.2592272196  
0.515050569  
-0.627436022  
-1.169628875  
-0.6292884146  
1.447688567  
-0.3212316729  
-1.304680746  
-0.2483233226  
-0.2931852637  
-1.403376581  
-0.5037677371  
-0.4757369878  
0.3026852811  
-0.6820903417  
-0.2643304274  
-1.043026617  
0.7276107934  
-0.3553148878  
1.241692033  
2.079870747  
0.2637837344  
1.237910072  
1.253753523  
1.28931358  
-0.3679495254  
0.3487661113  
0.3738950606  
0.8271743761  
1.209974102  
0.8463796274  
0.107344321  
0.8788250784  
0.8757373319  
0.9118191365  
-1.385522101  
0.0415913577  
0.3160257176  
-1.277799432  
-0.2170471302  
0.7321134764  
0.338982439  
0.2140120263  
-0.4156592355  
1.108514486  
-0.3227251681  
0.6818292438  
0.2354554763  
-0.3379487063  
0.01273945266  
-0.3803250058  
-1.040744353  
-1.246847295  
-0.3498040565  
-0.6013675264  
0.3663493842  
1.799138819  
2.043141737  
0.1982632152  
0.7751255483  
0.5200347195  
-0.5088305505  
-0.04804751602  
0.2350633773  
0.460576558  
-0.1539658707  
-1.101239254  
-1.169494285  
-0.216803239  
-0.6202051456  
-1.321010442  
0.5188563392  
-0.9726400537  
1.465346067  
2.593491888  
-0.6551178027  
0.5607379413  
2.181984954  
0.1522365914  
-0.4920080834  
-0.32109288  
0.7207572245  
1.814684468  
1.862534855  
-0.2781440393  
-0.8825079068  
0.08425127693  
-0.008159315994  
-1.367817487  
0.3090078087  
0.7406545808  
1.789847313  
-0.971488919  
1.17560335  
2.322091123  
1.540693394  
-0.0572587157  
-0.2176844031  
1.073107788  
0.6981739252  
0.2158316668  
-0.871242215  
-0.6995116172  
0.6347854106  
0.5579428266  
-0.1116804919  
-0.6495416849  
-0.7024274397  
-0.8174694819  
-0.71652736  
-0.869326197  
0.1922557341  
0.6088456334  
0.1083856276  
0.7347591628  
-0.002009056038  
-0.72899459  
-1.118779816  
-0.7302057249  
1.052734776  
