-0.478778342  
0.5138948011  
-0.912041954  
-0.6497566683  
-0.9892399155  
-0.6941699522  
-2.039781104  
-3.624466267  
-0.4223116762  
-0.5865373158  
-1.374353036  
-2.094268459  
-0.6434513305  
-0.609739624  
-1.236809385  
-1.022298787  
-0.717952312  
-0.7423180313  
0.3468682944  
-0.4013232782  
-0.3081512286  
-1.206023203  
-0.002759238632  
-0.01967556147  
-0.09363034445  
-1.061341979  
-0.6289507296  
-0.3197204859  
-0.8134761798  
-0.980480985  
-0.4426562189  
-1.144961107  
-0.378085859  
-0.1551763346  
1.434484268  
0.484614088  
1.473306629  
0.1984089772  
1.098448695  
0.7596804107  
1.481139596  
-2.214546961  
-0.1887832835  
-0.1681429522  
-1.823565116  
1.87007545  
-0.3899699108  
0.8257143874  
0.1800913898  
-0.07908547961  
-0.3740073998  
0.5305198503  
-0.3245863307  
0.115566267  
0.2930133109  
0.6085580554  
-0.1317208039  
0.01710426092  
0.3419598404  
0.4919247751  
0.2644959957  
1.138804439  
0.008098016486  
-0.8357731063  
0.9512195641  
0.9763080735  
-0.159831331  
0.954275755  
0.4226180306  
0.9122035221  
0.4902362197  
0.9488054316  
-1.818210254  
-0.03004297087  
0.9583716349  
1.350188405  
0.5648880506  
1.057372471  
-1.342960421  
-0.2729393697  
0.1661516574  
0.6312572955  
-1.37284036  
-0.4737270338  
0.6296034163  
0.1652795816  
0.5353938268  
0.6725247044  
-1.323589491  
-1.292716719  
1.234721043  
-0.8951147684  
-0.1451179197  
-0.1069494199  
0.6734877056  
-0.240805014  
0.7515070449  
-0.1304528676  
0.1059559382  
-0.5244393677  
0.2005952187  
-0.6125005528  
-0.8711101383  
0.5749757754  
-0.4087989983  
-1.010445019  
0.8903560065  
0.6618800882  
0.5057548065  
-1.350033315  
1.603743509  
-0.5327446309  
0.1128649992  
0.07590384307  
-0.9547184017  
0.8804767518  
0.2063340665  
0.03087983858  
0.1368530951  
0.3888610393  
-0.1119119124  
-0.6412145002  
0.02063975209  
0.9903235286  
0.07470533062  
-0.2674920336  
0.1755883058  
-0.4320273474  
-0.2563708102  
-0.3407288113  
0.8246141044  
-0.3776746321  
0.09033760474  
-1.855663867  
-0.06253471218  
0.8000386233  
0.5575612831  
-0.2030155713  
0.5198683011  
0.2134362313  
0.335739828  
0.07033271831  
0.6779298634  
-0.9267799742  
-1.0487828  
0.7405865437  
-0.6056485939  
-0.1436160019  
0.3512070054  
1.36489568  
0.2978885395  
0.249947772  
0.9851266312  
0.2499226113  
-0.2879748715  
-0.1383467719  
0.02748748895  
0.1347403303  
-0.4408254141  
-2.483415076  
-0.7097831278  
0.3045303764  
0.06224775155  
0.9430184856  
0.2148635269  
-0.1671735399  
-0.6892493388  
-1.401059857  
-1.428216457  
0.6622680737  
-0.4868937126  
0.1077413862  
0.7709611071  
1.872570862  
1.066862996  
2.454542479  
1.131804357  
1.995478443  
-1.156584134  
-0.4842379525  
1.362512619  
1.086291787  
0.9616403926  
1.201342474  
0.1555813348  
1.284881236  
-2.444971604  
-0.2932363878  
1.556422788  
0.9664851496  
-0.8130500451  
-1.008856361  
-1.547756804  
-2.416300721  
1.460650678  
-3.144716208  
-0.9659802658  
0.4399827559  
0.3057205196  
0.09794490961  
0.3952429306  
0.06462759873  
0.5393482382  
1.683686091  
0.5007614578  
-0.08425157484  
1.502345285  
0.4564427804  
0.5931332867  
0.4342266683  
1.437174358  
0.5163348961  
0.1046798195  
0.5619438968  
0.8880848576  
0.7977641574  
1.438060396  
0.06916461504  
1.518507417  
-2.826502384  
-2.236168871  
2.667780328  
0.2165418733  
1.492322279  
-1.872088355  
