3617.272445  
3667.361613  
3596.545409  
3792.477298  
3575.392387  
3520.731905  
3396.009305  
3185.228747  
3286.778517  
3447.981153  
3433.81238  
3694.792374  
3675.131492  
3766.174975  
3710.435764  
3546.785283  
3264.728075  
3428.502943  
3625.682439  
3599.101803  
3489.007101  
3534.800363  
3427.708977  
3597.604756  
3657.846042  
3251.550538  
3743.498574  
3613.067443  
3506.855793  
3242.070975  
3339.248632  
3486.692345  
3498.339983  
3560.696973  
3315.598889  
3319.227423  
3439.082483  
3317.875049  
3512.684518  
3408.517345  
3467.792155  
3561.040841  
3484.047496  
3414.401077  
3518.474108  
3478.649652  
3479.993968  
3614.326476  
3443.073857  
3403.519993  
3353.413885  
3361.154781  
3274.327281  
3304.239296  
3095.92518  
3144.385227  
3338.794944  
3358.271203  
3531.370774  
3345.519441  
3297.665339  
3581.77814  
3536.136652  
3517.294302  
3176.828333  
3436.15648  
3292.90411  
3234.360503  
3133.967067  
3105.041562  
3378.585663  
3458.694184  
3422.577965  
3475.620166  
3407.862651  
3427.222646  
3590.86784  
3147.661509  
3292.990131  
3217.461798  
3171.639859  
3303.220614  
3220.802051  
3368.301849  
3426.823293  
3554.654782  
3454.476608  
3305.28062  
3467.719521  
3288.545209  
3428.285091  
3327.262926  
3357.900355  
3425.94373  
3474.432805  
3489.931187  
3466.297575  
3325.04932  
3251.665094  
3304.702055  
3496.192121  
3409.420723  
3332.01216  
3281.359393  
3532.790333  
3483.394328  
3510.45053  
3500.63497  
3431.03848  
3416.562581  
3209.871611  
3192.07001  
3020.800836  
3138.336187  
2994.168437  
3099.374538  
3412.074931  
3545.030046  
3540.680331  
3538.705083  
3537.708441  
3386.664036  
3368.599707  
3272.224295  
3310.526634  
3094.35003  
3515.07118  
3292.923804  
3216.612614  
3299.324639  
3319.242517  
3330.800942  
3355.894696  
3423.112806  
3344.343007  
3295.256645  
3562.153809  
3535.435854  
3469.991403  
3473.002784  
3482.509142  
3258.947764  
3364.227875  
3433.067438  
3389.272237  
3298.873487  
3336.916325  
3214.713776  
3314.630045  
3314.344469  
3211.063968  
3259.996429  
3238.688605  
3357.299848  
3264.464778  
3236.936517  
3435.20555  
3392.120745  
3282.721328  
3204.90537  
3212.057632  
3434.672476  
3342.409273  
3587.059561  
3482.068964  
3442.252737  
3215.799958  
3086.419665  
2967.668069  
2984.440789  
3266.581356  
3185.337339  
3183.858386  
3225.772202  
3259.722265  
3446.611834  
3582.739103  
3652.880175  
3598.859459  
3589.186412  
3448.802571  
3490.247518  
3305.907346  
3265.200352  
3324.753396  
3283.771022  
3157.861798  
3391.953119  
3283.260466  
3355.649715  
3527.232444  
3559.046329  
3502.790719  
3499.207133  
3687.834444  
3607.187658  
3446.626151  
3434.905523  
3413.254568  
3390.237469  
3479.678938  
3555.220877  
3227.141164  
3460.032767  
3276.923036  
3202.171558  
3417.489026  
3125.437862  
3288.070335  
3292.557704  
3285.503831  
3451.500157  
3601.5792  
3525.482661  
3500.664579  
3455.162113  
3161.748408  
3232.892552  
3320.946276  
3299.920945  
3510.673237  
3507.422003  
3534.498213  
3421.778197  
3428.224281  
3210.254984  
3424.513531  
3456.202683  
3279.807474  
3126.9141  
3231.356253  
3230.946354  
3243.121845  
3353.239752  
3355.566491  
3457.145797  
3330.706885  
