2903.588898  
2998.349316  
2862.169121  
2758.090806  
2949.024964  
3022.992599  
3052.81977  
2974.554177  
2828.452212  
2923.858751  
2876.059991  
2932.978099  
3087.936327  
2944.904599  
2858.583765  
2804.005684  
2899.934816  
2827.965883  
2945.538127  
2912.782973  
2982.929061  
2996.007276  
3108.786817  
2935.334196  
3071.887109  
2967.555829  
3057.401867  
3059.824743  
2928.575553  
2965.35215  
2852.014259  
2921.706577  
2893.744326  
2908.064849  
2784.548636  
2853.594473  
2868.978967  
2951.032262  
2945.612651  
2919.267133  
2922.234192  
2795.381923  
2871.193255  
2857.635101  
2715.262194  
2773.798446  
2882.507565  
3035.349557  
3024.093925  
3077.266187  
2947.204627  
2838.251262  
2845.939046  
3011.918172  
2908.484855  
2942.525647  
3010.609653  
2936.961312  
2929.604364  
3048.480043  
2957.692378  
2964.628125  
2904.766613  
2686.206287  
2923.352856  
2898.019434  
2965.904673  
3023.501006  
3049.304391  
3081.422398  
3063.617045  
2819.756902  
2752.466436  
2948.793228  
2758.899987  
2979.172746  
2818.881895  
2819.10672  
2883.404498  
2816.930528  
2930.399197  
2929.925396  
2875.779901  
2831.421551  
2859.159168  
2791.986315  
2892.402845  
2836.775004  
2828.562875  
2798.123485  
2628.672726  
2618.303224  
2770.345786  
2776.260694  
2691.420018  
2941.476859  
2963.431966  
2848.22183  
2893.292596  
2886.795615  
2871.586211  
2792.170564  
2681.57023  
2952.191505  
2882.883358  
2691.465468  
2711.229629  
2903.085334  
2728.306572  
2836.46461  
2891.465226  
2946.715033  
2855.890648  
2942.316799  
3001.854647  
2815.608392  
2700.819347  
2765.016961  
2708.769936  
2889.473492  
2790.278958  
2613.090539  
2744.388479  
2941.282349  
3034.405001  
2974.37326  
2886.699812  
2822.438913  
2834.057817  
2852.667097  
2749.806523  
2799.837034  
2716.885375  
2646.377453  
2685.490919  
2648.683468  
2578.261153  
2678.390531  
2814.855625  
2901.813374  
2848.452798  
2947.058064  
2800.271331  
2849.342586  
2916.153877  
2808.514915  
2625.355687  
2598.794067  
2586.12632  
2579.141871  
2773.913289  
2821.823434  
2733.101771  
2726.450129  
2754.279519  
2697.637821  
2798.173584  
2522.50383  
2479.533358  
2484.619755  
2655.355417  
2750.961852  
2870.258648  
2897.370467  
2874.377847  
2812.282496  
2799.465485  
2757.727442  
3006.518799  
2827.645874  
2892.188535  
2759.955741  
2952.138171  
2741.064765  
2934.466913  
2799.34458  
2826.560707  
2915.780669  
2820.004655  
2867.038752  
2743.80115  
2778.027204  
2817.635887  
2902.33487  
2893.129121  
2999.886597  
2939.050094  
2961.473551  
3056.66864  
2983.475946  
3052.20805  
2926.49005  
2624.728182  
2819.145557  
2915.162761  
2877.418395  
2917.14633  
2760.235539  
2649.825564  
2656.387149  
2696.574068  
2855.069582  
2808.652769  
2790.424645  
2898.137215  
2916.231333  
2869.902967  
2871.516817  
2931.483538  
2901.438532  
3001.991727  
2807.629574  
2728.38897  
2765.354229  
2768.381675  
2942.098797  
3003.824578  
2919.109688  
2814.046495  
2735.776791  
2693.564372  
2818.340624  
2809.28735  
2766.893438  
2797.048295  
2973.310276  
3040.526317  
3093.205654  
3110.800507  
2908.565987  
2916.559862  
2833.685657  
2993.454766  
2988.813445  
2790.114357  
2913.847931  
2620.56137  
