2752.21548  
2814.328544  
2785.407259  
2978.893419  
2712.133103  
2746.114518  
2712.710509  
2506.442564  
2645.937652  
2780.936773  
2755.350759  
2936.064627  
2910.154384  
2980.773846  
2998.079163  
2893.060891  
2495.739854  
2774.857518  
2964.929458  
2883.742689  
2808.933908  
2777.563458  
2740.1791  
2777.760005  
2959.452873  
2764.027038  
2951.015721  
2962.263082  
2757.918953  
2586.473242  
2611.429911  
2638.532864  
2738.693582  
2829.394804  
2664.392252  
2587.899246  
2641.779893  
2676.281127  
2735.457757  
2724.46384  
2694.960895  
2810.886942  
2750.334572  
2716.629304  
2760.410626  
2701.102643  
2785.128401  
2939.998864  
2729.606023  
2671.672479  
2576.657534  
2620.543275  
2574.355468  
2558.73746  
2337.13458  
2407.496467  
2591.136376  
2709.193369  
2908.298087  
2599.524975  
2669.910352  
2759.547454  
2776.287614  
2769.008712  
2494.111868  
2714.299249  
2634.244062  
2557.878627  
2520.363528  
2465.970514  
2746.055561  
2697.424946  
2753.514861  
2715.253495  
2669.720956  
2680.555186  
2818.770072  
2514.393562  
2641.270041  
2549.023976  
2481.167763  
2598.837252  
2533.314138  
2526.402871  
2649.693697  
2651.148439  
2609.46335  
2502.264009  
2566.909636  
2428.105716  
2557.166302  
2517.33084  
2443.068198  
2511.103665  
2663.229393  
2731.596604  
2655.048  
2504.401496  
2457.408672  
2527.393623  
2607.88093  
2556.186864  
2529.761636  
2530.920297  
2770.540838  
2701.283087  
2759.127407  
2668.626877  
2693.352806  
2689.560957  
2521.411842  
2500.09246  
2315.566819  
2567.227834  
2402.83143  
2502.26181  
2673.884796  
2816.657001  
2795.959721  
2818.925131  
2882.237822  
2660.630892  
2655.794197  
2545.298438  
2585.845664  
2426.945515  
2665.756074  
2521.172548  
2497.536775  
2599.411989  
2617.911496  
2677.447376  
2592.907478  
2681.246876  
2612.888896  
2601.972522  
2795.318845  
2860.450067  
2817.414031  
2761.210537  
2733.124349  
2596.163943  
2679.957391  
2559.84482  
2550.434583  
2600.754534  
2667.70945  
2565.9535  
2623.567636  
2654.26198  
2524.06526  
2501.634575  
2485.937644  
2594.568584  
2573.999637  
2562.939886  
2769.830302  
2729.067836  
2672.586221  
2579.596881  
2549.775191  
2610.986792  
2575.252421  
2861.788881  
2709.720779  
2692.13282  
2691.752075  
2402.274005  
2284.000328  
2411.069695  
2565.477819  
2536.532954  
2477.5709  
2451.70868  
2503.48721  
2615.708028  
2757.437542  
2812.480896  
2773.46816  
2793.303848  
2675.961927  
2762.962089  
2446.874969  
2531.080333  
2607.697778  
2629.812418  
2573.13702  
2644.639763  
2614.027398  
2643.533396  
2840.7851  
2874.221086  
2758.024809  
2798.357658  
2941.685003  
2911.47373  
2725.392069  
2711.27012  
2795.708403  
2679.321651  
2861.453633  
2859.972543  
2680.974075  
2695.963863  
2575.353516  
2536.698615  
2730.043275  
2384.227113  
2625.14892  
2674.322648  
2648.030824  
2689.357084  
2943.694655  
2617.707215  
2705.598872  
2717.72868  
2478.220959  
2511.645651  
2547.575007  
2577.57288  
2687.585906  
2797.01975  
2783.51366  
2592.661898  
2767.384537  
2513.503286  
2708.212091  
2764.778018  
2549.63095  
2649.186406  
2656.349504  
2588.050724  
2663.992279  
2551.181869  
2739.906948  
2803.053232  
2667.648835  
