-0.581872394  
0.2944889077  
0.286570521  
-0.3751892745  
0.4019749235  
-0.3319224382  
-0.9198574999  
-0.2998810463  
-1.016710228  
-0.9679389492  
-1.448080076  
-1.241933104  
-0.6440774962  
-1.057773717  
-0.2761720913  
-0.6496424398  
-0.7658569463  
-0.5428557921  
-0.8670364338  
-1.101892287  
-1.60075622  
-1.385486677  
-0.5556998707  
-0.2654940966  
-0.4982470246  
-0.7109964294  
-0.003945583159  
-0.1893950648  
-1.148562386  
0.07268942735  
0.7173880719  
-0.4435955987  
-0.7075475467  
-0.8990913057  
-1.426028044  
-0.9738705142  
0.4456712841  
-0.7215018075  
-1.973604849  
-0.2874243261  
-0.40721861  
-0.5906156231  
-1.151254121  
-0.6978345246  
-1.233560013  
-2.384468419  
-0.6964217271  
-1.064511795  
-1.24886017  
-0.6476404646  
-0.4505731775  
-0.6743827772  
1.021791986  
1.043619902  
-0.1028756407  
-0.1236453962  
-0.8347278198  
-0.08312308176  
0.2070394785  
0.818822549  
0.1792927813  
-0.7796676378  
-0.8571766951  
-1.810189811  
-1.395764946  
-0.9981411052  
-0.8505609545  
-1.737148469  
-0.3431544564  
-0.9390869041  
-1.379294361  
-1.49910938  
-0.4880641075  
-1.342701797  
-1.027573185  
-1.53756343  
0.5409016313  
-1.312192458  
-2.633696035  
0.2480651389  
-0.755765487  
0.3556903314  
-0.04405971597  
0.1351916429  
-0.7097602281  
-1.498003973  
-0.4696463957  
-0.2782220798  
0.4885792995  
-0.5406610851  
-1.26685374  
-1.349568279  
0.282071063  
-0.2322710079  
-0.3856802266  
0.9625882538  
-0.415930561  
-0.04333942343  
0.9220084382  
-0.2871629217  
0.4943321251  
0.4902163658  
-0.7157944959  
-0.71716077  
-0.2615681613  
0.4540479031  
-0.2539777347  
0.2026654901  
-0.6017757778  
-0.6122933777  
0.05082245214  
0.07610237175  
0.6104263529  
0.2609756446  
-1.631736218  
1.711972591  
0.5851572086  
0.3998007653  
1.156794443  
0.01326558046  
0.3021594957  
-0.5720138971  
-0.7483184391  
0.3535651561  
-0.1713160855  
0.7924501856  
1.070616903  
1.40515922  
1.135758363  
2.086900622  
0.5586459626  
0.4231754826  
0.7335922213  
0.9571399742  
-0.3852194669  
0.5564134139  
1.132039974  
-0.2995638408  
0.9070644293  
-0.05254617183  
-0.880627013  
-0.4036703396  
0.1227917094  
0.155274839  
-0.0676378435  
0.1058215468  
-0.6558376053  
0.3555929091  
0.1795187884  
0.9000779286  
-1.700945781  
-2.730635277  
1.565367126  
0.825411811  
1.431462737  
1.477325371  
1.491325876  
-1.231052261  
-2.161361384  
0.3353923065  
0.3199241275  
0.8651699962  
0.4703247966  
0.1551836089  
1.098836096  
1.156719244  
0.6681976537  
0.6276630879  
1.608789996  
1.277301093  
1.941774968  
1.171675004  
0.533903127  
1.461819971  
1.10291024  
0.4806792772  
1.157683185  
1.076646614  
1.205344442  
-1.327126943  
-2.660548145  
1.031575774  
-0.7731073664  
-2.083608573  
0.5403077646  
-0.6705878103  
1.155234765  
0.7407806753  
1.839003937  
-0.6700987408  
-0.5583659304  
0.5072734224  
0.8870519964  
1.370855743  
0.02909456247  
0.8431797532  
-0.2758589641  
0.6296373631  
0.6726760304  
0.8709892884  
1.977651747  
1.719424526  
0.9059729283  
1.566625099  
1.412364225  
1.315615987  
1.046694224  
0.6019342959  
1.212195881  
1.018127357  
0.8338812779  
0.5180850408  
1.275152317  
1.32258388  
1.175278206  
0.8714476776  
0.9836801286  
1.402014498  
1.981016105  
0.4707915146  
1.096884435  
0.6943306128  
0.4711458499  
0.9561059173  
0.7357375816  
