6460.44981  
6223.878003  
6117.126421  
6057.951974  
6110.562507  
6005.035741  
5903.631365  
6182.479833  
6136.626105  
6078.625083  
6152.769616  
6220.414475  
6144.374238  
6104.326007  
6023.495351  
5924.768411  
6096.153032  
6192.324978  
6067.622069  
6075.493994  
6115.823874  
6112.114238  
5976.697579  
6028.73234  
6037.582293  
6084.694222  
5991.13648  
6031.125392  
6015.400975  
6093.112043  
6045.00705  
6083.561747  
6104.055878  
6099.663105  
5995.583759  
6106.350222  
5963.598382  
6157.102944  
6130.345014  
6064.19921  
6070.784435  
6007.183922  
6140.550865  
6054.424923  
6019.589759  
6099.715688  
6062.655326  
6058.965757  
5941.351999  
6044.22022  
5950.449257  
5912.192995  
6142.87818  
6106.911362  
5984.541182  
6039.338384  
6102.43169  
6114.467229  
6189.715841  
6147.692536  
6036.269057  
6124.331577  
6079.934724  
6104.008362  
6094.668958  
6107.734695  
6090.066726  
6039.308066  
6014.780388  
6086.742697  
6124.689753  
6100.092726  
6057.235517  
6108.471195  
6136.265788  
6043.380417  
6027.827656  
6319.674105  
6181.396059  
6035.052427  
6058.218329  
6116.827904  
6039.911663  
6024.54991  
6074.065921  
5960.392123  
6122.219172  
6124.871619  
6154.282003  
6141.785888  
6028.019802  
6011.352052  
6118.163433  
6189.780734  
6160.261242  
6126.275578  
6154.793728  
6076.289351  
6143.37862  
6026.885919  
6189.522987  
6176.000366  
6193.504997  
6189.982622  
6149.580214  
6182.614634  
6143.98089  
6167.808127  
6176.500557  
6079.033797  
6197.499011  
6187.94396  
6087.159533  
6099.81827  
6131.200334  
6165.829141  
6143.598115  
6163.042377  
6073.534038  
6045.972755  
6100.807526  
6079.749281  
6254.740487  
6220.074343  
6051.419276  
6134.976284  
6371.813257  
6312.720756  
6221.768066  
6128.435711  
6106.94347  
6210.119156  
6118.767379  
6063.545482  
6141.581943  
6134.827209  
6132.898322  
6099.891619  
6113.054703  
6173.624075  
6183.723893  
6164.958536  
6087.427511  
6046.605059  
6144.175521  
6136.769574  
6146.098498  
5989.612611  
6209.153018  
6162.641746  
6050.766106  
6132.532946  
6188.859194  
6319.39972  
6223.960704  
6056.68049  
6141.490204  
6211.513136  
6102.067635  
6007.622458  
6190.625671  
6249.279684  
6210.777486  
6023.962827  
6201.937565  
6498.012699  
6321.625777  
6431.659987  
6299.590266  
6276.543743  
6231.290561  
6220.883016  
6302.216781  
6311.932491  
6319.204539  
6224.640332  
6177.458905  
6233.089306  
6289.97624  
6345.38673  
6121.388971  
6234.899162  
6168.710708  
6189.027969  
6206.383315  
6215.821159  
6253.256017  
6250.460617  
6182.61545  
6624.339817  
6547.204791  
6240.09281  
6330.038974  
6183.345579  
6222.802118  
6141.965162  
6398.008315  
6334.013155  
6306.105106  
6230.753103  
6177.307882  
6148.742889  
6237.002196  
6315.932012  
6230.375018  
6280.805713  
6341.970796  
6307.921257  
6401.788426  
6385.54222  
6225.764175  
6194.070823  
6947.574594  
6852.217083  
6235.179802  
6286.297028  
6335.663288  
6269.632582  
6327.688126  
6228.373037  
6279.515987  
6542.095827  
6377.300322  
6364.90754  
6262.889013  
6288.748487  
6268.332992  
6263.729357  
6382.626844  
6344.440756  
6249.298035  
6487.759619  
6238.900528  
6397.115114  
6291.107265  
6212.498179  
6365.417304  
6381.480194  
6410.139372  
6322.496775  
6182.599442  
6212.619705  
6231.168979  
6192.487972  
6181.053878  
6231.63765  
6406.980526  
6255.17698  
6248.837718  
6128.324853  
6393.017885  
6903.765269  
6363.997874  
6239.002231  
6197.370272  
6240.646843  
6289.757366  
6240.622487  
6332.84869  
6250.058115  
6190.175477  
6237.98069  
6284.175741  
6374.895945  
6223.110881  
6164.584083  
6253.72943  
6350.637337  
6393.703486  
6252.88467  
6263.951304  
6253.762059  
6273.320189  
6348.357848  
6274.761202  
6337.459893  
6202.862344  
6236.12111  
6239.642357  
6289.397319  
6285.759407  
6125.79307  
6221.358696  
6230.24655  
6208.610025  
6142.882949  
6568.375578  
6984.790369  
6221.360275  
6372.435082  
6359.806219  
6334.290568  
6271.851557  
