7504.361921  
7122.774571  
7228.009696  
7120.915495  
7059.503348  
6960.127554  
6965.336604  
7246.122059  
7248.133704  
7119.458033  
7052.91857  
7265.791465  
7153.730567  
7030.026784  
6921.469896  
6844.275113  
7140.699697  
7449.527374  
7009.733506  
7234.490672  
7174.93106  
7021.77089  
6981.683018  
7019.648723  
6973.630422  
7058.120067  
7026.048222  
7043.458081  
6883.119775  
7008.496218  
7089.128226  
7099.122803  
6985.650421  
7088.625874  
6991.661398  
7141.771772  
7138.191469  
7134.801854  
7088.144589  
7098.763628  
7034.861105  
7115.580703  
7155.277411  
7022.245429  
6980.305133  
7003.882298  
6953.664218  
6960.058278  
6915.115965  
6970.582813  
6891.528947  
6818.254427  
7124.638907  
6993.791846  
6929.811268  
7003.665378  
6935.085772  
7025.04658  
7294.145826  
7015.73428  
6939.935096  
7282.985782  
7127.892254  
6958.622256  
7135.5351  
7065.542973  
7076.355649  
6949.087908  
6955.932491  
7035.036698  
6996.567321  
6958.078258  
7194.19029  
6974.49083  
6961.555246  
7115.275342  
7263.718389  
7368.264896  
7152.888236  
6943.785391  
7313.914477  
7104.727482  
7008.353181  
7001.830603  
6915.711003  
6882.909629  
7202.714686  
7077.093186  
6973.700004  
6993.867758  
6961.694541  
6951.433009  
7073.601651  
7386.062792  
7051.853172  
7220.336927  
7184.886189  
6997.035173  
7131.133789  
7022.953811  
7098.981382  
7076.269693  
7139.157057  
7113.664606  
7073.174002  
7442.249639  
7068.959526  
7120.842122  
7106.280811  
7012.179356  
7111.739255  
7093.75403  
6988.679587  
7133.169794  
7057.359585  
7105.023662  
7044.14614  
7017.960385  
6992.008016  
6943.569577  
6898.70743  
7055.104671  
7142.284105  
7139.770353  
6951.136303  
7247.174005  
7474.84078  
7241.129611  
7175.939762  
7117.810946  
7017.756634  
7332.601352  
7128.156524  
7015.805257  
7081.920294  
7015.349439  
7015.6238  
6985.588846  
7170.375208  
7375.32106  
7214.301047  
6986.37931  
7054.372268  
6984.737996  
7028.398684  
6976.692983  
7013.778467  
7132.657612  
7267.635546  
7062.143699  
7083.006446  
7137.147533  
7437.004003  
7338.880666  
7116.686821  
6946.883732  
7281.836757  
7199.639955  
7008.854682  
6913.839537  
7558.30425  
7225.294354  
7076.894569  
6981.138856  
7304.849737  
7562.067325  
7245.225844  
7467.373052  
7213.278008  
7204.268144  
7233.774456  
7207.704971  
7234.948525  
7202.681329  
7164.35832  
7102.218543  
7031.687345  
7315.927245  
7386.091782  
7323.774358  
7193.479439  
7123.671717  
7027.110501  
7187.35228  
7202.632127  
7201.756567  
7329.968797  
7126.308913  
7130.507295  
7930.055812  
7492.942728  
7188.099457  
7212.75619  
7116.490275  
7166.281218  
7198.952217  
7251.785771  
7230.473554  
7205.901449  
7057.049269  
7152.579825  
7132.306606  
7272.861959  
7178.660708  
7336.425393  
7151.528429  
7378.204806  
7138.755602  
7368.668454  
7320.303255  
7139.644897  
7355.407042  
8310.122319  
7857.13241  
7204.098612  
7342.155928  
7199.806712  
7144.059374  
7377.816256  
7156.746975  
7341.622273  
7826.275111  
7285.220427  
7325.574793  
7114.658972  
7382.257368  
7112.784652  
7209.009296  
7297.072473  
7228.541973  
7147.771212  
7661.044957  
7328.033686  
7414.802416  
7314.864507  
7010.090096  
7531.569543  
7250.774446  
7401.529231  
7244.678475  
7115.557292  
7203.444689  
7034.425846  
7082.181179  
7162.844477  
7270.929218  
7476.457797  
7183.509892  
7166.755929  
7077.557052  
7534.727352  
8169.804736  
7207.72999  
7247.681113  
6972.607295  
7188.238736  
7211.256498  
7394.371207  
7350.606313  
7104.851749  
7130.926152  
7271.184513  
7440.128033  
7410.891101  
7166.525145  
7143.270381  
7235.464441  
7291.349728  
7258.747115  
7240.113335  
7201.338976  
7287.988034  
7194.24321  
7293.479331  
7188.021939  
7178.276099  
7128.909111  
7133.163501  
7148.034289  
7186.623116  
7134.043543  
6978.596349  
7131.145826  
7353.968961  
7152.453221  
7087.196101  
7788.97944  
7998.129739  
7053.473783  
7483.852276  
7362.80723  
7201.999735  
7124.074401  
