-0.8876860615  
-0.559601209  
-1.000060157  
-1.288190877  
-0.919746842  
-0.6157751082  
-1.219183159  
-1.186388828  
-1.042566324  
-0.8398814452  
-1.640022811  
-0.9760126432  
-1.674862849  
-1.194781877  
-1.829952129  
0.1981056552  
-0.7611696733  
0.5807557457  
0.792887858  
-1.734427014  
0.2556220925  
0.1312871385  
-0.3041878895  
-1.085831797  
-0.9309051122  
-1.317937199  
-0.05689048095  
-0.4058814795  
-1.320161707  
-0.4093994085  
-0.6837402896  
-1.23256337  
-0.7091035048  
-1.106398294  
-0.8198130846  
-0.2184373646  
-0.464745256  
-0.7392695878  
-0.7590293802  
-0.814311551  
0.1537492619  
-0.3611979236  
-0.9781317293  
-1.032265596  
-0.1616595327  
-0.1426256312  
-0.6030102217  
-0.8636457505  
-0.1508438445  
-0.09065173729  
-0.7192812531  
-0.3390236621  
-0.8462556403  
-0.5437620209  
-0.6074496882  
-0.553037099  
-1.226810287  
0.3793512037  
-0.7035154724  
0.9439684828  
1.909048474  
-0.1353110555  
-0.6473120875  
-0.4763573341  
-0.5503710789  
1.131208306  
0.3356762249  
-0.2863628605  
0.3826663875  
-1.494517288  
-0.9772655044  
-1.223843057  
-0.8846013811  
-0.6291910048  
-1.43676868  
0.7576408044  
0.4006727334  
-0.9200540955  
-0.1247204146  
0.649528789  
-0.3703005065  
-0.3037311389  
-0.1674381307  
0.3030250826  
-0.4644515532  
0.3865780889  
1.214610109  
-0.1025068589  
-0.6145019125  
0.6299257632  
1.181976393  
1.099031501  
-0.06438414636  
0.3507817452  
0.6012886233  
-0.3924348382  
-0.452541691  
0.4423964907  
0.3202654187  
-0.4631074634  
-0.1078160906  
-0.609893799  
-0.1334609442  
-0.8348004268  
-0.3863568186  
-0.6691801628  
0.3907927039  
1.13426662  
0.2499741275  
-0.1615458984  
-0.6147426585  
-0.3332081815  
-0.9922594768  
0.9692005309  
0.5387353466  
-0.6138868111  
-0.5422106196  
-0.9447217796  
-0.9351134509  
-0.1650065267  
0.3213083698  
-0.826957655  
-0.6884531563  
-0.905349138  
-0.731102618  
-0.3692458071  
-0.6945660144  
0.7162588439  
2.050163944  
-0.5979521575  
0.4479988843  
-0.2531915844  
-0.2821618043  
-0.2279319499  
-0.4743950448  
-0.9127315128  
-0.4388028261  
-0.6085600073  
-0.2355826588  
-0.6552844881  
0.06174943794  
-0.1793241354  
-0.3061791663  
-0.6580449888  
-0.8501309175  
0.5600426458  
1.746124254  
-0.2769245375  
-0.01666408316  
-0.6139444418  
-0.1156630892  
1.071728875  
0.5977700154  
0.109389604  
0.3098806272  
0.4770326844  
3.650838082  
4.790113319  
3.914888669  
0.543021165  
-0.07234310972  
0.3310706527  
-0.08788177669  
0.2551360521  
-0.2726120226  
-0.1534063125  
-0.7770335365  
1.188496671  
0.4676380989  
-0.2291970142  
-0.01607542092  
-0.6077169871  
0.1266479015  
-0.9352473856  
-0.2904655855  
-1.231186624  
2.020061931  
3.930395984  
0.3549623174  
0.09626974635  
-0.2799417983  
1.475242992  
1.008267521  
0.2107003756  
-0.07647566855  
-0.3656262253  
-0.01247353537  
-0.7475679608  
1.398054956  
1.032000607  
-0.3119458422  
0.2439693629  
-0.1404370119  
0.06331975209  
0.01803462336  
-0.2171578339  
0.3317904661  
0.7455158064  
1.70901499  
0.3384971763  
-0.1398061405  
0.4146120509  
0.1529749994  
0.03521921284  
1.364552475  
2.868224705  
3.331049628  
2.106453957  
0.4182250582  
0.5461136205  
-0.3118111038  
1.901370038  
2.380463807  
0.8586165039  
-0.4665209398  
0.212351192  
0.4358532196  
0.2990660726  
-0.05432687624  
0.3436234652  
-0.837570866  
1.594555435  
0.4576364942  
0.1960777007  
-0.01118784422  
-0.5602595411  
-0.8309577022  
-0.05957914774  
-0.4661224855  
1.028930248  
1.500288752  
0.8927896322  
-0.2969302634  
-0.520316347  
0.2980034479  
0.2790674234  
0.6415047435  
0.4934237284  
-0.1924664883  
-0.616532151  
-0.06681217538  
-0.5593538446  
-0.521074101  
0.8635084877  
2.576462906  
0.6434364368  
0.02664634611  
-0.04082998689  
1.996634864  
2.435155985  
2.44027451  
0.09082686934  
-0.7730528468  
-0.03074676522  
-0.7166058136  
0.2487268797  
-0.4159076525  
1.583159596  
0.6765744211  
-1.24086577  
-0.7414129937  
-1.038203097  
-1.047839922  
-0.8479927778  
-0.1134883611  
