6396.206147  
6347.355199  
6316.769712  
6121.033392  
6211.752387  
6196.614002  
6280.505969  
6204.522928  
6258.41772  
6134.958685  
6291.580485  
6263.797369  
6320.212339  
6234.972336  
6369.058444  
6217.341829  
6119.567088  
6191.311356  
6008.414595  
6170.831335  
6222.879966  
6031.358076  
6037.32034  
6192.035713  
6198.094082  
6038.451092  
6190.010589  
6172.363458  
6198.15527  
6093.015829  
6251.510842  
5963.998238  
6437.512732  
5348.986903  
6144.12988  
6301.984546  
6132.266214  
6340.751895  
6344.875643  
6390.780839  
6365.89795  
6444.824625  
6346.094372  
6404.395928  
6568.383404  
6504.750511  
6461.893495  
6358.957995  
6409.350139  
6832.780542  
6755.788779  
6596.843293  
6485.26726  
6764.58287  
6758.219208  
6720.452882  
6836.398873  
6667.316193  
6533.562628  
6620.812167  
6703.985732  
6598.543543  
6547.628219  
6483.111919  
6437.701266  
6374.565746  
6558.07653  
6501.235641  
6269.040151  
6302.492886  
6247.2421  
6330.015438  
6211.398474  
6457.198072  
6896.851001  
7129.781222  
7268.44789  
6870.46719  
6383.277044  
6394.929066  
6197.874022  
6524.632528  
6433.82387  
6345.5902  
6346.195936  
6263.1988  
6355.651245  
6235.769077  
6275.046264  
6262.272561  
6356.88433  
6294.389358  
6308.706675  
6253.261986  
6267.309636  
6640.742064  
7044.101539  
6854.038089  
6576.005214  
6462.251424  
6545.927917  
6472.985708  
6430.025319  
6285.562852  
6328.707407  
6297.619293  
6120.553546  
6134.152618  
6150.96617  
6151.882031  
6204.122913  
6187.386169  
6226.167011  
6220.507226  
6213.598257  
6198.536075  
6181.970358  
6053.309533  
6075.782957  
6035.046719  
6126.890046  
6131.972847  
6159.39473  
6155.056757  
6845.54853  
6446.75374  
6115.502059  
6081.520198  
6111.490179  
6147.117894  
6234.146283  
6225.18831  
6832.005724  
7247.884285  
7271.927351  
7017.472117  
7314.641624  
7390.002431  
6696.221764  
6554.039497  
6402.040443  
6302.723481  
6169.956478  
6239.383676  
6354.199452  
6253.827811  
6316.406004  
6251.901854  
6210.45404  
6308.981308  
6301.002008  
6266.10865  
6211.300595  
6143.472743  
6090.113747  
6094.695733  
6088.408775  
6105.665634  
6160.068907  
6165.909811  
6230.078551  
6131.689153  
6151.222402  
6138.472522  
6159.9293  
6155.081845  
6275.040565  
6206.92299  
6167.896874  
6088.560398  
6246.472808  
6092.86642  
6254.158346  
6184.350409  
6158.051852  
6090.724782  
6038.111578  
6100.773668  
6132.258049  
6140.293509  
6206.169164  
6488.972306  
6228.103402  
6183.782841  
6110.620882  
6391.164563  
6783.425846  
6762.141589  
6948.895271  
6465.01362  
6421.408802  
6257.531014  
6374.465525  
5856.831706  
6227.479846  
6627.389103  
6470.326397  
6399.563402  
6355.888803  
6294.042122  
6247.114582  
6243.97489  
6932.351703  
6490.095521  
6763.998701  
6657.675119  
6246.480127  
6309.06801  
6361.879798  
6455.459314  
6596.201715  
6610.044434  
6341.362719  
6322.965281  
6272.700157  
6223.8015  
6531.184599  
6936.843047  
6743.612872  
6876.774272  
6544.836382  
6571.577298  
6341.805278  
6401.132188  
6306.353593  
6319.162053  
6271.093746  
6296.328568  
6085.987257  
6208.997347  
6258.134075  
6325.752067  
7030.621097  
7391.011295  
6665.490078  
6361.728323  
6329.260157  
