-0.3545473111  
-0.3676330316  
-0.5488900244  
-0.9777018824  
-0.8488095607  
-1.392151581  
0.7634582675  
-1.097971177  
-1.018584092  
-1.251934517  
-1.017613441  
-1.457863605  
2.93868155  
0.178236186  
-1.19887922  
-0.9337988704  
-1.171606654  
-1.101004386  
-1.220986916  
-1.040136725  
-1.137966182  
-1.273856001  
0.3141856909  
-0.1786355995  
-1.064296188  
-1.009807516  
-1.169762032  
-0.9729592709  
-1.203373167  
-0.9767814278  
-1.294095996  
-0.8411204927  
-0.4554684809  
-0.4119882919  
-1.033412301  
-0.8871221461  
-0.9803369141  
-0.7907178518  
-0.3760191623  
-0.9094683491  
-0.7817789956  
-1.026428688  
-0.9877958171  
-0.9478585766  
-1.200912508  
-0.6987190075  
-0.8832983751  
-1.243371125  
-0.9491510575  
-1.256184223  
-0.6842437767  
-1.252598052  
0.553288375  
-0.001153675735  
-1.05834028  
-0.6344934642  
-0.565858859  
0.04061228383  
-0.7672082967  
-0.8218650273  
-0.9539891631  
-0.6602616213  
-0.7780250912  
-0.9098377004  
-0.9841911574  
1.345142567  
-0.6211836707  
-0.4870491834  
-0.4001659085  
-0.6285569977  
1.469048051  
0.143854829  
-0.1659721775  
-0.1361687928  
-0.5193489624  
-0.5167444034  
1.672862021  
-0.2987693871  
-0.5825340684  
-0.9530997685  
-0.570950674  
-0.7657232224  
-0.8084201362  
-0.5998818786  
-0.8571799835  
-0.3964955819  
-0.543325161  
-0.6128151866  
-0.8861566357  
-0.6555780792  
-0.4038232228  
-0.3273978772  
0.1610948122  
-0.5725072823  
-0.583942209  
-0.62408373  
-0.5680026986  
-0.5206304707  
-0.02648410872  
-0.3637754717  
-0.29635016  
-0.1478516362  
0.1881972577  
-0.7843460631  
3.098978207  
1.904052275  
-0.1599921758  
0.6680673937  
0.05219925102  
-0.1488282123  
-0.4060786524  
-0.2175317279  
-0.528318337  
-0.285881979  
-0.7477634929  
1.502229403  
1.147481894  
-0.1648431383  
0.3000416154  
-0.3067529316  
-0.2367515953  
-0.3458967462  
2.164145503  
0.09744718943  
-0.5531596111  
-0.30846937  
-0.7172022058  
-0.2006811149  
-0.4962045301  
1.191047225  
-0.2641605872  
0.2852610672  
0.1368930215  
-0.4993825611  
-0.2943092164  
-0.4104464071  
-0.01383861139  
-0.2084915513  
-0.219620034  
0.849110728  
0.8768879985  
0.3033888122  
0.1248736852  
0.2598032662  
-0.0858832505  
-0.1688893867  
0.2697926418  
-0.04741598618  
-0.3489334762  
-0.1364783794  
-0.0008007789175  
-0.02775204133  
-0.03880658755  
-0.1787922067  
-0.04047166908  
-0.2224155759  
-0.3884823086  
-0.04705274473  
-0.45385295  
0.4553716776  
0.2713925119  
-0.04809397689  
-0.3385328941  
-0.136811722  
-0.1001655687  
-0.5545198665  
-0.2780732452  
-0.2181345873  
0.1880176004  
0.422914864  
-0.2862405255  
0.3056075298  
-0.3225096737  
1.469762762  
1.291644003  
-0.06768280681  
0.2400709908  
0.3719518007  
-0.577222552  
1.862729583  
0.2289979726  
0.8905787317  
0.7256670351  
-0.06872392993  
0.7523550635  
0.06113759078  
0.9373563507  
0.3698841732  
0.2978891151  
1.421805645  
1.050879126  
0.2904263383  
1.850661573  
0.2409779845  
1.192813421  
0.1367841651  
3.651616989  
2.762927143  
1.843189234  
1.329187449  
0.2615893118  
1.928401092  
0.8564612727  
0.1961181427  
3.26050177  
0.9814364625  
1.004532786  
0.519945823  
0.4681877716  
1.975149999  
0.2340456495  
1.666973125  
1.519605677  
1.28472554  
0.3807800201  
0.3981069304  
0.2353787356  
2.355200437  
1.851778408  
0.5768384328  
0.5239854338  
3.202079378  
1.450648676  
1.198696878  
3.911393927  
