-0.1743207497  
-0.4649200535  
0.05603475134  
-0.06995395287  
-0.1761511465  
-0.4149655963  
-0.4367187556  
-0.327000932  
-0.2262444491  
-0.2868130591  
-0.2372951977  
-0.133058035  
-0.1272788546  
-0.6550416011  
0.5516545698  
0.9401908084  
-0.4538995796  
-0.3960464032  
-0.7843163242  
-0.6058686176  
-0.8062389765  
-0.3373290962  
-0.433060325  
-0.6041536628  
-0.54397222  
-0.3602375293  
-0.6929149978  
-0.8738615682  
-0.9677157246  
-1.007137078  
-1.226463103  
-0.7122990188  
-0.8911708944  
-0.7042320799  
-0.829470828  
-0.6705115846  
-0.6092088511  
-0.7716866124  
-0.6466883997  
-0.6628345677  
-0.723676345  
-0.5274303975  
-0.7084771055  
-0.6320355943  
0.03642448812  
0.6543142136  
-0.03585694159  
-0.1063741343  
0.01074776323  
0.3375432088  
-0.06487285367  
0.5634873183  
-0.6103267277  
0.1688142525  
-0.01258335442  
-0.2957849784  
-0.1160266742  
0.01137702936  
0.513433741  
-0.3852963182  
-0.2730898327  
-0.4166623516  
-0.3452550052  
-0.4003030537  
0.2107346317  
-0.3141904094  
-0.1974502213  
-0.4297671829  
-0.4105814545  
-0.4832401616  
-1.136651811  
-0.4000961173  
0.1767459354  
-0.207367209  
-0.6096832002  
-0.8031384051  
-0.7331785626  
-0.33642468  
-0.6498732186  
-0.3875784811  
-0.5240652813  
-0.04552069853  
-0.1571065867  
-0.007935016768  
0.05757193431  
2.112298781  
1.267796008  
0.7633285658  
2.138570593  
1.619202741  
2.514063038  
2.000963765  
2.824972029  
1.657317223  
0.1351695131  
-0.2863134308  
1.147985769  
2.163768935  
0.8055502073  
1.506547074  
0.4636898867  
0.2771389109  
0.7735485996  
1.205987772  
1.53575406  
1.244591922  
0.5704874737  
-0.1823552777  
2.289766698  
1.536018474  
-0.5488736033  
-0.2259716818  
-0.2864427626  
-0.5437808782  
-0.6223274448  
-0.2535309733  
-0.4634707329  
-0.7008662415  
-0.4368300098  
-0.5674219853  
-0.2207496851  
-0.3199858381  
-0.616903953  
-0.4972987101  
-0.4728696213  
-0.657664563  
-1.149730498  
-0.3490967367  
-0.1433434488  
-0.275528902  
-0.4566083692  
-0.2933033102  
-0.4426221187  
-0.4360990424  
-0.3841684144  
-0.6038941538  
-0.2174561037  
-0.3000732363  
-0.378619494  
-0.4114135606  
-0.6204298497  
-0.58403456  
-0.5116486616  
-0.5071844101  
-0.6107538119  
-0.3655100384  
-0.5789013589  
-0.4236893016  
1.074019925  
0.1663828974  
-0.5982008295  
-0.2738702624  
-0.5811500214  
-0.452674236  
-0.4331476251  
-0.6159880185  
-0.4292404896  
-0.4923744666  
-0.7322523551  
-0.4478082585  
-0.7547467556  
-0.8790875671  
-0.5982992312  
-0.5859332505  
-0.240223085  
-0.641470077  
-0.488882011  
-0.4601031411  
-0.3464706418  
-0.6135959742  
-0.4825817399  
-0.4980297828  
-0.0390919844  
-0.784977114  
-0.6547382894  
-0.9473392329  
-0.38497509  
-0.2646693485  
-0.921820958  
1.032752761  
0.9324815713  
-0.2576330367  
0.9406072478  
0.2752740507  
-0.1041939083  
-0.4222143706  
-0.1716227656  
-0.4835412413  
-0.2201315818  
-0.6791574739  
1.622905155  
2.121741681  
-0.2068927921  
0.3237698109  
-0.4027851729  
-0.03457151878  
-0.7238724918  
-0.4093099494  
-0.9978256444  
-0.3187823345  
-0.1902022492  
0.2958589532  
0.2959926273  
5.566472419  
3.692686214  
1.682859919  
2.70819564  
-0.09834374416  
-0.4558372638  
0.02682691723  
0.7329009892  
-0.773297082  
-0.183508224  
-0.6856219369  
-0.3225725567  
-0.7000264913  
-0.3835572784  
-0.9235247679  
-0.4838540659  
-0.911225492  
0.1759507451  
0.5911174781  
0.2978858844  
-0.5326067285  
0.6746657164  
5.980449877  
6.043852993  
0.148226982  
2.471437778  
1.446896053  
0.387844936  
0.5744576606  
0.7242387811  
0.8713352321  
0.689000474  
0.4791474035  
0.3920484113  
1.014380812  
-0.06771648991  
0.03222104986  
0.0270439488  
0.2150325937  
-0.1460237874  
-0.6847427623  
-0.167537253  
0.3886759329  
0.4007647884  
0.09839481421  
-0.6456469621  
-0.5547214506  
-0.6594087306  
-0.4646693602  
0.5779213074  
0.1022749144  
0.1115615964  
0.3141835367  
-0.339888027  
-0.8722478879  
-0.8995837544  
-0.2895110124  
0.1389145706  
0.08679869131  
-0.01915894341  
-0.1086879471  
-0.3953004935  
