9144.796035  
7322.461078  
7485.219123  
7459.393567  
7530.623959  
7507.887167  
7698.702048  
7502.864952  
7698.060714  
7339.404118  
8382.726028  
8206.978471  
7617.883013  
7684.401316  
7489.198421  
7415.884918  
7938.089748  
7752.534081  
7418.418912  
7376.210057  
7237.823419  
7615.739303  
8182.787373  
7654.774505  
7818.364444  
7459.189535  
7289.034576  
7194.848012  
7560.191868  
7226.380953  
7528.927577  
7396.317134  
7650.538086  
7757.352773  
7372.242272  
7544.420529  
7317.172984  
7809.404149  
7777.292992  
7567.62076  
7803.314016  
7339.043458  
7621.950084  
7596.496088  
7709.97694  
7600.328764  
7653.939277  
7596.525491  
7708.25073  
7799.897465  
7544.254038  
7501.043808  
7696.296575  
7739.392116  
7557.059424  
7620.062062  
7678.346132  
8407.283688  
7970.94032  
7555.99687  
7699.501336  
7688.800399  
8144.061379  
7700.117217  
7608.40439  
7661.818923  
8620.189271  
8218.646304  
8032.762975  
8797.311422  
8578.675257  
8456.439502  
8065.88211  
8208.563796  
8035.372687  
7792.025951  
7867.843456  
7526.952109  
7369.132904  
8065.994642  
7925.917724  
7460.062416  
7119.605748  
7654.525853  
7376.37208  
7394.980296  
7249.894589  
8097.008589  
7696.486219  
7451.967906  
7582.911922  
7537.89511  
7685.513669  
8455.198673  
8477.655184  
7907.321159  
7480.53207  
7452.136291  
7826.700086  
7829.548651  
7607.369318  
7525.26009  
7704.330755  
7500.050114  
7647.73816  
7785.413818  
7398.781424  
7694.535123  
7795.444619  
7889.692967  
7980.216082  
8109.264458  
8744.639649  
8660.193324  
8486.675237  
7869.945249  
8489.06159  
8374.244727  
8116.783939  
8988.425668  
9002.658021  
9211.344713  
8497.549562  
8605.664984  
8770.134768  
8318.757383  
8202.869546  
7507.673496  
7604.2939  
7774.971328  
8123.276354  
8289.875454  
7957.860899  
7938.195608  
8149.836265  
8728.607989  
8300.978946  
7905.816509  
8778.580684  
7926.910297  
8160.806466  
7994.882689  
8024.123639  
8656.854965  
8995.878365  
9073.524233  
8864.945106  
8857.968802  
8205.126576  
8699.524732  
8486.1389  
8421.270722  
8904.992814  
8819.415826  
8777.564177  
8707.32152  
8673.549998  
8337.600295  
7425.943246  
7669.478677  
7554.496571  
7943.181819  
7847.494209  
7659.099268  
7803.21108  
7732.021891  
7807.102638  
7970.347415  
7831.162514  
8115.05968  
8065.008484  
8222.046483  
7822.857464  
7734.541554  
7574.559458  
7837.638837  
8471.618355  
8508.560215  
8393.473162  
7693.112668  
7750.629552  
7776.715169  
7794.878912  
7640.836125  
7751.664252  
7832.932406  
7517.614761  
7773.420638  
7565.017657  
7661.482746  
7791.747824  
7650.706522  
7688.04939  
7883.189866  
8119.182066  
8502.75905  
8331.198187  
7670.784658  
7698.938581  
7559.969695  
7674.050594  
7980.769858  
7867.287168  
7593.454776  
7844.536327  
7596.265445  
7590.383133  
7777.009504  
7901.374657  
7628.194139  
7659.254646  
7971.565841  
7638.930356  
7571.381546  
7874.660994  
7842.930413  
7535.383881  
7549.352267  
7884.811372  
7735.629227  
7658.569717  
7539.203921  
7892.592449  
7749.331009  
7827.586253  
7694.266336  
7513.489643  
7444.825245  
7820.096006  
8727.249641  
8810.300416  
8856.855363  
9561.694578  
9734.145914  
9715.615538  
9877.755778  
9734.832529  
