0.7917565975  
2.328551992  
0.6426183908  
1.565959359  
1.419152022  
1.274158488  
1.556213727  
0.5353699044  
2.505470511  
1.72122631  
1.688989977  
0.2550112461  
1.624971925  
0.4327642244  
0.3996707296  
1.655072576  
1.208341316  
1.782600685  
2.251260264  
0.7477164488  
1.536155201  
0.2850906374  
0.714523108  
0.9724580168  
0.8020026284  
0.8269412518  
0.5704464028  
3.670240516  
0.7362833378  
1.05334773  
2.725973004  
0.2780298786  
0.4921232049  
-0.513680985  
-0.002963799959  
0.1987862788  
1.541129478  
0.38301169  
2.284196177  
0.3353363589  
0.4840437686  
0.4588126286  
0.7356392683  
-0.2884709144  
1.071544886  
0.5060293507  
0.6204331978  
-0.302513843  
-0.3244648277  
0.8188123528  
0.2941438074  
1.110395263  
0.8761123233  
-0.4895264396  
0.581563435  
0.2160878822  
0.4441341064  
-0.340966563  
-0.3146726061  
0.7103249462  
-0.2171723976  
0.318287344  
1.503020419  
-0.9702601217  
-0.1174280828  
-0.6866487417  
-0.2255025081  
-0.01312948329  
-0.9961915387  
0.8711231785  
-0.3381429697  
-0.1522884376  
1.687955328  
-1.055296876  
0.348497649  
0.5271022959  
-0.4925953595  
0.2647563879  
-0.1814127005  
-1.085924353  
-0.4024879393  
-0.890260642  
0.5176454264  
-0.6991197003  
-1.364695579  
-0.9237461738  
-1.668209462  
-0.4763371443  
-0.6027074308  
-0.7502621675  
-1.141610477  
-1.289105747  
0.2005484517  
-0.7736791882  
-0.2417027781  
-0.4677833503  
-0.4662501732  
-0.2854244934  
-1.274800622  
0.2159062513  
0.4157348707  
-0.9874994895  
-0.2872956922  
-1.059677039  
-0.1906227751  
1.651260609  
0.6211689667  
0.5708136905  
-0.4299191435  
0.4624115974  
0.9820888088  
0.4181014678  
-0.8474348604  
0.2438546713  
-0.3992819257  
-0.4495144456  
0.8403086657  
2.148636116  
-0.1643257208  
-0.1714977604  
-0.2129001934  
0.4883816308  
1.976321221  
0.5461656231  
-0.2644925322  
-0.5789629357  
0.1933421567  
-0.09965978032  
1.725080091  
-1.328284101  
-0.637635016  
-1.179320998  
-1.134899431  
-0.06844002352  
-1.295289115  
0.07495027816  
-0.5836231427  
-1.159103834  
-0.2488166085  
-1.610688898  
0.4691520887  
-0.01037734998  
1.126005158  
-0.02437064825  
0.3624312141  
0.5474084756  
-1.255565702  
0.3632857035  
-0.2947359208  
-0.9624781884  
-0.2671023461  
1.266183302  
-0.575367445  
-0.3588905147  
-0.2445510788  
-0.1381692015  
-1.385537647  
-0.6160722548  
-1.179888098  
-0.2972703375  
-0.5805613202  
2.444108874  
-0.7845154426  
-1.447230093  
-0.9507100419  
-0.9032525209  
3.750049024  
-0.2261433845  
-1.599495689  
-0.4676790943  
-0.8094379184  
-0.7968288265  
-0.8757550882  
-0.8181932235  
-0.2966022085  
-1.436444468  
-0.6667547364  
-0.08144209566  
-1.616575901  
-1.355220658  
-0.4762316943  
-1.491270286  
-0.5319507778  
-0.2391345158  
-1.492102381  
-0.772146904  
-1.363598945  
-0.8529380401  
-0.5346214106  
-1.511063115  
0.3350814013  
-0.02078324714  
0.1595218875  
-0.3011212637  
-0.8663664224  
1.167377909  
-0.465666132  
0.5971278885  
-0.6513828067  
-0.4488337347  
-1.145666315  
-1.075496024  
-0.200066809  
-1.643131883  
-0.1239902762  
0.331731263  
-1.116949881  
-0.3556967713  
-1.487983146  
-0.5435308967  
-1.149793723  
-0.343840139  
0.5391831406  
-0.06453992523  
-0.1075329965  
-0.9093267271  
0.4208923073  
0.4680540966  
-0.6579633079  
-0.3627991454  
-1.184147396  
-0.1781579229  
-0.8820483792  
-1.19590232  
-0.5944685552  
