-0.899292048  
-1.37967626  
0.3717241154  
-0.1170122115  
0.9210329975  
-0.8983803184  
-1.556706106  
-1.363802205  
-1.707473455  
-0.665739814  
-1.437027185  
-0.2454475831  
-1.655833171  
0.1235033875  
-0.4542952052  
-1.133678377  
-1.187444964  
-0.301518029  
-1.575964335  
0.1464677817  
-0.1648403808  
-1.262767446  
-1.031353736  
-1.45322452  
-0.9396274798  
-1.529330891  
-0.9500699595  
-1.874973108  
0.1527078965  
-0.8049044444  
-1.268819656  
-1.100199359  
-1.105986471  
-1.18370939  
-1.083778315  
-1.54420327  
0.3391251509  
-0.02476430295  
-0.9839716564  
-1.017462411  
-1.560735463  
-0.362836475  
-0.9612435658  
-1.150127408  
-1.535295147  
-0.7946472013  
-0.9144822156  
-0.9939706172  
-1.383494331  
1.070745155  
0.5290986504  
-0.9454241371  
-1.014758302  
-0.08230745246  
-0.905591443  
-1.191339588  
-1.008591265  
-1.250493705  
-1.005856882  
-0.6125084849  
-1.39338908  
0.124546549  
-0.2319980876  
-1.176426312  
-0.480043146  
-0.5019673279  
-0.7280626326  
-1.124939891  
1.061462296  
0.2725402782  
-0.7047177105  
-0.430700146  
-1.313032469  
-0.2591058193  
-1.169132168  
0.6855761822  
-0.2773383048  
1.504843443  
0.308830676  
-1.274495071  
-0.643369025  
-1.175376441  
-0.4657134519  
-0.7449309804  
-0.4389414236  
-0.4851470348  
-0.7558215422  
-0.4718221465  
-0.6700697688  
-0.952105156  
-0.5593832197  
-1.269372942  
0.7526903959  
1.056917208  
-0.1461106957  
-0.6846808353  
-1.050776435  
1.380820654  
-0.9028917592  
-0.3812392693  
-0.5883509538  
0.1790168829  
-0.3486980644  
-0.1231943787  
-0.5981842421  
-0.6478707761  
0.06963002689  
-0.6556802582  
-0.9192813779  
-0.7769761382  
-0.4016555384  
-0.3554642972  
-0.9235370951  
-0.6899586669  
-0.7220422757  
0.5633920465  
0.307212358  
-0.6481200531  
-0.9241104396  
1.293512474  
0.008550777981  
-0.2933537699  
-0.5648179489  
-0.8554884755  
-0.1032297708  
-0.4634424838  
-0.1194315149  
-0.03232390209  
-0.6966558873  
-0.2799409056  
-0.8011612102  
0.7642312796  
0.562989898  
-0.7963450379  
0.8447520689  
0.03224847618  
1.861856713  
0.7861184494  
-0.228535171  
0.3236324697  
1.691908386  
0.1589404583  
1.070921012  
0.1495445628  
-0.09428620767  
-0.3324047626  
-0.05561063057  
0.3719504565  
-0.2743311191  
-0.7249868818  
1.213404109  
0.190871313  
0.1913902805  
0.2492645292  
-0.3827840252  
-1.209859723  
0.5660357155  
1.125981605  
-0.5439122642  
0.4324326909  
0.6037602219  
0.07219219761  
-0.1721674667  
-0.1779162966  
-0.2373925272  
0.1205636652  
-0.1627582517  
0.03051834891  
0.8512638366  
-0.4085440321  
-0.463826497  
1.325991575  
0.487854218  
0.2442109582  
-0.1771728163  
0.05955729074  
0.1929264586  
0.1755471621  
0.06544668394  
-0.7972117875  
0.8724525934  
1.204365004  
0.0149050656  
0.1572158849  
0.8804032873  
0.05755691062  
1.444248569  
-0.244945538  
0.5371822504  
0.5668509183  
0.05621432344  
0.2533238996  
0.3665893009  
-0.5335744981  
0.6411019765  
0.7488879077  
-0.3937319276  
-0.3052492462  
0.1407854262  
-0.3972757448  
-0.06863728918  
1.481806681  
-0.2031841576  
-0.03535319407  
0.4616834813  
0.0774675149  
-0.6348834552  
-0.07965036287  
1.06626474  
-0.1369108396  
0.7961577089  
-0.3818324301  
-0.7665374144  
-0.9513781733  
-0.9169786831  
0.6488416153  
0.4515214596  
1.63567517  
-0.6973014207  
-0.871235019  
-0.7648649744  
-0.2351725565  
-0.6101911935  
-0.8465965057  
-0.6449974526  
0.2089833431  
-0.1225821271  
2.973824876  
2.468154074  
-0.263272467  
1.109762266  
2.339657256  
1.126983111  
-0.5172609398  
0.5932183911  
1.415173264  
0.1442806307  
0.1666080101  
0.3576092429  
-0.009860398764  
-0.2124964863  
0.2725415784  
0.2322724835  
-0.4722572158  
0.1568610217  
0.6089263908  
1.230741903  
-0.3489197449  
1.080900268  
1.318148452  
0.8215524758  
-0.1943956247  
3.579004122  
2.449784474  
0.0442944055  
0.6458574508  
0.5951473879  
3.605256205  
1.161384884  
0.1694688845  
0.1000742593  
0.7845257853  
0.4592024261  
-0.3157460696  
-0.3295051645  
1.242243128  
0.08787167165  
2.059782711  
0.07592602801  
1.37243547  
4.907997407  
1.533800906  
0.378416577  
1.9809154  
-0.1279468465  
1.271040161  
1.966648838  
0.6844489885  
0.4352456086  
-0.1417890582  
1.487198159  
3.995739434  
0.7759472285  
1.965651347  
0.3918140673  
1.103621174  
0.4641414391  
0.8283602576  
0.9759188812  
1.59847597  
0.8389001727  
1.53551468  
0.2076009898  
