10770.16296  
10606.41083  
10233.18735  
9975.377574  
10151.88347  
10229.8031  
10215.96821  
10187.98431  
10461.19763  
10384.51011  
10390.06083  
10452.40137  
10289.17557  
10026.69844  
9870.583823  
10024.73392  
9902.494586  
9779.647307  
9850.274153  
9721.737526  
9909.93424  
9870.010594  
9786.293447  
9783.362097  
9806.552108  
9816.868112  
9825.003362  
9620.370818  
10083.62909  
9743.907571  
9796.4605  
10083.21701  
9937.840632  
10076.03029  
10065.28597  
10074.60233  
10061.90988  
9943.075127  
10222.1839  
9627.818634  
10146.32871  
10058.50722  
9980.620238  
9824.982935  
10130.91697  
10169.37798  
10375.62828  
10170.56522  
10168.33762  
10332.26315  
10166.2018  
10256.01015  
10175.8507  
9933.830129  
9916.111192  
10263.67426  
10175.36521  
10045.63316  
10658.54765  
10507.9286  
10106.3214  
10252.41178  
10474.64899  
10314.9033  
10277.05828  
10291.41334  
10135.98823  
10570.08968  
10238.21784  
10255.3309  
10108.47152  
9947.773117  
10182.90076  
10243.70935  
10162.45443  
10126.13331  
10216.73521  
9929.440163  
10052.6526  
10226.63506  
10557.75821  
10521.19226  
10012.45968  
10554.95332  
10213.8365  
10170.3082  
10111.56609  
10053.81132  
10181.74001  
9936.928791  
10371.27497  
9936.728862  
9748.813595  
9958.584821  
9966.691533  
10141.92038  
10339.34787  
9906.909007  
10314.3362  
10318.41814  
10058.46641  
9605.60572  
9870.824557  
10146.22466  
10342.18747  
10451.03667  
9980.312195  
10301.16023  
9977.823429  
10185.04067  
10481.30941  
9977.96021  
10164.34343  
10167.00348  
10210.595  
10161.22234  
10146.83869  
9986.440185  
10298.54297  
10426.41663  
10557.644  
10337.22026  
10281.8848  
9767.268944  
10123.09174  
9957.642343  
9458.099631  
9532.71043  
9783.604798  
10421.75744  
10122.71436  
10305.09117  
9896.568585  
9855.386238  
9113.274149  
9496.162889  
9980.587599  
10142.3121  
10043.1159  
10518.45674  
10495.91949  
10066.65475  
10307.32088  
10046.33695  
10083.45979  
9979.512559  
9607.129531  
9703.014909  
10144.4132  
9726.415086  
10309.23633  
9703.047509  
9730.623455  
10152.85244  
10157.28321  
10715.1743  
10563.37418  
10597.25965  
10149.664  
10072.59508  
10264.5249  
10213.09797  
10319.26875  
10326.46976  
10297.93913  
10225.59871  
10372.15832  
10273.5741  
9966.150937  
10229.98463  
10179.80824  
10098.22281  
10155.37791  
10209.70355  
10195.60145  
10180.59768  
10486.6806  
9932.294056  
9939.384913  
10334.33574  
10400.98877  
10389.07349  
10194.19386  
10417.58167  
10375.96687  
10409.40557  
10378.09248  
10368.39866  
10583.71446  
10631.86317  
10318.90159  
10411.48224  
10162.15659  
10170.86512  
10515.35191  
10013.90189  
10351.57327  
10594.55059  
10625.05586  
10411.79229  
11043.33551  
10806.97982  
10463.30693  
10699.17507  
10618.3669  
10757.0278  
10368.59451  
10581.50926  
10561.92994  
10500.38282  
10764.26349  
10372.01552  
10271.93399  
10294.06529  
10310.10534  
10392.38228  
10131.04751  
10003.66748  
9724.756587  
10141.33288  
10172.07884  
9594.041284  
10148.52981  
9660.65554  
10070.27562  
10064.72087  
10074.78597  
10024.73398  
9707.731292  
9598.580138  
9634.434133  
10087.94968  
9801.213595  
9811.864118  
10084.98972  
9724.199717  
9550.82511  
9958.413452  
9937.295992  
9598.059981  
9989.398072  
10060.55327  
10067.74205  
9794.651118  
10081.81355  
9810.868606  
9732.112647  
10118.52025  
9609.624397  
9990.601669  
9769.333401  
9833.707804  
9920.515442  
10036.20863  
9421.964087  
9755.363902  
9936.788008  
9913.07369  
9717.300591  
9675.306432  
9994.948758  
10056.00013  
9467.354899  
9635.63973  
10073.70273  
10064.28024  
9630.945828  
9722.225014  
9629.691274  
9908.959169  
10188.25564  
10266.02631  
9700.891349  
9928.499811  
9694.849018  
9787.064533  
9511.48079  
9886.117985  
9824.277147  
9676.442647  
9626.078578  
9519.350913  
9606.913249  
9604.897871  
9820.998951  
10239.74372  
9754.929396  
10028.63633  
9974.773743  
9911.119487  
9698.49645  
9855.110869  
9814.55275  
