0.4708128375  
-0.306764019  
0.3802701918  
0.4165923371  
-0.6306243756  
0.05725639886  
-0.1730787143  
-0.1830116758  
-0.5682914512  
-0.2618260465  
-0.6371425321  
-0.7948288437  
-0.953371641  
-0.1584553062  
0.3684010402  
-0.6073952608  
-0.35787768  
-0.5458944758  
0.3560807242  
0.4929947152  
-0.4650022574  
-0.1469984289  
-0.60697683  
0.1455865077  
-0.04229584274  
-0.4315662029  
-0.2203080732  
-0.301071646  
-0.2190487387  
0.2227379487  
-0.6292050933  
0.5610421344  
0.6189948736  
-0.8561196456  
0.09473908913  
2.990472118  
5.10621316  
1.328522825  
-0.5638349864  
1.361158538  
1.680209775  
-0.5672959536  
0.908082705  
-0.03762858957  
-0.6375255666  
-0.2666674198  
-0.5940912949  
-0.3182037294  
-0.8945580727  
-0.3817960401  
-0.3845082535  
-1.012523602  
2.046764711  
3.434506425  
-0.8636739262  
1.095262399  
-1.16640086  
2.310592851  
0.2689037539  
0.1575642767  
0.2282833236  
-0.5456175083  
0.08444782706  
3.410201257  
1.728570148  
-1.356321602  
0.1398013958  
-0.9677717116  
-0.01156088991  
-0.9334516524  
0.7137882971  
-0.461895795  
-0.5985338981  
-0.8560005794  
0.4592794957  
4.922945191  
2.863738031  
-0.9104915924  
-0.4474404384  
-0.7812476655  
-0.1515270481  
-1.155537927  
1.842696067  
-0.7068842704  
2.966899666  
2.22028352  
-0.8707139658  
0.0686644821  
-1.154083526  
-0.001896475805  
-1.158719191  
0.7943979105  
0.2978288295  
1.455156285  
0.01512134832  
-0.6441524796  
-0.4621461479  
0.00628555719  
-0.196177847  
1.372366724  
0.4310836298  
-0.9495352099  
0.7539721148  
0.5296211023  
-0.8649431788  
-0.1129358175  
-1.10820962  
0.778321488  
0.100267327  
-0.8749726805  
-0.9906826022  
1.800958306  
0.02214719238  
0.4648417083  
0.3058578801  
-0.8745493782  
-0.05105050021  
-0.9351417293  
0.02913606903  
-0.657439312  
-0.2875136228  
-0.9407823353  
-0.5837670454  
-0.8717461586  
-0.1962798827  
-0.8779495098  
-0.1398836872  
-1.023039758  
-0.3123452515  
-1.30209465  
3.479046097  
3.455116539  
0.6425057548  
-0.1695971003  
-0.331580089  
-0.5192822109  
-0.1706268983  
-0.4489739532  
-0.2757703067  
-0.5676810776  
-0.2047583982  
-0.7358951106  
-0.2008040208  
-0.4919280192  
1.035825702  
0.2226255715  
-1.165656306  
0.1128712059  
0.6082101645  
0.6438094497  
-0.7567097927  
-0.5050222415  
0.6675221087  
1.663542111  
-0.5371311216  
-0.4022576252  
-0.5320962387  
-0.5228057068  
-0.6553283996  
-0.3578183698  
-0.5783034981  
-0.3343032466  
-0.5713757434  
-0.3186428982  
-0.5111737372  
-0.3447316168  
-0.5751902499  
-0.4016692215  
-0.6135345606  
-0.4903840233  
-0.7188458401  
-0.3451988689  
-0.6884074222  
-0.1607465109  
-0.9559750468  
1.834183447  
0.1778558274  
-0.5349254662  
-0.4908874659  
-0.3625289506  
-0.3738615642  
-0.222786344  
-0.8944737265  
1.6045856  
-0.06756494795  
-0.2866002487  
-0.2944633696  
0.2615801835  
0.01532224943  
-0.7151661432  
-0.2499335108  
-0.8747292273  
-0.5353406561  
-0.9637683328  
0.6128866361  
0.6682104925  
-0.7157724382  
-0.2994042577  
-0.8486000993  
0.8836207929  
-0.7337358033  
-0.2331792145  
-0.05884909665  
-0.8191489696  
-0.3304484196  
-0.6105528996  
-0.1912446027  
-0.6280879708  
-0.3871500561  
-0.6713477206  
-0.1171560414  
-0.2781981603  
-0.4602886275  
-0.4782814866  
-0.3382397555  
-0.339741909  
-0.4215514388  
-0.534495129  
0.3061088826  
0.4882569965  
-0.3591089351  
-0.3026547337  
-0.5301197008  
-0.6878002967  
-0.5597923355  
-0.69862748  
-0.5547943265  
-0.6486027511  
-0.02448620274  
-0.09538396017  
-0.49303961  
-0.4077751176  
-0.2638369417  
0.3644422319  
1.507703624  
0.8832319264  
-0.5095927723  
0.1422449644  
-0.5335546682  
1.879867156  
0.02541510723  
-0.3331207663  
-0.3817345599  
-0.3821555215  
-0.2529371556  
1.453892565  
0.2056347807  
-0.9154678712  
2.710229113  
1.191725193  
-0.7488849246  
1.353627516  
1.155269934  
0.3839550223  
-0.5598809332  
-0.05495411813  
-0.5480056415  
0.4555256746  
-0.2548693094  
-0.2243685441  
-0.6335786194  
-0.07525007877  
-0.5256372453  
0.9340017807  
0.4844449483  
