10465.60362  
10170.73789  
9632.488626  
9475.386154  
9998.76759  
10109.86451  
9780.908154  
9965.561671  
9943.289469  
10018.68487  
9912.828555  
10018.10767  
9925.922424  
9894.93023  
10116.34807  
9921.3514  
9949.615005  
10015.07773  
10091.51736  
10253.02718  
10136.00421  
10114.84207  
10127.00165  
10118.51485  
10273.52875  
9953.434135  
9899.35548  
10128.20792  
10114.95682  
9959.011089  
9975.251183  
9998.714286  
9952.413284  
10017.73071  
9975.630377  
9938.322933  
9926.340112  
9892.994118  
9933.763488  
9808.598698  
9796.581782  
9791.639828  
9770.478667  
9727.908549  
9632.308611  
9585.361788  
9552.167633  
9423.370876  
9425.024539  
9947.819531  
10210.35602  
9888.158679  
9817.214907  
9513.594746  
9782.401151  
9691.764559  
9835.020056  
9797.656015  
9640.110647  
9385.55188  
9996.72224  
9338.013268  
9528.283212  
9781.760472  
9681.820061  
10088.21634  
9684.075016  
9791.358531  
10049.21876  
9975.301877  
9678.858738  
9856.005019  
9711.330836  
9843.863918  
9738.714387  
9823.662799  
9680.907641  
9649.489909  
9855.644005  
9692.562644  
9550.097253  
9439.182683  
9843.615827  
9887.056561  
10039.59679  
9793.002425  
9468.083374  
9394.440286  
9749.233069  
9443.234255  
9751.14541  
9623.667954  
9654.721946  
10110.73762  
9651.739487  
9887.198743  
9860.551881  
9672.802626  
9894.845129  
9822.944705  
9666.632495  
10080.59301  
9787.814875  
10046.41687  
9671.362174  
9523.47163  
9910.815793  
9695.191305  
9735.377724  
9946.261673  
9920.901001  
9495.482049  
9698.262424  
9695.082119  
9775.893834  
9520.007845  
10075.7116  
9673.729576  
9834.058236  
9752.758666  
9576.616007  
9727.596929  
9675.766541  
9743.029363  
9674.163946  
9866.372393  
9794.438055  
9738.345932  
9593.382965  
9381.659518  
9504.708135  
9171.629584  
9281.576809  
9704.63542  
9566.571671  
9474.729277  
9423.119037  
9471.991712  
9734.842754  
9344.490684  
9865.829422  
9659.772966  
9428.274825  
9699.948211  
9604.968011  
9682.24379  
9575.307307  
9524.791725  
9471.058667  
9666.204207  
9630.253332  
9506.487528  
9476.906936  
9682.626644  
9790.703346  
9426.301695  
9540.516853  
9478.171838  
9516.966466  
9291.546551  
9570.967873  
9214.736047  
9204.889492  
9298.631948  
9525.347647  
9527.824119  
9669.401221  
9430.656028  
9271.74405  
9513.730563  
9292.434426  
9324.083853  
9465.333726  
9396.841562  
9499.894532  
9436.395983  
9616.300986  
9554.103726  
9171.455538  
9377.048459  
9792.176074  
9465.292202  
9396.216013  
9703.060148  
9406.991567  
9486.388963  
9469.492717  
9443.973512  
9506.440406  
9553.216782  
9446.9284  
9608.44377  
9486.156357  
9424.319073  
9417.554484  
9638.252269  
9623.816728  
9502.25451  
9548.585017  
9391.899612  
9181.837156  
9862.213848  
9337.805453  
9115.374768  
9511.868381  
9122.027888  
9291.75488  
9487.402542  
9215.024262  
9176.976811  
9265.080137  
9178.181493  
9312.450249  
9162.208124  
9235.386026  
9479.250587  
8990.842396  
9015.27311  
9252.582287  
9436.86347  
9312.451452  
9303.32701  
9531.157452  
9430.021527  
9816.714696  
9565.832457  
9625.902699  
10074.93388  
9248.168316  
9612.704049  
9776.454367  
9732.663296  
8879.812967  
9700.424761  
9827.385994  
9639.987127  
9532.782515  
