10724.55402  
10377.01745  
10101.8213  
9904.199999  
10023.83434  
10233.91149  
10181.80734  
10029.52992  
10207.16994  
10229.73372  
10194.98532  
10293.7532  
10190.77493  
9732.877609  
9806.448083  
9958.886723  
9779.663671  
9714.240734  
9710.458656  
9598.982025  
9731.814827  
9763.674589  
9648.63824  
9649.803053  
9636.651536  
9661.593925  
9689.037244  
9472.189511  
9861.508126  
9632.940885  
9738.407884  
9999.63254  
9735.343894  
9924.297496  
9901.046214  
9877.562442  
9906.003295  
9871.203948  
10086.93585  
9443.387604  
9749.756077  
9898.094464  
9796.001543  
9842.483632  
9977.1299  
10169.95532  
10211.71288  
9955.257635  
10067.95825  
9943.629992  
10055.90428  
10175.1123  
10031.7371  
9780.546931  
9784.871607  
10157.77279  
9871.083601  
9892.046015  
10466.26279  
10420.48651  
10081.4545  
10122.89997  
10272.20326  
10222.51641  
10150.19237  
10220.38058  
10023.61406  
10239.25618  
9979.655347  
10177.9519  
10028.23652  
9845.343645  
9883.894413  
10052.50572  
10137.25096  
10052.81374  
10139.57444  
9763.92347  
9963.586747  
9954.645693  
10501.53744  
10367.36853  
9975.891648  
10292.95149  
9886.558578  
10050.95539  
10006.91302  
9961.732459  
10060.37175  
9835.600854  
10093.83693  
9891.248389  
9595.016349  
9879.671743  
9976.442428  
9954.639536  
10235.05797  
9917.047517  
10043.78293  
9930.727381  
9908.79191  
9621.319355  
10035.97403  
9944.947797  
10306.07038  
10234.9519  
9660.319001  
10185.52614  
9771.159135  
10025.45816  
10162.87875  
9859.743588  
9920.227804  
9923.91807  
9943.340338  
9855.488252  
9884.685899  
9772.289253  
10117.55737  
10348.66633  
10265.20212  
10088.20674  
9761.067533  
9354.215639  
9831.139501  
9538.038812  
9221.692943  
9504.930526  
9390.149229  
10132.36124  
9790.324355  
9997.17846  
9498.84338  
9678.941564  
9100.867234  
9269.713149  
9749.119629  
9765.520737  
9631.155941  
10133.28532  
10398.72854  
9772.86453  
9918.691721  
9864.215091  
9795.542582  
9733.57526  
9411.282954  
9508.85544  
9924.397449  
9540.780466  
10031.29033  
9444.636013  
9508.67383  
9960.39422  
9894.355237  
10301.9864  
10403.14093  
10236.84702  
9755.612756  
9861.865106  
9897.863945  
9880.036874  
9944.45821  
9968.853887  
9902.445614  
9802.953652  
10022.24933  
9892.768133  
9561.067682  
9922.791984  
9886.328082  
9692.513304  
9767.625947  
9806.178798  
9811.033849  
9790.813988  
10130.7191  
9552.532575  
9628.773286  
9968.109287  
10087.0399  
9980.285687  
9950.282227  
9878.245835  
9989.243067  
10147.73017  
10078.37013  
10197.36394  
10265.11038  
10286.68277  
10067.11372  
10046.7857  
9898.406534  
9878.282548  
10268.59664  
9816.005184  
10119.21177  
10187.81295  
10230.11928  
9952.299779  
10673.09034  
10320.73548  
10266.33027  
10357.13414  
10313.24074  
10462.28493  
10226.85126  
10287.4355  
10306.74556  
10290.5362  
10166.31605  
10133.0507  
10005.02404  
10127.31035  
10061.07957  
10230.96788  
9794.732688  
9826.080461  
9619.240645  
9864.965803  
9695.444676  
9447.697966  
9933.652645  
9545.066395  
9880.336749  
9870.626626  
9976.101782  
9982.362346  
9543.008124  
9417.145794  
9419.342845  
9826.563934  
9604.73463  
9694.779668  
9801.597121  
9385.094246  
9174.5479  
9642.491878  
9723.805946  
9215.212042  
9581.361021  
9657.259061  
9718.612316  
9437.002556  
9702.615094  
8981.055376  
9222.131523  
9901.964235  
9254.640074  
9705.905528  
9471.143039  
9434.721907  
9587.030028  
9836.522887  
8910.83656  
9407.282666  
9554.464379  
9657.391627  
9521.711107  
9369.417303  
9702.792535  
9586.399684  
8920.057113  
9330.429923  
9625.129994  
9749.038022  
9317.619098  
9395.310241  
9322.557825  
9484.863664  
9861.300034  
9803.991995  
9246.098783  
9603.221024  
9500.43658  
9264.65611  
8846.88241  
9662.487394  
9514.389783  
9409.797929  
9363.305608  
9375.027106  
9339.856523  
9339.921758  
9480.993901  
9766.151044  
9513.738989  
9889.371635  
9760.726891  
9634.723833  
9493.094804  
9675.842906  
9637.216647  
