0.4769598527  
0.1010202149  
-1.04426264  
-0.5098819362  
0.5767353759  
-0.2054014161  
1.411781386  
0.4631492562  
-0.8721209525  
-0.2239245476  
-0.4824250567  
-0.03200715456  
-0.1406747918  
0.2371176089  
0.7549465788  
0.5958611729  
0.01591605915  
0.7681042907  
-0.595631982  
-0.2880186082  
-0.6405255805  
-0.3822675581  
-0.8103963759  
-0.377463601  
-0.4513355841  
-0.896024378  
0.4230628154  
-1.111820794  
-0.6331428789  
-0.2365197486  
-0.6156822753  
-1.461593049  
-0.9837403069  
-0.5651371937  
-1.48030238  
-1.869616997  
-0.8815636805  
-0.7627468435  
-0.3457906995  
-0.3751287418  
0.6685346825  
0.0104881902  
-0.5075365725  
-0.9703648622  
-0.6954360521  
0.1313478262  
-0.726262395  
-1.117497686  
-1.284073375  
-0.7907468714  
-0.6741545269  
-0.6347301091  
-0.7232956277  
0.1079184267  
0.02302022478  
-0.6470993777  
-0.5976447237  
-0.3071652886  
-0.5005739635  
2.82044383  
0.2021401189  
-0.762079861  
-0.6123446077  
-0.4509152413  
-0.05152834573  
0.8471474276  
-0.1495247821  
-0.749345918  
1.802130793  
0.6905369647  
1.243338794  
-0.1280603866  
-0.2362887705  
-0.4348236936  
-0.6124994404  
-1.067521811  
1.44121363  
-0.1996418013  
1.634793626  
-0.3569374371  
-0.3417835959  
-0.4573008472  
-0.2603348254  
-0.4114270088  
-0.4087934067  
-0.6579263298  
-1.000262259  
-0.8191939748  
0.3239913918  
-0.5714097073  
-0.5778899968  
-0.1295488618  
-0.5429016938  
-0.3136056202  
-0.9140644738  
1.761525854  
0.5101618638  
-0.6499696537  
-0.142386712  
-0.522849881  
-0.04348877978  
-0.577727159  
-0.9854373861  
-0.4875634199  
0.1860794181  
-0.3802195111  
-0.1769089574  
-0.7189258659  
0.07757488856  
-0.4095639304  
-0.500778831  
-1.011784065  
1.762628065  
0.2604855108  
2.159554773  
-0.1548745669  
1.487488578  
0.07691063658  
2.598997749  
1.289381775  
-0.5040031719  
-0.1255430743  
-0.7035724624  
-0.4491335686  
-0.7949099771  
-0.4199155997  
0.1049043944  
-0.8639725064  
-0.3505812475  
-0.6393739947  
-1.025185806  
-0.3341735412  
0.8086931234  
0.4927776766  
0.3830578241  
1.081328784  
1.467377268  
0.2289411801  
-0.1574529597  
1.784542025  
0.5127249154  
0.4085847153  
-0.1396055077  
1.260920317  
-0.5847441994  
-0.1750582292  
0.8498703469  
-1.638561842  
-1.586702332  
-0.8304607616  
0.6586372037  
2.54142602  
1.092078289  
-0.07586580571  
-0.6039465154  
-0.5278010368  
-0.2428851346  
-0.4235237756  
-0.2475077791  
-0.1758363763  
1.683260561  
1.024713249  
-0.2350928408  
-0.6105994332  
-0.4578089101  
-0.7769858927  
-0.367167645  
-0.8059069943  
-0.4499199436  
-0.9122552938  
1.247946516  
0.285896557  
0.4907850249  
0.07107887984  
-0.5549476671  
-0.3565914167  
1.298979076  
-0.9593630013  
-0.7114110397  
1.184783772  
-0.7602287206  
-0.642657711  
-0.8991623665  
-0.5310861874  
-0.588446403  
-0.4965736261  
-0.891568909  
-0.6402600858  
-1.073069205  
-0.7278702547  
0.5647216799  
-0.2627520018  
-0.6450427021  
-0.1777604392  
-0.1385817871  
-0.8543312508  
-0.4701837511  
-1.379475295  
-0.7346272629  
1.200160777  
-0.4350099064  
-1.07984085  
-0.7859940739  
3.21161819  
0.781498888  
0.645602319  
-0.4401437936  
-0.1841565164  
-1.449775107  
-1.138452522  
-0.6234268259  
-0.3764282685  
0.6692288621  
-0.185014862  
0.2222426727  
0.195966731  
0.8189713006  
-0.3751182027  
1.56712446  
0.5618337325  
-0.04357762233  
-0.1202590841  
0.2939103121  
-0.5073943564  
0.8667711638  
-0.1036050787  
-0.08808641036  
-0.4190200669  
-0.5791913165  
1.000514705  
-0.4976605129  
-0.8350447676  
-0.3681874135  
-0.4005817961  
3.377475057  
1.336122201  
0.9424114264  
-0.9381273923  
2.46749836  
-1.113393361  
-1.184745677  
-0.3143189894  
-0.03650150084  
-0.2151996731  
0.1521214009  
0.1561810598  
0.7799180548  
-0.1709881533  
4.172237372  
1.357791903  
-0.7357450895  
0.1751027859  
-0.0899919917  
3.501719729  
1.073638242  
-0.1790958953  
3.814203665  
3.591084967  
1.138171495  
0.4681406057  
2.837823395  
1.119040436  
1.463566951  
1.137463418  
-0.3893907649  
