11127.7603  
10716.83563  
9917.31113  
9751.100393  
10088.75569  
10175.62562  
9686.33828  
9815.264925  
8341.964254  
10263.72184  
8860.363379  
9115.071511  
9942.549707  
9316.343271  
9731.352062  
9446.88084  
9646.347318  
9507.407964  
9507.25696  
9286.753836  
9536.186747  
9461.095547  
9618.447345  
9535.237628  
9587.267749  
9517.724637  
9545.506725  
9759.177587  
9766.049207  
9586.980309  
9732.704471  
9481.613093  
9483.774043  
9345.672157  
9406.387411  
9884.824614  
9561.251644  
9606.079337  
10009.25986  
9593.252253  
9652.836422  
9382.151783  
9657.476708  
9672.195972  
9664.641977  
9821.892537  
9820.914411  
9428.803332  
9588.423709  
9645.638051  
10268.61862  
10140.36192  
9649.424365  
9663.0993  
9329.319246  
9735.283116  
9748.683047  
9603.674412  
9535.405114  
9584.403741  
9587.087861  
9801.56313  
9613.354148  
9587.127136  
9379.488312  
9683.68516  
9457.439478  
9462.993835  
9496.338538  
9570.648155  
9627.736332  
9561.549394  
9473.893666  
9933.432358  
9692.57916  
10169.91207  
10137.49378  
10198.04981  
10051.43853  
9431.491633  
9826.119323  
9384.091462  
9269.464221  
9302.302301  
9259.786535  
9605.043331  
9473.076812  
9553.201376  
9593.612046  
9450.278394  
9682.957245  
9536.939471  
9667.187527  
9688.501259  
9489.388339  
9935.270749  
9385.104722  
9565.792696  
9353.099987  
10304.7219  
10300.58198  
9864.311125  
10058.58934  
10018.87965  
10021.46243  
9346.805312  
9769.785859  
9346.933522  
9520.350854  
9404.075528  
9540.669961  
9615.045714  
9418.459763  
9408.184432  
9766.733645  
9421.80767  
9539.360986  
9522.886077  
9495.695443  
9427.341334  
9636.444223  
9683.538304  
9499.016475  
9793.037193  
9923.446565  
9662.174947  
9973.613544  
10044.27335  
10124.45984  
9916.026961  
9981.244065  
9790.346878  
9504.512896  
9859.232437  
9584.511275  
9780.580193  
9484.762475  
9726.192715  
9596.267181  
9688.071114  
9704.260612  
9633.083924  
9591.872942  
9681.952267  
9559.702806  
9592.700098  
9517.654359  
9699.835383  
9434.812607  
9799.228457  
9712.000751  
9701.531024  
9954.890905  
10549.2353  
10287.15722  
9312.966394  
9715.563788  
9403.20702  
9451.055866  
9257.737221  
9518.92816  
9672.336572  
9518.708982  
9557.02078  
9673.641426  
9576.295568  
9500.124864  
9446.355607  
9569.64107  
9519.809078  
9571.663469  
9509.010569  
9653.446423  
9425.172161  
9405.018477  
9538.035469  
9694.043187  
9787.946067  
9358.639864  
9560.263199  
9716.833379  
9530.690303  
9528.192336  
9539.183137  
9797.743691  
9523.349331  
9538.395278  
9497.676472  
9588.698736  
9561.609396  
9620.66209  
9580.489215  
9542.826757  
9652.071281  
9552.140499  
9510.317476  
9654.15156  
9631.466826  
9475.397023  
9853.719402  
10131.80707  
10982.90888  
9911.401124  
9558.823911  
9838.373572  
9913.518664  
9615.273187  
9937.818383  
9962.872938  
9629.008108  
9848.878469  
9849.447135  
9870.68231  
9650.22052  
9736.751348  
9576.324452  
9726.062434  
9473.289825  
9762.949382  
9550.045745  
10131.31488  
9949.363468  
9752.235676  
10069.98543  
10298.69403  
10656.04382  
9091.636073  
9756.201892  
9686.534662  
10110.72496  
10156.48319  
10130.12792  
10097.25886  
9969.984396  
10277.07834  
10124.69767  
10297.34986  
