10527.01332  
10327.60706  
9701.852251  
9667.183782  
9986.515468  
10076.38911  
9782.495202  
9888.58306  
10001.05618  
10027.79345  
9911.00124  
10120.60044  
9939.29685  
9860.094638  
10090.14788  
9937.497971  
9950.524491  
10035.98563  
10063.64918  
10217.44297  
10172.75867  
10132.44654  
10169.82416  
10138.41016  
10464.9661  
10091.82723  
9826.446951  
10165.4207  
10124.14272  
9961.978055  
10049.24011  
9999.229734  
9949.144452  
10078.29254  
9957.281829  
9907.145253  
9903.01497  
9939.32606  
9872.25489  
9820.373231  
9727.251747  
9804.761841  
9777.438977  
9756.0903  
9670.546766  
9625.436152  
9538.550138  
9440.490626  
9424.873639  
9964.847972  
10282.17291  
10143.64155  
10161.33122  
9555.372052  
10010.88903  
9693.472224  
9852.332906  
9746.915833  
9626.357241  
9452.206628  
9990.117086  
9480.285752  
9485.455025  
9834.494866  
9647.275996  
10033.67861  
9669.882087  
9623.581001  
10112.70045  
9888.58612  
9848.593391  
9695.882824  
9756.520595  
9990.077413  
9832.571199  
9928.758591  
9828.202746  
9609.617943  
9830.014121  
9661.98463  
9603.261594  
9489.271579  
9817.605327  
10028.93159  
9946.999368  
9821.076957  
9606.497802  
9410.889929  
9775.059864  
9432.261045  
9693.069315  
9623.720873  
9685.082703  
10226.52196  
9762.183413  
9931.030818  
9860.488808  
9622.040946  
9872.860358  
9959.11674  
9737.003906  
10216.1877  
9854.127362  
9939.137856  
9780.110383  
9568.676466  
9946.036872  
9740.175054  
9756.084455  
9936.827842  
9911.077025  
9571.864108  
9697.06356  
9662.46225  
9739.389523  
9581.019317  
9985.281773  
9727.881297  
9908.746052  
9769.811663  
9543.76027  
9681.519417  
9714.278512  
9713.310646  
9694.297412  
9928.48628  
9850.081495  
9983.800484  
9728.447194  
9514.606037  
9719.73863  
9263.48312  
9389.491729  
9888.28233  
9792.872464  
9577.534095  
9562.247666  
9597.731468  
9910.653797  
9421.938809  
9961.692077  
9808.96711  
9610.585301  
9814.483036  
9837.214219  
9833.925278  
9772.468503  
9671.364599  
9607.664453  
9890.711864  
9866.617594  
9808.851766  
9840.02831  
9866.598356  
10125.59816  
9530.135381  
9709.093732  
9619.756956  
9775.749448  
9373.551973  
9789.538842  
9375.731798  
9482.646273  
9602.354394  
9704.175444  
9773.366552  
9841.174442  
9630.640499  
9471.681718  
9730.533374  
9513.124676  
9469.516862  
9749.738936  
9543.925435  
9721.62922  
9605.436029  
9853.853095  
9709.666553  
9620.298203  
9614.821323  
10052.7287  
9713.613022  
9574.380949  
10084.52611  
9584.323787  
9781.00635  
9668.719821  
9632.819163  
9687.387463  
9792.211264  
9695.572764  
9936.175677  
9691.571227  
9673.728946  
9672.388372  
9917.547929  
9799.419861  
9643.823507  
9662.791561  
9545.377385  
9354.57792  
9990.631757  
9870.021272  
9333.908439  
9703.584385  
9369.779995  
9509.018473  
9676.959704  
9371.342882  
9499.837723  
9497.259655  
9385.280406  
9555.569223  
9386.072523  
9466.624564  
9587.589371  
9277.713932  
9311.150955  
9445.203793  
9711.746972  
9596.681368  
9398.883556  
9816.127481  
9577.892075  
10262.37441  
9813.015232  
10066.11785  
10410.15462  
9401.643223  
9810.783116  
9929.742657  
10047.74008  
9398.080759  
9680.641467  
9845.448897  
9980.480493  
9539.044534  
