-0.08606792035  
0.2046069004  
-0.2689115816  
-0.7127350606  
-0.3734657527  
-0.7620511512  
-0.3860592985  
-0.8246507727  
0.3296539599  
0.3062696401  
-0.6727702355  
-0.5986828685  
-0.5577605968  
-0.76286293  
-0.5384419071  
-0.4227263539  
1.038120121  
-1.002408319  
0.8343365865  
0.7639645135  
-0.2878289967  
-0.5947929026  
0.07062437027  
-0.4705872454  
-0.4404137487  
-0.7149337483  
-0.2897847332  
0.3663817964  
0.740412047  
0.4672495665  
-0.8743015411  
-0.2373339567  
-0.1781771636  
-0.13575756  
-0.5503278001  
-0.1144867196  
0.8759667114  
1.594098983  
-1.109441523  
0.8083410685  
0.7962803433  
-0.534849987  
-0.4256802723  
-0.5020525131  
-0.6811828547  
0.1172493832  
1.164886381  
-0.7611422424  
0.1204057587  
-1.29668015  
1.859021437  
1.373247257  
-0.7945299519  
0.07682370786  
-0.7663653947  
0.4650564261  
-0.6543453743  
-0.04071154426  
-0.973828673  
0.3859929663  
0.03377099416  
-0.4930553462  
-0.5819378754  
-0.3794967397  
-0.8800373712  
0.5940987235  
0.01274487421  
-0.9172974707  
-0.3230839613  
-0.8759690864  
0.613452042  
0.257599959  
-0.6712611297  
-0.3877998798  
-0.5361859223  
-0.07084701706  
-0.5118812063  
-0.090300178  
-0.9782622189  
1.092884223  
0.9601028931  
-1.039343395  
0.6462936241  
0.3771681698  
-0.8405885869  
-0.3669304814  
0.6448787984  
-0.4384646932  
-0.9585826166  
-0.2793974942  
-1.05260045  
1.733673668  
0.7184251293  
-0.689590202  
-0.3769337027  
-0.6382406921  
-0.2676836634  
-0.7715307684  
-0.05605701104  
-1.149624221  
1.551391266  
1.169637563  
-0.9703090665  
-0.1454477774  
-0.8583259544  
-0.1182624671  
-0.7383829162  
0.6199221049  
0.4904440882  
-0.8102860229  
0.237197511  
-0.5203455722  
-0.3863327374  
0.1162061228  
-0.2593186807  
-0.7878247867  
-0.3635956648  
-0.6353905185  
0.2048304516  
-1.052735491  
-0.2178717675  
-1.003798462  
1.125795483  
0.3897255212  
-0.04180610154  
-0.5556437836  
-0.2674859591  
-0.8086659962  
1.191160831  
-0.345987218  
-0.5263454516  
-0.3283231411  
-0.3887838456  
-1.094920881  
1.90864971  
1.796236174  
-0.5666410797  
-0.1377585075  
-0.8663477684  
-0.4674339449  
-0.5486538091  
-0.369448806  
-0.5588459242  
-0.5957840954  
-0.2281520197  
-0.6574394254  
0.3423529298  
0.2050664361  
0.1056758547  
1.171027034  
1.718397858  
4.384211452  
0.563217627  
-0.3493089026  
-0.2085378126  
-1.036239986  
0.4964171591  
1.307214831  
-0.298623521  
0.6386891037  
-1.02434477  
-0.03342544565  
-1.124819544  
1.831657942  
3.465137544  
0.3608095755  
-0.9164281461  
-0.2939654883  
-0.9295546598  
-0.5005880244  
0.2847384865  
4.302132424  
0.6375729064  
0.2744434579  
0.5632149467  
-1.068156077  
0.510401899  
0.3725705285  
-1.176153264  
1.05593327  
-0.3289292806  
-0.4987124651  
-0.7244450631  
-0.3543173188  
-1.080122939  
0.4249327386  
0.6694319443  
1.084064124  
0.06429390662  
-0.6798145024  
-0.5639308111  
-0.3292554744  
-0.5907578243  
-0.5206587857  
-0.7765462682  
2.794069676  
0.984303477  
-1.062260901  
-0.6646991588  
-0.6477627158  
-1.015047177  
1.442532942  
2.088449915  
-1.483131864  
0.3900957361  
-0.8140825237  
-0.1073536537  
-1.11796175  
3.100459564  
2.12320555  
-0.1432448354  
3.609215791  
0.951901736  
0.7305603802  
3.85851413  
1.189953751  
-0.9569237098  
-0.5104248371  
-0.7865278384  
-0.2758182973  
0.2617753939  
-0.6128865616  
-0.5470708858  
-0.5496593088  
-0.6566211082  
