1.114971573  
-0.1536572699  
0.8083466945  
1.024292409  
-0.7551512568  
0.1934482669  
-0.122125368  
0.1551783728  
-0.6057652144  
-0.01910516005  
-0.8481047502  
-0.3921258239  
-0.9504831227  
0.5796068197  
0.6612765065  
-0.9076420269  
-0.6807087318  
-0.5400710981  
0.4301386302  
1.058588595  
-0.6867280498  
-0.2884841806  
-0.707780775  
0.2698079884  
-0.3706790954  
-0.7755806837  
-0.3824297502  
-0.1000461085  
0.1227120777  
0.2422482851  
-0.9559021089  
0.8616743742  
0.2928824553  
-1.131501585  
-0.07165290783  
1.920518168  
4.71797694  
1.187521177  
-0.6399822836  
0.3863582891  
0.6219341296  
-0.4787458846  
0.1471009528  
-0.2097995062  
0.1113693468  
0.0118662899  
-0.4858701107  
-0.1514339394  
-0.7023273664  
3.201292849e-05  
-0.02475072792  
-0.7007556991  
1.949089114  
3.594282969  
-0.6759600599  
0.7595657879  
-1.310429517  
2.683112943  
0.3367504608  
0.3912775035  
1.023044502  
-0.5178757856  
0.03398635357  
2.790657922  
1.253543874  
-1.624865315  
0.2657442497  
-1.000547437  
0.06156570744  
-1.188929723  
0.6570745382  
-0.7331145569  
-0.311825547  
-0.9680014377  
1.033239412  
5.354836966  
2.937810204  
-1.022224876  
-0.1575746955  
-0.6748530706  
-0.2370668115  
-0.9543202659  
1.349008261  
-0.7464644052  
2.482345708  
2.474894623  
-0.9101939132  
0.1466260341  
-0.8065256564  
0.03828683782  
-1.154792015  
1.358150316  
0.7808621811  
0.6388548965  
-0.002718100227  
-0.5798410845  
-0.5048820005  
0.1293360217  
0.2363539666  
0.5778105979  
0.2935543938  
-1.209630525  
1.168346072  
0.953465459  
-1.026510572  
-0.04922053243  
-1.347188608  
1.513987375  
0.9194767708  
-1.009983389  
-0.777371116  
1.085194344  
-0.3317939407  
-0.4196478824  
0.2934875372  
-0.7678884933  
0.3481153601  
-1.038114076  
-0.02217280904  
-0.9301580564  
0.08392585081  
-1.512397669  
-0.8878272975  
-1.064073084  
-0.3060361858  
-0.9175212112  
-0.1676353237  
-1.109796231  
-0.01268819734  
-1.062114061  
3.809725381  
3.02725319  
0.2099745196  
-0.3131532307  
-0.4824090298  
-0.4946141803  
-0.1775939139  
-0.5907713625  
-0.3293691324  
-0.6457578365  
-0.7872147597  
-1.416515514  
-0.2139091923  
-1.206335196  
1.311160576  
0.05001337078  
-1.398145563  
-0.1060893503  
0.9429118779  
1.0705227  
-0.882388895  
-0.5179263954  
0.1139557559  
1.172874999  
-0.585257399  
-0.1578066817  
-0.4470378395  
-0.3380637759  
-0.5656236962  
-0.2960310656  
-0.4991775666  
-0.2543620818  
-0.4211471978  
-0.2415833202  
-0.4127779377  
-0.2508399588  
-0.444441254  
-0.2437499992  
-0.3721223452  
-0.2656731534  
-0.4709428199  
-0.2584183777  
-0.4889432447  
0.04638204042  
-0.685649408  
1.781710169  
0.41736508  
-0.3635995734  
-0.5560561203  
-0.6362379728  
-0.3915447485  
-0.2443240995  
-0.8401504302  
0.9852227013  
-0.251843235  
0.02071869667  
0.3428401766  
-0.04492335203  
0.3401029856  
-0.3962499194  
-0.1912674021  
-0.8482425683  
-0.5253298991  
-0.8164427995  
1.313659272  
0.9713553448  
-0.9440735546  
-0.1144771895  
-0.73711909  
0.3117522402  
-0.7991006639  
-0.01455593828  
0.1250600147  
-0.6658059682  
-0.3628491696  
-0.5072339962  
-0.1690922368  
-0.5546044589  
-0.2927756748  
-0.5952070705  
-0.1154940429  
-0.4895401743  
-0.3707106948  
-0.5327790361  
-0.3194564921  
-0.5801370548  
-0.1629387745  
-0.8847045674  
0.5940705514  
0.5633978667  
-0.8504217912  
0.02390801807  
-0.7270547684  
-0.6199150494  
-0.5730082729  
-0.4388425359  
-0.6175790894  
-0.5747398251  
-0.09376162852  
-0.2944902534  
-0.4652167499  
-0.2654262353  
-0.1774719488  
0.5670920042  
2.394033387  
1.211898684  
-0.6319470512  
0.05322016999  
-0.6466421938  
1.528660565  
0.1361783305  
-0.6903977861  
-0.6206765447  
-0.4930783677  
-0.3574075011  
0.7611805618  
-0.06979862987  
-0.7137796722  
2.212556725  
1.656138453  
-0.679431634  
1.170069161  
0.5696338493  
0.6227587009  
-0.6407363793  
-0.2760390957  
-0.75639077  
0.6769739491  
-0.4877667563  
-0.2760120365  
-0.7511599066  
-0.02315253634  
-0.9570827782  
1.250363493  
0.9680935223  
