0.6320504577  
-0.657761649  
-0.3532242896  
-0.5639935582  
-0.6999891413  
-1.151537826  
-0.6471558154  
-0.9288870659  
-0.6452622807  
-0.005857077333  
-1.115499821  
-0.3261198054  
-0.1279929061  
-0.9865510744  
-0.8102736772  
-0.9422588266  
-0.7381281299  
-1.023264451  
-0.6896999157  
-0.8948570267  
-0.4665001335  
-0.8155399484  
-0.8328534081  
-0.9177984018  
-0.6240564447  
2.014375879  
1.024841207  
-0.8457275661  
0.5764729519  
-0.4742858319  
-0.5279087917  
-1.276595855  
1.427151547  
0.8988812401  
-0.292164011  
-0.3977561822  
-1.014310083  
-1.069340182  
0.2744601385  
0.5743019729  
-1.235294474  
-0.8079799832  
-0.9886676037  
-0.5344448888  
-0.9752718701  
-0.3735325808  
-0.5723662074  
0.323309773  
-1.175787864  
-0.4558426374  
-1.238343565  
-0.03673715829  
0.9541166501  
0.1265936092  
-0.3087233958  
-0.6755721093  
-1.149187522  
0.5036644724  
0.6018238841  
-1.172315013  
-0.8011678964  
-0.5776550188  
-0.8368174633  
-0.5431700347  
-0.9761083586  
0.4983886771  
-0.4600437379  
-0.8702485874  
-0.9864214398  
-1.007485751  
-0.8741922048  
0.05469545062  
-0.2436876975  
-0.6648864976  
-0.2362723896  
-0.1647530353  
-0.5245840609  
-0.8317240748  
-0.07360897507  
2.613521901  
0.9594327721  
-0.8279780235  
-0.6251351444  
-0.7665141808  
-0.5606106193  
2.449541483  
1.444290525  
-0.5465788455  
-0.5987904137  
0.0871483642  
0.4283829401  
-0.4728780603  
-0.8009602163  
0.4952287723  
2.978357119  
2.290238524  
2.301197384  
-0.08804767897  
-0.1666131324  
-1.114935711  
0.9593268631  
2.804795734  
1.589692429  
2.712990999  
-0.01085810905  
-0.6343458021  
-0.8051306454  
-0.5884012518  
0.1703251441  
0.8519980841  
3.219709061  
1.662955062  
-0.2379758081  
-1.034220598  
-0.4119350168  
0.1333864531  
-0.07384205023  
0.1914594918  
-1.190904222  
0.9420281811  
3.078000787  
2.418898497  
0.8149678363  
-1.306107135  
0.009704289322  
-0.1353622031  
0.08605493  
-0.06741756162  
-0.320404752  
-0.02328362179  
-0.9586290757  
1.190041048  
3.011509112  
0.816260945  
-0.5240582716  
-0.2731253279  
-0.5773303118  
-0.6470582391  
0.5357480598  
1.025764038  
0.03022788442  
-0.8778009579  
-0.5771780979  
-0.1371498379  
0.4634094865  
0.3124639977  
0.4215625619  
0.5522191782  
0.1733599584  
-0.8590111165  
-0.208430058  
0.236671307  
-0.9103615797  
-0.4793397882  
-0.7476463105  
0.4049891402  
1.426730799  
2.771091326  
2.763383241  
1.419910639  
0.9938252424  
1.31639227  
-0.6179808765  
0.1657490422  
-0.4515187195  
-0.4692567293  
-0.1922462891  
-0.7004906302  
0.108307351  
0.1410883219  
-0.5418091102  
1.128036934  
0.06419827736  
-0.06741686884  
-0.8060680354  
0.6357888882  
1.747642356  
1.657481369  
-0.580604254  
0.7799361572  
-1.105853825  
2.267982624  
0.1008705485  
0.9370152058  
-0.2100758247  
-0.396444101  
0.8189963142  
0.4954986581  
1.074770919  
-0.6455444239  
0.2954655194  
0.5200358909  
0.1488788228  
-1.080170141  
-0.6483725071  
-0.9772516635  
-0.4195705086  
-0.566873409  
-0.5863847083  
-0.7421366819  
-0.6981031716  
-0.6919079366  
-0.8448699742  
-0.7479555256  
-0.9012470783  
0.8996348959  
-0.2961964698  
0.09126780217  
0.3073919104  
1.216095284  
1.812135137  
0.03431466837  
-0.3684442821  
-0.594524111  
-0.9991232964  
0.5073647571  
0.7188741845  
-0.8286591712  
-0.5615415753  
-1.00649092  
-0.1979327123  
0.2754941427  
0.1613581339  
-0.1517789272  
-0.03875638228  
