-0.6130047194  
-0.6492554185  
-1.522646165  
0.8945539225  
-1.144285416  
-1.131568737  
-1.091877114  
0.8339920303  
0.082913412  
-0.652764372  
-0.09526126801  
-1.361766569  
0.7496073813  
-0.6243665864  
-1.611294183  
-1.428974716  
0.7968041775  
0.1152472835  
-1.229955429  
-0.8149528522  
-1.206792767  
0.2398315354  
-1.189650903  
-0.2267921171  
0.7089621845  
-0.8517254796  
-1.448879449  
0.9499207078  
-0.6182459279  
1.269315895  
-0.3656645178  
1.920006063  
0.6866745239  
-0.6333137764  
0.03068853379  
0.2490805621  
2.502457702  
1.545591594  
-0.4304053575  
-1.135019366  
1.980917295  
0.08787575767  
-1.007835921  
0.3367671629  
-0.6306822368  
0.9711127217  
0.2201809831  
-0.4228532481  
0.3692259013  
-0.03871384458  
-0.9844489283  
-0.7340973194  
-0.5670628042  
-0.2902532672  
-0.9494179132  
1.698731384  
0.2002586966  
-0.6778459779  
-0.3751976133  
1.918091029  
-0.2182230384  
-1.174797328  
0.01493832463  
-0.03683589457  
-0.3920821901  
0.07520637752  
0.46903869  
-1.013055831  
-0.5330427833  
-0.7560763277  
-0.8279815063  
0.3455944777  
-0.4689050795  
-0.985877771  
-0.004331249638  
-0.4045273616  
-0.8590534242  
-0.27216061  
2.889548709  
-0.3712360132  
0.01694866807  
1.008150701  
-0.2183823543  
0.1759979365  
-0.430632257  
-0.4725273445  
1.241152591  
0.5987491794  
-0.1930181658  
1.803851149  
1.86805655  
-1.047783701  
2.229184952  
-0.6913726761  
1.320897688  
0.5672951362  
-0.3275272166  
-0.6472171805  
-0.8080215987  
0.2702448034  
-0.6809024674  
1.651435144  
0.6021422426  
-0.7542528299  
-0.519770385  
-0.8219921402  
1.500589692  
3.09650138  
-0.2943745  
-0.5643865116  
-0.5201535337  
0.6775849699  
-0.2694655083  
-1.208259947  
1.253070469  
0.1566381163  
-1.618282854  
3.046389085  
0.3756116703  
-0.3695104839  
0.6071344033  
-0.787957217  
2.452150578  
-0.2589927068  
-0.4484937618  
-0.8139103035  
-0.8615374134  
0.8441443865  
0.2246639612  
-0.7280493715  
0.3379241364  
-1.12862437  
0.9524798957  
-0.4300487514  
-0.8480306611  
-0.2985836692  
-0.4434838467  
-0.6307037244  
0.632313842  
0.390290209  
-0.6845551739  
2.30440644  
-0.08352771052  
-0.4015747079  
1.120563059  
0.2590024237  
-0.3265181462  
1.138093589  
0.182888849  
0.2484790061  
-0.177269805  
0.08107963933  
-0.03945649  
1.831479823  
0.3461377341  
-0.2494554165  
-0.06370538573  
-0.1969270795  
-0.3066454182  
2.061240043  
0.4059617609  
-0.760853916  
1.38090431  
-0.4657843828  
-0.8060807772  
0.7801610957  
0.01586568389  
-0.6926185632  
0.6362665765  
-0.8584527811  
-0.1444370125  
-0.7414373897  
2.521514758  
0.02807088798  
-0.2951316107  
-0.297801743  
-0.2468040653  
0.4501439119  
0.293408086  
0.2852610393  
-0.5852664995  
-0.1544608848  
-0.01874328437  
1.347276583  
0.4263861995  
-1.025975024  
2.420531767  
-0.4169956508  
-0.3878863556  
-0.3096871292  
2.249654525  
0.8993221001  
-0.2592010212  
-0.01514160713  
-0.3479347716  
-0.7034318323  
-0.6882221208  
-1.277966195  
1.084960691  
0.09821598507  
-1.321901681  
-0.2392865059  
-0.4441524193  
-0.2708690265  
-0.4607572019  
-0.9885684914  
-1.002747349  
-0.1622508825  
-0.7312976018  
-0.9261261324  
-1.090821788  
-0.759288157  
-0.8612864795  
-1.061414069  
2.153871675  
1.579897143  
-0.9330782227  
-0.264213353  
3.196399536  
-0.3765394759  
-0.6795816914  
-0.5071958402  
-1.519239181  
-1.292550225  
0.2522503909  
