-1.309972454  
-1.133676496  
-1.375382825  
-1.12499315  
-1.572943233  
-0.1627685829  
-0.8027855082  
-1.083112037  
-1.277905298  
-1.225524818  
-0.8376315309  
-1.236151348  
-1.099000952  
-0.9378056303  
-0.3427948769  
-0.7871805557  
-0.9483191579  
-0.8884935077  
-0.1033689761  
-0.5785935513  
-1.379566873  
-0.7071849283  
-1.350287493  
0.9388940587  
-0.1960841607  
-0.757136025  
-0.8116946697  
-0.611231894  
-0.04755301875  
-0.9304307524  
-0.9080469772  
-0.872115327  
-0.8679511967  
-0.7814572175  
-0.997738823  
-0.749953555  
1.637657048  
-0.9239380322  
-0.8044782267  
-0.9597782407  
-0.2739754024  
-0.9890407807  
-0.7428015736  
-1.166276338  
-0.7642001998  
-0.3582124207  
-0.9647988958  
-0.9124948997  
-0.006044691769  
0.02385177339  
0.07023108705  
-0.5765820852  
-0.3436027256  
0.5127384052  
-1.334034548  
-0.4438549899  
-1.293245054  
0.7114955515  
0.4128657899  
-0.4143985748  
-0.7392881478  
-0.903641165  
-0.9114761953  
0.2558459408  
-1.305779614  
0.5890302315  
1.131278618  
0.9587419518  
1.676864478  
-0.8718811507  
2.802521056  
-0.4374980731  
-0.03950735556  
-0.418474769  
2.422192864  
-0.3827497448  
-0.2349694953  
-1.121288299  
-0.6891618277  
-0.7481463614  
-0.4877187729  
-1.444140118  
-0.5601871354  
-1.296525596  
0.7945669137  
-0.6414017325  
-0.7797012301  
2.236041676  
-0.8220244429  
-1.147796039  
-0.9882664707  
-0.4945596476  
-0.434430725  
0.3851393985  
0.04232731331  
-0.2687339901  
2.617042742  
0.4358634124  
0.3917488213  
3.471058141  
0.8867871602  
2.505327335  
-1.085799183  
-0.2458263288  
-0.9130327246  
-0.2031261831  
-0.9713954387  
1.00838392  
1.704860542  
-0.100348856  
-0.4383401887  
1.338552258  
1.280246321  
0.05831216404  
0.1523599006  
2.432565104  
1.401228273  
1.397778967  
0.8257197113  
1.291663781  
0.1748617868  
-0.498484546  
0.0349180779  
-0.2186300532  
1.087233833  
0.3428956166  
0.3570334235  
0.2025102015  
0.2606729452  
0.6443544358  
2.52281032  
0.6092298244  
-0.4322978895  
-0.4507104902  
-0.3474012565  
-0.3669328648  
-0.4956173929  
0.0177923584  
-0.2699445445  
0.6116893472  
2.07786821  
-0.5731648968  
0.07686028328  
-0.8207056286  
1.114442106  
1.175066546  
-0.01978359525  
-0.5540452744  
0.4602797926  
1.159066872  
-0.2980930779  
0.7602173474  
0.5669990097  
0.6165644169  
0.391969004  
0.008128438423  
2.577641616  
0.4822821129  
1.480978527  
2.310099884  
3.42308846  
0.2796204106  
-0.0292233043  
1.264073589  
0.3190389523  
-0.536832221  
-0.2271440991  
-0.3743940443  
0.211940642  
-0.3845315912  
-0.08031430815  
-0.1735057506  
0.08391960548  
-0.2985853126  
0.3396567149  
0.2635233765  
-0.2301714787  
-0.4519990755  
0.1607538896  
0.3808521951  
-0.1827680961  
-0.7708548585  
-0.4242189185  
-0.1538160545  
0.1506240098  
1.284701103  
0.05280069249  
-0.1988574352  
0.2083973972  
1.436940252  
-0.7440468859  
0.1046489267  
0.168566242  
0.2100374446  
1.029111744  
-0.2038457806  
-0.1233930624  
0.3660843378  
-0.5503318216  
0.1340767961  
1.560153016  
1.456736267  
0.1879748379  
-0.3951580739  
-0.2751700812  
4.291045167  
-0.01893959995  
0.06837483108  
-0.8041340393  
-0.1547748045  
-0.2585755456  
-0.6539031827  
1.677160005  
0.1298292035  
0.650621876  
-0.03738056691  
-0.6023912514  
1.288470183  
-0.4886895473  
-0.5310221613  
-0.3556629291  
2.459830271  
-0.1685865158  
-0.6173762015  
-0.2834130514  
0.5446714869  
-0.1794357921  
-0.5915223029  
-0.08105438284  
1.527515753  
1.261722242  
0.272766452  
-1.12617774  
0.09904585397  
0.7291168153  
0.02362590682  
-1.104629937  
0.1111688716  
1.587565743  
1.285365213  
-0.3768078747  
-0.1791780105  
-0.06095839602  
1.571824047  
-0.1930863178  
-0.236339472  
-0.3253016326  
-0.9011656941  
-0.361963567  
-0.7125013203  
-0.6425145406  
-1.015561214  
2.007995783  
-1.407062009  
-1.123614884  
0.1792481069  
-1.386484539  
-1.316612327  
-1.024715047  
0.1512632604  
-0.7034748177  
-0.9759512333  
-0.06817163569  
-0.1416598057  
-0.360217282  
