4189.414802  
4152.385863  
4187.465575  
4258.511824  
4230.880392  
4044.243662  
4111.319807  
4147.591217  
4189.061453  
4183.116732  
4203.336735  
4267.022535  
4231.806563  
4150.083245  
4114.419229  
4178.137322  
4286.9862  
4108.841703  
4104.797673  
4141.512551  
4042.428345  
4008.67896  
4223.859426  
4214.60736  
4121.350181  
4133.454557  
4243.86006  
4128.244172  
4119.236958  
4340.842556  
4296.085829  
4243.231901  
4259.539603  
4178.583066  
4303.864429  
4162.420891  
4170.656709  
4139.618713  
4113.470022  
4176.65227  
4098.564181  
4069.798785  
4247.222781  
4260.054594  
4194.013119  
4187.493281  
4235.815963  
4029.753541  
4268.759279  
3971.111857  
4193.491199  
4216.13396  
4178.927151  
4124.941542  
3806.727582  
4150.480508  
4206.844956  
4255.39855  
4199.276585  
4000.027367  
3884.129708  
4224.205841  
3966.019337  
4267.193472  
4068.043541  
4156.115775  
4067.533133  
4116.694114  
3732.792051  
3978.876568  
4127.777655  
4240.190212  
4113.634015  
4070.249144  
4246.698511  
4143.337066  
4116.513983  
4219.452783  
4102.776842  
4029.34938  
4188.010633  
4165.305493  
4066.546937  
4053.890652  
4149.914631  
4161.148282  
3938.482613  
4046.070499  
4179.493012  
4071.362386  
4081.392734  
3952.173583  
4225.674719  
4062.392084  
3967.190258  
3940.032339  
4049.084459  
4168.691262  
4126.188675  
4140.383128  
4029.714295  
4105.197192  
4005.221567  
3942.692881  
4114.373031  
4172.439655  
4209.112978  
4083.859348  
4126.742962  
4009.124681  
4046.636345  
4072.84738  
4091.524698  
4080.230998  
4252.948129  
4026.377019  
4027.65883  
4013.736881  
3927.606932  
4235.444099  
3981.81201  
4054.597419  
4111.841801  
4077.933026  
4079.672101  
4146.715976  
4004.161487  
4099.160094  
4183.36381  
4069.729496  
4188.78432  
4071.018247  
3971.326678  
4103.384201  
4185.296879  
4180.10506  
4062.999525  
4118.234601  
4197.410487  
4062.043358  
3981.098372  
4104.102496  
3935.052925  
4181.714774  
4271.997277  
4182.058944  
4109.982605  
4152.201094  
4186.038265  
4191.668953  
3996.927987  
4220.981714  
4163.640298  
4170.197118  
3969.130237  
4081.108636  
4199.375879  
4066.477706  
4042.74707  
4099.319402  
4233.360877  
4119.781993  
4107.171867  
3976.673248  
4024.34231  
4087.245109  
4096.490215  
4116.592517  
4080.321114  
3935.766559  
3765.486036  
4287.561302  
4175.629124  
4019.25205  
4097.328584  
3995.80326  
4055.124  
4285.187103  
4017.452938  
4238.970746  
3822.571114  
4130.953281  
4132.269702  
4142.683469  
4222.300451  
4096.924443  
4216.27485  
4166.961416  
4191.234749  
4096.633412  
4077.150048  
4133.897971  
4047.276107  
4065.482258  
4252.333825  
4126.327289  
4123.165494  
4206.172898  
4160.65404  
4100.848349  
4213.076141  
4168.86909  
4191.622732  
4127.061702  
3910.128295  
3916.5927  
3866.561033  
3907.620117  
4147.288728  
4149.528997  
4117.608729  
4075.775893  
4069.875008  
4026.31236  
4061.904787  
4078.667479  
3926.918716  
3997.516936  
4088.499195  
4082.274967  
4072.473197  
4156.025721  
4220.459766  
3985.419564  
4242.682228  
4184.040537  
4059.484398  
3990.188749  
4181.06813  
4101.270975  
4137.154402  
4213.635061  
4149.50817  
3981.091443  
3845.980609  
4059.713023  
4237.444161  
4120.32469  
4052.019878  
3809.115666  
4009.284079  
4302.915191  
4109.867106  
4180.733258  
4212.124607  
4132.117289  
4109.980286  
4172.933913  
4200.745456  
4237.273251  
4145.085412  
4058.253381  
4160.527009  
4132.599956  
4060.950923  
4100.564266  
4190.521072  
4020.737133  
4112.299042  
4198.378179  
4214.341754  
4135.867997  
4063.593061  
3964.809131  
4122.726706  
4082.060177  
3909.932002  
3925.165755  
4018.166572  
4172.744518  
4065.595411  
3938.805956  
3675.339832  
3993.429022  
3959.377097  
4164.933652  
4164.039887  
4044.781771  
4011.824557  
4173.922424  
4209.833537  
4094.427804  
4060.248841  
4024.125191  
4049.800443  
3890.099917  
4006.886785  
4163.206094  
4213.420221  
3976.195211  
4074.011396  
4016.462089  
3893.765162  
