-0.1103451794  
-0.0882166366  
-1.073515457  
1.869783291  
-2.019456972  
-1.526096555  
1.337833417  
0.4026939551  
1.606895745  
0.9847917201  
1.009711065  
0.8987812519  
1.24380101  
0.970762617  
1.080807547  
0.1148722186  
0.765337233  
0.8834921855  
0.8977649846  
0.748218777  
-0.3493516129  
-0.4970246031  
0.737707884  
-0.06079675476  
1.173165252  
-1.890976352  
-1.233379433  
1.016626425  
0.2189660607  
0.6543021763  
0.5206825095  
0.6045130229  
0.3401825681  
0.5217947982  
0.791553609  
0.7097464836  
0.7403915276  
0.382288276  
0.7122583859  
0.5198624436  
0.5630023967  
0.2782234057  
0.9953111854  
-0.3783596081  
-1.111528178  
0.3420751433  
-0.01243996193  
0.7576491928  
0.02754417566  
0.1135109559  
0.2320721354  
0.5207804495  
0.4556668354  
0.6377194502  
0.4521836829  
0.4808526007  
0.3229505127  
0.4517038695  
0.08156980388  
0.1657890416  
0.4430565862  
0.1677014817  
0.02533819943  
0.3107690244  
0.514923331  
0.2601330311  
0.5132346282  
0.366100111  
0.7693333688  
-0.1257346798  
-0.4448937829  
0.5516404053  
-0.1039835134  
-2.101410503  
0.4994706008  
-1.39847727  
-0.1830623979  
0.5746296521  
0.4633802883  
0.5595406563  
0.7722160591  
0.6237254769  
0.8972645452  
0.458166264  
0.607971261  
0.6711230449  
-0.1946023677  
-0.6035169651  
1.161763439  
-2.847436933  
-1.301900221  
1.062867551  
0.270921342  
0.4471068031  
-0.04388168679  
0.7926502124  
0.03294529052  
-0.2589836285  
-0.1664768342  
1.207943476  
0.1262183967  
0.5922769841  
-0.4398981197  
0.2825687299  
-0.177588675  
0.3630312941  
-1.88606248  
-2.601587161  
0.7022989335  
0.2442565594  
0.6064343055  
0.3718678333  
0.6211752781  
-1.077547946  
-0.6274146531  
0.9088100578  
0.8093694508  
1.022035106  
0.3860387123  
-0.4678027519  
1.002067145  
0.4173110178  
-0.03278316676  
0.8211085063  
-0.3066940134  
0.5383570558  
0.3916450461  
-0.6787258447  
0.3500795878  
0.7119685835  
1.005994727  
1.33216416  
0.5672342684  
-0.8813768457  
0.4259584722  
0.7599562122  
0.6487955276  
0.6406983034  
0.9905256041  
0.5079423744  
-0.5601483988  
0.007666412764  
-1.162587393  
0.119083453  
-1.301256916  
-0.2384251108  
1.237830135  
0.542893352  
0.2637349854  
0.6860499383  
-2.738924898  
-1.274444781  
0.9275722843  
-0.6183013279  
-0.06881244647  
0.106125879  
-1.651843874  
-1.41362795  
-0.4855707388  
-1.276199077  
0.5542423826  
-0.579644155  
0.5362189482  
-0.5775256251  
0.3057078042  
-0.8961223374  
0.746505468  
-2.383933538  
-3.909800651  
-0.04560575627  
-0.6905631247  
-1.823245981  
-0.9341796963  
-0.2679409985  
-0.4345032664  
0.1923872033  
0.06080852036  
0.7603333502  
0.1929127063  
-0.8408887959  
-0.8657159782  
-4.36175194  
-1.41586517  
-0.3278127132  
-0.6795617273  
-0.4192985975  
-0.2948814089  
-0.5246176353  
-0.3779423784  
-1.150147425  
0.2869747171  
-0.67163253  
0.9134201927  
0.3945216125  
1.064170941  
-0.0085472248  
1.63042927  
-2.91240158  
-3.859214282  
0.7903999289  
-0.1773215301  
-1.886812064  
-2.012085798  
-0.1998066923  
-1.308061268  
0.2777720807  
-0.6976857047  
0.4590547302  
-0.9702000411  
-1.115694474  
-0.7050904758  
-0.2664289933  
0.02544365307  
0.1507421831  
-1.828009477  
-3.552859536  
-0.07705583992  
0.5866768966  
0.175914909  
0.2275702029  
0.2715200659  
-0.1397346026  
-1.058363133  
1.347357577  
-1.220090156  
-0.961434718  
0.3370885363  
0.1176417036  
0.4213183802  
0.2907819778  
0.09284606948  
0.908178175  
0.7673028415  
0.3768402883  
-2.859329225  
-1.047775149  
-0.9960661616  
-0.2471875145  
0.5942282904  
-0.2469263951  
0.8805418039  
-0.09238835016  
0.01104075438  
0.6170198118  
1.461763778  
1.229752889  
0.7654193271  
0.4128170155  
0.341978124  
-0.4453258685  
0.6620542562  
0.9019770268  
0.7518858752  
-0.01111630703  
0.6792068404  
0.2562150492  
0.3199094131  
0.6589111542  
1.325197957  
0.8704418899  
1.199197062  
-0.05125708806  
-0.8218990913  
0.5100522859  
0.2268748239  
