4555.161534  
4559.879949  
4565.081062  
4677.888532  
4609.987904  
4512.864503  
4572.931185  
4616.807963  
4560.348777  
4574.36083  
4621.066764  
4660.661623  
4618.103621  
4519.566838  
4591.305956  
4681.634606  
4645.9244  
4627.86609  
4498.455265  
4485.946713  
4436.550194  
4541.373564  
4672.862962  
4618.159044  
4498.235826  
4588.077199  
4638.023457  
4497.030266  
4502.543171  
4687.239904  
4653.08172  
4628.963105  
4609.315807  
4628.487332  
4690.879739  
4566.875591  
4565.628412  
4564.268103  
4527.77262  
4511.772126  
4447.83228  
4452.8417  
4714.527141  
4591.964186  
4544.117293  
4558.099302  
4642.587144  
4469.354944  
4685.477695  
4464.13075  
4608.121755  
4603.444935  
4640.561644  
4463.223123  
4088.37214  
4486.946787  
4517.522842  
4608.20723  
4608.514376  
4277.979006  
4184.795723  
4577.564142  
4475.195791  
4646.716595  
4489.981511  
4585.421217  
4420.852158  
4507.300816  
4179.153534  
4290.346668  
4506.80196  
4591.783993  
4526.689453  
4531.613375  
4545.830954  
4409.720174  
4523.426069  
4582.185574  
4545.433753  
4458.703343  
4580.811352  
4570.326028  
4437.023613  
4493.769193  
4627.143197  
4558.034608  
4481.06669  
4479.810302  
4560.009299  
4454.804847  
4498.810889  
4465.763563  
4620.805804  
4479.260618  
4455.086595  
4389.878891  
4509.520302  
4536.463482  
4504.062815  
4466.71284  
4455.922634  
4491.161693  
4395.71968  
4454.255132  
4487.803606  
4524.31059  
4570.873393  
4522.409837  
4497.078759  
4467.701343  
4503.173649  
4506.019049  
4449.275756  
4551.36695  
4641.91965  
4462.33393  
4460.211463  
4477.212042  
4399.128587  
4646.589556  
4484.147601  
4497.653811  
4579.912938  
4555.180022  
4491.023118  
4631.365013  
4449.534436  
4541.200335  
4590.225103  
4506.868923  
4606.63903  
4450.837031  
4406.994903  
4494.771508  
4558.443402  
4532.622681  
4535.904565  
4537.158619  
4551.018216  
4427.094859  
4522.991872  
4541.844672  
4440.975255  
4661.756392  
4652.975434  
4566.155044  
4509.578039  
4658.818612  
4619.893531  
4597.195289  
4477.789428  
4672.747483  
4600.606504  
4575.527118  
4400.426536  
4516.779176  
4621.117573  
4560.591264  
4498.268201  
4553.156865  
4596.516314  
4557.842941  
4502.956553  
4562.656028  
4401.257984  
4430.282063  
4476.290522  
4552.438582  
4576.938278  
4449.913234  
3963.737515  
4659.98034  
4598.530207  
4466.89992  
4502.524671  
4439.674988  
4574.584825  
4602.158483  
4475.609227  
4598.701114  
4135.168206  
4525.943492  
4598.236873  
4567.21277  
4651.197091  
4549.006575  
4612.853998  
4577.243098  
4609.403558  
4482.685664  
4581.418786  
4473.916311  
4520.975668  
4513.575857  
4635.027986  
4475.73625  
4557.960708  
4675.158662  
4600.583385  
4531.225403  
4637.081152  
4679.403612  
4685.348395  
4610.470594  
4344.653301  
4317.987277  
4354.378828  
4418.170809  
4574.051338  
4519.035643  
4514.053921  
4425.395076  
4481.480099  
4361.887139  
4459.788833  
4495.893963  
4343.436197  
4413.771154  
4533.183901  
4480.754891  
4609.639104  
4584.649834  
4662.310664  
4541.1657  
4649.451106  
4574.510945  
4486.865935  
4487.755108  
4616.782561  
4493.57288  
4567.820192  
4667.712673  
4599.643419  
4574.286907  
4147.618973  
4425.806162  
4588.59224  
4440.792801  
4533.821312  
4325.925182  
4503.704849  
4681.588435  
4493.295731  
4580.772103  
4593.416887  
4530.59261  
4518.739946  
4474.544509  
4578.118436  
4619.909701  
4628.302571  
4484.251541  
4578.905989  
4627.094668  
4449.527503  
4588.144189  
4535.438037  
4471.080195  
4515.206397  
4591.656997  
4625.863709  
4576.333156  
4494.621393  
4438.520197  
4577.693449  
4542.05489  
4371.05603  
4422.392609  
4430.048778  
4669.255463  
4505.203728  
4418.143084  
4145.041533  
4672.821367  
4462.791234  
4615.867966  
4657.509085  
4494.182582  
4460.403141  
4630.432002  
4636.584634  
4567.501467  
4629.86846  
4567.425237  
4483.701853  
4367.206035  
4395.701215  
4658.765477  
4682.847139  
4428.607651  
4421.621253  
4394.555664  
4452.818604  
