-1.240952563  
-1.211233373  
-1.547572729  
-1.025865265  
-1.640082683  
0.3811731484  
-0.6254785345  
-0.9298237628  
-1.26807052  
-1.071972008  
-0.6426294897  
-1.159380164  
-1.00305414  
-0.8128193556  
-0.4141416236  
-1.180183272  
-1.11421268  
-1.136100945  
0.3813844371  
-0.5783119251  
-1.477669768  
-0.6123587248  
-1.395781063  
1.696606217  
-0.09897908148  
-0.7909655536  
-0.6809572728  
-0.5115730992  
-0.1913609852  
-0.8832753002  
-0.7930205008  
-0.8678206702  
-0.8428805563  
-0.833045976  
-0.8446640573  
-0.8554855189  
0.7655143889  
-0.7569979527  
-0.7782116588  
-0.7363839628  
0.03967045965  
-0.8565676392  
-0.6250926962  
-1.072520292  
-0.2275966926  
-0.03519867971  
-0.9338359454  
-0.4255542654  
0.9623408546  
0.9947092965  
0.6478889783  
-0.3721676235  
0.1789748005  
0.6152118732  
-0.9633391635  
0.005337189604  
-1.191979545  
1.945772408  
0.6605361038  
0.09020616695  
-0.04555052719  
-0.7239963662  
-0.4851305419  
0.5320760973  
-1.054438221  
1.105035139  
0.8035673761  
1.430779251  
1.36932644  
-0.7716420294  
2.692637445  
0.2082355094  
-0.2552912092  
-0.1179791935  
1.543035461  
-0.1645509231  
-0.3687859103  
-0.9221971603  
-0.6550066848  
-0.3068159434  
-0.352155148  
-1.425684292  
-1.373644144  
-1.537995987  
0.8697765598  
-0.6679746265  
-1.248981995  
1.604152943  
-0.8402834909  
-1.21533663  
-1.387185041  
-0.9097222725  
-0.506724388  
0.3944318107  
-0.1473506699  
-0.1957218968  
2.308951449  
0.7111098492  
-0.1393757502  
3.489122364  
1.006176241  
1.25782921  
-0.5578122343  
-0.2697407545  
-0.8112878705  
-0.2172732305  
-0.9418733136  
1.547313519  
1.488354696  
0.04311197926  
-0.3749225749  
2.210226827  
1.493743149  
-0.00502076794  
0.236336964  
3.321468723  
1.651205715  
1.751045358  
0.9888254328  
0.4292894965  
0.3499956533  
-0.9222667816  
0.1855625597  
-0.3564672682  
1.588324235  
0.279121335  
0.2341950236  
-0.08431510656  
0.2568799322  
0.1709646798  
2.551410725  
0.4948816273  
-0.4621149566  
-0.4782245279  
-0.265405923  
-0.1802231574  
-0.1804053938  
0.2038986484  
-0.2778218466  
1.018543135  
1.503910584  
-0.4484402717  
0.1863658528  
-0.9317980983  
1.801361433  
0.9272273559  
-0.1899886334  
-0.6496324229  
-0.0314658414  
0.9042919669  
-0.2810261254  
0.2784401635  
1.058055306  
0.2414155736  
-0.1970926453  
-0.213865156  
1.747874709  
0.2116670869  
0.5978011928  
2.156673229  
2.962824203  
0.01737680397  
-0.1554423581  
1.470203738  
0.3395231988  
-0.8007039401  
-0.3547793254  
-0.48773158  
0.2893453357  
-0.5975414801  
-0.122684668  
-0.2886322883  
0.06787833322  
-0.3745644618  
0.3691005253  
0.3109846096  
-0.145702162  
-0.7247702956  
0.5863413719  
0.7159509517  
-0.3747207586  
-0.9152753369  
-0.7127568265  
-0.2804129933  
-0.03704066913  
1.10611598  
0.1429765871  
-0.2968306355  
0.5325733934  
1.160845229  
-0.815753894  
0.09414298227  
0.5863937916  
0.2293327739  
0.4489421963  
-0.533961458  
-0.2637181515  
0.04861361668  
-0.8528301262  
0.2043559091  
1.744671974  
1.867275427  
0.1042904183  
-0.3730237263  
-0.6206506144  
3.838433697  
-0.0837707198  
-0.4060894908  
-0.8148403385  
0.1682810841  
-0.2550308396  
-0.8894904138  
2.643555646  
0.121204768  
0.241136746  
-0.07054541442  
-1.295915504  
1.164632212  
-0.7307394557  
-0.5651887312  
-0.8225078947  
2.264899607  
-0.1041937189  
-0.9446234661  
-0.4594520719  
0.6464947132  
-0.2275107556  
-0.8231981225  
-0.05975322078  
0.8069644525  
1.713543186  
0.2215741509  
-1.289790672  
0.1840429785  
0.6550081711  
-0.124211307  
-1.429226943  
0.2536954776  
0.7317501241  
1.778525654  
-0.5437648984  
0.5150621459  
0.1791639405  
1.681878208  
0.01804590472  
-0.06329140634  
-0.3177484139  
-1.158852497  
-0.1555714007  
-0.7271431252  
-0.5874550345  
-1.39091204  
1.251483825  
-1.540342618  
-1.436072415  
-0.3077284159  
-0.9456077385  
-1.261911944  
-0.8969627687  
-0.2021795737  
-0.5396893262  
-1.086029511  
0.5058196549  
-0.2118131147  
-0.4827507362  
