0.7813126808  
1.557011086  
0.7137177149  
0.5195677013  
0.05131781163  
0.1406510021  
0.4865335058  
1.191866398  
0.6066493861  
0.9941881563  
0.6379517757  
1.342004103  
1.202443336  
0.3096724563  
2.011405771  
0.3503853533  
0.5968239199  
-0.03088641555  
0.7089619986  
1.686398757  
0.9857790334  
-0.1090206649  
1.089873507  
1.761516901  
0.5768312157  
3.055879346  
-0.1777357994  
0.6858282877  
-0.1504272462  
1.448322265  
1.248693005  
1.061841778  
-0.09548871542  
0.08465847226  
0.6388362638  
1.346676887  
2.427200472  
-0.6220931711  
1.737798553  
0.1493765599  
-0.2438393864  
-0.07714476295  
0.7550899244  
-0.06946863415  
-0.1426424051  
0.8618864739  
0.1237349631  
-0.3900371848  
-0.9071871689  
-0.4860906201  
0.6926508158  
-0.5678075748  
-0.9356715106  
-0.4621115245  
0.146837205  
-0.2570913348  
0.364531438  
-1.005644219  
-0.3904598091  
-0.2477910888  
0.1675456794  
-0.09436697293  
0.3190998112  
-0.9463207556  
0.8638863934  
0.6351889116  
-1.143994571  
-0.7559324612  
0.1671110354  
-0.635829282  
1.088138887  
1.630874548  
-0.4051073874  
-0.951954917  
0.6274667559  
-0.4802459098  
0.08260443308  
0.7832290574  
-1.151019204  
0.3163491542  
-0.4456276774  
-0.3808474784  
-1.238339221  
-0.8216684662  
0.1574457602  
-0.345940723  
-0.9212588016  
-0.9248181957  
1.595307985  
1.137466024  
-0.08034548312  
0.5784411105  
1.149320255  
0.8472482245  
1.033604147  
0.4383208623  
-0.7375693299  
-0.9536135955  
-1.457723252  
-0.4585822903  
0.4270999081  
0.05362157717  
-0.9613409611  
-0.3682254759  
0.3165292183  
-0.1208310292  
1.322103075  
-0.4186993047  
-0.1648415813  
-0.7924291497  
2.093544902  
1.632622789  
0.5148657995  
1.754370101  
1.108371092  
0.2896627595  
-0.8799049699  
-0.6150045746  
-0.09558027288  
0.02258488666  
-0.9162593402  
-1.035210644  
-1.278824012  
-0.9410246799  
-0.1940842604  
-0.375883155  
-0.4093518464  
0.6682017217  
-1.201592002  
0.16795605  
-0.02524337378  
-0.1315904222  
-0.7056067692  
0.04681494933  
0.2843025525  
-0.1949600621  
-0.163729679  
-0.1972167103  
-0.2057565913  
0.5907007873  
-0.2926641445  
0.008821511398  
0.5085276654  
0.1538159968  
0.8242825983  
1.961126423  
-1.136938746  
1.190398451  
1.310784038  
-0.163688568  
0.8329765026  
-0.2258535109  
-1.317149348  
0.1360393104  
0.499269266  
-0.1889744506  
-0.5852183649  
-0.6233575109  
-0.4684322913  
-0.5954427771  
0.491357459  
0.08408826672  
-0.5972725396  
-0.2976122282  
-0.3760354317  
-0.1316745443  
-1.588823817  
0.3110105009  
0.8302641588  
-0.286266419  
-1.282218358  
-1.210479217  
-0.7753427041  
-0.9972962221  
-0.2637732598  
-1.119780816  
-0.6393670731  
0.9816831154  
-1.123720812  
-0.8502114787  
-0.4257811111  
-0.3619357541  
-1.35554601  
-1.06241693  
-0.7142584534  
-1.445044388  
-1.056576311  
-0.8761813362  
-0.9992672154  
-1.068307005  
-0.9772878872  
-1.415931785  
-1.405312136  
-1.393390465  
-0.3284169514  
0.219428255  
-1.24782664  
0.5650375217  
0.09288360758  
0.9874383403  
0.3833518495  
-1.094769051  
-0.7392564634  
-0.5153233759  
-0.6398579756  
-1.01651021  
0.5872300004  
-0.6579652397  
-0.7099254519  
-0.8477455477  
-0.3298482398  
-0.3574500371  
-1.204132925  
0.1479989537  
-1.42030717  
-0.9445053182  
-1.623051613  
-0.4205344801  
0.1291613891  
-0.8015703003  
-0.1249495809  
0.1355679319  
-0.6855805791  
-1.357762492  
-1.481617063  
-0.8399871035  
0.315430217  
-1.502296291  
-0.9556584078  
-0.136614138  
-1.84474118  
-0.6440576799  
-0.3429318042  
-1.114092718  
0.06424442526  
0.8324944232  
-0.8640137023  
-0.1737850359  
-0.4176746517  
-0.1238549674  
-1.464576234  
-0.5810868444  
-0.248221135  
-0.1638668934  
-0.2637978574  
-0.5525378689  
1.220651862  
1.527550173  
-0.0678890748  
-0.01311264472  
-1.245942809  
-0.6119111192  
-0.1164393696  
-1.003339215  
-0.8932039518  
-0.8437101979  
-0.7111539374  
-0.4254490626  
0.5092330853  
-1.344527855  
-1.196920592  
0.02253190516  
-0.3054417476  
-0.5557630772  
-0.5367649691  
2.711137118  
3.461661209  
-0.858519183  
-0.8717819801  
-0.1857526615  
0.4882011986  
5.332450296  
4.107589916  
-0.1998567833  
-0.3311133762  
0.4781916318  
0.2667431275  
-0.6045229914  
0.3492720119  
1.566312906  
1.694364211  
1.04331495  
2.472846164  
0.6464811445  
1.643049201  
1.841411645  
-0.05437894088  
-0.7167475718  
-0.4943340719  
-0.1768081692  
1.4985016  
1.274115405  
1.150823646  
