3477.362884  
3573.137512  
3467.097016  
3490.739625  
3441.111988  
3460.644368  
3499.555738  
3454.288582  
3407.159993  
3457.538314  
3448.681816  
3421.96226  
3463.385612  
3466.895235  
3589.762384  
3432.423422  
3479.661751  
3435.745819  
3476.876957  
3508.431617  
3437.232638  
3380.206321  
3468.591954  
3459.69512  
3457.593203  
3538.843266  
3399.225317  
3465.937907  
3452.549863  
3586.181699  
3490.003474  
3391.327783  
3364.903639  
3452.278655  
3460.662137  
3459.089725  
3527.518411  
3336.380785  
3489.788705  
3333.418391  
3396.179003  
3392.025192  
3432.045663  
3375.665086  
3371.612986  
3371.035059  
3275.486406  
3292.692463  
3277.991931  
3388.097429  
3428.064603  
3309.223695  
3300.255817  
3330.238046  
3315.811986  
3451.300357  
3454.193299  
3322.132283  
3404.501105  
3366.130566  
3311.653344  
3330.856403  
3342.458951  
3277.359128  
3371.404735  
3324.431162  
3299.253295  
3328.078051  
3338.125908  
3293.801536  
3451.526363  
3443.167099  
3303.160092  
3333.80105  
3419.839326  
3257.502237  
3295.606432  
3315.020955  
3272.632206  
3351.47522  
3343.668103  
3366.053081  
3248.52306  
3256.031542  
3342.734996  
3378.61132  
3280.118082  
3316.481959  
3430.723495  
3397.630344  
3355.173785  
3281.18841  
3407.148702  
3373.358128  
3448.641461  
3415.131799  
3300.525445  
3314.317077  
3236.812327  
3360.661022  
3380.981214  
3416.274803  
3299.802178  
3395.24103  
3345.182366  
3374.242822  
3500.655141  
3336.808607  
3406.943682  
3421.13567  
3627.832697  
3394.70509  
3384.090538  
3319.959319  
3486.551939  
3388.289522  
3271.534403  
3317.277848  
3356.80105  
3321.317019  
3370.289212  
3288.097938  
3276.508334  
3357.550143  
3344.957979  
3382.592386  
3276.958696  
3311.382118  
3368.167914  
3410.341941  
3388.953028  
3398.117861  
3382.154908  
3491.199691  
3478.375109  
3433.868271  
3440.203121  
3386.474963  
3430.823553  
3517.951594  
3421.179236  
3490.072886  
3526.414166  
3393.545924  
3424.500045  
3401.588793  
3335.927145  
3379.22317  
3283.322614  
3422.687095  
3465.209831  
3204.471501  
3223.563158  
3454.616295  
3419.309821  
3426.28716  
3345.358354  
3431.813189  
3420.707879  
3334.215886  
3519.330286  
3488.288998  
3328.990162  
3325.438533  
3303.458768  
3195.172704  
3295.005865  
3410.08363  
3461.10607  
3340.78159  
3283.437245  
3352.261411  
3377.804135  
3405.991176  
3349.613869  
3351.720629  
3347.145442  
3458.355194  
3311.46285  
3386.36519  
3303.261839  
3370.19072  
3285.616653  
3286.977588  
3324.003358  
3300.83215  
3324.234186  
3302.746837  
3308.004869  
3303.12456  
3333.179487  
3277.217032  
3323.806423  
3298.483243  
3435.682843  
3480.081518  
3322.395412  
3471.694805  
3357.25955  
3475.177046  
3459.354471  
3359.488984  
3338.398741  
3322.221081  
3352.093524  
3335.160327  
3441.412277  
3375.077464  
3337.988711  
3328.30566  
3362.059096  
3389.406674  
3263.297834  
3360.546433  
3338.188893  
3331.224471  
3269.053104  
3352.046741  
3460.923674  
3308.309963  
3409.655847  
3439.839894  
3376.820964  
3345.398714  
3372.339451  
3340.482906  
3343.170885  
3291.61731  
3367.417226  
3429.286664  
3263.556145  
3391.97517  
3411.226598  
3323.733749  
3396.128939  
3447.054522  
3448.388001  
3392.31578  
3423.286016  
3256.730566  
3349.630009  
3409.152145  
3466.956611  
3448.864258  
3413.848386  
3390.486698  
3605.26852  
3621.472012  
3314.594734  
3416.361962  
3309.175264  
3390.465702  
3400.377998  
3383.848364  
3415.470847  
3466.779011  
3466.281783  
3347.57489  
3551.246547  
3401.317548  
3327.006101  
3497.151957  
3399.023535  
3424.048032  
3453.884972  
3777.650249  
3455.194206  
3292.501973  
3388.33151  
3390.188035  
3549.110717  
3979.717211  
3633.024511  
3309.682168  
3474.933232  
3293.69499  
3563.640131  
3356.18115  
3505.932526  
3717.161113  
3747.614725  
3791.130315  
3792.124802  
3619.066579  
3642.386289  
3765.786201  
3475.236748  
3419.191982  
3387.514619  
3399.99055  
3447.705115  
3427.265495  
3396.530925  
