0.8402973116  
0.3909545878  
0.0964927718  
-0.1533800771  
0.1291663282  
0.2447126404  
0.2845660507  
-0.6700918392  
-0.580508329  
-0.9493323063  
-0.2088967362  
0.4462724264  
-0.06137365533  
0.1615353835  
-0.8535106974  
-0.5749361596  
-0.6494485396  
-0.7402883609  
0.05816447732  
-0.6780786672  
-0.6549064346  
-0.4776899011  
0.3656683455  
-0.1832524682  
0.0969610107  
-0.02032723734  
-0.3331737622  
-0.1395561509  
0.6861353846  
0.5617197897  
0.2844902774  
0.02254295863  
0.1967068667  
-0.7178683844  
-0.2121015371  
-1.545382528  
-0.8422191072  
0.4780613348  
0.1982552277  
-0.1382359328  
-0.7930674985  
-0.3304885544  
0.2764337225  
-0.08544853463  
0.2719815055  
-1.560381073  
-0.9842020186  
0.6727938372  
0.2835932929  
0.8167065873  
0.2125792171  
-0.2093507403  
-0.4544135172  
0.1291270877  
-0.007622530043  
0.2172293153  
-0.3034075054  
-0.2428082923  
-0.6476066711  
1.691226285  
-0.01154706483  
0.4422925545  
-0.2216763245  
0.09455495867  
-0.3602132171  
0.1218304027  
-2.378801395  
-1.36152107  
3.730002823  
1.093276234  
-0.2170685966  
0.4974791442  
-1.334209832  
-0.3831736151  
0.5052592116  
0.2882991636  
0.2599778443  
0.3122534571  
-2.122485327  
-1.314990362  
4.617702787  
1.037890784  
0.4065042597  
0.005534004596  
-0.8714721536  
-0.9204993954  
0.05465012188  
-0.4166354122  
-0.09310698372  
-2.478002584  
-1.156690905  
0.07846597312  
-0.4326414496  
-0.3176935284  
-0.2658950327  
1.149355112  
0.7698642093  
-0.1302326142  
-0.3202868958  
-0.3798367894  
0.477933819  
-0.3370122317  
0.8806940364  
0.2050466099  
0.5699033932  
-1.63574063  
-1.333429676  
0.01435675439  
-0.9974117439  
4.411830093  
0.7706511673  
0.01181092168  
-0.2570212928  
-0.6931138758  
0.8216659986  
0.5669693624  
0.08381374902  
0.1068405405  
-0.3057525491  
0.4646220901  
-1.224579345  
-0.1511557858  
1.515402321  
0.2775802699  
0.1552985119  
0.01157189787  
-0.4372167985  
1.192291921  
-0.3364061853  
-1.309951423  
-0.3359332519  
0.4112149246  
-0.5050860112  
3.478772156  
-0.7280382991  
-0.3446330891  
-0.09182907306  
-0.4929768641  
-0.5560725428  
0.1955661395  
-1.839927827  
-1.39924512  
-0.2007241134  
-1.285359101  
-0.3175228361  
0.3670333415  
-0.1146351418  
-0.5888680532  
0.2478268662  
-0.002511378749  
0.8247954972  
0.1120057942  
-0.2037776726  
-0.5633553148  
-0.09632686913  
0.1721780081  
0.3548239206  
-0.01316483048  
0.2503760634  
0.03894672797  
-0.6484736664  
-0.6399496384  
0.531166464  
-2.09414969  
-0.9584619873  
0.4184896295  
-0.1615311944  
1.465806928  
0.2649792075  
0.5058017548  
-1.416057693  
-0.8987526343  
0.5640356277  
-2.71830624  
-1.00010234  
0.2349695331  
0.2596502251  
0.1175081049  
-0.3541195069  
-0.09582685056  
-0.9965145356  
-0.09357428417  
0.4910119822  
0.3540038156  
-0.5721259703  
-0.3357749367  
0.5742052075  
-1.176576203  
5.358655503  
2.187330748  
0.5120707589  
0.5790753057  
-0.824153874  
0.2560399966  
1.073025034  
0.2915458518  
0.3823301957  
0.5613703697  
-1.345581241  
-1.520079083  
0.1632442412  
0.07713371961  
0.1275914235  
0.4680144757  
0.7808487931  
0.2875022316  
-0.02092133576  
0.3121689642  
0.01453144784  
0.7605351884  
0.6862697683  
-0.4456214018  
-0.3286468172  
-0.1492662808  
-0.2199597865  
1.934587992  
0.5146812  
0.7918008567  
0.4735296027  
0.2123233148  
-0.5629431135  
-0.09427949143  
2.017985938  
1.424936817  
0.2604168347  
