0.3895467377  
0.3700219831  
0.8972617876  
1.346138843  
1.343716281  
-0.3738286497  
-0.8833624977  
0.7508143556  
0.1382074573  
-1.983788315  
-0.2733011967  
0.7502096261  
0.9673874259  
0.4949959903  
-2.073836521  
-0.8382379795  
0.5572980389  
0.5046698064  
-0.9165774023  
-0.2501576155  
1.14563029  
-0.3912995031  
0.2147992894  
-0.4090644591  
0.8834372625  
0.4469686644  
0.4948009718  
-0.6200543093  
-0.389925077  
0.7172758022  
0.933539383  
-0.9384798734  
-1.76941499  
0.3015751525  
0.8287952934  
-0.02157306048  
-1.872814477  
-0.3167417895  
0.309131949  
-0.02029207364  
-0.8851417629  
0.8297936429  
0.7290376716  
2.033006712  
-0.6123804375  
-0.2937662179  
-0.7558146764  
0.1359646877  
1.211101197  
1.414563143  
0.2481601158  
0.6943535201  
-1.217059575  
-0.5171922054  
0.7573223578  
-0.1544667026  
-0.4470320193  
-1.407851668  
-0.0248773719  
0.7077571537  
-0.2320662593  
0.4120443746  
0.3285190461  
-2.332205001  
-0.1059439329  
0.3921405722  
1.231777387  
0.9321270983  
1.421983685  
-0.2269832781  
-1.233935669  
0.03679118701  
1.076223117  
-0.1690077239  
-1.097506002  
0.3622328434  
1.016681833  
1.409720714  
1.449914473  
1.471338554  
1.496196397  
0.8586053523  
0.08698297889  
0.0828567836  
-2.084041976  
-0.7581572162  
-2.741695491  
-0.7901195728  
-0.6894654423  
0.2974853755  
0.3950470717  
-1.920957964  
-1.460345121  
0.4224623573  
-0.02800942003  
-0.8182852868  
-0.01561497518  
0.625751932  
0.9316261537  
0.07405734957  
1.369315896  
0.9060281698  
0.48606677  
0.3468287563  
1.481888854  
0.1976304766  
-0.5468728318  
-1.748922796  
-0.07004830145  
-0.02299253446  
-0.1582805053  
-1.656402301  
0.2341607173  
-0.2091817722  
-1.657701551  
-0.3577488481  
0.9855811701  
1.036385351  
1.443610833  
0.3015135992  
0.9473700187  
0.4203377758  
0.6073162933  
-0.5604219973  
-0.3745936185  
1.311219294  
1.12764217  
1.810304525  
-0.02821167648  
-0.8921471497  
0.3552355173  
1.35486073  
1.332828802  
1.585342692  
1.187744178  
0.03790510293  
-1.292174899  
-0.0666985223  
0.1484032148  
-2.441227231  
-0.07405275256  
0.8598838532  
1.981860998  
-0.6887764699  
-1.766608871  
-0.6674699463  
-1.326390938  
-0.2845684869  
0.06231175613  
-0.4199835175  
-0.741985413  
-0.08879613386  
1.264829471  
-0.1383073936  
0.9180151738  
-1.123713056  
-0.4061169972  
0.2109152769  
-1.312135008  
-0.5913722699  
0.009047048452  
1.463481823  
-0.5483362534  
-0.7272525752  
0.9308042607  
-0.3092129263  
1.168058091  
0.3005758583  
-1.336326015  
-0.626999996  
0.8555584114  
-0.2173016469  
1.371761547  
-0.7204192733  
-0.7964174272  
-0.9079774744  
0.4380177614  
-0.7343937824  
-0.4715936831  
1.277673886  
1.283750716  
1.479225961  
-1.126621999  
-0.3018800872  
-1.397330028  
-0.3260317626  
0.727794375  
-1.013399964  
-0.5883652009  
0.7141676175  
-0.2935938688  
-1.215060397  
0.3960249171  
-1.031621041  
0.3977417154  
-0.7896021106  
0.5663396066  
0.3634886942  
-1.661612909  
-0.08834145617  
0.9952912573  
0.04594604179  
1.168679625  
-0.2460108976  
-1.651453274  
0.4847073226  
1.430514138  
-0.2798756408  
-1.045942375  
0.2818517606  
1.276061098  
1.617942672  
1.829159825  
0.7542579795  
0.8430681256  
-1.734202881  
-0.7807358287  
1.033463423  
1.465025698  
0.04272747937  
-0.6206176465  
1.267616766  
0.1495196518  
-1.21628753  
-2.17486834  
-0.1000757181  
-0.8329339781  
-0.9268773846  
0.9747985473  
1.050171514  
1.678380438  
0.3393237112  
-1.950056604  
-0.8506384611  
-0.06351007546  
-0.6253259718  
-0.5354818867  
0.4528793139  
-0.05012163163  
-0.1914017923  
-0.6526557214  
-2.459792968  
-0.2548716124  
0.2882897549  
-1.340517108  
0.532552954  
0.2840041287  
-1.751678766  
0.2382603457  
1.152557647  
0.2071153468  
-0.8201538756  
0.02680780165  
-0.7975581621  
-0.3172916786  
1.268456551  
0.206613224  
0.6933773178  
-0.2057126361  
0.8863616186  
-0.3876731115  
-1.250078719  
0.9725067678  
-0.1678217718  
-3.766496329  
