6332.068769  
6200.756405  
6252.415234  
6157.691937  
6095.286711  
6084.700401  
6160.576695  
6087.392487  
6159.69915  
6105.192686  
6063.400948  
6112.061042  
6040.479077  
6113.467612  
6093.084085  
6135.165261  
6100.491057  
6039.717889  
6170.74983  
6031.648141  
6117.014326  
6081.974365  
6107.553749  
6188.636348  
6127.826586  
6112.806152  
6201.105088  
6163.15441  
6141.264399  
6135.087912  
6081.872642  
6121.223799  
6122.942223  
6046.705263  
6065.650839  
6063.59892  
6064.223828  
6157.99675  
6029.792095  
6084.654651  
6061.491837  
5984.627689  
6066.024164  
6025.484191  
6107.941736  
6037.026132  
6011.996193  
6123.50216  
6039.734  
6045.31444  
6101.858617  
6127.193938  
6087.909847  
6053.472343  
6122.001349  
6078.524308  
6085.625323  
6046.549442  
6137.326117  
5999.117193  
6073.381488  
6193.676639  
6059.758984  
6197.54946  
6014.095224  
6058.439475  
6041.900117  
6061.527778  
6148.992634  
6001.55504  
6111.576365  
6219.588768  
6089.690614  
6079.550285  
6107.600465  
6232.380754  
6271.717713  
6222.075045  
6144.55265  
6167.435507  
6088.368924  
6123.788543  
6033.995505  
6178.330623  
6191.456344  
6164.356864  
6127.168324  
6189.640569  
6140.245867  
6196.442289  
6168.550242  
6186.448454  
6142.181902  
6238.362622  
6195.262171  
6182.707424  
6219.063736  
6159.67224  
6204.975326  
6148.718361  
6232.636849  
6223.388044  
6223.509539  
6201.244006  
6178.405509  
6158.619419  
6263.352032  
6274.571054  
6295.063835  
6120.995541  
6162.767356  
6197.611589  
6247.534639  
6118.411138  
6138.396742  
6202.360519  
6114.05706  
6229.662428  
6143.553702  
6206.736268  
6225.53217  
6095.686202  
6181.472798  
6002.793962  
6108.506227  
6120.178722  
6065.110858  
6134.394264  
6127.730844  
6151.884119  
6180.954477  
6222.196828  
6254.313152  
6194.073442  
6124.284106  
6232.059051  
6235.854727  
6220.3313  
6186.488098  
6179.005967  
6317.794379  
6218.115761  
6216.619054  
6123.537915  
6202.278188  
6264.330155  
6229.974565  
6267.341435  
6225.22366  
6156.077592  
6149.290439  
6211.262262  
6187.32539  
6231.394666  
6181.321538  
6147.647534  
6236.432311  
6172.382472  
6208.174757  
6218.252117  
6177.970422  
6217.209789  
6143.850509  
6217.273976  
6142.204008  
6207.459709  
6259.667457  
6184.33142  
6220.965618  
6192.614525  
6111.730347  
6186.870765  
6120.241739  
6156.576043  
6146.797042  
6170.061348  
6174.605041  
6194.17557  
6264.448457  
6247.642755  
6122.062854  
6035.603269  
6139.377759  
6149.502477  
6177.716285  
6243.319319  
6139.085964  
6211.741849  
6109.509681  
6162.634945  
6194.419937  
6202.020834  
6294.025183  
6215.484203  
6174.266207  
6187.285999  
6192.662393  
6235.152946  
6169.406699  
6231.232302  
6188.191893  
6167.839901  
6209.969719  
6138.267828  
6172.702491  
6199.580734  
6285.1434  
6254.225932  
6263.60933  
6227.531739  
6241.666087  
6295.255118  
6140.502973  
6231.827194  
6221.945278  
6169.328599  
6230.363128  
6197.27521  
6249.196762  
6254.587706  
6114.010638  
6149.328167  
6175.860249  
6115.270991  
6185.79889  
6266.420119  
6211.588118  
6242.354488  
6140.906007  
6129.538636  
6153.595315  
6156.366318  
6212.6447  
6104.76905  
6144.393748  
6183.440568  
6158.059516  
