6224.033386  
6049.583114  
6049.39663  
5872.789661  
5918.721793  
5976.480932  
5912.738446  
5971.688494  
5913.604909  
5947.928737  
5888.892733  
5922.069775  
5944.814746  
5964.276979  
5961.496906  
5991.703546  
5952.485904  
5923.72901  
5863.401096  
5908.864884  
5920.385979  
5985.840881  
5928.232186  
5910.758218  
5936.444026  
5928.192529  
5960.01861  
5940.718122  
5915.709086  
5906.22009  
5877.677234  
5873.234873  
5990.31295  
5930.023807  
5892.338996  
5905.371206  
5948.029084  
6000.503219  
5996.988623  
5947.522885  
5965.622407  
5955.957033  
5918.869157  
5903.965316  
5901.85418  
6049.663162  
6021.539166  
6008.185218  
5944.701283  
6029.462036  
5946.051769  
5997.723562  
6045.098271  
5932.513977  
5983.837397  
5986.195595  
5974.196126  
5968.180685  
5954.715963  
5938.171754  
5937.890827  
5897.997474  
5924.263241  
5932.946419  
5908.65033  
5905.999402  
5938.174094  
5941.360003  
5962.08816  
5939.016191  
5975.44064  
5940.63801  
5883.392375  
5874.8268  
5930.790621  
5966.138899  
5952.258145  
5892.601838  
5937.66725  
5863.869485  
5882.405572  
5901.827583  
5891.433132  
5956.53407  
5957.203196  
5966.042808  
5956.91505  
5983.568371  
5947.543887  
5892.408422  
5936.182207  
5951.31243  
5881.144326  
5977.101945  
5996.195315  
5970.142386  
5980.532518  
5933.576724  
5907.427316  
5915.859276  
5909.30547  
5930.696645  
5948.094766  
5919.139665  
5959.225418  
5939.744829  
5995.175848  
5991.744593  
5941.686068  
5893.983161  
5969.481478  
5903.62497  
5932.900882  
5970.999165  
5898.693936  
5893.114761  
5949.089709  
6003.653639  
5933.690689  
5947.39324  
5909.338917  
5964.105821  
5872.111067  
5904.757742  
5888.264567  
5941.000065  
5881.488872  
5925.298906  
5960.244269  
5951.128226  
5945.705241  
5921.126713  
5972.46205  
5894.929402  
5915.445575  
5949.059291  
5916.555649  
5951.164174  
5893.083997  
5930.170456  
5967.80754  
5904.169692  
5948.878689  
5997.931734  
5891.136544  
5967.220261  
5965.478463  
5877.827628  
5960.236985  
5958.196654  
6010.522434  
5972.881534  
5935.300019  
5909.597149  
5964.898808  
5917.126204  
5911.344061  
5953.425234  
5900.175797  
5969.594301  
5951.700204  
5975.13428  
5976.31993  
5912.806975  
5944.737391  
5937.497442  
5960.379921  
5904.481434  
5907.092734  
5822.533924  
5889.738383  
5921.152586  
5880.002854  
5905.373097  
5941.042385  
5914.232376  
5928.981594  
5875.44541  
5820.133355  
5924.305473  
5920.720165  
5961.242642  
5891.757749  
5839.079881  
5952.03647  
5954.268205  
5929.324706  
5964.826477  
5954.451277  
5885.687755  
5901.013539  
5931.381498  
5996.04284  
5926.946691  
5890.650391  
5911.331173  
5951.087944  
5935.486341  
5953.346361  
5955.563898  
5917.367194  
5973.771834  
5910.377626  
5963.755115  
5919.92429  
5886.808001  
5831.765056  
5918.125962  
5963.458455  
5889.012847  
5878.256615  
5871.92548  
5851.31628  
5925.419376  
5951.202475  
5900.86079  
5863.595214  
5970.821064  
5974.302817  
5962.685736  
5964.542259  
5950.443902  
5989.173516  
6001.582837  
5955.024007  
