6547.722368  
6318.948216  
6245.978004  
6314.106971  
6294.251009  
6376.474399  
6296.700972  
6300.802611  
6259.154519  
6246.428439  
6317.076728  
6177.180448  
6166.262661  
6318.025522  
6217.436861  
6112.509835  
6237.485028  
6270.747948  
6342.100488  
6209.119428  
6245.68716  
6271.725698  
6338.733287  
6290.2928  
6329.628371  
6244.682218  
6274.171442  
6265.824769  
6288.694868  
6335.43045  
6283.195874  
6258.433663  
6239.111037  
6336.370054  
6308.144442  
6264.344356  
6232.105063  
6337.40276  
6326.748824  
6234.598925  
6277.133515  
6276.965909  
6224.800933  
6180.024923  
6321.912022  
6283.080806  
6235.122556  
6248.015702  
6290.158326  
6353.768984  
6298.332183  
6279.570792  
6282.237998  
6317.223496  
6265.511076  
6269.598686  
6368.279681  
6376.515559  
6388.852249  
6386.976668  
6340.379726  
6308.149437  
6355.752499  
6320.688243  
6215.353955  
6337.620428  
6267.641108  
6317.729571  
6290.829128  
6285.326317  
6292.062569  
6278.810038  
6305.228359  
6366.572814  
6353.794392  
6335.608021  
6311.875612  
6331.817361  
6394.877127  
6345.451843  
6256.994384  
6348.743285  
6355.094733  
6357.537341  
6304.015059  
6284.895333  
6313.053639  
6396.137193  
6383.589372  
6385.320777  
6380.378677  
6362.12354  
6308.244064  
6357.904004  
6278.566363  
6332.954299  
6295.020718  
6307.756644  
6421.710027  
6346.969675  
6238.548271  
6315.970681  
6351.361515  
6439.346766  
6390.904982  
6419.298656  
6282.607421  
6406.898033  
6420.247063  
6468.697685  
6446.282467  
6246.244835  
6348.623722  
6362.638832  
6321.969195  
6352.707886  
6387.187081  
6410.100867  
6340.660187  
6359.90546  
6380.546597  
6341.669616  
6549.805234  
6425.768829  
6325.828594  
6304.182882  
6337.540673  
6495.848655  
6399.629249  
6276.306574  
6219.85319  
6254.278342  
6290.349643  
6279.477288  
6273.702684  
6163.488924  
6257.778014  
6323.917041  
6247.488227  
6214.549144  
6334.896797  
6314.568879  
6330.308829  
6239.942178  
6270.72129  
6348.539994  
6317.213293  
6258.345877  
6287.907832  
6354.895766  
6325.696202  
6308.719515  
6325.264706  
6330.133711  
6348.634544  
6335.004227  
6495.661977  
6316.84903  
6399.189824  
6469.113833  
6370.535735  
6311.567272  
6413.779767  
6330.679067  
6429.608109  
6427.079426  
6502.462582  
6422.097041  
6338.71454  
6346.387443  
6417.797758  
6422.65824  
6415.299936  
6410.790434  
6348.200732  
6272.869676  
6341.909659  
6402.312709  
6444.760401  
6476.449902  
6408.826448  
6339.401322  
6427.231599  
6371.240361  
6295.456086  
6520.795207  
6365.297761  
6311.244587  
6227.186601  
6280.540263  
6604.384775  
6431.198515  
6368.239695  
6424.866353  
6314.125883  
6566.953389  
6474.483798  
6379.03501  
6370.866332  
6458.412152  
6462.023002  
6408.964897  
6352.234409  
6338.062704  
6369.501297  
6398.192266  
6476.738902  
6382.383589  
6396.656503  
6345.35175  
6343.208784  
6509.202476  
6430.80884  
6320.831276  
6419.144886  
6630.664384  
6348.63818  
6354.177521  
6512.307793  
6429.220999  
6441.278334  
6417.110084  
6455.455242  
6501.210796  
6385.933266  
6347.141484  
6335.454234  
6384.533373  
6452.11372  
6393.303449  
6373.410323  
6350.454485  
6325.178995  
6448.247864  
6440.082669  
6546.215181  
6395.802283  
6401.699997  
6541.967412  
6780.674702  
6335.144003  
6421.531038  
6375.148983  
6376.083935  
6383.368778  
6540.452025  
6421.429031  
6389.549865  
6310.778932  
6295.188382  
6373.970763  
6233.661335  
6242.310975  
6437.258813  
6327.589066  
6418.296751  
6297.165098  
6401.719935  
6681.388819  
6389.869914  
6480.477566  
6349.556089  
6388.691352  
6355.515712  
6399.270976  
6317.98982  
6372.357166  
6455.805101  
6316.974011  
6273.714525  
6321.972149  
6284.975108  
6233.728191  
6355.816285  
6444.715802  
6342.251795  
6477.529705  
6385.357729  
6333.050905  
6277.014097  
6389.397113  
6419.36787  
6451.649793  
6428.961309  
6314.268103  
6311.922607  
6357.243365  
6432.790851  
6428.457549  
6319.123473  
6281.247589  
6463.002907  
6777.849607  
