0.218705259  
-0.4713537969  
-0.4859957697  
-0.6862129323  
-1.059505708  
-0.6648044688  
-0.4605996796  
0.009119842916  
-0.1467627768  
-0.3205917903  
-0.8644472525  
-0.004141190061  
-0.4700047034  
-0.7275336894  
-0.8438208881  
0.1711694099  
-0.315910348  
-1.232742268  
-1.199650576  
-0.9833937967  
0.00372255804  
-0.7175670205  
-1.081770824  
-1.296926237  
-0.86008095  
0.3006162257  
-0.3790673767  
-0.4271890307  
-1.251586428  
-0.6633733184  
-0.396264859  
-0.4286115086  
-0.232305906  
-0.8293448843  
-0.7924280576  
-0.07804636783  
0.2706695143  
-0.7254852506  
-0.7814842437  
0.1035115299  
-0.3318948447  
-0.5899625295  
-0.2967369254  
0.1865938666  
-0.4929268838  
-0.5794180464  
-0.2048472443  
-0.3426290357  
-0.8039164578  
-1.035266454  
-0.1240994094  
-0.1287906325  
-0.417562309  
0.1746642172  
0.06667151387  
1.085987748  
-0.5002014713  
-0.9077402069  
-1.410418704  
-0.8740808194  
-0.721985771  
-0.07780320959  
-0.1492092176  
-0.6537730501  
0.005834858488  
1.175229203  
-0.3026628544  
0.3407242096  
0.1506056929  
-0.9239486446  
0.2189395849  
-0.01405068271  
-0.3069682957  
1.414118165  
0.08365629955  
-0.05345503575  
0.5876664468  
3.169357638  
1.041983804  
0.0888697743  
1.127321095  
0.7507194753  
1.599904314  
0.0185288565  
0.2840648464  
0.4943511691  
3.475669841  
0.06389514334  
-0.03871999915  
1.057698601  
-0.7437316074  
-0.6988888026  
0.03928571441  
-0.03519497036  
-0.237748106  
-0.1037627411  
-0.3104568529  
-0.6582123932  
-1.163878902  
-1.043176351  
-0.8084050397  
0.9931641125  
0.5659949834  
0.8077108288  
-0.3686583182  
-0.4590140761  
-0.2466281551  
-0.2087251709  
-0.3787811143  
0.07952408511  
-0.2889004718  
-0.5123446668  
2.149141925  
0.9750533631  
-0.4583455755  
1.702627775  
0.1952942118  
-0.7363660964  
0.2686782074  
2.058593353  
3.460323699  
-0.2542323476  
0.01338075076  
0.05443282805  
2.141009633  
4.334765926  
1.39459221  
2.036759498  
0.5848368279  
-0.03841284621  
0.6155346682  
0.1858992224  
-0.2669168049  
-0.9122665212  
0.2362149309  
-0.1620412181  
-0.1595422615  
-0.630187571  
1.074042678  
0.6304713614  
-0.6515491644  
-0.986621797  
-0.84287395  
-0.02475400903  
-0.2529093621  
-0.6986681446  
-0.69987963  
0.4635366304  
1.622220132  
0.1825197889  
0.09603353135  
0.1735595158  
0.08987340158  
-0.3101831323  
0.3460926379  
1.050821143  
0.1768634868  
-0.4968627815  
1.772039408  
1.03299378  
-0.1207574253  
1.440338092  
1.073491367  
-0.357914616  
-0.04863009607  
-0.6001126  
-0.5964887694  
-1.216657551  
0.6839542139  
-0.1624535924  
-0.6324114657  
-1.233160864  
-1.278831223  
-1.640394623  
0.2057786888  
-0.02049254321  
-0.6640839631  
-0.7776938751  
-0.5798506183  
-0.1712266446  
-0.3825091281  
0.8991903292  
2.961210012  
1.247026425  
-0.3252100088  
0.2242225279  
-0.9312684897  
-0.3088956997  
-0.4707184343  
1.156462339  
-0.7884098021  
0.1706485317  
-0.511489302  
0.05246040704  
0.6903435609  
0.05318204807  
0.03266584841  
-0.3502399903  
0.7360088324  
-0.0941052364  
2.128169763  
0.3013156307  
1.1631469  
-0.521057415  
-0.6333785767  
-1.078072901  
-0.2635997029  
-0.08449296769  
-0.9093681505  
0.5521820794  
-0.1015393358  
-0.6268870429  
-0.6119791575  
-0.2643933535  
-0.9054741096  
-1.251415132  
-0.5068462144  
-0.5997791888  
-1.215657922  
-1.538307637  
0.6688518941  
-0.7495293764  
-0.3506404488  
-1.253966946  
-0.3347925813  
-0.7567408307  
-0.1529659132  
1.849896646  
2.754809608  
-0.1359665446  
-0.8964239234  
-0.04531426138  
-1.009985001  
-1.157998782  
-1.353946233  
-1.569938049  
-1.437648904  
-0.183697505  
-0.4423844996  
-1.165360516  
-0.8876728331  
-0.6732776834  
-1.155608029  
-0.06265981483  
0.7735036713  
2.543742889  
0.3343814062  
-0.9169549249  
0.7547271785  
1.526638294  
3.97801586  
0.8833028333  
1.153668838  
0.1169121789  
1.860295362  
0.5282836576  
0.2711867218  
0.7208094886  
3.990466956  
1.009711646  
-0.9663284004  
0.5796892351  
1.473207526  
-0.1342448122  
-0.4259745277  
-0.648718165  
1.26589334  
-0.2448077161  
-1.123898104  
-0.4258394501  
1.542802502  
0.287993644  
0.003078445124  
1.542204722  
1.712244389  
0.9067447002  
-1.171913112  
-0.6148803489  
-0.3112000017  
-0.2762820951  
-1.206395435  
-1.301964201  
-1.549104917  
-1.23476849  
-0.2657710976  
-0.6724936751  
-0.3491330953  
0.1948278909  
-0.3649518856  
1.501756333  
0.0158879875  
0.1322104559  
0.3755912371  
