6465.894711  
6358.796457  
6301.253994  
6286.209464  
6279.983182  
6265.827767  
6137.32606  
6218.836873  
6296.31321  
6235.384765  
6249.629734  
6306.649528  
6271.346969  
6355.486075  
6259.73121  
6287.184462  
6237.699709  
6236.432823  
6249.252396  
6205.358967  
6292.704236  
6288.308368  
6228.485941  
6216.084745  
6315.081833  
6310.213812  
6345.354556  
6280.720835  
6232.123429  
6268.804247  
6230.865263  
6258.619354  
6258.903672  
6150.827811  
6235.947107  
6136.383099  
6165.518473  
6151.4125  
6232.842094  
6242.75245  
6177.22641  
6187.553083  
6157.478128  
6215.558506  
6292.211318  
6214.592544  
6257.743395  
6245.07031  
6179.660702  
6175.238549  
6225.299142  
6249.465923  
6232.832461  
6114.907123  
6201.079026  
6156.233564  
6264.205221  
6180.646599  
6281.359102  
6175.974073  
6135.383522  
6141.766472  
6237.767714  
6271.504187  
6225.12217  
6176.207047  
6236.493584  
6221.435954  
6238.769588  
6232.046486  
6253.555871  
6195.653043  
6188.953947  
6276.84304  
6273.90988  
6285.353302  
6259.899514  
6284.603088  
6278.529796  
6230.927179  
6185.842324  
6191.689141  
6159.253873  
6266.185234  
6283.355634  
6230.893425  
6304.198  
6274.179954  
6338.891583  
6283.1019  
6206.900751  
6241.077579  
6261.760869  
6217.686262  
6254.573077  
6167.501618  
6272.000696  
6316.05162  
6323.887581  
6285.235351  
6292.791672  
6308.146447  
6296.634465  
6325.12007  
6228.493266  
6265.037523  
6165.605648  
6237.184487  
6133.362339  
6202.427885  
6099.199608  
6199.325515  
6261.603889  
6257.785717  
6240.892463  
6237.168349  
6208.130464  
6297.414238  
6239.203455  
6253.4986  
6296.423619  
6259.653435  
6312.358357  
6265.104909  
6252.876885  
6250.944413  
6320.788848  
6342.144455  
6195.756206  
6202.841232  
6313.017286  
6317.927053  
6279.560904  
6198.785768  
6302.917753  
6343.447036  
6339.320891  
6401.718249  
6302.89564  
6308.969214  
6270.001221  
6250.207806  
6357.134604  
6446.452115  
6295.531135  
6230.335122  
6298.807615  
6377.73922  
6344.432628  
6353.841939  
6357.285729  
6327.306231  
6303.029577  
6269.184819  
6349.772761  
6237.546976  
6273.139056  
6294.280759  
6231.01131  
6291.460553  
6317.892594  
6354.054032  
6361.910286  
6305.478832  
6325.72197  
6340.336908  
6295.57524  
6236.02592  
6319.998033  
6287.083243  
6220.592276  
6274.800663  
6298.424378  
6394.544818  
6306.929838  
6304.1411  
6315.719524  
6335.451976  
6177.449036  
6091.411614  
6128.714539  
6225.116764  
6336.795534  
6255.65657  
6349.220299  
6326.830889  
6237.643249  
6343.288255  
6329.84616  
6257.697143  
6519.210491  
6343.204829  
6522.802029  
6295.711814  
6232.296421  
6345.332477  
6426.659059  
6405.305285  
6512.434535  
6319.769311  
6383.292552  
6407.930114  
6428.314607  
6308.958495  
6321.692125  
6251.246957  
6336.422007  
6259.494623  
6287.1454  
6244.603968  
6274.754228  
6383.74319  
6335.538537  
6369.594956  
6446.200969  
6348.232012  
6403.282976  
6369.840395  
6373.569419  
6538.808661  
6368.832324  
6293.512144  
6344.283354  
6449.27228  
6331.24696  
6404.005949  
6372.543313  
6511.987688  
6323.466029  
6212.319387  
6285.559655  
6576.227824  
6783.624893  
6817.43969  
6511.295631  
6761.465774  
6780.33697  
