6041.018609  
5929.995339  
5856.489001  
5825.954065  
5760.920785  
5807.477177  
5793.834786  
5768.582798  
5854.941305  
5806.828421  
5803.378601  
5860.54277  
5838.958497  
5866.88842  
5835.506116  
5868.871447  
5896.654103  
5756.744324  
5766.116817  
5793.91058  
5850.805606  
5869.696027  
5828.478077  
5795.395738  
5830.065081  
5884.10078  
5899.387802  
5879.516168  
5823.124011  
5795.912128  
5855.24705  
5795.716685  
5863.901721  
5778.620145  
5836.752456  
5756.983438  
5784.583918  
5764.400444  
5801.85045  
5758.406388  
5772.402275  
5758.493516  
5725.574738  
5751.388536  
5808.224557  
5761.30664  
5842.671789  
5798.69645  
5763.345604  
5779.919971  
5782.127477  
5831.513649  
5783.722303  
5763.780403  
5767.093957  
5749.918414  
5736.796624  
5713.202374  
5760.645579  
5812.569597  
5797.215941  
5739.273235  
5824.971753  
5751.971346  
5807.494755  
5824.402343  
5809.688024  
5801.785529  
5841.74295  
5789.958248  
5792.134093  
5778.256097  
5770.109569  
5851.678139  
5864.391125  
5793.766675  
5817.706981  
5822.429922  
5848.271537  
5873.442831  
5800.514674  
5753.696874  
5716.41523  
5817.169464  
5808.085506  
5796.129922  
5864.778653  
5813.031853  
5904.597697  
5863.089433  
5802.272339  
5887.903167  
5895.273101  
5750.426381  
5853.264659  
5799.586597  
5835.615738  
5835.014164  
5812.767633  
5848.117993  
5818.081678  
5837.763656  
5830.49637  
5841.703461  
5806.7486  
5823.110599  
5773.66843  
5817.568074  
5752.524159  
5735.225872  
5714.270256  
5769.517128  
5792.725176  
5827.683627  
5787.517967  
5806.305587  
5800.976607  
5798.39935  
5784.012823  
5813.072958  
5853.081157  
5791.114458  
5844.650244  
5809.423274  
5884.685421  
5817.448683  
5848.248517  
5900.709214  
5739.163909  
5764.241684  
5894.69127  
5785.33991  
5794.34984  
5888.847553  
5820.717568  
5888.166876  
5827.030255  
5914.785373  
5815.251771  
5865.271335  
5837.732077  
5810.008543  
5803.687321  
5966.960831  
5803.39071  
5765.511049  
5818.957037  
5876.825735  
5856.443672  
5867.954982  
5871.335038  
5825.30851  
5838.491906  
5786.143612  
5808.980152  
5762.97499  
5868.945047  
5831.582609  
5859.185522  
5814.910498  
5821.198942  
5826.195875  
5828.429769  
5814.116181  
5835.553768  
5860.679268  
5848.54546  
5829.605272  
5837.180655  
5849.280304  
5748.953907  
5854.392472  
5812.850922  
5966.526008  
5832.714361  
5899.268295  
5965.381131  
5839.95187  
5742.354219  
5692.349865  
5750.994862  
5825.395885  
5883.815211  
5820.864884  
5833.087558  
5897.165789  
5911.819014  
5903.127248  
5853.968973  
5770.21291  
5981.473874  
6020.187736  
6005.825338  
5816.059652  
5841.44792  
5818.077822  
5906.329997  
5818.755131  
6106.831256  
5816.399851  
5846.825136  
5827.49106  
5903.31697  
5844.579898  
5854.743905  
5813.4859  
5779.89006  
5826.302999  
5831.510195  
5850.999357  
5719.547275  
5922.019397  
5954.770495  
5906.577549  
5909.35443  
5896.251217  
5858.387161  
5872.479075  
5897.224386  
5976.936582  
6043.128847  
5840.819875  
5850.927219  
5917.855587  
5875.291306  
5887.680515  
5845.384442  
6015.348782  
5803.457243  
5704.887816  
5759.227802  
6076.52591  
6376.31309  
6367.912269  
5963.844862  
6225.910587  
6315.507824  
