2424.308653  
2275.921497  
2339.826584  
2285.316176  
2353.440424  
2370.733112  
2296.748759  
2314.707343  
2292.798046  
2275.398331  
2388.588728  
2314.858057  
2344.565484  
2309.073256  
2438.215592  
2409.933407  
2322.168447  
2383.397963  
2375.1369  
2355.756438  
2424.516136  
2354.90776  
2350.277386  
2380.965048  
2271.366802  
2351.603338  
2440.655725  
2340.266272  
2336.152109  
2291.880748  
2436.15337  
2134.570025  
2559.958372  
2877.793569  
2503.383347  
2545.037743  
2377.555362  
2549.939012  
2424.435435  
2545.052322  
2381.705389  
2591.91426  
2515.119113  
2597.101907  
2483.021494  
2477.96253  
2477.172941  
2505.783085  
2470.286429  
2477.245531  
2450.335357  
2707.654402  
2971.711016  
2610.078361  
2469.56353  
2561.214235  
2461.277887  
2427.044776  
2441.279168  
2499.599778  
2509.429777  
2600.024969  
2509.121372  
2571.659701  
2337.793849  
2399.297509  
2511.21441  
2507.827921  
2467.08725  
2439.038055  
2454.615082  
2463.281613  
2427.404786  
2417.976745  
2440.522846  
2472.886729  
2544.381415  
2409.637885  
2457.407914  
2373.348029  
2369.60747  
2594.45539  
2666.949132  
2391.004361  
2406.508012  
2534.981385  
2462.363214  
2572.870038  
2428.627151  
2398.134308  
2473.363737  
2505.058444  
2535.138438  
2261.680047  
2541.629601  
2398.804496  
2546.047067  
2356.851884  
2459.822368  
2440.449105  
2380.097  
2498.623059  
2428.541821  
2512.078361  
2395.624633  
2414.74926  
2441.672359  
2677.305889  
2446.940101  
2428.594603  
2399.469833  
2547.846848  
2428.616288  
2455.950182  
2473.804192  
2436.529645  
2470.405265  
2510.941661  
2436.545856  
2482.212705  
2451.186309  
2467.829658  
2542.669657  
2357.643653  
2605.455386  
2484.735462  
2493.647643  
2518.584543  
2405.724242  
2426.770622  
2552.730519  
2566.244037  
2416.012446  
2509.053808  
2452.241855  
2398.7223  
2447.130428  
2759.600477  
2523.445786  
2482.485048  
2541.712554  
2492.153944  
2408.707319  
2564.911766  
2536.87837  
2531.795247  
2483.169574  
2407.868597  
2591.214861  
2482.156099  
2562.8668  
2446.652254  
2518.566719  
2338.807274  
2633.331737  
2509.937404  
2556.198148  
2458.49277  
2611.026197  
2570.038186  
2496.534866  
2482.012573  
2415.918608  
2363.432139  
2555.538076  
2421.029521  
2268.922841  
2343.778418  
2287.375603  
2300.536486  
2222.403808  
2273.34672  
2457.346083  
2308.122344  
2177.176463  
2264.234793  
2336.868216  
2345.019309  
2306.660301  
2298.386323  
2276.30438  
2294.379731  
2316.003481  
2275.630879  
2237.497677  
2190.634714  
2241.331444  
2319.68874  
2283.36101  
2314.234897  
2336.932359  
2121.131481  
2413.190942  
2300.800237  
2278.948407  
2269.401965  
2174.351449  
2186.251506  
2306.664262  
2274.030201  
2353.222985  
2277.212718  
2259.385559  
2394.562631  
2226.980585  
2380.037511  
2314.913696  
2314.071261  
2196.825505  
2474.421831  
2380.437626  
2311.738103  
2387.33352  
2347.634216  
2329.878145  
2228.942708  
2378.609045  
2384.847927  
2307.935654  
2299.209538  
2282.947488  
2486.824646  
2288.627265  
2388.912745  
2340.501473  
2376.995988  
2326.900421  
2232.850702  
2338.955394  
2386.648055  
2304.546018  
2560.300803  
2214.346217  
2332.041455  
2583.020655  
2354.768997  
2410.797771  
2408.816083  
2488.098691  
2428.454283  
2434.561146  
2454.882916  
2381.749712  
2389.355347  
2438.452663  
2346.861468  
2445.920449  
2257.589156  
2369.17817  
2354.417378  
2374.795648  
2486.285625  
2349.844373  
2373.712208  
2337.493782  
2369.263253  
2483.973665  
2437.974158  
2361.114364  
2309.88976  
2394.890168  
2370.890278  
2226.588918  
2271.794259  
2421.84702  
2208.496489  
2479.302439  
2334.608334  
2251.141257  
2186.308586  
2153.522573  
2286.76255  
2306.070863  
2266.351909  
2330.437336  
2242.658075  
2219.241644  
2378.436403  
2186.168181  
2191.347675  
2121.56607  
2462.366253  
2389.072972  
2363.468158  
2356.666381  
2196.508337  
2231.357467  
2331.021125  
2265.409644  
2315.913233  
2164.814742  
2311.352216  
2239.358473  
