0.2594613346  
0.8908221372  
-1.534144488  
-1.072227379  
0.4939909178  
0.210052705  
0.03993029086  
-0.05881222376  
-1.354674543  
-0.7872948973  
0.517544522  
-0.7382054285  
-2.192860869  
-0.6179499139  
0.460222333  
-0.5170132684  
0.3089515278  
0.2866602212  
0.7428178838  
-0.9622629749  
-0.363447428  
-0.7662733861  
0.4527043528  
-0.08092086651  
-0.5147760314  
0.9779141588  
-0.4506177802  
-1.444966195  
0.8568720659  
0.0153608414  
0.904152161  
-0.07638662741  
0.07717509618  
2.701330692  
-0.9784681093  
0.2027140522  
0.9802289927  
1.142291954  
-0.1118981515  
-1.416192988  
0.5752868333  
0.321190937  
0.6461864834  
1.456133333  
0.6100083607  
0.2479283291  
-0.6354884899  
-1.470327273  
-2.437360026  
-0.5067172337  
1.656058957  
1.643070212  
3.249492843  
0.02039715301  
0.6426348125  
0.7526616806  
0.8873270941  
-0.2082896152  
-1.283396496  
1.59599744  
-1.505663236  
0.3234891876  
1.246922421  
2.162278654  
-0.3883352665  
0.9913168505  
-0.1074425197  
-0.01583841041  
0.913200946  
0.9158968666  
-0.6613891356  
-0.05832998372  
1.066479714  
-0.3375677972  
0.4634781006  
-0.8034168431  
1.415408073  
0.5039080678  
1.025470705  
-2.343198797  
-0.3645721214  
1.087679961  
0.8546026  
-0.2228467976  
-1.362786987  
0.8911917282  
1.293715225  
0.7043929346  
1.416319057  
0.2532799439  
1.186946298  
-0.2965892274  
-0.3522687747  
0.9655440441  
0.8966049647  
0.9379117701  
0.9759535767  
0.7260319384  
0.7677589002  
1.084217258  
1.004776503  
0.2161071109  
0.07950602176  
0.4587490901  
1.19125041  
-0.2266369131  
-1.11879207  
0.7444164419  
0.1642304231  
1.036478337  
-0.6078487067  
0.9194121593  
0.6787336098  
0.3733809023  
-0.7002596359  
1.504907821  
-0.3319613954  
1.261055393  
-1.767618163  
-0.7643467382  
0.4107152528  
0.1276179689  
0.8704636911  
0.7303647995  
-0.06755001651  
-1.156676766  
0.8850976552  
-0.3468643242  
1.608633048  
0.3502658245  
1.193541664  
-0.7837220937  
-0.4393436513  
-0.681527215  
0.5763854218  
-1.476885807  
-0.7417864726  
2.228224469  
0.6329977403  
-0.2864421716  
0.84245298  
0.4090309933  
0.8073573421  
0.2531655618  
0.438937016  
-0.7231902267  
-0.184413518  
-0.1524712014  
-1.391899755  
1.707144685  
-0.04547523747  
1.364137818  
0.7002198204  
0.1613767406  
0.1492659796  
-0.8894719976  
0.4151801371  
0.9138582718  
0.9882121762  
0.5317160753  
0.8021492429  
1.134973443  
-0.3667470216  
-0.02076233836  
0.2375990871  
1.346789379  
0.2368313066  
0.2871797609  
-1.886433361  
-1.448886507  
-0.4435419126  
-1.508746324  
0.8311377436  
-0.2751746654  
-1.18821725  
-1.026776393  
0.7145088278  
-1.611913805  
0.5832763459  
-2.088374817  
-2.535040519  
-0.3853147693  
-0.9835452993  
0.534264625  
-0.07937168051  
0.04028060478  
-0.1947145502  
0.005971833658  
-0.7424595318  
-0.08821498773  
-0.1044038625  
-0.4682421931  
-0.756233492  
-0.4333826601  
-1.148440353  
-1.640405692  
0.6211667729  
-0.1942314854  
-1.088590787  
0.4362806142  
-0.9310079637  
-1.113348223  
0.3826970205  
-0.2328825102  
0.3458323276  
-0.5719456593  
-0.5118192101  
-0.3288050065  
-3.521960323  
-0.8098148436  
1.204882926  
-1.194944008  
-1.027173428  
0.5162764604  
-0.4236166298  
1.359355143  
-1.13373965  
0.03964865329  
-1.187060003  
-0.6936164382  
-0.03574321734  
-0.9267433988  
-1.514681334  
0.5030757575  
-0.4437127086  
-2.138578787  
1.236488452  
-0.1001498769  
0.6174849599  
-0.582573872  
-1.796957701  
1.203005638  
-0.3604904722  
0.2875204461  
1.673014755  
0.06891277804  
0.3545427178  
0.3179748482  
0.6423276924  
0.32005986  
1.289925938  
0.61283918  
0.9586072852  
0.8301799504  
0.791224829  
0.5110976082  
0.7950258354  
-0.7943782513  
-0.2784711775  
-0.5886921051  
0.4025037519  
0.7632915809  
-1.559093781  
0.696802147  
-1.586044086  
-0.6004435418  
1.811089827  
-0.01642725957  
0.7555221978  
-0.3992848616  
-0.4097241049  
0.04113883106  
-0.4338196935  
-1.858733742  
0.651103099  
0.3474160376  
0.1808944073  
-3.15014916  
-2.24682587  
0.0008226746851  
0.4256538852  
-0.6127538731  
-1.214509634  
0.4244577222  
-0.1108048491  
0.1290984026  
-0.03156101322  
0.5065233483  
-0.6108786841  
0.2720731778  
-0.6152579374  
1.106750161  
0.7572788201  
0.569186717  
-0.6425799975  
-0.5164387342  
-1.098579455  
-1.265133258  
-0.683423336  
0.09719804485  
-2.340578986  
-2.199097278  
1.001463513  
