1.721567536  
1.57730668  
1.166480312  
1.566259589  
1.31939865  
1.615226048  
1.193853622  
0.9571491283  
1.11624397  
1.265500857  
1.341805423  
1.262329397  
1.530188854  
1.565663217  
1.176459103  
1.425448911  
1.615047831  
1.771377098  
0.9858304788  
1.363459014  
0.8110664998  
0.7469498603  
1.172723149  
0.6929423183  
1.22114595  
0.6092883204  
0.6905026705  
0.885835692  
0.6770040764  
0.51745021  
0.507123624  
0.5497526937  
-0.3905178699  
-1.152768587  
-0.4766773136  
-0.4629668642  
0.280540711  
0.4382790637  
0.960190217  
0.5237692781  
1.209344936  
1.0448352  
0.805561153  
1.493237267  
1.142819836  
1.386533253  
1.584168073  
1.302356559  
1.790760875  
1.406524844  
1.614759969  
0.2360212126  
-0.2297787368  
-0.3364339537  
0.5148960894  
0.8239991947  
1.266528663  
1.038941886  
1.017587564  
0.8358650554  
0.8031871592  
0.6625930656  
0.272436682  
0.7688041453  
0.1112315107  
0.7230019105  
0.2796757953  
0.3651555161  
0.4995401858  
0.3178919731  
0.005864125998  
0.8771641057  
0.4562159844  
0.1126289273  
0.3892276769  
0.066079571  
0.8866721191  
0.2791056541  
0.3446702855  
-0.8638563193  
-0.1054275168  
0.8633679434  
0.7065697879  
0.8982354743  
1.340092624  
1.572523683  
1.447508658  
1.111259336  
1.037836328  
0.8587449021  
1.145393361  
0.9691320573  
1.502876848  
0.587382591  
1.052349026  
1.034916172  
0.6935534078  
0.8769266951  
0.6864069298  
1.010035769  
0.2350520303  
-0.3268332739  
0.2737698691  
0.008351940606  
0.8947882774  
0.1045892482  
-0.6331746957  
0.6353782047  
0.3390104068  
0.514351876  
0.120935468  
0.9623876248  
0.01320621526  
0.009346874009  
0.4323686011  
0.2500547855  
0.6160998762  
0.03784347961  
-0.06955096206  
0.1554527955  
-0.1525336046  
-0.1942434952  
-0.2637812334  
-0.7096111497  
-0.05186145543  
-0.261324785  
0.1068792061  
-0.5558614997  
-0.03735293838  
-0.4253114546  
0.1412073824  
-0.2214568565  
-0.5550429787  
-0.246010322  
-1.346834813  
-0.9481166727  
-1.739627863  
-1.03064508  
-1.270457942  
-1.772567483  
-1.395754846  
-2.029531319  
-1.073750378  
-1.083767086  
-0.4933840226  
-1.497671566  
-1.442607399  
-1.471029309  
-1.656929219  
-1.418143687  
-1.586467881  
-0.9411199611  
-1.360496611  
-0.6440544373  
-1.15753596  
-0.957749976  
-0.9819651884  
-0.4632711221  
-0.9570652743  
-0.02969987803  
-0.6187574072  
-0.448283363  
1.167131771  
-0.2439323954  
0.2031502845  
-0.1137332539  
0.5121851592  
0.8508128264  
0.9514301918  
1.207734905  
0.817263052  
0.2837176971  
1.332173625  
1.149694197  
0.8182387261  
0.6266092376  
1.002279914  
0.5483075803  
0.9661128285  
1.443041879  
0.7043664639  
1.107621204  
1.383621404  
0.3572762674  
0.1124980517  
0.07912152449  
0.1078262284  
-0.3997936605  
-1.115797268  
-0.3652429164  
-0.1705195214  
0.01611811599  
-0.04710039594  
-1.080532409  
-0.4688580732  
-0.8919406843  
-0.206020718  
-0.7261337517  
-1.498661847  
-1.701667139  
-1.563964694  
-1.506600976  
-0.9985127646  
-1.713609399  
-1.362519214  
-1.788520683  
-1.762113652  
-1.788389739  
-0.1191928198  
1.556465137  
1.323522871  
0.5921030837  
0.7525235357  
0.3486324236  
0.4830991179  
0.4229432327  
-0.5009161729  
-0.4698063309  
-0.7562775256  
-1.071536169  
-0.988755631  
-1.229794444  
-1.969140695  
-1.248757293  
-1.219808713  
-1.181173193  
-1.843316941  
-1.346403093  
-1.675420114  
-1.309749655  
-1.583316037  
-1.121606558  
-1.676280236  
-1.301590232  
-0.4518162053  
0.9647434573  
-0.3939331923  
-0.9555400571  
-0.45652811  
-1.058036035  
-0.656380708  
-0.8996527815  
-1.056761942  
-1.309307686  
-1.616159441  
-1.274386311  
-0.3236667335  
-1.041291826  
-0.8991595317  
-1.56481258  
-1.380522969  
-0.7951627264  
-1.02985875  
-0.8496293091  
-1.614975388  
-1.181290485  
-0.2598539107  
-0.2283037118  
-0.7845698462  
-0.6331148369  
-0.9169253899  
-1.99386113  
-1.145960382  
-1.107356744  
-1.021446455  
-1.435261301  
-0.8550169452  
-0.5807981483  
-0.4703663832  
-0.4439074604  
-0.8309307801  
-0.785393519  
-1.191483179  
-1.052978618  
-1.540996357  
-1.460843705  
-0.7206162454  
-0.5269097092  
-0.7846277602  
-0.4051669307  
0.4268738611  
1.53602832  
1.205660473  
1.669175577  
1.095104488  
0.4409907422  
0.4273382415  
0.7743751274  
0.6199722293  
0.9306002609  
-0.2953314219  
0.1017331538  
0.7241119582  
