-0.225357832  
-0.3433263044  
-0.6678753248  
0.6918086562  
3.256135358  
-0.505820216  
-0.1540048512  
-0.6487143549  
-0.09809646416  
-0.5082777895  
-0.3678932032  
-0.4084929171  
-0.3457035649  
-0.6133129887  
-0.298717001  
-0.5651950877  
-0.2377820845  
-0.1164055815  
-0.1550237535  
-0.700876564  
-0.4819324914  
-0.2990240669  
-0.4222627402  
-0.7330314798  
-0.4605024533  
-0.5274415078  
-0.5867674898  
-0.1035534618  
-0.55459699  
0.6393972053  
2.67566534  
-0.7194169793  
-0.007761693002  
-0.7079363972  
-0.4416857165  
-0.8863378872  
-0.1293013111  
-0.4008602196  
0.04556048407  
-1.025829944  
0.2395378138  
2.961101124  
0.1068277085  
-0.3180348309  
-0.5253787882  
-0.5645593793  
-0.5123012939  
-0.4423474436  
-0.6236224206  
-0.289093161  
-0.7689415994  
-0.1439738466  
0.1644653193  
-0.4584018039  
-0.7922872238  
-0.5773610962  
-0.3519454717  
-0.249888378  
-0.4998417189  
-0.6474731592  
-0.8136595257  
-0.3397367175  
-0.3240680712  
0.1023143478  
-0.3871233901  
-0.5386695427  
-0.7535694919  
-0.219952618  
-0.3931067977  
-0.2824642144  
-0.4917957833  
-0.603770031  
-0.668056096  
-0.3303346911  
-0.7893214096  
-0.1455731183  
0.1749663405  
-0.3648740283  
0.03551871481  
-0.433126837  
-0.4160665216  
-0.8410895429  
-0.6925688671  
-0.6115719236  
-0.571963119  
-0.6303315078  
-0.3044060284  
0.103917432  
-0.5756829765  
-0.9132792945  
-0.5440193963  
-0.6652818789  
-0.1620804967  
-0.9770312274  
0.2075690814  
2.953712613  
-0.7956500476  
-0.4945856736  
-0.7987089273  
0.3671210214  
-1.049342397  
0.7737045281  
2.084637572  
-1.029223184  
-0.5327269166  
-0.4742539296  
-0.5145926559  
-0.7032244801  
-0.5130148559  
-0.6609931837  
-0.8972090257  
-0.4592295881  
-0.4328824761  
-0.4243031977  
-0.7407156689  
0.05609662636  
-1.205138776  
0.6984992682  
2.944279726  
-0.3707059862  
0.04045762864  
-0.2241094852  
-0.7715466379  
-0.06417983685  
0.05763046047  
-0.1799943202  
-0.5007992365  
-0.8277168126  
-0.9379896339  
-0.2996890728  
-1.121428716  
0.008540787  
1.280916108  
-0.8612260703  
-0.1011611368  
-0.3820718768  
-0.76400766  
-0.04457502657  
1.63118968  
-0.6319836887  
-0.5828311906  
-0.3639544966  
0.1409674859  
-0.2643346362  
1.251949673  
-0.5498912127  
-0.3288289401  
-0.2736745831  
3.918679227  
2.057178996  
1.066602043  
-0.4670089063  
-0.1573341867  
0.749480794  
-0.5440697408  
-0.3045291085  
-0.7438889087  
-0.4928362737  
-0.247589092  
-0.5874419394  
-0.1829289543  
1.098818642  
-0.2861224759  
-0.2582803757  
-0.3044744964  
-0.2391173229  
-0.04362087357  
3.757611932  
1.4606959  
-0.1127855078  
-0.5713082257  
-0.04743194402  
-1.063778195  
0.6969022046  
3.466039615  
-0.1225338216  
-0.5682893744  
-0.4384145728  
-0.5279173107  
-0.3063851085  
-0.9210720878  
0.7831399311  
3.140609854  
-0.03639702331  
-0.5483210552  
-0.02303857055  
1.413254201  
0.02562865386  
0.541179047  
-0.2981750364  
-0.7599680831  
0.6103378809  
3.415971269  
-0.05727274315  
1.322494883  
-0.5652261587  
-0.6239140859  
0.4989864628  
3.508754721  
-0.6238285629  
0.4338250913  
-0.5546135088  
0.02804446046  
-0.6319881468  
0.06934398696  
-0.3441798374  
-0.3816582307  
-0.6203928879  
0.3121686462  
-0.4430751488  
-0.2458575712  
-0.8952222319  
0.3239879394  
-0.409825669  
-0.1786940901  
-0.8390398571  
0.1332012139  
-0.7737019591  
1.065475269  
3.278305332  
-0.7757357491  
-0.1505576771  
0.3630519336  
-0.3159530335  
0.04611178551  
-0.4436324845  
-0.3698126303  
-0.1659142546  
0.7473440223  
-0.5254868414  
-0.18937673  
-0.7042725681  
1.147785348  
3.400626838  
-0.2788787839  
-0.001370558789  
-0.5633594077  
-0.2190043289  
-0.4729402415  
-0.6392205962  
0.5182395809  
3.50636106  
0.4230342389  
0.3060248727  
-0.7328256733  
0.3595536795  
1.100483063  
-0.4538733566  
-0.4275078579  
-0.1539420479  
-0.4009248176  
-0.6391689619  
-0.5560628523  
0.3332069822  
-0.4693252208  
-0.5962645379  
-0.1948646601  
-0.1671603354  
-0.1364334064  
-0.2080053  
-0.07180528234  
-0.2560194428  
-0.07135379768  
-0.3227083165  
-0.2900046696  
-0.4223373595  
-0.2127191504  
-0.3902140009  
0.104110168  
-0.6101754932  
0.4151118933  
3.405270066  
0.2798075471  
0.6399411495  
0.4436147756  
-0.4022012516  
-0.2688053641  
-0.3113104445  
-0.3985767192  
-0.4268026192  
-0.3244404911  
-0.09721104002  
-0.4597646067  
1.774653734  
3.365672732  
-0.1721179471  
0.8974913615  
3.763492902  
2.099705447  
0.6988976271  
0.4285367762  
1.040970743  
0.545326255  
