5566.95044  
5247.779208  
5305.435623  
5373.629346  
5402.660424  
5282.566123  
5310.944753  
5134.350962  
5305.945556  
5270.198247  
5288.405905  
5304.565302  
5258.432703  
5217.627657  
5297.137105  
5280.430765  
5328.017511  
5344.391193  
5265.731521  
5218.985159  
5252.010205  
5262.623683  
5231.62386  
5195.788188  
5247.99738  
5293.762553  
5227.939467  
5285.376893  
5212.520848  
5290.849012  
5328.374462  
5230.91493  
5324.910862  
5331.219434  
5266.763898  
5259.61339  
5350.589563  
5283.671974  
5256.281301  
5229.86085  
5276.131927  
5235.702601  
5274.646948  
5246.797279  
5289.367317  
5260.492404  
5284.523369  
5260.806599  
5214.161714  
5237.158258  
5260.017335  
5249.605698  
5381.12867  
5348.577129  
5247.522718  
5231.904799  
5306.894008  
5236.48201  
5257.277989  
5270.905195  
5106.911935  
5281.219744  
5263.580729  
5305.368422  
5313.223802  
5254.897619  
5099.628292  
5278.911011  
5258.407744  
5287.401517  
5231.449062  
5222.092162  
5313.141927  
5240.866166  
5189.511244  
5249.671344  
5309.760242  
5254.728505  
5209.792629  
5243.047364  
5264.158117  
5197.541316  
5250.0191  
5303.320987  
5279.538471  
5261.414908  
5261.981795  
5299.832745  
5219.231529  
5139.680462  
5238.820444  
5229.053802  
5276.448717  
5207.124266  
5253.172893  
5346.194363  
5176.455027  
5245.769413  
5227.182856  
5325.433824  
5225.839714  
5324.318442  
5347.788042  
5216.857555  
5224.110831  
5282.219174  
5215.286386  
5235.105632  
5253.290397  
5300.590787  
5214.141716  
5174.382173  
5210.139989  
5177.691312  
5365.8615  
5371.17733  
5270.47032  
5370.715436  
5394.561286  
5266.799949  
5372.341095  
5312.328867  
5325.393991  
5259.511664  
5300.079237  
5389.091361  
5374.440512  
5295.760076  
5280.634864  
5311.335044  
5311.586404  
5340.102515  
5348.021179  
5361.538059  
5299.723881  
5301.028814  
5246.345621  
5256.088083  
5393.025204  
5394.380505  
5259.310643  
5297.370373  
5332.47146  
5312.586268  
5291.881445  
5285.568629  
5259.840782  
5327.181436  
5383.867175  
5263.622141  
5417.261605  
5327.455979  
5316.03515  
5366.664573  
5319.200682  
5232.151949  
5274.691752  
5271.011003  
5339.214134  
5325.00548  
5275.225047  
5378.311389  
5373.25468  
5365.532561  
5372.93586  
5363.86482  
5316.757798  
5470.206835  
5367.500438  
5344.244981  
5338.530283  
5261.828311  
5253.105906  
5291.862933  
5419.749328  
5346.585172  
5226.902866  
5280.984222  
5362.889543  
5329.970564  
5215.063691  
5393.327103  
5387.120218  
5380.105096  
5274.91783  
5317.365236  
5314.143021  
5278.984545  
5364.613634  
5378.835119  
5204.155347  
5308.158193  
5406.452657  
5322.406152  
5424.601612  
5343.924123  
5263.040261  
5400.508472  
5477.283614  
5323.765395  
5379.50403  
5319.172556  
5382.50128  
5325.035028  
5368.012529  
5299.580217  
5259.667485  
5336.378095  
5406.194106  
5355.15476  
5323.424544  
5323.853142  
5350.990127  
5380.574695  
5378.917687  
5302.497658  
5333.20828  
5273.423093  
5425.623613  
5400.150423  
5276.608145  
5309.720057  
5352.696299  
5373.536528  
5367.45766  
5333.181481  
5300.208267  
5273.29602  
5398.512259  
5335.900764  
5263.409195  
5269.426108  
5395.596903  
5433.233475  
5315.564598  
5309.314956  
5312.401119  
5354.904892  
5249.110208  
5342.775218  
5337.156823  
5437.925122  
5361.683359  
5344.45192  
5260.23878  
5369.317467  
5360.065597  
5286.897428  
5216.893499  
5304.696059  
5296.587456  
5275.881842  
5263.696084  
5315.306135  
5273.953367  
5238.901409  
5239.44933  
5350.142187  
5375.826871  
5293.888166  
5357.967014  
5283.27531  
5432.481163  
5360.044598  
5279.169086  
5304.606286  
5338.397172  
5392.17742  
5324.181856  
5317.585628  
5284.42944  
5322.989619  
5359.493115  
5383.570292  
5359.773862  
5300.642805  
5332.154597  
5344.42065  
5345.900428  
5356.196591  
5289.040278  
5260.582398  
5312.027698  
5413.595989  
5424.551252  
5311.003001  
5373.904138  
5424.27845  
5286.928677  
5282.55906  
5255.868081  
5358.671009  
5335.88041  
