-0.4410881337  
0.6959455973  
-0.1288580708  
-0.3840098835  
-0.5514703116  
-0.4531706384  
-0.4008032948  
-0.05144672889  
-0.08288662128  
-0.4827800688  
-0.4622449292  
-0.2633059308  
-0.4990385864  
-0.6422015485  
-0.3549381615  
-0.2609176523  
-0.1029471108  
-0.0748741875  
-0.2970469261  
-0.6245944614  
-0.2007189655  
-0.3212779082  
-0.1228857815  
-0.4684002398  
-0.02089988124  
-0.478866292  
-0.2230745617  
-0.5231783399  
0.2444675566  
-0.5306031779  
-0.5083412877  
0.4109382301  
-0.003241870825  
-0.5178893623  
-0.4417413659  
-0.4681414162  
0.04503199682  
-0.3556213214  
0.1111863163  
-0.6701528926  
-0.4991392864  
-0.4940000616  
-0.4008091153  
-1.025469469  
-0.2087271513  
-0.333996687  
0.01909463441  
-1.018424392  
1.524099937  
2.611954599  
-0.2900432773  
0.8195593602  
0.7181907524  
0.0613744908  
-0.7384685917  
0.3856999943  
0.7212557447  
0.196625947  
0.08674182002  
-0.9298160418  
0.1518230013  
-0.4027747174  
0.9570591926  
1.38769546  
-0.4155535406  
-0.1902068538  
-0.5555216756  
0.04041598545  
-0.5684002959  
0.3379783494  
-0.4346904072  
-0.3816140541  
-0.218597638  
-0.243593886  
-0.3683760664  
-0.6956691724  
-0.4137671813  
-0.5991336204  
-0.3839344115  
-0.1986371299  
-0.3849133582  
-0.8225347485  
-0.7470971925  
-0.4007432862  
-0.4457197043  
-0.3723815586  
-0.09655719133  
0.2589459018  
-0.6775628635  
-1.398489763  
-1.481689859  
-0.3912134191  
-0.4829314173  
-0.6522156806  
-1.341655536  
-0.3786681532  
-0.2813776781  
-0.4951334782  
1.599176614  
0.4915661872  
1.279504158  
1.981606531  
-0.4571600168  
-0.5874839926  
-0.6801680539  
-0.06090724719  
-0.6148560528  
-0.4697111429  
-0.7697464111  
-0.5247261283  
-1.208692414  
1.225973975  
3.112667764  
-0.8784209016  
2.354426036  
2.304214801  
1.526942051  
1.614165138  
-0.6398081315  
-0.0435669813  
-0.2333289724  
-0.4515664768  
0.4368473445  
3.78132145  
2.196351785  
0.9284667987  
-0.9921946113  
-0.9801714266  
0.3194199518  
2.880860135  
-0.1859490659  
0.5043462821  
-1.514986511  
2.136536247  
1.18672375  
2.25767975  
2.42184144  
-0.8019346491  
-0.1942107127  
-0.4491475981  
-0.9960012603  
1.768641  
3.392823528  
-0.8388846265  
-0.005248195378  
-0.4335964226  
0.1372699728  
-1.520336145  
-0.2709733862  
-0.2278965993  
-0.1377766844  
-1.125238148  
-0.7514373297  
-1.088518257  
1.823678543  
2.303920365  
-0.8607061668  
-0.2180329517  
-0.8583252889  
-0.4357098099  
-1.096976081  
-0.4147773902  
-0.5303594688  
-0.288642368  
-0.6844859111  
-0.3359287623  
-0.8835997698  
-0.4385116989  
-0.1688511255  
-0.288039054  
-0.9528703247  
-0.2020943565  
-0.5861476275  
-0.6805359391  
-0.4478369776  
-0.3886319254  
-1.077522329  
0.5461762294  
0.1868917806  
1.274915683  
2.632394684  
-0.5184361151  
0.5495741986  
-0.982146785  
0.1812307784  
-1.544665167  
2.684779467  
3.307630967  
-0.1619963786  
-0.03028479105  
-0.7408493601  
-0.5082616399  
-0.3323506395  
-0.6497273089  
-0.4960535633  
-0.8195814172  
0.3254823881  
0.833845977  
-0.3773757118  
0.04879634701  
-0.3166707697  
-0.2914869945  
-0.6479566309  
-0.417048519  
0.1805212187  
0.9113905699  
-1.030002249  
0.9746186346  
0.8948666853  
-0.2562648765  
-0.5914468523  
-0.6065052797  
-0.04049399733  
-0.2281251157  
-0.7953340713  
-0.5367848392  
-0.8442951467  
0.2553376536  
-0.8635008743  
-0.2018855516  
-1.284274228  
1.836852871  
3.42451493  
-0.4996667696  
-0.09816575059  
-0.9674300246  
1.397495331  
3.836817861  
1.207694283  
-0.2895445908  
-0.5213863111  
0.02260393902  
-0.441538305  
-0.5120560422  
-0.2578507576  
-0.7593645115  
-0.8451645831  
-0.140378083  
-0.36354937  
-0.4285748893  
-0.8309980835  
1.210794468  
1.627890322  
-0.602181295  
0.2159011332  
-0.8730996116  
-0.01775040739  
-0.5793122836  
0.05110653986  
-0.831272537  
-0.1988693391  
-1.131781242  
1.937813115  
3.173667185  
-0.7164170784  
0.3531071384  
-0.3465729652  
-0.2134365467  
-0.4494156464  
0.01798041532  
-0.7904681575  
0.1067054828  
-0.6257375045  
0.4203856852  
-0.2474667493  
-0.6328030176  
-0.2669283057  
0.02512934256  
-0.4474290237  
-0.3014383585  
-0.5615222542  
0.1239713189  
-1.061399668  
2.16271474  
2.831499649  
-0.3555469542  
0.354849822  
-0.3942777939  
0.3170481904  
-0.7281844229  
0.3216854152  
-0.856939663  
0.6042529649  
0.4531419343  
-0.3819520101  
0.1823267775  
-0.6220551863  
0.4020230339  
1.035862511  
-0.2277396406  
0.6376509411  
0.5630104212  
0.3806005207  
