5572.33543  
5245.623188  
5349.092261  
5360.878846  
5296.096104  
5281.061317  
5378.879487  
5328.607338  
5356.423625  
5317.225478  
5394.48755  
5242.616357  
5301.3202  
5331.845117  
5326.590026  
5356.572544  
5286.419571  
5337.969613  
5385.873358  
5244.47858  
5386.83616  
5129.929948  
5439.645789  
5107.74817  
5269.566478  
5459.00174  
5275.811793  
5376.59839  
5204.300376  
5455.950451  
5209.841725  
5442.884148  
5361.801408  
5379.823286  
5340.030484  
5296.012752  
5366.379032  
5306.081794  
5253.283427  
5324.082658  
5334.455331  
5324.15309  
5532.950536  
5416.783231  
5318.640509  
5334.394017  
5317.464362  
5375.210071  
5372.486588  
5138.835557  
5409.160894  
5373.093442  
5359.811441  
5291.867969  
5201.990961  
5274.108876  
5332.257265  
5304.746182  
5300.483014  
5287.384071  
5362.744365  
5284.07851  
5304.996321  
5290.130228  
5304.424546  
5206.847563  
5296.405827  
5387.078913  
5263.922398  
5520.553041  
5503.278835  
5270.399641  
5517.061729  
5437.780765  
5184.455497  
5347.254486  
5284.003629  
5406.347542  
5408.542517  
5230.633088  
5553.768087  
5623.176211  
5333.411855  
5424.019023  
5310.862446  
5369.379486  
5537.686025  
5553.33302  
5280.56025  
5392.462364  
5326.408902  
5475.082501  
5414.565544  
5483.349613  
5402.987233  
5445.046056  
5293.581754  
5512.394802  
5349.703334  
5481.834932  
5245.138035  
5390.665238  
5238.118456  
5494.576018  
5458.42555  
5385.138329  
5320.890008  
5372.37074  
5322.391161  
5346.545639  
5316.866296  
5617.787361  
5553.966687  
5333.61731  
5323.392923  
5338.531526  
5365.821697  
5338.923415  
5269.550672  
5438.757967  
5446.382562  
5416.351584  
5427.127671  
5395.967106  
5383.050385  
5390.335474  
5335.902184  
5382.361011  
5430.136268  
5448.999461  
5408.232126  
5444.580504  
5434.764425  
5454.144905  
5445.790082  
5438.54272  
5401.170729  
5418.949013  
5376.696279  
5351.237862  
5407.888052  
5507.205574  
5466.303277  
5369.413423  
5404.817505  
5419.623076  
5420.061804  
5402.120739  
5422.932616  
5383.722334  
5324.627062  
5288.130414  
5305.148952  
5241.893559  
5490.539387  
5496.156668  
5260.839797  
5373.534944  
5308.953409  
5533.137708  
5441.492332  
5172.177725  
5173.604356  
5207.53948  
5459.341976  
5437.451096  
5244.115997  
5323.763998  
5310.08736  
5341.022244  
5339.546883  
5267.789006  
5313.994906  
5230.54365  
5113.52486  
5447.128166  
5240.205637  
5412.380792  
5428.255604  
5284.283171  
5416.20978  
5242.812638  
5500.697201  
5496.069646  
5335.707581  
5274.468696  
5468.101192  
5380.51045  
5384.873202  
5272.012112  
5343.177343  
5314.494861  
5383.141288  
5346.820371  
5404.51965  
5459.504867  
5251.844338  
5550.9344  
5339.651808  
5435.435027  
5383.59023  
5315.252852  
5354.418344  
5578.012636  
5573.738935  
5393.340901  
5326.082559  
5348.628365  
5310.619816  
5486.310993  
5674.144513  
5449.623633  
5397.698341  
5416.464813  
5488.275489  
5446.759871  
5470.23463  
5408.051473  
5458.79928  
5244.051043  
5727.03982  
5555.620785  
5369.776912  
5314.597274  
5445.877052  
5693.31039  
5662.932389  
5259.374981  
5697.92141  
5633.850081  
5278.811642  
5472.710359  
5489.466975  
5458.842313  
5272.937043  
5527.204109  
5486.34474  
