1.735395934  
1.040166044  
1.450052334  
-3.229967523  
1.071631106  
-2.105252379  
0.3704477182  
-2.287716404  
0.2589853158  
-0.7302146414  
-0.2818421109  
0.09553727038  
0.7961246725  
0.9226164925  
-0.1597282062  
-0.6108716633  
0.2733981015  
1.512912679  
-0.9230560671  
1.461505325  
-2.909812195  
0.4549208692  
0.228535646  
-0.03897243941  
-0.1582340798  
1.042846603  
-1.930827175  
-0.05226221065  
0.4338546533  
-0.004734383409  
0.4002697799  
0.7296145719  
-0.3138038209  
0.7021500247  
-1.067780704  
1.33925668  
-2.617978248  
-0.5205397815  
0.7271972854  
-1.54794987  
-1.450640744  
0.4440704752  
0.6711224962  
0.9176628307  
-0.1085922969  
0.8169735749  
-1.048254617  
-0.4354646911  
-0.0907487683  
0.1381395461  
0.161536994  
-0.0730707943  
-0.5466376927  
1.164077902  
-3.0059879  
-0.4382326929  
-0.4573866884  
-3.283050912  
0.07017805726  
0.4508072963  
0.4066011194  
0.04853718198  
-0.2826261028  
1.33284664  
-2.048212627  
-0.7874836979  
0.9560413117  
-0.3775585432  
0.1853060204  
-0.5121665279  
-0.1658308677  
0.3661942485  
-1.761318972  
-3.520282341  
0.05640485971  
0.6528157089  
-1.904250691  
-0.6294955798  
0.7847411452  
-1.978140139  
-0.02821902816  
0.6093295966  
0.1780135769  
0.08572671401  
-1.994245002  
-0.3175582325  
0.5049473481  
-0.4890370028  
-0.1103237591  
0.7716250708  
-0.1406804198  
0.5420814111  
0.4906941329  
-0.005316234528  
-0.05114616831  
0.2560525011  
0.2650828301  
1.125517394  
0.3481371602  
0.3599809721  
0.1414273254  
0.1373193293  
1.011656736  
0.4099047464  
0.5714830509  
-0.001427719781  
0.05613152595  
-0.2557433314  
-0.5160574956  
0.299428914  
-0.1400763758  
0.3459896204  
0.5169515245  
0.3667969613  
0.1446048851  
0.2130214294  
-0.7114189179  
0.1341421809  
-0.01168229816  
0.2162734279  
0.6676870261  
0.3134939611  
0.03345616461  
0.8348150352  
-2.713590991  
0.2464708439  
1.151252342  
-0.2448609472  
0.3385627564  
-3.47215224  
0.6627557392  
0.6681438452  
-0.6535501479  
0.5449399917  
0.707191847  
0.8593949255  
-0.7656064923  
0.4045878149  
0.542388611  
-0.0505583924  
0.1013466442  
-0.3166591671  
0.608938869  
0.7421119767  
-1.204422884  
0.1430923478  
0.2797318044  
0.1731345782  
0.4211967535  
-0.1062826111  
1.188483253  
-1.347851342  
0.5074907201  
-0.2034797891  
1.539065069  
-2.246046359  
1.21624044  
0.5111390333  
-0.5560398762  
0.566996946  
0.3532012557  
0.1181962606  
0.08174451262  
0.2850964064  
-0.0875297863  
0.3614737172  
0.3346318431  
0.008219516361  
1.049751262  
-2.019769019  
0.2853737826  
0.5355728423  
0.5784689045  
-2.067874248  
-0.1786543799  
0.8978615543  
0.2762546745  
1.042452134  
-2.189142283  
0.3926866952  
0.8221707856  
0.2307791584  
0.8522228969  
0.3925804897  
0.56727793  
0.2160103673  
0.6653554152  
1.007616287  
0.3296723042  
1.054523159  
0.8309837193  
0.3775847999  
0.3623583846  
0.1497318342  
-0.3442954523  
0.2894783881  
0.6616768989  
0.764247789  
0.4958359581  
1.265243607  
-1.844475308  
-0.09643069712  
-1.599732818  
0.4807833353  
0.3789041117  
0.7955183384  
-0.6866481204  
0.1801766353  
-2.148597159  
-0.7249281145  
0.7860866667  
0.6212997744  
0.8338521056  
-0.1170077374  
-1.276358388  
-0.5967527757  
0.7340949928  
0.5178206107  
0.3919886283  
0.2222325847  
1.113595186  
0.611993237  
1.150676143  
0.6765971352  
0.8493460648  
