0.5449243144  
0.6874972154  
0.4092691613  
0.488101671  
-1.999859674  
-3.550948745  
-0.2407723215  
0.3345282431  
0.01504549791  
0.3021078498  
0.3974174656  
0.0006696518335  
0.2349615148  
0.1540763623  
0.6576067863  
-1.035780945  
-0.108293981  
0.218222746  
-0.04425279269  
0.7482949595  
-0.7421246204  
-0.5151633104  
0.3469484966  
-0.1643822849  
0.8785799728  
-2.574720275  
0.01634146976  
-1.063713053  
-0.709053235  
0.9506149957  
-3.296965288  
0.2010578886  
0.05664932798  
0.7613575039  
-1.683864885  
0.1362666556  
-0.2541719478  
0.03812402428  
0.557792879  
0.3341548081  
0.4871223755  
0.2845548934  
0.6988426389  
-1.14372878  
-1.957793524  
-0.1567661868  
0.6765351687  
-1.054906551  
0.175770541  
0.2474139776  
0.2748117316  
-0.2214447618  
0.7267407885  
-1.417512049  
0.1526613281  
0.1165325065  
-0.4603995948  
0.1621126681  
0.04548758403  
-0.1488851129  
-0.122874383  
0.9049397391  
-2.658178293  
-0.3136658575  
0.5556068041  
0.3980766576  
0.3369609114  
0.1796253228  
0.1597877063  
0.1762716886  
0.5111754561  
-0.07304110863  
-0.03828431946  
0.5876734138  
0.2149398976  
0.1191961648  
-1.470842454  
-0.2292681525  
0.5937803833  
-0.1510870173  
0.2694851882  
0.05397202566  
0.3611368101  
-0.496256972  
0.9873558795  
-2.549422479  
-0.1510623299  
-0.1214392125  
0.876444713  
-2.294924953  
0.1296010581  
0.9723503007  
-0.04742382573  
-0.3419771128  
-0.2239648178  
0.6848779474  
0.3184620435  
-0.3583141053  
0.1642657659  
-1.206299015  
-0.1704120346  
0.5337503545  
0.1639281986  
-0.06620612527  
-0.33408148  
0.8467338284  
-1.737904083  
-0.09717118565  
0.7254611007  
-0.181058386  
0.6155008314  
0.2638462512  
0.2613101728  
-1.670168877  
0.3157235374  
-1.570979016  
-0.1838459716  
0.8695800376  
-0.2975762799  
0.655959952  
0.03234094811  
0.6846402548  
0.5832177818  
0.1299283073  
-0.344382229  
-2.024057344  
-0.6680506204  
0.7380610233  
-0.1142449849  
1.202011919  
-2.080136147  
0.4865589461  
0.1983098136  
1.165674118  
-0.3282449724  
0.3220083622  
0.6133980252  
0.6831210981  
0.3250811459  
0.5278115438  
0.05783097444  
0.7664732601  
0.2514189223  
0.6939589976  
-2.752574032  
0.0285549814  
-0.1304313054  
0.6887926764  
-1.359151801  
0.02789497415  
0.7893216983  
-0.4933683446  
-1.724930205  
-0.2373104732  
0.820106087  
-1.455268687  
0.01014470702  
0.6395062394  
-0.205096796  
0.7054548352  
-0.2646038749  
0.5228961534  
-1.047948461  
0.4532993636  
0.1172997562  
0.6345401797  
-1.167136984  
0.1672635548  
0.007759754982  
0.4359573139  
-1.327765935  
-0.3036347785  
1.299254365  
0.4378412316  
0.6933952712  
0.6515323353  
1.085255811  
0.4137264327  
0.5227089546  
0.03216279894  
0.8371737789  
-2.025367641  
-2.046802154  
0.3903387471  
0.7661188916  
-2.914488166  
-0.600140882  
1.09281563  
-1.261472507  
0.6461988364  
0.1148458243  
0.6693110876  
-2.448598831  
-0.4384355206  
0.9591343589  
-0.08803572489  
0.9288385102  
-2.405248584  
-2.37438526  
0.2239029859  
0.9302987747  
1.327234245  
0.3959933712  
0.3275640809  
1.080797308  
0.842584365  
0.03678880264  
0.3864172729  
1.05987568  
0.2491270588  
0.7990046468  
-0.137404397  
-0.0622089673  
1.080582403  
-0.1522933629  
0.50059182  
0.8935093005  
0.5505110761  
0.6538360703  
0.2980515067  
0.6527318848  
-1.460936946  
0.6018743109  
0.6366966561  
1.133227406  
0.04126969309  
0.7234576165  
0.1210884808  
0.6396184981  
-1.194357063  
0.1692981179  
0.8640237239  
0.02998022449  
1.136931518  
0.8311161582  
1.083899871  
0.1818019494  
1.609505449  
-1.069996191  
0.2219924048  
0.6131912593  
0.983001937  
-2.022717457  
-0.6178967531  
1.218574232  
-2.047454719  
0.05504641836  
1.338674353  
-1.312392938  
0.06770628489  
-0.2405242562  
0.395872938  
0.5090404467  
-0.5526690515  
-1.572540396  
-0.6376791939  
0.2052947306  
0.9259625748  
-1.553831416  
-0.7622978152  
1.03418728  
-0.7436912468  
-0.05305237573  
-1.507135942  
-0.6014763904  
-1.6787762  
0.4184033722  
0.7480825816  
0.7896255945  
-0.3137081931  
0.03344413655  
0.9482297287  
0.3093381503  
1.493297977  
-0.2031421457  
1.502153482  
-2.860140427  
0.8575056177  
-0.1868223481  
0.3342724327  
1.125628055  
0.7464493337  
1.406706024  
0.7778527671  
0.9563215751  
-0.2063840143  
0.1256556774  
0.440738444  
-1.950125419  
-1.240674521  
0.2741815486  
1.309070729  
-0.1895384991  
1.146228621  
-1.536719616  
0.07228240295  
0.5127937287  
-1.652592945  
-0.08930124216  
0.5677728591  
0.731084265  
0.1410211898  
0.7506538251  
0.9381272813  
1.044129252  
-0.5223555811  
0.4400711757  
1.135433656  
-3.179426602  
-0.4349402045  
0.5379873907  
0.6453499853  
1.240798849  
0.8866778454  
0.8111815352  
0.6694416693  
1.035246143  
1.43275213  
-2.488960611  
0.3501032031  
-0.1226637821  
0.158842622  
-2.141740943  
-0.5164925226  
1.462791332  
0.2861274554  
1.192677349  
-0.02947252343  
1.52805018  
-2.52896306  
0.3637688388  
0.5823320803  
1.253780545  
-1.707760387  
0.01579330439  
1.136445254  
0.8944845275  
0.7479735883  
0.7939618495  
0.05364596368  
-1.847877317  
-0.4027212487  
0.9554813194  
-2.776768631  
0.6150819083  
-1.916857358  
-0.4405554991  
1.203834241  
-2.274867004  
0.05164813978  
1.2604675  
0.2007640177  
0.5626098251  
0.4255161434  
-1.706131512  
0.231177921  
0.9582777212  
-2.372602878  
0.2191955218  
-0.7941291445  
-1.815788643  
0.7127395719  
-0.02996697689  
1.331873566  
0.2443912985  
0.9643160944  
-1.066581143  
0.4601626607  
0.6878819515  
0.5833200881  
0.7336363625  
0.1350930158  
0.5536998949  
-0.5027018673  
-2.327652596  
-2.865089548  
0.4055675693  
0.5877681514  
0.3882419641  
1.014311082  
-0.8223956486  
0.8246916622  
0.006569078683  
0.5325538596  
0.6404711485  
0.9927089502  
-0.3309784203  
0.4276778183  
0.7695181888  
-1.567590449  
0.2890493424  
1.173560362  
-0.1882797984  
0.9628622299  
-0.5191759171  
0.561096787  
0.3749146655  
0.7470109569  
