4987.988926  
4983.168101  
4776.322065  
4951.78202  
4799.808598  
4914.966575  
4963.003893  
4965.768557  
4938.234065  
4750.161407  
4908.180209  
4801.637307  
4915.857839  
4936.253493  
4916.284916  
4976.667954  
4872.188123  
4926.992787  
4912.293396  
4808.311269  
4912.72539  
4872.904136  
4934.519741  
4920.840252  
5143.483982  
4920.354046  
4831.494477  
4878.022847  
5010.050075  
5009.158637  
4993.337027  
5023.031765  
4843.803718  
4901.131343  
4876.684042  
4928.603126  
4852.699347  
4957.410238  
4861.248572  
4922.597511  
4941.697529  
4932.97809  
4911.844648  
4958.123043  
4918.403945  
4933.924301  
4926.751682  
4904.306571  
4943.659873  
4918.839043  
4889.426015  
4956.909174  
4789.809665  
4908.587405  
4959.868225  
4906.119207  
4928.11569  
4953.479244  
4866.205775  
4958.203935  
4901.476448  
4938.294992  
4928.050166  
4884.279095  
4907.804537  
4924.489675  
4917.758463  
4892.066331  
4936.971555  
4994.0218  
5015.437937  
4894.728495  
4908.372306  
4914.930054  
4911.938593  
4997.242011  
4847.489147  
4991.680871  
4993.812068  
5085.502729  
5046.109161  
4917.574959  
4919.605047  
4837.397252  
4954.720902  
4952.396463  
4996.644014  
4880.341074  
5000.371653  
4880.944209  
5066.43511  
4936.459152  
4970.97925  
4873.51564  
4864.73322  
4945.818705  
4795.906257  
5024.56624  
4874.540136  
4809.669393  
4976.487383  
5018.265846  
4877.505548  
4880.394214  
4945.134955  
4945.478287  
4972.286825  
4899.822526  
4850.457313  
4864.659149  
4910.021475  
5000.039788  
4917.034223  
4972.760627  
4909.416215  
4963.650716  
4978.505162  
4904.427366  
5205.467972  
4979.440148  
5126.600209  
5057.7835  
4913.381181  
4884.753761  
4929.780012  
4965.050809  
4955.323827  
4922.22739  
5008.03118  
4976.806033  
4931.074524  
4955.71353  
4998.595516  
4700.687346  
5005.128324  
4867.823433  
4818.998688  
4897.136467  
4770.661182  
5007.960649  
5011.776643  
4942.016619  
4889.70733  
4873.175257  
4745.498547  
4952.343866  
4933.788081  
4944.944613  
4929.096915  
4745.299953  
5039.942829  
4960.735503  
4863.133755  
4946.160962  
4811.912199  
4895.669494  
4928.182236  
4900.51405  
4963.898421  
4826.844117  
4903.638182  
4922.493855  
4945.975924  
4858.023306  
4873.63185  
4948.618318  
4847.012718  
4941.712642  
4907.191346  
4930.177468  
4955.278088  
4842.128587  
4959.417143  
4990.311948  
4781.628007  
4942.577293  
4818.424805  
4712.184974  
4907.574071  
4685.107822  
4853.488265  
4907.53205  
4991.625003  
4902.530874  
5004.097496  
4922.329613  
4817.4604  
5003.934734  
5129.894988  
5041.825263  
4863.069088  
4913.725441  
5034.791076  
4860.074574  
4986.211383  
4947.106028  
4928.435314  
5043.163982  
4863.944763  
4992.602111  
4931.690113  
4947.055066  
4860.507677  
5094.652637  
4861.222952  
4936.051463  
4819.982442  
4857.181199  
4712.273701  
4947.459614  
4927.848282  
4935.574909  
4928.654663  
4901.276025  
4947.832214  
4838.604783  
4911.832696  
4834.698004  
5066.617391  
4940.01662  
5061.728507  
4910.577277  
4839.251711  
4772.616253  
4917.367149  
4944.166826  
4874.301477  
4836.200083  
4907.746167  
4751.078029  
4811.481601  
4556.196939  
4708.602607  
4866.151084  
4923.692292  
4925.907128  
4835.600953  
