1.892673361  
-0.212151942  
1.91743553  
-0.489885676  
2.127386295  
-0.7633418876  
-1.022216159  
-1.196707788  
-1.103130296  
-1.239108855  
-0.9797752749  
-0.7719720232  
-1.163461578  
-1.266751084  
-1.094536542  
2.297845949  
-1.195487831  
-1.014059189  
-1.317538256  
-0.9464451867  
-0.1350505385  
-1.074818908  
-1.185881645  
-1.129880706  
-1.183248658  
-0.9430462781  
-0.9672039874  
-1.036440712  
-0.4140465083  
-1.342200586  
-0.7631190694  
-1.126791106  
-0.9872492676  
-1.317318307  
-0.940351797  
-0.486492479  
-1.395149234  
-0.6778227301  
2.256406403  
-1.214616  
-0.5235511244  
-1.306555468  
-1.135373226  
-0.8334867862  
-0.3825522449  
-1.177311152  
-1.068779256  
0.109644666  
-1.13640243  
-1.076266993  
-0.6930341957  
-1.137692046  
-1.107162542  
-1.19383349  
0.5658772117  
1.710313596  
-0.3745797665  
-1.131766455  
-0.973759829  
0.6125035841  
-0.960749068  
-1.266128657  
-0.7584440433  
-1.067134218  
-0.8748304054  
-0.2196380641  
-0.9849824649  
-1.031910767  
-0.3220809543  
-0.4005102579  
-1.03884294  
-1.183792028  
-0.9209290311  
-0.7081196952  
-0.9268336621  
2.195809593  
-0.3356862795  
-0.5269101723  
0.0101153142  
-1.146638347  
-0.9104577904  
-1.266480295  
-0.7426571999  
-0.9391595089  
-1.225165912  
-1.062871129  
-0.3663979085  
-1.296890537  
-0.9265040724  
-0.409727441  
-0.7708897517  
0.2094998562  
-1.056030942  
2.168840691  
-0.9754122611  
-1.039917495  
-1.000905144  
2.109422878  
-0.764845606  
0.387767808  
-1.026454961  
-0.5530078349  
0.3183687048  
1.572595377  
-0.7373045317  
-1.006766893  
-0.7455885391  
-0.008029186906  
-1.368745709  
-0.5520869695  
2.657552219  
-0.7722535046  
-0.6366903547  
2.155532079  
-0.717401646  
-0.3457129015  
-0.3583494516  
-1.09405297  
-0.2844501266  
-0.2447533371  
-0.5326626141  
-0.4011745423  
-0.8029980611  
-0.7213965445  
1.571298864  
-0.6953637662  
-0.4020587674  
1.686253694  
-0.1885852362  
-0.4707004657  
-0.4940173733  
-0.7600579724  
-0.1024219689  
0.4163497375  
-0.8777777898  
-0.424509576  
-0.6380856935  
2.845242754  
-0.7299096574  
-0.3685591443  
-0.5249442111  
-0.3053735578  
0.1865823129  
1.594634304  
1.591327542  
-0.2263429677  
-0.5689123808  
-0.8284636285  
-0.509736921  
-0.8535020356  
-0.8027135387  
-0.338116345  
-0.735707225  
-0.7816563439  
-0.7400745663  
-0.2368133452  
-0.7388983272  
-1.009632816  
0.3219485958  
0.1548160024  
-0.6332272963  
1.783234032  
-0.1121818304  
0.6375785691  
1.903857411  
-0.131177445  
-0.6007745341  
3.236023362  
-0.1228064766  
-0.1777812769  
1.550221106  
2.1021812  
0.4728255193  
-0.2406028523  
-0.8132153585  
-0.1352680779  
3.191631999  
-0.6761748638  
-0.4665302476  
-0.9059852359  
-0.2123188546  
0.5410162495  
-0.6624622637  
-0.5352848771  
-0.7330822388  
-0.2404163087  
-0.6630226832  
-0.3245016698  
-0.09370868196  
-0.4495780405  
0.5861993296  
-0.6557080525  
-0.4604014616  
-0.404307661  
2.166184914  
-0.1729053135  
-0.5372667147  
-0.3278022242  
0.3018008721  
-1.012827281  
0.07527313266  
0.8674626329  
-0.7213862617  
-0.1671870755  
0.853772001  
0.2853124388  
-0.7014916795  
-0.04412193467  
0.8258241768  
-0.9608953314  
-0.3095062412  
2.176220994  
-0.03797134189  
-0.3820190621  
-0.1581158579  
-0.289556435  
-0.5124748975  
-0.5779443806  
-0.1001506416  
0.007898971721  
0.1324178615  
2.219962323  
-0.1647594231  
0.03152719185  
0.3195727272  
0.6277428723  
-0.1853477315  
0.2331368665  
-0.6786543968  
0.1383951243  
-0.6301292701  
-0.1994986476  
-0.6076782841  
0.2265871299  
3.483780549  
0.2679538594  
-0.02907547158  
0.3585343535  
0.4188707205  
1.97823897  
-0.08929828046  
-0.3411739229  
-0.4980178176  
-0.2475868782  
0.3775894857  
1.729098947  
0.02574036066  
-0.3561325339  
-0.1004444679  
-0.4333989823  
-0.379061124  
-0.4045683563  
-0.3394227242  
1.953247688  
0.1165493793  
-0.260871637  
-0.04669966363  
1.818144884  
-0.2272071187  
-0.06211456871  
-0.7898597246  
0.3609354611  
0.496505172  
-0.163622547  
0.3036504176  
-0.03411294974  
-0.3733640187  
-0.5865350136  
2.906286183  
2.608096538  
-0.4669246673  
0.5152497945  
0.6514896171  
-0.06476618579  
1.131220638  
0.06474206232  
-0.2043502383  
0.0936048309  
0.5402900914  
-0.6026197981  
-0.6108004246  
0.06138716428  
2.087971961  
-0.8832881313  
-0.2852514254  
-0.6063013132  
1.121533117  
-0.7766734906  
0.217636064  
-0.9334637969  
0.6343625399  
0.7165109513  
-0.0517414183  
1.78622892  
0.981828171  
1.110729807  
-0.421642731  
1.606448415  
0.2473552715  
1.84317529  
0.4075060701  
0.08612134488  
2.993670173  
1.742944434  
-0.4898682416  
0.5321830031  
1.336282831  
-0.6633646986  
-0.1438106969  
-0.1231266861  
-0.4979242  
0.3142271499  
3.661214431  
1.497212182  
-0.2889366733  
0.5716223088  
1.672771254  
-0.506033382  
0.5125633336  
-0.2964052171  
1.949777573  
0.1354227528  
0.7317048436  
-0.6344586156  
0.7336909576  
1.060547968  
-0.0491410284  
0.7045338237  
-0.377442191  
0.5460600277  
-0.1071917093  
0.08302262871  
-0.6646481305  
0.08632186922  
0.9089842098  
0.01788843065  
-0.1072755159  
0.1032206685  
1.400954587  
0.1507819688  
0.3225022963  
-0.3349611602  
1.611080589  
0.03058110348  
0.04545705824  
-0.148750163  
0.3009325765  
-0.2121530521  
0.2473721279  
0.157116372  
0.9187146057  
1.127468463  
-0.2259375213  
1.69506178  
1.019355445  
1.973920901  
-0.4181451159  
0.07952712345  
-0.6566491498  
0.2279064569  
-0.3492842637  
-0.0620811304  
1.382957089  
0.9660951808  
2.426982032  
-0.3628470596  
0.6913227386  
0.9196235995  
0.00353344871  
0.07346224765  
-0.4599287828  
-0.05446680031  
0.5927432501  
-0.145821669  
0.03797444538  
-0.08424593128  
-0.3621940798  
-0.3409118424  
-0.1822166141  
0.3502866599  
0.3512255621  
-0.2071615825  
-0.1474465041  
-0.5217312037  
0.3118138345  
3.141561128  
0.2417223147  
-0.09145338743  
-0.1979067356  
2.729317298  
-0.2430587701  
0.1306799988  
0.1617633096  
0.6064014069  
0.8000308513  
-0.3155428683  
0.4078574153  
-0.06265719555  
