5854.209089  
5565.871536  
5547.069059  
5461.906566  
5476.478106  
5404.020457  
5472.860077  
5507.68606  
5479.133536  
5525.845349  
5496.245644  
5517.853795  
5425.554922  
5472.317245  
5338.468893  
5446.038957  
5493.206087  
5479.054404  
5504.845765  
5432.430218  
5471.705927  
5499.348185  
5497.685522  
5466.978369  
5346.970676  
5526.900708  
5476.544598  
5507.225202  
5397.071174  
5463.747187  
5650.204292  
5678.775631  
5487.047953  
5507.306073  
5427.976182  
5742.522075  
5755.931983  
5517.772785  
5609.454961  
5525.296002  
5561.00613  
5512.019643  
5534.655632  
5620.598734  
5619.644041  
5468.725116  
5567.002992  
5478.377188  
5648.124808  
5762.651286  
5597.077481  
5546.642108  
5505.247697  
5683.095572  
5685.564829  
5533.751759  
5495.748658  
5612.048515  
5556.020308  
5779.355726  
5687.499188  
5494.797736  
5563.120327  
5468.439833  
5542.749835  
5513.327099  
5556.096314  
5349.991318  
5542.610878  
5479.323643  
5642.125854  
5489.601624  
5361.098487  
5534.586252  
5415.492571  
5496.076095  
5541.182447  
5660.131867  
5449.090647  
5746.549826  
5749.383385  
5470.235817  
5546.678643  
5464.145945  
5550.162885  
5565.601425  
5589.164061  
5380.017723  
5537.853254  
5521.436433  
5466.659342  
5520.369933  
5599.589197  
5507.777769  
5581.389242  
5491.931141  
5518.570044  
5480.81733  
5476.1099  
5475.098632  
5613.662896  
5487.921845  
5785.841204  
5514.513936  
5664.517941  
5626.639379  
5497.366212  
5524.023639  
5487.246351  
5608.947568  
5592.923161  
5609.269527  
5421.572619  
5572.111583  
5500.16482  
5552.857821  
5530.201823  
5579.876254  
5497.699468  
5431.680557  
5572.358972  
5565.48027  
5585.012778  
5593.823406  
5396.429122  
5311.892654  
5640.748626  
5523.626919  
5731.994069  
5706.259142  
5577.434104  
5408.409778  
5552.903263  
5579.051027  
5507.742084  
5644.104177  
5569.945728  
5617.666962  
5499.289596  
5613.79262  
5570.896472  
5576.357892  
5511.99914  
5531.072378  
5521.556326  
5550.591441  
5531.027147  
5542.673066  
5550.657303  
5618.473528  
5529.048118  
5597.122126  
5586.758279  
5587.543365  
5534.37084  
5569.392341  
5531.39359  
5560.119975  
5536.783071  
5591.528551  
5503.544014  
5667.475395  
5633.667286  
5520.196747  
5499.184312  
5542.797695  
5514.432568  
5743.181921  
5747.197901  
5559.98161  
5628.604363  
5521.407882  
5568.649462  
5528.732384  
5549.691558  
5501.848735  
5574.234791  
5511.982663  
5593.9803  
5485.758197  
5607.462861  
5611.542736  
5623.539572  
5651.873153  
5509.618444  
5492.596804  
5473.048263  
5699.199466  
5768.267122  
5649.822813  
5594.358797  
5574.86418  
5550.959013  
5508.098675  
5423.658543  
5517.567999  
5598.989457  
5604.532738  
5502.07138  
5610.290441  
5567.829376  
5570.91385  
5746.197765  
5606.204282  
5550.078542  
5613.015857  
5560.414141  
5628.81817  
5441.071485  
5956.055362  
5864.436047  
5576.177158  
5566.141778  
5648.765969  
5701.499679  
5553.737832  
5763.890442  
5678.182837  
5665.71307  
5717.265629  
5551.896244  
5740.54554  
5607.97587  
5730.120131  
5764.784086  
5627.596695  
5753.385356  
5696.903774  
5515.970419  
5764.246636  
5541.400738  
5680.890967  
5625.033247  
5616.659662  
5736.374389  
5715.099156  
5687.070668  
5616.499863  
5524.8651  
5575.836433  
5558.53954  
5598.812429  
5554.018265  
5537.61997  
5438.682897  
5577.490125  
5578.099694  
5628.141311  
5656.027267  
5586.230964  
5685.966322  
5522.118109  
5749.953171  
5712.475038  
5577.3232  
5574.491535  
5700.006946  
5652.106712  
5577.122817  
5543.862893  
5575.658108  
5529.999368  
5628.584772  
5559.245343  
5703.014168  
5685.165155  
5610.13102  
5557.304806  
5646.669383  
5533.824066  
5611.378741  
5601.4042  
5649.300399  
5554.827806  
5707.476234  
5594.284278  
5572.298748  
5731.371122  
5517.6986  
5565.010393  
5601.123322  
5583.329418  
5517.171865  
5569.332073  
5634.238607  
5584.264889  
5549.455904  
5593.913957  
5582.471773  
5649.208446  
5637.174583  
5576.861161  
5515.555832  
