5595.476512  
5408.924745  
5268.260613  
5102.892007  
5694.622584  
5401.387829  
5055.377642  
5327.327908  
5238.736255  
5280.633243  
5069.050164  
5691.928771  
5396.205108  
5178.909358  
5268.5176  
5226.163098  
5271.484021  
5287.745481  
5300.751897  
5202.022632  
5276.359079  
5127.499245  
5318.058459  
5222.821108  
5093.879235  
5290.083988  
5338.628122  
5171.293804  
5217.161916  
5193.275121  
5173.535133  
5221.755986  
5183.168193  
5141.313714  
5260.325318  
5245.191211  
5385.22681  
5293.580966  
5130.134115  
5309.381853  
5209.163461  
5113.108556  
5335.072029  
5194.696011  
5212.998527  
5148.468003  
5251.182873  
5194.970967  
5282.903243  
5168.283682  
5207.560226  
5205.997901  
5584.090229  
5367.397835  
5192.423817  
5284.100703  
5240.302338  
5302.044802  
5261.035577  
5259.308924  
5258.844344  
5274.843818  
5271.512848  
5233.880962  
5620.424627  
5436.474128  
5212.61151  
5254.356553  
5246.637776  
5285.621395  
5270.212938  
5224.810437  
5449.07331  
5324.226152  
5206.866278  
5275.477818  
5126.276482  
5258.256568  
5193.886546  
5227.298859  
5152.964377  
5261.355803  
5160.909829  
5190.372107  
5195.420408  
5313.105105  
5230.931175  
5372.344733  
5244.816888  
5555.140065  
5304.034864  
5254.928785  
5163.275134  
5192.890408  
5252.979595  
5553.705145  
5332.586604  
5186.029911  
5157.912981  
5218.083374  
5201.985705  
5167.526851  
5326.78327  
5258.377602  
5275.35825  
5246.010304  
5303.792101  
5366.165079  
5314.644963  
5217.049329  
5241.791829  
5096.450119  
5233.375379  
5252.591438  
5284.923748  
5274.966268  
5313.365077  
5191.140776  
5595.822516  
5350.070821  
5137.992306  
5355.530096  
5231.475461  
5569.309578  
5372.919732  
5285.011456  
5299.099192  
5235.383934  
5256.858444  
5097.514119  
5199.409134  
5256.730347  
5187.41275  
5276.866184  
5198.496374  
5490.98371  
5340.992913  
5272.237829  
5230.293279  
5265.472497  
5327.447697  
5219.715763  
5251.317962  
5226.755593  
5249.105166  
5186.443795  
5295.194011  
5268.258379  
5365.734536  
5334.480071  
5225.896834  
5344.54167  
5294.612742  
5322.198179  
5290.099645  
5292.841083  
5125.510724  
5343.168116  
5365.023583  
5304.064857  
5314.975481  
5341.509564  
5290.107059  
5292.90795  
5308.402554  
5335.103473  
5262.267392  
5318.409966  
5276.993335  
5281.858452  
5295.555891  
5265.122116  
5339.801471  
5365.168341  
5308.316103  
5219.869236  
5311.560218  
5247.523966  
5259.022491  
5288.623959  
5341.844358  
5413.129473  
5327.778865  
5249.58469  
5226.992608  
5265.981385  
5179.61836  
5477.266408  
5383.336796  
5153.507683  
5276.3017  
5296.355143  
5250.13177  
5237.060171  
5252.448772  
5225.33986  
5317.840097  
5334.380436  
5121.589468  
5362.581562  
5181.28353  
5614.752504  
5383.12401  
5641.989751  
5410.042699  
5177.41895  
5247.551796  
5248.18143  
5286.096481  
5192.869497  
5348.527125  
5225.873943  
5287.869967  
5213.231994  
5329.981909  
5212.994582  
5174.015639  
5334.991653  
5271.793802  
5319.80566  
5374.817162  
5250.785396  
5226.506109  
5294.570136  
5378.172783  
5238.735875  
5362.331464  
5312.421658  
5316.356926  
5236.382024  
5258.637259  
5234.317487  
5190.055406  
5164.113244  
5312.302816  
5312.045543  
5234.495121  
5299.942819  
5276.344976  
5293.141401  
5299.906369  
5291.16629  
5257.160311  
5311.23421  
5293.249832  
5320.551208  
5306.273575  
5625.000965  
5391.705587  
5288.621577  
5328.42834  
5338.684063  
5339.333448  
5361.247282  
5292.418352  
5311.362898  
5303.065132  
5313.765997  
5320.510348  
5332.13004  
5385.743953  
5340.87908  
5396.678593  
5277.32941  
5374.362686  
5326.40736  
5302.645003  
5245.257837  
5226.574771  
5386.654195  
5245.255981  
5331.343971  
5292.751163  
5217.77558  
5185.254172  
5263.269327  
5239.297412  
5256.69865  
5170.198456  
5254.311991  
5251.963828  
5264.019552  
5291.571979  
5305.578145  
5259.475465  
5210.293705  
5292.1521  
5269.675729  
5388.286469  
5362.967506  
5200.651396  
5307.163473  
5253.801365  
