5141.289909  
4847.511765  
5042.615525  
4851.896019  
4773.696556  
4952.172647  
5096.992221  
4982.077899  
4925.621858  
4919.276579  
4990.942377  
4863.005623  
4783.488912  
4944.023661  
4841.204425  
4983.01521  
4858.108684  
4967.904222  
4953.937022  
4898.223056  
4937.573209  
4795.563546  
4967.138591  
4807.155206  
4943.958478  
4963.372779  
4835.562403  
4818.29384  
4708.565749  
5048.248561  
4665.636432  
4983.5544  
4833.436827  
4734.657187  
4980.163355  
4834.022933  
4943.55878  
4873.992647  
4849.350872  
4871.700871  
4822.082666  
4944.752134  
5039.900235  
4921.974398  
4917.766132  
4852.650241  
4885.277149  
4782.270153  
4962.274656  
4637.363686  
5026.334397  
4890.703886  
4900.83946  
4876.036199  
4827.168429  
4900.442149  
4938.836349  
4908.450452  
4893.407433  
4903.085616  
5046.17276  
4925.10785  
4926.30123  
4877.142189  
4924.883012  
4898.521299  
4832.114197  
4920.825389  
4941.610415  
4941.176838  
4835.886711  
5182.059493  
4929.64506  
4882.372708  
4769.046185  
4915.149658  
4867.686268  
4992.498502  
4965.703549  
4792.692371  
4935.539206  
4856.639166  
4796.501887  
4921.429236  
4870.629807  
4946.699789  
4889.324481  
4864.970337  
4993.078437  
4863.252024  
4987.881415  
4892.393245  
4963.474097  
4939.104055  
4833.077315  
5024.096044  
4905.735546  
5044.78252  
4749.990004  
5173.369982  
4811.344147  
4958.299378  
4896.101566  
4812.374869  
4843.060112  
5001.166527  
4953.198464  
4939.968127  
4907.067937  
4896.479659  
4950.008153  
4989.221666  
4837.581417  
4947.060297  
4829.772808  
5011.044673  
4933.176664  
4856.249676  
4852.841732  
4906.443724  
5022.179865  
5010.025655  
5046.605595  
4992.356995  
4923.668778  
4972.412768  
4883.331399  
4903.063484  
4828.998938  
5110.634502  
4848.131226  
4932.885926  
4962.125776  
4840.267684  
4991.562269  
5135.670558  
5063.396563  
4875.522254  
4774.01287  
4952.547994  
4909.629775  
4857.539933  
4906.370551  
4965.046772  
4885.200705  
5034.875562  
4974.892286  
4943.16992  
4925.384185  
4942.976675  
4839.913949  
4850.421826  
4941.619796  
4919.825618  
4869.981697  
4934.509145  
4997.078076  
4891.511455  
5023.831728  
4866.394563  
4806.411476  
4871.339624  
4727.870231  
4918.227136  
4825.950263  
4841.131289  
4924.430409  
4904.001352  
5001.004447  
4880.272461  
4882.260004  
4827.386466  
4912.870638  
4886.179948  
4672.320923  
4983.551339  
4914.721416  
4652.520389  
4865.910761  
4758.093092  
5061.139203  
4843.666971  
5135.885633  
5028.254075  
4960.413404  
4843.982383  
5103.545646  
4905.520443  
5061.836396  
4899.663922  
4942.145634  
4885.318737  
4968.871344  
4863.955494  
4937.947489  
4950.230591  
4820.8131  
5154.091752  
4920.639706  
5015.089352  
5001.973876  
4792.292153  
4887.868746  
4804.643687  
4894.200123  
4950.928641  
4805.434696  
4894.554793  
4809.724951  
4920.005353  
4760.967501  
4864.57682  
4905.393943  
4974.051927  
5017.277893  
5060.749445  
5021.072035  
4962.959082  
4956.498052  
4873.138213  
5090.416857  
4883.303898  
4946.951246  
4659.472818  
5221.839761  
4987.432537  
4796.739711  
4892.160501  
4936.66408  
4700.328088  
4943.470215  
4844.889778  
4781.759151  
4726.872797  
4656.606746  
5079.193058  
4890.67717  
