-0.07178141205  
0.5717845646  
1.1099707  
-1.119931227  
-0.5681442353  
0.2434765606  
-0.7220651608  
0.1835219248  
2.186090451  
0.1685949805  
0.05358177511  
0.1752310163  
0.3488498793  
-0.7946787652  
-0.3975697995  
0.01694757108  
-0.05728412305  
-0.356350443  
-0.6457778355  
-0.2451923562  
-1.274707958  
-0.9751649564  
-0.3863932441  
0.04899174467  
-0.7290769577  
3.395602407  
0.2074932548  
-0.3356347977  
0.06354651643  
-0.2241624587  
-0.209098956  
0.09849670454  
-0.9332561192  
-0.3296897951  
-1.315704052  
-0.5832782316  
-0.1920336198  
-0.09381949352  
3.594314435  
0.1685453396  
0.04746416976  
-0.4706167915  
-0.1895315643  
-0.6812552254  
-1.349215172  
-0.5451903375  
4.84935057  
-0.4577463835  
0.3254158479  
0.1531621758  
-0.08174621745  
-0.5281335598  
-0.1265270692  
-0.9132447711  
-0.6031839172  
-0.2739750244  
-0.3468897996  
-0.5041733544  
-0.3558182167  
-0.7124091799  
0.1265231834  
-0.3169009592  
-0.05535879105  
0.5617701551  
-0.5965033098  
-0.6292149421  
-0.5400334994  
-0.0518361944  
-0.5795234821  
0.2147344395  
-0.2224517456  
-0.1351401005  
-0.1561784304  
-0.3381584907  
-0.07820061746  
3.509977248  
-1.460559564  
-0.5101604746  
-0.2120155239  
0.03157973285  
-0.2205145438  
0.4013840772  
-1.048592419  
-0.3200257765  
-1.242320272  
-0.6911957465  
-0.1554634188  
-0.4411831948  
-0.3707200528  
-0.5888791442  
0.2591044265  
-0.7018880272  
3.642600566  
-0.1944498276  
0.2519659013  
-0.1692005584  
0.1140230543  
0.2519570731  
-0.1024373279  
-0.02624404808  
-0.6817217519  
-0.4520526461  
-0.06626597461  
3.547087628  
0.2646986315  
-0.2354247141  
0.2095801189  
0.2686242703  
0.09924662218  
-0.3400519344  
-0.335471225  
-0.08290878269  
-0.2121271977  
-0.07982637551  
-0.4731315172  
-1.916147878  
-0.7068339788  
-0.1031416106  
0.1251404606  
-0.0168041894  
0.420307755  
-0.3926970614  
-0.5058912567  
-0.5532832169  
0.1628461939  
-0.3856377529  
-0.3052622093  
-0.4310220198  
-0.2212964992  
-0.9161750062  
0.1406531467  
-1.665187862  
-0.2361758154  
0.4146486972  
0.003289066484  
0.02600836737  
-0.1537994888  
-0.7928810093  
-0.02444409731  
-0.524415818  
-0.5392454581  
0.8147221996  
0.4827455865  
2.174427978  
0.1943604317  
0.09046755758  
-0.1869858287  
0.06930038504  
-0.9927052285  
-0.7897006008  
0.1319008418  
-0.7714099751  
-0.9122466051  
0.02621137284  
-0.03635632253  
-0.3122652529  
-0.1836258694  
-0.2504368277  
0.7512283803  
-0.06618370452  
0.1066187983  
-0.1303080661  
0.09420769475  
1.72491768  
0.29416962  
-0.5486094619  
0.3641004432  
2.769150864  
-0.3347808146  
0.3523049886  
-0.2660807394  
-0.7838355454  
-0.4595254692  
0.02448839843  
-0.2231665245  
-0.09759236738  
-0.7264654929  
-0.4501660632  
0.3116116681  
-0.1367549167  
0.02025415767  
-0.3551556191  
-1.505340401  
-0.6380343706  
-0.2765260888  
-0.4593632983  
0.1353302045  
-0.5075206269  
3.026812965  
1.70739158  
0.1898847698  
-0.3244835725  
-0.2216515357  
-0.4249189577  
-0.6615839  
0.04584637624  
-0.6461482768  
-0.5013581731  
-0.1972806894  
-1.040733495  
-0.5994243313  
-0.2642048194  
-1.376893212  
-0.2014790861  
-0.284467883  
-0.9284418699  
3.48255237  
-0.09127349164  
-0.1568463118  
-0.5018426083  
0.4678132118  
0.2171171382  
-0.4290696178  
2.945129607  
0.4717611206  
1.552181329  
0.3050741536  
0.9001060781  
4.595957515  
0.2803627284  
-0.4350652129  
0.7076540379  
1.686301791  
0.6196252221  
0.7011618895  
