-0.3286383839  
-0.1513582874  
-0.2733102934  
-0.5725164736  
-0.7440064884  
-0.6228032794  
-0.4919433437  
-0.5398898033  
1.110042002  
-0.6242994215  
-0.7286754813  
-0.4548326011  
4.517622371  
-0.239186109  
-0.2585912466  
0.1012163725  
0.2033462253  
-0.3267382779  
-0.1683483648  
-0.5563546496  
-0.3717405075  
-0.1922007003  
-0.5426864483  
-0.7405336319  
-0.6500995284  
-0.5189741821  
-0.6018898541  
0.008619772921  
-0.7511708627  
-0.488657727  
2.26558738  
-0.3356177246  
-0.2665656916  
-0.7032394246  
-0.5270318684  
4.115758876  
-0.06020780173  
-0.4054253415  
-0.6314578683  
-0.4976841293  
-0.6455324835  
-0.5558854358  
1.194968934  
-0.5141361866  
-0.3898630245  
0.7977999554  
-0.5878416951  
-0.5908360916  
-0.6476219649  
-0.5927308873  
-0.3917459366  
-0.6359440058  
-0.4132461499  
2.72366484  
-0.5932307125  
-0.5841227682  
-0.6123838155  
-0.2784869397  
-0.3867767893  
-0.7537223879  
-0.5436949452  
-0.5338708164  
-0.4499147332  
-0.01090806208  
-0.2518534672  
-0.007622165071  
0.3630096865  
-0.6249973282  
-0.6894021462  
-0.2302025927  
-0.5581311123  
-0.4822913712  
-0.9325327126  
-0.4300142537  
0.03533045456  
-0.2078669851  
-0.1399916482  
-0.4243960585  
-0.6487324587  
-0.7032400195  
-0.4267480411  
-0.3121817296  
-0.6470552878  
-0.7319496564  
-0.6169462163  
-0.454956752  
-0.622198519  
-0.6003788044  
-0.8061232406  
-0.3942945988  
-0.3584380823  
-0.6284892235  
-0.4646064172  
-0.6097691558  
-0.7908915274  
-0.2119323744  
0.9865943208  
3.383452991  
0.02592225935  
-0.08219284003  
-0.6986109356  
-0.2556280774  
2.758079534  
-0.1481521603  
-0.2637029041  
-0.5367614114  
-0.4007529618  
-0.3194799549  
-0.5099702344  
-0.2253541311  
-0.6391021314  
-0.2761175821  
3.616462232  
-0.1058698238  
0.121454757  
-0.505356176  
-0.5978418254  
-0.3579379808  
-0.4562677738  
-0.4263472646  
-0.6176661163  
-0.4026888041  
2.569807003  
-0.3843924164  
-0.2417127812  
-0.19150794  
-0.3909624812  
-0.3616765392  
-0.4749354973  
-0.6456423031  
-0.3080485057  
-0.2458928105  
-0.3630094066  
-0.2835068576  
-0.6787424954  
-0.05920252881  
4.037120538  
0.1044636173  
-0.08978457934  
-0.3693884955  
-0.1816899567  
-0.2405577795  
-0.2351927194  
-0.03741278535  
-0.248263011  
-0.3187933955  
-0.4388357132  
1.03755508  
2.86918511  
0.04164606669  
0.1234138264  
-0.5084662127  
-0.3967804636  
-0.482479363  
-0.5019094216  
-0.05266346427  
1.44462473  
-0.5211641826  
-0.5621749916  
-0.3473670168  
2.336861316  
1.759162726  
-0.00142960734  
-0.324292605  
-0.4875135397  
-0.1994014744  
-0.4667415164  
-0.284737091  
0.5359282079  
-0.1559562742  
-0.3381129328  
-0.3166193672  
0.1041753281  
-0.09950828056  
-0.1771457176  
-0.1099841217  
2.74338598  
-0.1851225044  
-0.05640673391  
-0.1885135727  
-0.05101190836  
-0.4878559222  
-0.08215691169  
-0.3287224663  
0.2968299451  
-0.2938234477  
-0.1058357209  
-0.288133411  
-0.006147108455  
3.92062733  
2.863452156  
0.2091948802  
-0.04978517917  
-0.3753872056  
-0.5261006571  
-0.4608190258  
-0.2585640432  
-0.03869566331  
-0.03116022864  
0.3438888627  
-0.1837927718  
-0.06836870092  
0.4045016466  
-0.2482034122  
-0.04766268604  
1.167502278  
-0.2237554298  
-0.1913357464  
-0.09448979471  
-0.07024080591  
-0.4204451079  
-0.002788378449  
2.942895052  
-0.01359204842  
3.527542653  
0.5553511108  
-0.03663417528  
-0.2822003929  
-0.146177291  
2.035861852  
0.1736617059  
-0.1444862461  
0.04132578937  
1.69116525  
-0.1848429998  
