5238.313924  
5106.254063  
5208.363852  
4995.509525  
4921.658297  
5004.957222  
5038.997531  
5027.96278  
4863.055123  
5047.65335  
4956.015575  
5009.130472  
4990.091546  
5012.646312  
4895.856461  
4957.406063  
5020.444086  
5002.185584  
5003.515848  
4976.412496  
4957.997669  
5015.05631  
5051.742874  
5005.219651  
4834.559208  
5034.721744  
5016.483876  
5011.903032  
4780.998917  
5064.061522  
4991.89906  
4948.906413  
5012.317413  
5003.526091  
4960.690998  
5057.495338  
4919.424119  
5012.667701  
5232.804481  
5090.499365  
4939.844099  
4850.426979  
5132.811033  
4957.486541  
4952.17991  
5073.923426  
5076.869384  
5073.572846  
5046.585184  
4909.342594  
4998.609141  
5074.598483  
5028.835974  
5068.916387  
4977.322994  
4772.691201  
4970.161039  
5084.786098  
5096.873365  
5089.085251  
4950.661698  
4958.244682  
5045.069195  
5010.167742  
5058.395065  
5038.311265  
5053.440707  
4828.864034  
4922.093185  
5023.618807  
5231.312536  
5025.231694  
4808.681885  
5094.499043  
4923.072534  
5074.266919  
4925.056112  
5113.886309  
5029.35321  
5154.139915  
5089.166302  
5060.275319  
5014.782806  
4963.950015  
5054.760803  
5036.410383  
5074.649622  
4969.873328  
5081.82644  
5078.228563  
4918.984682  
4958.214176  
5038.554545  
5036.986459  
5036.803202  
4922.147327  
5002.110572  
5091.781788  
4968.291779  
4984.431562  
5077.493895  
5019.61281  
5225.036528  
5056.790225  
5029.367404  
4963.857412  
5084.369201  
5011.808147  
5011.705214  
4989.956137  
5130.605731  
5066.009937  
5041.65098  
5039.663996  
5059.991283  
4976.773226  
5079.176916  
5032.870946  
4894.735855  
5028.869939  
5143.117133  
5083.164617  
5081.740755  
5129.519108  
4913.641322  
4945.881529  
5091.476227  
5138.437312  
5015.677578  
4951.46229  
5137.816831  
4965.489936  
5048.971731  
5014.519325  
5149.409902  
5082.746016  
5130.756272  
5135.189801  
5053.887755  
5077.940945  
5098.16576  
5042.567195  
5047.878003  
5055.196551  
5076.831117  
5041.945005  
5002.8163  
5040.609037  
5066.747026  
5015.143929  
5022.850662  
5062.400674  
5069.066711  
4968.813402  
5065.198959  
5053.381314  
5063.435926  
5044.032907  
5034.294006  
5132.462546  
4999.315115  
4969.983307  
4990.008393  
4927.458077  
5060.626677  
5026.290813  
5001.399654  
5103.031657  
5004.043528  
5122.813326  
5123.645507  
5130.974922  
5036.128617  
4924.960054  
5050.991416  
4944.644358  
5027.587799  
5041.258211  
5027.474231  
4885.389538  
5096.714783  
5145.486907  
5066.755781  
5071.404548  
5094.865884  
4995.03493  
5057.401572  
5019.244217  
4970.587418  
5008.482861  
5080.861307  
5142.696458  
5119.25961  
5035.202141  
5001.630955  
5101.210898  
5074.394808  
5048.984147  
5083.746735  
5018.167793  
5032.38593  
5011.470902  
5275.094093  
5108.786185  
5132.046077  
5042.663604  
5112.086324  
5111.606616  
5054.616204  
5099.00012  
4978.120075  
5150.916649  
5074.548456  
5052.710365  
4996.324762  
5082.490126  
5041.427784  
5095.350885  
5059.087051  
5012.842067  
5088.502111  
5145.27972  
5175.898559  
5033.359071  
5063.457185  
5176.032231  
5192.348768  
5191.018202  
5102.955131  
5130.749373  
4893.553765  
5233.738639  
5068.070964  
5234.690931  
5051.741724  
4929.184285  
5011.259917  
5028.724468  
5058.92643  
5027.108683  
4995.630603  
5142.088717  
5044.581447  
5086.320956  
4963.065054  
5090.784617  
5101.294181  
5014.064434  
4947.418428  
5016.890321  
5110.368552  
5106.979099  
5004.305465  
5079.810521  
5068.550117  
4966.13684  
5151.249012  
5189.281078  
5001.817213  
4986.667969  
5112.379453  
5045.171638  
5147.20564  
5051.770801  
5045.745005  
4992.862655  
5172.535361  
5091.836972  
5097.112873  
5026.103149  
5083.103885  
5075.768946  
5137.915557  
5067.840235  
5101.314529  
4899.740227  
5061.397584  
5195.970258  
5123.192132  
4973.76287  
5107.314665  
5096.348266  
5078.652033  
4930.765728  
5047.435389  
5107.122056  
5014.054651  
4973.402132  
5075.239678  
5082.328874  
5169.52707  
5079.479206  
4989.81805  
