5516.619279  
5350.981314  
4997.84201  
5376.377653  
5362.23939  
5287.336357  
5260.896289  
5487.827508  
5444.422716  
5073.389404  
5336.527421  
5139.679767  
5310.101097  
5294.538711  
5322.221861  
5313.270663  
5266.479796  
5287.530791  
5290.014566  
5193.618398  
5326.253694  
5211.150179  
5289.496536  
5319.81436  
5518.696729  
5363.469645  
5398.78947  
5251.147944  
5444.475671  
5312.095857  
5458.557541  
5284.662048  
5465.536008  
5478.477579  
5239.316568  
5350.179744  
5292.531689  
5323.262828  
5249.843974  
5310.956232  
5403.774403  
5264.49309  
5525.570139  
5500.346185  
5326.211268  
5283.406068  
5500.471501  
5455.346726  
5274.051142  
5373.980806  
5266.169483  
5385.114735  
5097.576385  
5295.686125  
5278.646456  
5279.926834  
5316.06243  
5283.235356  
5304.748621  
5299.335932  
5263.477566  
5281.50404  
5303.224966  
5248.25412  
5370.753369  
5290.687437  
5547.196115  
5472.632003  
5332.458104  
5372.600111  
5516.460346  
5561.253339  
5297.041911  
5499.093119  
5417.548302  
5309.654029  
5313.485172  
5378.864708  
5408.08788  
5363.507784  
5586.105654  
5561.567403  
5302.914902  
5369.386223  
5331.489426  
5416.297727  
5540.478364  
5546.839191  
5294.445162  
5388.097519  
5322.046797  
5652.315075  
5498.998923  
5414.25143  
5353.294685  
5534.702932  
5517.861088  
5312.624641  
5345.28207  
5310.82906  
5380.663427  
5372.975559  
5325.19154  
5330.170052  
5325.636785  
5356.697724  
5306.633949  
5304.912525  
5363.913258  
5295.177576  
5300.84276  
5403.6629  
5418.1402  
5349.146917  
5294.008554  
5333.957804  
5373.190084  
5295.647139  
5538.647776  
5292.227132  
5521.408673  
5357.693739  
5473.206374  
5430.400404  
5242.54813  
5353.264716  
5303.631761  
5316.725721  
5391.502464  
5351.552287  
5264.219113  
5284.668985  
5470.624856  
5226.339921  
5391.675342  
5304.476602  
5302.040003  
5278.943839  
5316.584804  
5331.97119  
5452.352944  
5381.533921  
5361.657276  
5307.846188  
5336.284329  
5436.614116  
5304.963055  
5289.401146  
5229.73233  
5124.29887  
5382.857892  
5332.03558  
5300.459031  
5261.287997  
5332.547629  
5351.232708  
5240.0523  
5333.829667  
5277.53189  
5446.181866  
5512.194413  
5258.988958  
5414.783987  
5165.869266  
5486.250946  
5435.886171  
5208.721577  
5320.922944  
5284.577248  
5333.469719  
5394.250721  
5165.75469  
5358.340998  
5327.420635  
5505.084361  
5496.523625  
5291.280695  
5216.906837  
5582.316613  
5551.265982  
5211.836209  
5354.383912  
5317.946063  
5352.994911  
5351.256383  
5469.248367  
5485.053371  
5347.754048  
5537.062099  
5420.464363  
5464.124216  
5599.971834  
5376.376034  
5362.068045  
5304.329856  
5565.725223  
5501.781968  
5390.482963  
5517.155238  
5474.976244  
5343.561636  
5361.56588  
5343.442686  
5540.227768  
5425.039562  
5345.992541  
5315.694594  
5226.64391  
5157.205404  
5296.003613  
5597.23974  
5538.062816  
5331.910103  
5355.204582  
5346.57131  
5224.365055  
5401.105612  
5433.045843  
5483.565395  
5349.967312  
5483.365252  
5333.290098  
5359.147638  
5430.325326  
5195.077173  
5352.754616  
5473.94732  
5511.666764  
5227.749795  
5359.588503  
5327.348974  
5437.075411  
5388.115322  
5366.796961  
5278.595683  
5354.830355  
5278.623192  
