7572.584427  
7392.582351  
7212.464162  
7320.516826  
7010.781536  
7148.357221  
7156.754499  
7158.56224  
7017.38178  
6917.231749  
6745.777112  
6864.753273  
7079.49657  
6953.931202  
6875.266272  
7172.207668  
7188.861619  
7381.978676  
7399.339505  
7379.453926  
6810.150411  
6478.352047  
7322.917014  
7226.851617  
7405.826151  
7412.060146  
7019.471232  
7215.84223  
7218.980981  
7191.07866  
7047.675811  
7060.386551  
7400.539813  
7407.746305  
7179.604131  
6958.777147  
7116.836635  
7114.730656  
6868.489906  
6690.884488  
7026.449995  
7371.455002  
7083.771245  
7033.321718  
7011.921092  
7459.454738  
7010.629013  
7466.051305  
6903.030782  
5260.58275  
7652.689606  
6748.256566  
7280.5401  
7100.790761  
7479.750766  
6991.852788  
7065.433598  
7312.401991  
7118.160837  
7462.040685  
7326.977226  
7398.502036  
7300.417359  
7449.82  
7061.055544  
6980.45094  
5504.649831  
4988.310448  
5823.192674  
7004.407845  
6842.706226  
6634.05474  
7304.346369  
6531.854488  
6636.163492  
6797.012144  
6684.36156  
6979.715436  
6874.618521  
6786.736941  
7160.947289  
7110.883876  
7149.546096  
7153.528781  
7260.187712  
7088.287627  
7028.317994  
7100.04007  
6900.948557  
7026.48662  
7131.336295  
7445.36832  
7546.882233  
6903.550068  
7284.04475  
7493.999575  
7459.145843  
7425.662579  
7122.489023  
7181.825311  
7013.438743  
7772.123228  
6792.728074  
6694.354658  
7662.910484  
6494.659552  
8112.341645  
6998.379035  
7080.612543  
6879.346771  
7011.857465  
7266.522874  
7232.671448  
6742.987835  
5387.384612  
6350.95289  
6220.459144  
6804.304312  
6768.568792  
6841.889026  
6820.943518  
6979.352216  
6698.988863  
6532.144691  
7019.107901  
7116.802865  
6858.612444  
7330.597704  
6820.096457  
7237.720292  
7184.453528  
7333.540001  
6798.002243  
6563.346825  
6488.2693  
8265.9378  
7003.000799  
6960.432215  
6655.19867  
6984.03796  
7175.705071  
6691.595011  
7392.891434  
6583.417947  
7681.321069  
7169.262201  
7355.037168  
7251.087429  
7320.729848  
7080.860364  
7442.190898  
7178.560609  
7162.598634  
6932.556686  
7072.401444  
6909.733499  
7252.909407  
6790.179557  
7327.346522  
7041.765975  
7287.464842  
6907.366865  
7624.702983  
7007.916735  
7515.533982  
6996.505072  
7975.384005  
6797.440818  
6247.829597  
5805.631272  
6127.458303  
6920.595277  
6579.808163  
6972.847928  
6925.545266  
7113.340059  
7138.466237  
5963.082044  
5891.731666  
7164.72191  
6595.480871  
6915.2961  
7169.617042  
6772.11738  
7470.604681  
7193.004353  
6324.309142  
7098.984449  
6214.745218  
6891.133211  
6731.745052  
6869.581876  
6519.085993  
6338.175489  
6689.019766  
6844.931857  
6793.825175  
6376.677037  
6748.272134  
7313.026675  
7883.597919  
6885.808661  
7014.70512  
7103.808462  
7041.89845  
7218.535169  
7268.404872  
7347.421277  
7142.190689  
7197.233125  
6986.067533  
7299.841215  
7398.583436  
6944.10923  
6006.573686  
8155.403343  
7250.43299  
6418.229839  
8017.466646  
6859.763333  
7333.039313  
4760.041707  
6709.724401  
6093.403472  
6530.346421  
5490.435273  
5991.158083  
5576.138738  
5362.504562  
5528.022972  
6106.954472  
6137.689873  
6342.671701  
6787.047736  
6402.547806  
6741.919756  
6478.437152  
6782.856865  
6832.697377  
6612.805578  
6349.083802  
6411.642777  
6493.859586  
5556.397062  
4963.160408  
4769.233312  
5168.457158  
5159.657431  
4820.974678  
4488.41822  
5203.575698  
5288.535911  
6163.751669  
6172.179993  
6215.392489  
6924.316662  
6800.717971  
7192.410617  
6806.712022  
6923.013174  
7864.492378  
7723.104863  
5852.51672  
8317.657876  
7042.12533  
7890.737015  
7330.048737  
7342.211984  
7209.923867  
7561.39474  
7347.122817  
7451.210792  
7396.670369  
7520.167496  
7474.494976  
7376.58246  
6870.278694  
7444.855985  
7402.111729  
7057.409826  
7463.380484  
7264.004965  
7343.740547  
7563.560255  
7143.440685  
7398.454558  
7477.603781  
7566.280848  
7521.975681  
7565.445692  
7481.799097  
7321.812007  
7227.823911  
