7754.161876  
7325.2957  
7434.205775  
7390.639975  
7206.241572  
7507.562341  
7273.772447  
7245.045874  
7356.085527  
7103.885303  
7065.188573  
7043.64893  
7184.018471  
7368.630251  
7411.985173  
7586.273577  
7307.844572  
7651.176508  
7572.089292  
7617.248079  
7217.839389  
6765.393646  
7318.917629  
7043.672214  
7477.444046  
7610.825966  
7261.618142  
7588.591352  
7333.041737  
7247.988534  
7185.435134  
7431.969203  
7697.381539  
7544.708514  
7437.306781  
7136.378116  
7216.133488  
7339.998847  
7042.833905  
7011.526439  
7374.829284  
7591.089265  
7238.579838  
7264.856517  
7341.564017  
7567.864112  
7377.56279  
7424.11031  
7373.514047  
6108.18586  
7652.609841  
7122.361597  
7605.87154  
7302.662828  
7480.600276  
7384.16323  
7418.206889  
7344.112691  
7460.653439  
7534.167337  
7552.453742  
7832.647604  
7689.70454  
7791.013418  
7522.909439  
7135.174034  
5999.885263  
5726.313787  
6149.369038  
7083.918511  
7414.468539  
7096.904691  
7285.347046  
6986.151929  
6725.712391  
7164.178788  
6983.831223  
7293.158983  
7120.033443  
7266.301278  
7322.966775  
7467.8263  
7514.816871  
7553.80511  
7207.793226  
7317.10396  
7413.247072  
7365.827411  
7212.894613  
7481.169682  
7578.353136  
7455.523192  
7615.239626  
7201.382674  
7364.505049  
7869.877165  
7802.020315  
7647.179285  
7370.071495  
7779.015213  
7516.383385  
8095.037072  
7279.409256  
7286.848187  
8941.302596  
7377.747989  
9004.072001  
7478.146895  
7948.983257  
7422.472649  
7563.669911  
7741.419814  
7762.547443  
6625.914331  
4679.70252  
6302.821975  
6625.097553  
7054.906676  
7117.271004  
6962.587775  
7320.274369  
7393.067295  
7014.469103  
7304.048472  
7718.956222  
7770.819651  
8137.640506  
8232.532668  
7395.711702  
7800.780373  
7297.291342  
7979.305591  
6871.607153  
6998.01387  
6855.862449  
8959.551331  
8400.643485  
7222.835039  
7248.050083  
7412.74854  
7578.853889  
7335.41329  
7675.591517  
7414.715437  
8230.644835  
7757.582931  
7764.422434  
7529.626663  
7807.889788  
7701.692336  
7785.181575  
7607.678996  
7745.198941  
7322.816609  
7449.683456  
7286.114316  
7411.641764  
7033.312495  
7554.720712  
7575.998938  
8165.682372  
7885.874646  
8424.581791  
7841.594566  
8116.171845  
7683.422161  
8509.658297  
7600.822151  
6311.259136  
7047.895615  
6334.177327  
6238.044253  
6466.549996  
6979.512565  
7238.540351  
7081.642642  
6429.970196  
5868.237098  
5500.632944  
6787.38687  
6764.37177  
7479.46211  
7223.827642  
7859.874635  
8079.192806  
8158.832444  
6612.954436  
8063.271274  
7116.501017  
7389.07227  
7226.045706  
7032.058732  
6642.089654  
6426.656555  
6786.423336  
6815.807928  
7017.560627  
7062.778323  
7634.537659  
7721.32452  
8317.478645  
7576.531203  
7728.425912  
7325.95572  
7385.496775  
7355.478999  
7541.037302  
7725.69298  
7432.52063  
7508.474603  
7654.036245  
7729.397215  
7453.161512  
7736.631687  
7041.588671  
9437.399931  
6984.136506  
7294.511984  
8813.377083  
7048.344498  
7910.291317  
4775.198737  
6419.547013  
4896.835407  
6020.629726  
4841.412054  
4845.57059  
5038.447647  
5340.443296  
5421.363619  
5725.569918  
5984.303189  
6332.668738  
6866.971179  
6657.886153  
7145.725932  
6951.146157  
7315.842369  
7363.428139  
5462.684925  
5394.703188  
5881.864261  
5901.144375  
5859.347443  
6185.953788  
5630.90595  
5527.144752  
5368.523529  
5155.712962  
5221.565084  
5688.671825  
5695.968998  
6533.6128  
6315.903921  
6213.780486  
7231.51311  
6971.631895  
7087.158159  
7719.483434  
7420.685557  
9001.409401  
8534.506678  
6632.312644  
8490.688381  
7600.660921  
8109.308567  
7680.735106  
7627.991403  
7774.680182  
8382.934632  
7814.577619  
8234.635612  
7922.131664  
7999.078865  
7857.311836  
7751.57441  
7745.886688  
8136.985929  
7856.940454  
7734.490031  
7860.576893  
7945.906361  
7980.770581  
8119.193845  
7727.00135  
8103.212682  
8066.015322  
8260.402566  
8020.315438  
8246.513151  
8023.375415  
7773.565373  
7366.723386  
