6392.185464  
6325.411199  
6265.872535  
6189.071771  
6165.472771  
6280.753738  
6242.609561  
6272.123255  
6309.154502  
6213.309347  
6240.960552  
6215.160327  
6209.283877  
6236.245642  
6278.159919  
6216.925141  
6216.63859  
6239.092292  
6243.808228  
6124.909008  
6165.261264  
6162.589933  
6027.586045  
6155.786236  
6112.951136  
6040.406905  
6029.56312  
5965.15213  
6116.298132  
6074.325789  
6039.799792  
6054.923086  
6126.732728  
6115.55588  
6093.970498  
6141.755805  
6097.467564  
6088.974627  
6153.544337  
6032.288436  
6043.981001  
6034.869631  
6060.934235  
6085.265318  
6122.299115  
6100.440543  
6094.640527  
6046.197832  
6126.046239  
6077.88154  
6131.211553  
6110.648389  
6089.326045  
6135.188784  
6154.461947  
6094.671337  
6227.134437  
6135.304022  
6220.87562  
6152.638635  
6201.823166  
6197.381715  
6123.948642  
6099.958464  
6148.21055  
6162.948195  
6077.424988  
6073.999779  
6246.266126  
6128.366275  
6087.141914  
6047.37469  
6012.575996  
6064.523117  
6028.269133  
6072.689784  
6041.899836  
6086.40934  
6036.751368  
5911.543355  
6088.81995  
6030.090263  
6077.428355  
6174.800729  
6117.29381  
6053.65859  
6082.493731  
6113.318736  
6047.00211  
6097.31009  
6055.613025  
6175.564786  
6050.200155  
6423.7897  
6335.536705  
6292.756805  
6277.762759  
6105.179652  
6227.316509  
6167.418258  
6149.986644  
6088.353291  
6121.721187  
6089.271968  
6135.247578  
6110.581149  
6168.941221  
5958.043443  
6079.591484  
5967.407162  
6020.707479  
6010.129853  
5987.562546  
5987.260532  
5989.592745  
5983.844586  
6107.269728  
6215.435036  
6122.383053  
6141.949975  
6156.033723  
6265.689784  
6071.600253  
6204.113263  
6112.357382  
6107.471724  
6101.207128  
6168.070948  
6046.604206  
6063.745923  
6042.688909  
6143.3191  
6205.414874  
6088.372747  
6133.623455  
6103.474537  
6080.761165  
6053.745613  
6034.159874  
6084.317778  
6099.006031  
6109.855324  
5951.852772  
6228.985205  
6180.001726  
6066.315503  
6164.340279  
6110.008853  
6037.954753  
6006.650378  
5985.081766  
5996.505397  
5997.891481  
5998.042938  
6064.37375  
6147.447124  
5989.109364  
6122.472914  
6063.872454  
6045.841891  
6033.352498  
6119.425296  
6006.539369  
6081.815489  
6052.533172  
6087.93064  
6037.128801  
6115.297079  
6161.533529  
5979.059618  
6041.073413  
6031.497402  
6077.468768  
5960.344975  
5941.194964  
6049.544388  
6069.030147  
5983.479435  
6071.742838  
6079.4723  
6067.800948  
5992.300396  
6029.84581  
6025.483622  
6011.831192  
5957.519387  
5982.756137  
6030.323231  
5987.820223  
6017.288534  
5990.926781  
6223.346  
6152.045636  
6185.621039  
6121.866866  
6076.04465  
6072.948632  
6033.266248  
6054.131789  
6085.846955  
6062.383385  
6079.399574  
6081.896923  
6059.023385  
6082.805291  
6145.402208  
6136.421597  
6014.459117  
6050.783324  
6030.688077  
6053.619158  
6066.920027  
6011.229308  
6041.89369  
6194.810658  
5970.72074  
6140.973462  
6097.855191  
6016.773948  
6018.039211  
6022.019408  
6007.394118  
5984.69523  
5990.88295  
6052.463082  
6026.444658  
5968.524855  
5971.440718  
5998.847365  
6074.724341  
6093.302571  
6019.324345  
6036.533492  
6032.954129  
6125.187453  
6002.778583  
6038.937845  
6018.711549  
5972.99752  
5986.647145  
6018.532792  
6017.65732  
6009.00892  
6048.283578  
6069.033175  
6019.571597  
6038.88548  
5999.365728  
5998.580691  
6019.917329  
6010.588762  
5967.793485  
6036.244917  
5999.216027  
6019.258694  
6122.208947  
6143.632944  
5991.554514  
6106.743436  
6297.643751  
6194.944327  
6148.083793  
6105.633204  
6054.708433  
6117.950342  
6003.760014  
6106.315288  
6139.698195  
6084.954882  
6127.726917  
5993.1885  
6044.405051  
5972.292505  
6041.813686  
5977.503712  
6064.131243  
6005.147802  
6105.312177  
6163.941069  
6050.98935  
6126.481107  
6220.919055  
6138.525394  
6157.257212  
6069.74666  
5987.624115  
6059.934777  
6158.993439  
5996.136967  
6151.946398  
6002.651419  
5914.360719  
5990.863665  
