2.042371372  
2.263138225  
2.157244084  
1.825263586  
1.762140923  
2.07268525  
2.359064307  
2.210498893  
2.390285633  
1.695700086  
2.012425046  
1.58818958  
1.768713644  
2.131811336  
2.442986758  
1.377716417  
1.628112995  
1.939814563  
2.018328988  
1.523337787  
1.9694354  
0.2770955155  
0.3392119263  
1.375810853  
1.987900211  
0.2401927872  
0.2025320044  
-0.3424594816  
1.273964872  
0.9607484318  
-0.08065003852  
0.3113912261  
1.167158295  
0.5480604323  
0.5594650166  
1.065736762  
0.2473269469  
0.1428406038  
0.5687653994  
0.7083968224  
0.3030648461  
-0.0790258214  
0.1624866555  
0.3409282183  
0.4503545962  
0.222352541  
0.05546401793  
-0.2642397021  
0.936374513  
0.09129389343  
1.013824868  
0.2495814375  
-0.1065589716  
0.2534380977  
1.947397787  
0.8998380171  
0.6770220104  
0.9034349937  
0.8924587165  
1.254844874  
1.192930373  
1.354110598  
0.6750162918  
0.3813396273  
0.8611696777  
0.961407208  
0.8663752772  
0.965172904  
1.184065245  
0.9646774696  
0.4576346433  
0.5050435787  
0.110896485  
0.1504069529  
0.5417850961  
0.8793754393  
0.247808226  
0.6857459099  
0.6204022316  
-0.006693867483  
1.34668032  
0.7321193665  
0.6548975773  
1.345530538  
0.5436554441  
0.335795095  
-0.01588311325  
0.445929934  
-0.3561989018  
0.8108849314  
-0.07990360133  
1.917565078  
-0.4736570426  
2.744541064  
2.322053434  
0.9473359803  
1.508001476  
0.8677123928  
1.666909579  
1.421372351  
0.4103354161  
-0.01354723443  
0.04266925114  
0.2466420987  
0.2202079576  
-0.3318988993  
0.07780282451  
0.2536158166  
-0.8356175964  
-1.571491652  
-1.560294137  
-0.7842669361  
-1.712111341  
-1.667352559  
-1.773635149  
-1.735425379  
-0.5892113988  
1.22138682  
0.126659467  
-0.0747628012  
0.2635842249  
0.7914890822  
-0.3578902629  
1.857082388  
-0.211188314  
-0.3079333596  
-0.3705683887  
-0.3144099882  
0.3595928117  
-0.02707641037  
-0.6857009461  
0.6074595131  
0.3928180507  
-0.1204807977  
-0.3314838787  
-0.6648828121  
-1.1313878  
-1.127594822  
-1.627675477  
-1.298072343  
-1.6897795  
-1.210632769  
0.05303104988  
1.276527863  
0.9472901046  
-0.1740646109  
1.187574976  
-0.3173297377  
-0.5892771174  
-0.5556209909  
-1.239165513  
-1.155968335  
-1.364259372  
-0.476133792  
0.04123742556  
0.3267809648  
-1.277882916  
0.5829214992  
-1.051943494  
-0.7526203067  
-1.51388719  
-0.1883126908  
-0.7879718065  
-0.5130051652  
-0.3116936285  
-1.291332503  
-0.6213157442  
-1.168571513  
-0.3824413849  
-1.264244098  
-1.136865189  
-1.325291785  
-1.133137886  
-0.3313198985  
-0.840816671  
-0.7263351336  
-0.6335084006  
-0.7643712035  
-0.9865446272  
0.01478733692  
-0.5629092918  
-1.042947213  
-1.511433612  
-0.9504460931  
-1.466816252  
-0.948454415  
-0.7630485999  
-1.12014496  
-1.409385691  
-1.315668266  
-1.795564543  
1.420828574  
1.071518884  
1.343722289  
-0.1925672259  
0.6896363004  
-0.2725728776  
-0.4790432585  
-0.1905140342  
-0.3843404511  
-0.3781144184  
-0.7664658032  
-0.551684207  
-0.8870198641  
-0.4601703986  
-0.5984323822  
-0.2055268771  
-0.7808548202  
-0.7112206533  
-0.7401468897  
-0.610914072  
-0.3686133016  
-0.335471948  
-0.6244168009  
-0.1181381082  
-1.402200525  
-0.7678220145  
0.1261827088  
-0.9488757641  
-1.249085137  
-1.490022616  
-1.148082837  
-0.4210020254  
-1.234388976  
-1.12119005  
-0.9356088214  
-1.639072274  
-1.14191848  
-0.1667741837  
-0.3002665652  
-0.4588237384  
-0.8799053907  
0.2206054353  
-0.8156771335  
-0.4106846336  
-1.245589141  
-0.527489119  
-0.04923110623  
-1.104831841  
0.8000944653  
-0.3169335561  
-0.6394076308  
-1.034264879  
-0.646640621  
-0.65103345  
-1.030224033  
-0.2585865748  
-0.993245941  
-1.402770858  
-0.3293062999  
-1.072139547  
-1.646235157  
-0.4949396793  
-0.602260427  
-0.3220742728  
-0.3619160875  
-0.01414232221  
0.4094227873  
0.3585449554  
1.182290211  
0.3726622538  
0.3521739494  
-0.2847071171  
-0.9659749426  
0.5121911683  
-1.068573664  
0.129779756  
-0.3762513221  
-0.2407081082  
-0.4497907139  
-1.119851153  
-1.248328545  
-0.3270165614  
-0.3584178699  
-0.9572482225  
-0.7665807872  
-0.9161319715  
0.09887064928  
0.1160863366  
-1.293779658  
0.4762626711  
0.4635722517  
-0.2018217958  
-0.4181512124  
-0.2291330612  
-0.5062843128  
-0.03200878362  
0.41024846  
-0.8230133192  
-0.7946541629  
-0.2343851849  
-0.05399738833  
-0.5911648119  
