6243.480941  
6245.060982  
6182.306856  
6101.52259  
6090.445268  
6197.512639  
6205.101128  
6190.574621  
6219.079786  
6114.676278  
6173.62527  
6134.72775  
6116.556029  
6184.992507  
6230.896442  
6039.449377  
6098.439275  
6158.138914  
6183.599614  
6075.728486  
6105.349935  
5911.440405  
5844.329856  
6016.004451  
6012.354049  
5813.703438  
5838.211433  
5722.901472  
5998.078395  
5949.23641  
5808.705232  
5876.06615  
5977.81728  
5934.073987  
5923.400587  
6044.939699  
5877.722652  
5834.171539  
5922.548581  
5928.045742  
5886.718431  
5829.615625  
5838.152133  
5850.27029  
5911.58407  
5880.067412  
5883.459715  
5799.044303  
5968.561299  
5860.970167  
5974.722696  
5894.860072  
5861.395763  
5877.895144  
6075.54808  
5957.673152  
5941.341161  
6003.912631  
6004.061905  
6054.014699  
6053.826986  
6063.110133  
5970.850322  
5952.873586  
6058.449865  
6066.07419  
6008.742935  
5991.83687  
6056.506094  
6030.450443  
5938.268224  
5913.664475  
5848.049719  
5849.126956  
5891.80646  
5940.061354  
5862.004186  
5946.98327  
5906.201461  
5753.411748  
5990.332583  
5855.382817  
5917.567222  
6042.189102  
5923.827595  
5894.617983  
5866.165434  
5958.991072  
5787.618669  
5968.205074  
5891.3373  
6124.159481  
5802.676745  
6336.280377  
6272.03698  
6053.683969  
6089.240856  
6003.481497  
6104.034783  
6060.488315  
5958.213154  
5875.897739  
5895.957063  
5912.6302  
5859.877218  
5806.274333  
5860.820804  
5807.814515  
5765.235535  
5589.923589  
5635.291754  
5703.725064  
5611.088757  
5630.477512  
5638.994484  
5649.246225  
5780.99153  
6008.080911  
5924.450743  
5880.995046  
5930.028137  
6016.821422  
5843.552624  
6114.65027  
5877.77682  
5850.707757  
5847.407169  
5843.900065  
5895.277377  
5892.842246  
5809.772116  
5944.974409  
5964.905869  
5859.901646  
5870.920712  
5817.960215  
5768.626286  
5744.233836  
5678.91324  
5712.216505  
5701.033869  
5711.184954  
5686.148697  
6026.734477  
5952.158373  
5897.731676  
6044.776139  
5839.984389  
5778.222666  
5792.42916  
5688.879796  
5700.102374  
5666.151341  
5783.897345  
5912.498429  
5980.357203  
5639.872995  
5931.723975  
5730.149078  
5738.267648  
5616.627202  
5823.654627  
5717.174825  
5802.710786  
5832.622187  
5725.599909  
5787.427018  
5712.779553  
5810.716671  
5663.304766  
5722.733027  
5713.298498  
5759.408271  
5815.556994  
5736.832785  
5807.78344  
5791.382171  
5732.604321  
5744.700617  
5865.578637  
5797.061188  
5701.206258  
5658.766254  
5696.995781  
5687.505946  
5717.292602  
5743.540709  
5737.149514  
5683.547538  
5710.847236  
5654.443404  
6126.612859  
6132.823585  
6108.282901  
5844.767343  
6014.218143  
5838.104454  
5849.635408  
5848.06638  
5887.50947  
5875.631126  
5834.408636  
5863.286418  
5797.577935  
5860.862827  
5859.167494  
5882.109966  
5777.914583  
5805.061096  
5789.700316  
5828.743694  
5866.852054  
5813.967527  
5806.92868  
5910.765149  
5709.414251  
5816.681101  
5869.765532  
5801.121822  
5731.008468  
5718.484407  
5731.688287  
5784.947416  
5713.096586  
5725.293584  
5747.170837  
5648.741384  
5694.281647  
5797.387478  
5882.165008  
5846.527507  
5710.08859  
5858.936976  
5766.956037  
5850.236598  
5707.017466  
5803.44577  
5821.974099  
5695.037207  
5862.405959  
5800.508711  
5752.348038  
5709.874535  
5775.970077  
5813.512244  
5755.253986  
5813.461972  
5741.843621  
5677.536726  
5813.024649  
5700.907739  
5657.214358  
5787.739274  
5746.763417  
5807.326332  
5912.122258  
5905.270219  
5800.199723  
5928.245546  
6149.706874  
5978.363877  
5992.136543  
5853.030649  
5762.509541  
5932.70064  
5736.577106  
5886.235127  
5838.59965  
5901.037969  
5862.444312  
5733.81422  
5729.149616  
5798.285607  
5825.057411  
5745.202665  
5816.082713  
5763.723741  
5946.10886  
5940.418121  
5763.721113  
5979.690651  
5999.399001  
5907.578217  
5875.961008  
5847.225281  
5776.263365  
5901.173925  
5910.904481  
5787.205691  
5824.606575  
5782.44737  
5815.537523  
5720.531884  
