0.8597926211  
0.2770866651  
0.8387271669  
1.203836591  
0.2970506671  
0.5371478056  
0.8344969295  
0.1585746023  
0.970205351  
0.2003566233  
0.3866051554  
1.250624356  
-0.07931472822  
2.224819549  
1.616052429  
0.4126050598  
0.3575703007  
0.4568882939  
0.7916822918  
0.570888853  
0.648810578  
0.8339891784  
1.068311191  
-0.1668024688  
1.841279566  
0.6783222912  
1.633958052  
1.80983513  
0.166352095  
0.6898772161  
0.2991171917  
1.731505802  
0.8233628306  
0.3356497292  
0.8652135865  
1.086331383  
1.575628513  
1.512813539  
0.2256256809  
1.436439505  
0.6986273077  
2.420005476  
1.958693379  
0.7743559624  
1.848494774  
1.206658571  
0.3380666713  
1.358504558  
0.6380514442  
0.1564615224  
0.9816217211  
0.43781114  
0.1926301142  
0.7116572236  
0.6974517221  
2.583716853  
3.498328714  
0.793146525  
0.03949181629  
0.1691169445  
-0.1025669963  
0.9717406411  
0.9582004097  
-1.438851925  
-0.1786424713  
-1.085211929  
0.7951135562  
0.1961276007  
-0.09140281898  
-0.1205750604  
0.4062552581  
-0.2331973455  
0.05338865373  
-0.7918295289  
-0.5465736925  
-1.244937303  
-1.171695671  
-0.8952927728  
-1.041659894  
-1.283908122  
-0.62792318  
-1.44184116  
-0.6736780646  
-0.9048651444  
-0.7344011762  
-1.19813555  
-0.4000417695  
-0.3164250289  
-0.791993559  
-1.486248598  
1.480404922  
0.6530093699  
-1.30094545  
-0.3797272457  
-0.2712239974  
-0.6020645812  
-1.094534269  
-0.6694770391  
-0.9872027418  
-1.167365508  
-0.895407873  
-0.6435069612  
-0.7718829491  
-0.7802689215  
-1.073129996  
-0.6825614999  
-0.9230931112  
-0.479802995  
0.2261038817  
-0.9845706943  
-0.2495572189  
-0.0004494826009  
-0.903608265  
-0.7091490054  
-0.7150478356  
-0.178469088  
-1.018928657  
-1.538356124  
-0.2631945879  
-0.876160873  
-0.5701132976  
-1.044687099  
-0.6475919944  
-0.9462516887  
0.4189820967  
0.0113814691  
-0.6199105218  
0.8394495509  
-0.8806862009  
2.059041799  
0.8448999527  
-0.8153839539  
0.6628214438  
-0.3903693645  
-0.4209790037  
-0.8479893762  
-0.1041569584  
-0.5038239727  
-0.3627944349  
0.0490721768  
0.1261565992  
-1.700434285  
1.460752853  
-0.08137209971  
-0.9349264354  
-0.1487026425  
-0.5329393107  
-0.1122945392  
-1.259464255  
-0.4105429978  
-0.9868444052  
-0.6241631832  
-0.1579055211  
-1.405592171  
1.538547153  
-0.0516508077  
-1.290227618  
-0.8487318223  
-0.9349103449  
-1.022704559  
-0.5561402395  
-1.068407426  
1.090773707  
0.7236388808  
-0.6795612945  
0.01317132449  
-1.060758425  
-0.08607349647  
-1.30449193  
0.7019372565  
-0.6040522572  
-0.395788027  
0.005559358351  
-0.1670115032  
-1.226506501  
1.583743646  
-0.01715970791  
-0.1208033452  
0.08810157302  
-0.30540442  
0.6398927789  
-0.8794203122  
0.165567511  
0.04422943544  
-0.1872053349  
-0.6196256183  
-0.4404248953  
0.1449455709  
-0.0398072839  
-0.0889411122  
-0.4334095398  
-0.2065351112  
-0.2910791144  
-0.2810584846  
0.3358678131  
-0.5864899483  
-0.5598629859  
-0.4781325073  
-0.3621232205  
-0.3073313736  
0.04056739561  
0.07426719813  
-0.1478412559  
-0.3089467127  
-0.3540673183  
-0.4395260387  
-0.7861631163  
-0.08546026319  
-0.8461696482  
0.1152534567  
0.1396921185  
-0.5146496619  
-0.557585178  
1.838096278  
3.345918777  
0.2683335767  
0.2114722458  
-0.6885875793  
0.08607434312  
-0.6335151089  
-0.02084955109  
-1.159039131  
-0.1919693712  
-0.3708509251  
-0.3765642467  
-1.136005807  
2.133324226  
0.6342328349  
-0.5928794162  
-1.519223979  
1.429440912  
0.8775460679  
-0.9590986547  
-0.2950490155  
-1.167526871  
-1.48178726  
1.434557243  
0.6629242428  
0.2184941365  
1.421837364  
-1.366833752  
1.603771366  
0.8972668995  
0.2860227685  
-0.3077626991  
-0.01641574854  
0.2127007102  
1.475507186  
-1.308558227  
0.2294904209  
-1.323649803  
1.131234177  
0.2497844538  
-1.303275719  
-0.7883335883  
-1.089194843  
-0.9174366845  
-1.051737226  
-0.9859946661  
-0.6949970918  
-0.6646714488  
-0.1604329741  
-1.271258482  
-0.7741153631  
-1.19988233  
-1.332622519  
-1.135250077  
-0.7075783365  
-1.296631641  
-0.4500630367  
-1.287811733  
1.133621025  
2.386068289  
5.861991498  
-0.03217992015  
-0.1921978937  
-0.05304636407  
2.596414553  
1.339139765  
-0.5809966777  
-0.3769289972  
0.008590976739  
0.3967583529  
-0.2864907056  
-0.3929096864  
-0.01590318073  
0.2041339953  
0.7502823982  
0.007368119465  
0.02026648196  
0.04496643574  
0.7800770698  
0.3712763222  
