6310.122203  
6121.6657  
6161.468242  
6325.12587  
6026.358383  
6202.546219  
6262.045925  
6078.727178  
6220.688441  
6094.780281  
6093.199722  
6221.99367  
6081.813235  
6329.250702  
6260.783746  
6168.351991  
6034.661847  
6193.969616  
6216.783259  
6129.706128  
6185.582266  
6244.120822  
6184.447966  
6077.095296  
6227.414197  
6125.93239  
6218.123615  
6259.354255  
6132.490513  
6088.14906  
6122.430063  
6336.051391  
6186.40817  
6132.513814  
6230.703032  
6277.158705  
6377.090728  
6317.859545  
6104.709912  
6305.369295  
6229.539234  
6412.769314  
6351.60706  
6227.933934  
6438.519175  
6290.009744  
6137.241082  
6312.876205  
6149.392924  
6062.163962  
6256.736946  
6119.630692  
6058.475343  
6128.755244  
6177.822365  
6503.339178  
6636.517422  
6089.742069  
6073.902253  
6052.616743  
6046.327338  
6077.384028  
6108.798703  
5785.090548  
5983.438807  
5896.390604  
6111.282007  
6090.442997  
6084.198845  
6063.259061  
6105.626715  
5975.350623  
6041.782394  
5880.790196  
5945.508558  
5823.557519  
5842.945743  
5846.525165  
5850.607106  
5813.125573  
5947.700655  
5800.864091  
5938.220518  
5910.526588  
5940.177594  
5821.408697  
6061.970789  
6178.518164  
5920.336556  
5825.566557  
6129.855307  
6063.347798  
5823.810578  
6016.883642  
6068.534213  
5920.72418  
5959.442482  
5892.351793  
5842.40211  
5783.411717  
5894.575822  
6005.464722  
5939.482609  
5892.307231  
5844.166974  
5890.673109  
5864.957431  
5959.645771  
6043.464275  
5863.854364  
5981.362217  
6015.202933  
5880.187234  
5970.655052  
5955.824371  
6006.087167  
5834.710124  
5764.271574  
5952.577632  
5904.369464  
5959.448757  
5969.786294  
5945.826101  
5959.816446  
6166.869833  
6086.458324  
5949.868637  
6219.040761  
6053.602354  
6422.966932  
6191.442969  
5921.368259  
6209.068913  
6182.465893  
5968.224464  
5932.694313  
5976.686109  
6046.946334  
6085.939505  
6194.688763  
6142.622776  
5758.069127  
6221.333356  
5994.755619  
5907.170973  
6084.340456  
6036.103749  
6097.901222  
5840.014655  
5953.717178  
5849.901938  
5916.563551  
5914.045887  
5833.843333  
6185.52101  
5925.534118  
5813.033834  
5871.332257  
5877.384629  
5894.759903  
5972.30321  
5841.236244  
6091.583311  
6046.164405  
6007.696125  
6067.575449  
5919.181722  
6001.00437  
5854.278402  
6253.771235  
5957.671295  
5977.411034  
6052.677993  
6034.475033  
5859.468964  
6199.257263  
5994.343786  
5978.701382  
6054.303365  
6002.346531  
6154.12196  
5942.402063  
6060.390356  
6130.786861  
5995.492252  
5946.839702  
5941.696081  
6109.531345  
6056.709448  
6023.161694  
6005.403522  
5996.484949  
5999.783617  
6000.846336  
6095.976341  
5960.354754  
5985.988761  
6063.814079  
6038.408075  
5989.30086  
6056.098273  
6139.161856  
6078.339505  
6013.989514  
6028.112293  
5954.484789  
5933.027729  
6005.018942  
5927.459446  
6108.622364  
6086.107183  
5985.260572  
5958.819444  
6393.484782  
6503.845552  
5932.024213  
6188.971221  
5976.587032  
6066.131215  
6024.620199  
6038.131345  
5872.205432  
5985.442811  
6006.988038  
5947.028659  
5961.268917  
6319.397784  
6072.732484  
5913.140747  
5814.919602  
6137.505098  
6047.11965  
5889.32412  
5973.950264  
5860.594822  
5816.089042  
6167.210784  
6019.29001  
5974.125178  
6146.527671  
5910.294087  
6327.743414  
6272.838123  
6325.691266  
6100.825085  
6148.546804  
6086.849549  
6316.182544  
5946.591621  
6116.647269  
5920.74589  
6166.155776  
6032.440417  
5833.118557  
5896.119911  
5883.361169  
5854.413596  
5846.306376  
5853.365325  
5866.488195  
5910.228453  
5965.104459  
5841.893063  
5907.029621  
5853.040419  
5788.777531  
5866.4385  
5904.677672  
5896.767108  
5938.795548  
5941.32439  
6192.673748  
6525.572539  
7695.676491  
6101.769823  
6130.360899  
6116.563075  
6467.479632  
6321.597645  
6029.751966  
6009.279444  
6095.406491  
6195.181939  
6144.078109  
5990.172935  
6122.954191  
6083.248264  
6209.381965  
6063.491952  
6110.033865  
6209.410734  
6320.000094  
6223.244135  
