1.325170918  
0.2628317302  
0.9952588822  
2.831734344  
1.975064033  
2.426108072  
1.358387243  
1.100357195  
0.8443210744  
0.6063188964  
0.3565185154  
1.981412313  
0.6840897388  
0.6559813593  
1.253761106  
1.416411478  
-0.1161673671  
1.194543989  
1.024469682  
1.145874838  
0.9879777142  
1.495163833  
0.5101413869  
2.194990212  
0.1491892638  
0.6706349187  
0.3105677219  
1.132455439  
1.582342974  
0.3539095561  
1.329527779  
1.831780562  
0.996205776  
1.118438305  
1.585440063  
2.800739819  
1.741991798  
1.398848533  
0.7223156434  
1.27774589  
1.857814648  
1.025298538  
1.492034852  
1.5804827  
2.294845615  
1.779669257  
0.5664865521  
1.122464323  
0.849748211  
0.3420829698  
2.186760678  
0.623134512  
0.2168471234  
0.7934178247  
0.9497768211  
1.655387629  
2.305451308  
-0.7327919344  
0.2635832984  
-0.06551601243  
1.538369542  
-0.9383115844  
0.6337279902  
-0.9277730392  
-0.2407928161  
-0.8836312256  
-0.7750354643  
-0.4608055465  
0.3211530301  
-0.0811603009  
0.0246714977  
-0.3522384838  
-0.6076812378  
-0.8372386498  
-0.9726827428  
-1.208239899  
-0.7071694051  
-0.7250643292  
-0.8483129682  
-1.139627945  
-0.04721024898  
-1.291943748  
-0.7471281095  
-0.7530070915  
-0.8403253947  
-1.335694778  
-0.09307219913  
2.178932347  
-1.182889117  
-1.337479292  
-0.949640787  
-0.5370532926  
-0.9721858508  
-0.158778725  
0.3296239559  
-0.9444080553  
-0.2509187272  
-1.571787148  
-0.7422869981  
-1.726408777  
-0.4566258268  
-0.2699632632  
-0.7002713119  
-0.7104982543  
-1.161932549  
-1.339192529  
-0.7623254631  
-0.7729027912  
-0.2076362477  
-0.5379256827  
-0.4612593246  
-0.06825232921  
-0.9072386416  
-0.8509953694  
0.01707731161  
-0.667296904  
-1.253344613  
-1.541693801  
-0.2573792745  
-0.7423360131  
-0.4914628378  
-0.3131242225  
-0.937154538  
-0.7059820596  
0.1135791109  
0.3122096451  
-0.3121058927  
0.4325914065  
0.4874306822  
1.92891685  
-0.440613535  
-0.019325825  
0.01654673923  
1.496672695  
-1.284662899  
0.1176407944  
-0.5936137024  
-0.2742180335  
0.332926117  
1.825212133  
-0.3740416018  
-1.322878557  
-0.9666941912  
-0.821782953  
-0.8768346583  
0.2682649377  
0.9328921747  
0.6274289894  
-1.050339497  
-0.4891053215  
-0.9861940074  
-1.406146101  
-1.228648794  
-1.218004168  
-0.694016  
-1.44477943  
-0.3689995137  
0.8879397528  
-1.078507549  
-0.4537769576  
-0.4984684165  
-1.155658961  
-0.649926467  
-0.9397750235  
-0.2047522207  
-0.4381969785  
-0.3869806999  
-0.8269631381  
-0.7348397746  
0.01287249058  
-0.4770283431  
-0.4436391489  
-0.1198688322  
-0.2446253578  
-1.101193311  
-0.5755568068  
-0.9370410626  
-0.8972866802  
-0.4780644639  
-0.6311273166  
0.1717931455  
-0.8068973941  
-0.4721787071  
1.965796302  
-0.5365035331  
-0.4591766723  
-0.9808628585  
1.500981316  
-0.2980139484  
-0.0770386917  
-0.02014131057  
-0.7099238628  
-0.4984901066  
-0.8964187749  
0.2377090647  
-0.7794875291  
-0.4317524077  
-0.2395009148  
-0.7318355345  
-0.4203385949  
-0.2182046756  
0.5270540671  
-0.5557693348  
-0.07369324206  
-0.5196065235  
-0.8187881839  
-0.9848577501  
-0.6804848615  
-0.7475920547  
0.4583199167  
-0.2860680466  
-0.6141279078  
-0.5817341948  
1.267664063  
1.325383316  
-0.4936745064  
0.3794101386  
-0.541036171  
0.0001911546484  
1.363732122  
-0.3806944109  
-0.5495078887  
-0.9183948823  
0.1719549405  
-0.9651244212  
-0.3394528728  
0.09171870408  
-1.055739195  
-0.6908676378  
-0.8130532162  
-0.6210396569  
-0.7496546649  
-0.02649705343  
-0.6024611154  
-0.8258588964  
-1.036938796  
-0.6376418814  
-0.8581972614  
-0.7187612492  
-0.5890168494  
-0.00881288143  
0.2021394648  
0.656667593  
2.102547124  
-0.4740142581  
0.7766842604  
-0.7757960005  
0.9343685117  
-0.2456418595  
-0.0957314969  
-0.3056062735  
-0.9067016937  
-0.3419168721  
-0.8059493505  
-0.6797829316  
-0.1867753774  
-1.051680799  
-0.8752038453  
-1.066400081  
-1.008303278  
-0.7205033447  
-0.9210937166  
-0.6444690965  
-0.8517240546  
-0.966506952  
-1.218688111  
-1.149566669  
-0.8022894568  
-0.6693374332  
-1.129605129  
-0.1010462312  
1.398761643  
2.061927933  
4.135368186  
0.598846815  
0.567984547  
1.016913421  
0.6212963026  
0.643394518  
1.534135733  
-0.3369243881  
0.840824343  
0.7527175757  
0.446587504  
-0.5356429157  
1.227704745  
0.01750919864  
0.9720256183  
-0.1605548665  
0.7485682912  
1.850796734  
1.512697552  
1.101739425  
