8017.959685  
7656.429067  
7521.325417  
7350.190397  
7406.302771  
7341.522101  
7266.707903  
7259.51327  
7373.579796  
7787.450236  
7409.091368  
7373.074096  
7302.378715  
7548.454369  
7804.155315  
7316.278501  
7306.826021  
7327.161423  
7077.944737  
7373.904991  
7773.355576  
7064.170386  
7764.213957  
6694.905949  
7540.775198  
7664.782752  
7242.814933  
7459.781055  
7393.582142  
7470.228089  
7688.186463  
7386.642349  
7700.307011  
7264.173739  
7557.144778  
7186.16308  
7527.972933  
7394.116956  
7411.030268  
7397.475224  
7493.653677  
7193.911838  
7620.000935  
7586.717593  
7560.081877  
7055.044642  
7520.105249  
7459.85979  
7384.069599  
7419.067857  
7569.269195  
7338.09268  
7237.717408  
7425.904386  
7531.226821  
7338.980238  
7565.003157  
7629.018578  
7528.30241  
7572.495391  
7905.643776  
7422.133774  
7680.010474  
7361.326082  
7184.166412  
7283.591375  
7208.981545  
7504.561933  
7430.144643  
7199.013591  
7309.275043  
7358.866015  
7330.607483  
7254.192511  
7187.691832  
7281.498567  
7378.883725  
7213.054897  
7314.917525  
7324.748936  
7633.048223  
7468.904368  
7228.3477  
7279.925167  
7407.838713  
7532.036299  
7447.949809  
7396.037005  
7287.617073  
7339.689266  
7390.473706  
7122.289581  
7341.432471  
6904.898553  
7386.247791  
7749.291628  
7410.261558  
7466.690664  
7571.355299  
7959.945006  
7341.085695  
7570.639729  
7357.952725  
7478.022889  
7526.614994  
7507.971558  
7430.783141  
7439.812596  
7581.769378  
7337.483811  
7028.055604  
7403.540381  
7488.54049  
7457.497017  
7397.925951  
7248.001808  
7644.587892  
7717.422532  
7411.670846  
7492.644496  
7514.558401  
7558.463876  
7434.807348  
7924.459364  
7497.447325  
7675.149653  
7609.297847  
7453.561673  
7644.70073  
7582.154982  
7558.240669  
7298.000972  
7254.910634  
7693.615369  
7429.806848  
7382.08639  
7276.279618  
7433.818567  
7735.505878  
7194.344143  
7362.712927  
7463.110274  
7254.39798  
7102.317108  
7169.676091  
7370.895096  
7475.055469  
6773.530565  
7077.734428  
7693.572102  
7499.809033  
7944.981403  
7092.542911  
7176.42835  
7228.82165  
7571.716722  
7524.388467  
7368.073816  
7284.401072  
7611.509927  
7343.591438  
7513.287682  
7376.823896  
7357.154588  
7452.843458  
7487.794281  
7204.690374  
7341.857567  
7356.239244  
7528.597216  
7112.252287  
7520.7604  
7398.358001  
7085.021938  
7368.855409  
7071.580242  
7334.501714  
7249.732197  
7117.442081  
7159.042733  
7372.841905  
7644.991864  
7297.92273  
7366.316373  
7223.164213  
7452.501525  
7437.404512  
7490.986471  
7415.206936  
7402.71813  
7251.119478  
7372.718148  
7102.647708  
7310.318099  
7543.460341  
7549.449014  
7757.285913  
7397.150858  
7591.610732  
7487.63336  
7075.08607  
7130.64991  
7387.456055  
7527.388779  
7690.856536  
7212.598653  
7479.652053  
7539.936259  
7522.720643  
7610.881754  
7548.754301  
7595.947712  
7423.413667  
7534.932261  
7200.238813  
7514.077314  
7243.822999  
7473.554009  
7520.358428  
7480.299707  
7550.118004  
7673.879062  
7309.862305  
7832.849591  
7456.101506  
7424.950368  
7479.899027  
7408.284774  
7248.381188  
7686.486936  
7831.161889  
7536.526539  
7524.617438  
7513.927295  
7678.4714  
7733.919677  
7971.32252  
7517.005258  
7354.615942  
7067.230587  
7652.706636  
7486.356364  
7582.844502  
7666.376671  
7531.426331  
7575.050128  
7327.455191  
7623.985266  
7965.786052  
7407.946344  
7543.969885  
7330.921981  
7524.100768  
7537.259616  
7487.253691  
7640.295265  
7709.656157  
7416.493638  
7647.350604  
7362.470373  
7825.585024  
7466.262598  
7491.044565  
7381.620313  
7565.231467  
7377.576326  
7497.099993  
7386.087489  
7875.905296  
7537.692376  
7635.546774  
7686.908629  
7691.216024  
7390.896697  
7463.210346  
7537.410123  
7626.824911  
7334.639859  
7571.513814  
7508.964125  
7606.604903  
7746.152926  
7955.419663  
7521.48742  
7760.728729  
7523.751019  
7597.652246  
7554.881509  
7575.390365  
7419.11456  
7580.195748  
7887.202442  
7390.546597  
