2.501957502  
-0.3838181935  
1.207150496  
0.002845137253  
-0.1618860459  
-0.7880175938  
-0.486124509  
-1.040076562  
-0.1592846355  
2.711132724  
-0.9258973592  
-0.2877440373  
-0.6303041014  
0.01827799515  
1.902670965  
-0.6202177799  
-0.06885796053  
-0.7832155111  
-0.9516570665  
-0.4475179592  
1.861272538  
0.4616097428  
-0.1756025237  
-1.064138301  
-0.5848335344  
-0.5395062749  
-0.632609158  
-0.4317358942  
0.4139343011  
-0.6655067574  
-0.3685025028  
-0.7618673583  
-0.2750737444  
-0.7955549437  
-0.5760787689  
-0.5763041668  
-0.4735423382  
-0.6273367579  
-0.4967517152  
-0.6212590895  
-0.4800563721  
-0.6751003922  
-0.557582913  
-0.3673029757  
-0.2914861241  
-0.6705293836  
-0.9457982112  
-0.783111487  
-0.6302931432  
-0.5330435175  
0.3107470563  
-0.6010379145  
-0.1710527073  
-0.8026532242  
-0.4266028601  
-0.832454467  
-0.6370900187  
-0.2386719797  
-0.6463216307  
-0.1017847161  
2.640923701  
1.883219714  
0.5052727049  
-0.2118633765  
-1.04721149  
0.4337238342  
-0.7119103609  
-0.5909210831  
-0.9883080754  
-0.7047460976  
-0.4716346801  
-1.14226044  
-0.7212183799  
-0.811281713  
-0.9690980289  
-0.6021015678  
1.811476609  
-0.4515280639  
-0.06684267688  
0.3550004524  
-0.2805808885  
-0.3764046023  
-0.6133622917  
-0.4817408641  
0.9013834273  
-0.5012218549  
-0.2952269327  
-0.7629586018  
-0.4712983044  
-0.717421846  
-0.3984686072  
-1.042372735  
-0.5179952508  
-0.8860126712  
-0.9648121945  
2.302635981  
-0.5473413364  
-0.1280984113  
2.270262609  
1.860391092  
-0.1103447074  
-0.4625835632  
-0.5528915007  
0.1914235212  
1.727727594  
1.689677105  
2.205955301  
1.097588376  
2.129796845  
-0.8943922068  
0.2644324906  
0.5740552994  
0.1055936452  
1.142761  
-0.2903662089  
-0.7928836599  
0.1205858087  
2.366267062  
0.3324236165  
2.518597171  
-0.03148200203  
-0.0889228601  
-0.212352354  
3.057029462  
2.238208074  
2.728527583  
-0.2019826574  
0.01788309831  
-0.4227332606  
0.007081885394  
-0.4108420127  
-0.3048504739  
-0.792184104  
-0.2387049427  
-0.7756551911  
-0.7016402458  
-1.289194963  
0.1199299195  
2.307958178  
-1.056375704  
-0.4042323387  
-0.6659425389  
-1.070616755  
-0.5480540869  
-0.1576832869  
-0.372992126  
2.575875774  
-0.8088235996  
-0.9098788318  
-0.5795234695  
-0.006064799308  
1.417581571  
-0.6645951968  
-0.3116814469  
-0.9303541944  
-0.6365882037  
-0.7247386056  
-0.6885053752  
-0.6546664109  
-0.4740036113  
-0.4537117709  
0.2123514993  
-0.2055809026  
0.7109124017  
-0.02281496906  
-0.1009233817  
-0.7685096873  
-0.5337455564  
-0.5409602978  
-0.004154725158  
-1.149776497  
-0.5164253115  
-0.7729578525  
-0.5384660489  
-0.5843662276  
-0.9385141965  
-0.9958719087  
-0.7375169681  
-0.8274056733  
-0.1361054537  
0.7111308635  
-0.2897347324  
1.699734611  
0.1440591241  
-0.6928645501  
-0.4368346711  
1.557528289  
2.601336674  
-0.3729747668  
-0.2065792103  
1.613606469  
0.0205879391  
-0.9619053248  
0.1880711657  
-0.9125136057  
-0.04749841044  
2.854248484  
-0.0459608542  
0.0160669886  
-0.8106281394  
-1.058912062  
-0.8659455852  
-0.9673118157  
-0.1948247889  
2.548850658  
-0.4013646492  
-0.01376328245  
-0.4144732779  
0.3921150161  
2.042181877  
1.115314589  
-0.2123246227  
-0.1924179595  
-0.6777176463  
-0.8139838002  
-0.36760994  
-0.6352667902  
-0.3016083848  
-0.5417896856  
0.3523241045  
-0.1686828918  
0.06611311992  
-0.4997318907  
-0.2319785556  
-0.523118521  
-0.5643018107  
-0.7629283195  
-0.3726186675  
-0.7423008063  
-0.170467314  
-0.2212487478  
0.05360302797  
0.6912703453  
0.2558181893  
2.204891977  
0.4184526944  
3.273060821  
-0.8342953136  
-0.3023873104  
-0.7925295372  
-0.3835740323  
-0.397498635  
0.3433965948  
-0.06578797147  
-0.312877814  
-0.5439235421  
-0.8770986416  
0.02788608787  
3.081148076  
-0.674571258  
-0.2562678442  
-0.8205826526  
-0.6323696446  
-0.2656218893  
-0.5913853965  
-0.01566657269  
2.069019536  
-0.3957588269  
-0.1153005071  
-0.2083837514  
1.100765017  
-1.310000785  
-0.3588597748  
0.1125668897  
2.195217785  
0.7540805736  
-0.05446355572  
0.3938994868  
2.114405006  
1.519701601  
1.398802418  
0.202046474  
0.1411595965  
-0.5442144336  
-0.6215582944  
-0.2049575658  
1.0069118  
0.2410417854  
-0.4573724733  
-0.5676143673  
-0.3961813323  
0.06831380433  
2.545293808  
-0.09578471437  
0.4070405784  
-0.7796221551  
0.1100670487  
1.657452046  
0.2883502246  
-0.6258984636  
0.1881044522  
2.858359392  
-0.3287393059  
