2.816391609  
2.251648553  
1.836816862  
2.256882018  
1.529598771  
2.212815283  
1.840782314  
2.437123109  
2.290789117  
1.92325132  
3.234606724  
1.790070872  
2.973486942  
1.086393226  
2.6024447  
1.838325069  
2.585177144  
1.642276856  
1.064037959  
2.125768789  
1.564731979  
1.41886688  
2.610042069  
1.056381475  
1.487623893  
0.3552059506  
0.8523184441  
0.3427862442  
0.9537049523  
0.9645701663  
0.4468452545  
1.267909614  
0.6393498763  
1.140187333  
1.538156838  
1.258169568  
1.330306046  
0.5855077921  
0.715702526  
0.8819766574  
1.038705968  
-0.2623410777  
0.6923341515  
0.8016874486  
0.7905220498  
0.742350576  
0.6795548695  
0.5305407115  
0.4916914644  
1.045318385  
1.382608876  
0.01582311739  
0.6219723741  
0.03633065067  
0.8715983591  
0.2439616846  
1.187856355  
1.008276083  
-0.04348491724  
-0.09849722196  
-0.1948960206  
-0.04337171029  
-0.08721588135  
0.6447027525  
0.1283232464  
0.003627641649  
1.413254759  
0.07614391542  
0.8085279823  
-0.02796788229  
-0.3564943274  
2.398887179  
0.1612019956  
-0.1170584692  
0.2834571319  
0.01354141035  
0.4753231455  
0.3708597311  
-0.1253814659  
0.2738134347  
0.5188142522  
0.03231868845  
0.8652794242  
-0.3597270094  
0.04156399897  
0.3657060199  
0.3500494852  
-0.4358285829  
-0.2229703331  
-0.05148465953  
-0.2507634399  
-0.5673439001  
0.08336159937  
0.6967067372  
0.2763290281  
-0.4173373659  
-0.01004663889  
-0.5326755017  
0.09133823211  
-0.1670860623  
-0.6957088261  
-0.3925363134  
-0.2192335491  
-0.2485032442  
-0.318632567  
0.4158937209  
0.1680831486  
-0.5037995948  
-0.3561188832  
-0.2469396239  
-0.3632599962  
-0.307550386  
-0.03182671854  
-0.6543724252  
-0.6377137755  
-0.1381141159  
0.114791798  
-0.9056164707  
0.2340692485  
-0.3762238733  
-0.1017421427  
-1.63942201  
-1.226944458  
0.2126155554  
-0.6833909461  
-0.1526443462  
0.2188615701  
-0.1764981933  
-0.5251632881  
-0.5790176106  
-0.6047008722  
0.03575431475  
-0.2872619357  
-0.8576464038  
-0.8567665866  
-0.4960925231  
-0.5474641741  
-0.4625141889  
-0.3411938446  
-0.8068146476  
-0.6551533986  
-0.03705689373  
0.2722643187  
-0.4604077173  
-0.7456266878  
-1.280492067  
-0.7858637705  
-0.6250989191  
-0.4708616035  
-0.7647547081  
-0.8318425103  
-0.5114680026  
-0.05847297063  
-0.5979394555  
-0.8766359451  
-1.225168946  
-0.3699073109  
-0.1659631893  
-0.8768580971  
-0.7131983712  
-0.5146381959  
-0.9822490674  
-0.09047441548  
-0.3740230915  
-1.118581884  
-1.110979736  
-0.7821999693  
-0.712204939  
-0.5944186817  
-0.7818116704  
-0.7763671  
-0.3505524618  
-0.3541798442  
-1.633568849  
-1.107773625  
-0.7033286041  
-0.3314265746  
-0.7982914083  
-0.9263356695  
-0.9725151573  
-0.7301486061  
-1.006987195  
-0.5182102203  
-0.8434972308  
-0.8989156103  
-1.017966279  
-0.9997592782  
-1.010092685  
-0.4908995703  
-1.14591713  
-0.0794535293  
-0.816107472  
-1.12009581  
-1.104849418  
-0.9948420492  
-1.561668878  
-0.6790172602  
-1.438056759  
-1.281999919  
-0.8356324293  
-1.601221402  
-0.2742013215  
-0.318054248  
-0.5287942195  
-0.7538956264  
-1.08193917  
-1.08770071  
-1.059176238  
-0.5215637213  
-0.691240277  
-1.328740779  
-0.9874569154  
-1.15904682  
-0.6845107853  
-0.8644086163  
-0.7326249774  
-0.465874005  
0.1497165923  
-0.8130239429  
-0.6312071693  
-1.315199022  
-1.285376103  
-1.088516858  
-0.9465354581  
-1.14882775  
