-0.9105521565  
-1.133046361  
-1.206737634  
-1.063187632  
-1.273106784  
-1.059930424  
-0.9175500121  
-1.33319641  
-1.15805862  
-1.311336666  
-1.14631499  
-1.283044225  
-1.229616611  
-1.256726934  
-0.9311664007  
-0.05926569786  
-1.505385278  
-1.123116127  
-0.8518973664  
-1.133261839  
0.3865814439  
-0.6542203224  
-1.358106137  
-1.015830656  
-1.179890323  
-0.7969868194  
-0.5349030513  
-1.513163247  
-1.02395765  
-1.248690509  
-1.060421424  
-1.271753406  
-1.082517222  
-1.381148688  
-0.666623332  
-0.6136124192  
-1.255971456  
-1.134600765  
0.02696822425  
-1.154350756  
-0.4516720344  
-0.03700299051  
-0.4184613969  
0.2606827529  
0.9348053982  
0.7847583148  
0.4619798179  
0.2789638899  
-0.1688780437  
-1.76022795  
-0.5521301326  
0.8251375375  
-0.9008988902  
-0.8281621997  
1.345865461  
0.06331835239  
-0.2554404829  
0.07383027147  
-1.163248679  
-0.685195651  
-1.157014627  
-1.264879642  
-0.9337206173  
-1.02742684  
-1.120299162  
0.2513133643  
1.069891835  
-0.4285901244  
-1.121515465  
-1.001952215  
-1.16406535  
-1.09530523  
-1.301652623  
-1.312794483  
-1.158154653  
-0.7740133432  
-1.019495295  
-1.057469451  
-0.4400185431  
0.5203147313  
-0.7883182721  
-0.4205352321  
-0.721112396  
-0.7331395181  
-0.6696898771  
0.2897058351  
0.7289326163  
0.8305001057  
0.06904726678  
1.309133133  
0.4053278056  
1.245269551  
0.2394516028  
-0.3242502268  
0.9403721932  
0.6696695808  
-1.113654521  
0.1933666643  
0.6291894528  
-0.3428205119  
0.9425295051  
0.7265207373  
1.812627111  
-0.7194971386  
-0.6986378824  
-1.372841257  
-0.7115788128  
-1.151869046  
-1.110675955  
-1.337286598  
-1.184584212  
-1.329718179  
-0.9343649218  
0.02077661098  
-0.9185418379  
-1.289147567  
-1.066818399  
-1.293470246  
-0.5974665412  
-0.09138229968  
-0.4792434762  
-0.4998648949  
0.5524565288  
0.344471451  
0.792702415  
1.462840739  
-0.1863772309  
-0.9589640754  
-0.6227974221  
-1.180207217  
-0.736060601  
-1.258138597  
-0.8358314407  
0.1002279253  
-1.034777248  
-1.073672196  
-1.178274916  
-0.9657319414  
-1.141390752  
-1.237137466  
-0.7194940466  
0.2016146968  
1.607461179  
-0.687224557  
-0.9148358567  
-0.8579346866  
-1.039571286  
-1.070818117  
-0.9253707938  
-1.295073547  
-0.9608868323  
-1.196564279  
-1.218727719  
-1.172969871  
-1.457803262  
-0.6285714485  
-0.2807377301  
0.3340499066  
0.1745076968  
-1.398074572  
-0.2737531385  
0.2318150377  
-0.0257266121  
1.45420845  
0.673721699  
0.4721409002  
0.1987490669  
1.260685969  
1.190515044  
1.25917074  
0.5214385682  
0.6221644392  
0.1794094244  
1.125932546  
1.160358404  
0.3271739957  
1.29735808  
1.096710995  
0.7241942413  
1.222504511  
0.7440866664  
1.525850855  
1.119966076  
1.101626224  
0.7222997496  
1.275753587  
1.430819184  
1.104578457  
0.05902058427  
-1.11218892  
0.3917311659  
0.808655758  
0.5596030442  
0.3816769161  
-1.360877322  
-0.8470754648  
-0.1777904349  
0.4356652667  
0.0473827568  
-1.043087096  
-1.125369711  
-1.052233205  
-1.111552599  
-0.9188206926  
-0.4940517014  
1.19131855  
0.1503386782  
-1.082360894  
-0.4986445857  
0.8247263479  
0.1904486144  
0.07729063735  
1.461666954  
1.883255636  
0.4291739275  
1.589563056  
1.709646395  
1.65816785  
1.414513777  
1.194432068  
0.2739118002  
0.8467447969  
0.8766591903  
0.9830810255  
1.612254639  
-0.3270749358  
-1.468488991  
-0.6782871786  
-0.176298422  
-0.8052592155  
-0.4112757829  
0.294249035  
0.05308898198  
0.3400013138  
1.002532178  
1.42558208  
0.372070927  
0.5241108813  
0.4038553854  
0.6944170958  
-0.03929901422  
-1.019023302  
0.08990463128  
0.8381630462  
0.1341018759  
0.5111155893  
-0.3549726843  
-0.4906137309  
0.07862226254  
-0.5635622785  
-0.4509019692  
-0.6170521267  
-0.7781665715  
-0.8663592223  
-1.058166846  
-0.962885929  
-0.8407090458  
-0.6448373245  
-0.9559907514  
-0.7784787105  
-0.9810200026  
-0.9557715644  
-1.126704268  
-0.774451379  
-1.12478014  
-1.06182427  
-1.230262982  
-1.139833316  
-0.8239959347  
-1.137826527  
-1.096939526  
-1.067929256  
-1.30050832  
-1.124321119  
-1.478138273  
-0.1080796615  
0.383262484  
0.1234574419  
-0.9402038402  
-0.241435044  
-0.5565969943  
0.05998811221  
0.8422471895  
-0.5010293696  
0.2410973817  
-0.8102711661  
0.6600302551  
0.2690974393  
-0.3959043772  
-0.9463474839  
0.2837529317  
-0.5021493412  
-0.8115291191  
-0.5449640342  
-0.1077059892  
-0.7792824324  
-0.2758535119  
-0.07198806539  
-0.5075446727  
0.2831077169  
-0.8840768233  
-0.5303458139  
-0.7348896496  
0.3176598698  
-0.6327398061  
-0.1791383611  
1.407320237  
0.2931971512  
-0.03415880197  
-0.4651557477  
-0.4973287014  
-0.1743604881  
0.5815821988  
0.7350864233  
0.9473541648  
0.8354603981  
1.751335476  
1.185386754  
1.443065225  
1.189231411  
1.390479622  
1.560143765  
1.547872886  
1.594924675  
1.717102744  
1.784159106  
1.597825402  
2.152529535  
1.524153275  
0.5549059296  
0.7002917705  
0.9914237964  
1.268726188  
1.523155771  
1.63632227  
1.548530276  
2.009304652  
1.657278293  
0.8996912769  
-0.3185172941  
-0.1161147278  
-0.06847571758  
0.4190837039  
0.4194977743  
1.445999659  
1.559599166  
1.680350856  
0.899886528  
-0.001982615643  
-0.04528460388  
-0.3723571636  
-0.5033614382  
-0.1561999894  
-0.1702782947  
-0.09362791845  
-0.1090995858  
0.0714414224  
0.2889595143  
0.481967014  
0.0676762792  
1.489175658  
0.7939805589  
1.546652942  
1.593739224  
1.541970744  
1.274160509  
1.601988508  
1.286268149  
0.244015093  
0.9890442859  
-0.1298648343  
0.8081673794  
1.569549163  
1.223639899  
1.289076611  
1.566337293  
1.188304923  
1.440759487  
1.036489921  
0.3169741386  
1.097724138  
1.938331476  
1.7643273  
1.45735191  
0.5127858047  
1.474862162  
1.727605155  
1.616129772  
1.651320965  
2.420195574  
2.076097664  
2.074882726  
2.128553261  
1.941764217  
1.121184186  
-0.2449865419  
-0.3593187501  
-0.06700148613  
