7570.689236  
7444.850054  
7358.852555  
7151.202197  
7150.439147  
7278.136484  
7319.735024  
7268.096641  
7296.995513  
7023.731965  
7206.032004  
7110.929422  
7147.934751  
7203.91653  
7334.009284  
7188.343978  
6925.85258  
6983.57752  
7007.23887  
7057.007209  
7185.100638  
7262.412431  
6939.392924  
7123.71107  
7136.924996  
6963.504122  
6992.638113  
7013.262957  
7006.10602  
6924.459707  
7045.255772  
7010.676336  
6952.662425  
7011.375536  
7292.810285  
7158.90693  
7192.801088  
7083.129433  
6965.304092  
7099.41257  
7107.041614  
7247.91689  
7036.078625  
7101.87589  
7175.594158  
7085.533818  
6961.524631  
7033.541352  
7069.624701  
7185.43222  
6996.293525  
6979.377449  
6945.469817  
6826.156265  
6975.540603  
6894.167007  
6930.207299  
6877.392665  
7055.889317  
7087.555138  
7113.161604  
6959.330538  
7226.543568  
7018.489757  
6914.397272  
7166.140262  
7122.197684  
7222.509396  
7039.761525  
6986.489491  
7009.38339  
7058.356595  
7207.576489  
6973.144025  
6963.812415  
7058.076512  
7108.909463  
6975.85705  
6897.307706  
7044.588675  
7084.214614  
6966.760454  
6992.963694  
7007.725278  
6953.504508  
6868.693891  
7028.238202  
7383.17012  
7665.966134  
7396.385649  
7235.758583  
7456.219757  
7246.886672  
7245.279596  
7033.799895  
7174.602943  
7159.811647  
7007.451205  
6993.084823  
7244.219788  
7056.185974  
6995.4131  
7079.646635  
7009.873959  
7120.200808  
7128.089874  
7131.403341  
7063.313272  
7102.756267  
7270.447214  
7053.809647  
6977.589837  
7103.522968  
7318.776308  
6924.745409  
6977.960184  
7044.583028  
7073.105394  
7161.233942  
7262.393998  
6970.71991  
7044.542971  
6982.811174  
7064.096349  
7073.449602  
7233.944102  
7014.25705  
6868.196942  
7008.342399  
7099.229116  
7169.486793  
7032.301717  
6948.418789  
7036.962307  
6942.341915  
6821.134745  
7268.442347  
7185.300101  
7059.211229  
7158.516944  
7130.350224  
6996.632974  
7081.526535  
7263.503687  
7116.712331  
7003.705105  
7142.852139  
7266.322864  
6997.26757  
7063.961167  
7030.311446  
6957.741041  
6976.481933  
7028.984873  
7061.465083  
7005.766272  
7057.295568  
7011.391814  
7084.163232  
7036.366026  
6921.289606  
7012.094725  
7182.826444  
7127.177903  
7145.646398  
6958.439334  
6897.673899  
7186.867029  
7112.015441  
6995.173949  
7279.216657  
7092.697013  
6929.093187  
7012.162278  
7054.120611  
7116.578418  
7037.296363  
6992.762659  
7015.470808  
7129.821118  
7208.453369  
6981.952985  
7062.695429  
7127.814786  
7082.814483  
6848.872926  
7417.554443  
6998.199106  
7080.817179  
7079.558362  
7005.776242  
7035.763807  
7056.613441  
7128.124056  
7126.835182  
7049.469987  
7045.740317  
7046.649536  
7130.116873  
7150.919062  
7109.800485  
7098.105114  
7055.649758  
7113.898472  
7042.206161  
6990.319612  
7066.300426  
7080.169255  
7141.16517  
7135.758919  
7163.210357  
7025.653826  
6967.736259  
7039.650712  
7090.726513  
7207.120624  
6964.18151  
7017.08275  
6998.414986  
7039.592678  
7087.699038  
6820.537052  
6983.837326  
7009.942306  
6969.587091  
7298.076533  
6940.853596  
6938.417733  
6851.02054  
6962.127362  
7087.913986  
7012.682435  
6992.11927  
6979.152915  
7114.968871  
7182.642015  
6965.536128  
6978.744624  
7251.876365  
7196.253027  
7222.278609  
7127.770581  
6967.693855  
7113.104687  
7035.313106  
6928.814525  
6817.012803  
7103.318268  
6934.559096  
7214.340479  
6856.378937  
6972.655956  
7030.707602  
7149.429037  
6963.673324  
7040.216701  
7077.108058  
7028.409879  
6958.484831  
7102.548168  
7172.872553  
6930.963639  
7008.248258  
6945.174271  
7101.762534  
7041.205681  
6810.334668  
6849.875922  
6920.706066  
6896.778972  
7025.979035  
6790.721482  
6945.60311  
7102.347541  
7158.789903  
7004.263632  
7352.741233  
6970.945089  
7041.68406  
6970.664308  
7022.861041  
7044.720452  
6819.185035  
6991.25594  
7019.748972  
6989.070146  
7008.194653  
7021.890037  
7012.146715  
6996.042351  
6964.61376  
7314.522003  
7040.91424  
