5832.197431  
5669.292888  
5678.983543  
5633.187854  
5616.410693  
5435.034007  
5564.999215  
5550.517092  
5521.05944  
5498.97498  
5624.620821  
5641.209573  
5546.570657  
5639.659523  
5562.354918  
5704.380811  
5516.80947  
5533.624856  
5600.27487  
5643.78286  
5233.047349  
5490.646926  
5405.682505  
5523.831901  
5510.938524  
5589.964873  
5649.405762  
5465.285017  
5516.421072  
5469.451843  
5540.597777  
5624.529256  
5547.92268  
5602.022213  
5556.805546  
5513.165594  
5647.625936  
5491.26087  
5497.306883  
5482.45699  
5425.174077  
5484.675514  
5539.734177  
5234.002983  
5531.91889  
5446.47362  
5574.970284  
5478.709257  
5520.468572  
5439.91342  
5446.844128  
5448.692005  
5542.153459  
5534.530912  
5558.336442  
5508.315677  
5459.939965  
5467.491229  
5503.243552  
5439.07466  
5497.108055  
5566.949668  
5435.311698  
5472.537209  
5422.070121  
5469.486616  
5517.927638  
5475.479068  
5359.643438  
5563.591026  
5367.412238  
5461.87857  
5110.646567  
5152.746563  
5355.71608  
5205.198335  
5330.381743  
5799.646581  
5730.894758  
5439.408793  
5442.699974  
5482.063089  
5631.925772  
5385.558151  
5472.047566  
5424.515051  
5490.697585  
5466.897151  
5372.911033  
5455.51149  
5474.702572  
5565.577739  
5450.303594  
5498.617219  
5475.816672  
5381.368816  
5472.911335  
5401.401582  
5367.356965  
5418.233172  
5376.696514  
5452.717674  
5593.687158  
5995.280994  
6035.534714  
6022.37735  
5694.948274  
5465.267515  
5510.349719  
5565.877785  
5408.222832  
5361.869774  
5449.919306  
5202.96153  
5522.718229  
5380.407245  
5440.478121  
5511.964562  
5386.288611  
5447.322656  
5391.369214  
5348.956044  
5475.992478  
5304.313462  
5328.668654  
5543.393927  
5506.144222  
5448.497401  
5417.534987  
5410.565636  
5453.413504  
5380.209039  
5325.276482  
5434.783039  
5512.916945  
5331.1861  
5372.926425  
5389.05431  
5349.334079  
5282.611786  
5321.256787  
5271.701901  
5351.62315  
5362.614301  
5345.95752  
5380.408417  
5298.921198  
5342.580623  
5375.073495  
5449.629978  
5454.596131  
5392.2285  
5424.487089  
5445.101614  
5336.173465  
5423.577679  
5394.625764  
5339.376494  
5374.197259  
5402.016019  
5463.816995  
5439.447105  
5378.382636  
5356.883459  
5412.686496  
5396.979875  
5496.88703  
5607.911861  
5581.389542  
5486.323172  
5486.981993  
5471.736025  
5379.734445  
5407.011604  
5462.027707  
5411.025222  
5473.235882  
5501.908936  
5462.665388  
5400.215624  
5467.886716  
5417.8917  
5412.215316  
5403.431516  
5374.456281  
5511.19193  
5392.133589  
5337.031068  
5454.3242  
5412.494701  
5447.327553  
5464.328947  
5469.912925  
5434.822146  
5477.230663  
5428.257272  
5597.718244  
5295.837374  
5428.953784  
5456.226277  
5282.589028  
5632.357927  
5332.813435  
5494.533973  
5659.262463  
5652.983624  
5677.477136  
5740.120974  
5756.292645  
5534.338435  
5645.341476  
5543.600015  
5586.464154  
5595.620362  
5563.219287  
5592.016892  
5613.735447  
5755.066241  
5532.667712  
5458.992604  
5644.720979  
5607.482033  
5635.515555  
5559.063194  
5789.083571  
5670.148239  
5754.631101  
5929.746133  
5591.295151  
5595.675494  
5546.602319  
5605.903527  
5584.700495  
5724.651672  
5647.472393  
5696.196252  
5700.586049  
