-1.278237283  
0.3868634115  
-1.116849174  
-0.003151686157  
-1.435092193  
-1.083992577  
-1.948770479  
-1.777021448  
-1.036929071  
-0.7871912785  
-1.842480807  
-1.248622304  
-1.82735306  
-0.9834840259  
-0.2076674165  
-0.08691399037  
-1.423519797  
-1.21614541  
-0.1815857008  
-1.0804427  
-1.053388559  
-1.265070877  
0.05160249339  
-1.475898457  
-1.202449973  
-1.041914614  
-1.430124612  
-0.8499400946  
-0.07261934257  
-2.462024397  
-1.512152354  
-1.494851429  
-1.393865863  
-1.161982599  
-1.453448995  
-1.036327725  
-1.084046161  
-0.5592243502  
0.5122406581  
-0.2729104897  
-0.6617218144  
-1.04810042  
-0.9343443988  
-1.095963649  
-0.9785331386  
-1.357366672  
-0.1107360956  
-1.694892565  
-1.512494876  
-1.653471943  
-1.228143005  
-1.482436064  
-1.218846569  
-0.7111183358  
-1.077367182  
-1.375006976  
-0.6506902921  
-0.04736173001  
-1.499185016  
-1.006058683  
0.6495232781  
-1.027405076  
-0.5091953725  
-0.6764147867  
-0.4109727402  
-0.727650063  
-0.6643412364  
0.2090419006  
-0.1790591128  
-0.2342717389  
-0.3493166875  
-0.04513703425  
0.9320972359  
-0.4767314884  
0.5740825089  
-0.4288085626  
-0.1786679793  
1.01650198  
0.6771272814  
1.182231347  
1.298346915  
-0.3706032764  
-0.1434040495  
-0.5122531709  
-0.4779534775  
-0.129015753  
0.5693831813  
-0.3321719488  
0.6721536208  
-0.06604406866  
-0.5075748824  
-0.6275196079  
-0.3161791553  
-0.1434322795  
-0.8201570675  
-0.7561776332  
-0.05806520304  
-0.3325414055  
0.3952156478  
0.7737875583  
-0.303468326  
1.582035932  
1.409946077  
1.558632088  
1.159755244  
1.476195316  
1.192195295  
0.582931772  
1.106274952  
1.497453179  
1.972735758  
1.317269957  
0.4354282102  
-0.246405106  
-0.2761771362  
-0.4039682224  
-0.2342079701  
-0.06086495078  
-0.1851605504  
0.1763635097  
0.1694770948  
0.3143114777  
0.9555719396  
0.9508658716  
0.4067264538  
1.089163843  
0.9253720246  
1.757502123  
1.216688243  
1.008634852  
1.022698724  
1.065929955  
1.263243734  
0.916116802  
1.162928739  
1.308230449  
0.6752178306  
1.130670715  
1.712046267  
1.593485698  
1.29543937  
1.315754638  
0.9123793836  
0.8177478817  
1.005897382  
-0.2898967379  
0.3585638538  
1.230702281  
1.67806865  
1.505920413  
0.8535078996  
0.6346209004  
1.375815405  
1.397574788  
1.41658823  
1.644278937  
1.642424383  
1.72295142  
1.317020448  
-0.06498651661  
-0.07615106469  
-0.3430340826  
-0.1464478145  
-0.7813808227  
-1.205524896  
-0.7654314246  
-0.8717660751  
-0.7453980864  
-1.113910351  
-1.414549437  
0.04169779338  
-1.132939208  
-1.023571033  
-0.7385648133  
0.5394635946  
-0.8082081869  
-0.703296111  
-0.9564012952  
-0.9736378651  
-1.116690088  
-0.780450626  
-0.6412525208  
0.2629229045  
-0.440154875  
-0.5684374064  
-0.6452636493  
0.8871792471  
1.198918656  
0.6173946262  
0.4559747375  
0.1401301195  
0.3578787106  
1.332018946  
0.7968658311  
-0.368513422  
-0.3027376252  
-0.01380769291  
-0.5225419735  
-0.09297969938  
0.7629269583  
1.345775521  
0.9622148359  
1.243489937  
1.316465595  
1.338972554  
1.040725013  
0.5591746184  
0.5028958254  
0.4874106513  
1.320782449  
0.9530665584  
0.2521960642  
-0.02415579503  
1.203458671  
1.131405383  
1.556467321  
1.326120963  
1.311212032  
1.117845762  
1.374422503  
0.7406988025  
0.7105144967  
-0.7687132156  
-0.4649321366  
-0.4776687024  
