5732.967745  
5629.623238  
5549.587764  
5463.874138  
5349.342602  
5581.537765  
5671.391673  
5474.972962  
5545.149018  
5286.678181  
5474.471452  
5369.79748  
5423.748027  
5438.620714  
5566.085723  
5534.510958  
5305.117859  
5315.141988  
5367.406468  
5383.918663  
5531.716525  
5608.973455  
5321.844655  
5475.236689  
5404.025724  
5386.352181  
5462.669384  
5470.968772  
5462.954432  
5385.912856  
5431.979132  
5407.504832  
5324.541558  
5454.026353  
5640.869728  
5532.31688  
5533.637368  
5490.107009  
5395.436027  
5448.601938  
5450.892172  
5481.213143  
5324.85506  
5496.431735  
5464.895274  
5447.326266  
5348.279956  
5455.035867  
5432.81984  
5549.910924  
5401.26092  
5423.468303  
5352.811454  
5346.312075  
5389.402278  
5345.378092  
5447.751549  
5450.229425  
5555.57946  
5583.958455  
5470.647152  
5317.10696  
5573.322018  
5398.875707  
5305.096403  
5538.58029  
5476.180353  
5557.163335  
5521.779533  
5387.843997  
5387.61654  
5439.140416  
5537.756626  
5420.411991  
5431.671178  
5473.186385  
5494.182439  
5445.522766  
5307.344118  
5478.326326  
5372.726873  
5298.782633  
5334.905682  
5451.915096  
5417.824298  
5327.384132  
5375.801149  
5510.886599  
5703.829805  
5576.460076  
5540.65172  
5751.604856  
5666.67225  
5639.733458  
5411.480246  
5517.595815  
5519.026005  
5363.035909  
5404.462381  
5654.637634  
5439.300604  
5395.223951  
5505.990722  
5379.472607  
5466.148951  
5481.216861  
5488.322737  
5299.850198  
5470.582352  
5499.115222  
5386.501505  
5327.940148  
5457.346579  
5648.922516  
5314.273718  
5404.492931  
5417.426754  
5382.016111  
5511.027707  
5591.383658  
5348.055817  
5328.212712  
5433.344036  
5511.129074  
5408.682312  
5512.740946  
5363.668476  
5339.996174  
5437.092666  
5498.044154  
5547.961323  
5550.189147  
5367.417012  
5529.331889  
5470.415463  
5366.984729  
5688.623433  
5635.754591  
5439.001214  
5564.492048  
5605.663807  
5363.159678  
5499.288018  
5582.212689  
5489.935276  
5385.856064  
5454.743755  
5580.768218  
5468.603498  
5499.679959  
5572.073944  
5471.134366  
5386.283588  
5468.23048  
5457.919378  
5418.281104  
5488.250022  
5382.350094  
5449.084405  
5281.043278  
5323.518773  
5449.129174  
5625.748774  
5382.64991  
5462.865767  
5358.364878  
5325.785247  
5510.000207  
5542.19607  
5343.205395  
5539.508507  
5519.300706  
5311.069007  
5393.450604  
5464.947689  
5548.105428  
5522.170917  
5456.542562  
5404.678916  
5467.868228  
5565.875451  
5407.959027  
5448.350152  
5555.081487  
5538.472522  
5306.996866  
5930.849437  
5326.480179  
5469.167349  
5527.452799  
5397.305089  
5412.977416  
5425.782619  
5482.907291  
5532.967644  
5493.845225  
5408.613226  
5429.784151  
5510.953683  
5469.562429  
5483.432533  
5470.354951  
5386.907257  
5551.593222  
5499.449655  
5353.104068  
5463.035726  
5471.494222  
5509.007518  
5518.776587  
5507.152657  
5381.834104  
5327.541123  
5389.293759  
5462.957959  
5450.18994  
5303.312055  
5367.297577  
5342.214418  
5415.670487  
5377.871998  
5186.142663  
5395.856022  
5357.627955  
5409.139824  
5578.709535  
5372.083753  
5434.92013  
5253.051807  
5386.964124  
5432.109613  
5363.192982  
5425.942335  
5341.95605  
5474.261274  
5583.832938  
5330.866213  
5335.503034  
5533.579425  
5578.429578  
5561.39874  
5452.511688  
5323.797588  
5475.651052  
5332.035708  
5351.458623  
5226.588459  
5447.554379  
5309.274804  
5507.327534  
5312.186174  
5338.868711  
5355.652361  
5558.002487  
5290.494361  
5365.970489  
5439.697232  
5419.679399  
5305.007813  
5444.536543  
5424.129413  
5327.700864  
5304.135845  
5340.696982  
5430.517266  
5396.494634  
5208.351452  
5298.510169  
5318.647945  
5306.801532  
5405.54098  
5223.813334  
5296.921949  
5506.828215  
5578.473568  
5341.987056  
5584.416868  
5285.216415  
5523.906926  
5330.624238  
5354.770302  
5443.245668  
5215.195702  
5313.723426  
5351.667446  
5385.518013  
5339.727634  
5431.794214  
5251.920514  
5230.463311  
5330.378002  
5707.274803  
5363.467135  
