2.70399508  
2.382272076  
1.955499097  
2.227959852  
1.259112981  
1.517841865  
2.127366509  
1.79957175  
2.015332701  
2.196514612  
1.787341564  
1.88987418  
1.71864695  
2.111412608  
1.502926565  
1.211441251  
1.241021149  
1.505392008  
2.097486091  
0.979924676  
1.395976484  
1.428407475  
0.9445281611  
1.397999044  
1.408511157  
0.9931217668  
1.182885624  
1.80330953  
1.486306048  
1.869347455  
1.335240636  
1.170240173  
1.223646807  
1.343527716  
0.9035018787  
1.400434742  
1.346734425  
0.6449084572  
1.575148555  
1.34037612  
1.167018525  
1.09227549  
1.433394885  
0.6285278631  
1.298815365  
1.273504719  
1.287634244  
1.174567134  
1.442268518  
0.7523927876  
0.6146251775  
1.361366495  
1.263470521  
1.200166403  
1.125325167  
0.9851417954  
1.430377856  
1.704572744  
1.114359505  
0.8712744453  
0.6894969107  
-0.08615874866  
0.1268524761  
-0.1096363376  
-0.001090436955  
0.4489356492  
0.07270882728  
-0.3197729016  
-0.5810776268  
-0.3538321003  
-0.2643047461  
-0.08328509145  
-0.0737594134  
-0.3176775234  
-0.2884721728  
-0.2421726765  
-0.3671188249  
0.207307443  
0.5063369603  
-0.02989121602  
-0.1747519783  
-0.4418828171  
0.2441855354  
-0.08600850958  
-0.3005247998  
0.07722741773  
-0.009566823536  
-0.03581482492  
0.05806841983  
-0.2626026193  
-0.009530213255  
-0.3091019006  
-0.08708019674  
0.03549866458  
-0.01487837663  
-0.2960196155  
-0.09151013632  
-0.567649957  
-0.01917048787  
0.3080345751  
-0.4974402378  
0.1885502694  
0.2314052744  
-0.0101529345  
0.4228629657  
0.3908293612  
-0.2905405329  
0.194763815  
0.7657686453  
0.3872508984  
-1.487373145  
-0.4997239106  
-0.6549619459  
-0.1313352161  
-0.6432059319  
-0.5849961012  
-0.3344092228  
-0.201030912  
-0.6930624922  
-0.3261060003  
-0.310522767  
-0.8337434495  
-0.8044629903  
-0.4167878943  
-0.542787655  
-0.4249668538  
-0.4634040843  
-1.558554988  
-1.562525353  
-0.2989022275  
-0.3110748143  
-0.6492111063  
-0.2961148434  
-0.5228343516  
0.09328968536  
-0.5889353011  
-0.1695952024  
1.561043695  
-0.8984708719  
-0.6685065656  
-0.4898416296  
-0.600402309  
-0.655428456  
-0.5568977053  
-0.6133183299  
-0.8750636641  
-0.7384297827  
0.3486474748  
-0.8873937953  
-0.7119491046  
-0.699924556  
-0.2434543403  
-0.06773812812  
-0.6360284434  
-0.1554848804  
-0.2223092454  
-0.3923893425  
-0.8604558879  
-1.304144631  
-0.8970216207  
-0.8385427243  
-0.7531647256  
-1.132700525  
-0.06468928748  
-0.4967120103  
-0.8177428004  
-0.7181952143  
-0.8387400036  
-0.6184959956  
-0.09840203137  
0.2694235825  
-0.4932177558  
-0.3110644738  
-0.4364926627  
-0.1664966669  
-0.963544052  
-1.045737195  
-1.214544966  
-0.9161106203  
-1.128991494  
-0.8445522393  
-0.9059399411  
-1.417435805  
-1.34671363  
-1.325544336  
-1.29483424  
-1.028469867  
-0.6254245013  
-1.248180446  
-0.7710319815  
-1.518546095  
-1.561585023  
-1.074743497  
-1.073458464  
-1.053098938  
-0.9777592941  
-1.182055984  
-0.9620089603  
-1.170221597  
-0.7702158218  
-0.7407375994  
-1.202063642  
-0.7537928099  
-0.3390576365  
-1.137844788  
-1.086417107  
-1.232302503  
-1.208905646  
-0.9658051129  
-1.037182199  
-1.114637258  
-1.067868084  
-0.8270423126  
-1.018339267  
-0.09074822373  
-0.4285192685  
-1.032275954  
-0.5294476006  
-1.154219629  
-1.031632005  
-0.3899246419  
-0.577020211  
-1.33490712  
-1.398991997  
-1.261806697  
