-1.95271848  
0.06742059711  
-0.9753495829  
-1.469718103  
-1.491661842  
-1.484596287  
-1.345447773  
-1.071014267  
-1.366091948  
-1.009063219  
-1.250048171  
-1.37475477  
-1.251672587  
-1.099832234  
-1.308620518  
-0.5833445625  
-1.097911409  
-1.192817226  
-1.14107855  
-0.9735197977  
-0.7002691775  
-0.8629478029  
-0.9616791919  
-1.043167785  
-0.9865241689  
-0.6992363544  
-0.9395305664  
-0.9767396259  
-0.9237072604  
-0.889844355  
-0.520574611  
-0.3485716147  
-1.06744914  
-0.412004507  
-0.577479082  
-1.214748233  
-0.8218367019  
-1.202372042  
-0.930857179  
-1.080740802  
-0.8458259823  
-0.7731848781  
-0.4983094273  
-1.552684026  
-0.4505855839  
-1.460242868  
-0.5788385011  
-1.022896815  
-0.9044024775  
-0.9790662428  
-1.005467091  
-0.9108898709  
-0.3914312917  
-0.4160115471  
-1.311481222  
-0.9754755208  
-1.025262245  
-1.016401319  
-1.162496591  
-0.2398772297  
-0.1969666941  
-0.8151618633  
-0.5024051654  
-1.08014602  
-0.3494496453  
-0.3202810148  
-0.6079263939  
-0.6454587659  
-0.8716052152  
-0.8216790866  
-0.8343971984  
-0.9446882427  
-1.095680282  
-0.9619312678  
0.8268187486  
1.029516663  
0.9585779877  
0.8054481621  
-0.05195374872  
0.0312216122  
-0.2336884881  
-0.3216921506  
0.08265813304  
0.3085785756  
-0.5135685105  
0.2391057726  
1.729811168  
2.208165915  
2.007243189  
-0.08589174699  
0.3209908444  
-0.5530902618  
0.1167379696  
-0.5603817473  
0.4700750335  
-1.079991512  
0.1148992847  
-0.1247594279  
0.2581699953  
-2.080671591  
-1.013388558  
0.5394107704  
-0.4497606686  
0.1624273548  
-0.7802293825  
-0.6234087355  
-0.6720132439  
-0.5040081757  
-0.05802609198  
-0.2443293463  
-1.101778181  
0.1495614868  
1.219305491  
0.8173607738  
-0.6313503155  
-0.7958368441  
-1.221142426  
-0.3532592797  
-0.7218374069  
-1.158125134  
-0.5923749884  
-0.2114499302  
-0.5335302058  
-0.1146860863  
-0.1876454076  
1.442871561  
1.614469098  
0.1552733263  
-0.01644807109  
0.2570874501  
-0.1440421679  
-0.3018551737  
0.04407191449  
0.1100704607  
0.1523348574  
-0.2956534396  
0.4038023661  
-0.2393124998  
0.9934713417  
1.859714113  
2.066223381  
1.872336236  
2.151252293  
1.088001864  
1.749976366  
1.483989095  
2.078584658  
1.41735266  
1.323412337  
0.1255928884  
-0.3385495475  
0.09786552795  
-0.4897033454  
-1.179545909  
-0.3569977884  
-0.7465734527  
0.3764340394  
0.3492883193  
0.4538140068  
-1.182193991  
1.56989209  
-2.61667582  
-0.1494512443  
1.381492499  
-0.541941883  
0.2943374613  
-0.2598296602  
0.07264876768  
-0.2786430515  
0.3201416718  
-1.004556814  
-0.4927871372  
-0.8353596806  
-0.05241316612  
-0.4755215532  
0.7290757522  
0.04155174293  
0.330362603  
-0.01115691771  
0.664492692  
-0.4283036494  
-0.4789022215  
-0.1943177843  
-0.1467817534  
-0.5937833328  
-0.4895416564  
-0.7077533027  
-0.153665875  
-0.5333340003  
0.3543356175  
0.9996673291  
0.1422575655  
0.06413724585  
-0.08274207659  
-0.07934646628  
0.4680625815  
0.8578683932  
0.8919765402  
1.838744859  
1.149652369  
-0.2062951627  
-0.6540373854  
-0.377666502  
-0.412321378  
-0.2836542018  
-0.4945665186  
-0.3743348995  
-0.8857554556  
-0.3537374568  
-0.6947945553  
0.1023841735  
0.8145688911  
1.130767501  
-0.08313752721  
0.1610996574  
-0.357204585  
-0.7231627115  
-0.4257057291  
0.2235626228  
1.273360102  
1.408422502  
2.008594947  
2.451239066  
2.399249759  
1.125131102  
-0.715707561  
-0.1490301156  
-0.0814674565  
-0.02023933702  
-0.1602431938  
-0.1541807231  
-0.6115322313  
-1.040730745  
-0.9412684787  
-0.5146726553  
-0.8419505327  
-0.1525894719  
0.9783299779  
-0.2948462629  
-0.6491387668  
0.1579005708  
-0.523283683  
0.4509952969  
-2.011663602  
-2.375399038  
-0.4153295799  
-0.2662788776  
-0.6952858243  
-1.40736982  
-1.01136024  
-0.2517284931  
0.125680618  
-1.262607296  
-0.1956185591  
-0.9742522805  
-0.6819167434  
-0.6645411483  
-0.3954861698  
-1.388563329  
-0.7349478759  
-1.019925347  
-1.249328258  
-1.072393159  
-0.3747771067  
0.4403934247  
0.9888380223  
0.6490605761  
-0.9667300954  
-0.456902066  
-0.09649102743  
-0.9828258661  
-0.5743156371  
0.08018497336  
-0.6306049521  
-0.2032610033  
0.4136343071  
1.565337777  
0.8867822994  
1.547749469  
1.750858519  
0.9121354163  
1.714639421  
1.232914242  
0.3879445282  
0.1110742558  
0.5995185202  
1.321862011  
1.72435945  
-0.2940943714  
-0.8457726756  
-0.8932727457  
-0.3310909234  
-0.485456597  
-0.6209065067  
-0.6384536633  
-0.1790865341  
-0.4222485198  
-0.6931155393  
-0.8267356201  
-0.8738454114  
-0.5243012358  
0.1566496617  
0.1262316913  
0.0730729981  
0.3631314247  
-0.729065728  
-0.8195462438  
-0.7337885598  
-0.8469730719  
-1.014957176  
-0.9514321124  
-0.5877913494  
-0.7961718815  
-0.9925628711  
-0.7796910109  
-0.4116119189  
-0.6884461138  
-0.7251280689  
-0.3992149374  
-0.2943809562  
-0.7707143948  
-0.7193806801  
0.298828732  
1.85316203  
0.6893432932  
0.608669204  
0.7690202985  
0.2654399019  
1.478242324  
1.376069839  
0.3284232285  
-0.09280943972  
-0.2200097555  
1.284730458  
1.356082112  
1.638411493  
0.5453236313  
1.724844805  
1.697641319  
1.341584879  
0.8221263727  
2.138000808  
2.1036045  
2.194924673  
2.317213424  
0.3482985909  
-0.02248733551  
0.3599400465  
1.232398016  
-0.377664829  
0.7990528614  
-0.2103378374  
-0.0756514585  
0.3509942754  
-0.418679324  
-0.1291441012  
-0.09396441025  
-0.4963070158  
0.5277953924  
0.5476627856  
1.064196114  
1.188570201  
1.05225769  
1.807486328  
1.244350468  
2.227488874  
1.837506014  
0.7657474997  
0.0002853842415  
1.997375153  
2.38589819  
2.688689512  
2.764718348  
1.842666201  
1.774188147  
0.4985971303  
1.672389316  
1.513163489  
1.726764796  
1.796597145  
0.1009015275  
1.147976288  
1.677938746  
2.305068193  
2.204001979  
1.181682427  
0.6363902013  
1.291917217  
0.150419936  
-0.3534512018  
-0.2041463778  
0.4641948591  
0.7645001849  
-0.551662459  
0.09381001633  
0.2720153946  
2.139460756  
0.8762185065  
