-0.2773545675  
-0.7115046017  
-1.578993528  
-0.5006726301  
-0.9008486007  
-0.9889503718  
-1.59736005  
-0.641812896  
-1.269035507  
-0.9996567595  
-1.290087708  
-0.4809062622  
-1.226207272  
-0.5115155443  
-0.3589065197  
-1.074030226  
-1.09141867  
-0.6752337696  
-1.255417302  
-1.049494422  
-1.219725311  
-1.190791951  
-1.091363042  
-1.323122309  
-0.7446827414  
-0.8737685797  
-1.396700064  
-1.176143543  
-1.712001385  
-0.8683592762  
-0.2197023835  
-0.9871992169  
-0.924146796  
-1.298845714  
-0.9486056121  
-1.230474156  
-1.259060327  
-1.469897806  
-1.247589666  
-1.02185121  
-1.042714967  
-1.426732543  
-0.9677136702  
-0.7783427269  
-0.8903022854  
-1.296988624  
-0.6174456866  
-0.4754136158  
-0.8065941304  
-0.9485942116  
-0.6293153164  
-0.4969817744  
-0.06279955442  
0.02998003391  
-0.6786619962  
-0.4947842711  
-0.543466097  
-0.720249221  
-0.4000013687  
-0.08878068103  
-0.6935326156  
-0.009705663269  
-0.2881519232  
-1.074626888  
0.7728474218  
0.1392377382  
-0.9085929969  
-0.1540085013  
-0.6465542317  
-0.2437368853  
-1.081978785  
-0.5180424483  
-0.4217356431  
-0.5535848857  
1.708325165  
1.615011199  
1.105252941  
1.802040704  
0.7611416193  
0.6821473361  
0.3905211218  
0.4120899959  
0.1552614454  
0.2106084382  
-0.1115501658  
1.272028732  
1.380640892  
2.565945611  
1.384809434  
-0.1445604087  
0.6030111137  
-0.4340943551  
-0.5654826452  
-0.5006624834  
0.2026448183  
-0.1774612415  
-0.04887783732  
-0.8219497569  
-1.403451776  
-3.368068033  
-0.3864177886  
1.229022836  
-2.474000758  
-0.6021998482  
-1.035325754  
-0.3041668377  
-0.9218997133  
-0.0853195933  
-1.06116132  
-0.6294269092  
-1.374453847  
0.5161133419  
1.048153597  
0.1989165521  
-0.6222673709  
-1.140332633  
-0.9362340802  
-0.7618120635  
-1.100412105  
-0.8692668311  
-0.5484589039  
-0.4852988962  
-0.3844018655  
-0.5605974099  
-0.05150403943  
1.449298679  
1.445837992  
0.3069157855  
-0.3099366617  
0.1842087803  
-0.6557530978  
-0.1575817438  
-0.158975044  
-0.6248811959  
0.403092021  
-0.03320083841  
0.1275916039  
-0.4273480601  
0.594857297  
1.535038256  
2.057175646  
1.741038445  
2.146234844  
1.189592171  
1.889094767  
1.556315499  
1.710276473  
1.068812551  
1.740040226  
1.295846314  
1.395050708  
-0.6993071976  
-1.758026873  
-0.6545338226  
1.080802234  
0.09669401518  
0.1859826128  
0.8217274304  
0.4983207294  
-0.6213033763  
1.360643109  
-2.91924127  
0.5591254976  
1.403383584  
0.9345120564  
-0.1427700165  
0.6395884874  
0.002862671384  
-0.2062799153  
-0.6998794585  
-0.1934169425  
-0.4624701232  
-0.5850573154  
-0.2326642334  
-0.3643915798  
0.2779570175  
-0.2359441763  
-0.76507299  
-0.4332884636  
0.6028689544  
-0.4347374661  
-0.6819213945  
-0.4184479766  
-0.5899013849  
-0.3046342622  
-0.1867565396  
-0.02822560154  
-0.2973423518  
-0.2214813519  
-0.2069439081  
0.2778175251  
-0.7149871986  
-0.369579433  
-0.3057002264  
-0.9024984983  
-0.4724159416  
-0.01847203531  
0.6364379404  
0.9356575837  
0.5471129001  
-0.5209381722  
-0.4814696384  
0.03992661853  
-0.326633861  
-0.8011804733  
-0.8733062158  
-1.097295352  
-0.6833855414  
-0.07624928182  
-0.2470445634  
-0.01245168223  
0.4636408003  
0.1203742588  
0.1569156091  
0.1001055803  
-0.09863258222  
-0.4952602006  
-0.3617903671  
0.3992240494  
0.5386807418  
1.421808488  
1.575754663  
2.208995758  
1.765230938  
-0.08466344065  
-0.318006302  
-0.6229187908  
-0.1492555908  
0.1445285243  
-0.5516283554  
-0.1988003113  
-0.582889803  
-0.5446136497  
-0.7112097066  
-0.3391788966  
-0.3932702903  
-1.1311771  
-0.5499578117  
-0.748909584  
-1.048307139  
-0.9906571007  
-0.7292007792  
0.1202314557  
0.583214859  
-1.836366406  
-1.231174354  
-1.070679832  
-0.902956806  
-1.053555145  
-1.182546004  
0.4990302968  
-0.08638807443  
-0.1528523755  
-0.8349091992  
0.4338446403  
0.09025700944  
-1.158843859  
-1.149743445  
-0.7371024411  
-1.129436491  
-0.9056743585  
-0.5976985689  
-0.3613268162  
-0.4723455283  
0.110625924  
0.6734520767  
-0.231594989  
-0.4007917454  
-0.5069195192  
-0.4779733128  
-0.3772980528  
-0.560334144  
-0.03460489187  
-0.06514892658  
-0.03224037924  
0.1287792623  
1.375437499  
1.61513035  
1.451453852  
1.418416155  
1.855495608  
2.194169383  
0.7736256638  
0.9782131857  
0.05088198153  
0.007646712769  
1.570230824  
1.508755587  
0.4213621514  
0.3370390216  
0.4246501913  
0.2233941814  
-0.5464234006  
-0.7441704615  
-0.7062098447  
-0.535351896  
-0.9848993946  
-0.7887704035  
-0.5170935294  
0.1957190599  
-0.4543649426  
-0.5138826109  
-1.166778084  
0.2295645448  
-0.4318685317  
-0.3799576699  
-0.2438258077  
-0.6706677983  
-0.0001490748043  
-1.116209388  
-1.155864293  
-1.083872267  
-0.6292084177  
-0.5332140685  
-0.1433489951  
0.001915812233  
-1.234656487  
-0.8099558265  
-0.4954273113  
0.2011821314  
-0.7684419448  
0.214003694  
0.9284283109  
1.522683514  
0.628216098  
1.397870586  
0.9325417877  
0.6645475605  
2.018327084  
0.6608539188  
0.9046952952  
0.3431380464  
0.5488342193  
1.754115324  
1.65575336  
2.570659591  
1.04673732  
1.63338363  
2.10043581  
1.2935421  
1.92583116  
2.583133276  
2.101916982  
1.878549593  
2.46813291  
0.3367182262  
0.1333566952  
0.2662783807  
1.388644624  
-0.2231981437  
0.4547962745  
0.3467875704  
-0.4995654274  
0.3062675899  
-0.03377398829  
-0.8642269771  
-0.2547564978  
-0.03609932407  
-0.7221927862  
0.2965771226  
0.8747119428  
1.45006694  
1.029652737  
1.603208796  
0.856814917  
2.284533745  
1.285747301  
0.04222753407  
1.080735206  
0.5984062355  
2.908415798  
2.375570129  
2.920026897  
1.086166699  
1.644227159  
0.8538946916  
0.9091169425  
0.3958772099  
0.7922968804  
1.257239726  
-0.03076509292  
0.6015312556  
0.5945622571  
1.98468532  
2.304567087  
0.7904424569  
0.4229261193  
0.6013829413  
0.4050565861  
-0.8939227665  
-0.2424734783  
0.3303364864  
0.08744057129  
-0.3557816467  
-0.0865100974  
-0.0226187478  
1.966145513  
1.355103735  
