1.69300401  
3.63622016  
4.41543121  
2.387600329  
0.4146809092  
-0.07981078227  
0.1943457311  
-0.1566723479  
-0.2835905344  
0.4751516322  
0.1047042673  
0.1971392466  
-0.2392435294  
0.1695036942  
-0.2324552446  
0.7071205709  
0.5885817973  
-0.1113705979  
-0.2210577175  
-0.2604585738  
0.2963984751  
-0.4049046505  
-0.01877731491  
-0.2496155399  
0.1157519572  
-0.1067356574  
0.007340181018  
-0.1303724994  
-0.5067906697  
-0.360531029  
-1.022336405  
-0.2553953502  
-0.4717743422  
-0.4282116471  
-0.5931419568  
-0.2779126184  
0.5839936319  
-0.4015944944  
0.02001846433  
-1.068140949  
1.014201512  
0.654476326  
0.121534394  
-0.2807807586  
-0.009863884578  
-0.5886989343  
-0.2770367666  
0.1569001495  
-0.3127767276  
-0.3198907461  
0.1448877775  
0.620392568  
-0.2222045952  
-0.2103323946  
0.4124500931  
-0.5688371913  
-0.5322704364  
0.05311347712  
0.7679508271  
-0.7437818927  
0.3045268649  
1.060585724  
0.1094227691  
-0.2821812437  
-0.1293790328  
-0.8441885951  
-0.2056405906  
0.5486498034  
0.05669793601  
-0.002887802114  
0.2439835592  
0.8867632528  
0.2220433039  
0.3215459665  
-0.2740360458  
-0.6974610008  
0.5516697657  
0.3765810523  
-0.01942826595  
1.149164823  
0.8287601206  
0.7296442625  
-0.694126286  
-0.2505159182  
-0.5789115889  
0.343745797  
-0.8780965182  
-0.2933844081  
0.5800324843  
0.03275095796  
-0.06927238822  
-0.9665675158  
-0.1484757335  
-0.8681447546  
0.4549249551  
0.0323720475  
-0.7463375307  
-0.1718750801  
0.8843217722  
-1.058202206  
0.2998811057  
0.0865952409  
0.1984908603  
-0.1485159205  
-0.750596378  
0.2791625172  
-1.003129193  
-0.3777305652  
-0.4490103491  
-0.3905508748  
-0.6565561467  
0.7122796354  
-0.0413845102  
0.04780982374  
0.7137341712  
0.3700485593  
1.350253423  
0.6037628839  
-0.04498065877  
0.05631900145  
0.5835064324  
-0.4279429403  
-0.8270196222  
-0.1803755808  
-1.228552627  
-0.7940832475  
-0.2033899953  
0.5034168052  
-0.8102204537  
-0.04305644599  
-1.249720857  
0.7487186137  
-1.688756941  
-1.970186135  
-1.224513619  
0.07281454072  
0.07888021723  
-0.6199339178  
-0.5789289281  
0.1221629383  
-0.3321276671  
-0.2611512105  
-0.1562292427  
0.1451858801  
-1.200070544  
0.6292522438  
0.169646545  
-0.05812634716  
0.5680556423  
-0.1131582643  
0.1522726173  
0.4271562588  
-0.9428955731  
0.2316783051  
-1.214830276  
0.01329492604  
0.4067391879  
-0.7865349682  
0.2926069988  
-0.8528936647  
1.046053625  
0.7817934873  
3.515909639  
3.389859048  
3.996982619  
2.954600085  
1.175170237  
0.4257188563  
-0.2072651914  
-0.01642340353  
-0.2447556502  
-0.2946818963  
0.5469285703  
0.6833707861  
0.5897042344  
1.152997816  
0.5465568706  
-0.1237653077  
-0.5178612683  
-0.4713441175  
0.1127322152  
-0.1472471642  
-0.3394761569  
-0.05775898859  
-0.6544750312  
-0.345471208  
-0.2339829641  
-0.253168996  
0.3775913669  
0.8709287835  
-0.6842404556  
0.2468158967  
-0.089460759  
-4.432205281  
-0.9045120376  
0.03722034587  
-0.6865904831  
-0.1790754853  
-3.767320776  
-5.492868838  
0.2193360879  
-0.1879646111  
-0.3518897764  
-1.083337961  
0.4267406316  
-0.7313302867  
0.2552282823  
0.2316046695  
1.02379565  
0.2330523134  
-0.2980913297  
-0.6292572178  
-0.590841923  
0.05484508875  
-0.08052382875  
0.3901376032  
-0.5954896875  
-0.3141176938  
0.5557768978  
-0.3762579881  
0.5673791001  
0.831045566  
0.02795439878  
-0.1609247344  
1.49497669  
