8125.140452  
6961.685771  
6666.587306  
6585.314934  
6684.71369  
6624.065931  
6660.793212  
6647.113983  
6360.72359  
6298.049997  
6661.63529  
6672.757521  
6571.533676  
6552.56674  
6385.06327  
6325.864325  
6524.867307  
6615.667906  
6805.559644  
6445.380865  
6605.541443  
6585.075397  
6557.418365  
6512.416627  
6589.022885  
6523.743997  
6535.902318  
6499.737533  
6621.447208  
6577.385332  
6412.951061  
6600.718529  
6537.038085  
6776.40321  
6466.020163  
6519.630259  
6648.540382  
6543.529162  
6529.754597  
6591.454096  
6636.697931  
6653.617873  
6712.675336  
6499.322473  
6523.659154  
6683.731828  
6925.633268  
6928.538673  
6719.017177  
6568.396958  
6728.221744  
6811.948581  
7015.432887  
6787.159835  
6489.829444  
6539.281665  
6642.303232  
6768.978929  
6611.532353  
6691.302502  
6415.398079  
6609.867878  
7035.205136  
7221.535615  
6838.263984  
6840.589648  
6683.052858  
6675.679847  
6799.332741  
7103.084614  
6960.665555  
6561.876348  
6886.741923  
6930.363947  
6546.986039  
6854.698146  
6990.954244  
6682.641892  
6526.890153  
6627.864165  
6638.095946  
6559.557572  
6476.321377  
6611.106552  
6704.242505  
6766.758024  
6764.008591  
6759.152813  
6806.154781  
6577.233703  
6548.958509  
6696.997989  
6678.02169  
6515.030924  
6661.420449  
6791.38283  
7004.94583  
6530.328782  
6566.658264  
6936.029799  
7123.760404  
7237.591588  
6890.898229  
6703.884593  
6897.57043  
6709.531209  
6716.777854  
6602.751932  
6614.837349  
6647.926907  
6516.064731  
6538.235413  
6942.177782  
6465.433456  
6803.463329  
6533.233728  
6608.610899  
6566.776544  
6871.531062  
6929.447077  
6799.102989  
6618.257914  
6557.904432  
6483.735786  
6874.980246  
6839.434312  
6845.005317  
6677.587111  
6692.645887  
7231.922666  
6983.83444  
6533.902009  
6715.392808  
6659.721977  
6729.41657  
6781.537883  
6802.538651  
6516.107544  
6807.291167  
7261.701614  
6683.359343  
6574.563417  
6993.209284  
7363.573865  
6730.014128  
6661.714668  
7248.020223  
6861.121804  
6821.31596  
6802.215517  
7081.795996  
6724.524179  
6571.389134  
6718.488455  
6873.644596  
6702.468027  
6617.116844  
6824.841887  
6816.045993  
6787.068601  
7036.650794  
6747.094398  
6758.765642  
7137.057411  
6983.363932  
7208.918621  
6952.809237  
6611.880657  
6969.615304  
6844.670086  
6920.437743  
7108.280431  
7154.737173  
6696.13232  
6733.911864  
6688.662975  
6539.009587  
6801.367266  
6779.01687  
6667.264694  
6545.06168  
6412.783761  
7045.444246  
6911.6963  
6623.878874  
6627.55437  
6652.298099  
7126.991916  
6969.240188  
7417.698242  
7259.87575  
6352.474443  
6831.787861  
6785.884405  
6924.939608  
6590.920799  
6635.198827  
6439.247653  
6697.023229  
4753.354018  
6356.603595  
7051.371005  
6739.939024  
6933.853202  
7120.958906  
6808.993616  
6989.637257  
6847.985342  
7255.143625  
6852.288156  
7027.790227  
6198.317695  
6049.819787  
4606.150766  
7290.083285  
6629.040282  
6877.749069  
4419.158775  
5741.025748  
7425.931525  
6490.149705  
6959.361732  
6534.375657  
6769.171617  
6364.939183  
6740.755999  
6653.127231  
6732.929619  
6692.414916  
7073.470316  
6679.827281  
6772.583523  
7045.535509  
7072.909349  
6944.557492  
7078.426271  
6931.80199  
6770.047586  
7281.229102  
7534.395027  
7227.445021  
7396.228382  
7576.870854  
7608.09762  
7653.358592  
7503.349775  
7529.19342  
7582.513814  
7545.900192  
7156.701804  
7257.082316  
7639.845047  
7159.306788  
7024.406238  
7351.952835  
7465.745386  
7015.270636  
7498.177395  
7700.78605  
7500.416925  
7353.572274  
7082.276532  
6969.809464  
6952.658401  
6850.085238  
6849.495617  
6955.599463  
6863.18319  
7403.233421  
7214.848754  
7547.508485  
7054.346345  
6648.880889  
7276.151577  
6960.917801  
6930.960408  
6859.362979  
6865.768521  
7160.170864  
7018.952614  
6938.478536  
6814.504683  
7005.99243  
7090.970618  
7052.813683  
7073.165591  
7360.150895  
7637.157922  
7642.266305  
7306.15734  
6831.041711  
7491.553778  
6996.666861  
