1.132104385  
0.7727011651  
1.094525554  
0.6351281466  
1.047879132  
0.8844554142  
1.106968775  
-0.4382528836  
-1.951227637  
0.9765199572  
0.4026589363  
0.5292009968  
0.550212838  
-0.3528063031  
-0.3530606316  
0.9355950809  
0.5806455053  
0.7770436142  
0.5497079641  
-0.5552326058  
-0.7176937527  
0.7844190205  
0.00756635631  
0.993218379  
-0.2255959574  
-0.02303956398  
0.2415877808  
0.6249090491  
0.554539297  
0.3183926384  
0.2621686771  
0.8115125434  
0.2871749844  
0.6540637953  
0.6109927321  
1.137047162  
0.05189186272  
-0.7343149316  
0.7844936026  
0.3011981471  
0.9712136197  
-0.815089547  
-0.717910416  
0.6057717308  
0.1377653835  
0.9525533477  
0.2410520548  
0.8111754448  
0.4659057176  
0.9718750266  
0.2937187207  
0.7180420201  
0.1925897007  
1.199591498  
-0.9164581141  
-0.3147676326  
0.2852412067  
0.652877386  
0.1511817531  
0.5314823601  
-0.6564587626  
-0.4841821397  
-1.507800191  
0.9194284477  
-1.252314408  
-0.9644675676  
-1.436379429  
-2.754558265  
0.9154705139  
-1.430019391  
1.11176207  
-0.8874181358  
0.03081223118  
0.5012839336  
0.6294918996  
0.7466293941  
0.9974163505  
0.7639242957  
0.9033929231  
0.7321124365  
0.6677302788  
1.082112871  
-0.5797567799  
-0.8817032279  
1.00672736  
0.5488674423  
1.411599189  
1.101958612  
0.8215175848  
0.6778451809  
0.7536155433  
0.1119854875  
0.9359334182  
0.5012429951  
0.502544677  
0.6672494972  
0.7126954505  
0.3115330725  
0.1266460349  
-0.5845624022  
0.5404881109  
0.2516794901  
1.098436834  
0.2538195853  
1.067548567  
-0.359576923  
-0.6135454412  
0.5264158588  
0.1513396922  
-2.145863293  
0.3950274753  
0.1067109021  
1.245061183  
-0.8503920113  
-0.9664868233  
0.3269368957  
0.6471240127  
-0.1051276104  
0.4598016041  
0.1043025674  
0.8700834686  
0.4844159074  
1.006055802  
-0.9716942422  
-2.439233469  
-2.040278795  
-0.2188250521  
0.7103065647  
0.44033766  
0.1437986018  
-0.9414507228  
-0.05991147768  
0.7128281217  
-1.176135673  
-2.443303768  
1.044730962  
-0.3988459119  
1.253073845  
-1.776731457  
-2.060217748  
0.6553760992  
0.06007911448  
0.1938767737  
-0.5067397569  
0.5391180356  
-0.4082829571  
-1.545546981  
0.6211873227  
0.1478347086  
0.5043312322  
0.2688785157  
0.5972126186  
-0.2449019153  
-2.050061351  
-0.011233084  
-2.323830414  
-0.8972821681  
-0.2575177937  
-2.675715675  
0.9357843594  
0.296098654  
0.9451707311  
0.3940617865  
0.1978501176  
-0.3814117051  
0.410208331  
0.07129471654  
0.8542239942  
0.01190875003  
0.5853632987  
-2.006540242  
-1.847284913  
0.6680096698  
0.7897772809  
1.001866332  
-0.08854357994  
0.2601167022  
-0.578850527  
-1.765899188  
-2.089931762  
0.4972388472  
0.3412193478  
-0.3474900251  
-0.7431465713  
-0.7140080481  
-0.168016951  
0.8985597432  
-0.1022855483  
-1.984384401  
0.8847881589  
0.4517525753  
0.9836642087  
0.4131994995  
0.3112082264  
-1.489714196  
-2.472736769  
0.9387103338  
-0.4786154492  
0.03016799792  
-0.6908088183  
-0.04337779662  
0.3690349362  
0.425407113  
0.5824857912  
1.000081564  
0.9800855603  
0.8066365107  
1.116930959  
0.7119924801  
0.3621552269  
1.012833211  
-0.1950591214  
-0.0169359579  
0.2349298491  
0.5013396617  
0.9051144704  
0.5341508383  
0.7652481908  
0.4375159285  
0.7417148234  
0.9895691034  
0.8397668299  
0.8375729896  
0.1975946252  
0.9986929671  
-0.4095100189  
-0.2664280556  
0.3234120809  
0.5028285632  
-2.501980562  
-2.474840574  
0.769151873  
-0.05514596243  
-0.2694922938  
-0.7043905752  
0.7588325656  
-0.01367969772  
0.5417037234  
-3.402024784  
1.024903276  
-2.264468433  
-0.7045765416  
-0.9004182066  
-2.463803989  
-0.1112203017  
-0.7538791604  
0.3819915137  
0.4801848084  
-0.3287124735  
-3.58017379  
-0.5729173378  
0.05614825598  
-0.1943566605  
-2.395241418  
0.7741087557  
-0.7816073715  
-0.3890120611  
0.4763048407  
0.2577280152  
-1.967819082  
0.5808253797  
-0.5973595031  
-2.682866418  
0.1692201273  
0.4822965247  
0.5151610025  
0.7420843662  
0.4490320998  
0.1456670239  
-2.19175913  
-2.175400563  
0.9717052682  
0.1006004184  
0.5749387294  
0.07310000226  
0.9677517998  
0.3573944236  
0.8594254298  
0.1875608516  
0.008597674153  
-0.5867826906  
0.9271880175  
-1.229584448  
-2.777329096  
0.3868665286  
0.6869653544  
-1.219189377  
-1.992887468  
0.8257807685  
-0.1694338507  
0.9640285428  
0.3973235618  
-0.09108058878  
