3447.371551  
3322.945929  
3347.544641  
3301.507144  
3359.984431  
3358.224023  
3359.044134  
3162.303171  
3000.570416  
3315.986773  
3258.763523  
3259.885105  
3281.234878  
3093.831764  
3168.739788  
3330.228444  
3298.358208  
3292.429584  
3297.684569  
3013.556637  
3101.257314  
3307.39103  
3155.425579  
3320.560371  
3092.745758  
3238.605656  
3206.106605  
3261.055969  
3271.35682  
3238.474121  
3165.478215  
3280.326908  
3236.489326  
3263.506564  
3270.43904  
3313.578336  
3185.335826  
3103.5712  
3281.88302  
3224.331951  
3323.490921  
2954.957629  
3111.184674  
3264.004458  
3157.129553  
3313.938421  
3217.682882  
3286.624759  
3199.948152  
3296.760488  
3208.532935  
3279.051907  
3215.313337  
3355.359831  
3049.832633  
3116.332303  
3177.79585  
3258.430489  
3164.625054  
3270.022958  
2979.252149  
3133.672079  
3024.170549  
3275.337883  
3030.687791  
3038.246368  
2980.474194  
2807.34899  
3292.920557  
2987.101607  
3330.444198  
2986.940828  
3167.360831  
3248.987167  
3238.203092  
3270.208147  
3306.256277  
3289.511256  
3276.706129  
3267.524547  
3266.404062  
3343.657145  
3007.079385  
3094.508004  
3329.020675  
3234.66898  
3374.593506  
3333.19619  
3315.40809  
3241.794509  
3259.192354  
3205.400375  
3308.565316  
3254.618669  
3217.664635  
3273.661936  
3277.256933  
3224.931096  
3175.838715  
3128.569246  
3248.567893  
3220.344059  
3323.979615  
3208.867328  
3317.91528  
3062.137527  
3154.357159  
3240.067784  
3172.855713  
2887.938525  
3278.391847  
3189.936712  
3329.498304  
3033.894964  
3048.858369  
3197.116224  
3268.949408  
3117.921993  
3213.392002  
3173.910613  
3280.636643  
3240.436688  
3326.493557  
3062.192461  
2928.876666  
2915.467817  
3119.303231  
3288.415433  
3219.419828  
3219.830335  
3046.34844  
3174.110659  
3242.246191  
3034.620658  
2868.788568  
3302.703655  
3134.949689  
3331.019157  
2925.710803  
2931.391487  
3245.370465  
3182.744168  
3174.253584  
3174.919745  
3257.392203  
3137.684911  
2990.081643  
3278.65704  
3195.081906  
3254.552606  
3195.832675  
3240.764337  
3178.264402  
2996.590016  
3044.929256  
2879.52936  
3012.533682  
3158.778056  
2887.600524  
3305.102134  
3226.307022  
3311.486158  
3238.939019  
3163.573366  
3148.287435  
3229.037689  
3198.020375  
3313.228178  
3185.145457  
3220.786699  
2970.622971  
2931.727911  
3269.679149  
3292.787685  
3320.433219  
3131.873739  
3277.690529  
3035.521313  
2967.65051  
2938.420644  
3203.663746  
3230.889661  
3058.793705  
3071.695042  
3088.059  
3175.553767  
3304.309349  
3171.12293  
2971.72794  
3286.892022  
3276.356026  
3315.583058  
3282.476821  
3167.670663  
3043.976812  
2864.026712  
3318.634177  
3042.274197  
3234.143208  
2981.886076  
3181.627091  
3234.557045  
3228.813263  
3295.252556  
3317.521859  
3342.851153  
3299.626863  
3351.310421  
3292.764507  
3232.334774  
3331.778465  
3155.357118  
3198.571407  
3199.720859  
3248.183179  
3319.441428  
3250.054881  
3312.768988  
3242.212937  
3285.920742  
3336.402625  
3317.67962  
3318.579292  
3200.051712  
3310.013202  
3122.741643  
3189.090337  
3251.490586  
3247.486601  
2831.688825  
2897.890025  
3285.920878  
3205.585746  
3103.902659  
3132.31144  
3325.321879  
3201.999111  
3308.476354  
2824.298162  
3321.917129  
2822.774717  
3072.854867  
3099.054085  
2941.08954  
3109.44131  
3096.637076  
3252.506427  
3229.612115  
3183.083571  
2748.421512  
3106.643063  
3162.35015  
3183.541248  
2927.53797  
3243.789818  
3072.904764  
3171.037736  
3242.857162  
3218.675721  
2976.620647  
3231.225103  
3139.979338  
2891.868352  
3191.449116  
3252.369497  
3276.306692  
3319.736245  
3269.171265  
3136.443658  
2920.229931  
2894.498045  
3300.499778  
3199.93995  
3254.304871  
3194.122281  
3279.502286  
3238.49489  
3308.996495  
3238.200731  
3119.149464  
3146.828391  
3309.064656  
3040.500813  
2867.465063  
3205.866443  
3282.761783  
2977.368086  
2935.037723  
3274.258293  
3160.849393  
3322.375942  
3249.878128  
3102.678327  
