-0.5186869023  
-0.4462011347  
-0.646962226  
-0.4383869674  
-0.7423115429  
-0.8428956052  
-0.7005935576  
-1.40574846  
0.4746458612  
0.4946316657  
-0.4974521593  
-0.3791684658  
-0.8115587353  
0.6285120018  
-0.0789285416  
0.03913886652  
-0.5845954697  
1.650348832  
0.4126597301  
-0.1624223487  
-0.4440915138  
-0.7839928622  
-0.8546979564  
-0.5013591497  
-0.1850197723  
0.03318832688  
-0.9915340365  
-1.146753414  
-0.7669604301  
-0.6149097701  
0.03408980901  
-0.9355822161  
2.364696452  
0.2435527026  
-0.997381912  
-0.04439503593  
0.1347875229  
-0.4846383374  
-0.4069066706  
0.005527087649  
-0.1783764436  
-1.039675602  
2.909437869  
0.4212784662  
-1.516787103  
-0.8434670799  
-1.322754684  
-0.6683044763  
-1.38123105  
0.4194234629  
-0.5921005683  
0.1465058567  
-1.591352587  
3.39408955  
0.238324584  
0.1474026301  
0.3645549628  
-0.7324352344  
-1.031224888  
-0.5503394437  
-0.5726463145  
-1.234699347  
-0.6473675442  
-0.5007568693  
-0.8643606283  
0.08895017326  
-0.8955383414  
3.742658039  
1.523001474  
-1.433034531  
-0.5944953478  
-1.294207679  
-0.3504749639  
-1.326187578  
-0.4805484732  
-1.124717421  
-0.4097220138  
-0.8942170829  
-0.8115239886  
-0.8105761239  
-0.6221766708  
-0.7989251649  
-1.222997523  
-0.8180794053  
-0.7311814323  
-0.4372119676  
-1.163181397  
0.1507579191  
-0.4038158107  
3.440244695  
0.1521615215  
-1.045779392  
-0.2657661663  
-0.5881975527  
-0.3916153217  
-0.9405898793  
-0.717323767  
-0.7905856963  
-0.7493502958  
2.081660664  
2.020050613  
-1.166524478  
-0.9861355128  
-1.638850161  
-0.8731523447  
-1.74245114  
0.4689557443  
-0.6791436158  
-0.9707398024  
-0.5692289885  
-0.7341581188  
-0.7283884082  
-0.1599065438  
-1.167626008  
-0.4172248113  
-0.7219451166  
-0.3258711351  
0.8816385684  
0.7685034106  
0.387288964  
0.01942265598  
0.3715378009  
0.2331643188  
0.1717782629  
-0.1651870751  
-0.06091783009  
0.3712659834  
0.340951303  
0.4527971899  
-0.1228999864  
-0.01771200742  
0.2112297838  
0.2866252642  
0.05083537958  
-0.8276819253  
1.469459932  
0.2235368796  
-0.2847588008  
-0.003069974085  
0.2534263205  
0.4391302889  
-0.4078283837  
-0.4206400297  
-0.03264264858  
-0.07821291997  
-0.1205230281  
0.2798178751  
0.2413509462  
-0.3547750623  
-0.8020100584  
0.7520491965  
-0.4858860206  
0.8218132333  
-0.8589162855  
3.870221986  
1.365487537  
0.1437792662  
-0.732628389  
2.219597594  
0.7695735742  
-0.5562325068  
0.2312040277  
0.6068190563  
0.4127016975  
1.329480136  
0.7797266882  
-0.6672408391  
0.330167723  
-0.01232671813  
0.2878073546  
-0.03510275656  
0.4852578259  
0.4106526589  
0.7391750412  
0.1535401694  
-0.1784951125  
0.09049474121  
0.1256436569  
0.149623469  
0.8132022131  
0.7359502648  
0.1343891289  
0.05602222922  
0.2386812994  
0.07044414583  
0.09904289836  
0.5402015249  
0.06604692633  
1.780830384  
0.5291985145  
-0.01909421243  
0.3207433527  
0.125714652  
0.2679357054  
-0.3978518927  
-0.07145978862  
0.1792745605  
-0.1383084864  
0.4566118206  
1.041706688  
2.571967439  
3.694989902  
0.3856007879  
0.2765559641  
0.2159820449  
0.2682026456  
-0.5976384988  
3.323399996  
1.622408557  
-0.7753453047  
3.420977788  
0.6359197294  
-0.005158765826  
0.1901021562  
-0.4158441863  
0.4963305373  
0.1051488063  
1.344386863  
0.3275246934  
-0.09700430723  
-0.4181990124  
0.1717318097  
0.3301692335  
-0.6681815196  
-0.08605354315  
