6497.114365  
5992.903045  
5558.58575  
5683.524405  
5512.974032  
5595.728628  
5807.64392  
5668.285784  
5550.019168  
5773.221279  
5489.682424  
5785.623145  
5766.580104  
5682.918464  
6108.081565  
5658.90412  
5528.303459  
5605.202491  
5532.956586  
6056.015273  
5595.710723  
5659.415363  
5609.040821  
5622.887181  
5533.354845  
6001.829152  
5643.636925  
5633.942543  
5614.363719  
5652.630611  
5611.207282  
5604.06525  
6148.765606  
5561.043889  
5816.868328  
5658.476808  
5615.269294  
5534.809056  
5567.915357  
5745.719516  
5751.393902  
5583.261399  
5723.805587  
5571.589587  
5630.910254  
5628.067621  
5605.14667  
5712.923655  
5732.169725  
5532.000443  
5777.685959  
5714.077568  
5635.292436  
5541.400246  
6028.974307  
5859.446269  
5635.683944  
6193.936743  
5476.08607  
5835.331588  
5561.543934  
5566.454402  
5531.892632  
5578.798179  
5568.892013  
5596.448872  
5511.984531  
5610.20204  
5583.920362  
5586.799138  
5543.198178  
5518.306146  
5596.912895  
5575.598049  
5858.364593  
5885.776324  
5604.379289  
5477.887354  
5473.543385  
5444.008182  
5521.958155  
5466.102516  
5644.518119  
5511.016449  
5656.456445  
5597.126282  
5482.617388  
5522.378346  
5547.591061  
5722.766437  
5452.432615  
5491.075355  
5521.657881  
5483.347539  
5533.10649  
5517.93044  
5511.949564  
5507.986212  
5765.140164  
5686.544622  
5591.370339  
5519.837687  
5574.151085  
5643.116981  
5497.783889  
5470.051338  
5449.905058  
5516.632589  
5465.150052  
5561.0083  
5446.443907  
5963.032715  
5579.70785  
5485.649728  
5483.530139  
5640.294287  
5648.11485  
5488.267049  
5674.044466  
5605.694538  
5530.135058  
5562.119651  
5558.195777  
5603.149085  
5579.448339  
5630.040615  
5686.972957  
5653.069877  
5544.438111  
5613.200057  
5598.509968  
5492.816207  
5520.865473  
5595.099829  
5525.251027  
5737.164954  
5674.375576  
5838.623716  
5849.556238  
5529.213235  
5587.657324  
5575.106416  
5707.798723  
5794.496738  
5821.065375  
5666.010753  
5827.780592  
5518.836368  
5574.773447  
5534.904575  
5593.815973  
5531.126946  
5610.292799  
5592.456334  
5704.880467  
5492.869983  
5673.05111  
5500.88025  
5588.407271  
5580.538318  
5580.658229  
5708.669791  
5513.060133  
5498.837494  
5661.300059  
5629.137001  
5552.332053  
5726.549428  
5566.99456  
5577.493075  
5600.842929  
5643.448312  
5763.150415  
5648.869405  
5605.699767  
5583.682685  
5509.980697  
5911.444713  
5586.027442  
5677.697111  
5777.794634  
5734.371538  
5579.484378  
5577.367336  
5653.391354  
5594.704532  
5723.118731  
5521.576305  
5683.643719  
5578.111223  
5760.880575  
5662.101107  
5618.31189  
5723.099947  
5791.721024  
5655.532478  
5655.17144  
5565.78488  
5728.688382  
5679.349162  
6069.230033  
5775.720614  
5711.928611  
5571.901373  
5584.267293  
5537.272661  
5886.688764  
5644.114289  
5680.177913  
5651.67695  
5728.914729  
5547.481468  
5638.751523  
5593.306736  
5679.81072  
5839.24339  
5568.972416  
5736.237326  
5648.784985  
5642.05801  
5826.936697  
5570.937233  
5690.868585  
5670.981933  
5549.745726  
5581.58728  
5582.103742  
5499.368611  
5859.718718  
5471.714168  
5823.418134  
5698.26782  
7533.118144  
7014.679782  
5568.861654  
5620.204897  
5870.394306  
