0.2042592622  
-0.6492352497  
0.2782766539  
-0.6755980002  
-0.6892038734  
0.9205871256  
-1.048261377  
-0.9156142354  
0.1270732372  
-0.4771994748  
-1.351777031  
-0.1263459819  
-0.4143807119  
-0.9538959822  
0.2288889939  
-0.4475666364  
-1.108185507  
-1.326915739  
-1.150300916  
-0.5597930331  
0.6574474678  
-0.6040409362  
-0.933830981  
-0.3614653011  
-0.9295539755  
-0.4948342387  
-0.5551213206  
-0.4696642428  
-0.2830264202  
-0.5203631811  
-0.2871733625  
0.1509534668  
-0.8429727769  
-0.7086450436  
-0.8164855582  
0.1003263976  
-1.024495271  
-0.8531731471  
-1.026274816  
-0.919208469  
0.9430956322  
-0.9513301084  
-0.9053451801  
-0.489441588  
-0.5107385665  
-0.8030792797  
-0.9899314697  
-0.918685979  
-0.6986954425  
-0.2229954081  
-0.4838339122  
-0.09994722361  
-0.4151307741  
0.2317456976  
0.8796897549  
1.409521665  
0.04373592916  
-0.4700659091  
-0.3979726265  
-0.5554153213  
0.4482212312  
0.6425704714  
-0.03919613112  
-0.5799383697  
-0.4150807038  
-0.6369183762  
0.1433087924  
1.162334017  
-0.731667209  
0.9353648032  
-0.4891414914  
-0.1441943685  
-0.7424287676  
-0.8277237243  
0.2979035455  
0.02051213765  
-0.5029996329  
-0.1853191473  
0.6860112051  
-0.2958872006  
-0.4766073609  
-0.3601585683  
-0.7460859658  
-0.7913067565  
-0.8362123212  
-0.570737771  
-0.1630061772  
-0.7673702584  
-0.5619060567  
-0.6745919171  
-0.5514695509  
-0.6649090471  
-0.8313687725  
-0.6909545059  
-0.4129259739  
-0.6967357944  
-0.7307958398  
1.181705519  
-0.6804223728  
-0.7692734618  
-0.5182588289  
-0.5844347865  
-0.3304263577  
0.6793044194  
2.034395097  
0.8361001245  
-0.8237273513  
-0.2933244395  
-0.9716668448  
-0.4693739203  
-0.6007857757  
0.2292474191  
-0.1958168667  
-0.2496310904  
-0.009993544208  
-0.2611477099  
0.4470459677  
-0.4494189253  
-1.154456186  
-0.4164795854  
-0.3903245516  
-0.04349185729  
0.8956965292  
-0.002328386594  
-0.3288660328  
-0.4518114001  
-0.6688955438  
-0.5340310643  
-0.249845776  
-0.5571328952  
-0.1471367282  
-0.5568845478  
0.06795353599  
-0.3541532741  
-1.112520924  
-0.6014572844  
-0.9043622928  
-0.2763822057  
0.4668440727  
-0.147802201  
-0.5870415573  
0.8227495313  
2.184061468  
-0.5185936743  
-0.3389326343  
-0.2351249618  
-0.5283378098  
-0.5879968324  
-0.2677475912  
-0.4856912231  
-0.8349306778  
-0.1638244173  
1.624845093  
0.5545783123  
1.480345364  
-0.4828638575  
-0.009861362936  
1.560913687  
-0.8327163148  
-0.4144130169  
-0.5579021524  
1.269214582  
2.691665168  
-0.1154948654  
-0.473259578  
-0.7101414894  
0.6440063796  
3.759685407  
-0.03736667213  
1.258635581  
1.411961962  
-0.6512164947  
0.5838814358  
-0.64710661  
-0.7412461484  
-0.6869078401  
-0.4156038464  
-0.5178689959  
-0.8328106229  
-0.2279022743  
-0.3559114733  
-0.4331143124  
-0.4932498357  
-0.5517681411  
-0.3758662748  
0.02326026274  
-0.06481337304  
-0.4853641586  
-0.6531852  
-0.5312745795  
-0.5171606491  
-0.6848495685  
0.1262486179  
0.004537541462  
-0.6780186067  
0.1408235106  
-0.4220883013  
1.302338822  
0.5638213827  
-1.012584763  
-0.4629749281  
1.071229838  
-0.3716304645  
-0.453317197  
-0.9756803202  
-0.5003228943  
-0.5587263512  
0.6785272653  
-0.5308796636  
-0.9871465135  
-0.5237059948  
-0.9088101101  
2.809378303  
4.10833834  
3.695794053  
0.1192493844  
-0.07875271831  
3.630103221  
1.704905137  
1.874932613  
0.8304786146  
4.804548497  
0.7378448486  
1.847195929  
-0.4311810528  
-1.050554418  
0.221530927  
-0.4968488146  
0.09572158862  
-0.6215178532  
0.1864312537  
0.5182239305  
0.04089939277  
-0.5947048852  
-0.6170701059  
-0.5452997397  
-0.5400646814  
-0.08027356423  
-0.1992062914  
-0.2459653594  
2.132820188  
1.098831596  
1.776828936  
-0.7433147971  
-0.3211447049  
-0.6129120602  
1.780852422  
-0.003842755589  
0.8512061753  
4.134325825  
0.921382353  
-0.5875438959  
1.588847256  
-0.8549851256  
-0.7937612807  
-0.1667572961  
0.7847671609  
-0.1520713069  
-0.1333160421  
-0.9684397225  
0.5134441548  
0.7253742836  
-0.09774478696  
0.6943158244  
-0.1803460179  
0.5732666768  
2.920270495  
0.4156966077  
-0.5909725015  
-0.614329178  
-0.4293016325  
1.225423154  
2.371366644  
-0.5268259403  
0.2390303495  
-0.06289514231  
0.5042467029  
-0.3894901211  
0.2489284013  
1.311197325  
1.050526594  
1.115389136  
-0.2348990132  
0.160731994  
1.631720727  
-0.3820479478  
-0.05427666278  
-0.5092479083  
2.317524213  
1.940619317  
0.6325909209  
-0.2987078795  
2.312321903  
