7190.386761  
6446.303949  
6244.781701  
6303.916  
6251.651638  
6165.746599  
6331.33741  
6227.340989  
6219.367154  
6278.227369  
6189.311901  
6318.115923  
6406.927126  
6262.612559  
6590.01959  
6348.788071  
6265.445243  
6233.219297  
6270.660614  
6523.285376  
6261.83684  
6276.256766  
6247.188186  
6263.442329  
6229.301319  
6441.466821  
6351.619992  
6210.507052  
6161.465833  
6279.871652  
6189.958334  
6293.383259  
6693.143045  
6306.282621  
6412.994352  
6304.538569  
6304.388786  
6297.029238  
6206.570136  
6387.355811  
6419.089827  
6285.315167  
6396.977364  
6249.819919  
6296.243912  
6256.523408  
6286.251175  
6367.20622  
6310.687785  
6195.558024  
6355.567  
6285.578044  
6316.625168  
6327.426929  
6506.688884  
6327.842253  
6358.458973  
6706.69105  
6281.997985  
6428.900423  
6222.099348  
6279.981333  
6212.020725  
6243.860067  
6293.86344  
6341.719006  
6129.963562  
6285.543462  
6318.047095  
6282.736158  
6203.02491  
6224.266845  
6244.634988  
6270.570513  
6468.926127  
6498.049979  
6267.96352  
6243.928231  
6200.658336  
6179.865233  
6204.916788  
6155.792752  
6279.072467  
6180.621501  
6256.152192  
6244.378741  
6140.54098  
6193.984106  
6203.013509  
6370.902013  
6145.43271  
6175.568201  
6164.362048  
6133.353051  
6193.020191  
6188.739693  
6143.568001  
6163.097744  
6333.119195  
6385.541594  
6281.469668  
6160.376897  
6146.988924  
6178.736372  
6243.736729  
6152.048491  
6163.501693  
6128.594628  
6166.23543  
6151.483917  
6159.587119  
6473.688122  
6330.30772  
6147.807825  
6238.336006  
6300.088112  
6225.451043  
6268.995489  
6191.601149  
6231.567554  
6211.22257  
6252.054738  
6199.060644  
6286.134839  
6211.610778  
6267.747281  
6306.758501  
6163.158466  
6168.797742  
6284.163113  
6177.413657  
6222.957763  
6157.538754  
6240.314035  
6192.37437  
6312.100301  
6240.047556  
6402.719978  
6428.016711  
6234.812985  
6267.389538  
6341.663414  
6300.368163  
6403.443976  
6290.892553  
6340.282085  
6544.124931  
6148.171526  
6222.502708  
6168.536391  
6233.910322  
6194.809641  
6254.326367  
6263.308024  
6380.302437  
6192.163419  
6284.530296  
6163.407914  
6269.392161  
6296.883498  
6244.331584  
6348.572196  
6208.534939  
6211.240422  
6269.870748  
6297.297065  
6215.103451  
6306.722425  
6207.000282  
6294.804798  
6219.119332  
6293.346822  
6414.801172  
6315.475529  
6267.518032  
6256.341923  
6238.251746  
6619.38635  
6278.596862  
6215.811272  
6394.733562  
6397.040517  
6265.844475  
6267.298746  
6300.641693  
6311.669571  
6366.627605  
6229.995436  
6306.177397  
6274.389889  
6394.448827  
6311.224245  
6280.553211  
6363.269409  
6351.995238  
6361.258042  
6357.998394  
6342.488145  
6346.651891  
6376.484095  
6658.454352  
6416.214971  
6394.798891  
6287.01343  
6319.784069  
6212.026138  
6443.176642  
6271.379178  
6423.059816  
6397.440413  
6337.604856  
6261.645124  
6320.54542  
6292.016101  
6388.723304  
6467.879132  
6307.706774  
6369.531571  
6289.089356  
6359.889877  
6483.950223  
6274.493887  
6347.171894  
6350.175089  
6234.898794  
6320.356247  
6275.661715  
6140.941184  
6452.603009  
6215.427812  
6410.78657  
6215.472034  
7678.191081  
7328.863685  
6260.270129  
6213.718952  
6547.158574  
