-1.003490967  
-1.060349732  
-1.322485334  
-1.088867512  
-1.132175918  
-1.013097739  
-1.08223669  
-1.448378038  
0.05332075447  
0.3877147986  
-0.7460904462  
-0.7330881425  
-1.052494224  
0.4345827505  
-0.1699877949  
-0.2044483108  
-0.9041165108  
1.281749417  
0.090610034  
-0.4304031628  
-0.6170215166  
-0.9166289884  
-0.8408157849  
-0.6155509032  
-0.3115447818  
0.07585678533  
-0.8907389879  
-1.119800192  
-0.7610449976  
-0.3324029887  
0.4244948007  
-0.7950233868  
2.415341416  
-0.06616478437  
-0.7015748343  
-0.1009510684  
0.2767338036  
-0.7118934256  
-0.7226678866  
-0.008102544698  
-0.05830173259  
-1.266238694  
3.262528393  
0.1668945125  
-1.488495374  
-0.8104286939  
-1.316930036  
-0.5533258588  
-1.386869684  
0.543051836  
-0.6576838131  
0.1015192892  
-1.485235168  
3.602903136  
0.4868930331  
-0.6394806147  
-0.5143868488  
-0.9401613231  
-0.7069235365  
-0.4439364812  
-0.3022957522  
-1.155983406  
-0.5639895111  
-0.4801135489  
-0.7615723338  
0.1898529786  
-0.6894367457  
3.122196711  
1.420899521  
-1.323135499  
-0.5893149262  
-1.069279381  
-0.2494235323  
-1.133585533  
-0.253959848  
-1.034594787  
-0.3562901676  
-0.7768931823  
-0.7072719488  
-0.6799337945  
-0.5381950415  
-0.7272361484  
-1.01754696  
-0.8026767734  
-0.6004947507  
-0.4404183591  
-1.014883724  
-0.008208558095  
-0.5103330881  
3.284061775  
0.1615056989  
-1.009320352  
-0.2231401294  
-0.5103480668  
-0.4702186823  
-0.6254869273  
-0.4223260355  
-0.7119101096  
-0.4039533936  
1.791911243  
1.749281829  
-1.021807102  
-0.8571535607  
-1.545001868  
-0.5942763776  
-1.48914593  
1.209574204  
0.1244134018  
-0.342403385  
-0.1542756619  
-0.6889591051  
-0.3689754678  
-0.03188567652  
-0.9887969095  
-0.5250737841  
-0.5582712974  
-0.1513531479  
1.495685035  
0.6932243158  
0.5884002677  
0.1667983585  
0.4899557559  
0.241764634  
0.3248692827  
-0.08328477928  
-0.004841284308  
0.5712784093  
0.6776453783  
0.6640297704  
-0.04016600631  
0.1010158132  
0.3579164968  
0.609390028  
0.5572381  
-0.4882095695  
1.925650946  
0.4865065359  
0.1067860113  
0.337726307  
0.6446598554  
0.7371378144  
-0.05090905396  
0.02809217018  
0.09569889943  
0.4282720547  
0.3519789638  
0.8379017842  
-0.1304925589  
-0.2646923076  
-0.009752119242  
1.028434426  
0.02783328034  
1.295242399  
-0.4740176539  
4.12377793  
1.106972599  
0.5933765793  
-0.6479270771  
2.584012321  
0.984756291  
-0.60702129  
0.3496945846  
0.5209707102  
0.6833517594  
0.6430404539  
0.8248311701  
-0.2030699788  
-0.5081194064  
0.2382323727  
0.6700897441  
-0.1477772295  
0.5047513876  
0.5897825756  
1.117522745  
-0.08505977476  
0.1914399238  
0.1932709405  
0.08222579721  
-0.1929869342  
0.6982594991  
0.3539391662  
0.03400934963  
-0.3732122645  
0.2457046672  
0.5313983647  
0.06492176052  
0.4181071813  
0.0522870678  
1.69359293  
0.2321881866  
-0.6222122209  
-0.119129989  
-0.04819093649  
-0.01490105287  
-0.6896493613  
-0.08980194246  
-0.2471029505  
-0.1734090831  
-0.07699773408  
0.8952016515  
2.291497754  
3.443435297  
0.1037097912  
-0.09946432409  
-0.01098080923  
-0.08982172335  
-0.87491044  
3.308476953  
1.488204855  
-1.088767627  
3.546196803  
0.385893162  
-0.3081206112  
-0.05454488567  
-0.9381044844  
0.08142778264  
-0.06241829243  
1.011860589  
0.03050237983  
-0.2302117422  
-0.440626996  
-0.6274692057  
-0.5855321077  
-0.6024650823  
-0.3823816758  
