5823.700252  
5494.24681  
5752.587974  
5508.588956  
5538.373965  
5714.041033  
5377.03742  
5457.348951  
5698.474993  
5522.947596  
5382.021053  
5693.874697  
5553.706155  
5425.478693  
5812.507649  
5568.423953  
5405.976802  
5353.595645  
5362.792253  
5550.724925  
5930.862103  
5522.637077  
5430.428802  
5599.184317  
5496.795969  
5545.363629  
5486.815867  
5583.357759  
5580.265749  
5553.628415  
5535.532643  
5648.871268  
5479.555174  
5548.810934  
5543.320092  
5616.419395  
5475.157828  
5576.448127  
5498.714641  
5463.577414  
5669.755933  
5499.162201  
5545.036679  
5518.412564  
5673.93759  
5544.901898  
5516.639582  
5534.196822  
5528.979539  
5583.938825  
5601.829626  
5692.856856  
5635.569782  
5751.085147  
5860.565443  
5891.197214  
5624.594929  
5580.645128  
5625.716822  
5595.053096  
5723.423889  
5750.999825  
5656.001683  
5525.576075  
5635.544653  
5486.836688  
5775.454144  
5927.885357  
5509.37177  
5845.080742  
5556.113719  
5672.729521  
5619.447668  
5576.373434  
5807.012528  
5656.382976  
5658.325913  
5667.624697  
5750.733386  
5646.598201  
5570.836393  
5581.640037  
5513.320712  
5561.643445  
5547.13424  
5685.298375  
5717.345294  
5595.908827  
5662.906569  
5552.124055  
5640.446066  
5612.239483  
5617.342452  
5541.140501  
5727.735389  
5597.5647  
5527.605052  
5790.247464  
5534.449553  
5537.94157  
5629.567469  
5616.431848  
5702.745685  
5674.41815  
6211.146323  
5977.689998  
5488.127675  
5665.789286  
5483.386332  
5639.387955  
5565.588958  
5762.208357  
5641.925428  
5744.133355  
5672.493758  
5560.406303  
5901.907675  
5640.029193  
5452.950799  
5670.113451  
5673.744611  
5612.769197  
5874.142005  
5864.002472  
5796.223907  
5703.335027  
5562.47246  
5523.672732  
5611.186775  
5654.94911  
5786.562498  
5658.299136  
5805.878961  
5667.319494  
5536.525697  
5625.663572  
5553.542353  
5591.331348  
5614.108853  
5750.298788  
5581.30936  
6010.720767  
6068.637224  
5540.810357  
5608.849695  
5766.405779  
5605.122241  
5646.050434  
5701.89133  
5681.175178  
5584.588851  
5750.18084  
5871.438617  
6011.408755  
6132.419418  
5699.650515  
5723.079613  
5936.304925  
5592.543941  
5716.995676  
5608.28738  
6033.582599  
6202.856949  
5770.868138  
5610.894371  
5593.012322  
5913.508937  
6368.396338  
5717.827513  
6122.170842  
6077.376335  
5633.134054  
5867.101088  
5599.808507  
5714.309221  
5659.144083  
5606.630228  
5532.410684  
5547.470634  
5610.489345  
5622.196385  
5634.85585  
5610.057913  
5571.322859  
5692.778893  
5554.076902  
5457.279399  
5506.805699  
5487.07094  
5480.232249  
5482.22412  
5532.087465  
5467.799502  
5732.432575  
5509.006262  
5617.282127  
5574.557179  
5791.012462  
5750.684356  
5492.717824  
5641.985858  
5791.475121  
5601.821494  
5616.903747  
5436.089888  
5531.247566  
5532.815842  
5883.738886  
5610.21629  
5548.122424  
5687.802003  
5517.521671  
6398.399816  
6931.019305  
6752.495195  
5591.10425  
5591.530536  
6819.916684  
6076.669746  
5810.21837  
5647.52506  
7275.790464  
6381.404746  
5958.756576  
5849.884966  
5465.885136  
5906.380949  
5620.156043  
5719.470532  
5528.427846  
5822.191124  
5707.789162  
5685.319126  
5570.142939  
5642.808379  
5666.426501  
5613.78142  
5650.328141  
5655.545452  
5702.4515  
5900.038932  
5549.017812  
5925.728731  
5524.149204  
5637.441176  
5561.483222  
6087.803238  
5753.843266  
5919.384425  
6866.989543  
5945.650504  
5471.242344  
5864.224404  
5514.733729  
5559.209455  
5560.607055  
5842.676019  
5645.337388  
5697.624327  
5575.206813  
5791.100918  
5727.290414  
5775.904553  
5782.021639  
5647.17113  
5830.753859  
6159.321332  
5682.40865  
5651.201145  
5523.917991  
5587.511105  
5902.508242  
6122.559261  
5554.272928  
5768.148982  
5676.475023  
5813.427994  
5582.082609  
5787.190732  
5738.907752  
6128.05034  
5869.601048  
5668.850589  
5716.746921  
5857.724609  
5622.144782  
5754.146806  
5653.704925  
6197.064636  
5877.116755  
5797.317349  
5647.751059  
6471.008125  
