5806.014898  
5764.086064  
5576.187538  
5599.654191  
5640.387071  
5688.165059  
5629.902066  
5729.614397  
5619.245149  
5682.284333  
5627.267028  
5615.054305  
5664.595552  
5687.128199  
6395.704975  
5736.86959  
5568.514493  
5874.681137  
5817.95194  
5638.207487  
5620.515567  
5677.729935  
5713.956885  
5651.84707  
5869.400061  
5646.059224  
5712.952582  
5557.091987  
5590.016102  
5630.215843  
5710.195014  
5617.73754  
5749.633799  
5617.019556  
5849.533126  
5762.032089  
5812.21633  
5927.540091  
5629.439295  
5793.823648  
5613.858652  
5717.161489  
5866.785222  
5731.739007  
5786.707882  
5707.856345  
5673.913039  
5653.251253  
5718.347113  
5792.623977  
5656.897058  
5580.313398  
5726.132836  
5762.986497  
5938.874591  
5769.56874  
5633.635817  
5677.756341  
5692.332778  
5729.864249  
5728.683422  
5731.159289  
5759.476941  
5766.245968  
5660.146144  
5833.477792  
5792.296939  
5776.100138  
5720.719723  
5930.006968  
6286.027992  
5730.616237  
5867.492263  
5658.263423  
6123.825038  
5802.602989  
6035.807546  
5939.177529  
5717.493263  
5757.235265  
5653.534645  
5688.303228  
5720.148391  
5838.889312  
5689.968191  
5827.095537  
5704.324581  
5758.713623  
5575.312974  
6009.997847  
6960.45552  
5971.805701  
5865.603885  
6397.435055  
5717.386927  
5797.511787  
5842.772386  
5681.970524  
6083.52091  
5768.059913  
5607.109524  
5795.789169  
5751.756352  
5728.639618  
5734.603204  
5666.45509  
5718.827526  
5689.283211  
5752.95277  
5809.187113  
5743.30251  
5775.300522  
5722.083915  
5725.618793  
5775.960772  
5633.946928  
5822.227302  
5574.981146  
6665.252224  
6257.93084  
5748.621312  
5712.16114  
5742.497295  
5615.964465  
6144.709916  
6062.845859  
5957.136491  
6339.405526  
6019.228234  
6071.410552  
5930.646635  
5771.356227  
5769.541164  
5612.834134  
5915.500113  
6171.871751  
5831.641181  
5876.873442  
5776.748617  
5769.476217  
5918.863728  
5842.543413  
5787.866714  
5882.086427  
5905.229283  
5775.990755  
5728.070551  
5953.260183  
6063.323832  
5932.985065  
5716.932309  
5744.746545  
5801.624886  
5767.041476  
5758.90608  
5639.57145  
6004.216348  
6058.048497  
5865.361193  
5757.447876  
5697.853766  
5711.351533  
5811.326639  
5884.123697  
6140.397711  
5640.374835  
6362.610647  
5659.67591  
6012.166575  
6124.88106  
5984.230625  
5732.560467  
6823.517401  
6392.031194  
5708.259615  
5763.188508  
6139.063682  
6940.088866  
7254.650168  
6408.753095  
5795.088404  
5861.197775  
5784.213507  
5869.119685  
5884.339577  
5724.855658  
6012.480033  
5862.992003  
5699.427846  
5791.133784  
5764.225076  
5806.020112  
5998.335018  
5869.070317  
5729.339069  
5871.829001  
5820.565999  
5838.537806  
5839.7511  
5817.480791  
5991.248464  
6271.496984  
6041.536611  
5727.632996  
5779.851013  
5863.901915  
5812.242309  
5932.659832  
5847.379352  
6092.984866  
6261.328602  
6015.342635  
5886.648964  
6426.121523  
6413.15094  
6091.070708  
6005.161431  
5742.480515  
5799.078525  
5752.347568  
5712.686789  
5630.66358  
5720.15209  
5695.157452  
5848.096621  
6339.642726  
6391.301375  
6230.692535  
6669.380513  
6021.160988  
6893.952518  
7763.107448  
7699.435034  
7722.575022  
7725.794365  
7686.014953  
7658.151759  
