-0.5779599927  
-1.060257513  
-1.273618138  
-1.340996896  
-1.654550838  
-1.728034595  
-1.203807792  
-1.447046761  
-1.800545673  
-1.839740116  
-1.239458257  
-1.510109201  
-1.13687752  
-1.309077028  
-1.42238868  
-1.233112549  
-1.736743375  
-1.779584318  
-1.688136895  
-1.448396932  
-1.231909777  
-1.541464794  
-1.452020159  
-1.607267844  
-1.39880614  
-1.643132528  
-1.875239684  
-0.9772754227  
-1.248113504  
0.4416006244  
-1.145848223  
-1.234557801  
-1.098281677  
-0.984396548  
-0.9763478957  
-1.411437481  
-1.205848433  
-1.484490381  
-1.48373668  
-1.521889656  
-1.036290535  
-1.219124975  
-1.026942096  
-1.410884703  
-0.4850272086  
-1.266398322  
-0.8652456898  
1.979949952  
-1.498122523  
-1.25200903  
-1.348317094  
-1.195013792  
-0.9117357263  
-1.10634477  
-1.237759085  
-1.246245424  
-1.075321479  
-1.015004041  
-1.030193221  
-0.9362630641  
-1.316303484  
-1.243439065  
-1.131693379  
-0.8470813235  
-1.057148545  
-1.014613401  
-1.027346063  
-0.6076985162  
-1.004350799  
-0.7476662251  
-1.280779927  
-1.192523871  
-1.251381618  
-1.023795213  
-1.152494265  
-1.079849532  
-1.228430175  
-1.091911782  
-1.297167447  
-1.065800417  
-1.308526802  
-0.8905023709  
-1.151387311  
-1.075379149  
-0.8206270013  
-1.069779724  
-1.313037617  
-0.9609130602  
-0.7776242129  
-1.153011102  
-0.656904965  
-0.5067685696  
-0.9916908039  
-1.208791163  
-0.1707072705  
-0.5568978603  
-0.5261017303  
-0.9908900331  
-0.7517450597  
-0.7737228062  
-0.8576241189  
-0.6504062283  
-0.6086709161  
-0.6551308449  
-1.027838096  
0.4335041207  
-0.806484057  
-0.695124978  
-0.9557263107  
-0.7833768896  
-0.8924173964  
-0.5313898325  
-0.3412869904  
-0.6661571088  
-0.05871041014  
-0.4260947787  
-0.238591522  
0.4147887282  
-0.1277534783  
-0.7264009547  
-0.6644879063  
-0.2423414489  
-0.5393212425  
0.1814475437  
-0.9281371642  
-0.7008745901  
-0.03030357529  
-0.4647225847  
-0.4313697466  
-0.4633123923  
-0.2234187305  
0.05469068361  
-0.7733674624  
-0.3815730097  
-0.02455971054  
-0.5632407308  
-0.4842012625  
-0.9955496226  
-0.3701941561  
-0.6927906011  
0.206515671  
-0.6251387322  
-0.144825106  
-0.283348438  
-0.3542577317  
0.3360370252  
-0.439753168  
0.01217768002  
-0.2433414902  
-0.275847179  
0.05749173436  
-0.1535962372  
-0.1506192795  
-0.108812083  
-0.1079150955  
-0.5722003101  
-0.3995276748  
-0.04766687258  
-0.2752832598  
-0.4225163213  
-0.3428912791  
0.2434162444  
-0.5918388067  
0.06771125135  
-0.08687975463  
-0.003801519568  
2.548278647  
-0.7017932291  
-0.08395927465  
-0.00462897841  
-0.1032054372  
-0.4141495732  
-0.3030192658  
0.008454511081  
-0.08460113254  
0.3061010676  
-0.4929993248  
-0.04240775879  
0.005704290191  
0.1595621039  
0.07094484731  
-0.194911013  
0.07217569609  
-0.3133513251  
-0.04430287582  
0.08687627494  
3.50725235  
-0.2450296709  
-0.1062323139  
0.01795858313  
-0.04648907427  
-0.03747352856  
-0.3664969885  
-0.1814460201  
-0.06626307462  
-0.0148975247  
-0.1398637684  
-0.3657761394  
0.2724617183  
2.079825521  
-0.1887048876  
-0.1855069634  
0.1209677742  
-0.19638055  
0.1767408494  
-0.2972447292  
0.02981409888  
-0.2902434478  
0.197313561  
-0.4714987926  
0.6377442186  
0.02040613297  
0.6722496349  
-1.00126044  
-0.8868613921  
-0.03042941708  
0.0535539999  
0.04937915189  
-0.1033567079  
2.144928034  
-0.2445617128  
0.4065180736  
-0.3594656957  
0.2395575076  
-0.2779380805  
0.1319522175  
-0.1264463343  
0.5389139978  
0.005555718153  
-0.08560018185  
0.01816048322  
0.1628227668  
0.117494063  
1.08918531  
3.002866496  
0.06646239385  
0.240033435  
-0.1892705339  
-0.07505344211  
0.04616796836  
0.1370538849  
0.6811534987  
0.715351071  
-0.1175462371  
0.07650092905  
0.09582304913  
0.4364082259  
-0.093486469  
0.5902500018  
0.6301438257  
0.3291053075  
1.310082021  
0.509979488  
0.4469775613  
0.6981022511  
0.5536046992  
0.4427368524  
0.3700997402  
1.331272708  
1.115461647  
0.7318314934  
1.064012372  
0.7644401376  
0.9718769335  
1.320087257  
1.126661446  
0.7585739395  
0.4888061154  
0.8925372814  
0.8376934511  
0.6836389329  
1.055300332  
0.7692696241  
1.212422634  
3.963159905  
0.5556437183  
0.8189812526  
0.6495692916  
1.026963395  
0.8646579229  
0.6155703562  
0.4848120923  
-0.1574167893  
3.633655351  
0.2733507915  
0.6417789095  
0.474726898  
0.8007557765  
0.4281230897  
0.9566626527  
3.382436092  
0.7498473301  
0.9733547756  
0.5016565708  
0.4643060766  
0.4454919678  
0.6023372366  
0.6827650863  
1.113656606  
1.099826674  
0.8267105085  
0.9938431668  
1.199125716  
1.768095333  
0.8619942495  
0.7169061877  
0.7891613546  
0.7936438057  
0.9050530749  
-0.03591367512  
0.2567184683  
0.3278103931  
1.068596907  
3.323225483  
0.7512581344  
0.5185445074  
0.7461660222  
0.9215367673  
0.02930905515  
0.6282980101  
0.9009360426  
1.472632585  
0.7604048471  
1.058293948  
0.3962889765  
0.5951416959  
0.4088787062  
0.7399088737  
0.6375483422  
0.8557036991  
0.5024700247  
0.3951135117  
0.3210774037  
0.4772287302  
0.7512654542  
0.6998138747  
0.3136616203  
0.6893018661  
0.4148432497  
0.8137145493  
0.2518193971  
0.8319692673  
3.272467999  
0.5551191151  
0.4989034898  
1.266906082  
0.8691396883  
0.6745694912  
3.036054129  
0.4319839302  
2.573627406  
-0.05492547641  
0.8984994787  
0.09040553231  
1.654654282  
1.096955579  
0.6407420995  
0.3207074052  
1.049838754  
2.85270546  
-0.9012018973  
0.411366101  
0.3920159836  
0.6353737665  
0.9426792401  
2.612388034  
0.1706298733  
0.8583520991  
1.212062949  
-0.06288549304  
0.1565638103  
0.3956452608  
0.4748568971  
0.3721779547  
0.6457213615  
0.4730468655  
0.8727636751  
4.133639757  
0.820875343  
0.6979986266  
0.7579976704  
1.077526102  
0.815317496  
0.3924503131  
0.6021620622  
0.5377923099  
0.3199155364  
0.3155922053  
-0.2359076074  
0.4431773554  
0.3616719283  
0.5234592593  
0.2396813627  
0.6994463114  
0.082895455  
0.6741637218  
0.07006350983  
0.3328223552  
