3901.032347  
4350.139859  
4019.383694  
4097.148369  
4293.850491  
4165.970894  
4263.246815  
4057.635834  
4137.125447  
4239.93289  
4196.247183  
4148.121854  
4123.733752  
4218.14394  
4167.948666  
4088.135612  
4003.463441  
4187.013007  
4177.923815  
4173.327294  
4143.225399  
4227.705518  
4240.173982  
4184.631425  
4135.508307  
4163.173756  
4069.841649  
4143.866343  
4250.117779  
4168.679793  
4154.023836  
4141.884663  
4131.103885  
4208.409901  
4176.465482  
4266.036059  
4082.698195  
4075.922  
4210.863997  
4125.448849  
4235.38732  
4158.063679  
4110.204856  
4192.226981  
4214.44712  
4080.679256  
4171.639602  
4125.797783  
4146.620364  
4213.739505  
4143.133281  
4147.778807  
4137.548824  
4158.749697  
4081.98668  
4106.84518  
4213.545488  
4233.783907  
4232.033503  
4173.82518  
4149.346942  
4184.897996  
4250.572548  
4035.884153  
4090.133005  
4211.33051  
4215.660456  
4242.498722  
4220.603947  
4201.655254  
4140.030412  
4157.238468  
4223.597063  
4189.717945  
4148.533442  
4139.534458  
4133.067951  
4215.364487  
4203.423283  
4207.766965  
4075.755414  
4213.531756  
4300.607109  
4225.680697  
4132.091789  
4152.879103  
4227.221351  
4251.899531  
4257.007637  
4191.591877  
4140.724277  
4285.037697  
4226.03546  
4180.83464  
4123.494629  
4157.752035  
4074.959593  
4187.76175  
4305.325147  
4119.341089  
4253.830251  
4159.825855  
4291.119985  
4200.743789  
4225.676789  
4219.216137  
4163.169828  
4172.08456  
4209.795721  
4177.543547  
4195.063317  
4162.125091  
4066.772049  
4206.614431  
4217.853872  
4200.545795  
4337.88702  
4042.915185  
4218.579121  
4233.021445  
4231.708146  
4250.576466  
4260.671188  
4219.59446  
4269.30362  
4257.636872  
4207.482751  
4225.723775  
4243.098506  
4162.446546  
4199.287405  
4197.286086  
4246.677717  
4235.612709  
4195.939469  
4049.58949  
4171.427904  
4228.652276  
4158.500786  
4187.046334  
4263.823081  
4244.405921  
4263.495744  
4297.992234  
4142.586397  
4266.196801  
4095.041228  
4112.994164  
4197.531118  
4231.553299  
4180.119178  
4094.915786  
4118.264956  
4221.070419  
4062.640098  
4197.148899  
4230.357613  
4165.582788  
4243.904139  
4172.819622  
4179.537049  
4158.6203  
4216.152462  
4184.886248  
4175.738248  
4252.12301  
4281.033127  
4242.200746  
4265.871448  
4154.633418  
4257.611416  
4236.202715  
4208.950907  
4196.396191  
4168.803289  
4194.481138  
4256.970404  
4243.043613  
4215.315486  
4250.288298  
4208.650996  
4206.796712  
4278.204631  
4174.779725  
4209.231225  
4455.017222  
4251.576115  
4149.893802  
4043.665942  
4325.600874  
4243.786504  
4283.063829  
4260.31636  
4234.126924  
4187.24821  
4286.405843  
4231.676771  
4234.634631  
4339.059156  
4271.044198  
4302.249702  
4175.087505  
4187.569686  
4163.838235  
4329.983725  
4242.728027  
4245.068453  
4296.486846  
4159.629826  
4153.325979  
4257.627089  
4208.511779  
4168.942478  
3968.861066  
4278.579012  
4282.075905  
4251.293858  
4336.062088  
4314.91024  
4273.664959  
4215.244921  
4293.774009  
4322.088268  
4284.185043  
4170.412565  
4214.882285  
4303.021965  
4156.930732  
4224.087076  
4214.119804  
4208.204055  
4213.927688  
4254.39087  
4257.348726  
4253.806765  
4282.20528  
4255.131824  
4263.344802  
4274.631283  
4269.854428  
4283.894881  
4284.283063  
4204.538609  
4253.747971  
4366.348267  
4242.837778  
4235.638193  
4157.381532  
4172.35899  
4200.124364  
4244.927299  
4298.850823  
4396.195338  
4306.512999  
4276.8384  
4183.349502  
4211.66372  
4253.263779  
4204.662123  
4249.243543  
4196.503978  
4211.114882  
4359.619084  
4150.895449  
4209.03126  
4278.561376  
4234.113256  
4126.193746  
3956.825767  
4235.612721  
4304.370561  
4107.231282  
4204.967877  
4287.623107  
4282.340536  
4257.852504  
4252.991337  
4189.31614  
4236.334058  
4256.196155  
4276.187644  
4288.597304  
4314.118364  
4038.610729  
4232.560802  
4262.155003  
4304.431296  
4302.63583  
3952.662444  
4211.350111  
4201.80424  
4149.286144  
4169.016911  
