1.544121282  
-0.6823687094  
-1.186667288  
-1.32292909  
-0.4084527294  
-1.113513437  
-0.5966643865  
-1.168301593  
-0.6080569309  
-0.4532812555  
-0.6432611936  
-0.833873387  
-0.9714959641  
-0.6316696143  
-1.168234481  
-1.117460727  
-1.537773916  
-1.023910848  
-1.119033341  
-0.7576028135  
-1.492810217  
0.3486144668  
1.960683664  
-1.411238816  
-0.6868239148  
-1.091111357  
-1.705750898  
-1.272906741  
-0.5732242032  
-1.229411144  
-0.9617052277  
-1.452636725  
-0.9775075812  
-1.025688529  
-0.9485771779  
1.716659314  
0.6731898159  
-0.9120311987  
-0.7452072748  
-1.257666162  
-0.5635070387  
-0.7939778913  
-0.8637839611  
-0.8726625758  
-0.8136689547  
-1.662335538  
-0.9433637033  
-0.436452941  
-1.206518833  
-0.8871883123  
-1.490630288  
-0.8005018497  
0.03165019245  
-0.8266565368  
-1.105253595  
-1.56310964  
-0.9269249735  
-0.868074902  
-0.7919628415  
-1.369216422  
-1.264668213  
-0.9565415616  
-0.3154640641  
-1.595002023  
-0.9033558307  
-0.9902019178  
-0.7432802352  
-0.8292146465  
-1.06524085  
-0.9295266822  
-0.7971449539  
-1.050525815  
-0.8446081529  
-1.099078892  
-1.105783472  
-1.604737987  
-0.6976164714  
-0.7798677721  
-0.8412552547  
-1.057495872  
-1.345904159  
-0.8504378443  
-0.272293624  
-0.6643729716  
-0.8562164132  
-1.258096543  
-0.3780126329  
-0.5586907798  
-0.5234776523  
-0.8535229158  
-0.8328445298  
-0.2051379264  
0.2311386329  
-0.3669728528  
-0.2197104689  
0.1759265647  
-1.471357633  
-0.001796211847  
1.138794239  
-1.39900638  
0.3739409807  
0.9046469154  
0.7546663097  
0.2915593219  
0.03086614638  
-0.1734046347  
-0.1186015901  
0.1239418334  
-0.4347000668  
-0.2931309265  
-0.5149484609  
-0.3848127208  
-0.7811762979  
-0.2525472498  
-0.5616432487  
0.3085049156  
3.120425599  
-1.843435168  
0.8473644511  
0.6832042725  
0.2861781364  
-0.2777414641  
0.2608319186  
-0.8433929364  
1.312863342  
3.802235893  
-0.04531911665  
0.2736362518  
-0.2596104378  
-0.384075417  
-0.2023772364  
0.3474802567  
-0.4039513637  
0.2774704517  
-0.5752479458  
-0.2290920703  
-0.001601652661  
0.01341233137  
-0.3844852024  
-0.2952399394  
0.4841586252  
0.193859149  
0.02738275071  
0.5676272968  
-0.3821399734  
0.04619137677  
-0.7665228804  
-0.3678018961  
0.1501580233  
-0.2550940669  
-0.03708850262  
-0.6771262607  
-0.09503620375  
-0.1743267123  
-0.02651290597  
0.08493006297  
0.8609098984  
-0.2128589341  
0.3982348953  
-0.6612225992  
0.6070402857  
1.164824279  
0.05410972862  
-0.1346061474  
-0.1927026432  
0.2837577563  
0.04617826103  
0.2240542406  
0.3755873584  
-0.4170160459  
-0.0437846989  
-0.01867965558  
-0.2003006877  
-0.2627584818  
-0.006812714772  
-0.5721856535  
0.03478145242  
0.08903643949  
0.02311717212  
0.3978453838  
1.758217353  
0.4119098556  
1.204319405  
0.1426277907  
2.631297371  
5.161799781  
1.263001414  
0.4574397508  
-0.2471962132  
1.516327262  
0.940722724  
1.023162189  
0.3852878362  
0.7106756536  
0.03078569073  
0.6921668664  
-0.4555815419  
1.654790642  
3.085852657  
0.3790499943  
0.7886529955  
0.01925778883  
0.2073737064  
-0.2152673891  
0.7355556384  
0.3894436103  
0.5317698813  
0.5291385253  
0.2024755368  
0.4925148205  
0.3472993804  
0.3445956746  
-0.3450446962  
-0.1449981161  
2.124075862  
0.3962506966  
0.9157439727  
1.987319646  
1.477613544  
1.00723184  
0.7149706333  
1.06799869  
1.119968326  
0.6675451141  
-0.3075679835  
-0.02517869088  
0.9381856446  
0.1030507666  
0.3744323292  
0.3692444221  
0.1478845723  
0.2252567973  
0.3001272655  
0.1899534792  
0.1941428292  
0.3046041102  
0.1862660613  
0.5390391582  
0.3036291716  
0.4163031508  
0.211761925  
0.4813014185  
-0.7291366341  
1.190285807  
3.831071039  
0.5086717196  
0.6866154972  
-0.2906217219  
-0.1972885284  
-0.6027514626  
0.3293566754  
3.606884832  
3.895093315  
0.1389946362  
0.7392776451  
-0.01469038206  
0.5147607887  
0.5016687053  
-0.3468067173  
0.007332380245  
-0.2867522923  
-0.1231138255  
1.053381255  
0.05280085443  
1.243625929  
2.422353229  
-0.148155911  
-0.4039111899  
-1.108192001  
0.4246437163  
0.1253640913  
-0.2041937896  
0.2150476166  
0.4701768699  
0.2291779916  
0.632334126  
0.675589038  
0.6737675351  
0.4033070579  
0.5603460045  
0.476205771  
0.98695136  
0.7632651831  
-0.4509047589  
0.4018021066  
1.068373673  
0.5860691671  
1.824034665  
0.5951346613  
0.6978299896  
0.2819766714  
0.5678383602  
0.6849534127  
