10108.23947  
9634.742557  
9565.998127  
9482.570408  
9503.659776  
9533.34499  
9570.005176  
9471.173368  
9520.777447  
9401.863889  
9509.715093  
9465.946303  
9571.221854  
9509.486405  
9417.025969  
9468.169792  
9525.004164  
9518.743611  
9454.79859  
9543.246653  
9541.011282  
9635.218053  
9575.747755  
9480.883809  
9540.305969  
9462.77061  
9548.828964  
9685.584385  
9729.382252  
9498.837682  
9389.397653  
9516.897083  
9565.811168  
9605.022765  
9509.737459  
9509.637014  
9590.229951  
9535.195232  
9472.535962  
9590.5544  
9466.847098  
9512.960211  
9489.849005  
9654.380667  
9541.322986  
9432.345145  
9435.73368  
9477.546579  
9562.098254  
9536.520838  
9540.750021  
9582.828518  
9545.347161  
9512.948836  
9386.238789  
9580.857531  
9494.554507  
9522.006123  
9484.923061  
9536.995528  
9530.368096  
9687.061314  
9552.786123  
9482.742015  
9448.226029  
9604.789975  
9541.888839  
9538.378152  
9514.256969  
9641.117811  
9557.024735  
9463.733172  
9596.595104  
9607.084428  
9594.299468  
9510.972989  
9517.453691  
9744.609706  
9508.585182  
9564.688258  
9467.037583  
9500.26565  
9721.296731  
9617.69646  
9330.695792  
9614.260218  
9566.048427  
9654.961067  
9625.447169  
9554.660147  
9681.609464  
9824.121004  
9614.063398  
9773.6932  
9627.948031  
9569.729597  
9711.043901  
9728.046916  
9641.117514  
9674.182122  
9536.153049  
9531.584418  
9656.044127  
9582.233563  
9613.909123  
9654.325815  
9578.783638  
9610.873924  
9567.129864  
9580.590415  
9472.947171  
9758.78484  
9615.676075  
9529.872908  
9511.355919  
9610.546822  
9610.717123  
9592.266074  
9569.901528  
9579.516374  
9556.297627  
9549.725045  
9493.147579  
9497.777847  
9510.514041  
9607.787801  
9549.311214  
9780.64233  
9681.546307  
9672.100208  
9617.006204  
9540.773771  
9788.770852  
9583.060083  
9533.704  
9606.998266  
9652.022878  
9570.437352  
9483.643924  
9647.288561  
9586.187247  
9589.17695  
9502.879212  
9418.588956  
9885.334048  
9673.059086  
9553.10318  
9640.405741  
9563.3705  
9602.740555  
9508.105576  
9760.911506  
9595.780789  
9527.978843  
9545.023266  
9554.911566  
9747.645102  
9760.897901  
9636.079828  
9597.245304  
9500.102732  
9024.13909  
9333.778717  
9499.030025  
9615.277134  
9597.515592  
9559.523592  
9649.402449  
9555.319037  
9744.028211  
9529.603273  
9513.132219  
9406.010666  
9497.467284  
9516.457811  
9558.399543  
9598.788631  
9524.511514  
9671.222148  
9685.605249  
9541.811533  
9716.159771  
9556.290549  
9638.501336  
9570.917662  
9508.47499  
9495.468305  
9476.219927  
8756.496452  
9269.849213  
9623.129157  
9575.399391  
9611.485792  
9361.474315  
9657.951437  
9642.680324  
9738.208157  
9633.355155  
9587.051092  
9698.270399  
9658.780441  
9628.285561  
9761.461952  
9635.040903  
9624.270687  
9547.309309  
9839.445002  
9569.115456  
9864.005067  
9617.114474  
9005.861287  
9611.677418  
9412.105277  
9635.310149  
9649.814027  
9554.939545  
9571.38845  
9493.65011  
9457.747961  
9694.281981  
9729.134361  
9714.777527  
9685.215896  
9527.707993  
9675.276318  
9650.067881  
9552.616618  
9535.91153  
9680.511196  
9565.371981  
9501.641612  
9740.40126  
9634.662986  
9826.456767  
9763.058867  
9655.034841  
9713.483802  
9734.792139  
9701.271033  
9810.414819  
9665.04476  
9606.843221  
9521.364409  
9565.316844  
9500.569116  
9454.209386  
9443.463991  
9390.576468  
9740.965104  
9396.302509  
9698.311995  
9522.38636  
9424.443859  
9470.502544  
9447.608005  
9371.234878  
9729.196232  
9534.633571  
9731.271229  
9497.433073  
9106.958929  
9530.114115  
9462.499344  
9683.044305  
9539.40792  
9580.115573  
9508.33015  
9493.131033  
9512.382538  
9560.634483  
9586.284694  
9535.79501  
9522.21942  
9688.532429  
9569.163665  
9614.130246  
9545.697738  
9533.426961  
9747.574911  
9632.451312  
9586.088873  
9638.935215  
9599.586558  
9643.592602  
9648.769928  
9772.857648  
9631.948542  
9709.855324  
9559.404263  
9634.184901  
9585.107316  
9577.237455  
9690.189366  
