0.309711245  
-0.7558471302  
-0.8048355163  
-1.004198399  
-0.8754358376  
-0.3519457101  
-0.3942531327  
-0.6342215214  
-0.763213196  
-1.172787891  
-0.9202929754  
-0.8076478844  
-0.6533647538  
-0.7330172825  
-1.006074882  
-0.8263961481  
-0.5581504818  
-0.6522516296  
-0.9471825986  
-0.8103036347  
-0.8814930683  
0.475659599  
-0.3053696392  
-0.6086183157  
-0.5070956711  
-0.8033720574  
-0.6063657746  
3.071290261  
0.4822516974  
-0.6212931938  
-1.247810509  
-0.6155757789  
-0.7400819581  
-0.5304082597  
-0.5718222736  
-0.7852887423  
1.689927711  
-0.5840329738  
-0.6095229052  
-0.4633763478  
-0.6340984973  
-0.8042151855  
-0.787494722  
-0.3499220429  
-0.5222987303  
-0.9945583444  
-0.8685997105  
-0.4904321554  
-0.5190054358  
-0.6577525303  
-0.4973305968  
-0.4636358459  
-0.3652049878  
-0.3485476234  
-0.8992068362  
1.138386315  
-0.6550220415  
-0.2385310526  
-0.4584657472  
-0.6553545339  
-0.1773255094  
2.241121319  
-0.3746569926  
-0.7874998496  
-0.9758052436  
2.455879597  
0.1689611128  
-0.3871342859  
-0.6843899116  
-0.3187919118  
-0.3948753989  
-0.9131493341  
-0.4348081461  
-0.17345098  
-0.04864249002  
-0.7532516776  
-0.278044918  
2.292941863  
-0.4970367138  
0.4729843757  
-0.6960719494  
-0.5091314702  
0.3798599437  
-0.1261186642  
-0.9979469903  
0.3547054988  
-0.3571481024  
1.900766587  
-0.04505563592  
-0.2840539849  
0.6324063229  
1.708510545  
0.1250635349  
1.46371673  
-0.1481875793  
-0.07750418035  
0.9224209417  
0.3448291851  
0.3351865942  
0.1979822481  
-0.5823698471  
-0.2902726015  
0.1576580784  
-0.2593346186  
-0.4298619494  
1.852549373  
-0.6307428308  
2.029252115  
0.7272417843  
-0.03252329383  
-0.1349715752  
0.2888714415  
0.3010949869  
-0.6588189519  
-0.4677399767  
-0.02303858969  
0.06528145338  
0.9960223684  
-0.1577060257  
-0.1977617222  
-0.4752459282  
-0.4436046497  
-0.7133896313  
-0.2672418758  
-0.7866723689  
-0.09168615261  
-0.3150426121  
2.472452412  
2.232046082  
0.2312648894  
0.0145304308  
-0.1237717315  
1.828961225  
-0.3509117321  
0.04880387218  
-0.2537498226  
-0.08205901378  
-0.30149657  
-0.8921751493  
2.111539231  
-0.1185009345  
-0.1264103566  
-0.2733744794  
-0.862018764  
2.805739009  
0.06381823144  
-0.493964015  
0.1383998642  
-0.5594039737  
-0.2441770729  
-0.8209427376  
2.741742806  
0.3704730512  
-0.2630446169  
-0.4141630317  
-0.6958780061  
2.156622599  
0.6963661534  
-0.215988358  
2.187123182  
-0.6396405578  
-0.3844507902  
-0.9501347015  
-0.9576467123  
-0.1760353084  
-0.2425063971  
-0.342663166  
0.1550289691  
-0.5531880787  
2.47240327  
-0.1755776799  
-0.9673603787  
-0.7731729709  
-0.7180914228  
-0.7793281282  
-0.2082234024  
0.1741874381  
-0.5649991498  
-0.2092237357  
0.07406615529  
-0.4017123159  
2.177830065  
-0.4327692132  
0.7163177501  
-0.3808866378  
-1.103286036  
-0.9291469017  
-1.10289476  
-4.472917134  
-1.474532246  
-0.9380071568  
1.144204124  
-0.2853372593  
-0.287529054  
0.4688028396  
-0.4712422159  
2.181571618  
0.3187106158  
0.001051083515  
0.6332733849  
-0.03505913254  
1.938150621  
0.7094296144  
-0.0002043225796  
-0.105556501  
-0.4043508292  
2.447278208  
0.133476251  
1.108147177  
0.5243810772  
-0.913900762  
-0.4668622009  
-0.6668374355  
1.990286779  
0.3866806193  
0.8992646646  
-0.2614888243  
-0.5981915137  
-0.9451921262  
2.222290706  
0.2482435805  
2.248350623  
0.4663487346  
-0.4229300959  
0.9018466499  
0.4183595628  
-0.3228447476  
-0.732716338  
1.491137907  
-0.4232570246  
-0.7150036545  
2.463683992  
0.4211575457  
2.190574975  
2.55002346  
-0.1086836053  
1.549736005  
0.2523808677  
2.054357584  
0.780949303  
0.275838438  
-0.2493762531  
0.1418263304  
-0.5622850176  
-0.7220082563  
-1.090108032  
-1.140931405  
-1.37574885  
2.090506815  
-0.9238938148  
1.792245107  
-0.4059858917  
-0.5883495664  
-0.3594307098  
-0.8327140098  
-0.9895831927  
1.575114061  
-0.1747407093  
1.87793107  
-0.2825836884  
-1.694405928  
-0.6069765781  
-0.7833333338  
0.9066447737  
-0.3844485774  
-0.3128911337  
-0.6925071454  
-0.7426022414  
-0.6467163605  
-0.6590047588  
1.27409349  
-0.4918340139  
-0.5862333186  
1.601047689  
-0.2784261941  
-0.4108616775  
-0.6037827264  
-0.6184801842  
1.925856054  
-0.1077378442  
-0.4029083061  
-0.04873132751  
0.2934787364  
-0.3645857027  
0.8956341035  
0.2184496561  
-0.05863905909  
0.161831616  
0.1389983898  
1.314595801  
-0.2279530834  
0.1408859297  
2.097763949  
