-0.3612534154  
-0.7083684328  
-1.255711779  
-1.371611731  
-1.067351401  
1.446189657  
0.4042973687  
-1.784322827  
-1.682535895  
-1.591862975  
-1.339213868  
-1.082845898  
-1.198550778  
-1.045476186  
-0.9044034063  
-0.7203335312  
-1.245095256  
-1.2019451  
-1.228197747  
-1.081210654  
-1.346483772  
-2.258522904  
-1.454484236  
-1.42183608  
-1.481286466  
-0.01822978354  
0.5257818688  
-1.010522956  
-0.991455935  
-1.259786432  
-1.070399216  
-0.9130974675  
0.1965494962  
-0.4405173012  
0.08734105685  
0.6243919599  
-0.5923900958  
-0.7359221076  
-0.9724497356  
-0.7675228597  
-0.8568543533  
-0.7301605243  
-0.8288350295  
-0.686184486  
-0.8609735403  
-0.3047732647  
-0.2090698124  
-0.4491619868  
-0.4491039209  
-1.085005538  
-0.8650179177  
-0.8572553238  
-0.4860649266  
-0.6541715351  
0.3963040438  
0.5927909735  
-0.83066525  
-0.4312878081  
-0.8228134503  
-0.4644690427  
-0.6713636311  
-0.3914711501  
-0.5416299328  
0.1105653752  
0.9481963125  
0.3603257349  
0.2286409358  
1.25350344  
1.679618389  
-0.1822597807  
-0.7540163507  
-0.8030736119  
0.3814408123  
0.5338415346  
1.93224023  
1.42157735  
0.002019663831  
0.928759412  
1.337065953  
2.361605183  
1.457218813  
0.1020288601  
0.08750067443  
1.110122407  
0.9859781761  
0.7695856141  
-0.00106506314  
0.7459034231  
1.484384874  
1.300147839  
2.080942497  
1.964720636  
0.7485448814  
1.096692917  
1.99685594  
1.536917765  
2.01906961  
0.8848040632  
-0.08128154627  
1.293964191  
1.139852228  
1.04847296  
0.05408850123  
-0.8627992782  
0.06108699888  
0.3731558119  
1.9595387  
0.6644080552  
-1.010477104  
-0.844370766  
-0.1289950924  
-0.1366336763  
-0.6448979249  
-0.8146192981  
-0.9751197692  
-0.7815279661  
-0.7297417474  
1.501635036  
1.491406866  
0.6719871522  
0.5023367365  
0.396586532  
0.2985146542  
1.066867171  
1.097626202  
1.097694492  
2.036625881  
1.342988763  
-0.05335994393  
-0.8493443944  
0.763793064  
1.298699165  
0.90801221  
0.1054132241  
-0.004684670331  
-0.558199496  
-0.7489104206  
-0.5638504824  
0.7884679125  
-0.3762198317  
-0.7401492338  
-0.6200060053  
0.05113908386  
1.204075189  
0.4109873843  
1.14416253  
-0.235896901  
0.07220789597  
1.372493254  
-0.541209833  
-1.082308376  
-0.8821269944  
-0.9327411829  
-0.4425903053  
1.319260739  
-0.5798725776  
-0.231652034  
-0.5148305679  
-1.02350111  
-0.8504306099  
-0.7788309409  
1.371809297  
0.9554684829  
0.01418730369  
0.3289566824  
1.169627725  
1.056289332  
-1.803494772  
-0.6207491443  
-0.521832843  
0.9265051728  
0.06605683931  
-0.229783623  
-0.9926026397  
-0.2378255411  
2.061713129  
1.256766932  
0.0775432348  
0.1778347668  
0.761385661  
0.9595735626  
1.073737528  
1.24332631  
-0.1182420736  
-0.1579555531  
-1.030536716  
-0.1499434303  
1.190126897  
1.781077423  
0.8884665961  
-0.9161912954  
-1.171976892  
-1.863888226  
-1.587102069  
-1.388782943  
-1.615602741  
-1.710646536  
-0.01890252089  
1.435872216  
-0.3570248577  
-0.665054896  
-0.9801221914  
1.216741665  
0.8147881939  
-0.2069209912  
-0.6482612334  
0.05529040555  
1.504547121  
0.5664092205  
0.8517540802  
1.862905241  
1.602071248  
-0.4522680531  
-0.3165235743  
-0.4913119088  
0.02577458626  
0.138518372  
-0.0498016828  
0.9845156428  
1.206377206  
-0.05451016589  
-0.632884588  
-0.7527581358  
-0.5762166944  
-0.5251883264  
