0.9885195374  
0.03776439481  
0.1399247591  
1.389522616  
1.155591887  
0.6270195755  
1.466167171  
2.053256066  
0.7261434219  
-0.5195696147  
-0.4237895015  
-0.2539741314  
0.2075357996  
1.029767585  
1.035917757  
0.4892477778  
0.2185070736  
0.4768177755  
0.4653151635  
0.1624079463  
0.4494047881  
0.4463352421  
0.4407629716  
0.145075078  
0.178121322  
-0.5647531067  
1.107138068  
2.32208939  
0.05959864371  
-0.1792244352  
-0.2379760368  
0.03801585757  
2.044589375  
1.151314946  
-0.2696820062  
-0.6933313921  
1.051181453  
0.7525695085  
-0.4465971804  
-0.4702341781  
-0.5881986441  
0.9111107564  
1.863630871  
1.284037437  
-0.1625325988  
-0.239602362  
-0.5917163785  
0.6109181985  
0.2726217916  
-0.2456855378  
0.7288561045  
1.066011893  
0.1296792161  
0.1586893094  
-0.1420947985  
-0.1032261162  
1.044899611  
0.6653499769  
0.7666100455  
1.046842647  
1.8846732  
1.228745846  
1.597265823  
2.008198033  
2.218523718  
1.012304908  
0.7648341923  
0.6206131508  
0.6922559863  
0.8363227579  
1.695945656  
1.835299282  
1.40171901  
0.6804271266  
0.2450208295  
0.1167827844  
-0.3571665804  
0.1842268141  
-0.2000637237  
0.0383354631  
-0.506207054  
0.6715546234  
0.5724596297  
2.219520175  
1.554890158  
-3.299042421  
1.677352456  
0.7120925831  
0.07082040237  
0.1578222609  
-0.001849225633  
-0.08562356966  
0.3764511413  
-0.05029713227  
-0.6415095253  
-0.04889817643  
-0.4511807981  
-0.2849497319  
0.3027602596  
0.07785785559  
0.4904512229  
0.09508021911  
0.2551072519  
0.5617270614  
0.4860101477  
0.873164461  
0.1692184073  
0.5842086274  
-0.3628075247  
1.112930187  
1.415422738  
0.1925705968  
1.237564781  
0.3156841872  
1.539172814  
0.8451440998  
0.1947967952  
0.4535697426  
0.2200662902  
0.1658666371  
0.04389261639  
-0.02417153774  
-0.1652306579  
-0.3825093795  
0.9860843802  
1.840482034  
0.7685289367  
1.749653608  
1.115319611  
0.9648546683  
0.2881883046  
0.0765712675  
-0.5164555561  
0.6789738342  
-0.2808230873  
-0.9869878175  
-1.028337644  
-1.175883563  
-1.432232579  
-1.42677777  
-1.608367411  
-1.381849819  
-1.292151372  
1.376682539  
1.183684256  
-0.3940635768  
-0.2978088423  
-1.437102169  
-0.1575030992  
-1.239166678  
-1.032879096  
-0.6668360335  
-0.9277085468  
-1.001211699  
-0.8936824456  
-0.9900446784  
-1.071053057  
-0.9252850691  
-0.9272032059  
-0.8627715356  
-1.013666879  
-1.213388014  
0.08987865475  
1.197576372  
-0.2606974996  
-1.284177638  
-0.3130116831  
-0.7445804263  
-1.264483256  
-0.8961654404  
-0.6665720135  
-0.926605253  
-0.9257454661  
-1.136041669  
0.3632651476  
0.2898068432  
-0.08500478358  
-0.3661297521  
-0.287186097  
-0.3700964734  
0.5615662081  
0.8170008575  
0.2875988503  
1.166984034  
0.7161176446  
-0.6384210613  
-0.7611002346  
-0.9714051228  
-0.7320762885  
-1.147125231  
-0.4104005493  
-1.481277773  
-3.94529228  
-1.74411163  
-2.015328454  
-1.519192644  
-1.717050978  
-1.632482985  
-1.464707352  
-1.171977486  
-1.624831563  
-1.12910157  
-1.151366598  
-1.277583202  
-0.2785192335  
-0.8494986361  
-1.197865415  
-0.0508838653  
-1.348799498  
-1.325702879  
-1.155356811  
-0.9743268059  
-1.095950126  
-0.9858816414  
0.7431116442  
-0.3910502894  
-0.9135134275  
-1.195575772  
-0.7682412891  
-0.5864473692  
0.7662335736  
-0.3977078362  
-0.4714722001  
-0.2899310853  
-0.6267781526  
