6715.61916  
6672.681454  
6353.578129  
6480.207189  
6419.522599  
6522.837144  
6443.110134  
6466.747286  
6365.338785  
6444.969867  
6465.709873  
6502.605066  
6495.146286  
6449.369364  
6390.900235  
6449.293235  
6430.935813  
6458.916224  
6486.64678  
6440.638203  
6414.388489  
6572.365026  
6480.096324  
6463.908042  
6509.426876  
6497.737353  
6402.273741  
6441.998239  
6448.770418  
6491.084344  
6456.469125  
6445.638296  
6459.773266  
6489.105477  
6496.319365  
6467.15431  
6472.048538  
6542.953401  
6534.707043  
6508.842793  
6445.127023  
6554.446028  
6482.834654  
6464.545039  
6473.13723  
6502.299003  
6449.205576  
6460.719701  
6403.183726  
6443.048896  
6442.552538  
6455.555763  
6430.364987  
6472.017082  
6477.215741  
6483.777766  
6485.822793  
6528.054007  
6484.04414  
6521.730235  
6544.318404  
6467.303205  
6453.371771  
6520.08229  
6484.656336  
6481.415012  
6435.844902  
6495.644329  
6486.128893  
6520.2676  
6552.525077  
6455.971084  
6473.380459  
6496.071196  
6484.823441  
6453.467721  
6492.120076  
6461.910999  
6485.331403  
6428.66245  
6469.05375  
6524.013559  
6453.749  
6495.472248  
6530.160252  
6515.515693  
6514.010003  
6567.477395  
6576.848872  
6502.682849  
6494.735964  
6577.404799  
6588.354722  
6623.86012  
6660.692443  
6599.559463  
6584.236528  
6564.358558  
6504.933078  
6584.890086  
6565.882402  
6566.054487  
6621.689313  
6567.588262  
6606.409405  
6597.102444  
6596.190774  
6529.205599  
6561.090776  
6601.538321  
6581.587562  
6496.238303  
6547.541529  
6531.487239  
6589.066198  
6590.474255  
6588.184317  
6543.176748  
6600.982402  
6683.651262  
6660.050499  
6708.73781  
6626.414763  
6559.884573  
6587.823627  
6637.38126  
6586.218688  
6555.74318  
6589.345833  
6685.123811  
6596.071666  
6577.017642  
6560.389236  
6644.060749  
6630.90859  
6658.711955  
6650.313362  
6677.036286  
6667.509285  
6693.919506  
6644.237777  
6627.445562  
6676.554802  
6699.753488  
6655.47892  
6612.198713  
6711.621734  
6664.512867  
6647.454249  
6660.268883  
6674.114318  
6721.972707  
6736.297964  
6600.287477  
6681.740232  
6723.744751  
6629.876126  
6661.589231  
6675.404894  
6638.052999  
6613.495907  
6590.68436  
6563.44193  
6526.844497  
6660.904248  
6594.779431  
6648.365904  
6620.941445  
6634.565179  
6681.372891  
6640.331348  
6668.495399  
6650.685623  
6617.31962  
6596.382696  
6621.535454  
6675.50087  
6657.456123  
6580.940613  
6603.576767  
6584.294414  
6590.859758  
6601.035341  
6517.529293  
6510.464282  
6522.071081  
6468.774148  
6469.576584  
6538.838468  
6495.897484  
6516.834379  
6468.383665  
6519.264946  
6382.779604  
6195.138333  
6580.442593  
6292.254867  
6442.87352  
6326.884984  
6476.634968  
6463.075798  
6589.238299  
6487.287102  
6608.677814  
6459.190862  
6610.535868  
6205.492627  
6478.590684  
6399.477506  
6426.104461  
6498.00207  
6477.207469  
6476.029402  
6384.832922  
6512.997426  
6535.274546  
6608.858142  
6566.08756  
6534.386038  
6559.247586  
6583.271912  
6569.317282  
6534.443937  
6542.902106  
6615.392043  
6567.05383  
6583.750074  
6615.100839  
6519.384065  
6485.394251  
6539.467233  
6599.918513  
6567.070373  
6553.262999  
6605.653244  
6579.661642  
6569.911265  
6615.891718  
6556.587033  
6528.618197  
6548.072606  
6547.849267  
6505.065418  
6594.585858  
6591.00867  
6602.079376  
6560.682078  
6484.232768  
6572.623096  
6501.514728  
6530.615266  
6461.575096  
6529.978288  
6457.359272  
6442.959562  
6456.76196  
6555.145885  
6474.76531  
6559.720791  
6601.321581  
6518.702366  
6505.962196  
6494.267718  
6470.321153  
6514.926653  
6469.866141  
6559.533814  
6440.188156  
6509.873619  
6469.513736  
6588.230656  
6528.55202  
6610.128858  
6492.829913  
6499.923021  
6474.259013  
6646.36227  
6568.787827  
6542.562916  
6544.002406  
6589.996072  
6569.524107  
6550.289736  
6649.077419  
6721.355552  
6480.091388  
6538.623389  
6527.026509  
6604.682026  
6538.082331  
6696.374874  
6488.059775  
6885.566474  
