-0.9205903228  
-1.494042732  
-1.646456176  
-1.541294224  
-1.132043176  
0.8967890487  
-0.2580300086  
-1.752297531  
-2.322165417  
-2.181579918  
-1.980639641  
-1.75235249  
-1.826633089  
-1.587197396  
-1.32155552  
-1.318401474  
-1.910566418  
-1.952973875  
-1.689605858  
-1.716886754  
-1.426612987  
-1.70509485  
-1.832076821  
-1.694382611  
-2.065212043  
-0.5487905959  
0.2540030266  
-1.179731809  
-1.236675381  
-1.212614947  
-1.398571066  
-0.9357457926  
0.4598624558  
-0.03369761956  
0.3678177702  
0.5196656326  
-0.5009275836  
-0.7855092687  
-1.101875218  
-0.9717222039  
-1.140758713  
-0.9903623531  
-0.925119709  
-0.7618120981  
-0.8836651766  
0.4169296069  
-0.02700013191  
-0.3343695458  
-0.05925421259  
-1.017344558  
-1.043790183  
-1.003902469  
-0.126265064  
-0.08866333887  
0.364695916  
0.9504979129  
0.4847621249  
-0.507530038  
-0.516920888  
-0.537207019  
-0.4733604092  
-0.6956494341  
-0.4483167571  
0.07325611434  
1.380901367  
0.7257046547  
0.6677279377  
1.125714743  
1.458485784  
0.7098871653  
-0.6939081621  
-0.8660379857  
0.4595560883  
0.1119759119  
1.354376216  
1.155247598  
0.5968916388  
0.9885674845  
1.243980759  
1.591264266  
1.321535854  
0.3336955157  
0.0137840155  
0.9034027815  
0.8756702013  
0.009752300395  
0.1909633032  
0.2022549691  
0.7791659295  
0.9468595539  
1.454121725  
1.393659544  
1.429896156  
0.642735469  
1.235339337  
0.9859584803  
1.367324847  
1.783310657  
0.3447184577  
1.305520836  
1.549859745  
0.9850330303  
0.160001202  
-0.5185626877  
0.5815045091  
0.233066304  
1.180076764  
0.4541016795  
-0.2355384211  
-0.7153106666  
0.3007169125  
-0.2576648214  
0.06264779492  
-0.8227550369  
-0.8636816729  
-0.8430601571  
-0.6818514009  
0.7734681618  
1.248204715  
0.7016106303  
0.2394864167  
0.1579136846  
0.2489356429  
0.7107272176  
1.195598625  
0.7253424205  
1.458265074  
1.650871811  
0.557326411  
0.4342931491  
0.4422072697  
0.8432628126  
0.9740322256  
0.06642131718  
-0.1920307119  
-0.5100568229  
-0.6087263213  
-0.5402078505  
0.7995852773  
0.3794621897  
-0.5249025497  
-0.5782599542  
-0.3020874214  
0.8492335242  
0.3679073669  
0.6292231447  
-0.2489521075  
0.4555709332  
0.8043613558  
0.2486920187  
-0.6127851075  
-0.566854615  
-0.6970579021  
-0.5558065581  
0.8186077623  
-0.3578538418  
-0.6799721934  
-0.7913290471  
-1.048116455  
-1.009117668  
-0.7711862172  
0.8219528083  
0.939565795  
-0.539607017  
0.04999114267  
0.6291188797  
1.181558491  
0.955300437  
-0.5515636689  
0.0387442301  
0.6899716756  
-0.3286111925  
-0.4424113779  
-0.8699461825  
-0.4051520529  
1.723335775  
2.047446163  
0.05914096128  
0.04916237674  
0.523479901  
0.9064662951  
0.9145072998  
1.070235719  
0.3406636017  
-0.1660606498  
-0.7821973538  
-0.3141956066  
0.5966973145  
1.808765633  
1.415015454  
-0.8310401722  
-1.202877132  
-1.858703719  
-1.485360766  
-1.416700117  
-1.300347714  
-1.235889079  
0.5291003672  
1.301310863  
1.081691271  
-0.218791793  
-0.4779460302  
1.057612437  
1.141268834  
0.132485106  
-0.2104412818  
0.2009994807  
1.939044344  
0.6286098433  
1.066294046  
1.729890184  
2.660484318  
0.6565662111  
0.139812522  
-0.1920357533  
1.088174456  
0.3414989035  
0.04043455133  
1.040947751  
1.546012431  
0.3790390211  
-0.442781365  
-0.4276223978  
-0.5331956721  
-0.7852497845  
