5995.942788  
6040.084003  
6473.884945  
6517.063133  
6788.286079  
6447.007067  
6680.747071  
6497.284535  
6711.26348  
6680.990735  
6692.752871  
6577.212598  
6744.309354  
6596.889995  
6757.208978  
6630.833825  
6773.316659  
6793.275078  
6776.764338  
6759.053063  
6689.927136  
6694.316694  
6711.369553  
6648.330627  
6676.179833  
6712.14875  
6712.386018  
6649.598728  
6707.216357  
6745.916583  
6697.193551  
6695.690405  
6704.814746  
6951.5155  
6888.400185  
6779.937597  
6878.15711  
6821.255988  
6871.501822  
6909.371154  
6888.473385  
6853.064586  
6826.305881  
6772.576185  
6954.799526  
6796.625275  
6786.187635  
6726.776587  
6708.705943  
6778.874999  
6749.177132  
6817.851909  
6833.646193  
6746.047653  
6769.987087  
6728.230685  
6715.708123  
6790.435615  
6812.706139  
6828.609776  
6897.995453  
6808.189744  
6889.349411  
6819.049505  
6854.537377  
6834.718228  
6940.556468  
6867.335401  
6889.783228  
6807.568374  
6872.845539  
6868.748724  
6873.627107  
6890.178169  
6919.948401  
6870.90035  
6875.707777  
6941.303777  
6779.74168  
6883.391512  
6987.120688  
6830.933522  
6991.536592  
6869.901739  
6941.009353  
7019.727456  
7087.367958  
7165.845975  
7083.913164  
7092.961187  
7045.585958  
7001.367787  
7093.434901  
6953.063498  
7037.149183  
6861.310525  
7079.47373  
6952.958977  
7066.469117  
6909.892633  
7070.866485  
6904.84372  
6551.388034  
7100.374109  
6976.274886  
7166.139009  
6926.619611  
6829.928654  
6947.066856  
6853.719918  
6917.047142  
6840.40404  
6744.027697  
6919.090981  
6996.359939  
7054.79749  
6906.918064  
7029.114638  
7115.108572  
7101.283463  
7069.218359  
7054.97536  
7041.199847  
7073.088589  
7016.429425  
7027.974884  
6903.77463  
6900.604941  
6853.565561  
6856.145067  
6718.933143  
6840.807968  
6932.978773  
6972.919837  
7007.509353  
7023.791238  
7011.669989  
7099.932339  
6871.2984  
7239.13591  
7388.936131  
7242.614976  
6647.191276  
6525.742129  
7048.306638  
6936.126864  
6952.757882  
6761.960032  
6706.658315  
6933.854238  
6894.664533  
7195.745411  
6788.891407  
7165.543083  
6416.40385  
6153.972272  
6772.752301  
6667.271037  
6841.174267  
6928.229291  
7020.561648  
6962.527653  
7081.662619  
6912.50885  
6935.662416  
7079.511326  
6989.938248  
7089.298188  
7039.523849  
6961.080391  
7054.616859  
7127.761095  
7024.426851  
7104.326816  
7118.854207  
6994.384022  
6990.10549  
7054.572481  
7142.026721  
6666.845951  
6937.273408  
7072.25039  
7000.76198  
7074.70224  
6974.211171  
7091.391802  
7018.31853  
7030.933124  
7100.864593  
7118.677226  
7132.616579  
7164.284355  
7111.66516  
7118.440167  
6992.592552  
7123.134444  
7024.998871  
7097.977287  
6984.247418  
6999.221922  
7036.562926  
7071.151959  
6761.743827  
7087.504518  
7005.550289  
6869.048395  
7124.78087  
6970.406842  
7097.327375  
7051.190673  
7082.206286  
7021.492451  
6859.299751  
7330.57223  
7097.722005  
7100.23096  
7105.728673  
7041.486593  
7167.764338  
6656.648467  
5901.9916  
6480.696327  
6020.526088  
6483.679906  
6211.723831  
6558.437851  
5720.682295  
5987.993289  
6005.017542  
6251.350639  
6623.275572  
6385.084405  
7181.016642  
7082.630179  
7210.264714  
7152.867744  
7303.760779  
