3567.461408  
3345.697021  
3403.057698  
3500.983018  
3417.512139  
3389.536218  
3392.599628  
3489.318079  
3495.808047  
3536.683364  
3475.615066  
3415.684285  
3441.50733  
3509.315118  
3489.879684  
3478.344701  
3539.443327  
3289.815181  
3356.279457  
3512.209692  
3600.753442  
3481.042607  
3560.658988  
3712.203333  
3308.086503  
3130.700712  
3653.313948  
3066.547684  
3013.751969  
3297.865665  
3046.936185  
3463.923816  
3543.85076  
3420.529844  
3624.181868  
3264.763448  
3368.270394  
3584.761658  
3392.094456  
3494.157471  
3241.642264  
3171.07436  
3504.596217  
3650.112517  
3344.150125  
3358.142054  
3414.798423  
3496.934942  
3300.499627  
3271.750176  
3143.310402  
3853.086194  
3439.410906  
3364.206188  
3179.844198  
3616.761474  
3597.716417  
3772.633595  
3579.078294  
3645.296669  
3451.82082  
3611.99042  
3466.715421  
3437.024837  
3534.693081  
3533.186233  
3521.691629  
3527.189374  
3597.777213  
3506.066463  
3589.275462  
3302.200231  
3508.531287  
3727.222719  
3515.906702  
3634.161882  
3564.503633  
3500.804028  
3544.096466  
3688.275404  
3611.79607  
3628.802208  
3245.037419  
3526.141494  
3449.449125  
3390.731671  
3563.287596  
3395.78218  
3479.580165  
3311.134295  
3406.638692  
3585.621082  
3661.540313  
3591.16129  
3600.593692  
3685.944315  
3525.7642  
3639.526488  
3635.638927  
3564.949474  
3302.229459  
3493.233444  
3510.700735  
3560.496073  
3724.182072  
3581.024174  
3487.037465  
3650.005701  
3433.351352  
3460.712823  
3709.745497  
3325.763256  
3584.109226  
3346.716719  
3638.515383  
3616.664015  
3619.470135  
3693.166867  
3626.657844  
3601.879589  
3562.554158  
3709.361778  
3583.990076  
3618.577982  
3689.070207  
3634.759451  
3661.690587  
3552.299226  
3592.339764  
3650.55322  
3577.051721  
3692.473601  
3348.670936  
3618.280323  
3477.441696  
3569.159387  
3527.416842  
3519.559652  
3602.19911  
3594.507216  
3554.700531  
3628.499474  
3355.123168  
3555.002023  
3532.06912  
3612.437399  
3593.532633  
3270.664217  
3664.979917  
3596.295552  
3754.196486  
3656.871665  
3605.759687  
3557.284057  
3632.122702  
3368.653007  
3723.668529  
3463.207555  
3530.859114  
3640.975727  
3371.076768  
3609.181701  
3629.512024  
3317.835281  
3525.43884  
3411.383629  
3649.239118  
3771.238063  
3694.21597  
3366.121859  
3600.31621  
3701.239939  
3711.803479  
3658.863294  
3415.837646  
3592.811556  
3619.791247  
3630.543246  
3579.801407  
3628.648457  
3527.911359  
3389.700616  
3387.384183  
3588.520826  
3563.022808  
3610.869936  
3679.583067  
3550.705065  
3465.112316  
3637.880069  
3795.763104  
3532.192692  
3726.040319  
3542.255374  
3467.217022  
3491.551263  
3173.699477  
3481.474058  
3496.013389  
3719.661472  
3764.737387  
3704.055419  
3624.741236  
3530.667379  
3675.67998  
3732.369527  
3440.075367  
3547.909409  
3605.713368  
3645.728415  
3694.181338  
3690.775602  
3622.077684  
3540.467015  
3682.970207  
3652.194241  
3690.507787  
3602.21224  
3681.282493  
3663.944298  
3711.528239  
3709.20596  
3802.586801  
3812.578734  
3631.643686  
3709.429882  
3799.838072  
3619.042653  
3799.491439  
3511.91731  
3794.78351  
3653.96896  
3351.444328  
3692.939079  
3387.80937  
3551.944297  
3729.616963  
