3478.516578  
3038.627144  
3171.442263  
3366.244993  
3354.320792  
3382.185296  
3189.346084  
3368.962115  
3432.863375  
3243.43433  
3407.924732  
3375.042115  
3469.48057  
3302.511475  
3358.164066  
3378.215215  
3383.532647  
3357.172926  
3403.680214  
3254.008479  
3462.099901  
3140.628712  
3392.89648  
3329.05873  
3337.708007  
3025.356424  
3222.127039  
3537.619153  
3120.936797  
3376.339603  
3390.272934  
3258.860288  
3409.942335  
3209.231825  
3362.112466  
3130.239537  
3237.005383  
3427.151922  
3241.311502  
3522.751077  
3167.836887  
3358.926069  
2852.68968  
3364.64763  
3510.849714  
3410.81602  
3137.310967  
3276.059515  
3293.460591  
3297.629137  
3257.92522  
3413.865964  
3253.997316  
3403.573219  
3143.13164  
3305.117945  
3401.247963  
3186.924186  
3338.155799  
3397.735866  
3275.220581  
3304.833696  
3306.766045  
3376.274867  
3276.573386  
3313.355819  
3371.870344  
3271.279519  
3432.219993  
3204.003326  
3375.719974  
3254.952091  
3389.125437  
3274.22075  
3333.228509  
3349.107971  
3269.751875  
3526.675454  
3373.06621  
3487.189747  
3183.331059  
3288.071086  
3400.316144  
3375.732183  
3427.229491  
3198.809645  
3296.354867  
3397.092795  
3287.557442  
3217.430415  
3313.80007  
3295.29992  
3230.901978  
3340.110726  
3472.631727  
3346.918543  
3383.583125  
3322.568143  
3377.018083  
3330.124458  
3286.891301  
3397.13159  
3363.565707  
3364.776001  
3393.210801  
3236.956588  
3459.354488  
3338.800492  
3198.066258  
3430.458542  
3437.117547  
3203.67186  
3361.597131  
3169.141919  
3331.838231  
3472.724999  
3344.804108  
3518.791092  
3152.877149  
3363.043007  
3416.85048  
3349.934721  
3273.9365  
3282.098899  
3667.083492  
3297.360653  
3339.887165  
3298.498949  
3395.56905  
3369.508813  
3372.39211  
3498.115793  
3329.005151  
3434.442648  
3291.822373  
3409.27965  
3198.082505  
3317.474938  
3248.01298  
3320.571441  
3332.757745  
3381.35541  
3343.025886  
3277.157716  
3306.818441  
3406.037394  
3127.380445  
3394.663769  
3418.474697  
3213.406349  
3445.270026  
3336.683698  
3352.02489  
3243.753965  
3204.371917  
3149.609096  
3505.683335  
3514.028179  
3324.999485  
3422.451334  
3408.628542  
3302.389317  
3368.81455  
3240.395186  
3399.202758  
3371.990205  
3366.253023  
3331.835927  
3380.85715  
3345.641121  
3390.607056  
3348.60253  
3423.064042  
3357.932776  
3361.539141  
3408.268664  
3388.825242  
3116.827615  
3264.383664  
3348.004807  
3426.449397  
3057.499434  
3026.751265  
3438.518962  
3337.814582  
3282.661219  
3338.76424  
3382.050034  
3443.326138  
3319.428134  
3313.360253  
3471.84115  
3184.819369  
3427.428583  
3189.00482  
3323.317371  
3593.957813  
3390.76137  
3443.318899  
3403.974365  
3413.269647  
3345.861642  
3304.944401  
3240.462142  
3382.28964  
3321.178089  
3460.594435  
3285.599793  
3290.144378  
3391.774056  
3171.803528  
3310.783765  
3265.468714  
3440.89859  
3358.413362  
3351.66469  
3424.417821  
3577.526019  
3208.716171  
3448.778631  
3506.732037  
3548.937925  
3465.650747  
3498.2179  
3523.298438  
3405.581286  
3497.187125  
3414.890404  
3417.490121  
3350.126885  
3425.865918  
3490.211106  
3035.175386  
3330.210039  
3112.149341  
3076.605774  
3571.809848  
