0.1070666776  
3.02085407  
-0.6827598217  
-0.5655553266  
-1.052267233  
-0.7051291855  
-0.9004573814  
-0.8331578935  
-0.7356309492  
-0.6580362821  
-0.7047816189  
-0.6843244573  
-0.6577655355  
-0.6798669367  
-0.9131862437  
-0.9075782659  
-1.056429659  
-0.7441868164  
-0.6977619454  
-0.8093479163  
-0.7850524643  
-0.7431329625  
-0.780887718  
-0.6592206825  
-0.7934836696  
-0.5312691473  
-0.7174643908  
-0.7535371318  
-0.5974916566  
-0.6953242202  
-0.5654642993  
-0.8135247967  
-0.9157705635  
-0.4127771028  
-0.8001561549  
-0.4260030271  
-0.9422883534  
-0.48566761  
-0.2857876831  
-0.7029594486  
0.6901714927  
-0.7698336425  
-0.6639880423  
0.1184210652  
1.152059939  
-0.4943296946  
-0.4499242169  
-0.9126780566  
-0.6259583934  
1.698657907  
-0.6022932468  
-0.5569916577  
-0.6468698691  
-0.7147501775  
-0.3029624816  
-0.5864125278  
0.4339624947  
-0.5704301855  
-0.570467546  
0.06236684594  
-0.456407592  
-0.712915627  
-0.8156647918  
-0.677960106  
-0.7137159188  
-0.6795010743  
-0.7267358952  
-0.7795991941  
-0.641242106  
-0.2488956474  
-0.4218339686  
-0.6436709298  
-0.3573888899  
-0.6192552583  
-0.4782719323  
0.8995477671  
0.04073332529  
-0.5725035327  
-0.3855913645  
-0.9962296039  
-0.5879139627  
-0.5825773894  
-0.4128788283  
-0.6340714604  
-0.1621960963  
0.1812827947  
1.159107637  
-0.5812979138  
-0.2530656182  
0.07717319653  
-0.3284401596  
-0.4570730008  
-0.2543987189  
0.1721769539  
-0.5946657628  
-0.3539563997  
-0.6881285228  
2.327909851  
-0.03542390387  
-0.5146053235  
-0.3545876465  
0.0509843825  
-0.5985121369  
-0.3257651637  
-0.4958171937  
-0.04495397183  
1.668389614  
-0.3942465043  
-0.7118734066  
0.2984213092  
0.2936370091  
-0.5000057003  
-0.1474998201  
-0.2768125519  
-0.3792819373  
-0.09200808006  
-0.7284472875  
-0.4872059243  
1.97904406  
-0.5051877997  
-0.4567352746  
-0.2730881466  
-0.4832994298  
-0.1780495135  
-0.2200509611  
-0.5850423725  
-0.5189371981  
-0.7440821914  
-0.02829588661  
-0.8074313108  
-0.6337349703  
-0.5865765942  
-0.5451555839  
-0.4625835204  
-0.06005770506  
-0.4495852846  
-0.6362123376  
-0.6361349911  
-0.2422248018  
-0.1117092882  
-0.5074524849  
0.3569703429  
1.376146974  
-0.1252418752  
-0.4266668108  
-0.5498893679  
-0.5632255463  
-0.675711669  
-0.5243380937  
-0.2437970799  
-0.07014143474  
-0.1765951113  
-0.4666609581  
-0.4866891428  
-0.5098334612  
-0.4487721582  
-0.7566136518  
-0.6690135202  
-0.7826745396  
-1.041932289  
-0.5995746852  
1.543341462  
-0.7686471801  
-0.4446390841  
-0.7662417136  
-0.9267779664  
-0.363126268  
-0.634809144  
-0.7813034178  
0.2080453516  
1.853399621  
-0.5753660259  
-0.4734089106  
-0.6753356962  
-0.3141379861  
3.386954175  
-0.7177147723  
0.005983060104  
-0.6605925915  
-0.3663532318  
3.849638203  
-0.364430715  
-0.02509700357  
0.1448015846  
3.712774979  
-0.2624307577  
-0.3185666661  
-0.3986167252  
-0.3755664593  
-0.3602970863  
-0.4066754891  
-0.6744768896  
-0.4704026846  
-0.4694255189  
-0.7632341094  
-0.496695915  
3.274762418  
-0.3573368941  
-0.3752387875  
-0.5191373015  
-0.4089863619  
-0.3975095663  
1.206275188  
0.4170867633  
-0.3930609346  
3.161081944  
3.802050978  
-0.6739790839  
-0.4715708325  
1.009626061  
4.451635139  
0.9993263766  
0.2755355226  
3.273329227  
-0.01079902042  
0.3294658175  
-0.02816306382  
-0.2137918049  
-0.2551431331  
-0.4021366023  
0.6801926071  
4.794838715  
0.5494575227  
0.6353966406  
0.9141934158  
0.1276255994  
-0.2596528863  
-0.5059382436  
-0.5581240561  
-0.1606029382  
-0.4645978962  
-0.1597041256  
3.456802307  
-0.2870439979  
-0.1446633531  
-0.0774577769  
2.43785397  
-0.4082919372  
-0.5668075973  
-0.2277352064  
0.4671658201  
3.525467957  
-0.1248483083  
0.07423106171  
1.650439073  
-0.4231378589  
-0.4746541154  
-0.1519244598  
-0.4019917447  
-0.3747211658  
-0.5143021467  
-0.5236363012  
2.548222959  
-0.4410398057  
-0.2634695558  
2.032768014  
-0.5979036418  
-0.238126381  
-0.3331192422  
0.113684932  
1.921753209  
-0.5882296555  
-0.3800834735  
3.217930024  
0.4914316182  
0.2043555809  
3.276333714  
0.402778977  
-0.0006841709442  
-0.05887435021  
0.1141020244  
2.32608867  
0.2924407743  
0.100563185  
-0.2292969582  
-0.3211606304  
-0.1972752505  
0.1398395774  
-0.4610235608  
-0.2123460503  
2.76341255  
-0.4638395704  
-0.01782851371  
-0.02273131056  
-0.03410427491  
0.006838369337  
0.2334077919  
0.01866145242  
-0.004199602646  
-0.001854812963  
-0.1152447272  
-0.2090452857  
0.1309049424  
-0.1145634476  
-0.3072908498  
0.0107908463  
1.527278993  
0.2742874799  
-0.1461235318  
-0.129729323  
-0.1272105048  
-0.3528138406  
-0.3657016805  
-0.4241433766  
-0.4163033644  
0.07933309189  
2.493706022  
-0.1446877681  
0.2113581698  
3.698860001  
0.1831570872  
0.06692113255  
0.2991111198  
-0.2612397636  
-0.01059053753  
2.868943639  
-0.1637897064  
0.1089510084  
-0.4299787693  
-0.2126805591  
-0.07289234449  
0.01740138317  
1.095360945  
0.5068066528  
0.2982991359  
-0.08173603202  
-0.3351464049  
-0.3839504652  
-0.349506324  
-0.3961907218  
-0.1099453452  
3.410860972  
1.528783357  
0.3465633221  
0.3197562173  
-0.2648815807  
0.003468865286  
-0.1911894056  
-0.1675580506  
-0.226491997  
-0.4270785992  
-0.3436397799  
0.9813824497  
-0.1924624892  
-0.1945299076  
-0.2835127804  
0.1120438702  
-0.1342926989  
-0.01251079334  
-0.03269693978  
1.584382629  
1.946187567  
0.3229195866  
0.01229369038  
-0.1767251744  
0.06883975306  
-0.310747115  
-0.07017225443  
-0.03488849457  
-0.1248416971  
3.828139744  
0.4731754305  
0.8050616463  
0.275641922  
0.2142127151  
-0.4048533183  
-0.5526742013  
-0.3209261458  
-0.3596026997  
1.700400869  
-0.1925963601  
-0.2805928335  
-0.277277796  
-0.2281600985  
0.01721351869  
-0.4469914831  
-0.3163989076  
-0.5209304145  
-0.3081679239  
-0.168609854  
-0.4273167747  
-0.2005828457  
-0.6848107822  
-0.4040722249  
-0.4954961967  
-0.3134775594  
-0.7846535375  
-0.4925076532  
-0.1512663426  
-0.08660383322  
-0.2833524372  
0.08582408425  
-0.08887313014  
0.01557801209  
-0.14299069  
-0.2487746891  
-0.4926933274  
-0.3929816025  
