-0.5183618825  
-0.5750185893  
-2.045817145  
0.4398401333  
0.5890418267  
0.4884732531  
1.16975288  
-0.07616839873  
-0.5906779328  
-0.3280964014  
0.1009841098  
0.1207326405  
0.01217950827  
0.894300363  
0.4424299007  
-1.173992638  
-1.127553756  
0.8872045486  
-0.2386952915  
0.8980896358  
-0.9786270664  
1.177211967  
-1.759477902  
-0.4061719689  
0.4456680059  
0.7085168746  
-0.2770965112  
-0.08949337422  
0.6694386789  
0.1762356527  
0.6195418458  
-0.4485480742  
-0.608045527  
0.6386405835  
0.6792496775  
-0.3807662198  
-0.5236294058  
1.084946626  
-0.08947388261  
-1.31589345  
0.1337289584  
0.6971473247  
0.1477563279  
-0.4053853278  
0.03598780106  
0.6352652412  
-0.5067781002  
0.05483147574  
0.3688609568  
0.831873633  
-0.2125365809  
-1.35538315  
-0.4792970729  
1.040021756  
-0.193883725  
-1.062352946  
-2.742606826  
0.0270357817  
0.3292249481  
0.9057270773  
-1.733688147  
-2.473425806  
1.09618913  
-0.139402389  
0.2523315629  
-0.1759796925  
0.8645520879  
0.2189225513  
1.445158462  
-0.7148627966  
-2.290475464  
-0.3573862573  
0.05611532002  
0.7280526499  
-0.2383010913  
-0.3276160246  
-0.2450245868  
-0.8278020032  
1.767136834  
-0.9957582466  
-0.3787405756  
-0.04409611142  
0.2313185886  
0.03775847811  
1.064948657  
-1.043812449  
-0.009596750484  
0.3075204691  
1.05587201  
-0.08658934643  
0.7590562861  
-0.06465829287  
1.038599157  
-0.6682841126  
-0.7379050722  
0.3414177187  
0.09466501254  
0.4437320343  
1.15236329  
-0.5879638639  
-0.8206488177  
-1.602607023  
-1.68041779  
1.283410098  
1.161079494  
-0.3990556439  
-2.335924741  
1.56348348  
-0.290010331  
1.808141764  
-1.53338974  
-1.036164358  
-0.4288763576  
-0.4358740178  
0.3247280632  
-0.1057736249  
1.335290205  
-0.6158641022  
-2.416386197  
-1.930544213  
-0.1183441114  
0.414670639  
0.3914523696  
0.6325932149  
-1.388250166  
0.1962033675  
0.2457091642  
-0.0243318272  
1.220819934  
0.6987500434  
-0.5833852481  
-1.041331862  
0.8921192927  
0.5690879849  
1.248916622  
-0.6462849431  
-0.1260553849  
0.7793720056  
-1.634869837  
-0.114912485  
0.4151369563  
0.6018732829  
0.8689564605  
-0.2076162148  
-1.427177399  
1.239167268  
-0.5996401197  
-0.8286871506  
1.082938587  
0.5590323644  
-0.4111976688  
-0.06577118491  
-0.02791987495  
1.149094366  
-1.457817704  
-0.6048237145  
1.833090777  
0.5038898818  
1.376642578  
-0.8636166742  
-1.48405539  
0.9425375004  
0.459286404  
0.284660456  
0.502112131  
0.7147545107  
-0.223595127  
1.157697029  
-0.01401337338  
-0.1349255712  
1.114269464  
-0.9599620181  
0.5265993202  
1.003579297  
0.2581542296  
-1.083540742  
-1.239999958  
0.5100557741  
1.174369796  
0.6513705533  
0.6608994196  
-1.121788491  
0.5851856531  
0.1504348156  
-1.246716848  
1.101301762  
-1.272839964  
-0.3688711034  
1.111463734  
-0.1506610475  
-1.183766237  
0.7252615781  
0.8387018041  
0.7863814599  
-0.4276189795  
1.220131445  
-0.8540709888  
-0.9229961697  
0.9121166502  
0.9654692562  
1.622987652  
0.739217893  
0.5057417547  
0.5222977364  
1.263652367  
-0.05534273089  
0.4901328128  
1.716873472  
-0.3724775875  
-2.35511618  
-0.6589036497  
-0.6528582441  
0.767697645  
1.480245372  
1.747069612  
-0.0895673493  
-2.34774746  
-0.7912684301  
1.581278199  
0.3203585529  
-0.1380906667  
1.47163254  
-0.7834825874  
-0.2904310022  
0.06721126069  
-1.119617585  
2.084129709  
-0.8936875035  
1.504728282  
0.03476268158  
-1.808373531  
1.876754408  
-0.1127488232  
-0.2478319029  
1.244273184  
-0.3150762029  
-2.481312141  
-0.5552156385  
0.7453268272  
-0.2542560363  
1.512547997  
-0.9108141506  
-0.04471681382  
-0.5403439089  
-2.176756224  
1.170628995  
0.3564971395  
0.2858909867  
1.095477101  
0.6932086389  
1.09893385  
-1.172111794  
-0.4241020636  
1.247962668  
-0.5811002755  
-1.877661441  
1.055988592  
0.3803841638  
1.268650415  
-1.724527193  
-0.555645664  
-1.23207055  
-0.6832287922  
0.4407478836  
-2.775385228  
-0.1409005356  
0.3210727219  
-3.316147072  
-0.4742272827  
1.14789244  
-0.4748412983  
-0.7338627175  
-1.208341564  
1.507258766  
0.234623275  
0.449234815  
0.3551907046  
-0.7861570325  
1.52891719  
1.563929388  
0.5162342876  
-0.1008999218  
1.486860554  
-1.051579619  
0.3040208609  
0.479425627  
0.9953635535  
-0.6620645209  
-0.5688897698  
-0.5184473902  
-0.342789908  
1.16676303  
-1.062963462  
