3660.676598  
4038.67421  
3441.766442  
3558.928423  
3421.669201  
3573.600526  
3438.710464  
3438.575088  
3648.869923  
3483.157745  
3611.883951  
3579.232574  
3598.963993  
3543.98492  
3593.057739  
3602.599669  
3653.076059  
3603.618718  
3673.728539  
3589.229429  
3693.869713  
3692.468337  
3676.599092  
3486.10412  
3523.430202  
3419.594143  
3374.116757  
3811.543647  
3489.234487  
3712.937997  
3570.54879  
3636.05936  
3587.792934  
3706.136284  
3628.298399  
3851.568107  
3616.42819  
3585.445774  
3462.495542  
3657.939392  
3587.079922  
3579.028214  
3525.450536  
3281.151617  
3691.517116  
3573.038252  
3560.25169  
3652.933838  
3482.717245  
3663.020046  
3475.321927  
3579.200937  
3619.348519  
3631.779521  
3567.466107  
3638.848613  
3506.428524  
3517.645135  
3569.611098  
3596.406477  
3629.75706  
3700.790719  
3598.881831  
3525.872954  
3511.044811  
3599.655788  
3678.082491  
3626.335598  
3621.84893  
3920.966674  
3798.659666  
3525.06472  
3679.175838  
3662.733503  
3685.384065  
3653.167725  
3488.435584  
3559.276154  
3556.17547  
3566.196746  
3689.983796  
3537.159061  
3672.683121  
3587.059119  
3749.608062  
3571.803201  
3655.812899  
3656.27614  
3516.319214  
3591.101663  
3665.020955  
3525.336995  
3716.57597  
3610.841462  
3622.878151  
3667.495911  
3500.496125  
3642.500828  
3660.044997  
3591.839696  
3590.093903  
3667.789965  
3535.135214  
3636.093607  
3634.93298  
3677.116809  
3632.777844  
3555.515878  
3460.964509  
3659.993653  
3649.180651  
3781.858022  
3657.966577  
3829.538603  
3755.631905  
3630.847689  
3606.558152  
3753.620404  
3820.917024  
3590.815535  
3641.406059  
3588.446984  
3988.922475  
3662.210938  
3612.731796  
3750.843794  
3565.239309  
3636.28006  
3606.769811  
3543.08855  
3610.458232  
3746.204842  
3569.585414  
3575.637411  
3537.999023  
3628.300319  
3611.772581  
3582.039517  
3483.52453  
3574.213477  
3634.143986  
3589.816059  
3679.003973  
3405.390733  
3505.621358  
3547.956201  
3827.621763  
3674.406736  
3597.32037  
3584.857217  
3608.707558  
3625.680447  
3635.701958  
3619.328835  
3685.6935  
3557.167243  
3684.872644  
3590.480963  
3579.538402  
3650.663073  
3638.462667  
3426.356733  
3538.784174  
3569.45253  
3626.842704  
3541.588245  
3582.287466  
3597.727196  
3627.186098  
3559.469246  
3658.957989  
3602.542036  
3601.768794  
3520.013281  
3629.757827  
3574.646351  
3555.977374  
3662.857297  
3528.005416  
3541.818263  
3669.273093  
3621.621271  
3527.671322  
3669.011245  
3582.0086  
3463.807623  
3581.528055  
3574.168154  
3702.489848  
3517.189564  
3517.938321  
3644.906628  
3766.789755  
3561.814907  
3780.79484  
3641.567023  
3646.174789  
3633.23214  
3599.800153  
3644.200963  
3538.347446  
3633.461849  
3537.019186  
3544.164845  
3505.062973  
3565.318438  
3649.379468  
3366.123372  
3465.223276  
3616.015346  
3420.956848  
3666.754595  
3571.940312  
3649.368813  
3630.070708  
3682.195848  
3673.721086  
3695.1265  
3765.507493  
3757.046501  
3611.523707  
3622.819699  
3633.981914  
3629.540634  
3660.139539  
3548.16055  
3648.059134  
3441.936944  
3615.122226  
3674.670315  
3642.735446  
3630.935268  
3340.216823  
3647.166813  
3622.848877  
3620.982807  
3961.260235  
