0.6817001625  
1.053436334  
-0.2693075391  
0.01118743558  
1.15557341  
0.2758659388  
-0.6485825219  
0.8945411876  
-1.913474549  
1.457465422  
-0.641153735  
-2.050661948  
1.46604684  
-0.7001043009  
-0.9178134248  
1.800665637  
-0.5232805597  
-0.3841942373  
1.054113459  
-0.8358385171  
0.2382226748  
0.6937209524  
0.7615225075  
0.1071772464  
0.283812816  
0.7308097898  
0.08760535707  
1.220174177  
-0.135723008  
-0.8408028505  
0.7695503869  
0.2908476155  
0.1669674975  
0.9135522685  
-0.2562671906  
0.05438518247  
0.8611856496  
-0.3068539517  
1.201860244  
0.2687829146  
-0.04213555476  
0.8625586677  
0.1199501693  
0.1359267024  
0.5413097793  
-0.09664618056  
-0.07270774932  
-1.313125451  
-0.6684531955  
0.654144707  
0.9463077456  
-0.4158455572  
-0.4917713235  
0.2369703618  
0.1090543739  
0.5490156769  
0.295731811  
-2.92848907  
-0.9302931243  
0.9527429107  
0.4937721472  
0.3273871179  
-0.4787901628  
-0.7963534112  
0.7302689184  
-0.3842635565  
-1.018829136  
0.5286144181  
-0.01827227995  
1.541275628  
0.2967982945  
-0.7937238352  
-1.361341494  
1.02798833  
-0.463182447  
-0.2715735376  
-0.2353672761  
-1.392454009  
1.019162015  
0.02826790024  
0.4808356948  
0.3368734449  
-0.4985676759  
1.175019357  
-0.2177096554  
-0.1630801588  
-0.3285905458  
-3.744507033  
1.371247561  
-0.3612673341  
-0.7597591042  
1.15017018  
0.7927383868  
1.143940976  
0.6689547641  
-1.449453905  
-1.027551566  
-0.4556368752  
0.0003672883902  
1.833888688  
-1.075049055  
-2.865685883  
-0.3782741101  
-2.059603942  
0.2359022512  
1.007535213  
0.07638034914  
-1.603304419  
1.805540173  
-0.7728827898  
-0.3207807801  
0.921383976  
0.6181689613  
1.16876501  
0.124400355  
-0.9241740289  
0.6435491786  
0.6336446633  
-0.5938849751  
-0.9862307823  
1.202219769  
-0.5545110416  
1.598276197  
0.01295860405  
0.5605579843  
0.08301264625  
1.060258143  
0.170002885  
-0.009586198963  
0.8332304174  
0.2285010312  
-1.477365856  
-0.2811027455  
-0.08408255397  
-0.7271239067  
1.299456703  
-0.262440154  
-0.6592214827  
1.492645603  
-1.738991688  
-0.801783055  
0.01659689929  
0.06228309767  
1.116697794  
0.961929324  
-0.1478238555  
-1.605633844  
0.3858407061  
0.8413994015  
-2.606818613  
-0.6206605178  
0.3236380381  
-1.793794816  
0.6442505006  
0.2861729715  
-0.5327093398  
0.03943610457  
-0.1452690959  
1.443986534  
-0.2791284751  
-1.121802129  
-0.2575468935  
-2.235283865  
1.70200461  
-0.09616504946  
0.7390331591  
-0.05764271112  
1.120609686  
-0.5308580622  
0.8803615381  
0.6523543274  
-0.9789610791  
-1.265866491  
0.8309422136  
0.4400942209  
0.3933372258  
0.3813401996  
0.2291955712  
0.2910736246  
-0.130873635  
1.283034252  
-1.682798843  
-2.533729782  
0.6123667036  
-0.06792468873  
-2.082804083  
-0.9548370892  
0.5664927444  
-3.312849  
-1.465021076  
0.9753852962  
1.116847987  
0.4143718711  
0.7236329292  
-0.2061422328  
-0.09489324919  
0.4969229728  
-1.060137203  
0.8390824028  
-0.4134538229  
1.016859801  
-0.2940219807  
0.6931411232  
0.5558034685  
0.8090772955  
0.9422535128  
0.1975396843  
0.1674899484  
0.4068706846  
0.9193108859  
0.5256668444  
0.6150892897  
0.9906214399  
-0.3695305711  
-0.8519084107  
0.5971573915  
0.07619534831  
-2.118191247  
0.3720977378  
0.1871228095  
-2.737321672  
0.06585421068  
0.8597067283  
0.6634123502  
0.3318507136  
