3431.082717  
3254.610298  
3314.037732  
3193.188461  
3214.858302  
3187.305954  
3284.284083  
3223.335067  
3209.536777  
3233.246239  
3342.830247  
3151.971475  
3102.30871  
3405.424487  
3179.62067  
2991.735158  
3216.17685  
3173.805598  
3191.068341  
3090.421779  
3215.357197  
3314.830271  
3232.78577  
3216.401742  
3233.784829  
3160.418987  
3203.715641  
3294.765067  
3182.602603  
3095.096062  
3219.768872  
3276.135123  
3401.8015  
3239.474  
3150.395324  
3278.401839  
3109.903188  
3363.14165  
3082.537389  
3083.840936  
3165.170551  
3355.636362  
3194.256816  
2659.811262  
3416.05785  
3148.176731  
3113.123006  
3179.453604  
3260.878189  
3250.608615  
3197.805415  
2928.52725  
3461.587188  
3279.477028  
3189.052459  
3124.193053  
3143.166644  
3312.719746  
3220.732776  
3288.802565  
3242.935446  
3165.664182  
3314.554894  
3281.098403  
3139.459326  
3088.928911  
3147.75552  
3060.0394  
3221.993637  
3299.362937  
3058.533975  
3161.063533  
3211.905455  
3430.337503  
3257.463679  
3005.336773  
3195.135097  
3272.372333  
3445.867787  
3121.867763  
2964.782293  
3257.426116  
3284.623438  
3274.796366  
3163.331256  
3053.606706  
3169.371523  
3273.439146  
3361.052614  
3280.431523  
3433.202372  
3074.047136  
3148.442617  
3263.614317  
3157.969982  
3111.320726  
3261.643757  
3302.186374  
3446.080458  
3279.362231  
3096.602079  
3174.471055  
3257.631248  
3321.690278  
3258.532503  
3344.33929  
3163.606488  
3422.466326  
3356.065404  
3201.811522  
3371.971506  
3068.431728  
3206.701232  
3407.395259  
3232.213567  
3360.383374  
3221.582977  
3212.391575  
3331.16053  
3060.207177  
3507.21509  
3500.611175  
3307.426547  
3414.280441  
3275.585871  
3637.450685  
3683.41218  
3279.285462  
3118.8627  
3563.586595  
2933.317703  
3775.632967  
3127.322309  
3234.235048  
3131.7527  
3269.150195  
3352.333908  
3381.064675  
3241.708247  
3216.452344  
3539.948111  
3388.319273  
3325.209484  
3416.591422  
3162.162504  
3157.013983  
3272.083789  
3213.390308  
3274.872719  
3309.199609  
3296.545721  
3131.685074  
3071.045936  
3256.431701  
3254.173664  
3237.385164  
3170.441039  
3176.118741  
3220.937187  
3238.01804  
3238.586377  
3257.139093  
3223.016014  
3165.298241  
2818.039856  
3323.062527  
3258.494877  
3447.660467  
3148.834346  
3256.834845  
3429.586862  
3067.713579  
3316.484562  
3263.671332  
3186.580019  
2932.744406  
3288.121535  
3596.426899  
3321.005481  
3420.897667  
3166.076204  
3170.60917  
3302.600901  
3224.726509  
3233.550913  
3136.911892  
3361.978225  
3222.168081  
2983.439729  
3343.127566  
3246.549149  
3204.011681  
3188.68649  
3347.19838  
3069.155813  
3392.175107  
3384.634954  
3255.770391  
3323.680468  
3400.049712  
3310.682017  
3327.962971  
3332.22101  
3130.94921  
2798.791891  
2885.567536  
3618.418593  
3187.378105  
3503.282486  
3010.130155  
2854.921042  
3441.423373  
3349.866728  
3281.659856  
3217.479843  
3340.368696  
3165.426431  
3325.755287  
3514.953989  
3337.776022  
3316.285544  
3225.779861  
3278.32889  
3330.91799  
3336.893302  
3153.300598  
3301.261021  
3418.512971  
3334.2325  
3188.089499  
3191.93702  
3420.392437  
3420.937478  
3369.17512  
3203.689779  
3248.394152  
3208.000617  
3330.777623  
3508.654577  
3229.633057  
3292.935453  
3421.302165  
3302.787546  
3242.090601  
3355.434742  
3297.167379  
3437.198991  
3367.310192  
3214.907715  
3180.060179  
3519.865539  
3173.109044  
3088.953479  
3326.53729  
3578.210237  
3524.178796  
3349.164806  
3415.004561  
3396.571712  
3198.81496  
3460.678342  
3460.417137  
2992.907793  
3518.708167  
3253.724643  
3127.394026  
3492.162655  
2846.872881  
3588.435629  
3135.335615  
3483.497795  
3124.637179  
3673.30065  
3326.808927  
3318.133001  
3298.163425  
3399.781796  
3389.516422  
3537.382865  
3356.140122  
3368.513364  
3471.991973  
3555.182062  
3390.659826  
3520.496583  
3261.463612  
3619.087093  
3571.516052  
3425.289995  
3292.367802  
3154.34581  
3300.165227  
3462.19169  
