2.133296279  
1.317823215  
0.1084671111  
-0.2203712548  
0.6199008949  
1.863402537  
-0.09552301746  
1.142922218  
1.074403706  
-0.05738614588  
1.106830961  
-0.8633353462  
-1.018306297  
0.5556235221  
1.319612493  
-2.010009916  
-2.797307593  
1.696820168  
-1.288735615  
1.17151318  
0.9831021691  
0.8064638286  
0.695311371  
-0.3195666483  
-1.513732511  
0.9999511808  
0.2493469665  
0.2246189875  
0.8451839418  
-0.2366322405  
1.049358171  
-0.7388299681  
0.298284838  
1.541895281  
0.5397515667  
0.962698333  
0.5390548597  
1.492944294  
-0.2256746454  
0.02007511004  
0.3883756958  
1.044128729  
0.5391663752  
1.085673308  
-0.3662823129  
0.8107264163  
0.8169571249  
1.185310198  
-0.07323017582  
0.3431701266  
0.7193096108  
-2.987264688  
-0.3731431828  
-0.1562731962  
0.3819928676  
1.345384543  
-1.871078515  
0.6051475623  
-0.1832086284  
-1.267550909  
-0.8798459095  
0.7166839979  
-1.474590991  
0.2386481102  
1.07596845  
1.053374165  
0.003603755307  
-0.1670452041  
1.715437579  
0.63632061  
1.501520732  
-0.3457276122  
-0.1845671971  
0.2113084529  
0.9875433284  
0.4324506803  
0.4028013536  
0.180359558  
0.4016760311  
0.6212241607  
0.08680152883  
-0.6723267403  
0.7549527931  
-0.787338573  
0.1087818587  
0.7557222463  
0.07383484021  
1.304627413  
-1.166077668  
-1.834990869  
0.4606281496  
1.29997237  
0.869829872  
0.7931855069  
-0.6763773281  
-0.3228961226  
-0.0438768473  
-0.311825733  
1.690172064  
-2.221974041  
0.404512741  
0.1681746885  
-0.2903130665  
0.6992172563  
-1.58532616  
-0.8398397475  
1.259875147  
0.03806606622  
1.31950664  
-0.9633617696  
0.4516974302  
-0.7691002016  
0.7420803585  
0.3986134707  
0.3693653869  
0.9456716197  
0.5353166772  
-1.025274003  
-0.9112780062  
-2.209558968  
-0.5713523038  
1.208505627  
-1.577040343  
-1.889098211  
0.8751575535  
-2.779785238  
0.06762736635  
-0.1137270597  
-0.8175001264  
0.5441113654  
-1.258662127  
0.2052959075  
-0.148916541  
0.4799494956  
0.3240757729  
-0.1076234012  
0.4621322763  
0.2727596286  
-0.7212177113  
-2.208157473  
-1.213349655  
-0.2562290929  
0.2217548028  
-1.355969176  
-0.03774884487  
-0.6872169738  
0.5229373632  
0.3577028531  
0.7896895305  
-1.173479504  
0.06574934777  
0.9595129003  
0.6512261923  
-1.067039621  
0.7380749009  
-1.769136669  
0.156775019  
-0.8924353519  
0.4518615117  
-0.06866068834  
-0.8454718438  
0.3766794287  
-2.637389433  
0.2819013248  
0.7901081698  
0.0774580026  
-1.578984505  
-0.6300614444  
0.7262783341  
0.7161400241  
0.8667103726  
1.061964444  
-0.127382707  
0.001287574907  
1.241118121  
-1.950553762  
-0.2728346364  
1.215093161  
-0.6881398197  
-0.1029662038  
0.5921829381  
-0.6217748053  
-1.87834924  
-1.125938113  
-1.960371931  
1.23549413  
-1.162600765  
-0.6223582526  
0.9487974831  
-1.478085842  
-0.7266891156  
-2.024289018  
0.9476275861  
-0.8514379604  
-0.1345427282  
0.7524152458  
-1.112746405  
0.7579119293  
0.3711150836  
0.02766390872  
0.6722382371  
0.09307144239  
0.9314345546  
0.5588788577  
-0.5040798296  
0.5184752625  
0.03733009223  
-1.71340533  
0.5147810792  
0.4587039027  
0.8164737037  
-1.592758635  
0.08195275752  
0.763171232  
0.4951992816  
-0.3060658055  
-0.2332256228  
-0.3940980649  
0.2918423549  
-0.852789732  
-0.161718374  
1.165826234  
-1.787563575  
-0.7909556291  
-0.1448216941  
