-0.4780769521  
-0.2983983916  
-0.2014267409  
-0.06876824514  
-0.1124902649  
-0.3631233127  
-0.04541496794  
-0.3472468767  
0.2969808688  
-0.1121000173  
-0.4314678412  
-0.007912137479  
-0.05844289986  
-0.6797480861  
-0.1675046243  
0.5006863147  
0.8029145145  
-0.5605209136  
1.509410011  
-0.1313265171  
-0.4428535257  
-0.6949128818  
-0.1596581902  
-0.2263486628  
3.725583798  
0.4124180734  
-0.6294422587  
-0.2781994351  
-0.5513096588  
0.1995460685  
-0.4138297691  
0.5135036878  
-0.05246722379  
-0.4605873178  
-0.4470442032  
-0.2354514329  
-0.28568797  
-0.2462000231  
-0.01812352282  
-0.1237321453  
-0.3760596601  
-0.2014764726  
-0.2068542371  
-0.259438806  
-0.2213761146  
-0.2861756714  
-0.5144630985  
-0.3775476963  
-0.2259503814  
-0.1238735914  
-0.8376790516  
2.892619426  
0.9113644969  
-0.5379136886  
0.2014994382  
-0.8316766023  
3.824832574  
0.4206828818  
0.07626813094  
-0.1045903243  
-0.4932620642  
-0.773628399  
2.489369195  
1.011520939  
-0.251671967  
0.1002683061  
-0.9719420147  
0.05875745392  
-0.6177316758  
-0.20958515  
-0.5673423949  
0.5081274263  
-0.5889121522  
0.1270870697  
-0.6269810092  
-0.2952961708  
-0.5760218919  
-0.06502445119  
-0.6839014952  
-0.336092028  
-0.4705446911  
-0.1054703625  
-0.3818102695  
0.2725050671  
-0.7960863039  
0.1257882768  
-0.6794380695  
-0.03898926889  
-0.9743527564  
3.291129268  
0.0887960358  
-0.5477598977  
-0.474874757  
-0.1845210654  
-0.5144585235  
-0.3177922042  
-0.6096248409  
-0.1913899046  
-0.7185125582  
3.566063308  
0.9753440863  
-0.8630428989  
-0.08189051759  
-0.63472549  
0.2221161444  
-0.5658970537  
-0.5004747701  
-0.5055213557  
-0.4753213634  
-0.4986121742  
-0.4516312948  
0.404627406  
-0.2615027475  
-0.3030475074  
-0.8615814374  
0.3187749598  
-0.1740894239  
3.188952389  
0.1487940121  
-0.301074968  
-0.4507954878  
-0.1638233797  
-0.7197437165  
5.415864079  
0.578548251  
2.190524005  
1.228694483  
-0.8774932453  
1.079087266  
-0.9906744992  
3.941683322  
0.1193245621  
-0.441654843  
0.06367827541  
-0.5153281803  
-0.4457770639  
-0.4090652658  
-0.41161474  
-0.649758974  
0.208804625  
0.2060820188  
-0.1064981908  
-0.3077578198  
-0.4410960684  
-0.4374330254  
-0.3459524148  
-0.2624915554  
-0.3738932454  
-0.1475531757  
-0.6508730498  
-0.6452904709  
-0.1911015334  
-0.4724814994  
-0.01806217382  
-0.7601622698  
1.363186575  
-0.1638672129  
1.312829903  
0.4917535745  
-0.5513069274  
0.1419089128  
-1.098580275  
3.105654753  
0.6123566868  
-0.8632463713  
-0.1120246499  
-0.5376114879  
-0.06334873902  
-0.5952785249  
-0.1389344414  
-0.1851995417  
-0.5049822246  
-0.7388159519  
-0.3311230382  
-0.5166072818  
2.698298462  
0.2652569362  
-0.7581970664  
0.3165090355  
-0.6150573787  
-0.4850614354  
-0.2182098674  
-0.7330979111  
2.552485169  
2.322629699  
-0.1380024593  
-0.8651432116  
-0.02564707734  
-0.3774228178  
0.3641973177  
-1.124753915  
1.112242246  
0.1088793417  
-0.7415901529  
0.4093476255  
-0.705284246  
-0.3042316573  
-0.4894581461  
-0.3890484623  
-0.4800319796  
0.07238516418  
-0.4278062445  
-0.3181744957  
-0.3807979012  
-0.2537305776  
-0.07575763143  
-0.5996125201  
-0.6169359567  
-0.7068108851  
0.3225211445  
-0.8902277497  
3.378445276  
1.088087658  
-0.5677174425  
-0.04684882314  
-0.2103241838  
-0.215338262  
-0.5598186208  
-0.1354560156  
-0.9240135143  
-0.3812804274  
-0.6077545757  
-0.6226061492  
-0.4165013888  
-0.2362205435  
