4337.627147  
4080.427856  
3917.175156  
4102.136615  
4111.469799  
4144.302558  
4419.754952  
4047.768294  
3884.267218  
3928.855124  
4031.005818  
4032.30109  
3868.005173  
3951.911481  
3899.919612  
3867.367495  
3970.539209  
4121.580675  
4127.050472  
4029.54383  
4101.360949  
4120.617381  
4073.209636  
4247.776906  
3879.424708  
4265.254638  
3944.859166  
4033.010576  
4196.479519  
4212.659217  
4015.222588  
4055.282575  
3740.940909  
4003.463268  
4172.835458  
4018.286372  
4052.103573  
4331.447855  
4323.32803  
4230.837907  
3962.501593  
4090.319551  
4044.36247  
4115.530812  
4072.188303  
4194.618733  
3916.110143  
4035.838358  
3915.784077  
4052.32622  
3936.183462  
3961.30193  
4102.703694  
4200.100839  
4435.726438  
4203.627887  
4170.860207  
4437.137676  
4404.913488  
4062.600601  
4227.796503  
3968.950069  
4198.926175  
3905.699369  
4036.759001  
4117.261195  
4071.515709  
3997.304366  
3877.238541  
3827.337299  
3764.246308  
3707.024441  
3833.61732  
4140.810941  
4051.405388  
3977.281811  
3960.849824  
3863.150403  
3804.176997  
4136.009617  
4006.872731  
4158.795549  
4193.830399  
4162.852411  
4153.286704  
4336.017661  
3993.703067  
4050.418134  
4044.175223  
3841.624612  
3823.247596  
4257.187676  
4033.907396  
3903.584416  
3890.106126  
3872.354127  
4179.74679  
3821.547456  
4017.200851  
4249.828138  
4041.865431  
3943.395  
4173.71834  
4171.374542  
4058.391966  
3951.232165  
4212.387472  
4639.685893  
5005.530646  
4190.639613  
3866.363881  
3854.684013  
4161.427643  
4267.817762  
4104.295104  
3932.683181  
4305.680844  
3984.04341  
4263.077711  
4134.905785  
3902.798659  
4123.492958  
3957.367613  
4363.569531  
4360.513128  
4184.502376  
4151.285831  
4066.406745  
4033.855047  
4298.719529  
4039.256865  
4178.052705  
4112.829474  
4000.803418  
3842.664557  
4050.106408  
3998.501416  
3949.289022  
4269.871972  
4155.550424  
4147.514008  
3902.428365  
3807.837438  
3996.713474  
3909.500626  
4137.894993  
3941.074773  
4161.676546  
4170.666272  
4071.463579  
4015.405429  
4135.199728  
4149.384513  
3972.457929  
4173.7655  
4058.730721  
4114.939048  
3942.568931  
4008.370408  
3980.763565  
4083.07026  
4078.257267  
4128.084317  
3758.163468  
4001.042894  
4096.572038  
4045.060478  
3823.426356  
4769.338358  
4455.104727  
4263.209285  
4217.933882  
4134.407499  
4327.85442  
3869.650943  
4578.840511  
4615.767462  
4175.753597  
4099.661327  
3985.227918  
4270.825094  
3782.912051  
4018.95468  
4000.96682  
3846.48605  
4114.229135  
3834.247772  
3854.139628  
4247.873428  
4157.095863  
4551.315758  
4274.235653  
4079.651768  
4264.9075  
4178.90063  
4081.972146  
3956.967587  
3829.741135  
3879.597009  
4177.209837  
4240.060365  
4270.611743  
3943.442055  
4141.809682  
4065.833789  
4008.166996  
3955.022603  
4039.600635  
3848.231401  
3977.009856  
3903.096021  
3847.657773  
3771.027657  
3929.591187  
4185.452215  
4173.513279  
4056.387463  
3793.79022  
3856.115893  
3663.448047  
3871.879352  
4132.78993  
3853.984261  
4199.557418  
4472.648754  
4589.50643  
4442.162696  
4015.036718  
4046.377079  
4036.730717  
3969.592642  
4052.56005  
4011.427094  
4182.337253  
4190.225291  
4175.498217  
4009.640128  
