4354.08093  
4176.312688  
4016.062487  
4263.483396  
4269.731217  
4352.595907  
4351.945109  
4310.833879  
4337.786204  
4253.67896  
4394.463943  
4404.757269  
4503.350129  
4404.332428  
4526.359569  
4433.279617  
4366.041004  
4446.591178  
4403.50395  
4372.485241  
4387.198788  
4546.435009  
4523.911428  
4359.434258  
4094.465473  
4062.958102  
4193.239711  
4316.314783  
4213.788737  
4240.062187  
4411.837177  
4304.29661  
4315.830872  
4258.987475  
4443.331306  
4392.420395  
4436.212363  
4318.266506  
4457.624758  
4442.246583  
4445.750106  
4229.103843  
4196.256296  
4365.84339  
4332.985017  
4310.241239  
4296.150597  
4233.05744  
4418.878838  
4291.619528  
4141.508945  
4073.89082  
4089.194313  
4454.946579  
4683.179056  
4645.473635  
4692.121001  
4697.279516  
4786.319257  
4830.439304  
4874.770979  
4580.331051  
4489.954978  
4531.921655  
4540.798297  
4612.298832  
4679.147586  
4723.685867  
4709.204848  
4754.596419  
4708.519274  
4786.537655  
4808.73861  
4627.868231  
4633.536142  
4574.580002  
4418.848251  
4225.362452  
4256.922843  
4103.86314  
4082.152722  
4255.47149  
4337.691767  
4309.517508  
4344.798035  
4381.483269  
4421.592114  
4269.477856  
4197.815232  
4243.800031  
4325.476143  
4407.343136  
4237.926717  
4246.978998  
4297.374989  
4328.249961  
4292.076212  
4275.99435  
4233.360173  
4242.360389  
4325.822634  
4239.95667  
4360.832829  
3941.259034  
4330.432676  
4387.134011  
4506.57283  
4281.692436  
4445.686529  
4715.271505  
4635.965283  
4807.399608  
4798.502526  
4878.765991  
4817.590995  
4787.349591  
4661.921888  
4582.165762  
4593.685625  
4605.794618  
4522.954793  
4622.339395  
4531.089366  
4642.11901  
4729.986172  
4725.634537  
4806.483698  
4782.368243  
4636.679384  
4674.26077  
4602.737959  
4502.688085  
4231.491597  
4119.60452  
4234.037263  
4212.129851  
4560.123982  
4543.879977  
4607.144195  
4617.280273  
4699.432169  
4654.219637  
4699.140878  
4692.723636  
4695.37828  
4780.42663  
4713.315347  
4817.048317  
4822.551064  
4831.403609  
4719.915741  
4658.424565  
4641.147018  
4697.845226  
4812.671175  
4661.427546  
4672.975277  
4674.357875  
4578.658348  
4327.335967  
4519.358712  
4711.378694  
4682.895419  
4695.650096  
4439.63114  
4364.994981  
4347.9572  
4323.517413  
4442.816521  
4399.135378  
4484.152121  
4644.178247  
4106.87286  
4199.826364  
4217.443644  
4323.31098  
4282.039504  
4505.502424  
4388.819938  
4415.357737  
4532.07654  
4555.279914  
4528.754103  
4611.182123  
4550.914297  
4633.919181  
4365.129377  
4202.117546  
4205.812763  
4055.144527  
4228.575031  
4224.985045  
4285.095799  
4059.309761  
4098.947386  
4114.059467  
3977.612495  
4028.143407  
4046.139963  
4131.324477  
4223.285824  
4284.499574  
3925.027185  
4237.582305  
4149.877381  
4114.36134  
4182.702899  
3986.71392  
4282.325983  
4177.440467  
3965.039234  
4129.92815  
4120.511684  
3970.882598  
4316.940017  
4270.214336  
4527.537561  
4650.865757  
4485.173729  
4474.195264  
4510.171042  
4553.62362  
4471.200246  
4462.988409  
4516.194179  
4559.579805  
4569.874312  
4592.312471  
4638.763242  
4655.755567  
4554.650473  
4556.424084  
4661.10487  
4621.299806  
4625.34339  
4681.549635  
4677.363841  
4385.455314  
4285.146257  
4353.146055  
4070.357837  
4040.165714  
4263.488252  
4362.81217  
4100.097431  
4411.120806  
4250.835048  
4313.313399  
4194.244096  
4191.076809  
4215.783163  
5172.455158  
5502.314295  
5485.592107  
4740.20026  
4285.841666  
4230.584791  
4167.146413  
4153.568526  
4285.953417  
4234.502995  
4257.068206  
4328.920756  
4254.306393  
4246.201925  
4249.500595  
4237.596572  
4240.862354  
4542.588909  
4329.848589  
4199.54352  
4142.10119  
4417.364447  
4622.822637  
4370.432547  
4241.660343  
4353.362174  
4392.531235  
4384.738943  
4498.746516  
4259.159982  
4485.569347  
4323.666099  
4224.655426  
4205.08848  
4170.974773  
4127.45943  
4255.926897  
3983.80214  
4311.359957  
4041.403744  
4953.299958  
5146.534594  
