1.91440307  
1.317991641  
1.362978255  
1.562096955  
1.398293744  
1.378276818  
1.650740905  
1.426840721  
1.427005522  
1.46147647  
1.392590549  
1.61468196  
1.090332225  
0.9770585234  
1.500889786  
1.186741611  
1.015944605  
1.248671492  
0.7286104437  
0.7813658377  
0.2181625762  
0.5260481353  
1.01934457  
0.986173091  
0.6575644344  
-0.8893473975  
-1.752752716  
-0.2405246059  
-0.5337878249  
0.2379064806  
-0.596955768  
0.3833278357  
1.04663546  
-0.5631599867  
0.6552813392  
1.120616029  
0.6377420864  
-0.2115823655  
1.084703656  
1.531416811  
1.758586266  
1.498780234  
1.790282635  
1.481973623  
-0.4071660526  
-0.187774678  
0.1799366047  
-1.002598154  
0.552648742  
0.8714195145  
-0.9217879381  
0.07059387843  
-2.385991569  
0.0539500009  
-0.3539866718  
-0.6891260279  
-0.6851830732  
0.5814865469  
0.4167810964  
0.7210006568  
0.9546802717  
0.8882954779  
1.203383343  
0.1920772749  
-1.698110791  
-2.53115044  
-1.088696288  
-0.317876133  
-1.252476351  
-1.479879761  
-0.2564881369  
-0.8656994577  
0.2977083044  
1.233616972  
1.29031408  
1.119826165  
1.239595752  
-0.1049666245  
-0.7006101151  
-0.3104739431  
-0.826968508  
-1.187625693  
-0.1560230114  
0.4068601491  
0.4265798658  
1.105243064  
0.569530635  
1.557471569  
0.8893950268  
1.141568647  
0.8424306099  
2.05015261  
0.5627239388  
-0.5688292869  
-1.302700932  
-0.7234500297  
-1.645745441  
-0.9862988912  
-0.9835878762  
-0.179150253  
0.01233720449  
-1.626753959  
-1.157396733  
-0.3408256439  
0.5945733493  
0.4679688095  
0.0622115424  
-0.3901774238  
0.613614844  
-0.684969224  
0.5184691358  
-0.4594803225  
0.002878254082  
-0.4736899566  
-0.5943638244  
-1.512188688  
-0.1665221672  
0.6737236389  
0.01649609483  
-1.093998982  
-0.804009809  
0.3657489351  
0.9557934948  
0.3922716421  
1.266558489  
1.811708291  
1.429435504  
0.6989132918  
0.1756416751  
-0.1799777559  
-0.3673448914  
-0.2254267495  
0.6216736625  
0.5509866766  
0.6490202602  
0.4397147756  
-0.9413836837  
-0.9523348347  
-0.05204303152  
0.2371068593  
0.02379901019  
-0.5211060616  
0.1124251654  
-1.294606021  
-1.7632129  
-0.8806470061  
-0.1529029354  
-1.042771251  
0.5976316284  
-0.4461131789  
-1.128934746  
-0.6846303563  
-0.9863982676  
-0.3179868961  
0.4567080507  
0.6205805166  
2.011333758  
1.662315865  
0.06799632153  
-1.987081696  
-0.6693008271  
-0.3417832009  
-0.2158744625  
0.4382008097  
0.70515395  
0.4675908453  
-0.7964938225  
-0.2768808478  
-0.3075111234  
-1.43498255  
-1.941371022  
-0.1640720123  
-0.9132861779  
0.2423382338  
0.3863368178  
-0.9817367722  
0.2658057277  
0.6021219177  
0.01426506498  
0.6804056344  
-0.6729981454  
-1.110845015  
-1.037016302  
-0.6526978712  
0.6916067993  
0.5890241709  
0.7549419526  
0.516607226  
0.880998652  
0.940867807  
0.5952041007  
1.248801494  
2.136568148  
-0.9500128055  
-1.553105582  
-1.249120908  
0.2148181939  
-1.208698656  
-0.7779261565  
0.1119804084  
0.3823053539  
0.4238309295  
0.05191492118  
0.680377383  
-1.075770822  
-2.012242792  
-1.262543659  
-0.8630154699  
-0.9882456392  
-2.041629849  
-1.211722439  
0.1391044483  
-2.513764517  
0.1296767437  
-0.2568407011  
-0.9423144714  
0.2304453144  
0.3318451177  
0.2694514811  
0.3760363971  
2.044774733  
0.1283996355  
0.1120946713  
1.131914332  
-1.008842499  
-0.1218712883  
-1.572254705  
0.4999796459  
0.3148631633  
-0.1486658904  
-0.8129304957  
0.2099281066  
-0.839641865  
-0.86575848  
-0.7327104673  
-0.09851009727  
-0.9058641315  
-1.108741536  
-0.2781583951  
-1.339917239  
0.9910902631  
0.003544608904  
-0.3233996425  
1.746559393  
-0.3929432188  
-1.681735019  
-1.333915613  
-2.875608727  
-0.800781141  
-0.6076050019  
-0.1734286928  
-0.685830017  
-1.535756316  
-1.227702192  
0.656769068  
-0.7571000187  
-2.084766781  
-0.0462523037  
0.1293811585  
0.7547115995  
0.6833114755  
1.093813042  
0.864280966  
-0.6699227874  
-0.1922548784  
