0.4657750028  
0.324078686  
0.006322616584  
0.5929521914  
0.8218826018  
1.020554041  
1.439530202  
1.073658176  
1.650748632  
0.6227357959  
0.02299627011  
-1.453084695  
0.1733209116  
-1.255092058  
0.3259128102  
-0.9174210143  
0.6120153553  
-1.219842636  
-1.817916137  
-0.2283057769  
-1.250779283  
0.7018690561  
-1.473468687  
0.1326876572  
-1.638118452  
0.808934028  
0.539929824  
-1.571235271  
0.06025787664  
1.213356024  
0.5940755668  
0.4878416448  
0.007624449928  
0.1750547835  
0.009532209858  
0.02298487438  
0.6191026629  
0.8720306922  
1.142772813  
1.154334953  
1.027090104  
0.8691563566  
-0.3172632221  
-1.34648042  
0.006033638872  
1.005165505  
-0.8297538851  
-1.363832332  
-0.3179319475  
-0.6207176059  
0.3199876115  
1.273633124  
0.5107889483  
-1.463778579  
0.2530090891  
-0.4955771754  
0.451727265  
0.9853574409  
1.246078512  
1.738776758  
-0.07440125285  
-1.60233479  
-0.8243256238  
-0.8449303857  
-1.266395528  
-0.7232635522  
-0.5672672218  
0.888612486  
0.1540014913  
0.1487198083  
-1.162879252  
-1.252078521  
-0.2763754389  
1.24756397  
-1.613400926  
0.4974373327  
-1.440906586  
-1.524329252  
0.03587464592  
0.04731262732  
-1.309768265  
-0.9020882019  
0.8091334006  
0.4355001113  
0.7618370881  
0.7618165891  
1.153260172  
1.904104699  
0.1857838038  
-1.339433423  
0.8423851095  
-1.451360579  
-0.1814651054  
-1.290746432  
-0.2248298537  
0.1813367753  
1.713119452  
-0.02751165113  
-1.243237764  
0.757830997  
-1.508581357  
-0.8953906656  
-0.2364703851  
-0.7563601265  
0.6193811369  
-0.1452651849  
1.169122901  
-0.9933155291  
-0.1290009429  
-1.141311134  
0.9807273307  
-1.43090406  
1.151026549  
-0.7672711825  
-0.9455888412  
-1.142916703  
0.5826777324  
-1.333530434  
-1.538360545  
0.1872512836  
-1.314331334  
-1.270231954  
-0.3803665248  
0.2551604671  
-0.1361889968  
0.417659875  
-0.4543888944  
-1.212202838  
-0.1438214371  
-0.1616526729  
0.8289484434  
0.7555942005  
-0.7972097484  
-1.745130475  
-0.5163790636  
-0.7837058006  
-1.870139829  
0.2309415219  
0.579494053  
-0.6679664953  
-0.5399803085  
-0.02481846922  
2.18983151  
-2.067374881  
-1.934605537  
-1.657521723  
-2.058618837  
1.387360167  
0.416224448  
0.1765165425  
0.6979898589  
0.3064857379  
0.4880774144  
-0.4372356663  
0.1870788835  
-1.266348947  
0.07095921619  
-1.233862944  
0.05624710642  
0.2062469433  
1.188785561  
-0.6568497002  
-0.3483146903  
0.7853506361  
0.57959195  
0.487812842  
0.4996706335  
-0.9905951678  
0.2670582097  
1.060953196  
0.3138122537  
0.898255095  
0.9561907223  
1.012676616  
-0.1966510295  
0.4188603444  
0.5137780646  
0.7427629057  
-1.272246066  
-0.5954263479  
1.644207711  
0.2996333455  
-1.0900978  
0.1801632672  
-1.466146842  
0.9778196445  
1.53456643  
-0.4387926704  
-0.7148698587  
0.8565330379  
1.04049219  
-1.086298681  
0.6141634245  
-0.3863857842  
0.9625459444  
1.055375508  
-0.5695080413  
0.195745014  
-0.2351443627  
-0.2981478081  
0.09810221304  
-0.8175247999  
0.5962958209  
1.183493277  
1.313226304  
1.597667971  
-0.6758912606  
-0.4001929209  
1.299594888  
0.5988324592  
1.184306638  
-0.5902061061  
-0.02441411604  
-1.596254702  
0.293867386  
0.5205527055  
0.5071469018  
-0.5082338461  
-1.673291096  
-0.4382382034  
-0.1224834842  
-1.089337897  
-0.3131525226  
-0.9312744763  
-0.2636052411  
0.4110361167  
0.1002141764  
1.093584936  
-0.0634730748  
-0.9162292721  
0.1305004469  
0.2949550876  
-0.6664143998  
-0.4471766514  
-1.913671646  
-1.371727737  
0.9503991461  
-0.792801503  
-1.436936691  
-1.747074996  
-0.1360020388  
-0.797393898  
-0.8002108893  
-2.011755748  
-0.8203100954  
0.4927685126  
-0.2619564641  
-0.4879158519  
1.225586915  
0.6913742696  
1.144642244  
1.590947921  
1.413639737  
1.012804984  
1.236376346  
1.384495729  
1.954175492  
1.845669215  
2.152442734  
2.044961858  
2.329996874  
2.120248039  
1.28197261  
0.9399551784  
0.8519554097  
