4976.656478  
4581.91619  
4519.768561  
4714.002094  
4767.502305  
4739.034474  
4998.234687  
4659.519139  
4467.984318  
4418.437094  
4623.222827  
4589.803898  
4495.132067  
4630.836851  
4501.58006  
4440.638496  
4477.710565  
4836.540346  
4666.065885  
4750.069266  
4622.541398  
4652.90651  
4689.083475  
4756.814528  
4430.872525  
4542.757234  
4468.492422  
4675.417507  
4768.310036  
4696.943834  
4593.525137  
4715.716107  
4336.301566  
4532.481964  
4840.397967  
4486.055616  
4726.984349  
4802.083736  
4812.4856  
4839.827552  
4637.841989  
4712.731698  
4637.441717  
4759.51738  
4691.634255  
4830.767752  
4452.625736  
4676.669626  
4562.066642  
4632.29483  
4501.45341  
4605.409  
4731.937556  
4770.527606  
4975.316294  
4852.23301  
4802.840341  
4977.823922  
5079.735732  
4742.131535  
4830.437005  
4547.046234  
4790.299492  
4467.454223  
4619.575736  
4811.444409  
4603.956294  
4611.954055  
4537.454155  
4353.290986  
4303.726565  
4208.738209  
4375.794981  
4746.103067  
4523.107545  
4380.064785  
4612.4658  
4553.411871  
4382.149943  
4613.591714  
4511.991409  
4830.61302  
4811.159169  
4746.824833  
4739.200914  
4797.867858  
4434.079745  
4638.908196  
4594.59648  
4426.12879  
4452.841948  
4820.952825  
4674.606583  
4543.595488  
4456.801982  
4436.432224  
4757.812861  
4352.034135  
4600.638136  
4799.677292  
4573.288252  
4558.971242  
4754.625936  
4708.551723  
4708.458262  
4464.241479  
4688.97236  
4931.627352  
5387.875102  
4746.174538  
4293.643113  
4489.780327  
4714.758364  
4938.901461  
4620.767992  
4473.554509  
4982.525385  
4675.135436  
4922.672934  
4758.584695  
4474.905922  
4718.679417  
4431.661847  
4816.787057  
5015.457251  
4812.169768  
4822.409979  
4700.929859  
4633.904886  
4725.966638  
4770.867905  
4800.809377  
4604.606479  
4576.221618  
4433.123253  
4592.151053  
4400.170397  
4459.709821  
4948.068465  
4750.12003  
4808.891818  
4543.818912  
4395.71185  
4684.35657  
4485.013791  
4484.836523  
4457.48497  
4778.903345  
4763.627597  
4674.974546  
4686.113688  
4739.977852  
4742.292181  
4575.640701  
4741.016125  
4665.026661  
4746.150841  
4555.956212  
4613.141249  
4561.736146  
4476.312943  
4705.099574  
4536.098471  
4365.143348  
4507.026994  
4690.066894  
4617.857044  
4418.125914  
4939.887721  
5006.703111  
5013.960748  
4826.270914  
4829.297915  
4893.886405  
4499.530664  
5079.516116  
5284.681867  
4845.674663  
4802.010141  
4562.638938  
4887.279072  
4301.629834  
4439.114237  
4732.010386  
4438.1463  
4701.836478  
4363.058265  
4392.186413  
4683.955261  
4851.303838  
4973.203254  
4941.950583  
4731.825474  
4911.434501  
4743.438375  
4757.589847  
4444.695511  
4453.356772  
4620.104683  
4817.306737  
4894.422229  
4876.974092  
4592.155244  
4830.617357  
4777.892953  
4744.019145  
4471.016127  
4444.168571  
4438.618349  
4314.787577  
4411.643279  
4344.729184  
4350.04903  
4422.660744  
4536.939057  
4827.086415  
4591.884855  
4264.079692  
4168.436434  
4128.242644  
4493.905079  
4757.885919  
4389.862436  
4643.958436  
4820.54769  
5128.84334  
5027.734324  
4803.953582  
4820.243249  
4710.292747  
4531.70323  
4677.952722  
4629.339807  
4758.083419  
4643.857861  
4750.44468  
4733.511255  
