0.1246084897  
0.08230950616  
0.7012121408  
-0.06198347961  
-0.5794311263  
1.504395456  
0.2455672722  
-0.3227385717  
-0.3764793961  
-0.5654055586  
-0.2867532723  
-0.362192741  
-0.3686634849  
-0.4286301231  
0.05603392597  
-0.6191346739  
-0.4376305945  
-0.4338464672  
-0.3094796738  
-0.1992312998  
-0.3926311585  
-1.629674658  
-1.151544036  
-1.009882231  
-1.169839522  
-0.6938125875  
-0.8584864703  
0.2549327888  
1.263477237  
-0.4843101221  
-0.2618291063  
-0.4195015821  
-0.44391595  
-0.3664159205  
-0.747743102  
-0.2099155972  
-0.8595409243  
1.479165127  
0.8079104522  
-0.9191154075  
-0.2749227872  
-0.6726066638  
-0.2138822144  
-0.9203234361  
-0.2693565264  
-0.3926449605  
-0.5539050199  
-0.5800664804  
-0.7277046759  
-1.044302129  
-0.6300293857  
-1.384044251  
-0.8456472435  
-1.143205368  
-0.5709711579  
-1.297600134  
-0.3696503058  
-1.177291908  
-0.7617903373  
-0.9187709304  
-0.5154072317  
-1.397876941  
0.4393795842  
-1.266806993  
1.897697041  
0.8211021403  
-1.253254157  
0.02798527214  
-0.5409920715  
-0.2627863579  
-0.6130030043  
-0.9119492579  
0.6220220539  
0.4319979823  
-1.479435205  
-0.2605451814  
-0.9826393642  
-0.4612791406  
-0.5430799047  
-0.4252547399  
-0.9609435672  
-0.4645284184  
-0.8657056538  
-0.3576700071  
-0.7309424062  
1.200816317  
0.05048631964  
-0.8873921623  
-0.4927102722  
-0.906771366  
-0.8854215315  
-0.3863159502  
-0.2042810616  
-0.6492410785  
-0.6445481462  
-0.5225872651  
-0.7132602281  
-0.7868448282  
-0.6098114927  
-0.7051113304  
-0.09164252825  
-0.3797846399  
-0.822805186  
-0.8063592459  
-0.581131863  
-0.7258657223  
-0.03640324782  
-0.004656464771  
-0.1790226244  
-0.5858314701  
-0.4742818275  
-0.6091095575  
-0.9921210689  
-0.1861826481  
-0.8198060312  
-0.5357723758  
-0.008199932388  
0.2073266613  
-0.2852706073  
-0.5951383117  
-1.323949263  
0.3494741244  
-1.051003661  
2.599070802  
2.933039426  
-1.255038297  
4.240920886  
2.415363551  
-0.5545352147  
0.1103256709  
-0.2907349725  
0.1393148609  
-0.06622983874  
0.5455376436  
-0.1898585232  
-0.06564196228  
0.6625002905  
0.3834726306  
-0.7051001956  
-0.5456585651  
-0.6215456096  
-0.7281199455  
0.4675511601  
0.3135447074  
-0.6436109076  
0.1294669995  
-0.08019635412  
-0.7573461891  
0.252787942  
-0.5856474446  
-0.2653201164  
-0.8466850213  
-0.2307006718  
-0.3865135412  
-0.1726215159  
0.3190885284  
0.8194222912  
-0.9751396121  
0.1911433755  
-1.425281469  
6.184666723  
5.56390768  
0.1576569383  
0.9891451085  
-0.621539946  
0.9607037596  
-0.492536608  
0.3146684457  
-0.9855897697  
0.5774973424  
-0.1690678512  
0.3236456329  
0.02927469836  
0.02448402787  
-0.1482459669  
-0.04994343026  
-0.6831980967  
1.36106625  
-0.7038493501  
1.402155397  
0.4519944072  
-0.02109401849  
0.5461504625  
-0.1715399439  
-0.2608085353  
1.11618205  
0.09189113143  
-0.2625848304  
0.01664798239  
0.2794420339  
1.485920051  
-0.8956209889  
0.342590045  
-1.004399642  
1.674004838  
1.761347996  
-0.2618276655  
0.216309361  
-0.4477499956  
-0.07465552517  
0.8386191396  
0.6663668267  
-0.6512776415  
0.6558976729  
-0.1069014944  
1.691327426  
3.193341663  
1.783351304  
-0.3543182431  
0.4869348344  
-0.1191623451  
1.634267857  
0.0714332807  
-0.3363412303  
0.0008332936174  
-0.1698819431  
0.3617703067  
0.6537914319  
-0.5802331852  
-0.07947558798  
0.6364310802  
0.2088565407  
0.5178733072  
-1.038338554  
2.122175676  
1.45081809  
-0.6034286933  
-0.1885089464  
-0.2425858566  
0.1805479287  
0.2528993428  
0.2194896532  
4.527538412  
3.332312359  
0.4429281179  
1.989977071  
0.4898356295  
-0.1668800745  
0.5980117656  
0.4144422499  
-0.364218528  
-0.1417674381  
-0.1880499335  
-0.09748973704  
0.06460267784  
0.6089884095  
-0.5271911758  
0.5005934962  
-0.334020932  
1.453393931  
1.349025822  
-0.4970671588  
0.578061329  
-0.1886741072  
0.77067051  
0.8498629471  
-0.8074952362  
-0.598622909  
0.3962612317  
0.01890443659  
-0.259313752  
-0.4153025574  
-0.2546254818  
-0.6284271545  
0.1261691994  
0.6594633381  
-0.5771604131  
0.1807302176  
-0.9654299686  
0.4495923428  
0.3221155964  
-0.05603483441  
-0.2713267497  
0.1782264357  
-0.6148067816  
1.104843267  
0.3855907538  
0.001789171986  
-0.3184612838  
-0.1498351713  
-0.3861416394  
0.8004630823  
1.167076932  
0.5981855425  
-0.05882673674  
0.01860271983  
-0.3296121363  
0.3188805519  
0.50399018  
0.082915175  
0.1635219582  
-0.2063741752  
-0.01579927182  
