4828.723765  
4586.128155  
4423.412604  
4713.18577  
4607.413888  
4788.184488  
4775.208093  
4742.220333  
4717.224078  
4648.088128  
4823.439204  
4782.840996  
4856.01099  
4779.831524  
4884.569033  
4846.136412  
4764.566456  
4858.005381  
4790.283984  
4805.551113  
4764.74447  
4894.630563  
4918.839438  
4776.643352  
4484.765472  
4647.300432  
4577.482658  
4701.525282  
4697.180702  
4679.278808  
4888.636669  
4755.62981  
4777.273175  
4696.494074  
4890.871335  
4775.979325  
4849.407832  
4766.254559  
4818.46412  
4792.690738  
4825.785076  
4669.686908  
4626.093168  
4723.593589  
4708.13309  
4779.209536  
4737.554195  
4717.144993  
4829.651793  
4755.509393  
4684.288851  
4536.726685  
4562.069647  
4877.284648  
5225.755208  
5083.818582  
5119.79083  
5152.279546  
5213.720371  
5226.140184  
5403.350867  
5058.437955  
4961.463836  
5030.51655  
4989.74427  
5044.33701  
5150.731736  
5210.414961  
5140.155625  
5184.681644  
5117.086043  
5236.230507  
5358.179161  
4992.892386  
4961.377179  
4950.668926  
4822.831356  
4597.502375  
4648.200133  
4534.706416  
4509.371543  
4610.321307  
4714.169715  
4742.892607  
4707.10516  
4799.591431  
4759.470395  
4674.464814  
4477.979109  
4615.985359  
4766.59681  
4762.77767  
4698.532341  
4666.226972  
4743.831197  
4746.97899  
4709.270928  
4763.762914  
4686.872789  
4689.889417  
4734.247621  
4649.331659  
4830.314214  
4389.368528  
4688.891032  
4767.669207  
5021.322276  
4608.534347  
4904.290863  
5226.502065  
5141.444913  
5271.383057  
5174.875785  
5284.55435  
5249.05718  
5197.914662  
5120.051187  
5027.761635  
4919.693684  
5007.948564  
4909.091807  
5033.152216  
5025.03361  
5065.611395  
5090.057722  
5173.221028  
5077.217535  
5079.145692  
5075.275017  
5143.907865  
4990.228708  
4930.686686  
4705.031363  
4668.040221  
4681.411625  
4590.947268  
5016.585566  
4972.764974  
5136.269661  
5106.899096  
5150.185076  
5068.265467  
5111.844486  
5209.683348  
5130.990722  
5356.669179  
5145.444113  
5303.319121  
5244.478996  
5260.251751  
5205.430406  
5057.466607  
5112.231403  
5182.861262  
5308.361301  
5191.096725  
5174.102949  
5218.07326  
4978.985774  
4796.880594  
5145.317536  
5113.924101  
5155.439902  
5128.371871  
4914.277613  
4842.671862  
4753.973138  
4779.859733  
4864.516629  
4806.570906  
4920.837016  
4745.760567  
4462.898484  
4697.850829  
4596.771941  
4519.895868  
4720.142863  
4875.446233  
4867.12562  
4823.447636  
4915.709278  
4900.447903  
4914.430331  
4953.807123  
4920.721378  
4995.925174  
4797.341289  
4702.667213  
4472.539122  
4461.472558  
4761.314927  
4654.155813  
4684.181007  
4432.471385  
4539.319399  
4438.311944  
4402.332207  
4308.959163  
4332.305735  
4543.014495  
4521.279699  
4715.275122  
4394.760591  
4609.525876  
4564.472111  
4561.320348  
4601.53683  
4479.619616  
4647.040589  
4578.45582  
4377.52647  
4533.893746  
4496.572921  
4398.540146  
4560.617105  
4653.675586  
4944.926356  
5154.509978  
4831.565321  
4890.35784  
4894.028246  
4965.026136  
4844.000117  
4882.949592  
4962.953033  
4936.308751  
4935.464894  
4987.933972  
5033.521523  
5045.540173  
5009.633867  
4922.759487  
4957.965747  
4982.909639  
5038.859624  
5132.194783  
5002.908033  
4945.255392  
4697.778641  
4658.260891  
4333.418447  
4244.04155  
4576.869051  
4764.162539  
4388.302796  
4821.427202  
4668.8241  
4707.843329  
4682.357  
4649.339454  
4625.652218  
5292.261577  
5738.910433  
5690.724277  
5148.537119  
4677.254562  
4726.921861  
4495.002363  
4624.17251  
4575.883988  
4565.095293  
4705.164597  
4748.191991  
4644.873158  
4757.663511  
4707.174202  
4725.10542  
4578.443031  
4924.420647  
4824.453286  
4661.406793  
4689.036133  
4918.59047  
5030.165421  
4845.027492  
4645.144688  
4731.300659  
4866.687096  
4938.11174  
4877.960354  
4531.397366  
5025.542874  
4673.796317  
4455.054694  
4445.162806  
4644.802859  
4616.78537  
4673.310112  
4466.914289  
4704.654276  
4339.117507  
5218.364226  
5455.73824  
