2.140249827  
0.7672159941  
5.004159061  
-1.009487732  
-0.4123012904  
-0.9880267057  
-0.1051290831  
-0.5261544496  
0.3734854942  
-0.8881534356  
-0.1042760391  
-0.2740315148  
-0.6798907266  
-0.7643445947  
-0.3343324325  
0.4120602244  
0.1297705955  
-0.2458534092  
-0.582742445  
-0.5901686545  
-0.2878303043  
-0.7525510544  
-0.4977125352  
0.06315655305  
-0.4138352949  
-0.5857616667  
-0.6187085367  
0.9523453847  
3.588693374  
-0.8244186229  
-0.3944652705  
-0.7833432482  
-0.08876167165  
-0.2121456  
-0.2529865945  
-0.5495586057  
0.1123310602  
0.5641546953  
0.3037498681  
-0.07121424303  
0.6137433181  
0.1088635292  
-0.01843826251  
-0.1231730628  
-0.3176770914  
-0.3586271753  
-0.3274424101  
-0.3098471584  
0.04996470384  
-0.05782869666  
-0.2832627156  
-0.7145367834  
-0.2134185609  
-0.5370191617  
-0.3003858477  
-0.901671011  
-0.5833040246  
-0.554115545  
0.04490396897  
0.6684379879  
-0.3136908267  
-0.1991520673  
-0.3815989377  
-0.1938170114  
-0.3197467099  
-0.2875067424  
-0.5826570882  
-0.5122418175  
-0.8179832145  
-0.1874876859  
0.2867214594  
-0.1522229863  
0.07855319847  
0.03466949884  
0.8422604811  
0.709443021  
-0.02829894414  
-0.1774526494  
1.076104671  
1.024595591  
0.4276452036  
0.6174430926  
0.02101230607  
-0.06572191567  
0.1055388269  
-0.4888244824  
-0.1860110969  
0.3051575515  
0.01978985241  
-0.590415971  
-0.2459738184  
-0.09897322654  
-0.5616370188  
-0.6989172509  
-0.6243866225  
-0.5661019977  
-0.3379726693  
-0.3700903229  
-0.6637824953  
-0.370048073  
1.077822566  
-0.7613763122  
-0.2230917375  
-0.1061594335  
-0.8726249598  
0.1297482079  
-0.2654012359  
-0.269929827  
-0.428815591  
-0.679613008  
-0.7961247243  
-0.5201193423  
0.6625403224  
1.425704297  
0.2029405912  
0.564348942  
0.6778010743  
-0.1430449822  
-0.4168689529  
-0.5284517148  
-0.2154195938  
0.1982623113  
-0.28576302  
-0.2793422683  
-0.5210226924  
0.2879462683  
-0.4407168682  
-0.3643334093  
0.1537124059  
-0.5066166889  
-0.6821291912  
-0.5103112436  
-0.4912735506  
-0.4071526838  
-0.4968102632  
0.1546235801  
-0.8794397341  
-0.5463176492  
-0.9607348223  
-0.2724391928  
2.675051086  
-1.181626266  
-0.5708711951  
-0.1986650918  
3.603743691  
-0.668524647  
0.4154331643  
-0.3037681477  
1.358462746  
-0.7193124375  
-0.1439196459  
-0.9678252782  
-0.3495675644  
-1.052888131  
0.3050069235  
-0.04032720427  
-0.2640441339  
-0.9029102584  
-0.5661031784  
1.591277645  
-0.3957148612  
0.3733077564  
-0.4880125365  
-0.2836035977  
-0.7815531386  
-0.2165820612  
-0.1428067075  
-0.2802966982  
-0.3811522995  
-0.1821267221  
1.073773791  
0.478356127  
1.064445241  
-0.1510614065  
0.0578026968  
-0.3891775468  
-0.03035573585  
-0.2488722602  
-0.4832130338  
-0.3384221  
3.568350855  
-0.6607037845  
0.3896620668  
0.5667099633  
0.4790138064  
0.5647687417  
-0.5602689818  
-0.210727766  
-0.3554585088  
-0.1058806362  
-0.4708269425  
-0.7945727053  
-0.79175833  
-0.8435697141  
-0.7908280829  
-0.4715503404  
-0.7069985045  
-0.2770816495  
-0.07713168875  
-0.1032552633  
0.5892756771  
0.797079237  
-0.079301507  
-0.5487677123  
-0.3856753716  
0.05114782523  
-0.8524011015  
-0.3924845714  
-0.6537404758  
-0.6978955584  
0.1947760141  
3.126186872  
0.6839443192  
1.70183927  
1.052149844  
0.2153645902  
1.010801487  
0.8086013455  
-0.4090818686  
0.4760336588  
-0.6424205212  
1.508736432  
8.200288153  
0.6101594907  
1.365555599  
