-1.401370731  
-1.263325544  
-2.708497492  
0.837595998  
1.427086975  
1.351496131  
0.2660673418  
-0.2032353425  
-0.2150536589  
0.03632684654  
1.232785264  
0.3495710225  
0.8252844593  
0.5391128238  
0.0684147002  
-0.6191907259  
0.4264633529  
0.2124169598  
0.2783055029  
0.1356562724  
-0.1201543985  
0.254691316  
0.3561915711  
0.08839605962  
0.01158846747  
0.2373410506  
0.406810845  
0.06872060509  
-1.431896019  
0.1215721406  
0.2087357028  
-0.0157621076  
-0.1360853834  
0.003975685626  
0.1104183788  
0.04014970304  
-0.5307281387  
-0.1803463201  
-1.31476058  
-1.170540257  
-0.9120259096  
-0.7387170031  
-0.5447056  
-0.2352506121  
0.09575831914  
0.2129590797  
0.1801309686  
0.6710141372  
0.4336874831  
0.3146413976  
0.3086910014  
0.9635289392  
0.868715217  
0.8245556045  
0.9121275642  
0.9434582004  
1.05324469  
0.3863407141  
0.2379690635  
0.2853338832  
0.1712855723  
-0.4466216533  
0.07132822417  
0.02948975828  
-0.0417737249  
0.1093522504  
0.08445277098  
0.3853659918  
0.4169449592  
-1.034972142  
-0.5691696343  
0.3895257117  
0.3591995359  
0.4671466087  
-1.195848065  
-1.038356686  
-0.152448191  
0.4290313772  
-0.9285357871  
-1.726827593  
-1.505135709  
-0.4162059016  
-0.2065638155  
-1.183491016  
-0.4136570671  
0.4172855648  
-0.4714518444  
-0.2623457255  
-0.08863300892  
0.04250975031  
0.4185475354  
0.4807327641  
0.5891798805  
0.7543528381  
0.5977556321  
0.7664218824  
0.7826696958  
0.8616617325  
0.8362311512  
0.6973284256  
0.3123363392  
0.4668730265  
-0.2544992099  
0.1419978419  
0.6575862896  
0.458341771  
0.3972231577  
0.7137083  
0.6569524003  
0.890514656  
0.8217006174  
0.6326558486  
-3.901767813  
-2.678611421  
-0.5722054801  
-0.4335160293  
-0.6075486389  
0.3376167493  
0.5078103727  
0.8460834873  
-0.04614181462  
0.1287071507  
0.4952720705  
0.5412398224  
0.3813255549  
0.5663292518  
0.3572584657  
0.8118847434  
0.3722703658  
0.8197359784  
0.8648888098  
0.9183730624  
0.7255607476  
0.7639933625  
0.8438477714  
0.865334078  
0.8860398768  
1.031395223  
0.9537979144  
1.23017749  
-1.140173966  
-0.09675148898  
0.9506357832  
0.4130664005  
-0.4669561816  
0.4323269973  
0.3353913077  
0.4475604111  
0.07221743516  
0.2049176841  
0.09482495117  
0.4137317337  
0.9010163737  
0.9387465909  
0.02950892319  
0.02011973909  
0.3713582191  
0.6473002012  
0.7124284846  
-0.8108587491  
0.2639868789  
0.01285018906  
0.1940318797  
0.3323372417  
0.6968853988  
-1.008075202  
-0.01830643794  
0.4361563857  
-0.7935238957  
0.5907626366  
-1.785403116  
-0.4807196706  
-0.9826618016  
0.3802095291  
-0.2818811997  
1.162007581  
-4.037175949  
0.07266196206  
0.3063567057  
0.9830207303  
-8.285176967  
-1.324165343  
0.8114764991  
-2.008708172  
-0.09004032007  
-0.416056856  
0.6615120709  
0.3071448668  
0.5848141226  
-0.3365993529  
0.3993818094  
0.137988988  
0.6294653336  
0.2556078128  
0.7535194866  
0.1768519509  
1.099499011  
-2.994944834  
-0.03794068577  
-0.5038311278  
-1.162299263  
-0.5870702311  
0.2189539184  
0.444530531  
0.3777745876  
0.2928141954  
0.432899866  
-0.7260258002  
-0.02389458498  
0.5189303516  
0.3271820174  
-1.049035723  
-0.3547270162  
-0.9583912673  
0.2029957879  
0.5073796735  
-0.4430389619  
-0.7783375357  
0.01566673537  
0.4376830173  
0.3743946518  
-0.5746033055  
-1.817759289  
-0.7542808086  
-1.481460388  
