7718.840373  
7390.154086  
7414.053273  
7226.13129  
7290.427107  
7243.787251  
7285.065581  
7224.807041  
7222.253311  
7205.038336  
7339.629331  
7234.272665  
7360.720751  
7216.787595  
7206.763822  
7185.905138  
7277.056687  
7290.522687  
7163.029761  
7176.990707  
7297.033353  
7064.036202  
7199.054063  
7314.316172  
7308.172488  
7271.652558  
7287.971146  
7398.976447  
7228.30488  
7306.382522  
7262.634592  
7285.098595  
7350.088133  
7317.852469  
7374.337577  
7338.104926  
7338.389305  
7287.142333  
7246.422873  
7283.090364  
7272.788694  
7341.550732  
7292.609678  
7367.006683  
7301.550416  
7314.466901  
7371.771042  
7393.947376  
7333.711509  
7363.228048  
7311.901276  
7334.446822  
7235.922146  
7283.98245  
7264.844957  
7276.700048  
7394.783296  
7369.520876  
7455.316679  
7353.30346  
7359.103415  
7368.154  
7363.322243  
7379.38911  
7451.214991  
7375.677532  
7357.534501  
7397.638233  
7379.220605  
7318.338015  
7440.12122  
7344.807131  
7348.430462  
7373.525086  
7473.300274  
7344.201328  
7265.716399  
7584.029078  
7259.499733  
7239.252448  
7380.908469  
7296.665064  
7444.107095  
7319.156021  
7424.507077  
7299.074478  
7319.28107  
7364.615245  
7380.029461  
7343.329159  
7397.231488  
7353.988895  
7433.452438  
7397.715547  
7347.972879  
7398.966702  
7420.812348  
7317.007669  
7335.894754  
7382.206838  
7503.393995  
7468.865777  
7425.061889  
7461.886072  
7462.030091  
7368.13372  
7452.285838  
7440.871986  
7402.150827  
7488.734363  
7463.759327  
7395.417282  
7345.550551  
7408.6231  
7413.291645  
7356.707441  
7449.932502  
7481.064116  
7385.632576  
7376.816198  
7506.302988  
7519.771493  
7381.366699  
7423.108974  
7478.708992  
7340.505226  
7468.209986  
7375.953888  
7447.09887  
7387.205083  
7532.877039  
7406.423672  
7320.88229  
7407.174513  
7453.696174  
7441.024935  
7438.571956  
7399.404305  
7464.674802  
7479.580212  
7412.742128  
7354.442713  
7391.234206  
7393.754918  
7432.566125  
7464.006659  
7408.664597  
7439.579891  
7460.459362  
7334.773305  
7079.530716  
7320.379452  
7341.38683  
7326.949816  
7326.688376  
7385.225681  
7496.89186  
7306.145508  
7255.271001  
7368.231236  
7325.867131  
7397.047366  
7368.801606  
7235.573751  
7160.518774  
7160.635424  
7220.457954  
7256.884747  
7169.194409  
7288.616735  
7239.348769  
7336.361419  
7275.359726  
7309.723789  
7304.802624  
7414.639226  
7250.47845  
7559.956871  
7453.180831  
7420.311855  
7202.562248  
7171.385371  
7031.668532  
7021.661086  
7380.700166  
7124.333877  
7185.064617  
7250.590447  
7324.897065  
7244.916075  
7289.144665  
7257.13076  
7258.989317  
7194.022419  
7389.72448  
7298.748182  
7359.134459  
7248.363146  
7354.640267  
7307.556677  
7363.74695  
7366.694357  
7476.667311  
7400.958244  
7400.429836  
7263.137982  
7382.493929  
7400.235315  
7281.53472  
7239.989474  
7344.067146  
7277.236559  
7295.12406  
7343.967397  
7237.258892  
7314.45494  
7223.838832  
7262.427978  
7202.645831  
7446.694903  
7271.158802  
7309.082526  
7221.06266  
7216.464448  
7281.596399  
7127.369135  
7276.466569  
7267.110352  
7373.213952  
7318.180589  
7435.076422  
7232.90492  
7277.581251  
7239.275772  
7132.282203  
7311.516347  
7329.644394  
