7559.924857  
7472.731571  
7257.932968  
7318.065303  
7290.35002  
7300.796177  
7296.699133  
7256.847271  
7352.627983  
7353.944247  
7159.76252  
7264.941448  
7246.275446  
7213.690567  
7165.753309  
7365.567625  
7179.379467  
7247.144377  
7316.906817  
7129.595981  
7207.968619  
7196.128427  
7195.050986  
7313.771506  
7231.024598  
7223.582293  
7140.828571  
7169.020126  
7252.835528  
7151.989213  
7199.193481  
7211.94775  
7404.06558  
7177.110534  
7251.790129  
7187.352721  
7156.196171  
7297.51789  
7230.951812  
7217.384863  
7217.492397  
7208.319838  
7224.413427  
7061.450778  
7118.698086  
7221.76651  
7238.735597  
7200.340855  
7236.604359  
7214.294923  
7148.694021  
7215.81356  
7301.39682  
7222.468764  
7191.978286  
7223.779511  
7202.902175  
7265.7528  
7285.725912  
7272.528168  
7238.085503  
7113.866612  
7290.079246  
7184.465508  
7184.665767  
7257.462542  
7237.657216  
7218.183672  
7337.364202  
7172.260856  
7350.942566  
7323.822298  
7319.874055  
7325.634553  
7225.237901  
7188.059261  
7333.763936  
7351.02368  
7301.715609  
7155.965598  
7157.400382  
7145.235005  
7392.660393  
7264.039478  
7408.234617  
7266.089755  
7348.815535  
7366.377444  
7372.710367  
7331.157695  
7254.334016  
7372.513707  
7304.43547  
7285.024913  
7331.895086  
7315.904834  
7328.833864  
7351.036668  
7359.039409  
7252.372567  
7394.751972  
7257.701264  
7346.99464  
7355.707338  
7409.809919  
7165.514026  
7330.319943  
7094.358668  
7388.632804  
7156.217768  
6875.635869  
7353.342856  
7199.359531  
7316.031298  
7161.334233  
7216.918698  
7177.051798  
7231.474483  
7283.628527  
7270.447772  
7065.186148  
7237.285662  
7096.992585  
7246.957896  
7029.178  
7244.111387  
7370.385193  
7348.829843  
7321.078221  
7239.036073  
7250.617801  
7296.746953  
7316.687992  
7211.316248  
7137.942244  
7302.5345  
7271.104062  
7172.62848  
7160.867584  
7212.470435  
7215.629019  
7240.083744  
7261.650507  
7294.120937  
7234.785431  
7356.77757  
7203.145758  
7251.023957  
7182.911867  
7264.878196  
7217.160285  
7327.299092  
7206.850903  
7235.935562  
7220.051025  
7326.460811  
7279.1233  
7366.757006  
7242.06948  
7233.996665  
7194.625251  
7236.223584  
7253.195309  
7281.558628  
7283.941303  
7328.412166  
7227.231229  
7252.494367  
7338.759352  
7265.755016  
7306.949729  
7254.245055  
7312.469347  
7177.249914  
7261.874345  
7306.433665  
7288.304759  
7326.867465  
7360.667825  
7285.758751  
7431.588437  
7245.704654  
7261.405522  
7202.259021  
7253.759534  
7280.788832  
7302.939582  
7317.168062  
7308.271798  
7321.347908  
7410.260326  
7304.034796  
7401.414561  
7424.8178  
7243.560692  
7321.589998  
7298.312558  
7223.17766  
7309.195197  
7301.102175  
7282.27522  
7356.734753  
7279.173506  
7355.775204  
7320.615864  
7313.094218  
7258.273242  
7288.753122  
7204.77731  
7256.828043  
7326.941701  
7244.548626  
7214.4375  
7303.029551  
7255.972299  
7215.739097  
7297.553098  
7408.684161  
7347.124127  
7184.68569  
7319.652572  
7284.462819  
7330.848656  
7299.018131  
7273.521013  
7257.815813  
7268.76705  
7369.959503  
7301.114671  
7314.751427  
7410.052504  
7296.662152  
7343.804721  
7284.406035  
7353.251295  
7184.334977  
7189.480388  
7345.421127  
7306.686824  
7448.324712  
7267.425318  
7391.48342  
7282.128733  
7418.185304  
7384.851679  
7354.423274  
7321.807547  
7301.188234  
7345.932564  
7332.703251  
7358.356266  
7304.269327  
7417.975704  
7301.255821  
7322.755858  
7330.866391  
7378.548075  
7323.463164  
7338.920924  
7326.895256  
7225.270786  
7321.492656  
7346.774778  
7413.344891  
7175.740408  
7213.758795  
7253.296267  
7273.274662  
7230.583215  
7348.850669  
7272.236572  
7287.393053  
7275.039061  
7291.954436  
7289.883227  
7309.528718  
7270.185298  
7260.660753  
7326.517762  
7370.453365  
7334.884498  
7446.014107  
7285.610717  
7285.809129  
7293.481971  
7408.94242  
7422.871049  
7297.709602  
7254.024048  
7174.654663  
7303.170911  
7281.197883  
7333.850305  
