2.036660161  
1.223361142  
0.4967518928  
1.409125074  
-0.6121009254  
0.2209794375  
0.2314301631  
0.2761635986  
1.146910503  
-0.2606871615  
0.776627897  
-0.001987909283  
1.171547824  
-0.3905487747  
-0.1489228599  
-0.9466651903  
-0.7073176309  
-0.7447444538  
-1.077299471  
-0.761971836  
-0.4675801624  
-1.093234317  
0.6981577393  
-0.7540729927  
-0.3920789004  
-1.072043408  
-0.686925547  
-0.9817465971  
-0.4839023147  
1.895490247  
0.2358614441  
-0.4603085759  
-0.03330382967  
-0.6944137966  
-0.07961657842  
-0.5511691211  
0.141840541  
0.7942188476  
1.178692501  
0.2177999074  
0.8973009032  
-0.08963756811  
0.3184339518  
-0.3140333758  
-0.1220512594  
-1.777840658  
-0.5100671379  
1.004453971  
-1.190176057  
-0.5810378061  
1.082240681  
0.5709279432  
-1.198363346  
0.1633293863  
0.8954177891  
-0.513632009  
1.740089626  
-1.673491814  
0.2444709735  
2.99867371  
-0.0686407024  
-0.616787748  
-0.7289017905  
-0.9425936524  
1.241877826  
-0.633507939  
-0.4798842132  
-1.265228471  
-0.2525314426  
0.4345580496  
-0.2742249443  
-0.9023128153  
-0.001515174145  
1.280630941  
-0.5709085191  
-0.6702376846  
-0.1582367485  
-1.070638241  
-0.6365942089  
-0.6026077826  
-0.2850788397  
-0.7502117295  
-0.1692420382  
-0.9289051175  
0.3321214706  
1.257101156  
-0.5825266258  
0.08961387296  
-0.3869091443  
0.5154929874  
-0.8686671939  
-0.665716487  
-0.7707983522  
0.2666893831  
0.1188891165  
-0.7586683778  
-0.8460003226  
-1.617224212  
1.126680847  
2.880145628  
-0.8205040884  
-0.3925051035  
-1.26780385  
-0.6223081617  
-0.8294754502  
-0.2823439814  
-0.5769843818  
-0.3946753095  
-1.095690793  
0.2396955771  
1.483341294  
-0.6095642326  
0.5464524846  
-0.8239585327  
0.111326901  
1.649626096  
-1.523734882  
-0.256211275  
-0.897592894  
-0.5564023865  
-1.016509519  
-1.103856429  
-1.004717686  
-0.1734449682  
1.306908367  
-1.267650176  
0.7186617591  
1.911824359  
1.146075108  
1.251036965  
-1.105216012  
0.01912127264  
-0.8112369122  
-0.7161127866  
-0.2387701196  
0.3804830994  
2.183879834  
-0.6971421255  
-0.09764012892  
1.177778509  
-0.7487498972  
-0.3330924391  
-0.9156665747  
-0.5044385497  
-0.9827684605  
-0.5355818773  
-0.8898066271  
0.509106777  
0.5334376681  
-1.090763869  
-0.7285385583  
0.1521300594  
-0.2998894239  
-0.918854053  
-0.9286249525  
-0.8228313458  
-1.272377618  
-0.4935392452  
-0.6412522065  
-0.03985741316  
-0.6693669878  
0.1021942897  
2.254382838  
-0.7963213539  
-0.2072200322  
1.227347964  
-1.04561899  
-0.3592961237  
-0.1889475916  
-0.4441757404  
-0.8786495138  
-1.071112614  
-0.8272745306  
-0.0543008333  
-0.5970897928  
-0.8073461673  
-0.9290929103  
-0.5789282923  
-0.6489017511  
-0.5610559322  
-0.908063779  
-0.3605836606  
-0.3583269461  
-0.713520718  
0.5388369285  
0.1878747361  
0.8944534032  
0.2467589244  
0.3822483019  
-0.1456999284  
-0.3164858476  
0.09906864857  
-0.4463798705  
-0.1553108979  
-0.660944917  
0.9536328382  
3.377779456  
-1.36305683  
-0.5887263172  
-0.3297686065  
-1.627625847  
-0.3693886827  
-0.1969671323  
0.01127003784  
0.5534835896  
0.5864949577  
0.00561624035  
1.846329611  
-0.8480853372  
-0.1668617726  
-0.4479710318  
-0.1581019998  
-0.6512770689  
0.6221302595  
-0.8221057051  
-0.2427917669  
-0.556709976  
-0.388876094  
-0.5792100805  
-0.06583490119  
-0.5555136748  
-0.9661231716  
0.7578888704  
2.451805894  
0.2540480427  
0.3327706776  
-0.7072095225  
-0.3341969878  
-0.8590723377  
-0.1375954015  
-0.3110960462  
-0.0342284979  
0.1351691546  
3.144887738  
2.088123756  
-0.1099606222  
-0.4887325955  
0.0816475465  
0.1324109204  
-0.7702984256  
0.2906884892  
-0.03807909092  
-0.1988728268  
1.227796227  
2.342060803  
-0.6722061851  
0.8197445938  
0.532216534  
0.8722309956  
4.761940851  
1.142965176  
0.4785012786  
0.6556674549  
0.8380846554  
0.1019561787  
1.156612364  
1.115347149  
1.109318516  
1.165425076  
1.69849099  
3.552117717  
0.8916391925  
1.399997531  
0.9624864439  
2.207930353  
