4.90733659  
2.863283674  
3.401851019  
2.442696975  
-0.1541250589  
0.08017847459  
-1.21567381  
-1.204608181  
0.007777743134  
-0.3385796306  
0.5694963338  
-0.7631823722  
-0.1437000011  
0.4592473745  
0.2189618509  
-0.3123293704  
0.4984592508  
-0.06471401419  
-0.1155865436  
0.7954652407  
-0.2036264193  
1.078196362  
1.511660667  
1.069860313  
0.1641143621  
0.9532379699  
1.760291761  
2.027797736  
0.6378727715  
1.706569608  
0.4414259513  
1.124814917  
0.7255076085  
1.420914643  
1.037826601  
0.538512156  
1.034763635  
0.5441314082  
0.439388914  
0.1463017149  
0.2870210116  
0.3057392486  
-0.8011647103  
-0.098685386  
-0.02157581285  
-0.04044879698  
-0.2150821559  
0.7610455722  
2.681293707  
1.135661767  
1.369151599  
1.249976228  
0.1718722421  
1.466449834  
-0.8483534561  
3.757115912  
2.179017169  
-0.1195705821  
0.176020607  
-0.2932517834  
-0.610387379  
-0.03815388107  
-0.9962391236  
0.01682578702  
-0.1195427519  
0.02762564711  
-0.4412110361  
-0.5272419322  
-0.5099616485  
-1.101293107  
0.02837487476  
0.2423551659  
-0.494290074  
-0.2214992766  
-0.9694650253  
-1.197047746  
-0.5376304964  
-0.2590694156  
0.3223359129  
-0.1886063632  
-0.2545717377  
-0.6373228297  
0.5546448963  
0.7033715326  
-0.6328854105  
0.113150214  
1.023163509  
-0.3542866025  
-0.3600856735  
-0.1096293123  
0.02286533738  
0.388770637  
0.6961026048  
-0.7279063284  
0.09526177451  
-0.09229873392  
0.3092046468  
-0.2448177874  
0.1260100258  
-0.5498443419  
0.04422973898  
-1.361049067  
-0.5573407366  
-0.2953355658  
-0.5595772909  
0.1575460964  
0.2726448704  
0.824715744  
-0.51724483  
0.283798892  
0.1160481149  
-0.3337906962  
0.1408361873  
-0.9548324331  
0.07551842653  
0.5418311373  
0.5862439448  
-0.08674840577  
-0.06592838929  
1.464777093  
-0.7882100547  
0.2174842638  
-0.2776494945  
0.4974471458  
0.5253050399  
0.3188314825  
1.202533842  
0.3698004545  
1.15233865  
0.800815918  
-0.04762119135  
-0.06203718231  
-0.03478149047  
-0.03644706064  
1.29182092  
0.0003745752559  
0.8928927065  
-0.6953339967  
0.09186902141  
-0.2482185021  
0.1763970788  
1.112867498  
-0.3339217825  
0.615490647  
0.6625861259  
-0.5453532965  
0.1330207682  
-0.4783587665  
0.1713464481  
-0.3368019688  
-0.4075778097  
-0.03836176197  
-0.4805925603  
-0.4469667783  
-1.087153417  
0.2362454934  
-0.1729811677  
0.584382056  
0.4786213343  
-0.5956065235  
-0.3161963435  
-0.0220314692  
0.3748544137  
0.07788788719  
-0.3306351704  
-0.4278623289  
0.3446303114  
-0.02317226999  
-0.1223576322  
-0.1977038437  
-0.1188187078  
0.4944919436  
0.1793291814  
0.4060776898  
0.2733605392  
-0.1017210635  
1.042606229  
-0.3746944144  
0.3407672827  
-0.4178316054  
0.5907264721  
-0.1283447232  
0.3790469692  
1.030130715  
0.1345643254  
-0.4545252076  
-0.1728893588  
-1.851698821  
-4.642776  
-0.1548013347  
-0.3497492744  
-1.154202664  
-1.962235048  
-1.164757103  
-2.04228863  
-0.289202161  
-1.116072642  
-1.613337009  
-1.109731593  
-0.6705379858  
-0.6808464171  
-1.148070987  
-1.171992447  
-2.073029695  
-0.9855122412  
-2.19799742  
0.2412872057  
-0.1860999255  
-1.475858874  
-0.4926377131  
-1.713775274  
-1.954413674  
-0.8682452755  
-0.598810621  
-1.636407552  
-0.7314393944  
-0.9374131367  
-0.9688959626  
-1.200273249  
-1.174286467  
-0.8550845463  
-0.404288812  
-0.8757073821  
-0.1428196744  
0.01065549677  
