0.5733628013  
0.5529447283  
0.01125254033  
-0.6017653026  
-0.9824948902  
-0.1010662097  
0.002074361645  
0.6135373401  
-0.5542303373  
1.518933168  
-1.251279909  
-0.1988594668  
-0.485074754  
-0.6199580596  
-1.06586703  
-0.2128039691  
0.4144982834  
-1.469568112  
-0.5400715915  
-0.9169036831  
-0.5399176106  
0.6397140803  
0.2710951161  
0.8283968277  
-0.6576988085  
0.07336655428  
-0.9617560189  
-0.3531037577  
-0.3912198716  
-0.3471671968  
-1.385030883  
-0.3987705218  
0.05839408084  
-0.5229181082  
-0.9189919013  
2.536061272  
0.6126370391  
-1.223593146  
-0.5352052032  
-0.7155703186  
-0.7197052408  
-1.007168605  
-1.218185386  
-0.7460332562  
-1.518864001  
-0.9268146303  
-1.119408466  
-1.13308073  
-1.404119764  
1.470223312  
-0.5428241399  
-0.8738793148  
-0.9435243567  
-0.8573679738  
-0.9914024271  
-1.126196973  
0.5547610276  
1.530809576  
-1.323178427  
1.310138604  
0.3503651105  
-1.134227574  
-0.6449350947  
2.77708432  
-0.7670563445  
-0.3788291241  
1.516563352  
-0.2640909747  
1.942383912  
0.2439833449  
0.3012255589  
-0.08971969242  
0.8198049552  
0.7126548799  
0.7139208166  
-1.069060188  
-0.5916407269  
-0.4518759221  
0.486322975  
-0.06234477602  
1.95055256  
0.3059265978  
-0.1276933022  
0.04932066123  
0.2639878199  
-0.1746367275  
-0.2794316135  
-0.4637151638  
-0.3202296368  
-0.2547672798  
-0.2595764869  
2.078834206  
1.67601733  
-0.4666612045  
-0.3384559375  
-0.14172345  
0.02959124537  
-0.9424167867  
2.19927565  
-0.1824480399  
-0.1445650383  
2.223580982  
2.334131088  
-0.3697489231  
0.3926161045  
0.2441130138  
-0.2574257797  
-0.7072997485  
-0.3625292437  
-0.689056687  
-0.7374755247  
-0.2194905126  
-0.4671259086  
-0.8265107054  
0.002502892841  
0.3142479255  
-0.6499949364  
0.008961876342  
-0.5240666564  
-0.2716255698  
0.6412465147  
-0.936820904  
-0.5410634106  
-1.532586116  
-0.1449024299  
0.5872494051  
-0.2944254488  
2.744683019  
0.8818567395  
-0.227952758  
-0.774036902  
-0.7310835981  
-0.5399542532  
-0.7576098686  
-0.4761330799  
-1.3277729  
-0.7885951343  
-1.120312628  
-0.4622126857  
0.04346246509  
-0.1650749412  
-0.6806703821  
2.032533708  
0.1553412808  
0.08902212017  
-0.4319964571  
-0.03860844021  
0.1120149747  
3.305072805  
0.003366835399  
0.4543864907  
0.3866884692  
1.649137472  
1.674771186  
3.600924684  
0.01617149391  
-0.2054029154  
-0.3812482975  
-0.7547945533  
-0.1572612791  
1.083105913  
-0.3571712087  
-0.9648096119  
-0.4556784343  
-0.8336838261  
0.1765868765  
0.901590138  
-0.6859310423  
1.351127621  
-0.2559008762  
-0.1831805526  
1.471909191  
0.4573767479  
1.256225151  
-0.01253894715  
0.01718207249  
0.452671849  
-0.1440008428  
-0.6929707209  
-0.5400337652  
-0.4106418625  
-0.20537459  
0.2003117715  
0.243610545  
-0.5205367145  
-0.4170845729  
-0.3592433585  
0.7804651137  
0.7174632181  
-0.1691290474  
-0.3943364899  
0.479061333  
-0.8209434557  
-0.2693360106  
-0.9189368492  
0.2108848754  
0.7862829924  
0.1541473463  
3.160338715  
0.8872161727  
2.135902762  
1.474135647  
0.2534147749  
1.024990634  
1.513109279  
1.068560167  
-0.4330227082  
1.161971269  
1.601002166  
-0.01991297807  
-0.3794306102  
-0.6006300603  
-0.6908494206  
-0.6813130808  
-1.004940623  
-0.3249321335  
-0.6736232052  
-0.7269541873  
-1.086483807  
-0.8890897874  
-0.9768108368  
-0.915164186  
-0.8256300156  
-0.6678928232  
-0.4220962439  
-0.6230161457  
-1.022801217  
-1.141719006  
-0.9478516744  
-0.252680994  
-0.8481545821  
-0.2957325888  
2.530415615  
-0.5578994392  
2.16533211  
-0.3225020929  
-0.0760931902  
-0.4641698942  
-0.5590676383  
-0.2021711185  
1.255077352  
-0.4304654412  
0.4734208919  
2.848852134  
1.440435908  
-0.5609174987  
-0.5712664745  
3.027846307  
0.6812162549  
-0.524585365  
-1.526555404  
-1.086090013  
0.9364883919  
1.604581556  
0.4353135633  
-0.757440687  
-0.01928927885  
-1.000320847  
0.3388620302  
-1.058112051  
-0.02277194622  
0.4576299375  
-0.5856659869  
2.087448157  
-1.298473028  
