7893.05394  
7748.565557  
7552.545651  
7635.161442  
7620.308737  
7657.395367  
7635.241519  
7499.448302  
7627.710815  
7668.049727  
7506.84862  
7529.513438  
7453.525236  
7560.072643  
7464.981902  
7760.377684  
7459.403414  
7605.004723  
7625.876015  
7466.910885  
7518.519603  
7503.018455  
7539.592565  
7609.988154  
7533.288715  
7555.020233  
7452.08019  
7432.473403  
7504.875629  
7481.727415  
7560.421854  
7563.565785  
7722.565667  
7488.175215  
7583.572361  
7569.256647  
7466.09891  
7606.248292  
7544.043867  
7568.4226  
7537.993313  
7497.007974  
7573.450618  
7353.90572  
7371.312126  
7547.761367  
7489.595678  
7572.056938  
7549.305139  
7534.677683  
7508.102129  
7542.653919  
7572.574265  
7582.432113  
7500.073769  
7588.563092  
7535.164302  
7609.941892  
7519.854692  
7569.790319  
7631.74393  
7449.983045  
7581.537607  
7489.278527  
7458.010959  
7538.626296  
7521.889505  
7431.088586  
7617.102508  
7505.786555  
7658.017172  
7617.67723  
7601.071085  
7616.189945  
7579.2214  
7430.267596  
7567.13903  
7553.544366  
7584.581497  
7445.426118  
7507.125304  
7392.781428  
7561.97299  
7465.173384  
7583.282145  
7539.229936  
7587.262315  
7644.790645  
7616.157793  
7576.911634  
7526.915776  
7678.201275  
7580.289  
7573.1813  
7573.9956  
7628.41411  
7589.754724  
7669.816014  
7635.127153  
7643.871007  
7700.668882  
7535.254776  
7553.531102  
7630.947879  
7692.0421  
7424.736847  
7548.90334  
7371.088617  
7649.931419  
7432.609337  
6944.802367  
7662.245618  
7408.849144  
7579.529966  
7466.860914  
7547.874674  
7485.478098  
7557.912653  
7586.431423  
7543.741239  
7291.413204  
7482.271889  
7280.104706  
7576.955834  
7306.33675  
7450.180506  
7585.752919  
7591.072294  
7568.265814  
7570.776426  
7476.021039  
7474.117363  
7541.938203  
7518.543752  
7393.909927  
7495.234209  
7581.465176  
7506.67666  
7477.915602  
7497.232428  
7520.922854  
7517.487032  
7560.620182  
7580.899232  
7476.803744  
7599.447737  
7464.443066  
7551.382648  
7451.657261  
7538.129722  
7513.896293  
7593.265005  
7484.660558  
7553.520428  
7494.560417  
7604.332982  
7529.383005  
7582.351677  
7510.927759  
7553.176098  
7438.081759  
7504.4937  
7520.716753  
7542.371179  
7512.787352  
7589.570973  
7524.129343  
7527.551018  
7645.623802  
7514.144617  
7623.279876  
7514.919815  
7563.513326  
7463.191751  
7582.732336  
7648.78371  
7583.188807  
7619.738121  
7668.571447  
7609.295522  
7666.384863  
7529.454425  
7589.529818  
7488.499694  
7540.077456  
7544.043859  
7623.122361  
7616.087823  
7570.147826  
7617.533798  
7724.22446  
7565.216147  
7676.488913  
7662.476135  
7558.481395  
7604.938391  
7569.144678  
7531.036831  
7605.258689  
7576.020429  
7563.696372  
7661.618655  
7525.112152  
7573.534747  
7603.023702  
7565.05507  
7561.05552  
7555.595122  
7511.721395  
7551.401739  
7594.35444  
7536.860378  
7498.094532  
7568.687154  
7612.75247  
7487.534934  
7609.760656  
7591.905966  
7539.350128  
7426.779596  
7594.019423  
7562.594315  
7572.923593  
7614.795019  
7516.323398  
7562.800638  
7512.81708  
7624.109545  
7528.196814  
7587.019079  
7691.167984  
7531.805045  
7588.448239  
7554.28183  
7615.445016  
7479.984758  
7430.997879  
7559.334521  
7493.313418  
7693.012636  
7529.600634  
7598.848653  
7593.459273  
7651.713607  
7679.472335  
7635.747462  
7586.051881  
7549.244677  
7638.430786  
7618.924957  
7661.937446  
7591.339835  
7731.494334  
7572.485875  
7624.022388  
7605.428038  
7615.33068  
7583.504947  
7609.606191  
7546.744  
7493.076577  
7610.899364  
7615.50535  
7718.738812  
7484.127794  
7574.576855  
7532.407576  
7519.249198  
7537.655373  
7577.14929  
7487.056083  
7536.121837  
7556.480221  
7602.516002  
7591.506445  
7612.728043  
7580.32519  
7525.177608  
7621.609235  
7708.667283  
7649.230422  
7732.211261  
7541.37859  
7585.466789  
7574.699454  
7694.028762  
7682.174697  
7554.176481  
7557.732842  
7539.749223  
7556.188682  
7555.346546  
7605.440861  
