1.603842909  
0.9635319678  
0.2689347192  
0.383265147  
2.953881615  
0.3446809552  
4.000287967  
-0.3925318841  
1.048177278  
0.5581365768  
1.301148773  
-1.587874501  
-0.4448884572  
1.652239241  
-1.380180727  
-0.801791733  
-0.647701121  
-1.444755007  
-1.433985774  
-1.835105193  
-0.8420931044  
-0.4955547605  
-1.683715383  
-0.2608485607  
-0.299655178  
0.3573711607  
-0.7858370615  
-0.5254176729  
-1.481911598  
-0.1357139623  
3.084292373  
0.03211275869  
-0.9166885888  
-0.6808909035  
-1.092581394  
-0.6000918525  
-1.061354595  
-0.4494504097  
-1.421161109  
0.3105161454  
1.585794112  
-0.954223923  
-0.5264940066  
-1.414282429  
-1.153479651  
0.01913412036  
-0.4903687849  
-0.3768369626  
0.4649095421  
0.04403917353  
-1.531688461  
-0.9480279754  
0.8152477893  
-0.5719385794  
-0.946342455  
-0.7195082216  
-1.185752421  
-0.4345367493  
-0.3701274005  
-0.4343882682  
-0.4438788488  
-0.1923316484  
0.5666956984  
-0.5700455144  
-0.4035721449  
0.235840308  
-0.2371951679  
-0.4992496831  
0.06104173904  
-0.5854791552  
-0.2090472119  
0.2447100148  
-0.3306680553  
2.220683305  
1.550847568  
-0.5883172756  
-0.5698562409  
1.894989867  
-0.2949355427  
-0.05742854923  
-0.2127267595  
-0.3958716696  
-1.051180638  
0.470490878  
0.1262345715  
-0.4643832083  
-1.273314148  
0.6095347847  
3.686027703  
0.6607540416  
1.248551864  
0.1010354969  
-0.02869153947  
-0.1037661239  
0.777594638  
0.623700159  
0.591694035  
0.2937129907  
-0.3170398714  
-0.008028666233  
0.4245670608  
-1.314706777  
-0.5158102837  
-1.519247651  
-0.643390864  
-0.1180992797  
-0.8622333446  
-1.1137759  
0.2558294012  
-0.5685246093  
-0.1738219927  
-0.3711205013  
-0.5357159578  
1.143023773  
-0.7279893794  
0.2304825166  
-1.290238655  
-0.2954621925  
-1.15278231  
0.3235598242  
-1.014163334  
0.9077541618  
2.013071787  
-1.278727483  
-0.1468610936  
0.1545830535  
-0.9872040732  
-0.7274928713  
-0.8709593949  
-0.4173086798  
-0.7933471711  
-0.1848046303  
-0.03316987283  
-0.155996424  
-0.18980223  
-0.1582437131  
-0.4947752571  
-0.001826595726  
-1.004274942  
0.05133540206  
0.6678146846  
-0.6778730951  
-0.1129361707  
0.5081294296  
-0.2484681451  
0.4128740674  
-0.2164118598  
-0.02597536386  
0.1327737841  
0.3799256168  
-0.805590642  
0.4463935528  
1.893392324  
-0.5539298183  
-0.4596470172  
-0.9515986181  
-0.7550608467  
-0.6192061432  
-0.1124714227  
-0.5586035318  
0.1039116913  
-0.6418729752  
-0.2630938947  
-0.7281684002  
-0.6232719195  
0.5296593084  
1.657321077  
-0.1688784315  
-0.3008366935  
-0.4929047484  
-0.9308206855  
-0.4329461272  
1.510005837  
0.3321833925  
1.086264059  
0.623164679  
1.737905702  
-0.1624912092  
0.2546542764  
-0.2382976924  
0.205998872  
-0.5226189397  
-0.06287109644  
0.3045575357  
0.1635115904  
-0.6242560405  
0.1840365595  
-0.08122208197  
-0.6323608599  
0.2455667783  
-0.2774727177  
-0.5041819462  
-0.2621509563  
-0.3121436467  
-0.5340811947  
-0.2841500318  
-0.06268553899  
0.2280307036  
0.0204995454  
0.4765613806  
-0.4625082449  
1.600660809  
3.426894218  
1.7807227  
0.1370558167  
0.4107387926  
2.269134305  
0.1238741917  
0.1996478808  
0.3309147468  
-0.1868804957  
-0.5512939499  
-0.1502900275  
0.6980632933  
-0.3675539282  
-0.3527222813  
0.2085133274  
2.574163333  
3.944682379  
1.571964893  
1.930441696  
0.8507742435  
1.390792815  
-0.258081814  
0.01547633683  
