5301.299659  
5245.893216  
5095.707255  
5046.516421  
5092.362519  
5021.944451  
5043.220672  
5045.06158  
5083.186319  
4988.165691  
5117.486085  
5029.712844  
5104.13972  
5037.757065  
5096.763598  
5099.893848  
5107.357784  
5183.697141  
5071.889298  
5101.017662  
5047.11504  
5065.193593  
5068.949036  
5069.762293  
5054.717954  
5080.305376  
5012.220682  
5035.33579  
5075.7755  
5099.947013  
5033.17404  
5120.501908  
5079.741413  
5049.107188  
5080.889717  
5171.921978  
5079.729119  
5071.012719  
5063.219814  
5072.077257  
5115.994522  
5043.408608  
5146.988375  
5109.915916  
5058.24045  
5048.146885  
5117.988773  
5176.703154  
5035.241806  
5035.538072  
5114.648072  
5084.994563  
5180.070398  
5119.159526  
5178.155857  
5165.77798  
5121.378467  
5133.930065  
5078.127255  
5104.53814  
4969.604914  
5232.845141  
5130.895858  
5130.644518  
5094.548762  
5099.415749  
5121.924044  
5043.682368  
5103.199781  
5138.903311  
5127.626663  
5082.138137  
5102.609324  
5076.255647  
5045.071808  
5109.223288  
5126.81348  
5146.369261  
5087.640596  
5110.92121  
5045.292498  
5117.974458  
5151.305757  
5120.865608  
5049.789621  
5138.555962  
5081.324919  
5147.636079  
5130.352346  
5211.423857  
5264.907555  
5054.012993  
5096.177196  
5048.506466  
5197.591155  
5144.738789  
4984.675826  
5153.786201  
5154.266345  
5088.764364  
5135.674954  
5022.671803  
5188.122808  
5078.668724  
5084.132322  
5086.637339  
5136.97039  
5107.141191  
5124.886699  
5131.045023  
5106.156351  
5120.477348  
5097.38267  
5060.471682  
5154.975391  
5235.409394  
5122.287728  
5134.955788  
5016.442019  
5140.535862  
5052.266043  
5035.454298  
5146.749319  
5061.307341  
5123.623988  
5122.111982  
5141.424647  
5268.395385  
5163.369016  
5126.829804  
5156.162526  
5158.491773  
5092.650605  
5169.792953  
5075.491456  
5111.903997  
5176.1658  
5059.558388  
5151.624461  
5097.327547  
5304.311354  
5146.485727  
5202.919871  
5150.100253  
5138.25768  
5099.334033  
5068.626241  
5182.36696  
5167.620977  
5185.938556  
5225.193165  
5050.496629  
5089.581644  
5123.415568  
5068.92249  
5121.546035  
5111.546414  
5155.024434  
5141.434868  
5178.607463  
5176.410942  
5109.454177  
5148.183689  
5126.791029  
5149.229803  
5127.786086  
5044.007287  
5140.821884  
5196.111828  
5138.202438  
5184.232469  
5133.31505  
5181.686601  
5090.909752  
4843.206306  
4940.807565  
5017.322635  
4831.845925  
4989.622502  
5415.103722  
5218.620139  
5030.36462  
5143.322832  
5227.949536  
5187.434218  
5092.603584  
5154.717958  
5078.621724  
5021.051542  
5114.972923  
5103.708574  
5117.406431  
5102.883098  
5127.779925  
5081.684518  
5073.276641  
5066.143666  
5050.837821  
5052.290533  
4927.598061  
5024.715077  
5081.704975  
5050.615094  
4966.474679  
5042.550452  
5125.652927  
5073.97337  
5101.585659  
5013.808263  
4995.658209  
5058.144448  
5073.260273  
5168.468884  
5107.412944  
5026.449781  
5023.286841  
5071.274256  
5075.558946  
5042.74046  
5087.6549  
5015.683977  
5207.529416  
5207.63161  
5064.995403  
4993.026546  
5178.019008  
5098.434963  
5126.441616  
4955.467775  
5083.335463  
4643.83356  
4899.689527  
5205.3411  
4896.14245  
5387.342322  
5772.953882  
5895.294628  
