0.9899829126  
1.66846696  
0.9492743761  
-0.01183370717  
0.138539  
-0.05693497605  
0.382752569  
0.8634540564  
0.4344887089  
0.6216675693  
-0.1912671846  
0.4804855013  
1.235586368  
0.6426136884  
0.5166211942  
0.2641075436  
0.3634321341  
1.044510972  
0.6852337654  
0.4761378866  
-0.2440736837  
0.7036099567  
-3.270447297  
-0.7052097417  
1.070418859  
0.1764204793  
0.7425794447  
-0.02331335562  
2.080834927  
1.625233088  
-0.3099899386  
0.1116438967  
-0.02454988343  
-0.486923508  
0.8710477748  
-3.717393922  
-1.318535336  
0.1912009308  
-0.9519708103  
2.39149143  
1.132450249  
-0.1724357478  
0.4133479336  
-0.291703865  
-0.06592907643  
-0.1056591772  
-0.09950554141  
0.5979439076  
-2.112287993  
-0.8538555529  
0.3504031547  
-1.424982271  
-0.8168332791  
-0.5733660227  
-0.2137122775  
-0.322347559  
-0.5550195278  
-0.9834054439  
0.04804259819  
-1.292747278  
-0.04704179748  
-0.8735992435  
-0.1755004434  
-2.621361509  
-0.2588292241  
0.1606864533  
-0.1615578586  
-1.274311249  
-0.6019181465  
-4.292555822  
-0.4621391278  
1.89230398  
-0.7803038723  
0.2961944166  
-0.9909325121  
1.291121242  
0.3181341185  
1.2273453  
0.09237636293  
0.6577110691  
-3.244805208  
0.4358346198  
1.057796303  
0.9254862401  
0.1445033482  
0.4548306133  
-2.107599832  
-2.127599057  
1.266424107  
0.5417736105  
0.655731199  
0.1416930271  
-0.03671243948  
0.1966777028  
0.4908772917  
1.063496625  
0.7449605136  
-0.2770344481  
0.1160241899  
-0.1153377905  
0.7716485576  
0.5540399562  
0.3389340014  
0.9712763842  
0.2552045834  
-0.3680071892  
0.9892315507  
0.6974281743  
0.06622080392  
0.1263433882  
-0.375440463  
-0.5918319774  
0.3131349015  
0.4226622692  
1.204575201  
0.1378717031  
-0.527211193  
-0.2270931357  
-0.02197198903  
0.7927640615  
0.1475772238  
-0.3565180628  
0.3718413442  
0.2568151485  
-0.1359415848  
-0.4700089062  
-0.1932774023  
0.2451824927  
0.1530540532  
0.1563288839  
0.3246622298  
-0.5267321232  
0.5776068367  
0.3391595272  
0.711404732  
-1.250606435  
-0.8091439805  
0.4716721459  
-0.3101463828  
-0.9853603988  
0.3549188795  
0.03528300535  
0.3449868004  
0.314750111  
0.05085309715  
-0.284806758  
0.6951344572  
0.2403525303  
0.9617688039  
0.9239785914  
-0.8452731976  
-0.7344765934  
0.1199250627  
0.3072433598  
0.6811713095  
-0.7314825692  
-0.3777183299  
0.3862002453  
-0.2109495262  
-0.5039336691  
0.3408204968  
-0.6733616908  
-0.1626675296  
-3.071536007  
-0.7295499452  
0.8451364861  
0.2435719583  
0.3056586628  
0.4398648874  
0.4605947852  
0.365035451  
-0.220047659  
0.2066489324  
1.930439844  
-0.438632592  
0.1493775723  
-0.6664117954  
0.2082584067  
-1.169696753  
0.8365537192  
-2.651388525  
0.1711120207  
-3.856024284  
-1.856696498  
-0.08089831277  
0.1285899362  
-0.4609174411  
0.005173993106  
-0.6383661911  
-0.4795568286  
-3.687471018  
-0.6861853058  
0.9898906972  
0.01623282267  
0.9513664696  
0.09453111969  
0.1307354263  
-0.7576268515  
-0.1258791835  
-0.01982954322  
0.6698096783  
-0.6856585699  
0.1184684689  
0.6083072119  
0.4958803894  
0.1010736003  
1.102142498  
0.9800604617  
1.293824443  
0.1812645597  
-0.5975090264  
0.2497801915  
1.655679868  
1.354942807  
1.144161631  
0.8492701138  
0.05712007151  
0.4068794108  
-0.4193161537  
-0.5742007908  
0.5708754121  
0.07484648582  
0.3580602654  
0.5953280962  
0.2561519692  
