4428.449476  
4355.852027  
4350.412411  
4370.980025  
4382.635262  
4396.336091  
4341.519245  
4279.860622  
4185.733276  
4267.300711  
4328.73653  
4280.141065  
4262.14919  
4334.06663  
4264.603944  
4278.725407  
4290.10599  
4304.953561  
4369.462612  
4317.083171  
4273.353037  
4294.118491  
4397.425202  
4340.651073  
4359.374718  
4271.870211  
4291.473582  
4299.556189  
4325.878406  
4322.349995  
4321.721861  
4235.786576  
4279.048157  
4314.507453  
4332.078652  
4221.66513  
4310.400836  
4312.273607  
4341.421266  
4228.470404  
4287.445742  
4349.61147  
4314.768706  
4244.140084  
4298.595777  
4307.093312  
4261.868777  
4258.772455  
4347.779007  
4293.158069  
4317.515401  
4268.551118  
4337.535582  
4370.809055  
4268.748965  
4245.198374  
4294.322087  
4314.300003  
4344.208311  
4306.666885  
4357.425126  
4176.753683  
4440.982494  
4480.129692  
4143.968065  
4317.524965  
4305.570122  
4393.262874  
4357.296453  
4359.806897  
4316.17276  
4335.405423  
4369.591283  
4310.302898  
4369.283983  
4314.718775  
4321.353072  
4341.649863  
4391.053968  
4364.760555  
4345.416488  
4318.902171  
4317.776603  
4352.216025  
4290.219318  
4328.544473  
4464.486966  
4211.644485  
4358.754336  
4327.065426  
4380.228492  
4137.739017  
4259.646409  
4397.991773  
4275.250757  
4339.243148  
4293.795788  
4282.115594  
4196.568342  
4253.4462  
4227.792403  
4270.65242  
4360.60976  
4361.214813  
4376.143029  
4351.111575  
4297.072647  
4314.985708  
4340.332232  
4393.758445  
4358.992487  
4332.578088  
4286.736958  
4383.972092  
4388.013396  
4299.684891  
4333.160069  
4429.682604  
4346.659222  
4349.609513  
4312.999656  
4358.322155  
4399.361307  
4388.25927  
4310.318276  
4297.896624  
4249.685311  
4316.553085  
4361.222524  
4322.411446  
4302.723528  
4326.744678  
4358.875329  
4313.67575  
4301.081261  
4277.740083  
4347.963424  
4310.792706  
4331.133663  
4294.46997  
4213.995514  
4359.372786  
4347.427516  
4314.780235  
4282.00611  
4303.927863  
4368.327405  
4332.094046  
4265.823608  
4317.017884  
4351.866429  
4144.832389  
4229.56714  
4368.834543  
4264.35615  
4331.504321  
4357.265744  
4364.637614  
4416.35244  
4341.463538  
4188.612491  
4329.426102  
4316.16317  
4419.408398  
4258.926118  
4358.085879  
4347.248881  
4392.579086  
4357.89379  
4335.920198  
4284.080529  
4423.601407  
4292.19774  
4379.656127  
4340.885404  
4367.670513  
4332.75863  
4342.760079  
4389.799709  
4388.382211  
4362.330763  
4272.438708  
4301.830387  
4392.922906  
4343.530291  
4342.24916  
4309.549933  
4336.936284  
4238.222141  
4304.913207  
4475.754153  
4343.211422  
4369.82753  
4344.943959  
4356.522342  
4275.231548  
4393.940881  
4327.244061  
4324.241896  
4172.397375  
4315.790555  
4392.934401  
4322.958827  
4311.624368  
4304.78259  
4394.747601  
4329.9005  
4386.866693  
4391.069352  
4348.756651  
4283.752035  
4379.243166  
4401.894833  
4363.083724  
4364.71255  
4751.530626  
4418.403857  
4399.566823  
4135.55893  
4350.422009  
4364.16899  
4315.1336  
4396.084492  
4277.859175  
4373.094791  
4311.280557  
4399.040541  
4641.022971  
4433.944766  
4505.816169  
4298.979979  
4409.708508  
4310.024379  
4405.488559  
4375.918301  
4382.981008  
4375.922157  
4348.483945  
4326.500737  
4390.75051  
4398.429721  
4345.293543  
4365.840048  
4317.50962  
4377.760341  
4346.94734  
4357.344429  
4279.380424  
4300.837321  
4314.417169  
4379.777153  
4339.807839  
4350.239548  
4328.292831  
4374.662137  
4287.013565  
4346.605457  
4240.04113  
4351.751177  
4350.276027  
4383.983603  
4377.074633  
4245.546056  
4206.058856  
4146.036724  
4440.563716  
4329.787168  
4339.832811  
4361.746897  
4083.411927  
4292.115123  
4367.259464  
4421.019942  
4414.233803  
4309.89186  
4400.146893  
4436.057642  
4303.520671  
4319.343952  
4323.81358  
4293.156155  
4388.084463  
4324.462842  
4366.252984  
4321.583566  
4357.941819  
4334.74275  
4396.576166  
4372.754791  
4436.560866  
4318.195338  
4251.757834  
4292.449339  
