8274.835605  
7941.875171  
7961.80309  
8021.973224  
8148.431822  
7963.593238  
7942.0285  
7844.731734  
7969.761314  
7828.117553  
7741.603804  
7811.786723  
7569.09789  
7768.072395  
7895.459735  
7837.042665  
7547.301208  
7844.012999  
7760.955874  
7745.683316  
7750.518149  
7781.591876  
7856.0864  
7831.948587  
7804.018868  
7717.025632  
7830.753703  
7844.476776  
7684.27526  
7710.238184  
7705.091106  
7896.024633  
7859.491382  
7744.607659  
7721.196402  
7806.496873  
7716.040249  
7840.786269  
7666.819492  
7976.152523  
7647.064389  
7530.733272  
7817.165845  
7660.575886  
8175.858914  
7671.0953  
8058.24159  
7764.469252  
7883.483981  
7623.658002  
7741.269878  
7800.489273  
7569.860404  
7885.963572  
7898.094223  
7849.031509  
7713.167464  
7884.771373  
7846.256672  
7515.110417  
7812.68714  
7640.994072  
7761.872693  
7687.545276  
7656.093304  
7832.35517  
7421.386335  
7790.714743  
7620.557578  
7655.124132  
7624.745878  
7531.557255  
7816.418515  
7619.838053  
7682.011619  
7629.792249  
7665.771987  
7472.529969  
7568.786321  
7648.147897  
7863.522161  
7794.378506  
7952.757998  
7932.352868  
7820.927143  
7703.392917  
7893.953883  
7739.087467  
7641.251823  
7910.01758  
7660.171833  
7831.554608  
7620.653483  
7541.904877  
7781.954403  
7683.577178  
7725.223613  
7736.817936  
7696.727559  
7769.246688  
7707.338647  
7904.806589  
7821.316128  
7836.857593  
7781.903149  
7632.65608  
7972.958906  
7626.490941  
7726.678729  
7431.459835  
7669.076002  
7656.613483  
7933.053176  
7494.00979  
7621.915128  
7545.876917  
7607.480292  
7778.986399  
7672.84131  
7455.648856  
7468.79112  
7779.326923  
8000.558521  
7574.447825  
7779.084612  
7305.961963  
7548.916152  
7596.742426  
7641.264408  
7587.471435  
7682.657995  
7840.968966  
7669.326933  
7579.173818  
7682.508899  
7609.807844  
7662.732795  
7637.801533  
7901.534613  
7897.480204  
7662.585603  
7570.659357  
7924.532675  
7675.62486  
7820.250924  
7705.544189  
7750.797788  
7722.463523  
7619.452716  
7759.589184  
7689.354119  
7699.348806  
7728.384478  
7692.62943  
7799.99275  
7695.920462  
7782.367265  
8170.338165  
7773.043777  
7874.663076  
8119.863847  
7960.403696  
7726.167169  
7641.168576  
7909.813171  
7616.184698  
7649.548331  
7861.218257  
7680.471881  
7793.01439  
7758.329364  
7810.592723  
7707.013373  
7558.789763  
7678.152615  
7608.282567  
7659.517426  
7767.444148  
7810.832989  
7805.297936  
7742.43327  
7657.868673  
7744.355372  
7801.439043  
7734.065034  
7709.094101  
7718.064531  
7619.108089  
7647.631384  
7769.248568  
7643.649113  
7682.955036  
7669.820567  
7656.004909  
7699.312152  
7744.381341  
7704.352955  
7633.181777  
7506.391525  
7668.852596  
7512.29534  
7566.251917  
7773.628826  
7446.460581  
7802.525262  
7754.569884  
7900.167402  
7832.484616  
7512.317136  
7626.193963  
7690.931209  
7747.459784  
7620.259234  
7705.262999  
7699.822926  
7593.976285  
7543.277205  
7650.46931  
7497.518742  
7630.771198  
7718.198411  
7623.232797  
7479.581951  
7646.78375  
7573.363167  
7726.642778  
7784.349473  
7765.036285  
7659.085443  
7815.430401  
7593.309798  
7627.320497  
7505.357109  
7665.169751  
7526.487013  
7651.127619  
7536.572703  
7703.513762  
7545.109245  
7455.070523  
7742.293128  
7548.852889  
7686.745205  
7629.969889  
7707.619921  
7677.780048  
7653.856615  
7622.611477  
7973.304092  
7795.626965  
7689.066395  
7871.613836  
7570.071368  
7574.16321  
7539.202201  
7591.378945  
7666.241131  
7555.834855  
7533.215108  
7611.549893  
7638.837683  
7539.485425  
7499.82662  
7623.690094  
7568.97993  
7513.958265  
7381.794375  
7813.114939  
7606.607523  
7665.293611  
7731.517258  
7635.603851  
7642.559789  
7591.915695  
7635.703153  
7476.317586  
7565.051837  
7633.272685  
7614.353453  
7432.91464  
7438.035155  
7494.360283  
7486.971512  
7508.418579  
7819.478936  
7684.612837  
7692.990693  
7790.481383  
7917.563734  
8651.36922  
8838.446705  
8694.219429  
7891.393021  
