2.33886238  
-0.3922299026  
-0.5325190747  
0.9784880694  
4.445946928  
-1.050261562  
0.3281169038  
-0.9350946424  
-0.1073218006  
-0.3831297894  
-0.9240833831  
-0.357442442  
0.3934796275  
-0.8692822739  
-0.7579041716  
-0.8410293232  
-0.3676998654  
-0.7447643904  
-0.5838716461  
-1.182922415  
-0.5126640631  
0.3114622608  
-0.337051069  
-1.060379111  
-0.5206962914  
-1.057142191  
-0.7897053993  
0.2520576288  
-0.3660026441  
-0.4382039789  
-1.063026473  
-0.1858651884  
2.549056114  
-0.9962379865  
-0.2973201848  
-0.2332206384  
-0.5728899508  
0.05829506387  
-0.5805763946  
-0.1595031716  
0.1310310384  
-0.6244636021  
-0.9323250899  
-0.9237050744  
1.526155536  
-0.7312969166  
0.01015226132  
0.05802327321  
-0.5617341452  
-1.108244718  
-0.2336693535  
-0.07154722629  
0.2947456443  
-0.9546940116  
0.1044080746  
1.701109251  
-0.1445048925  
-0.6118828085  
-0.5467224165  
-0.82800492  
0.1528799528  
0.401122915  
-1.075118485  
-0.9818026868  
-0.6463037008  
0.2449608982  
-0.6989681954  
-0.3692484367  
-0.5942887682  
-0.2123178443  
-0.2162379311  
-0.4348451114  
-0.4818877663  
-0.6970038172  
-0.714305721  
0.02533079787  
-1.117286318  
-0.2362729883  
-0.420269802  
-0.3155281106  
-0.7246209453  
-0.1048922341  
1.339629345  
-0.4890946404  
0.09422139627  
-0.485986651  
0.6492375184  
2.237937464  
-0.5665362211  
-0.2032029472  
-0.6434064139  
-0.2923528768  
-0.577157882  
-0.6269393941  
-0.4411733931  
-0.4576621259  
-0.5191278915  
-0.3608460141  
-0.6330629688  
-0.6011722139  
-0.6103127087  
0.1443551194  
0.9164479519  
-0.5139141014  
1.687516847  
-0.8882443379  
0.6897780968  
-0.138332808  
-0.02078964084  
-0.4294396378  
-0.113441088  
-0.1435687946  
0.4638955405  
0.3038357105  
0.1619091369  
-0.4295203988  
-0.5286140316  
0.04753971537  
-0.2316676672  
-0.673499736  
-0.2407877563  
2.178706184  
2.817154373  
-0.3270431261  
-0.3653156097  
-0.2727532637  
-0.02253551801  
-0.3526420226  
-0.5013409526  
-0.359636456  
0.008646621393  
-0.3201493801  
-0.2639681466  
-0.4630065553  
-0.166791504  
-0.4532944987  
-0.2069838917  
-0.4691950094  
3.287894128  
0.4697407958  
-0.07214208518  
-0.5576376786  
0.08877220318  
-0.2620281417  
2.287309782  
0.238458869  
-0.1744932968  
0.3844008901  
2.240177007  
0.252819755  
-0.267303177  
0.09222835225  
-0.1845397939  
0.05300422283  
0.6683148491  
-0.5414496372  
-0.2230907656  
1.343458388  
0.5550874289  
-0.2074532634  
0.3656578957  
1.308646793  
-0.4095254035  
1.271867905  
0.2831394565  
0.485524628  
-0.3239286006  
-0.1663331744  
0.7644809124  
0.06556431243  
0.1418991243  
0.2662330807  
-0.07708264541  
-0.006076682013  
-0.7053340125  
-0.2124715295  
0.4449344118  
-0.8436190815  
0.05259788382  
0.1267947635  
1.758046819  
2.267613724  
-0.09623982223  
-0.2633844856  
-0.2320477999  
-0.03995602157  
-0.2493906344  
-0.6564680019  
-0.8178991546  
-0.2489010029  
-0.4517248857  
-0.3458009949  
-0.2979133453  
-0.3485211122  
-0.282909266  
0.1081514908  
-0.3284639438  
-0.3669313669  
-0.9418259847  
-0.2005866506  
-0.4335355052  
0.05590070818  
1.074738166  
-0.1287159059  
-0.113441022  
-0.2503595851  
1.311557596  
0.6613248024  
-0.3645395608  
2.115634033  
0.07140844188  
-0.2599476526  
-0.3172228839  
-0.4146323798  
0.206957696  
-0.4912267115  
2.0524301  
-0.3486319768  
-0.2548887367  
-0.3665237242  
-0.3819985939  
-0.04522865493  
-0.2905924844  
-0.4711136985  
-0.383498904  
-0.5688296511  
2.754175691  
0.2429591223  
-0.4938787583  
-0.1964703549  
-0.2665415755  
-0.1208720536  
-0.4052559699  
-0.1562046699  
-0.3208988206  
-0.5209061452  
-0.5225485344  
-0.2380094804  
0.230593644  
-0.707224442  
-0.5056965299  
-0.3812264496  
-0.4281257724  
-0.4144685329  
-0.3914325344  
-0.2109495257  
-0.3430299824  
-0.3105539675  
1.018069245  
-0.6242234071  
0.1869381002  
1.411858233  
0.02227433949  
-0.3126938185  
2.16524809  
0.07459890595  
-0.2415637835  
-0.7055274973  
-0.3093739535  
-0.3961666949  
-0.3027564986  
-0.05367187423  
-0.06613357326  
0.0193355713  
-0.3106126215  
-0.4022545906  
-0.6420965146  
-0.03414774519  
0.05212943373  
0.3707292264  
-0.2422940598  
-0.4336298008  
-0.1553935085  
-0.0239862228  
-0.3640183265  
-0.597864902  
-0.3875353933  
-0.2502502534  
-0.06993465167  
-0.6054416255  
-0.8597576622  
-0.3481238697  
-0.1262770446  
0.07461224782  
-0.2732082314  
-0.9848445862  
-0.3547050965  
-0.8007567053  
2.944194288  
6.122589897  
5.549886735  
5.787790671  
1.12323492  
