10462.66926  
9948.730389  
9897.694276  
9769.114622  
9665.931127  
9926.443608  
9643.742783  
9813.241752  
9786.223041  
10038.76047  
9646.002469  
9935.535717  
9494.75257  
9416.176598  
9999.056532  
9956.121261  
9438.762287  
9964.704002  
9807.817536  
9728.525645  
9663.502253  
10203.25027  
9576.89032  
9486.990016  
9887.35329  
9476.04522  
9674.069412  
9830.814286  
9517.556608  
9249.446725  
9612.320598  
10019.7837  
9507.618825  
9936.196558  
9708.410168  
9965.811265  
9838.447079  
9492.748492  
10122.94943  
9581.529775  
9922.81306  
9852.933893  
9936.302748  
9771.549379  
10255.1439  
9999.127364  
10199.38372  
9910.658777  
10099.66169  
10379.29841  
10485.26873  
10291.77784  
10474.81567  
9900.518419  
10281.90301  
9824.994779  
10337.12624  
10043.71466  
9905.942597  
10310.45374  
9942.590309  
10125.91918  
10092.58937  
10260.31248  
9661.226796  
9615.13099  
9691.382361  
10021.97853  
10206.4934  
9884.023618  
9810.057635  
9993.801517  
10229.19518  
10095.84226  
10054.60238  
10130.05324  
10158.66098  
10424.58784  
10262.97535  
9777.25094  
10284.89044  
10081.56201  
9429.933716  
10128.60378  
10641.12465  
10483.7347  
10545.29667  
10562.54277  
10383.81595  
10387.1928  
10274.103  
10756.82624  
10584.66041  
9362.508989  
10056.20322  
10059.36968  
10470.43581  
10101.36482  
9998.155775  
10154.42275  
10651.31026  
10085.52493  
9608.654641  
9742.623057  
9952.83292  
10179.59075  
10264.08656  
10078.07306  
10045.94884  
9967.345332  
9879.018362  
10064.24512  
10154.93611  
10768.0286  
10140.01073  
10533.6852  
9792.00712  
10072.80426  
9995.453514  
10241.52251  
9661.708624  
10183.86833  
9760.72857  
9911.512355  
10232.07437  
9561.211657  
10175.61798  
9983.43102  
10140.40014  
10047.73655  
9641.252869  
10262.43255  
10204.5837  
10491.10594  
10083.24352  
10329.48359  
9829.054063  
10152.77467  
9936.070682  
9853.63794  
10100.60762  
10054.24441  
10180.30663  
10236.25166  
10119.34649  
10008.93141  
10248.72653  
10401.18004  
9948.508114  
10179.13054  
10391.70247  
10369.51013  
10504.99091  
10318.8378  
10549.70208  
10517.67816  
10380.63973  
10200.42014  
10624.50791  
10397.15616  
10504.17077  
10257.73408  
10429.40826  
10381.69974  
10530.48144  
10498.01891  
10384.35482  
10024.57069  
10097.27017  
10288.28692  
10036.61478  
10360.26265  
10427.12686  
10427.7975  
10093.14595  
10459.66215  
10380.78329  
10185.01691  
10031.24377  
10085.20046  
10064.57949  
9776.959825  
9990.629182  
10215.28261  
10356.0578  
10174.35146  
10054.38796  
10155.87221  
9983.198966  
10252.64422  
9943.81557  
9740.725168  
9932.027114  
10228.06626  
10119.8224  
9906.80796  
10089.10437  
9980.366902  
9851.199248  
10161.05845  
9681.963778  
10459.24324  
9849.136151  
10092.01112  
9651.416807  
9351.697972  
10329.10995  
10352.44693  
10004.16604  
10500.23736  
10475.30736  
10592.57244  
10334.5046  
10305.96565  
10165.40885  
10425.26636  
10702.252  
10270.67307  
10375.35712  
10522.34123  
10470.71308  
10252.79961  
10117.00217  
10183.47301  
10501.02602  
10572.87391  
10108.03983  
10309.89907  
10204.70761  
9986.115565  
10093.33278  
10175.39972  
10353.12148  
10220.13847  
10305.82603  
10362.16444  
9909.907495  
10185.48109  
10175.92677  
10555.44296  
10734.54735  
10194.52005  
10093.42128  
10574.05987  
10607.22642  
10648.429  
10092.13505  
10311.07911  
10186.96394  
10388.74458  
10288.10207  
10319.95686  
10383.98706  
10485.61092  
10336.03866  
10971.78381  
10394.5247  
10194.77378  
10575.14345  
10854.18825  
10395.69294  
10441.16129  
10512.313  
10753.00887  
10865.38083  
10443.65708  
10425.52595  
10638.26114  
10596.20889  
10890.97365  
10489.24147  
10126.47385  
10076.14176  
9876.400667  
9836.362344  
9592.098864  
9966.350144  
9881.053913  
9918.555131  
10204.26312  
10250.15237  
9701.357517  
10060.52214  
9964.918389  
10099.99011  
10555.58846  
10286.51886  
10470.7367  
10339.34666  
10558.865  
10463.11172  
10474.31611  
10384.64198  
