-0.4894696982  
-0.9783075497  
-0.3585178847  
-0.3612737103  
-1.111163525  
-0.5623228352  
-0.930141999  
-0.8253252228  
-0.1206777314  
-0.2721925833  
-1.420470967  
-0.7775058986  
-1.333871609  
-0.4649380759  
-0.9956648961  
0.08401612487  
-0.5848325127  
-0.1810809789  
-1.12592124  
0.08258535885  
-0.2004143111  
0.9130043316  
0.2702355914  
-1.32660818  
0.6706897209  
0.3559247786  
-0.6714587938  
-0.3214864221  
-0.6699980158  
-0.5840425417  
-1.003382031  
-0.3489917914  
-0.6033533252  
-0.6443596382  
-0.6432280594  
-0.4149123992  
0.8204227894  
0.1098356796  
-1.450222482  
-0.3259315971  
-0.9833224733  
0.08748306052  
0.7670783133  
-0.7360565713  
-0.6075301349  
-0.4682461058  
-0.5868826328  
-1.40176435  
-0.2500782455  
-0.06333537459  
1.646125502  
1.838371222  
2.130365383  
-0.6325586689  
-0.1792625465  
0.3959037858  
1.338688774  
0.9698642019  
-1.922054724  
-1.417067969  
-0.1074370547  
0.8924529196  
-1.01882747  
-0.9756908823  
-1.437861129  
-1.288004115  
-1.145197136  
0.1898449224  
0.5200181528  
-0.04495339164  
-1.182555774  
0.5219316076  
-0.5941988497  
-0.6191491789  
-1.188664055  
0.19518508  
0.2981216536  
-0.6084749777  
-0.9339347816  
-0.1123684169  
-0.6270690798  
-0.04132240885  
-1.029357863  
-0.2608905683  
0.5854405724  
0.8035563303  
0.1886591036  
0.524733118  
1.332346603  
0.6806943812  
-0.1433176603  
0.6539584333  
2.07820875  
-0.183003551  
-0.9025392297  
-0.5609390124  
-0.7075846485  
-0.7340176996  
-0.7671339288  
1.037499165  
0.9148393218  
0.9819455611  
-0.02212077695  
-1.150996052  
-0.3659719711  
-0.3168416151  
1.776715187  
0.3704457157  
-1.211811873  
0.9140290213  
-0.138899249  
-0.02394475088  
1.297563852  
-0.4814809183  
-0.4893564786  
0.5259899439  
0.1903822212  
-1.315650618  
-0.3619786746  
1.370962693  
-0.4384256529  
-0.599529084  
-1.238902384  
-0.5417793362  
1.289546316  
-0.9504971008  
-0.609367622  
-1.357007072  
-0.194112462  
0.3244515373  
-0.2400927797  
-0.1056224299  
-0.8041251793  
-0.1889795486  
-0.4525874778  
-0.8161994788  
-0.1181699967  
-1.202081519  
1.023310376  
-0.0183456206  
-1.219565444  
-0.8698012871  
-1.390959734  
0.07014408417  
-0.5274948868  
-1.39312007  
-0.4050433919  
-0.5003596693  
-1.330136583  
-0.3314130489  
0.9596882789  
1.489274433  
-0.1083216256  
-0.3182576731  
1.322081471  
1.589188864  
0.4353017059  
-1.255993752  
-0.03909374206  
0.8451604613  
0.1522018552  
-1.546572919  
0.365398223  
0.8020945164  
1.514741898  
0.9717192213  
1.92987155  
-0.9655023543  
-0.3443395791  
-0.2190768578  
-1.473460462  
0.4240200634  
1.743338462  
-0.6584498535  
0.2306930492  
2.145067264  
1.812922187  
-0.05034158502  
-0.4252425201  
0.432567986  
-0.4990837249  
-0.8517241028  
-1.050233713  
-0.1499757118  
-0.9071908401  
-1.469855542  
-0.1726194387  
0.8511853109  
-0.3703818215  
-0.9913897223  
-0.7811164281  
-1.011759981  
-0.01562388354  
0.08642552257  
-1.446287538  
-0.310770015  
-1.567005536  
-0.2016071059  
-0.7577885029  
0.8161455272  
-0.07969878672  
-1.329881474  
-0.9357742053  
-1.520688543  
-0.9990731791  
-0.2158132309  
0.8651308052  
1.023170972  
-0.1621757009  
1.782263775  
0.3713113084  
1.443721017  
0.3992387114  
0.5265071531  
0.738819012  
-0.1943202036  
1.878788283  
-0.7136671935  
-0.7004019046  
0.4893886096  
2.20681472  
-0.458264395  
-1.45170593  
0.2548606187  
1.695999668  
0.4146591961  
1.149258946  
1.028843446  
0.2475357467  
-0.8938004691  
1.462660321  
-1.14478568  
0.5874775036  
1.156665658  
1.935702366  
-0.7131373704  
0.3927546158  
1.423373029  
0.5810561511  
1.713923273  
2.354384396  
-0.4649470615  
0.4916207525  
2.390849733  
1.663971218  
2.248357575  
0.0539170183  
-1.644883518  
0.07597424972  
-0.9614051391  
-0.3801521152  
1.219011607  
1.220983055  
0.2590827803  
1.301097376  
2.091871896  
2.106385621  
-0.5156482483  
0.648897616  
2.127747518  
1.417191924  
-0.1912671592  
-0.9219046832  
2.293820107  
1.661553209  
2.074149938  
0.2332936765  
-0.05324928451  
1.899644011  
2.376210977  
1.408407845  
-1.022691589  
-0.793532247  
-0.8797784524  
0.1677811432  
0.5765257083  
-0.2973064157  
-1.391551641  
-0.5980601105  
-1.086385768  
-0.8531074341  
-1.375417216  
0.7476910097  
-1.054800153  
0.7656145836  
0.07717784504  
0.2555584526  
0.1663070445  
-0.312988327  
1.350454466  
1.534733288  
0.1346627568  
-1.558690028  
