10248.57115  
9791.42106  
9805.734789  
9703.398949  
9571.084589  
9709.261701  
9451.296144  
9700.344658  
9709.855661  
10006.03049  
9491.609813  
9800.359793  
9198.141174  
9394.745337  
9756.795148  
9499.864075  
9253.566984  
9760.925268  
9586.503558  
9683.267718  
9572.775937  
9816.84276  
9361.266034  
9312.074662  
9748.068842  
9204.525105  
9515.229986  
9635.541558  
9155.544146  
9053.593838  
9525.403774  
9741.578707  
9400.885392  
9870.439568  
9500.845452  
9913.840945  
9901.814486  
9329.116232  
10268.05342  
9362.534575  
9760.618438  
9694.080644  
9730.596596  
9701.947515  
9853.785477  
9946.405746  
10043.34689  
9782.281744  
10029.02131  
10226.83316  
10381.5621  
10195.52897  
10413.31266  
9972.600378  
10205.80896  
9873.027735  
9983.311047  
9811.243569  
9617.789992  
10076.75736  
9988.713622  
9984.866726  
9881.726506  
9986.971127  
9516.115013  
9334.898336  
9531.435658  
9929.252109  
9909.370611  
9695.341314  
9761.088459  
9916.171505  
9952.748343  
9637.512191  
9992.790595  
10066.16463  
10261.49246  
10160.72604  
10068.98491  
9800.066712  
10112.32337  
9706.972481  
9365.402042  
10047.30781  
10062.2745  
10414.66579  
10156.7081  
10361.71601  
10239.5223  
10384.73441  
9897.357912  
10412.54958  
10447.03392  
9320.635729  
10014.42643  
9940.938296  
10169.47401  
9912.479967  
9937.972442  
10163.65843  
10369.81884  
9843.849623  
9538.614159  
9769.509954  
9745.195534  
10127.35688  
10052.57464  
9875.777223  
9734.166154  
9759.528883  
9682.250914  
10044.01755  
9951.529003  
10406.10865  
10046.26154  
10263.3608  
9367.69911  
9965.801425  
9697.437864  
9902.221637  
9616.204831  
10183.66184  
9228.479609  
9871.015831  
9855.533859  
9005.307113  
10154.77282  
9795.08109  
10037.07108  
9575.279565  
9566.919074  
10126.49936  
9973.733184  
10176.14113  
9968.151632  
9965.75618  
9624.541737  
10052.34061  
9646.582648  
9639.921389  
9948.199382  
9947.56213  
9987.378253  
10216.91304  
10038.89423  
9891.276881  
10037.28744  
10182.54469  
9816.618545  
10079.08399  
10189.76849  
10409.57594  
10345.9607  
10244.76362  
10273.08032  
10449.6457  
10256.48326  
10105.23138  
10414.77592  
10308.63647  
10276.75416  
10099.43548  
10157.53996  
10312.149  
10492.89169  
10212.03164  
10174.05051  
9960.294653  
9985.934664  
10062.46918  
9721.514306  
10348.39943  
10231.24641  
10210.64509  
10020.76512  
10199.1497  
10012.63473  
10048.92446  
9762.909656  
10088.08757  
9997.02889  
9709.820252  
9789.074775  
10186.06122  
10012.54227  
10035.20465  
9883.492596  
10166.67931  
9702.694877  
10028.56706  
9916.193114  
9728.822653  
9856.353961  
9800.070655  
9948.875922  
9507.009122  
10092.42809  
9702.527729  
9486.13448  
9931.934666  
9478.881211  
10088.81527  
9665.463073  
9815.098281  
9571.645074  
9465.157526  
10138.6773  
10180.01752  
9969.380822  
10255.61986  
10145.65123  
10324.31512  
10096.29268  
10092.03281  
9627.017833  
10009.61978  
10440.3746  
10035.21843  
9983.326798  
10253.15361  
10275.43644  
10061.46028  
10030.3902  
10041.10485  
10300.99974  
10351.61305  
10219.52481  
10151.09308  
10057.69008  
9951.176966  
10022.24804  
10082.38411  
10219.25929  
10170.66387  
10117.66688  
10022.98748  
9988.363546  
10032.19951  
10101.2586  
10195.47194  
10508.06291  
9958.573775  
10066.46162  
10355.82573  
10371.1464  
10400.32846  
9826.874969  
10109.46771  
10125.29183  
10232.35958  
10270.43509  
10107.63274  
10100.69225  
10310.03283  
10358.54178  
10622.435  
10449.96628  
10011.6533  
10433.22366  
10491.64481  
10283.09088  
10572.51596  
10257.63966  
10507.45129  
10666.93576  
10466.80134  
10177.07531  
10319.97657  
10382.2524  
10719.76162  
10322.25987  
9866.551351  
9881.933037  
9655.849783  
9761.660796  
9663.02434  
9880.89855  
9786.350891  
9813.595738  
9911.195668  
10158.2146  
9609.226948  
10094.21388  
9963.364692  
10105.48509  
10195.43063  
10252.66785  
10422.01144  
10010.17829  
10423.90539  
10475.54333  
10288.98114  
10259.4746  
