-0.6020011405  
-1.178784268  
-0.2717974437  
-0.437363268  
-1.176602471  
-0.1405975005  
-1.025702432  
-0.8641565457  
-0.2973789522  
-0.1885690492  
-1.507422179  
-0.8342251422  
-1.210651745  
-0.9732138577  
-0.8529643329  
0.3507555692  
-0.9109836471  
0.04694272166  
-1.028153652  
-0.3302610617  
-0.1851139116  
1.284316629  
-0.5174090981  
-1.473363191  
0.1919480077  
0.369636509  
-0.8888076528  
-0.007992221862  
-1.381146177  
-0.9077940756  
-1.08448156  
-0.01405449394  
-0.3365826108  
-0.4142216168  
-0.3897736791  
-0.5317056151  
0.4687942901  
0.07855171192  
-1.693804393  
-0.5519577376  
-1.020383293  
0.04649418902  
0.6231924602  
-1.003909503  
-0.1925062802  
-0.7911945352  
-0.5960021838  
-1.216344663  
-0.5111079764  
0.1652304697  
1.547348705  
1.758126456  
2.1588775  
-0.5469391792  
-0.3972323074  
0.3336691115  
1.869512192  
1.064053748  
-1.041077148  
-0.8407363736  
-0.4295131366  
0.807081524  
-0.7065091273  
-0.8343748905  
-1.473095354  
-1.362815962  
-1.083600869  
0.08636188994  
0.5071466028  
-0.4161935858  
-1.379232287  
-0.1151593895  
-0.3430515008  
-0.2934663847  
-1.209238442  
0.007818853815  
-0.02454263045  
-0.4093191287  
-0.6572544338  
-0.732447124  
-0.4287041529  
-0.2382069592  
-1.530659762  
-0.4861441731  
0.9653206557  
0.6835715931  
0.04216023493  
0.7657180094  
0.9111075591  
0.7042484888  
0.3144658894  
1.405353529  
2.265860362  
-0.9671467467  
-0.8734746012  
-0.5779662275  
-0.336071129  
-0.57396893  
-1.127540499  
0.6102207572  
1.084428464  
0.6044129807  
-0.5063609675  
-1.387132935  
-0.7806265159  
0.07283977246  
2.056801746  
-0.2215832983  
-0.9963733352  
0.4008800909  
-0.5426182839  
-0.5072470119  
1.76960412  
0.1723306179  
-0.6021442401  
0.4618929952  
0.6668927688  
-1.425318631  
-0.07339730077  
1.386955932  
-0.7132318465  
-0.6533121176  
-1.095793418  
-0.4189470509  
1.472020802  
-1.249444641  
-0.5574431279  
-1.517600516  
0.1452955743  
0.3035592704  
-0.5874472921  
0.2926963302  
-0.4421826515  
-0.1060412326  
-0.4073032343  
-0.1392086272  
0.1268760516  
-1.133207986  
0.4709312731  
-0.2386301112  
-1.157876823  
-0.9119544064  
-1.004320249  
-0.1674740528  
-0.4730207287  
-1.234070657  
-0.3000272971  
-0.1401020185  
-1.138478047  
-0.2831318328  
1.026106591  
0.973304168  
0.1529151346  
-0.4214550778  
1.308699286  
1.478316488  
0.4074019047  
-1.149832863  
0.3426959003  
0.7900327734  
0.5040567709  
-1.449332449  
0.3184212456  
0.5860023005  
1.285940467  
0.8513589575  
1.753072015  
-1.000592054  
-0.2429273626  
0.03774036688  
-1.349167554  
0.01061569367  
1.586220999  
-0.3046935204  
-0.08598554427  
2.068262122  
1.605479236  
-0.3649593058  
-0.9017885096  
-0.1350647758  
-0.54199316  
-1.305506155  
-0.9585707143  
-0.675686546  
-0.6611008057  
-1.477762969  
-0.2070978228  
0.3895553019  
-0.3824351711  
-0.2490428139  
-1.003588309  
-1.301401622  
-0.1656108466  
0.3090902947  
-1.448274952  
0.03445304937  
-1.433290953  
-0.3846301168  
-1.107064933  
0.1462414578  
-0.4725300373  
-1.121142603  
-1.20656233  
-1.238246738  
-1.375689204  
-0.5883625239  
0.9474382093  
0.7432075653  
-0.718425001  
1.532895971  
0.4461488073  
1.350609428  
0.2407704962  
0.3072930665  
1.255206905  
0.2475585152  
1.877276839  
-0.2123400792  
-0.3826703307  
0.6044178887  
2.069526503  
0.068919867  
-1.416385296  
0.1313794642  
1.534129786  
0.8905376002  
0.6784378551  
1.096139281  
0.3832792663  
-0.8703236558  
1.248641524  
-1.305388985  
0.6757890529  
0.9506535473  
1.906709802  
-0.2871590901  
-0.009210999614  
1.186399739  
0.8504480631  
2.00873813  
2.356235193  
-0.1002574046  
0.1626495169  
2.356150981  
1.528308329  
2.281082429  
0.3513604027  
-1.389744182  
-0.1603948376  
-0.7892636851  
-0.1218855369  
1.244585666  
1.535439705  
0.2832561101  
0.7263517134  
2.347115983  
2.082600514  
-0.07097478973  
0.5969890276  
2.279958713  
1.787856088  
0.09983903478  
-0.4931613137  
2.67106505  
1.985451318  
2.169161289  
0.5802083177  
0.3833961223  
2.029032471  
2.433352865  
1.44639786  
-0.8334562584  
-0.7548716013  
-1.193233211  
-0.1065379184  
0.5217264121  
-0.3242245332  
-1.349172559  
-0.6077599597  
-0.3647665878  
-0.8324494145  
-1.374883465  
0.1985393653  
-1.001751941  
0.4087007122  
0.6516478899  
0.2219355116  
0.587170936  
0.1220753233  
1.342155419  
1.268133548  
0.6539719253  
-0.9434393916  
