3175.416623  
2939.63425  
2829.00396  
2731.551485  
2938.483013  
2839.807411  
2849.406595  
2904.640389  
2786.660833  
2821.235674  
2817.934075  
2860.959756  
2897.783383  
2904.39129  
2861.945413  
2967.771308  
3017.574211  
2940.952678  
2907.240051  
2940.796092  
2928.836876  
3002.715894  
2895.669109  
2895.703784  
2911.506827  
2961.087157  
2892.385729  
2874.91931  
2931.468681  
3001.613281  
3034.906699  
3051.450814  
3021.828054  
3059.360585  
2892.562893  
3022.803426  
2906.063562  
3069.694556  
3119.275806  
2973.75246  
2970.568547  
2970.632215  
3017.501403  
2918.229972  
2862.799713  
2954.795039  
3068.548256  
3163.845689  
3060.052238  
2934.814793  
2869.420129  
3040.460113  
3067.478459  
3115.01656  
3112.039248  
3117.259562  
3043.689704  
2970.880268  
3045.665584  
2979.17713  
3098.252875  
3020.345771  
2957.026972  
2972.674608  
2987.560974  
2990.08729  
2950.328101  
2923.511163  
3012.759304  
3034.203701  
2943.086971  
2976.013369  
2929.625588  
2950.239749  
3007.945388  
3020.824924  
2889.47965  
3040.936775  
3129.048641  
2794.737113  
2918.085221  
3046.149148  
3085.54187  
2945.932108  
2936.332683  
2968.486959  
3010.931528  
2997.452984  
2915.819531  
2982.976142  
2959.021403  
3062.977942  
3071.126682  
2952.379739  
2990.696489  
2995.696819  
2963.253465  
3010.65709  
3045.244224  
2945.304822  
2964.255968  
3076.921566  
3001.36596  
2980.421456  
3014.120902  
3008.866832  
3138.804695  
3186.300027  
2952.711412  
2855.950689  
2963.89966  
2976.660764  
2995.965439  
3075.86185  
3085.942166  
3010.437103  
2907.624829  
3057.549104  
2974.844796  
2994.878236  
2989.032219  
3029.875824  
3068.163558  
3082.004828  
3026.230316  
3185.372389  
3131.451356  
2945.3436  
2950.549397  
3009.032889  
3001.29125  
2997.109912  
3005.340684  
3103.015976  
2927.986074  
2990.629074  
3010.388916  
3015.817831  
3129.17073  
3050.584744  
3000.877897  
3245.291889  
3178.791677  
3205.830938  
3047.034114  
2887.504913  
2960.116772  
3022.817128  
2991.882155  
3032.436924  
3032.142255  
3070.002734  
3009.710215  
3020.668752  
3200.774608  
3171.400704  
2953.988699  
3267.983851  
3020.972802  
2928.226843  
3043.919076  
3148.37674  
3061.381706  
3255.41233  
3104.617907  
2973.326117  
2973.73027  
2990.553468  
3110.369119  
2952.148304  
3164.875006  
3216.295728  
3109.602539  
2989.444286  
3032.690768  
3214.240429  
3362.700304  
3180.827765  
3036.793304  
2906.006536  
2992.884482  
2941.847255  
2891.782064  
2950.637389  
3036.663064  
2957.916648  
3016.734102  
2982.372935  
3067.146491  
3198.547517  
3118.87426  
3021.907588  
3022.327948  
3098.235816  
2955.037228  
2958.14945  
2978.675343  
3006.56504  
3035.347066  
3064.536992  
2953.197646  
2934.665895  
3130.213571  
3287.201806  
2882.555018  
2850.221289  
3108.379862  
3046.069373  
2955.696624  
2968.192259  
3081.592132  
3187.719064  
2962.365366  
2953.368582  
3024.483938  
2976.780761  
3106.210886  
3017.390767  
3193.097379  
2997.094295  
2895.859896  
3081.615101  
3106.375186  
3208.250307  
3234.635197  
2990.182536  
2985.172581  
3070.200431  
3086.446086  
3002.731484  
3027.09874  
3059.742738  
2996.803502  
3083.069597  
2961.15178  
2983.538452  
3039.135379  
2984.899866  
2944.175242  
2890.147228  
2987.731418  
3062.490404  
3087.724585  
3118.42001  
3086.797584  
2779.507899  
3052.035355  
3007.495515  
3222.891227  
3357.927427  
3412.117235  
3129.325523  
2884.533312  
2999.129486  
3105.115844  
3108.439665  
2897.046422  
3048.081544  
3097.952411  
2923.355919  
3071.672397  
3223.762281  
3093.95249  
3100.620448  
3149.506941  
3103.978863  
2850.374306  
2918.649912  
3025.327743  
3163.390378  
3119.531503  
3178.937352  
3254.520119  
3260.333536  
3166.3445  
3289.126912  
3373.316174  
3192.683437  
3018.035746  
3096.592915  
2891.18561  
3040.397074  
3095.330813  
3146.157752  
3107.10456  
2823.62069  
3044.711317  
2973.37909  
2921.071007  
2979.149773  
3036.3805  
3148.057448  
3204.602091  
