-0.4328752055  
-0.6762601293  
-0.5782434983  
-0.8062614329  
-0.4973753191  
-0.6197643832  
-0.5902829711  
-0.5445666472  
-0.4906581394  
-0.8489207904  
-0.7148761697  
-0.545303653  
-0.6773750115  
-0.6382734958  
-0.4384567803  
-0.5049605403  
-0.5440882221  
-0.3076548323  
-0.4195493524  
-0.7428659062  
-0.5889592712  
0.009775954203  
-0.879955021  
-0.7864103501  
-0.9541472129  
-0.3942369946  
-0.5014924469  
-0.5774875021  
-0.5523281143  
-0.4419489388  
-0.2751240799  
-0.7531628462  
-0.3525993796  
-0.8755194001  
-0.4880399576  
-0.1667800072  
-0.757219841  
-0.884454669  
-0.4722995838  
-0.04584194684  
-0.6282103679  
-0.6869751958  
-0.9409745624  
-0.5876332763  
-0.5155957838  
-0.8340655631  
-0.5633952626  
-0.5400799199  
0.1861186445  
-0.07804793067  
0.3099772066  
-0.3314278036  
-0.7823139026  
-0.6452776088  
-0.3970697178  
-0.3871373879  
-0.5860475689  
-0.3358027355  
0.5794655989  
0.3439825154  
1.62151579  
1.425311244  
-1.197883713  
-0.2254527287  
-0.9721950967  
0.4577156887  
1.355017253  
-0.4783964927  
-1.101162026  
-0.8555122373  
-0.8386308393  
-0.7292815943  
-0.2530764031  
1.061505747  
0.8185404619  
-1.07329052  
-0.09692940203  
-0.6187042056  
-0.6068570154  
-0.4756166552  
-0.2937180239  
0.637555709  
0.7149861907  
-0.8541468881  
-1.045469057  
-0.7444788865  
0.05066879283  
1.740530909  
2.45042509  
-0.6914977305  
-1.069090221  
-0.4399797655  
0.266690313  
-0.2855437563  
-0.9201442588  
-0.9118881181  
-0.7126853499  
-0.008657911595  
-0.8656054009  
-0.112106373  
-0.07068485327  
0.465862865  
0.4893501835  
-1.047374787  
-0.3730621939  
-0.04316879524  
-0.930354431  
-1.115445146  
-0.7626162233  
-1.193213315  
-0.7101902984  
-0.6658292266  
-0.4835744025  
-0.7773219679  
-0.8221191785  
-0.9504642725  
-0.4322724506  
-0.8687177058  
-0.7998744645  
-0.1709694878  
0.3782346839  
-0.6904529037  
-0.8029277794  
-0.7034525244  
0.3748455975  
1.506143582  
3.103687321  
2.248589464  
-1.467153222  
-0.6313842815  
-1.095089902  
-0.8207327282  
-0.6885156814  
-0.429334133  
0.4737804119  
0.8781933533  
-1.244794331  
-1.162023739  
-1.066958912  
-0.9447598864  
-0.9269976143  
-0.5443759888  
-1.017285192  
0.06365422563  
-0.4925348488  
-0.133678711  
-0.4890629031  
-0.5504254059  
-0.3676638855  
-0.585179006  
-0.6904821454  
-0.9382033807  
-0.1753482815  
-0.3848176727  
0.9405213678  
0.7468228285  
-1.215050405  
-0.9122146845  
-0.8861757096  
-0.2666386985  
0.5486664556  
1.703678291  
1.894777326  
0.165954018  
-0.594662849  
1.573057931  
1.143639295  
-0.7212621798  
0.08504877115  
2.317216901  
2.880515688  
2.668878397  
0.5602384368  
-1.497474016  
-0.4652044011  
-0.934520928  
-0.4653715788  
-0.02471251936  
1.35756644  
1.059228934  
-0.6307389837  
0.6646238958  
1.473838046  
2.414793393  
2.319234022  
-0.02511380769  
-0.593255236  
0.4104478507  
1.047342241  
1.902262618  
-0.2317616045  
-1.081177194  
-1.022795525  
-0.787194633  
-1.167280885  
-1.191962613  
-1.215031452  
-1.115070509  
-0.6861485011  
-0.5876901027  
-1.11935897  
-0.6536133688  
-0.421008827  
0.07085897177  
0.4506886635  
0.01261114854  
-0.7267311928  
-0.9681229211  
-0.7525122479  
-0.4480086645  
0.2013265665  
1.047921522  
-0.07733645988  
-1.329964451  
0.4147712626  
0.0898422075  
-1.264184878  
-1.006449056  
-0.9501411347  
-0.5326811367  
-0.5695313104  
-0.6433209311  
-0.05423511198  
0.975584313  
1.143889136  
-1.362870549  
0.5736461526  
0.950723234  
-1.706332903  
-0.926966249  
-0.1908642587  
-0.1682782824  
0.4220998921  
0.8072342317  
-1.342021581  
-0.6339003497  
-0.4571686022  
0.4315105296  
0.7666728549  
-0.7729127192  
-1.045973162  
-0.06998705552  
0.1505562303  
1.283110205  
0.3882126827  
-0.5571444684  
1.239619531  
1.488877097  
1.96664579  
2.354392532  
0.3519783375  
-0.9254611714  
0.3133235708  
1.993563355  
2.304057742  
2.115866434  
2.230021502  
2.582104048  
-0.6212534526  
-0.4218327681  
1.251089995  
1.059343847  
1.887641369  
2.697273521  
1.83680012  
-0.5000779185  
0.4201442179  
1.229633146  
0.6332252352  
-0.5912901963  
0.8654850742  
0.6291565093  
-1.278786766  
-0.885780113  
-0.7665879655  
-0.7937686735  
-0.6793010181  
-0.5150662625  
-0.4998115958  
-0.3634003055  
-0.5032193133  
-0.4816551085  
-0.3201802044  
-0.5890333854  
-0.4429918867  
-0.4763904824  
-0.4281515695  
-0.6722279245  
-0.4905153596  
-0.5959345212  
-0.2940519177  
-0.9546593709  
-0.4447381664  
-0.3412547742  
-0.02229379089  
-0.4993169307  
-0.2947656091  
-0.2105645159  
0.345236598  
1.152330359  
-0.871367326  
-0.9780093986  
-0.3764534449  
-0.2265238566  
-0.0895616528  
-0.7062618196  
-0.4324177949  
-0.006913407017  
-0.6089513618  
-1.155198696  
-0.6248277991  
0.1036621127  
1.103488912  
-0.4185037216  
-0.5846439373  
0.2436460643  
1.133627888  
0.03363203238  
-0.6278578118  
-0.5042535009  
-0.7731034097  
-0.4421114587  
-0.5063437748  
0.4945951874  
0.5222731475  
0.1339090546  
-0.1033600996  
0.2391944013  
0.5053877061  
2.08404701  
1.073343242  
-0.9169657194  
0.1946031976  
1.399262318  
3.075099187  
1.860390261  
3.16932086  
0.8456941898  
-0.7360094117  
0.1260586777  
0.01355213664  
0.5457299024  
1.151469643  
-0.2590511167  
0.1245409488  
1.160535992  
1.02951888  
2.028025473  
2.22198652  
2.857901918  
2.872412066  
-0.06898881563  
-0.4312887666  
-0.4019952379  
0.3772515366  
1.565581292  
-0.1041328043  
-0.9793631507  
-0.5181503394  
-0.3741925793  
0.08412016866  
0.1016663704  
1.199624305  
1.934572759  
2.466737705  
2.276698413  
-0.6124552033  
-0.3637758231  
0.1817903576  
0.4885927503  
1.846280765  
1.848811523  
-0.6070794968  
-0.4840553737  
-0.1319284673  
0.3322246271  
1.435157643  
0.8799661867  
-0.4107470255  
1.3795389  
2.701036986  
0.2096294798  
-0.5039176347  
0.17626826  
0.1183110271  
1.501556664  
1.04195651  
-0.7437958979  
-0.5859055889  
-0.581791137  
0.5375812791  
0.3419046515  
0.7668077492  
1.720638818  
1.33153717  
-0.5015011926  
-0.4326274998  
-0.5058614986  
