-0.07122346901  
-0.8428140883  
-0.6084803058  
-0.8421180895  
-0.6532257951  
0.5064207823  
0.5846577851  
-0.8765744275  
-0.5325834258  
-0.2019969773  
-0.1929982381  
-0.3216928034  
-0.7570891897  
-0.7762848061  
-0.7800233322  
-0.216884216  
-0.3293833654  
0.28823322  
0.4492469431  
-0.6760873306  
-0.6716516528  
-0.1551429726  
1.360367527  
0.1202630423  
-0.4100327568  
0.1875878701  
-0.3958602923  
-0.6723179988  
0.9133216617  
2.120572473  
0.5699711493  
0.442848493  
0.2764870505  
-0.7862194364  
-0.08586060866  
-0.7928111167  
0.006476653991  
-0.670427959  
0.6057843922  
-0.1045631784  
-0.5689946249  
0.9990829184  
2.20278256  
0.2473373317  
-0.931637359  
-0.7744637559  
-0.8197494053  
-0.8481735841  
0.110946558  
1.180332625  
0.9796712767  
0.02152922298  
0.4433099381  
-0.493297445  
-0.6590285055  
0.1069695576  
1.450571337  
4.379410155  
0.9404677567  
-0.8893528221  
-0.4638175933  
-0.3201810555  
-0.4452978848  
0.7998643216  
-0.9622602412  
-1.224682418  
-1.111115048  
0.4112158069  
0.0748075407  
-0.0808545538  
0.6198008093  
-0.2748404764  
0.2291340461  
-0.6251782  
-0.5148875282  
-0.3733992571  
-0.3061126939  
-0.4228727722  
-0.4948023176  
-0.6043313684  
-0.01173881916  
-0.5577401192  
1.089861437  
0.5296022952  
-1.187123119  
-0.514527717  
-0.8595117371  
-0.886895282  
-0.3506874279  
-0.3886338087  
0.4486525077  
2.34814307  
-0.3203158528  
-0.320805873  
-1.363713863  
-0.7224105763  
-0.9395805896  
0.8348458867  
-0.9629500834  
0.07245722057  
0.9542595023  
-1.169011533  
0.6493370209  
0.09546197681  
0.0193719324  
-0.5826678055  
-0.7300116907  
-0.3266275967  
0.2437861298  
-0.7246977432  
0.07007809589  
0.8067558272  
-0.4884450885  
-0.2685393049  
-0.6535322044  
0.2520720743  
-0.1044830495  
-0.5720165748  
-0.6330340431  
0.0364832158  
0.9236980338  
1.672181998  
0.6543084994  
-0.3656520234  
0.6265341214  
-1.635832383  
-0.6233388235  
-0.4760124162  
0.5843377972  
-0.6917968337  
1.030109894  
0.7210372918  
-0.7200467925  
0.5172984006  
-0.009256028263  
-0.4258760945  
0.006386399176  
-0.3349217823  
-0.7030422007  
0.08579946474  
1.41888727  
0.6345180212  
-0.4677297877  
1.471725037  
1.121391657  
0.416425469  
3.316293102  
-0.01923428492  
-0.7741534145  
0.1933113561  
-0.4337379739  
0.4257458116  
-0.3976559603  
-0.6743672494  
-0.8145245547  
-0.6934046471  
-1.170748541  
-0.2313905039  
0.172195394  
0.2331493805  
-1.595638175  
-0.3969609077  
-0.7855708198  
0.03776953994  
1.77804949  
2.510714531  
-0.01483494319  
-1.409773818  
-0.01841318984  
-0.3358414711  
-0.9188074776  
0.2680587532  
1.875657273  
1.097481374  
-0.6409309861  
-0.1239598135  
-1.811022402  
0.8032478541  
1.31809771  
3.371445962  
1.755391317  
-2.011993642  
-0.4541528914  
0.4277448002  
0.9428168497  
-0.6384539984  
-0.6347255505  
-0.1061698133  
1.134843718  
1.030411719  
-0.1779261635  
1.728058941  
-1.475467329  
-1.128011654  
-0.048372492  
0.7967711626  
0.9927106168  
4.621467622  
0.8521172288  
-1.962391799  
-1.021152797  
-1.951377813  
-0.6381331851  
1.417263846  
0.3113001089  
-1.285221876  
1.256770122  
-0.7961907397  
-0.6050118725  
0.9465508005  
0.4553650128  
2.32321042  
1.274266077  
-1.243137948  
-0.4183024847  
-0.3245491767  
-0.05834843414  
0.1938825745  
-0.598107097  
-0.8265701161  
0.004935350051  
-0.687191953  
-0.08209690175  
-0.2848166865  
-1.386645212  
