-0.3060459923  
-0.6167575941  
-0.4981603196  
-0.6198473676  
-0.4677449686  
-0.4430450507  
-0.4665151615  
-0.3860290035  
-0.3725393932  
-0.6407149354  
-0.4792821504  
-0.3951498973  
-0.548100704  
-0.4898992726  
-0.3657573349  
-0.4120492251  
-0.5386465374  
-0.3032976228  
-0.1899660606  
-0.5304879761  
-0.5216051547  
-0.05655058137  
-0.6510770432  
-0.6723795228  
-0.7327592116  
-0.4236345672  
-0.3534924044  
-0.484817685  
-0.5143457623  
-0.4685915748  
-0.2945088789  
-0.6477800718  
-0.4217425046  
-0.824589803  
-0.3335415152  
-0.07033346885  
-0.6398514763  
-0.7341558403  
-0.5362361509  
-0.02101098797  
-0.3575631444  
-0.6542042856  
-0.740866875  
-0.6018162191  
-0.456794898  
-0.6831409054  
-0.5274424243  
-0.5474380794  
0.1310666735  
0.193658513  
0.7254564498  
-0.04649443769  
-0.6664524455  
-0.5877551227  
-0.4235431736  
-0.4433280776  
-0.5672699517  
-0.3633683282  
0.4306094951  
0.384459653  
2.046721558  
1.881298654  
-0.9928334017  
-0.03318682548  
-0.528183628  
0.6518726613  
1.939983584  
0.4023405455  
-0.9300587745  
-0.5283903296  
-0.7126552806  
-0.526202219  
-0.1615893693  
1.400235398  
1.208699494  
-0.7730035149  
-0.1048204037  
-0.4749669554  
-0.6093969687  
-0.3663968695  
-0.3340302818  
0.7533461598  
1.036272446  
-0.4654161475  
-0.9793550654  
-0.56706261  
-0.1392177905  
1.728245475  
2.744988433  
-0.5519676276  
-0.9277794469  
-0.4616041215  
0.2573121746  
-0.1247065553  
-0.9746503723  
-0.8239074174  
-0.7547401563  
-0.2281626199  
-0.9039581359  
-0.1863221246  
-0.2251170599  
0.8582893088  
0.6293928083  
-0.9571216753  
-0.3624675801  
-0.0935443561  
-0.6667778525  
-0.9928166708  
-0.6961324529  
-1.033418891  
-0.6313464546  
-0.5684353669  
-0.2957728495  
-0.4403691577  
-0.7013752841  
-0.7005023349  
-0.4566299294  
-0.7202338599  
-0.6359687346  
0.0009090310421  
0.7990839754  
-0.6027435005  
-0.620696659  
-0.3667102895  
0.6591256864  
1.579565745  
3.325342517  
2.073492789  
-1.350231662  
-0.5157665599  
-0.958723718  
-0.5546662301  
-0.638621978  
-0.3190505105  
0.3210328346  
0.5465162623  
-1.107093222  
-1.047515604  
-0.87095276  
-0.8583401455  
-0.8496109755  
-0.6147868291  
-0.9587491035  
-0.063303772  
-0.6044796292  
-0.01601583976  
-0.513864253  
-0.7243390468  
-0.1001112242  
-0.601144518  
-0.5697064981  
-0.9541200671  
-0.3758228394  
-0.4665295377  
1.234500309  
1.150240661  
-0.9380234688  
-0.8183215766  
-0.8195564097  
-0.4219571252  
0.1627443167  
1.716734673  
2.556181916  
0.7651815623  
-0.5857806155  
1.062055593  
0.1219765176  
-0.8199337727  
-0.2022398445  
2.064629763  
3.034542947  
3.087935062  
1.544073526  
-1.282124307  
-0.7302667427  
-0.9414547677  
-0.4413183875  
-0.1859847433  
1.08807156  
1.005909717  
-0.3794727838  
1.181296485  
1.928993106  
2.676329622  
2.389163447  
0.79275026  
-0.04233944488  
0.7970242424  
1.182927  
1.910274047  
-0.567633074  
-1.022710459  
-1.008154162  
-0.840301576  
-1.337700996  
-0.9672012949  
-1.108295556  
-0.8423654376  
-0.700989424  
-0.5285854556  
-1.191585823  
-0.6463177567  
-0.4838273105  
-0.1249049708  
-0.08569155739  
0.007298710716  
-0.9040454049  
-0.8606101012  
-0.9557266476  
-0.4491766391  
0.02681568124  
1.762690317  
1.029308773  
-1.314895529  
0.5773156543  
0.7215566098  
-1.139362664  
-0.9786568312  
-1.01006203  
-0.5356943549  
-0.7549263567  
-0.7380998845  
-0.35090988  
0.8115404121  
1.867993798  
-1.335366842  
0.5491962715  
0.9895182457  
-1.459238366  
-0.7921200223  
-0.4568247588  
-0.4578157903  
0.2034363199  
1.015277867  
-1.151585634  
-0.7689366541  
-0.698820114  
0.6224579699  
-0.1746894841  
-0.9090384536  
-1.093154603  
-0.28495137  
-0.3022040863  
0.9047791271  
0.4176375112  
-0.02814794784  
2.21714984  
2.47619225  
2.748708146  
3.010333024  
1.383540078  
-0.4081488891  
1.040717312  
0.8268978471  
1.262613063  
1.928838827  
2.055408884  
2.888106384  
0.6732658769  
-0.09947399122  
1.531986305  
0.7663217563  
1.42007481  
2.317007732  
1.623304  
-0.5408349948  
0.3152758069  
0.5959379607  
0.6548047299  
-0.0555417208  
0.7653395311  
0.076567391  
-1.236688992  
-1.08581  
-0.9849865826  
-0.9967826244  
-0.9369011945  
-0.8967869032  
-0.8391540749  
-0.9198998565  
-0.9874958028  
-0.9446597539  
-0.7916035102  
-0.9636146104  
-0.7501243807  
-0.6943282424  
-0.4656478716  
-0.6368474028  
-0.4225282604  
-0.6771706557  
-0.4778349297  
-1.017351856  
-0.5760428271  
-0.4670492764  
-0.008117597482  
-0.4324287532  
-0.2200991344  
0.1531408871  
0.1727421936  
0.346066108  
-0.8011215384  
-1.019646103  
-0.5105973542  
-0.5195956792  
-0.2262097946  
-0.7426567418  
-0.6569526788  
-0.2020774546  
-0.7091869046  
-1.219490222  
-0.6970140188  
-0.2483551295  
0.9895679389  
-0.4714865307  
-0.6529511932  
0.02756018076  
1.005805918  
-0.08028188397  
-0.794835881  
-0.3626883552  
-0.7140301317  
-0.3177241586  
-0.5266851517  
0.1074134234  
-0.08094991072  
-0.2316844411  
-0.2501575043  
-0.04068726369  
-0.004947407046  
1.928603831  
1.40831491  
-0.9938193245  
-0.03424789576  
1.194019088  
3.071363694  
2.082420614  
3.294673121  
0.8710256928  
-0.8910864361  
-0.05626782713  
-0.2228536588  
0.5027742972  
0.5622076853  
-0.4082192246  
0.04852700927  
1.010581647  
1.015869343  
1.008729268  
1.170820329  
2.542800148  
2.397580672  
-0.1219391789  
-0.5701997771  
-0.5974243018  
0.1752791572  
1.379781988  
0.06368133357  
-1.003941251  
-0.7057196875  
-0.636685226  
-0.2437472229  
-0.1082826319  
0.363403705  
0.3756312114  
1.3508484  
1.339244638  
-0.8977608924  
-0.6916373575  
-0.2584222604  
0.03844133035  
1.897939832  
2.6595418  
-0.324944786  
-0.7200744614  
-0.242973552  
-0.2209410898  
1.460324888  
1.39841056  
-0.5069202056  
1.433662338  
2.955485543  
1.132062002  
-0.5893161752  
0.4590747279  
0.09490313214  
1.490575924  
1.195320333  
-0.9951264123  
-0.4974669864  
-0.8016256435  
0.09529982811  
0.09268487316  
0.2926224143  
0.5176083402  
0.2375984483  
-0.706927016  
-0.7048922591  
-0.6137624362  
