3340.516454  
3360.260758  
3287.260286  
3402.969265  
3398.1992  
3345.835288  
3355.976009  
3328.590353  
3315.649148  
3301.505017  
3247.707158  
3243.995185  
3312.124935  
3266.794498  
3271.952891  
3283.99444  
3262.198713  
3306.542593  
3255.66495  
3199.225553  
3273.300673  
3268.488307  
3285.040691  
3252.22518  
3279.684124  
3271.807125  
3314.015678  
3195.20344  
3289.475986  
3289.573327  
3256.352317  
3266.627433  
3332.276807  
3289.365108  
3289.457962  
3289.71826  
3288.540976  
3290.59184  
3343.343705  
3333.889074  
3266.138605  
3316.756803  
3290.308675  
3292.465765  
3283.828464  
3251.595876  
3329.946718  
3288.6763  
3287.650488  
3290.659949  
3293.036909  
3334.693379  
3316.48555  
3251.392333  
3290.094456  
3271.009589  
3270.537279  
3316.69065  
3301.715402  
3370.027436  
3344.960976  
3240.084257  
3285.745063  
3303.498831  
3282.060169  
3299.750821  
3254.971658  
3299.133264  
3243.227492  
3238.615231  
3299.458142  
3296.297993  
3276.098639  
3279.393372  
3251.012057  
3279.024274  
3269.825943  
3271.004138  
3250.8936  
3273.781208  
3274.075389  
3280.392974  
3280.238228  
3230.968244  
3228.86834  
3296.848119  
3242.525187  
3304.580329  
3271.220921  
3260.417762  
3356.458716  
3279.027332  
3357.816957  
3277.721241  
3301.23693  
3385.687964  
3295.830448  
3311.76401  
3310.204364  
3266.950241  
3349.451482  
3312.901696  
3356.871728  
3376.736924  
3294.193689  
3317.945619  
3354.376372  
3278.697656  
3294.703205  
3219.725784  
3243.073853  
3240.564522  
3267.785627  
3267.962803  
3254.1204  
3302.694242  
3251.537344  
3235.44965  
3277.881078  
3315.32027  
3246.661898  
3302.114742  
3283.605446  
3244.329505  
3285.11255  
3271.494014  
3269.369733  
3264.325288  
3298.501878  
3286.881619  
3255.02108  
3394.089123  
3425.550454  
3328.814545  
3290.495189  
3407.751319  
3313.947603  
3389.290521  
3334.651524  
3249.138054  
3338.459478  
3306.070881  
3282.713423  
3288.052443  
3302.475591  
3294.199215  
3287.721905  
3347.250895  
3289.93989  
3305.004296  
3356.436943  
3280.081077  
3320.701319  
3277.947219  
3295.701828  
3311.187847  
3234.977757  
3324.981573  
3266.670611  
3287.328675  
3271.253471  
3340.259717  
3251.11537  
3335.130294  
3340.329601  
3303.040317  
3327.880828  
3284.623295  
3288.954993  
3287.696883  
3251.053348  
3282.408872  
3406.88361  
3432.201698  
3290.598432  
3387.48079  
3278.405078  
3312.047347  
3323.548216  
3320.543832  
3283.333166  
3336.508994  
3299.197887  
3301.770089  
3323.236872  
3263.239446  
3329.563293  
3289.63268  
3270.4331  
3343.273042  
3322.923232  
3422.4324  
3362.360363  
3313.550245  
3358.471537  
3330.953003  
3362.008851  
3437.766414  
3278.05621  
3406.693663  
3397.312037  
3276.292729  
3361.551951  
3304.959689  
3343.949811  
3382.476769  
3295.523073  
3311.157381  
3319.997622  
3307.472873  
3314.48237  
3340.998759  
3285.256744  
3368.166764  
3306.553958  
3325.002036  
3425.822994  
3484.299821  
3338.637022  
3219.484417  
3351.161493  
3268.684051  
3270.170815  
3243.317282  
3315.929053  
3267.027072  
3200.2114  
3242.359623  
3238.607629  
3304.200804  
3495.785732  
3185.698552  
3232.181451  
3257.748061  
3310.350268  
3273.002991  
3337.766729  
3418.400057  
3320.483768  
3197.754006  
3306.621054  
3169.570499  
3357.948342  
3365.669508  
3441.135948  
3432.170418  
3209.95951  
3275.637888  
3321.20872  
3209.857285  
3318.372363  
3271.152623  
3390.190616  
3338.978108  
3351.0986  
3401.98824  
3244.093724  
3285.775361  
3205.637165  
3309.467013  
3292.990068  
3400.901619  
3544.352954  
3619.880793  
3510.950305  
3524.393123  
3606.657007  
3563.143679  
3175.176041  
3283.374954  
3231.170375  
3325.440628  
3386.608694  
3430.471327  
3497.418529  
3653.528802  
3556.52459  
3202.895791  
3272.827104  
3300.50944  
3363.585445  
3487.010898  
3424.006609  
3103.885537  
3269.667233  
3232.661254  
3349.250023  
3421.441534  
3484.280738  
3522.174909  
3611.022107  
3450.139381  
3325.657224  
