0.8961484546  
1.095439538  
0.7234758644  
0.4472607208  
0.2590336066  
0.3005791174  
0.9242874112  
0.3946006995  
0.3904024361  
0.6174668379  
0.531720478  
0.5258672134  
0.7455928886  
0.6925536036  
0.7715728776  
0.6644161095  
0.5919637684  
0.8681023125  
0.6428552646  
0.2976608667  
0.725320726  
0.6461561105  
0.9367552669  
0.7056064306  
0.5975827618  
0.4184513647  
0.1646016954  
0.4144625088  
0.6025027639  
0.5405544446  
0.7954305331  
0.9613199636  
0.8472931885  
0.8616161799  
0.7643534731  
0.6351702231  
0.8811041316  
0.6907423265  
0.5565962676  
0.4248340239  
0.6537670981  
0.6248876081  
0.6271820433  
0.5752075741  
0.6827408923  
0.5990406442  
0.6471645008  
0.607564095  
0.5293724608  
0.6352272989  
0.5111352407  
1.031627804  
0.8027688724  
0.9357707467  
0.8708184802  
0.5871317182  
0.6504823877  
0.6298629669  
0.6575977319  
0.6154834377  
0.4719309836  
0.6394556132  
0.8163276495  
0.8906167076  
1.013814529  
0.5975714009  
0.6588100827  
0.7173091402  
0.9558339934  
0.5812268655  
0.6238940433  
0.851991479  
0.7886006684  
0.7276476679  
0.6943739658  
0.8433086171  
0.6982638563  
0.9405037332  
0.9633752559  
0.4815872122  
0.9101738442  
0.779993249  
0.8495465549  
0.8184985759  
0.7969416637  
0.5317536871  
0.4391322247  
0.5793665318  
0.6030877739  
0.4057886005  
0.6060541487  
0.7584600608  
0.2489308101  
0.3576606727  
0.6838595809  
0.5025053054  
1.079901356  
0.8757960369  
0.216820726  
0.7660140693  
1.127051423  
0.8556997737  
0.5990087533  
0.494793692  
-0.08749857799  
0.2688463276  
0.3300012539  
-0.6228155258  
-2.683782687  
-1.56169894  
-2.557334749  
-1.32331441  
-0.7882673803  
-0.9398985456  
-1.089487639  
-0.9966892156  
-0.6698921586  
-1.293828877  
-1.236901609  
-1.188944118  
-1.792363642  
-1.51411988  
-1.381390136  
-1.464929993  
-1.687126338  
-1.753543226  
-1.964886847  
-2.107869636  
-1.529075225  
-0.9439705603  
-1.648664435  
-1.687379766  
-1.413487988  
-1.69621512  
-1.063514458  
-1.472790286  
-1.465990445  
-1.979373586  
-1.628279465  
-1.278215454  
-2.138066344  
-1.871434411  
-2.25332556  
-1.384602158  
-1.254703374  
-1.29983666  
-0.6484832955  
-1.09531039  
-1.442203239  
-2.016358667  
-0.7923905924  
-1.282482669  
-1.686576604  
-1.810605414  
-2.01312617  
-1.341784018  
-1.391958071  
-1.450232443  
-1.462420737  
-1.46106918  
-0.9622755954  
-1.914587027  
-1.238796771  
-0.5363982232  
0.6257856792  
-0.8792597014  
-0.9296876403  
-1.006695219  
-0.8060677834  
-0.8893972629  
-1.97076458  
-0.6667335229  
-0.3415072297  
-1.344862257  
-0.6278332023  
-1.34935322  
-0.4626975014  
-1.02876832  
-0.7520657726  
-1.208705633  
-0.5892019038  
-1.051992291  
-1.25839146  
-1.391761584  
-1.022202893  
-1.228680166  
-0.6867844686  
-1.021206767  
-0.6318614607  
-0.5633330501  
-1.202825268  
-0.6172456204  
-1.140759185  
-0.9691904718  
-1.568823131  
-0.4564697563  
-1.503040628  
-0.7782704921  
-1.266610987  
-0.6451189839  
-0.7826375543  
-0.9104019941  
-1.005595129  
0.2219716945  
0.8451973408  
-0.1072553596  
0.2986489446  
-0.08838478881  
-0.1469363474  
0.1157409698  
-0.7588571456  
-0.2317460873  
-0.6696688777  
-0.6840976702  
-1.229320872  
-1.139404994  
-1.106167115  
0.3329537789  
-0.3263811826  
-0.8836387357  
-0.817769951  
-1.496134177  
-1.065934946  
-1.112458981  
-0.5447520309  
-0.7851921464  
-0.6365737199  
-1.026993282  
-1.066431278  
-1.440271824  
-0.2512308328  
-0.7062857773  
-0.3419193011  
-0.6194669317  
-0.5083804759  
-0.1587281201  
-0.8704943066  
-0.4035933505  
-0.9045177468  
-0.4340348648  
-0.2790120758  
-0.3736400888  
-0.1132283808  
-0.1061755841  
-0.7318260753  
-0.2038444026  
-2.40892325  
-3.67824971  
-0.4954990438  
-0.4945945684  
-0.6016439414  
-0.5859883845  
-0.8688547817  
-0.3923527045  
-0.5784845149  
-0.9662425285  
0.1881916321  
-0.2876426065  
-0.5344073892  
-0.8515330376  
-0.3902323893  
-0.5978219932  
-0.4082186842  
-0.9112087703  
0.7592885383  
-0.4965375378  
-0.2992103597  
-0.8744174949  
-0.2868193717  
-0.6308489443  
-0.05137274702  
-0.4401770738  
-0.229787242  
-0.7615316672  
-0.2711631739  
-0.6911749586  
-0.3963927501  
-0.741800019  
0.3404902899  
1.468593827  
0.2543853918  
0.5446094005  
1.262485218  
1.159822441  
0.8200962627  
0.7459414377  
0.1959399296  
0.2486386273  
0.6164931431  
0.1891493217  
0.6043779334  
0.2251501543  
0.5096794925  
0.629495608  
0.3208968015  
1.019691548  
-0.01370757912  
0.3056070204  
0.1291269405  
1.063933975  
-1.133741416  
-0.5080548717  
-0.3991725225  
-0.2060732313  
0.4833570739  
0.1054479014  
-0.1253758961  
0.5654317741  
-0.2346051735  
-0.8867180441  
-0.2176392299  
0.1176644882  
-0.380020404  
-0.205830531  
-0.7004228247  
-0.3150930758  
-0.01779564967  
-0.1607822942  
-0.2209077656  
-0.6346402914  
0.2095083604  
0.6681048399  
-0.6654493288  
-0.606097248  
-0.1987526261  
0.73027055  
0.8894013525  
0.5291322121  
0.4291573909  
0.3406412778  
0.7509797516  
1.731530918  
1.310203068  
1.732868166  
1.283739325  
1.318071903  
1.048089737  
1.130973719  
1.154794881  
0.6556947913  
1.195281554  
1.175140603  
1.383428845  
1.118026914  
1.046854277  
1.338701864  
1.299850107  
1.666066735  
1.568084781  
1.532163273  
1.101510632  
1.337242016  
1.031034296  
1.362695624  
1.144187003  
1.389239832  
1.009194515  
0.388168644  
1.22583564  
0.8512366189  
0.637463338  
1.218119019  
1.095857874  
1.334570671  
0.5099049856  
1.186025492  
1.271390804  
1.070841648  
1.15202893  
1.387003074  
1.02146073  
1.068884384  
1.265710225  
1.184542934  
0.6403990046  
1.073080142  
1.325195573  
1.174111207  
1.149202602  
1.416731127  
1.049250982  
1.007297317  
1.333742967  
1.190005289  
1.270547426  
1.60702755  
1.331673356  
1.574818579  
1.577989565  
1.136273643  
1.12102688  
1.284675307  
1.301860858  
1.164438595  
1.207241519  
1.363657067  
1.680205509  
1.000069111  
