0.3419124139  
-0.8201190899  
-0.4343197229  
-0.8039184256  
0.09149903146  
0.4834560212  
-0.3422899476  
-0.0675012478  
-0.2380064552  
-0.3435609833  
-1.175554064  
0.7132919508  
0.02251030391  
-1.024771976  
0.815357518  
-0.5611745084  
0.0561960217  
1.101126672  
-0.3284504858  
-0.4965032735  
1.163391281  
-0.4731596653  
-0.7206080232  
-0.9030389353  
1.049687301  
0.2592886579  
-0.4685070114  
2.043955741  
0.4972903203  
-1.024237593  
-0.2315144058  
0.9428787621  
1.127165531  
-0.2213066042  
-0.3576144393  
-0.773490477  
1.148162668  
0.9731043071  
-0.2968619054  
-0.1706732093  
-0.6381428752  
-0.1127523892  
-1.20286681  
0.3955243498  
1.382477172  
-0.9719579068  
0.266107878  
-0.8652829468  
-1.543565832  
0.721901377  
1.709605716  
-0.9531129611  
0.1858221808  
-1.056873865  
-0.5939347745  
0.1795803976  
-0.1284126177  
-1.702207283  
-0.3562119747  
-1.998356723  
0.7624454124  
2.071125435  
1.532277436  
0.3664494036  
1.296944985  
-0.6789893696  
0.7708800927  
1.805129557  
1.760848742  
-0.9580725903  
0.3109536727  
-0.1043890515  
-1.209180889  
-1.413596411  
0.3734824665  
0.9776814684  
-0.5904790505  
-0.9234206209  
-1.191461788  
-0.2862507987  
0.2939119776  
-1.093644281  
-0.4198740749  
-0.4376963582  
-0.6688871025  
-0.4918211085  
1.62115845  
0.3208563306  
-0.9260655567  
-1.055655328  
2.252586089  
0.661653394  
-0.4674836826  
2.323881859  
2.134971557  
-0.02605143093  
-1.187371445  
-0.9694787775  
2.27307773  
-0.3125072272  
1.075395552  
1.088450962  
-1.088957259  
-0.8048719554  
0.7194932106  
-0.6064502703  
-0.2363210152  
-0.1115931201  
-0.3391680543  
-0.07532328836  
-1.053441458  
1.603398489  
-1.051479815  
0.04721651715  
-0.03744907427  
-1.015782026  
0.3336224637  
1.636242979  
1.021562098  
0.7782593234  
0.1449721757  
-0.791900971  
-0.1578803569  
2.370042902  
-0.1297555788  
-0.5470533894  
-0.3855726897  
0.270180778  
1.64819341  
0.8014750823  
-0.9138221135  
-0.6333164462  
0.303831581  
0.4985021009  
-1.157031736  
-0.1716625088  
-0.9837332373  
-0.8045015109  
1.84183243  
0.1542270885  
-0.5312831847  
2.042073524  
-0.4637868635  
-0.9897672092  
-0.5790770455  
-0.1616765179  
-1.31772447  
-0.6573411938  
0.9940644773  
1.202263792  
-0.8890870649  
-1.097965356  
0.492616729  
0.1407641653  
-1.260402718  
-0.8168166619  
-0.9441843988  
-0.6410265805  
-1.686397936  
0.7537569135  
-0.7698200468  
-1.028555987  
0.9104957668  
0.3918827127  
0.4781230693  
0.2280888938  
-1.216529135  
-0.4838528195  
-1.840774384  
-0.558621006  
0.9734189574  
0.3244168019  
-0.8866668851  
-1.133857409  
-0.0665061628  
-0.3211827437  
-0.7712029171  
1.083245994  
0.8846412132  
-0.5891980507  
0.2099912779  
1.416540069  
-0.7482671352  
-0.5448728206  
0.5703021057  
0.8819780783  
0.7635821039  
1.046723118  
1.573077992  
0.8118495826  
-0.771986068  
-0.8138767422  
-1.422825836  
1.0078341  
1.123354543  
-0.1543637577  
-1.071935734  
-0.7732953274  
0.9838820147  
-0.3594151918  
0.4635612646  
-1.599847947  
-1.068394177  
0.151582288  
-0.1216613101  
-0.8415569083  
-1.987087877  
-0.0631119518  
1.282209722  
1.04565304  
-0.8145434521  
0.3854586479  
0.5356740422  
-0.2599893743  
0.943470324  
-0.9795855735  
-0.4805349443  
0.1645458363  
0.01225607319  
-2.725054632  
0.3505740742  
1.453634304  
1.899731385  
-0.1752813912  
0.4213773815  
0.3930049126  
0.5862401759  
1.1255423  
1.702992922  
0.1801739006  
1.163975569  
2.198356765  
0.5997322292  
0.3240836359  
-1.001662673  
-2.33730267  
-0.4801403258  
1.57970266  
0.3583438366  
-0.007854420792  
-1.339019481  
0.04284865648  
-1.842518326  
-0.1941929302  
-1.291634675  
1.032842055  
0.3024655941  
-1.439461411  
-1.343225183  
1.174412168  
1.272629128  
-0.4135751257  
-0.9737274871  
0.05056811055  
-1.876771591  
-0.2132974176  
2.39595311  
1.363350376  
0.2239243554  
-0.5480029896  
0.2918441923  
-0.2382617573  
-0.1698386668  
0.7888551693  
-0.2240179617  
-1.269652901  
0.6331929299  
1.626089307  
1.069041881  
-0.556975462  
-1.114971267  
-1.115752494  
-0.6219756053  
0.8098215426  
0.9265411707  
-1.433646486  
-0.7561100726  
-0.1480746328  
-1.494217415  
-0.5202001083  
2.011426694  
-0.7776150644  
-1.821161002  
0.9374607179  
-0.7384238652  
0.3803659007  
1.168706611  
-0.2144860236  
1.006339471  
1.119666615  
1.074965475  
-0.5153048573  
1.191506185  
