0.06835632031  
0.7029526905  
0.4124949654  
-0.4464697994  
-0.06736204367  
0.1763694439  
0.1452490473  
1.172607954  
0.9610915325  
0.2117666914  
0.05975834825  
0.07491858277  
-0.536943215  
1.835886925  
-1.508653039  
-0.3687447974  
0.3661322236  
1.43978621  
-1.170430454  
-0.5121647007  
-0.9330353711  
-0.5519272201  
1.494887846  
-1.325385639  
-2.156471958  
1.658719376  
-0.3865133899  
-0.01669148926  
0.358005227  
1.115540655  
1.12919747  
0.3244815446  
1.658266251  
0.002200767695  
1.33193162  
-0.7976657117  
-1.174107623  
-0.66561624  
-0.04340568115  
-1.556407239  
1.557381189  
-2.109363956  
-0.9020146656  
0.6918287605  
0.4112969665  
0.7987311804  
0.8429864217  
-0.2701181641  
0.03641051164  
0.7699458741  
-1.161441314  
1.571256409  
-1.570231841  
-1.706567361  
1.232250615  
-0.04982649049  
0.9643736757  
0.1673976731  
0.3236808675  
0.9920145956  
0.8621460324  
0.4597365781  
0.9940029043  
-0.6707503279  
-0.7155894733  
1.016279225  
-1.219309248  
-2.32663196  
1.170270404  
-0.391870294  
1.939973752  
-1.574361418  
-0.3213586891  
0.44331633  
0.522126644  
-0.8567070102  
0.3010070188  
-0.6162134691  
-1.074373853  
0.6067199131  
-0.8497224044  
1.206235185  
-0.8474191111  
-0.09826238848  
0.5025354763  
-1.23915525  
-0.2336981643  
0.2248040449  
0.5199564155  
-0.2162984812  
0.6355097875  
-0.2657373527  
-0.9798775447  
-0.6700993474  
-0.90685609  
1.39982502  
-0.8193028711  
-1.999206333  
-1.47623281  
1.581739701  
-0.7216242194  
-0.6479339137  
0.007313114469  
0.515854988  
-0.9226316471  
1.763241369  
-2.014998723  
-1.306558859  
0.814179368  
0.9564765059  
0.8206499315  
0.6228915605  
0.9445925363  
0.244779578  
0.1923137352  
0.6103372901  
0.8837805177  
1.225894823  
0.14406977  
-0.8543284298  
1.232628374  
-0.09420252556  
-0.867109428  
1.210289855  
-1.348430613  
-1.678746134  
-0.4233536307  
-0.5473045737  
0.1323558407  
0.9386178653  
-0.02540967469  
-2.177962033  
-1.741817278  
-1.226151576  
0.1196439259  
-0.03813338992  
1.761936598  
-2.2304568  
-1.495899419  
0.09797919612  
-1.098636434  
0.8435406081  
0.5586390753  
0.8776161505  
0.8871516347  
-1.569270009  
-1.491153623  
-0.289254837  
-1.628466093  
0.7466397475  
-1.863820696  
-0.964710348  
0.3320851735  
-0.7572797158  
0.0386871365  
0.9524191953  
0.5752781424  
0.8068112616  
0.9534274334  
1.505864972  
0.5069436758  
0.5829379204  
0.9849932584  
0.3037918462  
-0.3643670761  
0.9758486369  
0.4103529347  
-0.0798858515  
0.931497595  
0.7616917063  
-0.5841879633  
-0.8004129782  
-0.003770647854  
0.5376927473  
0.6808975198  
0.5739943459  
0.2615353045  
-0.7295345575  
1.396179936  
0.1074072341  
1.35352141  
-1.356756999  
-1.598960733  
0.5525684928  
0.1526838641  
0.8069889218  
-0.9895594537  
-1.031553588  
1.284750588  
-0.3061342099  
-0.8046600246  
1.120338761  
-1.999462172  
-2.576204834  
-0.06705285515  
0.1754194041  
0.5561530533  
-1.264209641  
0.639030169  
0.811899133  
1.576160238  
-0.3312136599  
-0.2776909311  
1.406433541  
-0.08004309782  
0.4263807049  
-1.655392883  
0.1902260168  
0.1484928886  
-0.9013304172  
1.590743623  
-1.121337761  
-0.5763186665  
0.7242830497  
-0.3688396039  
0.1631016178  
-0.881006846  
0.7366929388  
-0.107767418  
0.4840345786  
0.9983277124  
0.0591107993  
0.8640199387  
0.6366857877  
1.001752757  
