9799.290792  
9559.2375  
9032.950005  
9061.313438  
8874.886001  
8947.123257  
9000.687674  
8867.49781  
9006.447179  
8916.725166  
8957.968323  
9148.975495  
8908.557954  
9244.684382  
9152.05018  
8985.430313  
8951.815916  
9074.174962  
9198.886737  
9050.106418  
8925.799909  
8989.551989  
9036.757169  
9163.102994  
8895.640131  
8870.209201  
9211.047991  
8944.176351  
8980.876965  
9195.894687  
8940.703924  
9106.119151  
8974.000303  
9043.654712  
8984.414888  
9054.167387  
8921.213297  
8981.030946  
9061.937538  
9079.478328  
9043.7438  
8993.428058  
8819.961666  
8817.466237  
9106.705607  
8833.501198  
9009.307439  
9008.44521  
8893.713237  
8874.187136  
9034.571574  
9143.373696  
8847.058192  
8895.195671  
8925.828214  
8917.103895  
8996.805692  
8754.332385  
9018.519094  
9060.585849  
8912.504077  
9231.958811  
9055.10634  
8986.48507  
9089.582533  
9109.993358  
9113.591699  
8915.233724  
8837.015598  
9012.600787  
9141.652537  
9316.103466  
8963.444977  
9019.834189  
9134.682023  
9175.900637  
8908.073446  
9019.519378  
9117.3403  
8907.27618  
8876.53794  
8908.353289  
9040.195295  
9064.388441  
9005.947114  
8984.077005  
8968.809161  
8905.9541  
8985.802175  
8843.552301  
9026.756791  
8889.278841  
8763.846633  
9118.124647  
8864.935662  
8563.81924  
8647.379878  
9605.350331  
8933.522504  
9402.084361  
9265.216993  
7631.748581  
9382.502658  
8792.341326  
9117.919618  
8969.687741  
8847.371278  
9028.885264  
8867.61837  
8995.797253  
8846.562858  
8674.942464  
8757.78675  
8920.486677  
8679.203177  
8903.717679  
9027.737032  
8857.617228  
8926.135266  
9126.969071  
8849.24672  
8700.173642  
9053.819861  
8967.04115  
8730.731115  
9527.222734  
8340.46044  
8248.618902  
8965.736669  
9208.432908  
8750.563929  
8571.89475  
8779.134112  
8712.810538  
9025.306528  
8573.169836  
8930.438575  
8787.978564  
8718.911448  
8957.60378  
8317.629371  
9245.014334  
9063.624646  
9019.234892  
8602.154774  
8846.997931  
9077.095793  
8840.836325  
8593.766032  
9331.937726  
8964.715558  
8102.339995  
9220.896051  
9043.705813  
9012.665126  
8772.233121  
8929.496422  
8699.664564  
8999.753501  
9041.297904  
8805.229407  
8726.598624  
8752.88071  
8675.578078  
8872.720625  
8902.657569  
8965.546869  
8381.670946  
8860.455613  
8768.612505  
8846.777916  
8628.511768  
8939.395029  
8882.890679  
8868.635292  
8647.730886  
8898.115838  
8982.020393  
8577.169234  
9291.225387  
8967.505632  
8782.283555  
8875.093852  
9096.188612  
8868.039864  
8880.835725  
8868.179801  
8902.683457  
8837.998506  
8809.054887  
9038.967374  
8909.393283  
8823.078456  
8868.229066  
8789.458583  
8789.923132  
8958.081472  
8814.591607  
8930.129206  
8838.254783  
8954.79171  
9062.731067  
8920.382061  
8943.756963  
9188.716563  
8997.970344  
8798.548593  
9045.442627  
8901.660623  
8894.206408  
8888.597844  
8786.057855  
8993.703458  
8876.519878  
9015.132728  
8824.527552  
8885.652395  
8888.334774  
8754.226237  
8967.40615  
8925.260868  
8816.114598  
8979.697128  
9241.335929  
9074.464242  
8953.929143  
8889.000236  
9010.987916  
8877.563951  
8976.086115  
9677.091625  
9194.709224  
8772.618435  
8963.229944  
9117.371283  
9033.146989  
8777.185477  
