9537.541437  
8975.337729  
8793.962014  
8808.532119  
8685.985276  
8900.779727  
8736.998086  
8376.072978  
8777.205464  
8491.444002  
8724.513151  
8827.293634  
8911.346873  
8573.851138  
8667.057145  
8716.029716  
8695.757109  
8955.329148  
8793.575346  
8697.659512  
8765.155633  
8989.945644  
8736.261691  
8687.103843  
8812.339476  
8622.153878  
8823.859291  
8590.330505  
8800.907856  
8612.546782  
8585.624852  
8477.075562  
8620.061684  
9015.416197  
8696.771802  
8654.411485  
8919.200569  
8584.956649  
8894.007965  
8488.743788  
8780.153493  
8680.768414  
8733.64711  
8519.986883  
8794.308156  
8611.396191  
8995.809749  
8597.437881  
8717.181713  
8758.082776  
8842.246207  
9036.051591  
8867.681021  
8504.629039  
8753.683618  
8765.069561  
8486.027727  
9011.901594  
9129.149856  
8744.695251  
8883.341755  
8667.881296  
8539.12488  
9314.609147  
9119.585782  
8760.963444  
8607.616682  
8906.618692  
8415.1628  
9161.655039  
8753.457042  
8890.99443  
8415.621235  
8639.477049  
8810.729769  
8786.24502  
8853.673009  
8685.252564  
8656.250746  
8771.064197  
8632.906508  
8715.922927  
8734.015012  
8653.238233  
8749.666504  
8788.618899  
8789.360893  
9003.486899  
8717.29319  
8729.19088  
8620.96572  
8764.306603  
9012.253316  
8744.728507  
8723.902178  
8903.4684  
8852.707607  
8705.4562  
8791.63461  
8960.421622  
8966.453135  
8984.576449  
8821.044319  
8678.50137  
8759.639329  
8967.743754  
8837.137016  
8779.735718  
8659.482732  
8929.944156  
8631.219572  
8710.47414  
8820.903785  
8827.161482  
8784.49819  
8895.41287  
8590.445939  
8558.656841  
8629.031056  
8657.501768  
8978.45575  
8671.502498  
8415.960618  
9021.170474  
8530.056892  
8910.457462  
8893.782139  
8626.299806  
8626.238536  
8980.296075  
8834.349811  
8687.12936  
8819.358269  
8865.142691  
8801.350847  
8922.374751  
8510.897102  
9051.701745  
8589.852401  
8556.074246  
8977.612385  
8724.571616  
8658.749568  
8690.795602  
8782.415486  
8720.947583  
8787.399452  
8569.04095  
8727.727877  
8593.396987  
8869.045517  
8781.58434  
8601.013877  
8588.731145  
8830.777877  
8657.764811  
8645.200621  
8825.244138  
8402.048182  
8931.02495  
8836.642777  
8587.671665  
8791.602272  
8635.11027  
8861.486395  
8941.971121  
8624.184567  
8601.841239  
8323.506536  
8845.365482  
8948.946829  
8795.926481  
8747.827556  
8569.166045  
8806.796063  
8800.251218  
8790.884351  
8691.068072  
8823.515406  
8683.599451  
8612.300101  
8753.894135  
8492.347756  
8923.21957  
8717.628584  
8698.19097  
8478.101687  
8557.252691  
8941.604252  
8878.74853  
8766.40211  
8537.97376  
8641.902439  
8811.54971  
8894.47308  
8895.649066  
8802.967138  
8764.253314  
8775.163068  
8676.546054  
9139.067791  
8608.484226  
8786.879217  
8731.13681  
8714.378831  
8762.309542  
8642.938551  
8860.024976  
9121.411174  
8938.324271  
8861.019086  
8624.685612  
8588.173115  
9000.474931  
8883.73514  
8997.329967  
8637.778733  
8926.659992  
8645.640119  
8824.625424  
9120.398278  
8677.954545  
8732.281011  
8478.955075  
9079.021236  
8097.704362  
8571.443266  
8705.141014  
8347.857133  
8514.202709  
8727.521172  
8437.412928  
8685.825466  
8741.917718  
8638.708955  
8711.355315  
8639.661689  
8569.503949  
8594.019474  
8458.934271  
8706.077929  
8430.001085  
8837.943396  
8595.447318  
8643.412558  
8466.065878  
8600.322058  
8596.674348  
8690.389678  
8466.020361  
8501.457592  
8692.618817  
8569.516414  
8586.209134  
8756.96646  
8472.231367  
8474.594289  
8523.188641  
8607.935233  
8705.388327  
8703.485481  
8488.405565  
8693.466407  
8554.464805  
8786.842909  
8417.450178  
8683.698057  
8618.25296  
8398.522785  
8996.446332  
8637.239625  
8597.524682  
8562.852963  
8928.851981  
8648.923853  
8794.080749  
8537.100391  
8709.366043  
8756.622096  
8753.669581  
8397.432577  
8550.107955  
8717.423677  
8598.161854  
8510.049617  
8732.706664  
8606.406046  
8700.400356  
8301.39784  
9140.442437  
9236.320826  
8884.108509  
9434.083461  
