9698.242906  
9582.46566  
9218.500835  
9101.607648  
9253.422814  
9395.627018  
9217.275903  
9246.869746  
9438.656028  
9204.868075  
9232.528203  
9212.422128  
9217.013495  
9343.137074  
9176.221419  
9318.733053  
8947.19902  
8919.992739  
9506.671063  
9201.438057  
9224.175878  
9135.979678  
9213.927894  
9238.083  
9324.265212  
9096.753495  
9199.183464  
9199.812197  
9256.953229  
9184.192975  
9264.085984  
9186.300001  
9305.943686  
9206.098363  
9228.27622  
9087.523717  
9192.41791  
9172.618507  
9380.634271  
9220.039873  
9459.779858  
9323.901938  
9193.075075  
9151.756872  
9048.689273  
9147.133887  
8982.304953  
9062.100156  
9219.090545  
9110.13675  
9114.604461  
9121.460397  
9174.042401  
8981.348379  
9207.468998  
9084.67144  
9226.995603  
9092.419539  
9099.333926  
9164.003924  
9330.531178  
9071.455601  
9136.282036  
9147.432663  
9169.418313  
9175.801515  
9101.298645  
9118.108194  
8755.719388  
8701.127897  
9074.11637  
8922.107785  
9176.95898  
8941.888435  
9221.291855  
9059.220067  
9201.949302  
8835.055207  
9082.64642  
9050.252395  
9220.128441  
8665.675993  
8902.843244  
9421.227479  
9079.651529  
9086.560826  
8744.0755  
9411.787581  
9006.361739  
9057.71727  
9000.746546  
9045.782731  
8937.936142  
9473.618658  
9165.889017  
8979.020842  
9141.108961  
8905.570177  
8881.32139  
9306.221161  
9089.253661  
9144.858556  
9068.134511  
8953.824531  
9097.632817  
9159.60934  
9027.163733  
9132.6367  
8917.878428  
9042.846109  
8906.710698  
9262.497625  
8996.286592  
8869.516642  
9348.233472  
9045.238306  
9081.165742  
9019.988714  
9181.165145  
9008.840639  
9083.771868  
9099.339655  
9010.392844  
9003.434457  
9000.207656  
9072.782802  
9131.649489  
9188.201096  
9068.963981  
9217.254101  
8794.487429  
9073.193949  
8909.573208  
9002.051069  
9049.248851  
8967.776739  
8926.787524  
8916.164084  
8993.586314  
9092.380448  
8914.317673  
9045.755719  
9053.79094  
8992.373912  
9019.289317  
9032.453432  
8884.715681  
9250.586744  
8919.659003  
9118.492806  
8957.740592  
9100.312665  
9288.823745  
8819.749554  
8772.986019  
9124.243112  
9220.555024  
9365.016012  
9066.051481  
9071.838353  
8984.847791  
9123.417678  
9181.580167  
9167.653863  
8924.598788  
9242.85351  
9187.909947  
9289.560083  
8766.872096  
9008.496446  
9483.138745  
8991.044169  
9154.123522  
9074.026233  
8640.607531  
8849.3382  
9256.413771  
8992.794869  
9249.846926  
8894.031546  
9125.303496  
8867.082292  
9177.066179  
8872.727331  
8790.878789  
8958.88009  
9144.210614  
8906.151019  
8885.290521  
8943.555067  
8881.848069  
8994.810011  
9040.157636  
8897.698734  
8928.201493  
9003.001233  
9144.543415  
9037.010841  
9145.349053  
9093.043026  
9328.002487  
9028.643704  
9125.385404  
8952.018907  
9090.870573  
9002.500637  
8952.425927  
9138.25016  
9056.182554  
9105.677558  
9319.662497  
9040.280535  
8968.763225  
8994.105762  
9038.619464  
8994.32207  
9113.177983  
9047.77085  
8994.76812  
8903.013151  
8987.870623  
9123.846988  
8996.937993  
9307.216075  
8871.436409  
