-0.1637102228  
-0.0762323344  
-0.22683883  
-0.04562822192  
-0.390761798  
-0.1430810244  
0.01145174751  
-0.4611477684  
-0.5138077466  
-0.7210530665  
-0.7289417316  
-0.807480081  
-0.6773443837  
-0.7523072516  
-0.8052628443  
-0.8736494878  
-0.7366073898  
-0.6880754865  
-0.4744276141  
-0.5414581896  
-0.7669282271  
-0.8762373574  
-0.8523306252  
-0.7020062592  
-0.3362005708  
0.4635690833  
-0.5732187825  
-0.7550243538  
-0.5297385154  
-0.4081234679  
-0.6057856478  
-0.7494244421  
-0.6732924993  
-0.7697924972  
-0.3551234792  
-0.8329230606  
-0.7537534558  
-0.9041027807  
-0.7597084846  
-0.1456408162  
-0.5070987922  
-0.4657055255  
-0.4869376585  
-0.7418903743  
0.4938590018  
0.555730223  
-0.4160798477  
-0.639819615  
-0.7075576069  
-0.8444918943  
-0.8034466101  
-0.8743667726  
-0.2346332732  
-0.5170972793  
0.8949785421  
1.336572999  
-0.4716577224  
-0.4807730568  
-0.540978219  
1.349046611  
1.421792885  
-0.508020522  
-0.7343589966  
-0.4691590965  
0.1236026344  
-0.6077612186  
-0.9157767626  
-0.7677588117  
-0.6301330023  
-0.520084803  
-0.2023978401  
1.122958549  
1.2169036  
-0.9172240605  
-0.7084533936  
-0.6462096486  
-0.4755725833  
-0.9113665187  
-0.6495776172  
-0.7505981579  
0.6417327029  
1.758588814  
2.056051565  
-0.1964840656  
-0.7086478775  
-0.7463107037  
-0.8434566927  
-0.3469832393  
-0.7399746455  
-0.5783473713  
-0.3412242009  
1.18355774  
2.181492736  
2.221478207  
2.299884919  
1.427424693  
-0.8991095658  
0.2502781324  
-0.4319607392  
-0.5682447976  
-0.8226859676  
-0.4877437268  
-0.7117598161  
-0.7857250516  
-0.6725572712  
-0.6550509344  
-0.8118360733  
-0.696760991  
-0.3367403815  
0.3627717675  
1.795542011  
2.054445804  
2.266589177  
1.108891726  
-0.282012504  
-0.6668532076  
0.9383568006  
1.418826365  
1.864887022  
1.503133281  
-0.9998035813  
-0.6161151424  
-0.6188432145  
-0.6376235935  
-0.8631629573  
-0.6027015318  
-0.4709378767  
-0.2382246126  
-0.8702583955  
-1.000709132  
-0.8406714353  
-0.7364084101  
0.1036544085  
1.234824712  
1.512359776  
1.881783993  
1.578197057  
-0.6658232875  
-0.8668902024  
-0.6444383198  
-0.8916824566  
-0.5753173048  
-0.1696645788  
1.356763771  
1.49142916  
2.199029427  
1.988214116  
2.55129586  
1.313175555  
-0.5524159914  
-0.4959994083  
-0.7964602019  
-0.7944348541  
-0.9201601372  
-0.7958658926  
-0.8576941248  
-0.7306156015  
-0.71411158  
0.2803097379  
-0.3288472041  
-0.890605582  
-0.8568768885  
-0.3215275383  
-0.05538228226  
0.5841745219  
1.107608769  
1.639479688  
2.368482244  
0.2981353453  
-0.5873103834  
-0.7442288302  
-0.8213625446  
-0.4200021471  
-0.3560055388  
0.5219432668  
-0.9306493812  
-0.5231728658  
-0.690616135  
-0.1158893752  
0.8384613537  
1.464141632  
1.707974828  
2.008112316  
1.832709989  
-0.4552808798  
-0.9299327852  
-0.4107508998  
-0.9869384636  
-0.7550884676  
-0.7904322068  
-0.7923813194  
-0.8502811385  
-0.7989733056  
-0.7656623243  
-0.5107167838  
-0.1011179728  
1.639339082  
2.015863416  
-0.5053679663  
-0.3040318033  
-0.4430564776  
0.3627843504  
1.032330215  
1.037915428  
1.638433533  
1.644281582  
1.896417491  
1.130928659  
-1.100370416  
-0.5133778626  
-0.46593494  
-0.2056026183  
0.6477723598  
1.578463351  
1.66237246  
1.691626691  
0.05372936925  
-0.7773876489  
-0.6933191973  
-0.5173674604  
0.4749299482  
1.704854375  
2.010692145  
2.373795091  
2.154320949  
