3623.244191  
3626.575839  
3597.016532  
3652.397998  
3691.347732  
3646.694233  
3632.050042  
3633.14271  
3536.396587  
3513.105718  
3586.629824  
3587.499076  
3600.502741  
3569.521679  
3566.211459  
3564.512726  
3598.286749  
3589.884952  
3658.068048  
3608.414813  
3550.018526  
3540.441369  
3613.711453  
3614.692431  
3626.277431  
3555.983947  
3490.128542  
3447.796669  
3506.171537  
3583.838389  
3539.619555  
3518.605899  
3507.121903  
3567.826016  
3639.106634  
3546.210918  
3580.837332  
3603.613995  
3429.011205  
3390.649138  
3315.441577  
3520.736182  
3429.067828  
3402.361149  
3468.126231  
3488.650208  
3473.574398  
3477.606978  
3464.167146  
3539.59967  
3444.513973  
3390.038508  
3442.01945  
3526.392475  
3463.088229  
3411.084311  
3446.038228  
3475.34046  
3432.497419  
3422.01586  
3452.961698  
3438.302176  
3354.974399  
3461.377272  
3483.58614  
3338.839583  
3372.18509  
3511.44064  
3380.730716  
3357.383239  
3446.957996  
3390.936842  
3303.092931  
3362.904828  
3356.743526  
3363.135931  
3392.88348  
3490.128546  
3573.708813  
3450.996687  
3468.256326  
3335.564564  
3507.449378  
3602.11575  
3724.644243  
3424.222639  
3429.862132  
3463.345335  
3552.427312  
3436.894206  
3511.566146  
3417.844032  
3280.727934  
3350.18431  
3422.148974  
3346.228272  
3412.383643  
3319.65932  
3599.015199  
3548.411617  
3296.288837  
3430.234021  
3266.173986  
3246.522375  
3390.534374  
3435.463295  
3364.436751  
3367.290913  
3418.590857  
3415.742808  
3449.913177  
3473.770304  
3449.740217  
3393.979243  
3442.594876  
3430.181942  
3334.646348  
3430.451302  
3450.80539  
3404.968919  
3325.621666  
3358.521835  
3294.972726  
3358.087204  
3343.585305  
3313.224065  
3270.231041  
3417.752183  
3331.822793  
3413.393654  
3385.921786  
3352.521216  
3289.666893  
3346.312447  
3330.206689  
3436.895747  
3221.324635  
3321.208037  
3341.234649  
3344.95958  
3345.961986  
3347.651517  
3436.76873  
3424.99396  
3383.601732  
3317.982002  
3340.954563  
3503.340324  
3301.438599  
3390.829722  
3428.530701  
3454.392601  
3410.617573  
3431.182823  
3472.789313  
3387.178213  
3392.643218  
3327.188798  
3352.046786  
3424.845507  
3436.141288  
3348.312648  
3285.41243  
3423.365653  
3435.193953  
3372.870705  
3324.218316  
3434.840439  
3406.519189  
3420.595649  
3370.694482  
3371.381622  
3369.906361  
3368.604  
3369.823688  
3352.043725  
3464.009495  
3373.149243  
3255.635777  
3275.296605  
3404.739353  
3299.876045  
3363.010415  
3494.274348  
3381.114849  
3385.960025  
3371.148976  
3467.985451  
3423.279939  
3280.193828  
3383.975152  
3377.247586  
3394.164448  
3433.629908  
3390.750138  
3181.48115  
3385.171928  
3364.894348  
3434.635371  
3319.94703  
3443.213194  
3422.735134  
3591.190369  
3605.412203  
3547.638761  
3600.427744  
3462.867843  
3454.808868  
3455.433255  
3424.077259  
3495.659337  
3359.709414  
3357.830094  
3368.480029  
3403.961943  
3454.585412  
3502.934773  
3530.115878  
3292.13845  
3533.540872  
3372.748274  
3209.90797  
3371.672406  
3365.410073  
3283.326528  
3331.437121  
3322.779737  
3266.668296  
3208.850479  
3302.294064  
3364.214865  
3366.631336  
3270.055045  
3305.463511  
3195.468841  
3248.920502  
3271.713994  
3377.138931  
3342.558415  
3255.941842  
3244.682868  
3303.342373  
3251.938379  
3340.894879  
3269.511787  
3290.91416  
3187.927122  
3258.644541  
3392.331022  
3339.82667  
3286.766835  
3411.315418  
3299.528694  
3293.22808  
3338.535024  
3400.576703  
3317.982021  
3312.532314  
3273.522901  
3381.48521  
3290.491765  
3338.499839  
3272.154744  
3268.872066  
3349.575236  
3389.357496  
3283.427524  
3285.435389  
3357.291405  
3389.493682  
3280.333093  
3349.847627  
3389.629902  
3395.122448  
3366.496656  
3353.0492  
3347.503066  
3343.069564  
3368.496858  
3328.357992  
3289.356237  
3276.98767  
3320.624971  
3272.590894  
3340.452602  
3355.793171  
3333.72963  
3378.54229  
3366.182915  
3220.181423  
3437.157444  
3416.913555  
3540.938751  
