-0.01421800824  
-0.1487590236  
0.1297679598  
0.4298733685  
0.5529191165  
0.3957667419  
0.2934875465  
0.5589920851  
0.3541521323  
0.1192790402  
-0.07788961704  
-0.1862180195  
-0.3193454075  
0.5238134022  
0.5401208401  
0.1570900813  
0.1966471826  
0.2103138882  
0.1112284924  
0.3937790562  
-0.1092710734  
-0.2599316441  
-0.0405035866  
0.01878942663  
0.01358606964  
1.7326742  
-0.02177069987  
-0.4590480277  
-0.4278788395  
-0.577624547  
-0.9163133997  
-0.7719903858  
-0.922500198  
-0.4131308973  
0.1565215091  
-0.1998287579  
-0.1252930535  
1.020712546  
0.0403285718  
-0.3129728684  
-0.1110460053  
-0.09877779256  
-0.3396634867  
-0.3086301322  
-0.1833904822  
-0.202309587  
0.2787549186  
1.601023074  
-0.5254234  
-0.3480080848  
0.2162969179  
-0.3039838989  
-0.633484372  
0.05908761515  
0.4844823539  
0.03303904349  
0.8808010105  
0.161831295  
-0.7309174471  
-0.6346030606  
-0.578292559  
-0.2656707434  
-0.1264303607  
-0.1254904332  
-0.169918144  
-0.1817393738  
-0.4281425101  
-0.1515437434  
-0.3265067452  
-0.5100285874  
-0.129835138  
-0.1126151284  
0.1700904519  
-0.256885382  
-0.2109271134  
-0.0392496914  
-0.7068044215  
-0.8328064461  
-0.5502898053  
0.7753013109  
0.4218299921  
-1.533071928  
-0.4643568696  
-0.7361222884  
-1.077597678  
-1.236454456  
0.01557862782  
-0.1506137749  
0.07613721668  
0.003301330589  
-0.605562405  
-0.5178206644  
-0.0711234566  
0.9393493235  
-0.6222767  
-0.1499490045  
-0.1437840908  
-0.5001530761  
-0.1532052097  
-0.4771252271  
-0.4191637657  
-0.7797886721  
0.5600454629  
-0.3820832336  
-0.5325285615  
-0.4876102018  
-0.6470761929  
-0.3806043437  
-0.2793084306  
-0.5495984516  
-0.6037221097  
-0.2447512475  
0.0702929365  
0.1840315224  
-0.7311603849  
0.009254019405  
-0.05429336053  
0.04613483855  
-0.6167310333  
-0.5958024392  
-0.8439852041  
-0.7310194  
-0.7299447481  
-0.1340794282  
-0.6851133268  
-0.9287528618  
-0.63523429  
-0.8995122419  
0.03346087409  
0.8798309735  
-0.3453495021  
-0.5511399341  
-0.4453854236  
-1.451538297  
-1.356953256  
-1.025504702  
-0.844774837  
0.3643334593  
-0.8253308035  
-1.618764171  
-0.3243547442  
-0.07565178051  
-0.3443280515  
0.4783136861  
0.09174552726  
-1.244962358  
-1.117179933  
-1.090876648  
0.6884602777  
-0.08808350785  
-1.271718038  
0.46386734  
2.394198622  
2.852449841  
3.378704371  
4.174017145  
-0.6137665756  
1.081479694  
1.057107197  
-0.9757017449  
-0.06660447348  
-1.348849058  
-0.698071792  
0.6130081916  
-0.8082474716  
-1.277594121  
-0.03989159638  
2.16562185  
3.662573052  
4.468664774  
4.82395367  
1.395515486  
-0.4755060561  
0.06606072203  
1.069231432  
-0.548564237  
-0.5575171912  
-0.9446435214  
-0.9183368438  
-0.7620047607  
-0.1805015746  
-0.4094529585  
0.2563703738  
-0.8380297817  
-0.6861878834  
-0.03251980132  
0.4230065755  
2.497270465  
2.193224435  
-1.020530245  
-0.2951890995  
-0.9992631014  
-0.3691547579  
-0.8822293131  
-1.33203518  
-0.4608419907  
-0.6543857118  
-1.202521675  
-1.178065188  
-0.849202009  
0.1864107356  
2.400317944  
3.199431843  
3.115853524  
-0.4588872585  
-1.268552672  
-0.8117823759  
-1.078671904  
-1.341101923  
-1.145918803  
0.2020907837  
2.218248452  
3.705048674  
-0.1117085879  
0.00901941035  
0.1629762243  
-0.6044850982  
-0.3874412027  
-0.8502148445  
0.2172399674  
0.8464774494  
2.994119379  
1.550755724  
1.214091181  
-0.3509901432  
-0.4815533823  
-0.4212565136  
-0.332821995  
-0.3609538958  
-0.3195147021  
-0.419325287  
-0.215653214  
-0.3058503863  
-0.1182115946  
-0.2629629208  
-0.005941765275  
0.05117082045  
0.298103197  
0.2328030887  
-0.08403972116  
-0.01942431772  
0.2333284551  
0.1861227922  
0.03076452604  
0.7571026702  
-0.02483063551  
0.9502296657  
-0.02112452548  
0.4222574981  
0.05284182299  
0.1811898442  
0.3380377126  
0.3055724339  
0.1581733756  
0.1656750383  
0.2496672032  
-0.06744251595  
-0.200616837  
0.06063475259  
-0.1119274353  
0.03610986113  
0.5994869267  
0.3212356254  
0.4009416364  
0.8269882552  
