3553.30269  
3490.935053  
3493.322458  
3544.147967  
3572.042218  
3527.327536  
3475.752146  
3489.168992  
3421.178732  
3365.942642  
3486.045482  
3443.704409  
3401.204181  
3508.167169  
3483.785123  
3501.851267  
3532.529303  
3520.800429  
3553.893426  
3490.243326  
3467.47735  
3441.003301  
3521.628385  
3526.632741  
3582.438105  
3507.828926  
3438.71384  
3337.789749  
3471.19925  
3474.079436  
3489.876033  
3423.876774  
3457.098327  
3486.373006  
3544.844279  
3441.519006  
3536.924544  
3483.142325  
3364.833136  
3319.550655  
3229.07296  
3395.171418  
3249.841766  
3353.47311  
3397.63994  
3434.468557  
3391.409734  
3403.666545  
3395.676437  
3467.356455  
3410.560953  
3433.386577  
3468.917445  
3437.726734  
3405.206109  
3354.131165  
3415.709136  
3380.101757  
3384.945396  
3369.41507  
3366.949621  
3349.605844  
3392.280509  
3420.946114  
3385.491752  
3305.285962  
3326.34708  
3474.798692  
3262.237863  
3366.606832  
3355.624813  
3300.578502  
3308.66964  
3322.239546  
3344.381106  
3322.879247  
3371.363275  
3442.330127  
3479.432693  
3397.857229  
3423.641117  
3286.35515  
3492.635316  
3504.328936  
3742.898626  
3489.023593  
3430.308996  
3411.921447  
3468.299176  
3427.627735  
3500.697367  
3445.981607  
3128.754891  
3287.799834  
3399.660036  
3347.010295  
3352.213601  
3356.937893  
3491.464568  
3395.999342  
3301.069795  
3314.370337  
3215.67141  
3273.72337  
3369.577294  
3397.838857  
3321.988552  
3332.037053  
3427.610914  
3350.507207  
3454.028385  
3424.911314  
3373.799639  
3346.361427  
3431.877616  
3387.00683  
3304.525361  
3416.996185  
3392.476415  
3377.059321  
3317.112748  
3316.884725  
3286.434734  
3383.906273  
3379.134557  
3360.344518  
3304.549857  
3441.05686  
3317.420365  
3320.647957  
3406.012649  
3305.013567  
3315.680335  
3357.608183  
3346.823587  
3335.064136  
3065.244061  
3319.997512  
3371.07097  
3345.303921  
3283.721376  
3326.876584  
3387.372576  
3397.702654  
3461.690998  
3302.797552  
3357.225605  
3390.000268  
3196.465132  
3361.599434  
3438.992359  
3437.9257  
3374.987207  
3421.051699  
3452.501029  
3293.07047  
3315.738478  
3308.989503  
3319.5828  
3378.354064  
3378.223956  
3371.462737  
3249.232663  
3392.324878  
3302.506785  
3304.494792  
3304.064731  
3372.656446  
3373.135441  
3390.456302  
3378.447415  
3338.036152  
3359.756832  
3344.642788  
3358.263205  
3301.149358  
3322.790469  
3402.44838  
3254.722164  
3307.529513  
3341.127521  
3347.983628  
3419.955944  
3495.050244  
3329.712391  
3403.072777  
3331.157065  
3533.670968  
3300.889162  
3233.273856  
3423.322797  
3370.787829  
3379.618168  
3438.74906  
3326.634814  
3113.033275  
3395.127037  
3398.894841  
3434.076781  
3352.528871  
3457.757886  
3429.092326  
3567.255196  
3579.557913  
3589.95075  
3524.24075  
3575.372348  
3558.776898  
3551.934537  
3518.507943  
3574.695898  
3423.151396  
3391.184786  
3363.887347  
3378.138265  
3379.492645  
3502.992929  
3499.684247  
3304.77789  
3535.189115  
3275.135931  
3307.292305  
3350.745938  
3308.138606  
3319.025749  
3357.213338  
3358.572318  
3291.181967  
3279.514345  
3346.136448  
3390.517522  
3397.041539  
3293.653538  
3289.769422  
3203.200335  
3242.728547  
3313.10776  
3387.184341  
3373.472145  
3272.849539  
3218.452117  
3316.98881  
3264.216655  
3403.678818  
3285.129291  
3270.350411  
3219.329032  
3259.571935  
3276.77648  
3356.403772  
3278.93587  
3414.336385  
3318.046301  
3275.169581  
3293.026075  
3405.529042  
3288.676734  
3330.967281  
3290.14438  
3360.182294  
3298.068692  
3377.624049  
3147.307703  
3226.532518  
3384.232241  
3368.867211  
3255.93115  
3307.63512  
3361.850419  
3268.914909  
3222.74024  
3373.052806  
3391.472475  
3372.999251  
3338.692663  
3364.894346  
3329.649632  
3340.689821  
3348.750356  
3351.045933  
3301.522764  
3221.315449  
3339.802207  
3266.668313  
3370.189461  
3370.96689  
3336.267022  
3343.106278  
3351.134699  
3256.757573  
3329.853181  
3343.790366  
3558.386643  
