3847.150814  
3774.741761  
3847.002544  
3904.345191  
3948.893769  
3807.950352  
3767.111593  
3776.543066  
3790.503942  
3764.655416  
3730.127742  
3756.145386  
3714.322053  
3694.296021  
3793.53234  
3708.245782  
3741.925336  
3762.817541  
3684.629404  
3723.905909  
3672.324737  
3712.703948  
3631.667863  
3865.417015  
3676.744008  
3624.815839  
3642.960592  
3726.649425  
3790.452592  
3749.213441  
3793.438882  
3784.709187  
3710.323435  
3640.545524  
3703.825929  
3739.638432  
3668.610005  
3560.652667  
3614.896543  
3607.400802  
3691.363492  
3567.581943  
3570.143446  
3577.703155  
3552.490737  
3638.802066  
3523.108441  
3502.415978  
3575.466752  
3540.205838  
3831.545183  
3674.248867  
3540.575513  
3577.669258  
3469.383263  
3670.587029  
3626.560183  
3608.53077  
3513.830643  
3579.109782  
3708.871167  
3665.655412  
3668.900014  
3625.644005  
3453.685956  
3506.700593  
3572.746355  
3443.826588  
3524.790399  
3699.03742  
3776.787647  
3494.85752  
3394.293161  
3518.621691  
3612.057593  
3721.340837  
3977.298019  
4326.522336  
3914.168388  
3457.71645  
3601.881452  
3425.493044  
3472.716989  
3434.759271  
3491.239727  
3563.72702  
3489.296544  
3538.57433  
3535.119054  
3390.103087  
3615.395568  
3641.91444  
3774.684771  
3972.351451  
4388.556661  
3908.679861  
3394.520252  
3569.310196  
3578.8794  
3568.531206  
3562.144458  
3809.998368  
3936.38054  
4069.373173  
4257.798972  
3514.944552  
3631.739625  
3538.821593  
3448.458612  
3504.496772  
3483.095082  
3530.374527  
3421.868325  
3406.703152  
3545.40101  
3511.729476  
3647.975048  
3853.178022  
4168.999241  
4372.53567  
4427.681064  
4419.058768  
4504.015341  
3505.052308  
3617.130227  
3555.873081  
3553.250464  
3701.712825  
3651.158119  
3807.924659  
4029.860886  
4390.648684  
4380.186432  
4492.253989  
4524.469945  
4643.990063  
4577.711984  
4682.366517  
3974.177868  
3661.518137  
3706.556631  
3626.75769  
3651.565853  
3560.402281  
3723.473829  
3874.40084  
3967.609812  
4152.557101  
4343.747419  
4359.784131  
4481.209066  
4547.013149  
4535.150128  
4550.913342  
4475.481076  
4550.015322  
4684.203651  
4654.487893  
4468.712527  
3720.980813  
3577.13588  
3610.633706  
3611.221203  
3689.76057  
3696.617044  
3956.656817  
4225.775993  
4336.700752  
4480.342803  
4553.1958  
4620.398804  
4595.992302  
4603.965353  
4616.523804  
4698.652088  
4717.982462  
4731.947235  
4688.87319  
4724.835068  
4575.264764  
4467.431883  
4555.003561  
4526.76802  
4538.950792  
4630.076675  
4579.30076  
4628.355301  
4639.175272  
4661.760726  
4723.833187  
4640.78689  
4533.268448  
4543.476298  
4593.346841  
4507.70794  
4420.757535  
4485.329773  
4559.008581  
4625.856496  
4654.005302  
4688.573236  
4660.991885  
4728.806935  
4693.410641  
4653.522547  
4631.652257  
4623.346639  
4726.533495  
4749.967825  
4780.195421  
4792.731456  
4812.409478  
4763.650338  
4753.7847  
4727.730734  
4807.002577  
4774.649676  
4766.73412  
4784.43666  
4745.005658  
4707.480665  
4659.883179  
4676.346859  
4681.601888  
4663.681025  
4734.890211  
4716.735854  
4673.849501  
4677.830143  
4683.314775  
4697.343063  
