0.2297965882  
-0.02123062677  
-0.01199766487  
0.2871486801  
0.1235062243  
0.2820036538  
0.1147582982  
0.7816938633  
0.4026936217  
-0.06363791736  
-0.008778863073  
-0.2475391061  
-0.1348275064  
0.2683986672  
0.4233362993  
0.104769688  
0.2903097245  
0.2937557267  
-0.03814721776  
0.2697692061  
0.04392333428  
0.03391470162  
-0.04111170963  
-0.07304362972  
-0.06222015423  
0.5972661338  
0.1149454585  
-0.3032159497  
-0.3374030696  
-0.4852124568  
-0.5498957974  
-0.6309016433  
-0.6598794633  
-0.4208833471  
0.02723816857  
-0.2830123445  
-0.1332628909  
0.08885163793  
-0.1443454133  
-0.1870176724  
-0.04934188892  
-0.1875734382  
-0.3273638443  
-0.3584858489  
-0.2661900161  
-0.3209759378  
0.1881908  
0.3933833094  
-0.6518820092  
-0.3540085583  
0.3084508629  
-0.2419429281  
-0.8046184943  
-0.3998389613  
-0.4863489487  
0.0183125437  
0.4086122765  
-0.2553946105  
-0.7955804334  
-0.4619487874  
-0.5875619459  
-0.1929716822  
-0.1718927801  
-0.122342618  
-0.2310664364  
-0.2618885402  
-0.6055558949  
-0.1789232349  
-0.3886856711  
-0.3869981428  
-0.05430273523  
-0.3532051217  
0.1877338666  
-0.3338646315  
-0.2561380875  
-0.07134559874  
-0.5760374998  
-0.6533156548  
-0.6473342068  
0.5550469113  
-0.005371332934  
-1.255158155  
-0.3876261221  
-0.6662447549  
-0.8858462521  
-1.025757939  
-0.1821090202  
-0.2526860369  
-0.01250771171  
-0.04360928311  
-0.5159760048  
-0.5421794868  
-0.2258803914  
0.2867275813  
-0.7112809096  
-0.3698132694  
-0.2653212975  
-0.3909193175  
-0.1096726463  
-0.3802983305  
-0.7194720071  
-0.6844090231  
0.106541168  
-0.625077766  
-0.6664828359  
-0.4885871401  
-0.572894799  
-0.3697493301  
-0.248366417  
-0.4106410827  
-0.5788628515  
-0.3127056089  
0.3139886589  
0.590373572  
-0.7643091236  
0.07469057114  
-0.1429391574  
-0.1689393004  
-0.4962642783  
-0.5874948428  
-0.7488650843  
-0.7063999736  
-0.7449647782  
0.2083906871  
-0.5112514803  
-0.8553327112  
-0.6390268914  
-0.8161331851  
-0.07056506235  
0.5116584361  
-0.3966468246  
-0.8733777456  
-0.4520266777  
-1.119699443  
-1.150401519  
-0.9794883826  
-0.7379013704  
0.2762247666  
-0.5855698611  
-1.369393224  
-0.7850236003  
-0.5082582263  
-0.4730192801  
0.3901625907  
0.1166020383  
-1.126154352  
-0.9896068348  
-1.077592617  
0.9021073239  
0.4348577584  
-1.123792203  
0.5741776013  
2.156888437  
3.398418817  
3.385162968  
4.625628303  
0.3977933526  
0.4291547574  
0.4340236609  
-0.9435299781  
0.1875313599  
-0.90986953  
-0.5106557371  
0.6214686131  
-0.3536628138  
-1.104667163  
0.3321904727  
2.020776761  
3.92429597  
4.594855127  
5.185116068  
1.921632154  
-0.6794365216  
0.4034694944  
0.331781345  
-0.2723298568  
-0.4467875304  
-0.6483832303  
-0.7551376083  
-0.2274665561  
-0.1987559358  
-0.1450427218  
-0.2849824804  
-0.5085581149  
-0.276910738  
0.1780269327  
-0.005932596666  
2.799121792  
2.095795465  
-0.9603968641  
-0.02790020379  
-0.775961295  
-0.1590051698  
-0.60641474  
-1.020319326  
-0.3457860229  
-0.6871061703  
-0.8567750388  
-0.7347478026  
-0.5572927265  
0.738883856  
2.403042349  
4.237383483  
4.05896539  
-0.008651264294  
-0.886838402  
-0.4794618426  
-0.7517867798  
-0.8835640566  
-0.6990116001  
0.7336845291  
2.129009602  
4.237136366  
0.8377463915  
0.0211356973  
0.5830264925  
-0.4319859483  
-0.1480263848  
-0.7646204116  
0.08882951616  
0.8572325435  
2.48115431  
0.7306162689  
0.5589686734  
-0.5237590175  
-0.4621932217  
-0.3679111679  
-0.4124180263  
-0.3968168919  
-0.3274090754  
-0.4233936544  
-0.3231935001  
-0.2956358467  
-0.3794240219  
-0.2695828527  
-0.04965396458  
-0.1700965758  
0.02011060474  
-0.2080367989  
-0.09982765073  
-0.1568606648  
0.1732417314  
-0.02325651567  
-0.03055965537  
0.4496056853  
-0.2456793354  
0.7386008282  
-0.3178551253  
0.03067041345  
-0.136660071  
-0.1013595726  
0.008572754299  
0.1585027381  
-0.1286923609  
0.1270658661  
-0.005949690844  
-0.1508083142  
-0.1709529709  
-0.2561721595  
-0.190828206  
-0.2089260359  
0.8164007825  
-0.1637722826  
-0.2199425659  
0.7867920199  
