3213.505587  
3395.442826  
3234.768543  
3282.082759  
3275.357274  
3278.960582  
3297.879488  
3282.713978  
3252.299099  
3258.246475  
3231.389674  
3279.861392  
3268.890063  
3287.610412  
3342.437928  
3248.356813  
3303.705777  
3197.713715  
3283.094981  
3320.170801  
3195.476179  
3210.393022  
3291.509128  
3186.36626  
3252.76404  
3334.119059  
3188.284143  
3245.287831  
3230.795564  
3349.949649  
3282.106957  
3127.04591  
3192.282935  
3275.255571  
3254.928925  
3292.014429  
3292.355062  
3167.513528  
3311.272352  
3191.466046  
3187.44626  
3218.429431  
3228.708202  
3182.950211  
3186.532524  
3218.07746  
3186.664895  
3171.296044  
3147.023844  
3203.670776  
3126.329102  
3127.583486  
3137.592616  
3158.071017  
3175.17862  
3271.629667  
3261.980488  
3177.027081  
3168.373967  
3215.521926  
3113.833825  
3117.690554  
3166.294677  
3061.003278  
3224.118499  
3144.377885  
3141.956308  
3170.072336  
3167.281071  
3155.843176  
3274.973045  
3230.553396  
3170.763275  
3194.972516  
3253.237065  
3123.584677  
3103.727823  
3133.425921  
3132.772095  
3192.148951  
3168.993892  
3180.720765  
3084.763721  
3106.853251  
3152.059086  
3130.592661  
3100.022797  
3136.87748  
3187.588326  
3187.94833  
3136.769306  
3127.530235  
3118.108694  
3183.381262  
3260.233778  
3089.708523  
3148.152285  
3135.771613  
3077.641047  
3193.664868  
3150.092758  
3172.366367  
3105.80067  
3207.349921  
3013.611564  
3252.725292  
3218.657067  
3157.709414  
3173.107358  
3160.31662  
3396.773095  
3215.856113  
3199.536364  
2994.557055  
3329.222629  
3187.459171  
3134.04585  
3127.757855  
3226.603053  
3079.546037  
3163.366184  
3085.281923  
3108.516047  
3161.031822  
3149.432504  
3113.464114  
3134.197618  
3088.625276  
3160.305314  
3177.858468  
3218.560183  
3185.113497  
3206.227946  
3263.840287  
3288.730741  
3186.63909  
3215.630101  
3196.837103  
3238.328263  
3300.909664  
3213.986637  
3255.240478  
3317.402126  
3186.500224  
3200.385517  
3077.019502  
3160.991435  
3121.108202  
2986.491588  
3210.816009  
3259.675194  
3072.184465  
3073.52116  
3266.78653  
3158.247006  
3167.553872  
3126.732698  
3211.587677  
3170.632497  
3188.398758  
3318.950333  
3286.737015  
3146.098798  
3167.75407  
3129.706395  
2874.988077  
3147.74062  
3210.980706  
3238.707625  
3194.294471  
3108.041426  
3154.921371  
3128.624755  
3164.271887  
3160.696024  
3126.012701  
3151.440762  
3171.964379  
3121.458539  
3132.366876  
3068.895955  
3207.835877  
3090.589959  
3098.368065  
3099.375463  
3081.49942  
3111.058699  
3059.400171  
3091.944451  
3039.772593  
3158.041942  
3097.120162  
3089.679481  
3084.4247  
3246.025609  
3267.960194  
3089.222592  
3230.061035  
3110.994152  
3247.970944  
3170.178876  
3125.068291  
3143.477055  
3156.264541  
3179.24361  
3114.518288  
3237.713175  
3184.51295  
3144.206755  
3137.755682  
3194.862748  
3149.779577  
3067.175052  
3145.080148  
3112.69084  
3108.771109  
3073.929616  
3160.694387  
3236.684817  
3098.813621  
3216.011106  
3247.52376  
3175.188292  
3121.193787  
3184.708239  
3119.760199  
3122.788802  
3107.597462  
3156.070824  
3174.495724  
3072.852804  
3186.876389  
3189.984044  
3176.702598  
3054.731395  
3120.610986  
3297.075505  
3139.308683  
3209.47123  
2870.440373  
3195.217865  
3216.595485  
3292.790948  
3230.585702  
3172.590766  
3210.443079  
3375.947598  
3353.975921  
3214.611404  
3223.790776  
3094.550077  
3174.624877  
3160.53297  
3179.117699  
3209.040201  
3203.950057  
3209.953928  
3145.060741  
3329.429267  
3197.163218  
3147.58565  
3256.766076  
3224.454284  
3206.46042  
3242.738748  
3428.626399  
3271.075927  
3143.869333  
3175.608023  
3177.265993  
3282.920628  
3525.634443  
3361.322946  
3161.323997  
3224.686774  
3167.558728  
3161.738913  
3109.30225  
3332.113985  
3403.382346  
3537.892399  
3515.042461  
3525.732904  
3486.999092  
3504.986511  
3610.269864  
3273.658937  
3210.966139  
3218.833029  
3242.026807  
3220.063189  
3219.310866  
3103.997424  
