2095.957743  
1904.566093  
1836.672635  
2117.219614  
1995.837496  
2210.629673  
2006.394915  
1976.875375  
1961.999933  
2041.822245  
1970.686444  
1996.851137  
2026.228734  
2301.338751  
2068.705025  
2019.351739  
1929.568507  
1984.232564  
1981.467924  
1932.989284  
2036.04009  
1916.252184  
1893.50454  
1971.552977  
1966.325542  
2039.839911  
2274.992844  
2274.832466  
2079.014999  
2154.846958  
1942.542025  
1978.919641  
1924.372054  
2016.927633  
1866.950372  
1996.265407  
1922.388566  
2001.88836  
2090.371481  
2070.011336  
2143.714653  
2428.103921  
2038.421684  
2108.675692  
2036.046271  
2152.530272  
1918.746119  
2014.330831  
2037.251202  
1907.860313  
2088.450356  
2212.843515  
2013.27104  
2201.392909  
1952.950816  
2188.417098  
1946.264693  
2035.749208  
2006.82086  
2052.924598  
2140.482789  
2057.975788  
2068.509439  
2058.263813  
2044.160899  
2080.502722  
2070.666418  
2089.767543  
1915.465522  
2096.986879  
2353.524689  
2077.255527  
2067.110555  
2153.002207  
2085.355462  
2281.272696  
2304.258324  
2069.450181  
2073.333632  
2129.637727  
2166.266339  
2116.471294  
1967.489563  
2083.060782  
2225.827585  
2132.59379  
2248.490547  
1987.884079  
2020.041151  
1969.202719  
2095.620277  
2319.765633  
2158.307257  
2070.450424  
2160.393583  
1992.584794  
2087.33165  
2069.716134  
1927.143483  
2055.134884  
2130.295957  
1925.979826  
2080.985509  
2127.658981  
2256.77488  
1967.274782  
2145.582743  
2114.620963  
2223.255234  
1930.009293  
2072.834665  
2305.288839  
2110.067097  
1917.248571  
2246.884545  
2216.167327  
2123.733423  
1995.51739  
2302.794698  
2054.679602  
1923.526946  
2046.681295  
2181.086735  
2041.650674  
1992.453746  
1967.287121  
2093.600725  
1950.777131  
2240.498546  
2165.379175  
2102.818144  
2030.115164  
2286.660831  
2025.444647  
2200.67385  
2083.982116  
2199.087921  
2088.648004  
2058.572397  
2042.952612  
2208.071462  
2195.454325  
2020.726911  
1978.134055  
2080.744532  
2056.777684  
2170.261307  
1968.672636  
2019.010737  
2016.136659  
2064.201501  
2334.389342  
2036.461653  
2124.145375  
2251.047724  
2029.440187  
2070.842799  
1958.635517  
1981.535298  
2038.247728  
2197.598162  
2003.955281  
2047.022475  
1901.915409  
2258.30381  
2113.040718  
1995.944923  
2100.300473  
2022.963814  
2167.112235  
2176.392715  
1840.797057  
2177.053684  
1913.376138  
2059.967319  
2010.302056  
2016.54791  
2325.60596  
2142.374278  
2211.989896  
1959.696108  
2265.813059  
2040.621127  
2011.581848  
2063.882766  
2058.862821  
2032.364111  
1988.191855  
1895.504783  
2141.741039  
2053.652187  
1971.901459  
1968.301426  
2142.573318  
2311.522058  
2029.732692  
2305.395614  
2106.526642  
2082.855268  
2052.854757  
2337.613053  
1972.517147  
1935.08033  
2048.69437  
2234.090666  
2086.161369  
2048.569278  
2015.769214  
2075.307188  
2160.888427  
2021.126288  
2150.28832  
2201.761442  
2087.497841  
2154.695287  
2002.176458  
2055.282051  
2125.003186  
2050.735273  
2143.439255  
2098.238371  
2095.733547  
2016.758993  
2024.481888  
2328.993244  
2303.807433  
2159.065571  
2155.128083  
2180.500728  
1995.245571  
2047.483492  
2039.070263  
2329.245906  
2051.280989  
2186.604487  
2164.305505  
2270.27704  
