3436.8443  
3451.644724  
3331.65787  
3156.747775  
3395.250104  
3170.00332  
3167.233801  
3139.749341  
3143.299723  
3137.940738  
3369.089667  
3179.602628  
3174.309625  
3140.386576  
3087.356042  
3189.266154  
3103.199849  
3099.963827  
3439.085861  
3129.447757  
3106.357596  
3148.04845  
3142.737184  
3082.628347  
3219.648585  
3151.862369  
3074.592584  
3116.313856  
3245.55856  
3187.728579  
3400.055565  
3144.329707  
3088.274615  
3162.271507  
3366.286942  
3187.381544  
3285.021769  
3174.394451  
3262.463851  
3249.747628  
3347.688751  
3307.739851  
3487.62849  
3275.94226  
3465.941526  
3262.072758  
3353.086765  
3165.709902  
3248.079368  
3227.785695  
3212.774342  
3267.676638  
3596.504295  
3307.954768  
3401.820598  
3393.794899  
3245.399836  
3209.198992  
3198.645886  
3181.4428  
3164.987546  
3311.755209  
3146.032147  
3153.32391  
3293.234382  
3243.583341  
3185.666139  
3419.444835  
3345.867115  
3223.321817  
3159.846551  
3301.537876  
3278.828094  
3422.917179  
3237.152661  
3244.96032  
3430.844494  
3350.209009  
3295.386484  
3266.51314  
3229.793082  
3479.682538  
3333.69816  
3264.695407  
3269.320458  
3253.435422  
3387.609259  
3225.562764  
3309.6368  
3304.073652  
3219.126957  
3326.666774  
3293.225785  
3343.118022  
3232.925077  
3260.693379  
3509.353892  
3271.649603  
3249.537364  
3248.635539  
3339.211737  
3633.558365  
3261.31742  
3273.192272  
3173.921408  
3373.044609  
3144.45983  
3149.088347  
3311.148129  
3259.924515  
3200.143638  
3279.160049  
3392.453351  
3156.084494  
3219.307155  
3438.323252  
3220.128113  
3159.327509  
3261.628162  
3309.127432  
3214.566473  
3213.354681  
3354.710485  
3178.200408  
3198.437957  
3239.365229  
3188.14881  
3414.855887  
3296.904164  
3250.597598  
3322.881432  
3267.506385  
3196.060498  
3335.038314  
3265.442739  
3314.446444  
3183.47345  
3247.826911  
3124.022056  
3343.539641  
3370.894782  
3229.398881  
3151.661019  
3161.303764  
3357.479551  
3366.816603  
3264.526034  
3331.273006  
3210.523347  
3292.421629  
3290.60022  
3203.769101  
3210.29519  
3271.551841  
3169.32383  
3214.657215  
3308.976222  
3224.000592  
3153.203084  
3189.331683  
3383.804673  
3159.000149  
3158.065661  
3190.88371  
3318.599916  
3175.615604  
3231.495373  
3395.242989  
3202.690113  
3252.998202  
3504.029287  
3254.001957  
3339.154132  
3188.664263  
3185.545592  
3229.401179  
3103.898113  
3293.169447  
3320.807615  
3219.35032  
3348.167919  
3433.103576  
3348.8744  
3146.717512  
3317.212756  
3169.130051  
3241.232432  
3213.258927  
3380.860954  
3225.428555  
3408.627573  
3254.502823  
3150.627156  
3178.205808  
3386.397123  
3363.884057  
3497.840607  
3283.483449  
3218.228401  
3261.071684  
3188.365761  
3299.536787  
3146.060511  
3142.802939  
3413.958316  
3312.754052  
3264.718744  
3322.999994  
3173.189429  
3278.396112  
3315.451004  
3192.367726  
3346.935955  
3140.135948  
3242.061592  
3299.464732  
3234.851916  
3379.480094  
3138.403908  
3173.558994  
3355.093437  
3201.230985  
3168.370364  
3189.040886  
3293.931167  
3240.112019  
3221.90853  
3190.350445  
3211.399453  
3297.218831  
3229.992973  
3628.2384  
3376.803052  
3360.498052  
3261.99681  
3364.152319  
3289.112976  
