-1.083223823  
-0.3880127823  
0.3520145811  
-1.007722604  
-0.7086615341  
-0.9258308421  
-0.7725961729  
-0.1220584185  
-0.8684790392  
-0.2403874611  
3.710442079  
1.518738465  
-0.8297866004  
-1.018245627  
-0.5959696925  
1.075611863  
-0.8253115576  
-0.784560417  
-0.7971699394  
-0.7348078494  
-0.2711091576  
0.1646843425  
-0.9448606473  
-0.7382465763  
-0.7982732045  
-0.7036355219  
-0.6936127902  
-0.5928931341  
-0.6364520449  
-0.874154514  
-0.5854973644  
-0.2224766226  
-0.7737121853  
-0.7263798317  
-0.5512820906  
2.313276136  
0.9228339342  
-0.1411203123  
1.865108351  
0.9848218692  
1.486665665  
-0.7099041575  
-0.5844369205  
-0.6620736372  
-0.633997456  
-0.7064842246  
-0.4330057571  
-0.7215108263  
-0.6190248892  
-0.7457818272  
0.3094422684  
-0.9519653009  
-0.2819515975  
0.6720530804  
-0.8523435099  
-0.9360398981  
-0.4692433289  
-0.9620040482  
-0.05963920333  
1.677367941  
-0.3086384996  
-0.03740507564  
-1.051419185  
-0.6201671115  
-0.6068921984  
-0.1817613853  
-0.9676400457  
-0.5038445849  
-0.7282271713  
-0.5424646248  
-0.8800750386  
-0.3448521824  
2.781861563  
1.221182548  
-0.9578542846  
-0.7940717805  
-0.3437535014  
1.368091082  
-1.163266339  
-0.42419879  
-1.015767046  
-0.4882872349  
-0.8899686939  
-0.6586810148  
-0.7832534484  
-0.339108805  
-0.7332833361  
-0.2846530944  
2.603969945  
1.431869802  
-0.2009238254  
-0.3385553618  
2.393630499  
2.20142616  
-1.127547831  
0.170951703  
3.038052231  
-0.5869148312  
-0.2014177869  
-0.841655404  
0.01844980675  
2.488040245  
-1.046326842  
-0.4008186479  
-0.785447962  
1.876232245  
2.21632305  
-0.5619380508  
1.551831735  
-0.2460100449  
-0.667277583  
-0.9124337819  
-0.4013048113  
2.886082794  
1.014861999  
-0.8373215791  
-0.7330360767  
-0.5624862398  
-0.1765135283  
-0.3936839158  
-0.4221837292  
-0.6079003112  
-0.6393566919  
-0.04972944261  
-0.2836672737  
-0.3088873236  
-0.6441656929  
-0.6132333734  
-0.7775412776  
-0.3623187708  
-1.11271883  
0.1457783864  
2.54456445  
-1.174076361  
-0.5588048687  
-0.8253473302  
-0.49642746  
-0.7875971853  
-0.7609886426  
0.05019497184  
-0.1627078498  
2.313423533  
-0.9675844008  
0.1200170591  
1.698633353  
-0.6156609015  
1.919835395  
0.9500491483  
-0.6818687273  
0.8891504187  
-1.041633375  
0.2008410223  
-0.9446021738  
0.2283406228  
2.653798822  
1.218657017  
-1.114096526  
-0.2113562472  
0.4220287038  
-0.5085162496  
-0.8072235083  
-0.4001918094  
2.283322727  
-1.072571678  
-0.6598406513  
-0.6370121732  
-0.4583114627  
-0.5652262348  
-0.6561425603  
-0.2290595833  
1.425569655  
-0.5109353633  
1.205210777  
0.1270658378  
-0.5432855594  
-0.0799056838  
-0.1373452049  
-0.2220796201  
-0.3628757531  
1.064013477  
1.227847813  
0.5314714869  
-0.3435076183  
-0.556924794  
-0.16326094  
-0.5150860764  
-0.2983262519  
-0.07375271127  
1.079016207  
0.7777915363  
-0.5243514993  
-0.4661350668  
-0.3704036148  
-0.4144151345  
-0.5878254853  
-0.4087568743  
-0.2154313812  
0.7619048666  
-0.7469114226  
0.6028545864  
1.13636455  
-0.4697075963  
1.416525784  
-0.7169599698  
-0.1023986252  
0.5506107283  
-0.4577934135  
0.1293859726  
-0.3895217719  
1.152312664  
1.396854419  
0.8505890759  
-0.520082266  
-0.3995554076  
-0.6302525154  
-0.07317187129  
0.8366096173  
-0.5293605125  
-0.3625443498  
-0.04840245408  
-0.1631073233  
0.6556094156  
1.95805445  
0.846335631  
0.1933857539  
0.9827501388  
-0.5402649334  
0.7495316993  
2.517956187  
-0.2085311272  
0.4202434089  
-0.3027869251  
0.1050314004  
-0.4536648912  
-0.3136923742  
1.166857135  
0.9644732443  
-0.8257464796  
1.502688827  
0.7247337277  
0.3180373684  
3.489069567  
-0.3912763231  
2.087564871  
1.363651114  
-0.02978822242  
-0.536203012  
-0.338611919  
-0.164786715  
-0.556229129  
-0.5369262704  
0.50871445  
-0.3700341035  
-0.6868302262  
-0.5234856666  
-0.2655050161  
-0.6743340493  
-0.4859656491  
-0.6422955649  
2.059712659  
-0.3031143375  
-0.698063729  
-0.1345502672  
-0.8157233208  
0.4774668621  
