-0.3865371922  
-0.4434937999  
-0.7610509826  
-0.1629974035  
-0.8533052301  
-0.4630695736  
-1.116492055  
0.8762145771  
2.207845778  
-0.6239160676  
-1.142648879  
0.9434224562  
0.5776844785  
-1.400429642  
-0.1561630719  
-0.632479449  
-0.6739354156  
-0.8789562173  
1.514034694  
-0.2639482021  
-0.9997789868  
0.7110345454  
0.2912863263  
-1.217024115  
0.4151843152  
2.047057422  
-0.3155600509  
0.04211814213  
2.353425894  
0.1198704077  
-0.6452574449  
-0.6834771139  
0.09035306913  
-0.5323677142  
-0.1177413373  
-0.8805831263  
0.8653873557  
0.7030207614  
-0.958781536  
1.798446836  
0.4758579977  
2.789957088  
1.726405124  
-0.5909655045  
-0.6347023132  
-0.4557529842  
-0.3685731073  
-0.5472408842  
-0.3631243432  
-0.7278424274  
0.5006882708  
0.6047187735  
-0.4498648738  
-0.04080424695  
-0.634097806  
-0.2860939796  
0.5448241236  
0.2782945177  
-0.7902591938  
0.555929117  
-0.766884468  
1.151301947  
2.641214737  
1.030556455  
-0.7004185066  
1.431861406  
0.3525293136  
0.107381022  
-0.526533644  
-0.1420044451  
-0.7508232199  
0.4825871881  
-0.8252684544  
3.030736363  
1.82244542  
-1.030951325  
-0.1808356835  
1.295873834  
3.367227227  
0.2373739834  
0.00651511212  
0.1156287163  
-0.4776753751  
0.2913470385  
-0.5870781249  
2.540030444  
0.7863677442  
1.332220808  
2.081238265  
-0.8746520024  
0.7607560303  
-0.9307716147  
0.7818289594  
-0.57491257  
0.5231189591  
-0.522460287  
2.775753458  
1.580435511  
-0.6372502626  
0.2764915148  
-0.3063609194  
0.06755463242  
-0.7926680284  
-0.9667811371  
0.3243565741  
-0.5270456477  
-1.163983589  
0.7642763239  
-0.2483249485  
-0.3710941482  
-0.2117201885  
-0.6871568428  
1.301042857  
-1.254682686  
3.048858166  
1.209425624  
-1.289704179  
-0.3678994383  
-1.154594931  
-0.2493429825  
-0.5575507418  
0.08142119632  
-0.6506961445  
-0.568744954  
-0.8500383127  
-0.4915513529  
-0.2253638849  
-0.3370504961  
-0.5898934168  
0.08762882961  
-0.2051588872  
-0.4149755843  
-0.7923614213  
-0.1919555587  
-0.6920659994  
0.7360409785  
0.663503297  
-1.033279803  
0.2543821866  
-0.6137569605  
0.9489614008  
0.005667140046  
-0.221314113  
-0.2636679112  
-0.2169386565  
-0.3445005335  
0.4083496955  
-0.1982115187  
-0.1534297802  
-0.4947130371  
-1.110782527  
-0.5301649411  
-0.9262927218  
-0.2708187722  
-0.5277302544  
-0.1732633576  
-0.6379530486  
-0.7241525847  
-0.507636699  
0.5464979684  
-0.9560922475  
3.686245221  
0.1719776865  
-1.310023737  
-0.1899403765  
0.2918679729  
0.1322903486  
-0.6936316493  
-0.40106573  
-0.4255826924  
-0.6291099303  
-0.5572196463  
-0.1208434283  
-0.1893417116  
-0.1223539616  
-0.104378424  
-0.3330763648  
-0.6304258831  
-1.292161801  
2.262338017  
0.003510904758  
-0.8502059571  
0.09958395784  
-0.8194352649  
3.255249077  
-0.4042113995  
0.8601574197  
2.553840812  
-0.1493441635  
-0.6425223048  
-0.3959394289  
-0.6974863287  
-0.2302778533  
-0.5642476289  
-0.4272666251  
-0.411828839  
-0.7208619305  
-1.162467822  
1.30074887  
-0.0166670938  
-1.032401084  
-0.4195918507  
-0.8611807982  
-0.5067653422  
-0.1488507461  
-0.5237372772  
-0.3086891266  
-1.062412789  
2.135719026  
0.04739101195  
-0.9167394334  
1.360889455  
1.688795342  
-0.4871076282  
-0.8022787039  
-0.5772391107  
-0.4758269939  
-0.390413785  
-0.7963693955  
-0.6828441928  
-0.03896060342  
-0.381859149  
-0.7036977977  
-0.1112930684  
-0.6229765242  
