2725.122748  
2651.148019  
2492.140077  
2533.081304  
2646.226038  
2429.115628  
2505.408736  
2780.244826  
2609.088223  
2489.567209  
2615.990147  
2545.816947  
2443.825172  
2513.699661  
2657.392846  
2602.742843  
2544.775594  
2419.597641  
2511.817864  
2467.321342  
2529.93591  
2375.06836  
2523.016856  
2521.821117  
2414.550897  
2501.841185  
2495.433851  
2521.465468  
2474.524371  
2409.897423  
2559.933833  
2450.481976  
2465.478315  
2547.82561  
2482.643461  
2411.190474  
2351.064566  
2567.227026  
2425.924602  
2549.030007  
2355.971963  
2473.602104  
2489.848972  
2574.939904  
2505.160649  
2518.926531  
2515.409559  
2456.704608  
2475.779579  
2462.597869  
2485.615074  
2504.9137  
2441.231982  
2450.557134  
2460.819717  
2532.833259  
2551.315347  
2437.472465  
2556.388389  
2436.016994  
2442.634177  
2566.829442  
2468.391936  
2498.297406  
2459.896069  
2576.029174  
2808.527244  
2898.892637  
2654.935356  
2707.856501  
2703.195498  
2651.695696  
2758.713436  
2766.690018  
2702.019269  
2697.727519  
2538.554338  
2589.534939  
2484.980457  
2740.830889  
2635.563258  
2618.003994  
2566.678024  
2727.751444  
2583.314119  
2566.831741  
2787.866376  
2633.384353  
2580.455257  
2557.027409  
2561.634537  
2609.246733  
2728.787749  
2663.411521  
2687.201863  
2523.346184  
2596.459267  
2807.643248  
2586.893983  
2723.182582  
2737.356016  
2677.27552  
2660.462457  
2766.963058  
2881.220423  
2757.773091  
2699.33791  
2760.495403  
2694.904382  
2639.606009  
2844.990578  
2785.579196  
2701.392857  
2900.532276  
2698.741158  
2789.329635  
2659.917761  
2704.991317  
2595.765028  
2611.702804  
2633.128492  
2745.392069  
2771.150866  
2850.97508  
2686.319577  
2665.020181  
2624.958346  
2685.447313  
2691.155777  
2675.049117  
2783.147368  
2796.594272  
2838.157538  
2754.064348  
2741.250726  
2761.914287  
2657.653021  
2526.688381  
2570.287017  
2703.202113  
2668.409654  
2639.715162  
2595.517238  
2601.255323  
2690.316716  
2564.642596  
2602.331634  
2617.222706  
2620.280713  
2752.013761  
2502.067831  
2664.249743  
2711.960782  
2632.432065  
2639.354528  
2715.971068  
2739.093131  
2630.896279  
2711.627127  
2712.267927  
2491.20666  
2585.429237  
2510.048645  
2548.912112  
2497.10374  
2610.375156  
2445.373225  
2656.273057  
2607.055103  
2568.017923  
2674.131682  
2619.905565  
2667.053049  
2667.002099  
2635.210117  
2596.625587  
2710.894498  
2543.3784  
2583.769395  
2642.031952  
2789.296178  
2664.49821  
2647.473763  
2642.296024  
2776.852413  
2620.297818  
2613.437571  
2554.622068  
2696.731507  
2671.940597  
2612.21542  
2622.169919  
2668.372544  
2664.322399  
2696.110589  
2578.584226  
2546.530732  
2647.191975  
2558.855846  
2692.520905  
2624.407294  
2631.248646  
2587.159329  
2599.181849  
2706.156646  
2505.144028  
2507.507196  
2796.860741  
2523.660394  
2511.872228  
2649.171244  
2668.135955  
2637.583368  
2521.313081  
2740.715795  
2737.827605  
2659.900737  
2695.535653  
2699.569077  
2710.467312  
2819.870755  
2723.374313  
2736.258957  
2779.69389  
2589.424196  
2735.40942  
2727.186612  
2725.09233  
2688.428833  
2619.719888  
2684.471576  
2621.670838  
2674.906501  
2689.37229  
2710.928052  
2715.770975  
2495.741028  
2677.676352  
2470.036041  
2414.4329  
2733.630974  
2629.210149  
2566.375704  
2631.766448  
2626.345552  
2742.944109  
2520.243671  
2830.039149  
2381.483202  
2608.649153  
2563.718037  
2176.430996  
2326.052736  
2226.260499  
2396.462694  
2206.854416  
2433.100517  
2255.067175  
2381.081038  
2196.433768  
2348.365652  
2100.043118  
2435.162216  
2223.934207  
2616.339024  
2796.737436  
2528.326942  
2591.344961  
2494.814048  
2526.860879  
2552.044682  
2610.01794  
2413.322485  
2574.670264  
2527.901567  
2638.082428  
2490.163296  
2628.334732  
2593.572476  
2603.443787  
2521.570113  
2436.726784  
2499.887293  
2467.437931  
2604.111842  
2536.773898  
2600.248515  
2597.116137  
2453.945185  
2503.231518  
2537.16492  
2586.230623  
2538.90277  
