1308.194316  
1338.957595  
1261.702567  
1190.79584  
1304.599389  
1286.703198  
1265.955631  
1256.973419  
1167.734324  
1268.379642  
1320.974325  
1200.927584  
1152.003048  
1270.678791  
1392.597203  
1262.020363  
1324.915536  
1301.60401  
1325.365408  
1251.409085  
1246.337389  
1169.874555  
1352.050982  
1296.798594  
1237.334933  
1360.050784  
1211.178949  
1150.163407  
1336.146809  
1274.314013  
1386.723095  
1212.809941  
1348.575536  
1594.494979  
1250.766451  
1342.73725  
1371.496679  
1388.410598  
1429.990927  
1211.999482  
1350.085447  
1383.103561  
1391.240235  
1429.85707  
1382.488292  
1388.729203  
1411.886105  
1335.20132  
1217.845926  
1394.330939  
1450.734873  
1617.959323  
1864.063437  
1312.247998  
1373.002779  
1403.531811  
1408.752519  
1308.280022  
1207.796198  
1487.994606  
1289.124983  
1368.383457  
1414.969867  
1622.975917  
1296.339862  
1367.335643  
1340.503853  
1285.138851  
1390.674556  
1331.266271  
1412.915519  
1496.391201  
1370.336875  
1339.579244  
1313.136748  
1261.082401  
1380.923731  
1448.876032  
1375.817894  
1163.907942  
1240.486155  
1437.768644  
1425.612592  
1303.072372  
1222.175314  
1396.062691  
1562.119139  
1402.871945  
1436.969236  
1335.544658  
1443.301325  
1340.773087  
1252.299528  
1425.420749  
1360.785749  
1439.715004  
1368.006822  
1474.766259  
1368.734962  
1413.643997  
1409.790241  
1360.298254  
1304.230598  
1407.040418  
1397.622574  
1270.004125  
1138.632666  
1448.937911  
1337.079461  
1374.109198  
1211.411675  
1356.397586  
1336.206737  
1344.524721  
1214.157745  
1459.875035  
1290.913429  
1355.42042  
1182.744199  
1265.218257  
1327.034016  
1448.703734  
1363.381392  
1335.659156  
1305.256413  
1197.700768  
1349.401145  
1259.358101  
1450.68299  
1310.246926  
1479.156005  
1250.548711  
1229.651629  
1281.167786  
1323.74238  
1210.124957  
1195.340373  
1474.495143  
1360.4702  
1241.62922  
1336.404539  
1354.643213  
1339.495232  
1305.863294  
1354.476709  
1215.118205  
1241.381868  
1310.775609  
1254.617139  
1478.286027  
1286.561338  
1386.703735  
1395.478318  
1257.406208  
1248.028009  
1139.480274  
1291.54316  
1396.133248  
1378.307561  
1363.386317  
1359.838624  
1373.34082  
1401.349654  
1413.107215  
1286.703287  
1526.058192  
1288.90801  
1282.127087  
1120.505539  
1304.918189  
1190.460557  
1126.305989  
1347.969282  
1194.734332  
1219.117113  
1181.251937  
1285.3914  
1170.450161  
1255.908654  
1172.122557  
1097.244271  
1333.462748  
1302.737962  
1311.083436  
1227.051606  
1251.079292  
1214.793475  
1250.682009  
1233.969959  
1224.55171  
1219.765946  
1193.982869  
1174.364345  
1195.101286  
1127.479959  
1128.767985  
1282.414137  
1299.22156  
1174.34378  
1319.303161  
1192.435178  
1168.294772  
1273.235151  
1277.017329  
1250.670557  
1176.533476  
1235.117199  
1154.284295  
1052.990319  
1456.172909  
1399.227098  
1280.876331  
1254.735406  
1276.945383  
1265.667825  
1416.566927  
1259.143413  
1237.736171  
1296.435455  
1336.948342  
1161.674728  
1239.293383  
1140.346227  
1346.081198  
1171.515665  
1067.282068  
1329.364749  
1267.359714  
1268.937661  
1224.113643  
1068.358713  
1445.138223  
1115.34978  
1341.162134  
1699.636055  
1295.838803  
1312.245299  
1283.755391  
1379.240185  
1299.763758  
1395.373996  
1305.530247  
1355.047812  
1367.023467  
1328.031984  
1350.803504  
1366.727231  
1211.029011  
1269.854172  
1175.161683  
1328.751007  
1308.847209  
1135.169341  
1298.925879  
1230.726915  
1317.615952  
1516.694965  
1273.238215  
1286.711691  
1248.418835  
1226.377605  
1261.582033  
1207.069893  
1109.950965  
1309.897215  
1261.759417  
1361.927176  
1171.773059  
1144.808151  
1222.409274  
1352.555789  
1304.655605  
1206.135397  
1236.55  
1222.431116  
1234.233638  
1265.442386  
1268.555059  
1247.845089  
1228.604402  
1184.996574  
1406.426018  
1401.867969  
1273.274051  
1237.156498  
1163.508542  
1242.637945  
1151.73275  
1182.700391  
1315.334088  
1340.4596  
1172.188185  
1458.877105  
