0.3561021013  
0.6092233057  
-0.299215443  
0.1199783304  
-0.6159858424  
-0.57637251  
-0.7384603647  
-0.192422299  
-1.369985897  
-0.9021189195  
-0.3374466592  
-0.9194513047  
-0.7192952924  
-0.2261188617  
-0.8228529321  
-0.4879432291  
-1.154963744  
-0.2032602826  
0.1667775844  
-1.046435766  
-1.356058726  
-0.823918464  
-0.1996452631  
-1.024164061  
-0.6949380726  
-0.9773382007  
-0.4650511892  
-0.2629000142  
0.08292604823  
-0.47391587  
-0.4138219789  
-0.9620159577  
-0.3206599884  
-0.8309842745  
-0.6049702422  
-0.6903165265  
-0.4473071992  
-0.6855317749  
-0.1451355013  
0.1629259911  
0.5128078259  
0.5605443765  
0.70078539  
0.8241662364  
0.2951946789  
0.2964551711  
0.5559390592  
0.722188336  
0.9963964915  
0.7469360975  
1.173741798  
1.52471218  
0.8311542082  
0.7375981274  
1.132441359  
1.420604565  
1.288519865  
0.5399585665  
0.7236649686  
0.9756339361  
0.4339744436  
0.6533325971  
1.530632337  
2.589578562  
0.749892351  
0.7024414848  
0.5779901494  
0.6157986242  
-0.6523650846  
-0.1138405012  
0.2642997221  
0.6300713929  
0.01280740055  
-0.500567962  
-0.07253379964  
-0.08421924576  
-0.505589944  
-0.09952696308  
-0.1757212968  
-0.6743635724  
-0.2465012359  
-0.303589161  
0.05723875751  
-0.229146897  
-0.7997978024  
-0.8982656123  
-0.5017964626  
-0.8301960401  
-0.6213608499  
-0.147348334  
-0.3390655095  
-0.4732197808  
-1.051778799  
-1.006510626  
-0.948284733  
-0.5839482664  
-0.3509619225  
-0.876874253  
-1.108172816  
-0.5314487988  
-1.162385296  
-0.3706495513  
-1.339771322  
-0.3209857897  
0.9034026929  
0.9390590221  
0.6457632685  
-1.545328982  
-0.9105821813  
-1.584869307  
-0.4849565903  
-0.8851303617  
-0.5751107318  
-0.529014314  
-1.055376052  
-0.2463366674  
-1.067386317  
-0.5838082408  
-1.800638779  
0.4742357289  
0.9482565893  
-1.185672891  
-0.1236562841  
-0.3834931168  
-0.7789664501  
0.2550819245  
-0.2035073888  
0.3751753455  
0.7872724126  
-1.000187793  
-0.3697935249  
-1.081590997  
0.1106504941  
-0.5960302118  
0.0224496168  
-1.867413166  
-0.2227225643  
-1.499004919  
-0.2101421911  
-0.2921478968  
-0.7463603532  
0.06703184149  
-1.162198243  
-0.889700907  
0.3817328699  
0.0534850382  
-1.688549223  
-0.4475986381  
-1.213280073  
-0.1312367595  
-0.7908805284  
-1.018575625  
-0.7529142098  
-1.025352879  
-0.1634365484  
-0.8901905409  
0.1850154242  
1.283443268  
0.6338955618  
1.731089961  
0.8795028849  
0.751861953  
-0.4137005007  
0.2201367007  
0.6632128128  
1.308025035  
-0.5677518832  
0.5998408204  
0.04125775997  
-0.5774926149  
-0.1383084711  
-0.6915815412  
-0.4150645716  
-0.8774020614  
-0.3216425985  
-0.8813804156  
0.03557207436  
1.322207629  
-0.4004502156  
-0.3468253347  
-1.047166993  
-0.5905814717  
-0.3641106389  
-0.1101082697  
-0.5108789129  
-0.7403605959  
-1.100338431  
-0.9455203194  
-1.139923598  
0.7322491891  
0.4445129064  
-0.4069822421  
0.3677929703  
0.9613376208  
0.530400956  
0.8760169632  
0.6695866671  
1.111673246  
-0.04351704378  
-0.4805949598  
-0.5818278943  
-0.4880131587  
-1.216158979  
0.815974314  
0.5619050285  
1.064390124  
-0.2431802335  
0.6800653624  
0.6799048382  
0.4269881898  
0.3413242599  
1.62372712  
4.330125093  
3.315299263  
2.368273428  
2.624223263  
3.045837919  
2.789474902  
2.085850468  
2.540477131  
2.925965337  
1.580541902  
2.3749275  
1.31462754  
1.878230626  
