-0.3537366603  
0.08541428216  
-0.8070140889  
-0.8416028837  
-0.8123607106  
-0.6073410691  
-0.878605438  
-0.9332722632  
-1.150993694  
-0.6573865644  
-0.8686832742  
-0.4970410395  
-0.2861328919  
-0.6912286373  
-0.427649176  
-0.03009880368  
-0.05457369184  
-0.5263875507  
-0.1995885535  
-0.6473552054  
-0.04701688307  
-0.9033561403  
-0.5016555374  
-0.7845462898  
0.0165092907  
2.08827412  
-0.4855673477  
0.1809822727  
2.746437425  
1.074937319  
-0.1503107527  
-0.3295470951  
0.1361156014  
-0.6317417685  
-0.1151107205  
0.3327870697  
0.8007769844  
-0.2342991978  
0.0235076782  
0.2407334718  
0.7057409272  
0.6435516571  
0.7407071822  
-0.1321323398  
0.09870938107  
-0.08351756791  
0.5818046852  
0.3152288391  
1.338304256  
0.1341684343  
0.2555117264  
-0.3002692407  
2.166676921  
1.502766529  
1.345243814  
1.0544551  
0.4627661244  
2.100683908  
0.4351727193  
2.745024602  
2.300102456  
0.1296169452  
0.4243289744  
1.867744164  
0.5404959373  
-0.3004068676  
0.6538919606  
2.305902832  
0.6486862215  
1.068788792  
-0.05916897698  
1.23145038  
-0.2616900203  
0.5903306402  
2.427593244  
0.8015177821  
0.2892443911  
0.172826551  
0.5000996329  
2.928423088  
2.723095727  
0.1729739173  
0.1739035033  
1.920462956  
0.05777627061  
0.3442891692  
2.326933783  
0.709279552  
2.133975672  
-0.1072155058  
0.0230716869  
-0.3704510703  
0.2649029911  
0.8964147642  
0.001302398911  
-0.2007811781  
0.1186110375  
0.00634427472  
-0.06142250729  
0.4688907587  
0.2905046815  
1.109692135  
0.225848215  
0.5185544877  
1.122414696  
-0.1910041112  
-0.1919623616  
2.222986167  
-0.4828966139  
0.09855026211  
0.7611343537  
0.2101135623  
-0.4562468036  
-0.2453787416  
-0.7535586259  
-0.1832163521  
-0.6354197168  
-0.5946174562  
-0.443716093  
-0.06741420592  
-0.4741206759  
-0.08798299564  
-0.2357709735  
2.834645213  
0.5721712845  
-0.05434354927  
-0.8931850331  
-0.3212147102  
-1.102207569  
-0.1059331858  
1.580515902  
1.0428904  
-0.5967070624  
-0.349869935  
-1.099521561  
-0.4143672203  
-0.9938746291  
-0.1578956125  
1.879686049  
-0.3261749146  
-0.4378554146  
0.3642371554  
-0.2762872581  
0.1979288943  
1.137907513  
0.06967562246  
-0.5936516696  
0.1462624323  
0.2842868285  
-0.8625898629  
-1.243115261  
-0.7143879928  
0.8004722884  
-1.184920681  
-0.6260089491  
-0.6796279376  
0.08385092772  
-0.8372911974  
-0.1776894182  
-0.7392801516  
-1.035717463  
-1.008347251  
-0.8897280558  
-0.6448289909  
-0.4046703941  
-0.2945258749  
0.8811632976  
-1.384384368  
-0.7530430049  
-0.4753052837  
-1.026811846  
-1.269510066  
-1.13467801  
-1.057810933  
-0.158550966  
1.213924088  
-0.2141262459  
0.8375001619  
-0.9266848866  
-0.09702426719  
1.652958625  
1.194258187  
1.702925954  
-0.09380344875  
2.178991464  
-0.182192196  
-0.1984820486  
-0.7121055438  
-1.044727533  
-1.24429809  
-0.4348169454  
-0.04058149049  
-1.108291016  
-0.2763694731  
3.504051936  
1.982675139  
0.8025091306  
2.417535269  
0.8718546403  
0.5791562082  
-0.3599522378  
-0.2521878753  
-0.8054420256  
-0.0261692862  
1.899611341  
-0.496428363  
-0.3779539096  
-0.5879790211  
-0.3576240521  
-1.113688494  
-0.3785238324  
-0.08401250807  
0.1810490124  
1.882673971  
-0.6997566872  
-0.04571974564  
-0.8253483153  
-0.9064240515  
-0.4332320953  
-0.5006951677  
-0.0778381133  
-0.8845276441  
-0.6112850003  
-0.2642957181  
-0.9622900097  
-1.10070866  
-0.4725912505  
-0.8472301531  
-0.5342337771  
0.08086863531  
-1.243447207  
-0.8879336737  
-1.255291001  
-0.8170022931  
-1.326167297  
-0.9428418884  
-1.151780069  
0.3250990468  
1.228971469  
-1.13409894  
-0.5382716028  
-1.5368801  
-1.060119767  
-1.247135366  
-0.7550210627  
-1.254691403  
-0.5532671438  
-1.518685749  
-1.197716774  
-1.411505766  
-0.6288694313  
1.313273198  
-1.285256396  
-1.268377575  
-1.54021837  
-0.7776232662  
0.4868051759  
-0.9754132552  
-1.377108839  
-1.306012024  
1.247147787  
-1.078114611  
-0.8742087727  
-0.04162710001  
-1.330791448  
