0.1618127285  
0.9556815468  
-0.3496883811  
-0.6525449771  
-0.5236212493  
0.8540437692  
-2.594253563  
-1.077641112  
0.078810253  
-0.2156896099  
0.6812685761  
0.0235431624  
-0.42477611  
-1.514218787  
-1.041691248  
-0.4484968409  
0.5950943313  
-1.107694802  
0.6863447662  
-0.3947327445  
-0.3074630007  
-2.420367186  
-1.530575773  
-0.5139760881  
-0.4153677159  
-0.296821323  
-0.3098416488  
-0.838136731  
0.2611315564  
-0.1709807363  
0.262867719  
-0.01941240228  
-0.2728167619  
-0.935266836  
-1.931833812  
-1.563799852  
0.9206990935  
-0.2708092506  
0.4062283864  
-0.05040622515  
1.04988038  
0.4724128832  
0.9229174393  
0.4620719529  
0.1296619653  
0.2994944306  
-0.09547766902  
-0.8542773343  
1.164265545  
-0.4165124822  
0.2272162704  
0.03638056352  
0.006913679603  
-0.1895211171  
-0.01596586034  
0.1693180587  
0.2129566508  
0.8391457125  
0.2696788389  
0.2811664827  
0.417358676  
-0.2199880628  
-0.4570241583  
1.901277199  
-0.272907781  
-0.6465321674  
0.7799016358  
0.528383348  
0.04464045056  
-1.100414052  
1.116880602  
0.4425056522  
0.7540061997  
-0.3717505319  
0.6255520833  
-0.5607772805  
-0.7060695409  
-0.5172724914  
-0.2923210751  
-0.7564368866  
0.5689998301  
-0.1785528694  
0.175532873  
-0.8715692647  
-0.6469636793  
-0.3639824044  
0.4814194074  
-0.87652742  
-1.154506441  
-0.01045575128  
-0.7703858098  
1.701761112  
0.5600558188  
-0.09619584206  
-2.449603455  
-1.627019082  
-0.5421991164  
-0.2969463925  
-0.8562145921  
-0.9483034199  
-0.252580565  
-0.5883663791  
-1.821455638  
-0.3163077154  
0.06346326865  
0.8746359092  
-0.4886231993  
-0.517825883  
0.1480271814  
-1.39589195  
-0.7180678419  
-0.6366735759  
-0.4334529752  
0.4951444422  
-0.3106366198  
-1.555284667  
-1.357106631  
-0.4601742389  
-0.1125622769  
-0.525448891  
0.8687137139  
-0.3602215626  
0.701432492  
-0.5024968609  
-1.141075623  
-0.2324997839  
0.02869449385  
1.245628267  
1.241790281  
0.08493526757  
0.8001424814  
-1.117874361  
0.3834826244  
0.385721683  
-0.9483552351  
-0.03199991625  
-0.09779913487  
-1.931277408  
-0.4378560781  
1.720708041  
-0.4307010506  
1.120768248  
-0.8944009358  
0.6098355691  
-1.755781643  
-0.106123331  
-2.051328047  
1.056318131  
-0.9787577903  
-0.5422256036  
-1.169822364  
1.125371223  
-0.8868634509  
0.7979951986  
-1.703611619  
-0.2969986543  
-0.2383924584  
1.577115694  
-2.029141426  
0.4490059486  
0.9022117602  
-0.8993978376  
-1.621064735  
-0.6614725888  
1.091070034  
2.161715156  
-1.089309346  
0.5238720766  
1.425334971  
-0.1450805979  
0.7464658477  
0.2046808052  
0.6171220337  
-0.61732699  
-0.506494108  
0.9597876461  
0.2988809611  
1.368852  
-1.284676819  
-0.0797644662  
0.228828327  
-0.4860591494  
-0.6102492288  
0.3972565713  
0.1285723335  
-0.4200279184  
-1.721606022  
-1.48311279  
1.124772337  
0.7124232056  
0.6917850369  
-0.1666116486  
1.773212705  
2.386187066  
0.7998568328  
1.127597556  
-0.98143019  
1.062645883  
-0.03484850477  
-0.2607541246  
-0.6741433428  
0.2192655441  
-0.956145404  
0.246574985  
1.86232709  
0.363300757  
0.3998725512  
0.5598435035  
1.807499513  
-0.6551434652  
-0.597823372  
2.070655784  
2.752234674  
1.958760628  
1.930598696  
1.031662978  
1.367315783  
2.510974166  
0.8296637583  
1.699469842  
2.273981637  
0.8610739096  
2.248049437  
0.4688619282  
2.180874735  
