-1.451516536  
-1.356639926  
-1.426493284  
-1.649217333  
-1.63788744  
-1.646658333  
-1.690356185  
-1.570834665  
-1.099393527  
-1.633954189  
-1.585917826  
-1.686057948  
-1.851251752  
-1.743655272  
-2.042351225  
-1.77029758  
-1.658137308  
-1.662059165  
-1.760887405  
-1.825704117  
-1.431818626  
-1.512445033  
-1.500826285  
-1.838896515  
-1.743241636  
-1.724304509  
-1.185918641  
-0.9615290924  
-1.410750291  
-1.378437653  
-1.324887784  
-1.623923708  
-1.483822019  
-1.496860511  
-1.204532339  
-0.02592741897  
-0.8161838127  
-0.9418496794  
-1.264840056  
-1.474758177  
-1.366280148  
-1.135281761  
-1.558392314  
-1.306597497  
-1.170809424  
-1.290785183  
-1.312347353  
-1.074888307  
-1.183641068  
-1.19082629  
-1.291123719  
-1.403461013  
-1.461861962  
-1.808413307  
-1.297303323  
-1.454082438  
-1.13120635  
-1.172250558  
-0.8520351867  
-1.394831004  
-1.10926734  
-0.8625401189  
-1.607269082  
-1.062451134  
-1.10796769  
-0.8994826942  
-1.102789165  
-0.637526253  
-1.005384539  
-0.5945967667  
-0.9069506951  
-0.918778525  
-1.221297297  
-1.214461118  
-0.8783333475  
-0.5385972661  
-0.687942063  
-0.5585894205  
-0.8343729024  
-0.584379977  
-0.5039592732  
-0.1433105991  
0.2457219103  
-0.2535137516  
0.01254000709  
-0.2283436158  
0.2839216785  
0.5333457077  
0.4374495623  
-0.4073183781  
-0.3058479902  
0.006009762815  
-0.2548064793  
-0.6196000169  
-0.1686073923  
-0.04654492744  
-0.5304632748  
-0.09032578893  
0.1576452683  
0.1750184058  
0.06691373427  
0.1206772936  
0.2669056276  
0.429412257  
0.3274799969  
0.4609483049  
0.2489243721  
0.5767827085  
0.6379267961  
0.03791197271  
0.2908820621  
0.7113437022  
0.5075021831  
0.5465104563  
0.6023637111  
0.764539775  
0.8004505183  
0.7477791517  
0.6538337275  
0.7944410147  
0.6920156525  
1.105628574  
0.968532346  
0.8189400632  
0.7230287498  
0.4897576885  
0.5920357314  
0.9155755913  
0.8430372985  
0.9877261276  
0.9222245504  
0.7382554022  
0.4658400289  
0.4088636736  
0.4915306093  
0.8938485163  
0.7727460372  
1.314056267  
1.17638686  
0.8564774666  
1.159703266  
0.8132573201  
1.133547444  
0.8586460393  
0.9934647813  
1.166639111  
1.112466106  
1.080749366  
1.357563417  
0.9825170369  
0.9578257241  
0.6439892803  
0.8415451705  
0.7435900453  
0.5268364679  
0.7496594383  
0.6745263129  
0.911218152  
1.135217921  
0.7947799223  
1.031510353  
0.673747677  
0.7668673277  
1.218069171  
0.6208720146  
1.19916484  
0.4778652936  
0.8374135957  
1.233709354  
1.254843272  
0.8913231684  
1.363985029  
1.234317148  
0.8891090815  
1.141236612  
0.916447868  
1.466600531  
1.178158927  
1.216522647  
1.133782072  
0.4272010958  
0.8589372317  
0.989571201  
1.108678023  
1.02021999  
1.565060758  
1.338194189  
1.121400796  
1.386285371  
1.058506025  
1.654965887  
1.06093564  
0.9949650744  
1.02231167  
1.32446354  
1.19979398  
1.197468162  
0.877901843  
1.125781039  
0.8512296237  
0.3881659004  
0.6825581672  
0.4947296886  
0.710614438  
0.6057103012  
0.4673023143  
0.5111620145  
0.454024907  
1.428143075  
0.9438620715  
0.3251299656  
0.542140835  
1.051925506  
1.277982204  
1.376611626  
1.173292111  
1.395535118  
1.109138433  
1.31049143  
0.6872001425  
0.4204834668  
0.7516053967  
1.039528658  
1.109798427  
1.205804205  
1.129725788  
0.7707775525  
0.6441143784  
0.7397652379  
0.7745655695  
0.5425359436  
0.7214126232  
0.1765715748  
0.1560926988  
0.1574128308  
0.2225213518  
0.07663260417  
0.2959713697  
-0.3340063641  
-0.1019090384  
-0.2252553921  
-0.2790867658  
0.08152247442  
-0.3586099726  
-0.4542023742  
-0.3642682399  
-0.3782086993  
-0.3236472639  
-0.7524200806  
-0.3450113447  
-0.2360971473  
-0.3175526365  
-0.3953251704  
-0.07770882199  
-0.3289619823  
-0.4652538009  
-0.1155234136  
-0.8061311552  
-0.5749594256  
-0.6379465113  
-0.619919893  
-0.4510079064  
-0.6879611539  
-0.6142804153  
-0.05909388789  
