0.2 9.901734e+03 9.894745e+03 9.864040e+03 9.871030e+03
1.2 9.915673e+03 9.892967e+03 9.864531e+03 9.887237e+03
2.2 9.883417e+03 9.891509e+03 9.867762e+03 9.859671e+03
3.2 9.845128e+03 9.881365e+03 9.869685e+03 9.833448e+03
4.2 9.848818e+03 9.875873e+03 9.868484e+03 9.841429e+03
5.2 9.859827e+03 9.865005e+03 9.866443e+03 9.861266e+03
6.2 9.817688e+03 9.883662e+03 9.864935e+03 9.798962e+03
7.2 9.879288e+03 9.869929e+03 9.864077e+03 9.873435e+03
8.2 9.852853e+03 9.870429e+03 9.863665e+03 9.846088e+03
9.2 9.810354e+03 9.844910e+03 9.863538e+03 9.828982e+03
10.2 9.893846e+03 9.871596e+03 9.863595e+03 9.885845e+03
11.2 9.917562e+03 9.876548e+03 9.865319e+03 9.906333e+03
12.2 9.927924e+03 9.891803e+03 9.868797e+03 9.904918e+03
13.2 9.881445e+03 9.889414e+03 9.869298e+03 9.861329e+03
14.2 9.919656e+03 9.886161e+03 9.867758e+03 9.901253e+03
15.2 9.877656e+03 9.895776e+03 9.868768e+03 9.850648e+03
16.2 9.861288e+03 9.882461e+03 9.870061e+03 9.848888e+03
17.2 9.874459e+03 9.876444e+03 9.868624e+03 9.866639e+03
18.2 9.829364e+03 9.863406e+03 9.866312e+03 9.832270e+03
19.2 9.879129e+03 9.871599e+03 9.864643e+03 9.872172e+03
20.2 9.872214e+03 9.854137e+03 9.863768e+03 9.881845e+03
0.6 9.893846e+03 9.871596e+03 9.863595e+03 9.885845e+03
1.6 9.917562e+03 9.876548e+03 9.865319e+03 9.906333e+03
2.6 9.927924e+03 9.891803e+03 9.868797e+03 9.904918e+03
3.6 9.881445e+03 9.889414e+03 9.869298e+03 9.861329e+03
4.6 9.919656e+03 9.886161e+03 9.867758e+03 9.901253e+03
5.6 9.877656e+03 9.895776e+03 9.868768e+03 9.850648e+03
6.6 9.861288e+03 9.882461e+03 9.870061e+03 9.848888e+03
7.6 9.874459e+03 9.876444e+03 9.868624e+03 9.866639e+03
8.6 9.829364e+03 9.863406e+03 9.866312e+03 9.832270e+03
9.6 9.879129e+03 9.871599e+03 9.864643e+03 9.872172e+03
10.6 9.872214e+03 9.854137e+03 9.863768e+03 9.881845e+03
11.6 9.849515e+03 9.849569e+03 9.863415e+03 9.863361e+03
12.6 9.893069e+03 9.855976e+03 9.863360e+03 9.900453e+03
13.6 9.899920e+03 9.883968e+03 9.863459e+03 9.879411e+03
14.6 9.934682e+03 9.869007e+03 9.863615e+03 9.929290e+03
15.6 9.896070e+03 9.881841e+03 9.863765e+03 9.877994e+03
16.6 9.878923e+03 9.850651e+03 9.863879e+03 9.892151e+03
17.6 9.813747e+03 9.852267e+03 9.863954e+03 9.825434e+03
18.6 9.852446e+03 9.838674e+03 9.863997e+03 9.877770e+03
19.6 9.829999e+03 9.861466e+03 9.864024e+03 9.832557e+03
20.6 9.890294e+03 9.867913e+03 9.865207e+03 9.887588e+03
1.0 9.919656e+03 9.886161e+03 9.867758e+03 9.901253e+03
2.0 9.877656e+03 9.895776e+03 9.868768e+03 9.850648e+03
3.0 9.861288e+03 9.882461e+03 9.870061e+03 9.848888e+03
4.0 9.874459e+03 9.876444e+03 9.868624e+03 9.866639e+03
5.0 9.829364e+03 9.863406e+03 9.866312e+03 9.832270e+03
6.0 9.879129e+03 9.871599e+03 9.864643e+03 9.872172e+03
7.0 9.872214e+03 9.854137e+03 9.863768e+03 9.881845e+03
8.0 9.849515e+03 9.849569e+03 9.863415e+03 9.863361e+03
9.0 9.893069e+03 9.855976e+03 9.863360e+03 9.900453e+03
10.0 9.899920e+03 9.883968e+03 9.863459e+03 9.879411e+03
11.0 9.934682e+03 9.869007e+03 9.863615e+03 9.929290e+03
12.0 9.896070e+03 9.881841e+03 9.863765e+03 9.877994e+03
13.0 9.878923e+03 9.850651e+03 9.863879e+03 9.892151e+03
14.0 9.813747e+03 9.852267e+03 9.863954e+03 9.825434e+03
15.0 9.852446e+03 9.838674e+03 9.863997e+03 9.877770e+03
16.0 9.829999e+03 9.861466e+03 9.864024e+03 9.832557e+03
17.0 9.890294e+03 9.867913e+03 9.865207e+03 9.887588e+03
18.0 9.863414e+03 9.887470e+03 9.868666e+03 9.844610e+03
19.0 9.901308e+03 9.889190e+03 9.869574e+03 9.881692e+03
20.0 9.878573e+03 9.886473e+03 9.867892e+03 9.859992e+03
21.0 9.909856e+03 9.892244e+03 9.865939e+03 9.883551e+03
0.5 9.829999e+03 9.861466e+03 9.864024e+03 9.832557e+03
1.5 9.890294e+03 9.867913e+03 9.865207e+03 9.887588e+03
2.5 9.863414e+03 9.887470e+03 9.868666e+03 9.844610e+03
3.5 9.901308e+03 9.889190e+03 9.869574e+03 9.881692e+03
4.5 9.878573e+03 9.886473e+03 9.867892e+03 9.859992e+03
5.5 9.909856e+03 9.892244e+03 9.865939e+03 9.883551e+03
6.5 9.889188e+03 9.876462e+03 9.864632e+03 9.877359e+03
7.5 9.861138e+03 9.857166e+03 9.863922e+03 9.867893e+03
8.5 9.875550e+03 9.843665e+03 9.863606e+03 9.895490e+03
9.5 9.855271e+03 9.867555e+03 9.863888e+03 9.851604e+03
10.5 9.881688e+03 9.878437e+03 9.867020e+03 9.870270e+03
11.5 9.892616e+03 9.889118e+03 9.869351e+03 9.872849e+03
12.5 9.843637e+03 9.885927e+03 9.868458e+03 9.826167e+03
13.5 9.929601e+03 9.887853e+03 9.867752e+03 9.909499e+03
14.5 9.857323e+03 9.899732e+03 9.869683e+03 9.827275e+03
15.5 9.888958e+03 9.897351e+03 9.869612e+03 9.861218e+03
16.5 9.893938e+03 9.892136e+03 9.867466e+03 9.869268e+03
17.5 9.871644e+03 9.876485e+03 9.865387e+03 9.860545e+03
18.5 9.842811e+03 9.862710e+03 9.864133e+03 9.844233e+03
19.5 9.796675e+03 9.841118e+03 9.863547e+03 9.819104e+03
20.5 9.845312e+03 9.869342e+03 9.863361e+03 9.839331e+03
0.1 9.875550e+03 9.843665e+03 9.863606e+03 9.895490e+03
1.1 9.855271e+03 9.867555e+03 9.863888e+03 9.851604e+03
2.1 9.881688e+03 9.878437e+03 9.867020e+03 9.870270e+03
3.1 9.892616e+03 9.889118e+03 9.869351e+03 9.872849e+03
4.1 9.843637e+03 9.885927e+03 9.868458e+03 9.826167e+03
5.1 9.929601e+03 9.887853e+03 9.867752e+03 9.909499e+03
6.1 9.857323e+03 9.899732e+03 9.869683e+03 9.827275e+03
7.1 9.888958e+03 9.897351e+03 9.869612e+03 9.861218e+03
8.1 9.893938e+03 9.892136e+03 9.867466e+03 9.869268e+03
9.1 9.871644e+03 9.876485e+03 9.865387e+03 9.860545e+03
10.1 9.842811e+03 9.862710e+03 9.864133e+03 9.844233e+03
11.1 9.796675e+03 9.841118e+03 9.863547e+03 9.819104e+03
12.1 9.845312e+03 9.869342e+03 9.863361e+03 9.839331e+03
13.1 9.889855e+03 9.875736e+03 9.863396e+03 9.877515e+03
14.1 9.890143e+03 9.868551e+03 9.863533e+03 9.885124e+03
15.1 9.852194e+03 9.852479e+03 9.863691e+03 9.863406e+03
16.1 9.921784e+03 9.861246e+03 9.863835e+03 9.924373e+03
17.1 9.845966e+03 9.852143e+03 9.865360e+03 9.859183e+03
18.1 9.789370e+03 9.763184e+03 9.868831e+03 9.895017e+03
19.1 9.874548e+03 9.868862e+03 9.869467e+03 9.875152e+03
20.1 9.872831e+03 9.901003e+03 9.867698e+03 9.839527e+03
0.5 9.843637e+03 9.885927e+03 9.868458e+03 9.826167e+03
1.5 9.929601e+03 9.887853e+03 9.867752e+03 9.909499e+03
2.5 9.857323e+03 9.899732e+03 9.869683e+03 9.827275e+03
3.5 9.888958e+03 9.897351e+03 9.869612e+03 9.861218e+03
4.5 9.893938e+03 9.892136e+03 9.867466e+03 9.869268e+03
5.5 9.871644e+03 9.876485e+03 9.865387e+03 9.860545e+03
6.5 9.842811e+03 9.862710e+03 9.864133e+03 9.844233e+03
7.5 9.796675e+03 9.841118e+03 9.863547e+03 9.819104e+03
8.5 9.845312e+03 9.869342e+03 9.863361e+03 9.839331e+03
9.5 9.889855e+03 9.875736e+03 9.863396e+03 9.877515e+03
10.5 9.890143e+03 9.868551e+03 9.863533e+03 9.885124e+03
11.5 9.852194e+03 9.852479e+03 9.863691e+03 9.863406e+03
12.5 9.921784e+03 9.861246e+03 9.863835e+03 9.924373e+03
13.5 9.845966e+03 9.852143e+03 9.865360e+03 9.859183e+03
14.5 9.789370e+03 9.763184e+03 9.868831e+03 9.895017e+03
15.5 9.874548e+03 9.868862e+03 9.869467e+03 9.875152e+03
16.5 9.872831e+03 9.901003e+03 9.867698e+03 9.839527e+03
17.5 9.889140e+03 9.892897e+03 9.865794e+03 9.862036e+03
18.5 9.800986e+03 9.868658e+03 9.864558e+03 9.796886e+03
19.5 9.896545e+03 9.875278e+03 9.865320e+03 9.886587e+03
20.5 9.877771e+03 9.873319e+03 9.868444e+03 9.872897e+03
0.5 9.921784e+03 9.861246e+03 9.863835e+03 9.924373e+03
1.5 9.845966e+03 9.852143e+03 9.865360e+03 9.859183e+03
2.5 9.789370e+03 9.763184e+03 9.868831e+03 9.895017e+03
3.5 9.874548e+03 9.868862e+03 9.869467e+03 9.875152e+03
4.5 9.872831e+03 9.901003e+03 9.867698e+03 9.839527e+03
5.5 9.889140e+03 9.892897e+03 9.865794e+03 9.862036e+03
6.5 9.800986e+03 9.868658e+03 9.864558e+03 9.796886e+03
7.5 9.896545e+03 9.875278e+03 9.865320e+03 9.886587e+03
8.5 9.877771e+03 9.873319e+03 9.868444e+03 9.872897e+03
9.5 9.905180e+03 9.888497e+03 9.868995e+03 9.885678e+03
10.5 9.958082e+03 9.928598e+03 9.867496e+03 9.896980e+03
11.5 9.887634e+03 9.898822e+03 9.868484e+03 9.857295e+03
12.5 9.863625e+03 9.879736e+03 9.869917e+03 9.853805e+03
13.5 9.860310e+03 9.866411e+03 9.868600e+03 9.862498e+03
14.5 9.860435e+03 9.884252e+03 9.866323e+03 9.842506e+03
15.5 9.888580e+03 9.879535e+03 9.864651e+03 9.873696e+03
16.5 9.868595e+03 9.893966e+03 9.863978e+03 9.838607e+03
17.5 9.835302e+03 9.893208e+03 9.866400e+03 9.808493e+03
18.5 9.896172e+03 9.884590e+03 9.868910e+03 9.880492e+03
19.5 9.834502e+03 9.873730e+03 9.868279e+03 9.829051e+03
20.5 9.855756e+03 9.850397e+03 9.866397e+03 9.871755e+03
0.5 9.800986e+03 9.868658e+03 9.864558e+03 9.796886e+03
1.5 9.896545e+03 9.875278e+03 9.865320e+03 9.886587e+03
2.5 9.877771e+03 9.873319e+03 9.868444e+03 9.872897e+03
3.5 9.905180e+03 9.888497e+03 9.868995e+03 9.885678e+03
4.5 9.958082e+03 9.928598e+03 9.867496e+03 9.896980e+03
5.5 9.887634e+03 9.898822e+03 9.868484e+03 9.857295e+03
6.5 9.863625e+03 9.879736e+03 9.869917e+03 9.853805e+03
7.5 9.860310e+03 9.866411e+03 9.868600e+03 9.862498e+03
8.5 9.860435e+03 9.884252e+03 9.866323e+03 9.842506e+03
9.5 9.888580e+03 9.879535e+03 9.864651e+03 9.873696e+03
10.5 9.868595e+03 9.893966e+03 9.863978e+03 9.838607e+03
11.5 9.835302e+03 9.893208e+03 9.866400e+03 9.808493e+03
12.5 9.896172e+03 9.884590e+03 9.868910e+03 9.880492e+03
13.5 9.834502e+03 9.873730e+03 9.868279e+03 9.829051e+03
14.5 9.855756e+03 9.850397e+03 9.866397e+03 9.871755e+03
15.5 9.885197e+03 9.869975e+03 9.865444e+03 9.880666e+03
16.5 9.873510e+03 9.876623e+03 9.867864e+03 9.864751e+03
17.5 9.896267e+03 9.878917e+03 9.869278e+03 9.886627e+03
18.5 9.906834e+03 9.869854e+03 9.867889e+03 9.904870e+03
19.5 9.857645e+03 9.857805e+03 9.865893e+03 9.865733e+03
20.5 9.883925e+03 9.871128e+03 9.865532e+03 9.878329e+03
1.0 9.958082e+03 9.928598e+03 9.867496e+03 9.896980e+03
2.0 9.887634e+03 9.898822e+03 9.868484e+03 9.857295e+03
3.0 9.863625e+03 9.879736e+03 9.869917e+03 9.853805e+03
4.0 9.860310e+03 9.866411e+03 9.868600e+03 9.862498e+03
5.0 9.860435e+03 9.884252e+03 9.866323e+03 9.842506e+03
6.0 9.888580e+03 9.879535e+03 9.864651e+03 9.873696e+03
7.0 9.868595e+03 9.893966e+03 9.863978e+03 9.838607e+03
8.0 9.835302e+03 9.893208e+03 9.866400e+03 9.808493e+03
9.0 9.896172e+03 9.884590e+03 9.868910e+03 9.880492e+03
10.0 9.834502e+03 9.873730e+03 9.868279e+03 9.829051e+03
11.0 9.855756e+03 9.850397e+03 9.866397e+03 9.871755e+03
12.0 9.885197e+03 9.869975e+03 9.865444e+03 9.880666e+03
13.0 9.873510e+03 9.876623e+03 9.867864e+03 9.864751e+03
14.0 9.896267e+03 9.878917e+03 9.869278e+03 9.886627e+03
15.0 9.906834e+03 9.869854e+03 9.867889e+03 9.904870e+03
16.0 9.857645e+03 9.857805e+03 9.865893e+03 9.865733e+03
17.0 9.883925e+03 9.871128e+03 9.865532e+03 9.878329e+03
18.0 9.904778e+03 9.871683e+03 9.868269e+03 9.901364e+03
19.0 9.887544e+03 9.870471e+03 9.869082e+03 9.886155e+03
20.0 9.841749e+03 9.863794e+03 9.867427e+03 9.845382e+03
21.0 9.857185e+03 9.854681e+03 9.865556e+03 9.868060e+03
1.0 9.868595e+03 9.893966e+03 9.863978e+03 9.838607e+03
2.0 9.835302e+03 9.893208e+03 9.866400e+03 9.808493e+03
3.0 9.896172e+03 9.884590e+03 9.868910e+03 9.880492e+03
4.0 9.834502e+03 9.873730e+03 9.868279e+03 9.829051e+03
5.0 9.855756e+03 9.850397e+03 9.866397e+03 9.871755e+03
6.0 9.885197e+03 9.869975e+03 9.865444e+03 9.880666e+03
7.0 9.873510e+03 9.876623e+03 9.867864e+03 9.864751e+03
8.0 9.896267e+03 9.878917e+03 9.869278e+03 9.886627e+03
9.0 9.906834e+03 9.869854e+03 9.867889e+03 9.904870e+03
10.0 9.857645e+03 9.857805e+03 9.865893e+03 9.865733e+03
11.0 9.883925e+03 9.871128e+03 9.865532e+03 9.878329e+03
12.0 9.904778e+03 9.871683e+03 9.868269e+03 9.901364e+03
13.0 9.887544e+03 9.870471e+03 9.869082e+03 9.886155e+03
14.0 9.841749e+03 9.863794e+03 9.867427e+03 9.845382e+03
15.0 9.857185e+03 9.854681e+03 9.865556e+03 9.868060e+03
16.0 9.867016e+03 9.865336e+03 9.866048e+03 9.867728e+03
17.0 9.851556e+03 9.862430e+03 9.868764e+03 9.857890e+03
18.0 9.909107e+03 9.869468e+03 9.868838e+03 9.908477e+03
19.0 9.889126e+03 9.872824e+03 9.866954e+03 9.883256e+03
20.0 9.881800e+03 9.876639e+03 9.865189e+03 9.870349e+03
21.0 9.859013e+03 9.866013e+03 9.864136e+03 9.857136e+03
0.2 9.855756e+03 9.850397e+03 9.866397e+03 9.871755e+03
1.2 9.885197e+03 9.869975e+03 9.865444e+03 9.880666e+03
2.2 9.873510e+03 9.876623e+03 9.867864e+03 9.864751e+03
3.2 9.896267e+03 9.878917e+03 9.869278e+03 9.886627e+03
4.2 9.906834e+03 9.869854e+03 9.867889e+03 9.904870e+03
5.2 9.857645e+03 9.857805e+03 9.865893e+03 9.865733e+03
6.2 9.883925e+03 9.871128e+03 9.865532e+03 9.878329e+03
7.2 9.904778e+03 9.871683e+03 9.868269e+03 9.901364e+03
8.2 9.887544e+03 9.870471e+03 9.869082e+03 9.886155e+03
9.2 9.841749e+03 9.863794e+03 9.867427e+03 9.845382e+03
10.2 9.857185e+03 9.854681e+03 9.865556e+03 9.868060e+03
11.2 9.867016e+03 9.865336e+03 9.866048e+03 9.867728e+03
12.2 9.851556e+03 9.862430e+03 9.868764e+03 9.857890e+03
13.2 9.909107e+03 9.869468e+03 9.868838e+03 9.908477e+03
14.2 9.889126e+03 9.872824e+03 9.866954e+03 9.883256e+03
15.2 9.881800e+03 9.876639e+03 9.865189e+03 9.870349e+03
16.2 9.859013e+03 9.866013e+03 9.864136e+03 9.857136e+03
17.2 9.887900e+03 9.869636e+03 9.863632e+03 9.881896e+03
18.2 9.912810e+03 9.854027e+03 9.863458e+03 9.922241e+03
19.2 9.748814e+03 9.853638e+03 9.863479e+03 9.758655e+03
20.2 9.786792e+03 9.825917e+03 9.863595e+03 9.824470e+03
0.4 9.857645e+03 9.857805e+03 9.865893e+03 9.865733e+03
1.4 9.883925e+03 9.871128e+03 9.865532e+03 9.878329e+03
2.4 9.904778e+03 9.871683e+03 9.868269e+03 9.901364e+03
3.4 9.887544e+03 9.870471e+03 9.869082e+03 9.886155e+03
4.4 9.841749e+03 9.863794e+03 9.867427e+03 9.845382e+03
5.4 9.857185e+03 9.854681e+03 9.865556e+03 9.868060e+03
6.4 9.867016e+03 9.865336e+03 9.866048e+03 9.867728e+03
7.4 9.851556e+03 9.862430e+03 9.868764e+03 9.857890e+03
8.4 9.909107e+03 9.869468e+03 9.868838e+03 9.908477e+03
9.4 9.889126e+03 9.872824e+03 9.866954e+03 9.883256e+03
10.4 9.881800e+03 9.876639e+03 9.865189e+03 9.870349e+03
11.4 9.859013e+03 9.866013e+03 9.864136e+03 9.857136e+03
12.4 9.887900e+03 9.869636e+03 9.863632e+03 9.881896e+03
13.4 9.912810e+03 9.854027e+03 9.863458e+03 9.922241e+03
14.4 9.748814e+03 9.853638e+03 9.863479e+03 9.758655e+03
15.4 9.786792e+03 9.825917e+03 9.863595e+03 9.824470e+03
16.4 9.846553e+03 9.834014e+03 9.863733e+03 9.876272e+03
17.4 9.849266e+03 9.833483e+03 9.863852e+03 9.879634e+03
18.4 9.874876e+03 9.846549e+03 9.863935e+03 9.892262e+03
19.4 9.830364e+03 9.863310e+03 9.863986e+03 9.831041e+03
20.4 9.912969e+03 9.859279e+03 9.864014e+03 9.917704e+03
0.6 9.857185e+03 9.854681e+03 9.865556e+03 9.868060e+03
1.6 9.867016e+03 9.865336e+03 9.866048e+03 9.867728e+03
2.6 9.851556e+03 9.862430e+03 9.868764e+03 9.857890e+03
3.6 9.909107e+03 9.869468e+03 9.868838e+03 9.908477e+03
4.6 9.889126e+03 9.872824e+03 9.866954e+03 9.883256e+03
5.6 9.881800e+03 9.876639e+03 9.865189e+03 9.870349e+03
6.6 9.859013e+03 9.866013e+03 9.864136e+03 9.857136e+03
7.6 9.887900e+03 9.869636e+03 9.863632e+03 9.881896e+03
8.6 9.912810e+03 9.854027e+03 9.863458e+03 9.922241e+03
9.6 9.748814e+03 9.853638e+03 9.863479e+03 9.758655e+03
10.6 9.786792e+03 9.825917e+03 9.863595e+03 9.824470e+03
11.6 9.846553e+03 9.834014e+03 9.863733e+03 9.876272e+03
12.6 9.849266e+03 9.833483e+03 9.863852e+03 9.879634e+03
13.6 9.874876e+03 9.846549e+03 9.863935e+03 9.892262e+03
14.6 9.830364e+03 9.863310e+03 9.863986e+03 9.831041e+03
15.6 9.912969e+03 9.859279e+03 9.864014e+03 9.917704e+03
16.6 9.868652e+03 9.863927e+03 9.864302e+03 9.869028e+03
17.6 9.842312e+03 9.862133e+03 9.867238e+03 9.847418e+03
18.6 9.877072e+03 9.875061e+03 9.869636e+03 9.871646e+03
19.6 9.850130e+03 9.857473e+03 9.868761e+03 9.861417e+03
20.6 9.847921e+03 9.858524e+03 9.866715e+03 9.856113e+03
1.0 9.868652e+03 9.863927e+03 9.864302e+03 9.869028e+03
2.0 9.842312e+03 9.862133e+03 9.867238e+03 9.847418e+03
3.0 9.877072e+03 9.875061e+03 9.869636e+03 9.871646e+03
4.0 9.850130e+03 9.857473e+03 9.868761e+03 9.861417e+03
5.0 9.847921e+03 9.858524e+03 9.866715e+03 9.856113e+03
6.0 9.844885e+03 9.835164e+03 9.865107e+03 9.874828e+03
7.0 9.827044e+03 9.849912e+03 9.864167e+03 9.841299e+03
8.0 9.840350e+03 9.839030e+03 9.863703e+03 9.865023e+03
9.0 9.809519e+03 9.844840e+03 9.863544e+03 9.828222e+03
10.0 9.871225e+03 9.845562e+03 9.863566e+03 9.889229e+03
11.0 9.833870e+03 9.858504e+03 9.863673e+03 9.839039e+03
12.0 9.821498e+03 9.848305e+03 9.863794e+03 9.836987e+03
13.0 9.878487e+03 9.840946e+03 9.863893e+03 9.901435e+03
14.0 9.890539e+03 9.886847e+03 9.863961e+03 9.867653e+03
15.0 9.878228e+03 9.867784e+03 9.864000e+03 9.874444e+03
16.0 9.862336e+03 9.869494e+03 9.864022e+03 9.856863e+03
17.0 9.785760e+03 9.845373e+03 9.864032e+03 9.804419e+03
18.0 9.864097e+03 9.852985e+03 9.864037e+03 9.875148e+03
19.0 9.898470e+03 9.853982e+03 9.864390e+03 9.908877e+03
20.0 9.858222e+03 9.878249e+03 9.867453e+03 9.847426e+03
21.0 9.913388e+03 9.894207e+03 9.869665e+03 9.888846e+03
0.1 9.864097e+03 9.852985e+03 9.864037e+03 9.875148e+03
1.1 9.898470e+03 9.853982e+03 9.864390e+03 9.908877e+03
2.1 9.858222e+03 9.878249e+03 9.867453e+03 9.847426e+03
3.1 9.913388e+03 9.894207e+03 9.869665e+03 9.888846e+03
4.1 9.900192e+03 9.873943e+03 9.868653e+03 9.894902e+03
5.1 9.852578e+03 9.865116e+03 9.866605e+03 9.854068e+03
6.1 9.868033e+03 9.869962e+03 9.865037e+03 9.863108e+03
7.1 9.895729e+03 9.859856e+03 9.864130e+03 9.900003e+03
8.1 9.899829e+03 9.869008e+03 9.863687e+03 9.894508e+03
9.1 9.854307e+03 9.851671e+03 9.863541e+03 9.866177e+03
10.1 9.839427e+03 9.852869e+03 9.863571e+03 9.850128e+03
11.1 9.873195e+03 9.850160e+03 9.863680e+03 9.886715e+03
12.1 9.857423e+03 9.857104e+03 9.863801e+03 9.864120e+03
13.1 9.889964e+03 9.874028e+03 9.864292e+03 9.880228e+03
14.1 9.866531e+03 9.872820e+03 9.867481e+03 9.861192e+03
15.1 9.871888e+03 9.888562e+03 9.869637e+03 9.852963e+03
16.1 9.843178e+03 9.871667e+03 9.868579e+03 9.840090e+03
17.1 9.936545e+03 9.866513e+03 9.866543e+03 9.936575e+03
18.1 9.803868e+03 9.865160e+03 9.864999e+03 9.803707e+03
19.1 9.853205e+03 9.864845e+03 9.864110e+03 9.852470e+03
20.1 9.823152e+03 9.858885e+03 9.863679e+03 9.827947e+03
0.1 9.857423e+03 9.857104e+03 9.863801e+03 9.864120e+03
1.1 9.889964e+03 9.874028e+03 9.864292e+03 9.880228e+03
2.1 9.866531e+03 9.872820e+03 9.867481e+03 9.861192e+03
3.1 9.871888e+03 9.888562e+03 9.869637e+03 9.852963e+03
4.1 9.843178e+03 9.871667e+03 9.868579e+03 9.840090e+03
5.1 9.936545e+03 9.866513e+03 9.866543e+03 9.936575e+03
6.1 9.803868e+03 9.865160e+03 9.864999e+03 9.803707e+03
7.1 9.853205e+03 9.864845e+03 9.864110e+03 9.852470e+03
8.1 9.823152e+03 9.858885e+03 9.863679e+03 9.827947e+03
9.1 9.852397e+03 9.861392e+03 9.863594e+03 9.854599e+03
10.1 9.824040e+03 9.861879e+03 9.865705e+03 9.827866e+03
11.1 9.885289e+03 9.876371e+03 9.868953e+03 9.877871e+03
12.1 9.905752e+03 9.881419e+03 9.869008e+03 9.893341e+03
13.1 9.857780e+03 9.898997e+03 9.867152e+03 9.825935e+03
14.1 9.903618e+03 9.885608e+03 9.865418e+03 9.883428e+03
15.1 9.866618e+03 9.868472e+03 9.864340e+03 9.862487e+03
16.1 9.828473e+03 9.857223e+03 9.863781e+03 9.835031e+03
17.1 9.868769e+03 9.852227e+03 9.863558e+03 9.880100e+03
18.1 9.827402e+03 9.836143e+03 9.863544e+03 9.854804e+03
19.1 9.869689e+03 9.845178e+03 9.863637e+03 9.888149e+03
20.1 9.875150e+03 9.887737e+03 9.863760e+03 9.851174e+03
0.7 9.852397e+03 9.861392e+03 9.863594e+03 9.854599e+03
1.7 9.824040e+03 9.861879e+03 9.865705e+03 9.827866e+03
2.7 9.885289e+03 9.876371e+03 9.868953e+03 9.877871e+03
3.7 9.905752e+03 9.881419e+03 9.869008e+03 9.893341e+03
4.7 9.857780e+03 9.898997e+03 9.867152e+03 9.825935e+03
5.7 9.903618e+03 9.885608e+03 9.865418e+03 9.883428e+03
6.7 9.866618e+03 9.868472e+03 9.864340e+03 9.862487e+03
7.7 9.828473e+03 9.857223e+03 9.863781e+03 9.835031e+03
8.7 9.868769e+03 9.852227e+03 9.863558e+03 9.880100e+03
9.7 9.827402e+03 9.836143e+03 9.863544e+03 9.854804e+03
10.7 9.869689e+03 9.845178e+03 9.863637e+03 9.888149e+03
11.7 9.875150e+03 9.887737e+03 9.863760e+03 9.851174e+03
12.7 9.869632e+03 9.866719e+03 9.863868e+03 9.866781e+03
13.7 9.860862e+03 9.853304e+03 9.863944e+03 9.871503e+03
14.7 9.784716e+03 9.845958e+03 9.863991e+03 9.802750e+03
15.7 9.818701e+03 9.834328e+03 9.864017e+03 9.848390e+03
16.7 9.876421e+03 9.835859e+03 9.864521e+03 9.905083e+03
17.7 9.837562e+03 9.877776e+03 9.867758e+03 9.827544e+03
18.7 9.890873e+03 9.862562e+03 9.869684e+03 9.897995e+03
19.7 9.884874e+03 9.868822e+03 9.868483e+03 9.884535e+03
20.7 9.860943e+03 9.850853e+03 9.866443e+03 9.876534e+03
0.2 9.818701e+03 9.834328e+03 9.864017e+03 9.848390e+03
1.2 9.876421e+03 9.835859e+03 9.864521e+03 9.905083e+03
2.2 9.837562e+03 9.877776e+03 9.867758e+03 9.827544e+03
3.2 9.890873e+03 9.862562e+03 9.869684e+03 9.897995e+03
4.2 9.884874e+03 9.868822e+03 9.868483e+03 9.884535e+03
5.2 9.860943e+03 9.850853e+03 9.866443e+03 9.876534e+03
6.2 9.872868e+03 9.870697e+03 9.864935e+03 9.867107e+03
7.2 9.884485e+03 9.870468e+03 9.864077e+03 9.878093e+03
8.2 9.921963e+03 9.881101e+03 9.863665e+03 9.904527e+03
9.2 9.874422e+03 9.867322e+03 9.863538e+03 9.870638e+03
10.2 9.883570e+03 9.866583e+03 9.863578e+03 9.880566e+03
11.2 9.874752e+03 9.857824e+03 9.863691e+03 9.880619e+03
12.2 9.850456e+03 9.846501e+03 9.863810e+03 9.867765e+03
13.2 9.892134e+03 9.862155e+03 9.863905e+03 9.893883e+03
14.2 9.872239e+03 9.876635e+03 9.863968e+03 9.859572e+03
15.2 9.843656e+03 9.870168e+03 9.864084e+03 9.837572e+03
16.2 9.818358e+03 9.864888e+03 9.866366e+03 9.819837e+03
17.2 9.912901e+03 9.887153e+03 9.869394e+03 9.895142e+03
18.2 9.875346e+03 9.877621e+03 9.869155e+03 9.866880e+03
19.2 9.836235e+03 9.875789e+03 9.867173e+03 9.827619e+03
20.2 9.916315e+03 9.856931e+03 9.865411e+03 9.924796e+03
0.8 9.843656e+03 9.870168e+03 9.864084e+03 9.837572e+03
1.8 9.818358e+03 9.864888e+03 9.866366e+03 9.819837e+03
2.8 9.912901e+03 9.887153e+03 9.869394e+03 9.895142e+03
3.8 9.875346e+03 9.877621e+03 9.869155e+03 9.866880e+03
4.8 9.836235e+03 9.875789e+03 9.867173e+03 9.827619e+03
5.8 9.916315e+03 9.856931e+03 9.865411e+03 9.924796e+03
6.8 9.883796e+03 9.882112e+03 9.864332e+03 9.866016e+03
7.8 9.925922e+03 9.886357e+03 9.863777e+03 9.903342e+03
8.8 9.868600e+03 9.867802e+03 9.863560e+03 9.864358e+03
9.8 9.863960e+03 9.870334e+03 9.863550e+03 9.857176e+03
10.8 9.856057e+03 9.860547e+03 9.863645e+03 9.859155e+03
11.8 9.866626e+03 9.865854e+03 9.863768e+03 9.864540e+03
12.8 9.881401e+03 9.873926e+03 9.863953e+03 9.871428e+03
13.8 9.892600e+03 9.877451e+03 9.866291e+03 9.881439e+03
14.8 9.853846e+03 9.887962e+03 9.869354e+03 9.835238e+03
15.8 9.899989e+03 9.867498e+03 9.869135e+03 9.901626e+03
16.8 9.800307e+03 9.843805e+03 9.867164e+03 9.823665e+03
17.8 9.890230e+03 9.907057e+03 9.865407e+03 9.848581e+03
18.8 9.883755e+03 9.887645e+03 9.864331e+03 9.860440e+03
19.8 9.866537e+03 9.868988e+03 9.863777e+03 9.861326e+03
20.8 9.866913e+03 9.841774e+03 9.863560e+03 9.888699e+03
0.8 9.881401e+03 9.873926e+03 9.863953e+03 9.871428e+03
1.8 9.892600e+03 9.877451e+03 9.866291e+03 9.881439e+03
2.8 9.853846e+03 9.887962e+03 9.869354e+03 9.835238e+03
3.8 9.899989e+03 9.867498e+03 9.869135e+03 9.901626e+03
4.8 9.800307e+03 9.843805e+03 9.867164e+03 9.823665e+03
5.8 9.890230e+03 9.907057e+03 9.865407e+03 9.848581e+03
6.8 9.883755e+03 9.887645e+03 9.864331e+03 9.860440e+03
7.8 9.866537e+03 9.868988e+03 9.863777e+03 9.861326e+03
8.8 9.866913e+03 9.841774e+03 9.863560e+03 9.888699e+03
9.8 9.838748e+03 9.849215e+03 9.863550e+03 9.853084e+03
10.8 9.801879e+03 9.832430e+03 9.863645e+03 9.833094e+03
11.8 9.831457e+03 9.845242e+03 9.863768e+03 9.849983e+03
12.8 9.836399e+03 9.870058e+03 9.863874e+03 9.830215e+03
13.8 9.883383e+03 9.871749e+03 9.863948e+03 9.875582e+03
14.8 9.866182e+03 9.891889e+03 9.863993e+03 9.838286e+03
15.8 9.872568e+03 9.883920e+03 9.864018e+03 9.852666e+03
16.8 9.858641e+03 9.873246e+03 9.864030e+03 9.849425e+03
17.8 9.889471e+03 9.856694e+03 9.864036e+03 9.896813e+03
18.8 9.829409e+03 9.850206e+03 9.864039e+03 9.843242e+03
19.8 9.799083e+03 9.823219e+03 9.864040e+03 9.839904e+03
20.8 9.805324e+03 9.811389e+03 9.864040e+03 9.857975e+03
0.3 9.825169e+03 9.824049e+03 9.864040e+03 9.865160e+03
1.3 9.876726e+03 9.846820e+03 9.864702e+03 9.894607e+03
2.3 9.850931e+03 9.860089e+03 9.868057e+03 9.858899e+03
3.3 9.921994e+03 9.881008e+03 9.869680e+03 9.910666e+03
4.3 9.902778e+03 9.865625e+03 9.868310e+03 9.905463e+03
5.3 9.894072e+03 9.876588e+03 9.866286e+03 9.883770e+03
6.3 9.876947e+03 9.855609e+03 9.864839e+03 9.886177e+03
7.3 9.805478e+03 9.857069e+03 9.864027e+03 9.812435e+03
8.3 9.861775e+03 9.854570e+03 9.863645e+03 9.870850e+03
9.3 9.847573e+03 9.872833e+03 9.863537e+03 9.838277e+03
10.3 9.817560e+03 9.853846e+03 9.863586e+03 9.827299e+03
11.3 9.907229e+03 9.867442e+03 9.863706e+03 9.903493e+03
12.3 9.838338e+03 9.864503e+03 9.865080e+03 9.838915e+03
13.3 9.933571e+03 9.879472e+03 9.868618e+03 9.922717e+03
14.3 9.918849e+03 9.884684e+03 9.869483e+03 9.903648e+03
15.3 9.837058e+03 9.875746e+03 9.867799e+03 9.829110e+03
16.3 9.868137e+03 9.875499e+03 9.865876e+03 9.858514e+03
17.3 9.873024e+03 9.858175e+03 9.864598e+03 9.879448e+03
18.3 9.838008e+03 9.849024e+03 9.863905e+03 9.852889e+03
19.3 9.849495e+03 9.863701e+03 9.863600e+03 9.849394e+03
20.3 9.865138e+03 9.847784e+03 9.863537e+03 9.880891e+03
0.5 9.907229e+03 9.867442e+03 9.863706e+03 9.903493e+03
1.5 9.838338e+03 9.864503e+03 9.865080e+03 9.838915e+03
2.5 9.933571e+03 9.879472e+03 9.868618e+03 9.922717e+03
3.5 9.918849e+03 9.884684e+03 9.869483e+03 9.903648e+03
4.5 9.837058e+03 9.875746e+03 9.867799e+03 9.829110e+03
5.5 9.868137e+03 9.875499e+03 9.865876e+03 9.858514e+03
6.5 9.873024e+03 9.858175e+03 9.864598e+03 9.879448e+03
7.5 9.838008e+03 9.849024e+03 9.863905e+03 9.852889e+03
8.5 9.849495e+03 9.863701e+03 9.863600e+03 9.849394e+03
9.5 9.865138e+03 9.847784e+03 9.863537e+03 9.880891e+03
10.5 9.865747e+03 9.861724e+03 9.863610e+03 9.867633e+03
11.5 9.853759e+03 9.861013e+03 9.863730e+03 9.856476e+03
12.5 9.877680e+03 9.869934e+03 9.863843e+03 9.871589e+03
13.5 9.876785e+03 9.865954e+03 9.863928e+03 9.874759e+03
14.5 9.884481e+03 9.851859e+03 9.863982e+03 9.896604e+03
15.5 9.839865e+03 9.851582e+03 9.864012e+03 9.852295e+03
16.5 9.855840e+03 9.839851e+03 9.864027e+03 9.880016e+03
17.5 9.832769e+03 9.860446e+03 9.864035e+03 9.836357e+03
18.5 9.872894e+03 9.865213e+03 9.864038e+03 9.871718e+03
19.5 9.893479e+03 9.878802e+03 9.864039e+03 9.878717e+03
20.5 9.864765e+03 9.866540e+03 9.864040e+03 9.862265e+03
0.5 9.851039e+03 9.869263e+03 9.864050e+03 9.845826e+03
1.5 9.867668e+03 9.881711e+03 9.865480e+03 9.851437e+03
2.5 9.871771e+03 9.875445e+03 9.868893e+03 9.865220e+03
3.5 9.876035e+03 9.881307e+03 9.869496e+03 9.864225e+03
4.5 9.842722e+03 9.854550e+03 9.867712e+03 9.855884e+03
5.5 9.841563e+03 9.868413e+03 9.865853e+03 9.839003e+03
6.5 9.861350e+03 9.869200e+03 9.866683e+03 9.858832e+03
7.5 9.902868e+03 9.875731e+03 9.869151e+03 9.896289e+03
8.5 9.871093e+03 9.879220e+03 9.868796e+03 9.860669e+03
9.5 9.834465e+03 9.861746e+03 9.866791e+03 9.839510e+03
10.5 9.866136e+03 9.865051e+03 9.865069e+03 9.866153e+03
11.5 9.879337e+03 9.862733e+03 9.864074e+03 9.880678e+03
12.5 9.839059e+03 9.855639e+03 9.863607e+03 9.847027e+03
13.5 9.891325e+03 9.869482e+03 9.863458e+03 9.885302e+03
14.5 9.876362e+03 9.859065e+03 9.864427e+03 9.881724e+03
15.5 9.877202e+03 9.878700e+03 9.867992e+03 9.866494e+03
16.5 9.891468e+03 9.872541e+03 9.869343e+03 9.888270e+03
17.5 9.892845e+03 9.858066e+03 9.867896e+03 9.902674e+03
18.5 9.814533e+03 9.824445e+03 9.865999e+03 9.856088e+03
19.5 9.859633e+03 9.856641e+03 9.866200e+03 9.869192e+03
20.5 9.883811e+03 9.855747e+03 9.868862e+03 9.896926e+03
0.7 9.841563e+03 9.868413e+03 9.865853e+03 9.839003e+03
1.7 9.861350e+03 9.869200e+03 9.866683e+03 9.858832e+03
2.7 9.902868e+03 9.875731e+03 9.869151e+03 9.896289e+03
3.7 9.871093e+03 9.879220e+03 9.868796e+03 9.860669e+03
4.7 9.834465e+03 9.861746e+03 9.866791e+03 9.839510e+03
5.7 9.866136e+03 9.865051e+03 9.865069e+03 9.866153e+03
6.7 9.879337e+03 9.862733e+03 9.864074e+03 9.880678e+03
7.7 9.839059e+03 9.855639e+03 9.863607e+03 9.847027e+03
8.7 9.891325e+03 9.869482e+03 9.863458e+03 9.885302e+03
9.7 9.876362e+03 9.859065e+03 9.864427e+03 9.881724e+03
10.7 9.877202e+03 9.878700e+03 9.867992e+03 9.866494e+03
11.7 9.891468e+03 9.872541e+03 9.869343e+03 9.888270e+03
12.7 9.892845e+03 9.858066e+03 9.867896e+03 9.902674e+03
13.7 9.814533e+03 9.824445e+03 9.865999e+03 9.856088e+03
14.7 9.859633e+03 9.856641e+03 9.866200e+03 9.869192e+03
15.7 9.883811e+03 9.855747e+03 9.868862e+03 9.896926e+03
16.7 9.841273e+03 9.863204e+03 9.869036e+03 9.847106e+03
17.7 9.915176e+03 9.889984e+03 9.867383e+03 9.892575e+03
18.7 9.854786e+03 9.881264e+03 9.868405e+03 9.841926e+03
19.7 9.893329e+03 9.853513e+03 9.869778e+03 9.909594e+03
20.7 9.810360e+03 9.840467e+03 9.868436e+03 9.838329e+03
0.4 9.891325e+03 9.869482e+03 9.863458e+03 9.885302e+03
1.4 9.876362e+03 9.859065e+03 9.864427e+03 9.881724e+03
2.4 9.877202e+03 9.878700e+03 9.867992e+03 9.866494e+03
3.4 9.891468e+03 9.872541e+03 9.869343e+03 9.888270e+03
4.4 9.892845e+03 9.858066e+03 9.867896e+03 9.902674e+03
5.4 9.814533e+03 9.824445e+03 9.865999e+03 9.856088e+03
6.4 9.859633e+03 9.856641e+03 9.866200e+03 9.869192e+03
7.4 9.883811e+03 9.855747e+03 9.868862e+03 9.896926e+03
8.4 9.841273e+03 9.863204e+03 9.869036e+03 9.847106e+03
9.4 9.915176e+03 9.889984e+03 9.867383e+03 9.892575e+03
10.4 9.854786e+03 9.881264e+03 9.868405e+03 9.841926e+03
11.4 9.893329e+03 9.853513e+03 9.869778e+03 9.909594e+03
12.4 9.810360e+03 9.840467e+03 9.868436e+03 9.838329e+03
13.4 9.787351e+03 9.840363e+03 9.867211e+03 9.814199e+03
14.4 9.844096e+03 9.855320e+03 9.869045e+03 9.857821e+03
15.4 9.847096e+03 9.863545e+03 9.869311e+03 9.852862e+03
16.4 9.889211e+03 9.866981e+03 9.867449e+03 9.889679e+03
17.4 9.873179e+03 9.870684e+03 9.867689e+03 9.870183e+03
18.4 9.911425e+03 9.873373e+03 9.869464e+03 9.907516e+03
19.4 9.872784e+03 9.867480e+03 9.868640e+03 9.873944e+03
20.4 9.833593e+03 9.852468e+03 9.866473e+03 9.847598e+03
0.6 9.814533e+03 9.824445e+03 9.865999e+03 9.856088e+03
1.6 9.859633e+03 9.856641e+03 9.866200e+03 9.869192e+03
2.6 9.883811e+03 9.855747e+03 9.868862e+03 9.896926e+03
3.6 9.841273e+03 9.863204e+03 9.869036e+03 9.847106e+03
4.6 9.915176e+03 9.889984e+03 9.867383e+03 9.892575e+03
5.6 9.854786e+03 9.881264e+03 9.868405e+03 9.841926e+03
6.6 9.893329e+03 9.853513e+03 9.869778e+03 9.909594e+03
7.6 9.810360e+03 9.840467e+03 9.868436e+03 9.838329e+03
8.6 9.787351e+03 9.840363e+03 9.867211e+03 9.814199e+03
9.6 9.844096e+03 9.855320e+03 9.869045e+03 9.857821e+03
10.6 9.847096e+03 9.863545e+03 9.869311e+03 9.852862e+03
11.6 9.889211e+03 9.866981e+03 9.867449e+03 9.889679e+03
12.6 9.873179e+03 9.870684e+03 9.867689e+03 9.870183e+03
13.6 9.911425e+03 9.873373e+03 9.869464e+03 9.907516e+03
14.6 9.872784e+03 9.867480e+03 9.868640e+03 9.873944e+03
15.6 9.833593e+03 9.852468e+03 9.866473e+03 9.847598e+03
16.6 9.836262e+03 9.846097e+03 9.864746e+03 9.854911e+03
17.6 9.882504e+03 9.862802e+03 9.863885e+03 9.883587e+03
18.6 9.864392e+03 9.888846e+03 9.865756e+03 9.841302e+03
19.6 9.799869e+03 9.858683e+03 9.868695e+03 9.809881e+03
20.6 9.902394e+03 9.865269e+03 9.868541e+03 9.905666e+03
1.0 9.915176e+03 9.889984e+03 9.867383e+03 9.892575e+03
2.0 9.854786e+03 9.881264e+03 9.868405e+03 9.841926e+03
3.0 9.893329e+03 9.853513e+03 9.869778e+03 9.909594e+03
4.0 9.810360e+03 9.840467e+03 9.868436e+03 9.838329e+03
5.0 9.787351e+03 9.840363e+03 9.867211e+03 9.814199e+03
6.0 9.844096e+03 9.855320e+03 9.869045e+03 9.857821e+03
7.0 9.847096e+03 9.863545e+03 9.869311e+03 9.852862e+03
8.0 9.889211e+03 9.866981e+03 9.867449e+03 9.889679e+03
9.0 9.873179e+03 9.870684e+03 9.867689e+03 9.870183e+03
10.0 9.911425e+03 9.873373e+03 9.869464e+03 9.907516e+03
11.0 9.872784e+03 9.867480e+03 9.868640e+03 9.873944e+03
12.0 9.833593e+03 9.852468e+03 9.866473e+03 9.847598e+03
13.0 9.836262e+03 9.846097e+03 9.864746e+03 9.854911e+03
14.0 9.882504e+03 9.862802e+03 9.863885e+03 9.883587e+03
15.0 9.864392e+03 9.888846e+03 9.865756e+03 9.841302e+03
16.0 9.799869e+03 9.858683e+03 9.868695e+03 9.809881e+03
17.0 9.902394e+03 9.865269e+03 9.868541e+03 9.905666e+03
18.0 9.845905e+03 9.853644e+03 9.866713e+03 9.858975e+03
19.0 9.869478e+03 9.872858e+03 9.865107e+03 9.861727e+03
20.0 9.868158e+03 9.870398e+03 9.864151e+03 9.861912e+03
21.0 9.869599e+03 9.869494e+03 9.863679e+03 9.863783e+03
0.4 9.810360e+03 9.840467e+03 9.868436e+03 9.838329e+03
1.4 9.787351e+03 9.840363e+03 9.867211e+03 9.814199e+03
2.4 9.844096e+03 9.855320e+03 9.869045e+03 9.857821e+03
3.4 9.847096e+03 9.863545e+03 9.869311e+03 9.852862e+03
4.4 9.889211e+03 9.866981e+03 9.867449e+03 9.889679e+03
5.4 9.873179e+03 9.870684e+03 9.867689e+03 9.870183e+03
6.4 9.911425e+03 9.873373e+03 9.869464e+03 9.907516e+03
7.4 9.872784e+03 9.867480e+03 9.868640e+03 9.873944e+03
8.4 9.833593e+03 9.852468e+03 9.866473e+03 9.847598e+03
9.4 9.836262e+03 9.846097e+03 9.864746e+03 9.854911e+03
10.4 9.882504e+03 9.862802e+03 9.863885e+03 9.883587e+03
11.4 9.864392e+03 9.888846e+03 9.865756e+03 9.841302e+03
12.4 9.799869e+03 9.858683e+03 9.868695e+03 9.809881e+03
13.4 9.902394e+03 9.865269e+03 9.868541e+03 9.905666e+03
14.4 9.845905e+03 9.853644e+03 9.866713e+03 9.858975e+03
15.4 9.869478e+03 9.872858e+03 9.865107e+03 9.861727e+03
16.4 9.868158e+03 9.870398e+03 9.864151e+03 9.861912e+03
17.4 9.869599e+03 9.869494e+03 9.863679e+03 9.863783e+03
18.4 9.895867e+03 9.857894e+03 9.863511e+03 9.901484e+03
19.4 9.833994e+03 9.830654e+03 9.863527e+03 9.866867e+03
20.4 9.885319e+03 9.866497e+03 9.863635e+03 9.882457e+03
0.8 9.889211e+03 9.866981e+03 9.867449e+03 9.889679e+03
1.8 9.873179e+03 9.870684e+03 9.867689e+03 9.870183e+03
2.8 9.911425e+03 9.873373e+03 9.869464e+03 9.907516e+03
3.8 9.872784e+03 9.867480e+03 9.868640e+03 9.873944e+03
4.8 9.833593e+03 9.852468e+03 9.866473e+03 9.847598e+03
5.8 9.836262e+03 9.846097e+03 9.864746e+03 9.854911e+03
6.8 9.882504e+03 9.862802e+03 9.863885e+03 9.883587e+03
7.8 9.864392e+03 9.888846e+03 9.865756e+03 9.841302e+03
8.8 9.799869e+03 9.858683e+03 9.868695e+03 9.809881e+03
9.8 9.902394e+03 9.865269e+03 9.868541e+03 9.905666e+03
10.8 9.845905e+03 9.853644e+03 9.866713e+03 9.858975e+03
11.8 9.869478e+03 9.872858e+03 9.865107e+03 9.861727e+03
12.8 9.868158e+03 9.870398e+03 9.864151e+03 9.861912e+03
13.8 9.869599e+03 9.869494e+03 9.863679e+03 9.863783e+03
14.8 9.895867e+03 9.857894e+03 9.863511e+03 9.901484e+03
15.8 9.833994e+03 9.830654e+03 9.863527e+03 9.866867e+03
16.8 9.885319e+03 9.866497e+03 9.863635e+03 9.882457e+03
17.8 9.868385e+03 9.827931e+03 9.863764e+03 9.904217e+03
18.8 9.745941e+03 9.804840e+03 9.863872e+03 9.804974e+03
19.8 9.844833e+03 9.878974e+03 9.863947e+03 9.829806e+03
0.8 9.882504e+03 9.862802e+03 9.863885e+03 9.883587e+03
1.8 9.864392e+03 9.888846e+03 9.865756e+03 9.841302e+03
2.8 9.799869e+03 9.858683e+03 9.868695e+03 9.809881e+03
3.8 9.902394e+03 9.865269e+03 9.868541e+03 9.905666e+03
4.8 9.845905e+03 9.853644e+03 9.866713e+03 9.858975e+03
5.8 9.869478e+03 9.872858e+03 9.865107e+03 9.861727e+03
6.8 9.868158e+03 9.870398e+03 9.864151e+03 9.861912e+03
7.8 9.869599e+03 9.869494e+03 9.863679e+03 9.863783e+03
8.8 9.895867e+03 9.857894e+03 9.863511e+03 9.901484e+03
9.8 9.833994e+03 9.830654e+03 9.863527e+03 9.866867e+03
10.8 9.885319e+03 9.866497e+03 9.863635e+03 9.882457e+03
11.8 9.868385e+03 9.827931e+03 9.863764e+03 9.904217e+03
12.8 9.745941e+03 9.804840e+03 9.863872e+03 9.804974e+03
13.8 9.844833e+03 9.878974e+03 9.863947e+03 9.829806e+03
