0.2 9.109091e+03 9.139922e+03 9.149078e+03 9.118247e+03
1.2 9.134041e+03 9.118748e+03 9.154581e+03 9.169874e+03
2.2 9.210523e+03 9.187155e+03 9.190792e+03 9.214160e+03
3.2 9.216976e+03 9.207613e+03 9.212343e+03 9.221706e+03
4.2 9.208942e+03 9.225332e+03 9.198878e+03 9.182488e+03
5.2 9.190476e+03 9.186617e+03 9.176009e+03 9.179868e+03
6.2 9.208740e+03 9.230384e+03 9.159109e+03 9.137465e+03
7.2 9.186911e+03 9.185100e+03 9.149483e+03 9.151294e+03
8.2 9.167927e+03 9.167908e+03 9.144874e+03 9.144893e+03
9.2 9.217749e+03 9.198179e+03 9.143452e+03 9.163021e+03
10.2 9.236299e+03 9.198553e+03 9.143899e+03 9.181645e+03
11.2 9.206133e+03 9.196908e+03 9.145159e+03 9.154384e+03
12.2 9.111660e+03 9.129923e+03 9.146500e+03 9.128237e+03
13.2 9.118949e+03 9.140152e+03 9.154301e+03 9.133098e+03
14.2 9.143524e+03 9.153086e+03 9.192197e+03 9.182635e+03
15.2 9.250013e+03 9.222760e+03 9.211928e+03 9.239180e+03
16.2 9.318821e+03 9.218703e+03 9.197398e+03 9.297516e+03
17.2 9.226952e+03 9.171132e+03 9.174747e+03 9.230567e+03
18.2 9.089592e+03 9.118287e+03 9.158349e+03 9.129654e+03
19.2 9.102792e+03 9.130510e+03 9.155834e+03 9.128115e+03
20.2 9.141408e+03 9.144453e+03 9.188649e+03 9.185604e+03
0.2 9.111660e+03 9.129923e+03 9.146500e+03 9.128237e+03
1.2 9.118949e+03 9.140152e+03 9.154301e+03 9.133098e+03
2.2 9.143524e+03 9.153086e+03 9.192197e+03 9.182635e+03
3.2 9.250013e+03 9.222760e+03 9.211928e+03 9.239180e+03
4.2 9.318821e+03 9.218703e+03 9.197398e+03 9.297516e+03
5.2 9.226952e+03 9.171132e+03 9.174747e+03 9.230567e+03
6.2 9.089592e+03 9.118287e+03 9.158349e+03 9.129654e+03
7.2 9.102792e+03 9.130510e+03 9.155834e+03 9.128115e+03
8.2 9.141408e+03 9.144453e+03 9.188649e+03 9.185604e+03
9.2 9.123441e+03 9.146095e+03 9.206691e+03 9.184037e+03
10.2 9.021178e+03 9.050471e+03 9.192465e+03 9.163172e+03
11.2 8.971455e+03 9.029908e+03 9.170989e+03 9.112536e+03
12.2 9.030168e+03 9.022071e+03 9.155873e+03 9.163970e+03
13.2 9.128662e+03 9.123505e+03 9.147637e+03 9.152794e+03
14.2 9.211833e+03 9.176144e+03 9.143936e+03 9.179626e+03
15.2 9.175357e+03 9.184142e+03 9.143051e+03 9.134266e+03
16.2 9.117842e+03 9.170188e+03 9.144091e+03 9.091744e+03
17.2 9.109261e+03 9.112948e+03 9.165609e+03 9.161921e+03
18.2 9.166808e+03 9.169639e+03 9.203800e+03 9.200969e+03
19.2 9.181517e+03 9.155233e+03 9.207250e+03 9.233533e+03
20.2 9.211913e+03 9.184420e+03 9.186738e+03 9.214231e+03
0.2 9.089592e+03 9.118287e+03 9.158349e+03 9.129654e+03
1.2 9.102792e+03 9.130510e+03 9.155834e+03 9.128115e+03
2.2 9.141408e+03 9.144453e+03 9.188649e+03 9.185604e+03
3.2 9.123441e+03 9.146095e+03 9.206691e+03 9.184037e+03
4.2 9.021178e+03 9.050471e+03 9.192465e+03 9.163172e+03
5.2 8.971455e+03 9.029908e+03 9.170989e+03 9.112536e+03
6.2 9.030168e+03 9.022071e+03 9.155873e+03 9.163970e+03
7.2 9.128662e+03 9.123505e+03 9.147637e+03 9.152794e+03
8.2 9.211833e+03 9.176144e+03 9.143936e+03 9.179626e+03
9.2 9.175357e+03 9.184142e+03 9.143051e+03 9.134266e+03
10.2 9.117842e+03 9.170188e+03 9.144091e+03 9.091744e+03
11.2 9.109261e+03 9.112948e+03 9.165609e+03 9.161921e+03
12.2 9.166808e+03 9.169639e+03 9.203800e+03 9.200969e+03
13.2 9.181517e+03 9.155233e+03 9.207250e+03 9.233533e+03
14.2 9.211913e+03 9.184420e+03 9.186738e+03 9.214231e+03
15.2 9.233746e+03 9.204646e+03 9.166404e+03 9.195504e+03
16.2 9.231229e+03 9.230478e+03 9.153482e+03 9.154234e+03
17.2 9.201158e+03 9.169619e+03 9.146671e+03 9.178210e+03
18.2 9.192685e+03 9.180951e+03 9.143841e+03 9.155575e+03
19.2 9.244867e+03 9.218269e+03 9.143494e+03 9.170093e+03
20.2 9.256659e+03 9.239365e+03 9.144459e+03 9.161753e+03
0.7 9.117842e+03 9.170188e+03 9.144091e+03 9.091744e+03
1.7 9.109261e+03 9.112948e+03 9.165609e+03 9.161921e+03
2.7 9.166808e+03 9.169639e+03 9.203800e+03 9.200969e+03
3.7 9.181517e+03 9.155233e+03 9.207250e+03 9.233533e+03
4.7 9.211913e+03 9.184420e+03 9.186738e+03 9.214231e+03
5.7 9.233746e+03 9.204646e+03 9.166404e+03 9.195504e+03
6.7 9.231229e+03 9.230478e+03 9.153482e+03 9.154234e+03
7.7 9.201158e+03 9.169619e+03 9.146671e+03 9.178210e+03
8.7 9.192685e+03 9.180951e+03 9.143841e+03 9.155575e+03
9.7 9.244867e+03 9.218269e+03 9.143494e+03 9.170093e+03
10.7 9.256659e+03 9.239365e+03 9.144459e+03 9.161753e+03
11.7 9.217143e+03 9.214965e+03 9.147572e+03 9.149749e+03
12.7 9.171339e+03 9.191060e+03 9.178132e+03 9.158411e+03
13.7 9.190098e+03 9.216554e+03 9.209631e+03 9.183174e+03
14.7 9.163229e+03 9.163401e+03 9.203725e+03 9.203553e+03
15.7 9.185074e+03 9.202260e+03 9.181314e+03 9.164129e+03
16.7 9.188263e+03 9.167332e+03 9.166978e+03 9.187910e+03
17.7 9.222168e+03 9.199814e+03 9.190759e+03 9.213113e+03
18.7 9.195549e+03 9.202359e+03 9.208822e+03 9.202012e+03
19.7 9.185156e+03 9.161437e+03 9.194651e+03 9.218370e+03
20.7 9.098006e+03 9.164639e+03 9.171801e+03 9.105167e+03
0.9 9.217143e+03 9.214965e+03 9.147572e+03 9.149749e+03
1.9 9.171339e+03 9.191060e+03 9.178132e+03 9.158411e+03
2.9 9.190098e+03 9.216554e+03 9.209631e+03 9.183174e+03
3.9 9.163229e+03 9.163401e+03 9.203725e+03 9.203553e+03
4.9 9.185074e+03 9.202260e+03 9.181314e+03 9.164129e+03
5.9 9.188263e+03 9.167332e+03 9.166978e+03 9.187910e+03
6.9 9.222168e+03 9.199814e+03 9.190759e+03 9.213113e+03
7.9 9.195549e+03 9.202359e+03 9.208822e+03 9.202012e+03
8.9 9.185156e+03 9.161437e+03 9.194651e+03 9.218370e+03
9.9 9.098006e+03 9.164639e+03 9.171801e+03 9.105167e+03
10.9 9.156591e+03 9.132663e+03 9.155586e+03 9.179514e+03
11.9 9.282389e+03 9.208865e+03 9.146972e+03 9.220496e+03
12.9 9.185816e+03 9.219731e+03 9.143281e+03 9.109365e+03
13.9 9.116471e+03 9.192041e+03 9.142508e+03 9.066938e+03
14.9 9.020981e+03 9.108133e+03 9.143356e+03 9.056204e+03
15.9 9.081064e+03 9.134998e+03 9.144850e+03 9.090916e+03
16.9 9.128972e+03 9.140787e+03 9.146327e+03 9.134512e+03
17.9 9.233601e+03 9.234648e+03 9.147467e+03 9.146420e+03
18.9 9.228782e+03 9.227999e+03 9.148215e+03 9.148999e+03
19.9 9.221615e+03 9.249050e+03 9.148650e+03 9.121215e+03
20.9 9.215316e+03 9.253204e+03 9.148881e+03 9.110992e+03
0.1 9.185074e+03 9.202260e+03 9.181314e+03 9.164129e+03
1.1 9.188263e+03 9.167332e+03 9.166978e+03 9.187910e+03
2.1 9.222168e+03 9.199814e+03 9.190759e+03 9.213113e+03
3.1 9.195549e+03 9.202359e+03 9.208822e+03 9.202012e+03
4.1 9.185156e+03 9.161437e+03 9.194651e+03 9.218370e+03
5.1 9.098006e+03 9.164639e+03 9.171801e+03 9.105167e+03
6.1 9.156591e+03 9.132663e+03 9.155586e+03 9.179514e+03
7.1 9.282389e+03 9.208865e+03 9.146972e+03 9.220496e+03
8.1 9.185816e+03 9.219731e+03 9.143281e+03 9.109365e+03
9.1 9.116471e+03 9.192041e+03 9.142508e+03 9.066938e+03
10.1 9.020981e+03 9.108133e+03 9.143356e+03 9.056204e+03
11.1 9.081064e+03 9.134998e+03 9.144850e+03 9.090916e+03
12.1 9.128972e+03 9.140787e+03 9.146327e+03 9.134512e+03
13.1 9.233601e+03 9.234648e+03 9.147467e+03 9.146420e+03
14.1 9.228782e+03 9.227999e+03 9.148215e+03 9.148999e+03
15.1 9.221615e+03 9.249050e+03 9.148650e+03 9.121215e+03
16.1 9.215316e+03 9.253204e+03 9.148881e+03 9.110992e+03
17.1 9.223615e+03 9.216325e+03 9.148992e+03 9.156283e+03
18.1 9.277932e+03 9.262154e+03 9.149042e+03 9.164820e+03
19.1 9.272551e+03 9.215262e+03 9.149064e+03 9.206353e+03
20.1 9.256117e+03 9.233718e+03 9.149073e+03 9.171472e+03
1.0 9.000604e+03 9.023347e+03 9.152143e+03 9.129400e+03
2.0 9.036654e+03 9.067579e+03 9.184968e+03 9.154044e+03
3.0 9.118346e+03 9.127950e+03 9.211807e+03 9.202202e+03
4.0 9.176449e+03 9.157478e+03 9.201989e+03 9.220961e+03
5.0 9.176720e+03 9.184361e+03 9.179060e+03 9.171419e+03
6.0 9.147700e+03 9.150197e+03 9.161033e+03 9.158536e+03
7.0 9.141938e+03 9.149597e+03 9.150499e+03 9.142841e+03
8.0 9.174817e+03 9.169628e+03 9.145302e+03 9.150491e+03
9.0 9.238180e+03 9.241725e+03 9.143513e+03 9.139968e+03
10.0 9.224634e+03 9.231472e+03 9.143763e+03 9.136925e+03
11.0 9.193646e+03 9.196557e+03 9.144961e+03 9.142050e+03
12.0 9.159696e+03 9.134141e+03 9.146320e+03 9.171875e+03
13.0 9.138856e+03 9.153249e+03 9.150910e+03 9.136516e+03
14.0 9.173727e+03 9.186222e+03 9.185262e+03 9.172767e+03
15.0 9.226981e+03 9.243391e+03 9.211533e+03 9.195123e+03
16.0 9.267781e+03 9.206604e+03 9.201174e+03 9.262351e+03
17.0 9.187884e+03 9.186838e+03 9.178348e+03 9.179393e+03
18.0 9.139272e+03 9.167402e+03 9.168015e+03 9.139885e+03
19.0 9.267029e+03 9.187110e+03 9.195286e+03 9.275205e+03
20.0 9.239593e+03 9.213555e+03 9.208406e+03 9.234445e+03
21.0 9.224859e+03 9.207730e+03 9.191742e+03 9.208870e+03
0.1 9.159696e+03 9.134141e+03 9.146320e+03 9.171875e+03
1.1 9.138856e+03 9.153249e+03 9.150910e+03 9.136516e+03
2.1 9.173727e+03 9.186222e+03 9.185262e+03 9.172767e+03
3.1 9.226981e+03 9.243391e+03 9.211533e+03 9.195123e+03
4.1 9.267781e+03 9.206604e+03 9.201174e+03 9.262351e+03
5.1 9.187884e+03 9.186838e+03 9.178348e+03 9.179393e+03
6.1 9.139272e+03 9.167402e+03 9.168015e+03 9.139885e+03
7.1 9.267029e+03 9.187110e+03 9.195286e+03 9.275205e+03
8.1 9.239593e+03 9.213555e+03 9.208406e+03 9.234445e+03
9.1 9.224859e+03 9.207730e+03 9.191742e+03 9.208870e+03
10.1 9.242027e+03 9.231710e+03 9.190539e+03 9.200856e+03
11.1 9.255703e+03 9.244999e+03 9.211847e+03 9.222551e+03
12.1 9.234609e+03 9.218536e+03 9.205430e+03 9.221503e+03
13.1 9.223980e+03 9.164409e+03 9.180805e+03 9.240376e+03
14.1 9.275137e+03 9.235181e+03 9.159786e+03 9.199742e+03
15.1 9.267009e+03 9.287026e+03 9.147860e+03 9.127843e+03
16.1 9.202984e+03 9.232660e+03 9.142614e+03 9.112938e+03
17.1 9.146824e+03 9.171383e+03 9.141270e+03 9.116711e+03
18.1 9.101182e+03 9.132601e+03 9.142039e+03 9.110620e+03
19.1 9.072614e+03 9.111900e+03 9.148133e+03 9.108847e+03
20.1 9.132493e+03 9.175958e+03 9.184909e+03 9.141443e+03
0.3 9.187884e+03 9.186838e+03 9.178348e+03 9.179393e+03
1.3 9.139272e+03 9.167402e+03 9.168015e+03 9.139885e+03
2.3 9.267029e+03 9.187110e+03 9.195286e+03 9.275205e+03
3.3 9.239593e+03 9.213555e+03 9.208406e+03 9.234445e+03
4.3 9.224859e+03 9.207730e+03 9.191742e+03 9.208870e+03
5.3 9.242027e+03 9.231710e+03 9.190539e+03 9.200856e+03
6.3 9.255703e+03 9.244999e+03 9.211847e+03 9.222551e+03
7.3 9.234609e+03 9.218536e+03 9.205430e+03 9.221503e+03
8.3 9.223980e+03 9.164409e+03 9.180805e+03 9.240376e+03
9.3 9.275137e+03 9.235181e+03 9.159786e+03 9.199742e+03
10.3 9.267009e+03 9.287026e+03 9.147860e+03 9.127843e+03
11.3 9.202984e+03 9.232660e+03 9.142614e+03 9.112938e+03
12.3 9.146824e+03 9.171383e+03 9.141270e+03 9.116711e+03
13.3 9.101182e+03 9.132601e+03 9.142039e+03 9.110620e+03
14.3 9.072614e+03 9.111900e+03 9.148133e+03 9.108847e+03
15.3 9.132493e+03 9.175958e+03 9.184909e+03 9.141443e+03
16.3 9.200770e+03 9.209604e+03 9.210065e+03 9.201230e+03
17.3 9.227756e+03 9.221026e+03 9.198956e+03 9.205686e+03
18.3 9.154733e+03 9.141737e+03 9.176609e+03 9.189605e+03
19.3 9.100000e+03 9.128685e+03 9.159574e+03 9.130890e+03
20.3 9.149897e+03 9.164770e+03 9.149750e+03 9.134878e+03
0.7 9.224859e+03 9.207730e+03 9.191742e+03 9.208870e+03
1.7 9.242027e+03 9.231710e+03 9.190539e+03 9.200856e+03
2.7 9.255703e+03 9.244999e+03 9.211847e+03 9.222551e+03
3.7 9.234609e+03 9.218536e+03 9.205430e+03 9.221503e+03
4.7 9.223980e+03 9.164409e+03 9.180805e+03 9.240376e+03
5.7 9.275137e+03 9.235181e+03 9.159786e+03 9.199742e+03
6.7 9.267009e+03 9.287026e+03 9.147860e+03 9.127843e+03
7.7 9.202984e+03 9.232660e+03 9.142614e+03 9.112938e+03
8.7 9.146824e+03 9.171383e+03 9.141270e+03 9.116711e+03
9.7 9.101182e+03 9.132601e+03 9.142039e+03 9.110620e+03
10.7 9.072614e+03 9.111900e+03 9.148133e+03 9.108847e+03
11.7 9.132493e+03 9.175958e+03 9.184909e+03 9.141443e+03
12.7 9.200770e+03 9.209604e+03 9.210065e+03 9.201230e+03
13.7 9.227756e+03 9.221026e+03 9.198956e+03 9.205686e+03
14.7 9.154733e+03 9.141737e+03 9.176609e+03 9.189605e+03
15.7 9.100000e+03 9.128685e+03 9.159574e+03 9.130890e+03
16.7 9.149897e+03 9.164770e+03 9.149750e+03 9.134878e+03
17.7 9.201176e+03 9.179574e+03 9.144985e+03 9.166587e+03
18.7 9.239203e+03 9.239362e+03 9.143450e+03 9.143292e+03
19.7 9.184081e+03 9.178517e+03 9.143834e+03 9.149398e+03
20.7 9.086658e+03 9.119431e+03 9.145080e+03 9.112307e+03
0.1 9.101182e+03 9.132601e+03 9.142039e+03 9.110620e+03
1.1 9.072614e+03 9.111900e+03 9.148133e+03 9.108847e+03
2.1 9.132493e+03 9.175958e+03 9.184909e+03 9.141443e+03
3.1 9.200770e+03 9.209604e+03 9.210065e+03 9.201230e+03
4.1 9.227756e+03 9.221026e+03 9.198956e+03 9.205686e+03
5.1 9.154733e+03 9.141737e+03 9.176609e+03 9.189605e+03
6.1 9.100000e+03 9.128685e+03 9.159574e+03 9.130890e+03
7.1 9.149897e+03 9.164770e+03 9.149750e+03 9.134878e+03
8.1 9.201176e+03 9.179574e+03 9.144985e+03 9.166587e+03
9.1 9.239203e+03 9.239362e+03 9.143450e+03 9.143292e+03
10.1 9.184081e+03 9.178517e+03 9.143834e+03 9.149398e+03
11.1 9.086658e+03 9.119431e+03 9.145080e+03 9.112307e+03
12.1 9.105977e+03 9.108368e+03 9.155311e+03 9.152919e+03
13.1 9.151670e+03 9.173331e+03 9.194614e+03 9.172953e+03
14.1 9.220392e+03 9.198503e+03 9.211240e+03 9.233128e+03
15.1 9.194197e+03 9.174380e+03 9.195188e+03 9.215005e+03
16.1 9.186505e+03 9.190427e+03 9.172909e+03 9.168987e+03
17.1 9.192997e+03 9.221850e+03 9.157251e+03 9.128398e+03
18.1 9.256488e+03 9.205149e+03 9.148533e+03 9.199872e+03
19.1 9.244492e+03 9.206299e+03 9.144495e+03 9.182688e+03
20.1 9.216161e+03 9.185723e+03 9.145448e+03 9.175886e+03
0.3 9.086658e+03 9.119431e+03 9.145080e+03 9.112307e+03
1.3 9.105977e+03 9.108368e+03 9.155311e+03 9.152919e+03
2.3 9.151670e+03 9.173331e+03 9.194614e+03 9.172953e+03
3.3 9.220392e+03 9.198503e+03 9.211240e+03 9.233128e+03
4.3 9.194197e+03 9.174380e+03 9.195188e+03 9.215005e+03
5.3 9.186505e+03 9.190427e+03 9.172909e+03 9.168987e+03
6.3 9.192997e+03 9.221850e+03 9.157251e+03 9.128398e+03
7.3 9.256488e+03 9.205149e+03 9.148533e+03 9.199872e+03
8.3 9.244492e+03 9.206299e+03 9.144495e+03 9.182688e+03
9.3 9.216161e+03 9.185723e+03 9.145448e+03 9.175886e+03
10.3 9.162446e+03 9.134003e+03 9.176332e+03 9.204775e+03
11.3 9.171906e+03 9.166636e+03 9.207358e+03 9.212627e+03
12.3 9.015124e+03 9.106035e+03 9.201352e+03 9.110440e+03
13.3 9.040485e+03 9.034426e+03 9.190052e+03 9.196110e+03
14.3 9.263271e+03 9.150428e+03 9.210621e+03 9.323464e+03
15.3 9.156175e+03 9.166025e+03 9.213496e+03 9.203646e+03
16.3 9.126747e+03 9.160387e+03 9.191355e+03 9.157715e+03
17.3 9.064514e+03 9.141673e+03 9.191474e+03 9.114315e+03
18.3 9.075409e+03 9.145199e+03 9.210839e+03 9.141048e+03
19.3 9.031983e+03 9.054652e+03 9.201831e+03 9.179162e+03
20.3 9.024721e+03 9.035579e+03 9.177289e+03 9.166430e+03
1.0 9.216161e+03 9.185723e+03 9.145448e+03 9.175886e+03
2.0 9.162446e+03 9.134003e+03 9.176332e+03 9.204775e+03
3.0 9.171906e+03 9.166636e+03 9.207358e+03 9.212627e+03
4.0 9.015124e+03 9.106035e+03 9.201352e+03 9.110440e+03
5.0 9.040485e+03 9.034426e+03 9.190052e+03 9.196110e+03
6.0 9.263271e+03 9.150428e+03 9.210621e+03 9.323464e+03
7.0 9.156175e+03 9.166025e+03 9.213496e+03 9.203646e+03
8.0 9.126747e+03 9.160387e+03 9.191355e+03 9.157715e+03
9.0 9.064514e+03 9.141673e+03 9.191474e+03 9.114315e+03
10.0 9.075409e+03 9.145199e+03 9.210839e+03 9.141048e+03
11.0 9.031983e+03 9.054652e+03 9.201831e+03 9.179162e+03
12.0 9.024721e+03 9.035579e+03 9.177289e+03 9.166430e+03
13.0 9.080970e+03 9.128375e+03 9.157523e+03 9.110118e+03
14.0 9.143315e+03 9.171029e+03 9.146693e+03 9.118979e+03
15.0 9.120903e+03 9.144155e+03 9.142131e+03 9.118879e+03
16.0 9.089498e+03 9.065710e+03 9.141166e+03 9.164955e+03
17.0 9.146004e+03 9.092390e+03 9.142121e+03 9.195735e+03
18.0 9.212244e+03 9.132922e+03 9.149962e+03 9.229284e+03
19.0 9.261921e+03 9.240560e+03 9.188453e+03 9.209814e+03
20.0 9.228943e+03 9.221511e+03 9.210288e+03 9.217720e+03
21.0 9.156947e+03 9.181573e+03 9.197298e+03 9.172672e+03
0.4 9.015124e+03 9.106035e+03 9.201352e+03 9.110440e+03
1.4 9.040485e+03 9.034426e+03 9.190052e+03 9.196110e+03
2.4 9.263271e+03 9.150428e+03 9.210621e+03 9.323464e+03
3.4 9.156175e+03 9.166025e+03 9.213496e+03 9.203646e+03
4.4 9.126747e+03 9.160387e+03 9.191355e+03 9.157715e+03
5.4 9.064514e+03 9.141673e+03 9.191474e+03 9.114315e+03
6.4 9.075409e+03 9.145199e+03 9.210839e+03 9.141048e+03
7.4 9.031983e+03 9.054652e+03 9.201831e+03 9.179162e+03
8.4 9.024721e+03 9.035579e+03 9.177289e+03 9.166430e+03
9.4 9.080970e+03 9.128375e+03 9.157523e+03 9.110118e+03
10.4 9.143315e+03 9.171029e+03 9.146693e+03 9.118979e+03
11.4 9.120903e+03 9.144155e+03 9.142131e+03 9.118879e+03
12.4 9.089498e+03 9.065710e+03 9.141166e+03 9.164955e+03
13.4 9.146004e+03 9.092390e+03 9.142121e+03 9.195735e+03
14.4 9.212244e+03 9.132922e+03 9.149962e+03 9.229284e+03
15.4 9.261921e+03 9.240560e+03 9.188453e+03 9.209814e+03
16.4 9.228943e+03 9.221511e+03 9.210288e+03 9.217720e+03
17.4 9.156947e+03 9.181573e+03 9.197298e+03 9.172672e+03
18.4 9.169807e+03 9.184029e+03 9.193093e+03 9.178872e+03
19.4 9.180694e+03 9.165815e+03 9.214366e+03 9.229246e+03
20.4 9.189734e+03 9.189622e+03 9.209617e+03 9.209728e+03
0.8 9.126747e+03 9.160387e+03 9.191355e+03 9.157715e+03
1.8 9.064514e+03 9.141673e+03 9.191474e+03 9.114315e+03
2.8 9.075409e+03 9.145199e+03 9.210839e+03 9.141048e+03
3.8 9.031983e+03 9.054652e+03 9.201831e+03 9.179162e+03
4.8 9.024721e+03 9.035579e+03 9.177289e+03 9.166430e+03
5.8 9.080970e+03 9.128375e+03 9.157523e+03 9.110118e+03
6.8 9.143315e+03 9.171029e+03 9.146693e+03 9.118979e+03
7.8 9.120903e+03 9.144155e+03 9.142131e+03 9.118879e+03
8.8 9.089498e+03 9.065710e+03 9.141166e+03 9.164955e+03
9.8 9.146004e+03 9.092390e+03 9.142121e+03 9.195735e+03
10.8 9.212244e+03 9.132922e+03 9.149962e+03 9.229284e+03
11.8 9.261921e+03 9.240560e+03 9.188453e+03 9.209814e+03
12.8 9.228943e+03 9.221511e+03 9.210288e+03 9.217720e+03
13.8 9.156947e+03 9.181573e+03 9.197298e+03 9.172672e+03
14.8 9.169807e+03 9.184029e+03 9.193093e+03 9.178872e+03
15.8 9.180694e+03 9.165815e+03 9.214366e+03 9.229246e+03
16.8 9.189734e+03 9.189622e+03 9.209617e+03 9.209728e+03
17.8 9.252103e+03 9.195417e+03 9.184543e+03 9.241229e+03
18.8 9.233245e+03 9.230324e+03 9.162124e+03 9.165044e+03
19.8 9.154686e+03 9.216664e+03 9.149062e+03 9.087084e+03
20.8 9.232855e+03 9.266215e+03 9.143136e+03 9.109776e+03
0.2 9.146004e+03 9.092390e+03 9.142121e+03 9.195735e+03
1.2 9.212244e+03 9.132922e+03 9.149962e+03 9.229284e+03
2.2 9.261921e+03 9.240560e+03 9.188453e+03 9.209814e+03
3.2 9.228943e+03 9.221511e+03 9.210288e+03 9.217720e+03
4.2 9.156947e+03 9.181573e+03 9.197298e+03 9.172672e+03
5.2 9.169807e+03 9.184029e+03 9.193093e+03 9.178872e+03
6.2 9.180694e+03 9.165815e+03 9.214366e+03 9.229246e+03
7.2 9.189734e+03 9.189622e+03 9.209617e+03 9.209728e+03
8.2 9.252103e+03 9.195417e+03 9.184543e+03 9.241229e+03
9.2 9.233245e+03 9.230324e+03 9.162124e+03 9.165044e+03
10.2 9.154686e+03 9.216664e+03 9.149062e+03 9.087084e+03
11.2 9.232855e+03 9.266215e+03 9.143136e+03 9.109776e+03
12.2 9.237456e+03 9.255044e+03 9.141414e+03 9.123826e+03
13.2 9.191729e+03 9.215449e+03 9.141989e+03 9.118269e+03
14.2 9.132220e+03 9.125198e+03 9.143591e+03 9.150613e+03
15.2 9.147811e+03 9.125452e+03 9.146244e+03 9.168604e+03
16.2 9.246191e+03 9.190856e+03 9.173072e+03 9.228407e+03
17.2 9.285296e+03 9.250936e+03 9.207902e+03 9.242261e+03
18.2 9.271590e+03 9.242472e+03 9.205790e+03 9.234908e+03
19.2 9.187866e+03 9.175237e+03 9.183893e+03 9.196521e+03
20.2 9.173002e+03 9.140664e+03 9.164308e+03 9.196646e+03
0.6 9.156947e+03 9.181573e+03 9.197298e+03 9.172672e+03
1.6 9.169807e+03 9.184029e+03 9.193093e+03 9.178872e+03
2.6 9.180694e+03 9.165815e+03 9.214366e+03 9.229246e+03
3.6 9.189734e+03 9.189622e+03 9.209617e+03 9.209728e+03
4.6 9.252103e+03 9.195417e+03 9.184543e+03 9.241229e+03
5.6 9.233245e+03 9.230324e+03 9.162124e+03 9.165044e+03
6.6 9.154686e+03 9.216664e+03 9.149062e+03 9.087084e+03
7.6 9.232855e+03 9.266215e+03 9.143136e+03 9.109776e+03
8.6 9.237456e+03 9.255044e+03 9.141414e+03 9.123826e+03
9.6 9.191729e+03 9.215449e+03 9.141989e+03 9.118269e+03
10.6 9.132220e+03 9.125198e+03 9.143591e+03 9.150613e+03
11.6 9.147811e+03 9.125452e+03 9.146244e+03 9.168604e+03
12.6 9.246191e+03 9.190856e+03 9.173072e+03 9.228407e+03
13.6 9.285296e+03 9.250936e+03 9.207902e+03 9.242261e+03
14.6 9.271590e+03 9.242472e+03 9.205790e+03 9.234908e+03
15.6 9.187866e+03 9.175237e+03 9.183893e+03 9.196521e+03
16.6 9.173002e+03 9.140664e+03 9.164308e+03 9.196646e+03
17.6 9.191949e+03 9.130784e+03 9.152294e+03 9.213459e+03
18.6 9.237522e+03 9.158088e+03 9.146109e+03 9.225543e+03
19.6 9.219729e+03 9.241265e+03 9.143689e+03 9.122153e+03
20.6 9.213918e+03 9.189195e+03 9.143584e+03 9.168307e+03
0.8 9.147811e+03 9.125452e+03 9.146244e+03 9.168604e+03
1.8 9.246191e+03 9.190856e+03 9.173072e+03 9.228407e+03
2.8 9.285296e+03 9.250936e+03 9.207902e+03 9.242261e+03
3.8 9.271590e+03 9.242472e+03 9.205790e+03 9.234908e+03
4.8 9.187866e+03 9.175237e+03 9.183893e+03 9.196521e+03
5.8 9.173002e+03 9.140664e+03 9.164308e+03 9.196646e+03
6.8 9.191949e+03 9.130784e+03 9.152294e+03 9.213459e+03
7.8 9.237522e+03 9.158088e+03 9.146109e+03 9.225543e+03
8.8 9.219729e+03 9.241265e+03 9.143689e+03 9.122153e+03
9.8 9.213918e+03 9.189195e+03 9.143584e+03 9.168307e+03
10.8 9.061666e+03 9.145581e+03 9.151392e+03 9.067477e+03
11.8 9.093212e+03 9.167734e+03 9.189956e+03 9.115434e+03
12.8 9.218691e+03 9.157455e+03 9.210461e+03 9.271697e+03
13.8 9.102916e+03 9.178819e+03 9.196793e+03 9.120889e+03
14.8 9.063619e+03 9.109479e+03 9.193636e+03 9.147776e+03
15.8 9.093179e+03 9.147038e+03 9.214726e+03 9.160867e+03
16.8 9.140876e+03 9.093029e+03 9.209052e+03 9.256899e+03
17.8 9.142243e+03 9.082844e+03 9.183795e+03 9.243194e+03
18.8 9.127946e+03 9.087999e+03 9.161622e+03 9.201569e+03
19.8 9.115386e+03 9.107258e+03 9.149054e+03 9.157183e+03
20.8 9.201441e+03 9.192278e+03 9.162375e+03 9.171538e+03
0.2 9.213918e+03 9.189195e+03 9.143584e+03 9.168307e+03
1.2 9.061666e+03 9.145581e+03 9.151392e+03 9.067477e+03
2.2 9.093212e+03 9.167734e+03 9.189956e+03 9.115434e+03
3.2 9.218691e+03 9.157455e+03 9.210461e+03 9.271697e+03
4.2 9.102916e+03 9.178819e+03 9.196793e+03 9.120889e+03
5.2 9.063619e+03 9.109479e+03 9.193636e+03 9.147776e+03
6.2 9.093179e+03 9.147038e+03 9.214726e+03 9.160867e+03
7.2 9.140876e+03 9.093029e+03 9.209052e+03 9.256899e+03
8.2 9.142243e+03 9.082844e+03 9.183795e+03 9.243194e+03
9.2 9.127946e+03 9.087999e+03 9.161622e+03 9.201569e+03
10.2 9.115386e+03 9.107258e+03 9.149054e+03 9.157183e+03
11.2 9.201441e+03 9.192278e+03 9.162375e+03 9.171538e+03
12.2 9.134756e+03 9.198944e+03 9.198000e+03 9.133811e+03
13.2 9.100615e+03 9.144161e+03 9.202083e+03 9.158537e+03
14.2 9.086221e+03 9.094941e+03 9.186244e+03 9.177523e+03
15.2 9.057321e+03 9.099408e+03 9.200686e+03 9.158599e+03
16.2 9.006268e+03 9.048670e+03 9.214613e+03 9.172211e+03
17.2 8.956515e+03 8.994193e+03 9.197955e+03 9.160278e+03
18.2 8.925952e+03 8.964613e+03 9.172647e+03 9.133986e+03
19.2 9.027839e+03 8.992179e+03 9.154753e+03 9.190413e+03
20.2 9.112264e+03 9.063622e+03 9.145503e+03 9.194144e+03
0.6 9.102916e+03 9.178819e+03 9.196793e+03 9.120889e+03
1.6 9.063619e+03 9.109479e+03 9.193636e+03 9.147776e+03
2.6 9.093179e+03 9.147038e+03 9.214726e+03 9.160867e+03
3.6 9.140876e+03 9.093029e+03 9.209052e+03 9.256899e+03
4.6 9.142243e+03 9.082844e+03 9.183795e+03 9.243194e+03
5.6 9.127946e+03 9.087999e+03 9.161622e+03 9.201569e+03
6.6 9.115386e+03 9.107258e+03 9.149054e+03 9.157183e+03
7.6 9.201441e+03 9.192278e+03 9.162375e+03 9.171538e+03
8.6 9.134756e+03 9.198944e+03 9.198000e+03 9.133811e+03
9.6 9.100615e+03 9.144161e+03 9.202083e+03 9.158537e+03
10.6 9.086221e+03 9.094941e+03 9.186244e+03 9.177523e+03
11.6 9.057321e+03 9.099408e+03 9.200686e+03 9.158599e+03
12.6 9.006268e+03 9.048670e+03 9.214613e+03 9.172211e+03
13.6 8.956515e+03 8.994193e+03 9.197955e+03 9.160278e+03
14.6 8.925952e+03 8.964613e+03 9.172647e+03 9.133986e+03
15.6 9.027839e+03 8.992179e+03 9.154753e+03 9.190413e+03
16.6 9.112264e+03 9.063622e+03 9.145503e+03 9.194144e+03
17.6 9.220427e+03 9.148460e+03 9.141870e+03 9.213837e+03
18.6 9.170345e+03 9.141843e+03 9.141426e+03 9.169928e+03
19.6 9.142653e+03 9.140395e+03 9.142626e+03 9.144884e+03
20.6 9.086583e+03 9.112219e+03 9.144401e+03 9.118765e+03
0.6 9.115386e+03 9.107258e+03 9.149054e+03 9.157183e+03
1.6 9.201441e+03 9.192278e+03 9.162375e+03 9.171538e+03
2.6 9.134756e+03 9.198944e+03 9.198000e+03 9.133811e+03
3.6 9.100615e+03 9.144161e+03 9.202083e+03 9.158537e+03
4.6 9.086221e+03 9.094941e+03 9.186244e+03 9.177523e+03
5.6 9.057321e+03 9.099408e+03 9.200686e+03 9.158599e+03
6.6 9.006268e+03 9.048670e+03 9.214613e+03 9.172211e+03
7.6 8.956515e+03 8.994193e+03 9.197955e+03 9.160278e+03
8.6 8.925952e+03 8.964613e+03 9.172647e+03 9.133986e+03
9.6 9.027839e+03 8.992179e+03 9.154753e+03 9.190413e+03
10.6 9.112264e+03 9.063622e+03 9.145503e+03 9.194144e+03
11.6 9.220427e+03 9.148460e+03 9.141870e+03 9.213837e+03
12.6 9.170345e+03 9.141843e+03 9.141426e+03 9.169928e+03
13.6 9.142653e+03 9.140395e+03 9.142626e+03 9.144884e+03
14.6 9.086583e+03 9.112219e+03 9.144401e+03 9.118765e+03
15.6 9.083059e+03 9.106189e+03 9.146070e+03 9.122940e+03
16.6 9.093021e+03 9.076719e+03 9.150808e+03 9.167110e+03
17.6 9.142386e+03 9.166729e+03 9.185224e+03 9.160881e+03
18.6 9.146823e+03 9.170038e+03 9.211520e+03 9.188305e+03
19.6 9.130057e+03 9.165067e+03 9.201170e+03 9.166161e+03
20.6 9.148348e+03 9.127903e+03 9.178346e+03 9.198790e+03
0.1 9.100615e+03 9.144161e+03 9.202083e+03 9.158537e+03
1.1 9.086221e+03 9.094941e+03 9.186244e+03 9.177523e+03
2.1 9.057321e+03 9.099408e+03 9.200686e+03 9.158599e+03
3.1 9.006268e+03 9.048670e+03 9.214613e+03 9.172211e+03
4.1 8.956515e+03 8.994193e+03 9.197955e+03 9.160278e+03
5.1 8.925952e+03 8.964613e+03 9.172647e+03 9.133986e+03
6.1 9.027839e+03 8.992179e+03 9.154753e+03 9.190413e+03
7.1 9.112264e+03 9.063622e+03 9.145503e+03 9.194144e+03
8.1 9.220427e+03 9.148460e+03 9.141870e+03 9.213837e+03
9.1 9.170345e+03 9.141843e+03 9.141426e+03 9.169928e+03
10.1 9.142653e+03 9.140395e+03 9.142626e+03 9.144884e+03
11.1 9.086583e+03 9.112219e+03 9.144401e+03 9.118765e+03
12.1 9.083059e+03 9.106189e+03 9.146070e+03 9.122940e+03
13.1 9.093021e+03 9.076719e+03 9.150808e+03 9.167110e+03
14.1 9.142386e+03 9.166729e+03 9.185224e+03 9.160881e+03
15.1 9.146823e+03 9.170038e+03 9.211520e+03 9.188305e+03
16.1 9.130057e+03 9.165067e+03 9.201170e+03 9.166161e+03
17.1 9.148348e+03 9.127903e+03 9.178346e+03 9.198790e+03
18.1 9.182635e+03 9.157778e+03 9.160599e+03 9.185455e+03
19.1 9.197685e+03 9.198286e+03 9.150273e+03 9.149671e+03
20.1 9.163634e+03 9.179059e+03 9.146693e+03 9.131269e+03
0.1 9.083059e+03 9.106189e+03 9.146070e+03 9.122940e+03
1.1 9.093021e+03 9.076719e+03 9.150808e+03 9.167110e+03
2.1 9.142386e+03 9.166729e+03 9.185224e+03 9.160881e+03
3.1 9.146823e+03 9.170038e+03 9.211520e+03 9.188305e+03
4.1 9.130057e+03 9.165067e+03 9.201170e+03 9.166161e+03
5.1 9.148348e+03 9.127903e+03 9.178346e+03 9.198790e+03
6.1 9.182635e+03 9.157778e+03 9.160599e+03 9.185455e+03
7.1 9.197685e+03 9.198286e+03 9.150273e+03 9.149671e+03
8.1 9.163634e+03 9.179059e+03 9.146693e+03 9.131269e+03
9.1 9.159623e+03 9.191846e+03 9.173360e+03 9.141138e+03
10.1 9.192199e+03 9.172103e+03 9.205127e+03 9.225224e+03
11.1 9.163600e+03 9.140850e+03 9.200787e+03 9.223536e+03
12.1 9.177828e+03 9.145400e+03 9.188400e+03 9.220828e+03
13.1 9.149440e+03 9.157435e+03 9.208601e+03 9.200606e+03
14.1 9.171005e+03 9.192049e+03 9.213752e+03 9.192707e+03
15.1 9.160870e+03 9.158137e+03 9.191891e+03 9.194624e+03
16.1 9.168723e+03 9.161305e+03 9.167515e+03 9.174933e+03
17.1 9.191294e+03 9.199403e+03 9.166934e+03 9.158824e+03
18.1 9.161201e+03 9.168386e+03 9.197799e+03 9.190614e+03
19.1 9.162244e+03 9.182722e+03 9.203020e+03 9.182542e+03
20.1 9.107002e+03 9.120585e+03 9.183462e+03 9.169879e+03
0.9 9.163634e+03 9.179059e+03 9.146693e+03 9.131269e+03
1.9 9.159623e+03 9.191846e+03 9.173360e+03 9.141138e+03
2.9 9.192199e+03 9.172103e+03 9.205127e+03 9.225224e+03
3.9 9.163600e+03 9.140850e+03 9.200787e+03 9.223536e+03
4.9 9.177828e+03 9.145400e+03 9.188400e+03 9.220828e+03
5.9 9.149440e+03 9.157435e+03 9.208601e+03 9.200606e+03
6.9 9.171005e+03 9.192049e+03 9.213752e+03 9.192707e+03
7.9 9.160870e+03 9.158137e+03 9.191891e+03 9.194624e+03
8.9 9.168723e+03 9.161305e+03 9.167515e+03 9.174933e+03
9.9 9.191294e+03 9.199403e+03 9.166934e+03 9.158824e+03
10.9 9.161201e+03 9.168386e+03 9.197799e+03 9.190614e+03
11.9 9.162244e+03 9.182722e+03 9.203020e+03 9.182542e+03
12.9 9.107002e+03 9.120585e+03 9.183462e+03 9.169879e+03
13.9 9.075314e+03 9.118581e+03 9.163296e+03 9.120028e+03
14.9 9.146506e+03 9.093734e+03 9.150959e+03 9.203731e+03
15.9 9.203030e+03 9.158417e+03 9.159923e+03 9.204536e+03
16.9 9.215347e+03 9.214143e+03 9.196179e+03 9.197384e+03
17.9 9.168156e+03 9.151705e+03 9.204137e+03 9.220588e+03
18.9 9.161247e+03 9.158826e+03 9.185727e+03 9.188147e+03
19.9 9.145055e+03 9.105832e+03 9.165689e+03 9.204912e+03
20.9 9.170003e+03 9.152873e+03 9.152927e+03 9.170058e+03
0.3 9.163600e+03 9.140850e+03 9.200787e+03 9.223536e+03
1.3 9.177828e+03 9.145400e+03 9.188400e+03 9.220828e+03
2.3 9.149440e+03 9.157435e+03 9.208601e+03 9.200606e+03
3.3 9.171005e+03 9.192049e+03 9.213752e+03 9.192707e+03
4.3 9.160870e+03 9.158137e+03 9.191891e+03 9.194624e+03
5.3 9.168723e+03 9.161305e+03 9.167515e+03 9.174933e+03
6.3 9.191294e+03 9.199403e+03 9.166934e+03 9.158824e+03
7.3 9.161201e+03 9.168386e+03 9.197799e+03 9.190614e+03
8.3 9.162244e+03 9.182722e+03 9.203020e+03 9.182542e+03
9.3 9.107002e+03 9.120585e+03 9.183462e+03 9.169879e+03
10.3 9.075314e+03 9.118581e+03 9.163296e+03 9.120028e+03
11.3 9.146506e+03 9.093734e+03 9.150959e+03 9.203731e+03
12.3 9.203030e+03 9.158417e+03 9.159923e+03 9.204536e+03
13.3 9.215347e+03 9.214143e+03 9.196179e+03 9.197384e+03
14.3 9.168156e+03 9.151705e+03 9.204137e+03 9.220588e+03
15.3 9.161247e+03 9.158826e+03 9.185727e+03 9.188147e+03
16.3 9.145055e+03 9.105832e+03 9.165689e+03 9.204912e+03
17.3 9.170003e+03 9.152873e+03 9.152927e+03 9.170058e+03
18.3 9.159164e+03 9.156650e+03 9.161296e+03 9.163810e+03
19.3 9.185260e+03 9.202183e+03 9.197022e+03 9.180098e+03
20.3 9.218564e+03 9.198654e+03 9.204604e+03 9.224514e+03
0.5 9.168723e+03 9.161305e+03 9.167515e+03 9.174933e+03
1.5 9.191294e+03 9.199403e+03 9.166934e+03 9.158824e+03
2.5 9.161201e+03 9.168386e+03 9.197799e+03 9.190614e+03
3.5 9.162244e+03 9.182722e+03 9.203020e+03 9.182542e+03
4.5 9.107002e+03 9.120585e+03 9.183462e+03 9.169879e+03
5.5 9.075314e+03 9.118581e+03 9.163296e+03 9.120028e+03
6.5 9.146506e+03 9.093734e+03 9.150959e+03 9.203731e+03
7.5 9.203030e+03 9.158417e+03 9.159923e+03 9.204536e+03
8.5 9.215347e+03 9.214143e+03 9.196179e+03 9.197384e+03
9.5 9.168156e+03 9.151705e+03 9.204137e+03 9.220588e+03
10.5 9.161247e+03 9.158826e+03 9.185727e+03 9.188147e+03
11.5 9.145055e+03 9.105832e+03 9.165689e+03 9.204912e+03
12.5 9.170003e+03 9.152873e+03 9.152927e+03 9.170058e+03
13.5 9.159164e+03 9.156650e+03 9.161296e+03 9.163810e+03
14.5 9.185260e+03 9.202183e+03 9.197022e+03 9.180098e+03
15.5 9.218564e+03 9.198654e+03 9.204604e+03 9.224514e+03
16.5 9.230694e+03 9.214476e+03 9.185966e+03 9.202183e+03
17.5 9.156217e+03 9.118787e+03 9.165802e+03 9.203232e+03
18.5 9.128316e+03 9.133441e+03 9.152898e+03 9.147772e+03
19.5 9.177509e+03 9.144652e+03 9.146198e+03 9.179056e+03
20.5 9.207837e+03 9.217950e+03 9.143451e+03 9.133338e+03
0.5 9.146506e+03 9.093734e+03 9.150959e+03 9.203731e+03
1.5 9.203030e+03 9.158417e+03 9.159923e+03 9.204536e+03
2.5 9.215347e+03 9.214143e+03 9.196179e+03 9.197384e+03
3.5 9.168156e+03 9.151705e+03 9.204137e+03 9.220588e+03
4.5 9.161247e+03 9.158826e+03 9.185727e+03 9.188147e+03
5.5 9.145055e+03 9.105832e+03 9.165689e+03 9.204912e+03
6.5 9.170003e+03 9.152873e+03 9.152927e+03 9.170058e+03
7.5 9.159164e+03 9.156650e+03 9.161296e+03 9.163810e+03
8.5 9.185260e+03 9.202183e+03 9.197022e+03 9.180098e+03
9.5 9.218564e+03 9.198654e+03 9.204604e+03 9.224514e+03
10.5 9.230694e+03 9.214476e+03 9.185966e+03 9.202183e+03
11.5 9.156217e+03 9.118787e+03 9.165802e+03 9.203232e+03
12.5 9.128316e+03 9.133441e+03 9.152898e+03 9.147772e+03
13.5 9.177509e+03 9.144652e+03 9.146198e+03 9.179056e+03
14.5 9.207837e+03 9.217950e+03 9.143451e+03 9.133338e+03
15.5 9.232406e+03 9.250912e+03 9.143141e+03 9.124635e+03
16.5 9.168384e+03 9.166682e+03 9.144142e+03 9.145845e+03
17.5 9.128704e+03 9.175570e+03 9.145574e+03 9.098708e+03
18.5 9.155674e+03 9.161420e+03 9.146878e+03 9.141132e+03
19.5 9.203159e+03 9.230378e+03 9.147830e+03 9.120611e+03
20.5 9.215696e+03 9.217442e+03 9.148429e+03 9.146683e+03
0.5 9.170003e+03 9.152873e+03 9.152927e+03 9.170058e+03
1.5 9.159164e+03 9.156650e+03 9.161296e+03 9.163810e+03
2.5 9.185260e+03 9.202183e+03 9.197022e+03 9.180098e+03
3.5 9.218564e+03 9.198654e+03 9.204604e+03 9.224514e+03
4.5 9.230694e+03 9.214476e+03 9.185966e+03 9.202183e+03
5.5 9.156217e+03 9.118787e+03 9.165802e+03 9.203232e+03
6.5 9.128316e+03 9.133441e+03 9.152898e+03 9.147772e+03
7.5 9.177509e+03 9.144652e+03 9.146198e+03 9.179056e+03
8.5 9.207837e+03 9.217950e+03 9.143451e+03 9.133338e+03
9.5 9.232406e+03 9.250912e+03 9.143141e+03 9.124635e+03
10.5 9.168384e+03 9.166682e+03 9.144142e+03 9.145845e+03
11.5 9.128704e+03 9.175570e+03 9.145574e+03 9.098708e+03
12.5 9.155674e+03 9.161420e+03 9.146878e+03 9.141132e+03
13.5 9.203159e+03 9.230378e+03 9.147830e+03 9.120611e+03
14.5 9.215696e+03 9.217442e+03 9.148429e+03 9.146683e+03
15.5 9.176839e+03 9.135328e+03 9.153707e+03 9.195218e+03
16.5 9.203671e+03 9.180937e+03 9.189513e+03 9.212247e+03
17.5 9.262295e+03 9.207120e+03 9.212241e+03 9.267416e+03
18.5 9.198057e+03 9.210820e+03 9.199491e+03 9.186727e+03
19.5 9.166711e+03 9.214428e+03 9.176599e+03 9.128881e+03
20.5 9.134136e+03 9.149913e+03 9.159478e+03 9.143701e+03
0.1 9.215696e+03 9.217442e+03 9.148429e+03 9.146683e+03
1.1 9.176839e+03 9.135328e+03 9.153707e+03 9.195218e+03
2.1 9.203671e+03 9.180937e+03 9.189513e+03 9.212247e+03
3.1 9.262295e+03 9.207120e+03 9.212241e+03 9.267416e+03
4.1 9.198057e+03 9.210820e+03 9.199491e+03 9.186727e+03
5.1 9.166711e+03 9.214428e+03 9.176599e+03 9.128881e+03
6.1 9.134136e+03 9.149913e+03 9.159478e+03 9.143701e+03
7.1 9.180804e+03 9.213736e+03 9.149678e+03 9.116746e+03
8.1 9.237470e+03 9.198583e+03 9.144954e+03 9.183840e+03
9.1 9.132555e+03 9.162767e+03 9.143461e+03 9.113249e+03
10.1 9.081092e+03 9.121811e+03 9.143870e+03 9.103152e+03
11.1 9.141949e+03 9.146326e+03 9.145119e+03 9.140742e+03
12.1 9.070198e+03 9.145707e+03 9.146464e+03 9.070955e+03
13.1 9.052554e+03 9.137984e+03 9.147535e+03 9.062105e+03
14.1 9.080138e+03 9.060781e+03 9.148248e+03 9.167604e+03
15.1 9.144687e+03 9.142302e+03 9.148666e+03 9.151051e+03
16.1 9.062376e+03 9.104515e+03 9.148887e+03 9.106747e+03
17.1 8.974403e+03 9.023536e+03 9.148994e+03 9.099862e+03
18.1 8.979331e+03 9.014226e+03 9.149043e+03 9.114148e+03
19.1 9.065778e+03 9.055529e+03 9.149064e+03 9.159313e+03
20.1 9.182551e+03 9.122504e+03 9.149073e+03 9.209119e+03
0.8 9.146853e+03 9.092346e+03 9.149965e+03 9.204473e+03
1.8 9.179129e+03 9.147721e+03 9.175335e+03 9.206743e+03
2.8 9.188778e+03 9.195503e+03 9.209156e+03 9.202432e+03
3.8 9.152317e+03 9.146054e+03 9.206432e+03 9.212695e+03
4.8 9.127966e+03 9.192503e+03 9.184198e+03 9.119661e+03
5.8 9.159500e+03 9.186090e+03 9.164445e+03 9.137855e+03
6.8 9.180526e+03 9.191189e+03 9.152351e+03 9.141687e+03
7.8 9.184263e+03 9.227118e+03 9.146132e+03 9.103277e+03
