0.2 9.817688e+03 9.883662e+03 9.870924e+03 9.804950e+03
1.2 9.879288e+03 9.869929e+03 9.869283e+03 9.878642e+03
2.2 9.852853e+03 9.870429e+03 9.858490e+03 9.840913e+03
3.2 9.810354e+03 9.844910e+03 9.852066e+03 9.817510e+03
4.2 9.893846e+03 9.871596e+03 9.856080e+03 9.878330e+03
5.2 9.917562e+03 9.876548e+03 9.862896e+03 9.903910e+03
6.2 9.927924e+03 9.891803e+03 9.867934e+03 9.904055e+03
7.2 9.881445e+03 9.889414e+03 9.870803e+03 9.862834e+03
8.2 9.919656e+03 9.886161e+03 9.872177e+03 9.905672e+03
9.2 9.877656e+03 9.895776e+03 9.872601e+03 9.854481e+03
10.2 9.861288e+03 9.882461e+03 9.872467e+03 9.851294e+03
11.2 9.874459e+03 9.876444e+03 9.872092e+03 9.870107e+03
12.2 9.829364e+03 9.863406e+03 9.871692e+03 9.837650e+03
13.2 9.879129e+03 9.871599e+03 9.869367e+03 9.876896e+03
14.2 9.872214e+03 9.854137e+03 9.858071e+03 9.876148e+03
15.2 9.849515e+03 9.849569e+03 9.852190e+03 9.852136e+03
16.2 9.893069e+03 9.855976e+03 9.856521e+03 9.893614e+03
17.2 9.899920e+03 9.883968e+03 9.863272e+03 9.879224e+03
18.2 9.934682e+03 9.869007e+03 9.868160e+03 9.933835e+03
19.2 9.896070e+03 9.881841e+03 9.868910e+03 9.883139e+03
20.2 9.878923e+03 9.850651e+03 9.859129e+03 9.887400e+03
0.2 9.829364e+03 9.863406e+03 9.871692e+03 9.837650e+03
1.2 9.879129e+03 9.871599e+03 9.869367e+03 9.876896e+03
2.2 9.872214e+03 9.854137e+03 9.858071e+03 9.876148e+03
3.2 9.849515e+03 9.849569e+03 9.852190e+03 9.852136e+03
4.2 9.893069e+03 9.855976e+03 9.856521e+03 9.893614e+03
5.2 9.899920e+03 9.883968e+03 9.863272e+03 9.879224e+03
6.2 9.934682e+03 9.869007e+03 9.868160e+03 9.933835e+03
7.2 9.896070e+03 9.881841e+03 9.868910e+03 9.883139e+03
8.2 9.878923e+03 9.850651e+03 9.859129e+03 9.887400e+03
9.2 9.813747e+03 9.852267e+03 9.853751e+03 9.815231e+03
10.2 9.852446e+03 9.838674e+03 9.857991e+03 9.871764e+03
11.2 9.829999e+03 9.861466e+03 9.864393e+03 9.832925e+03
12.2 9.890294e+03 9.867913e+03 9.868898e+03 9.891279e+03
13.2 9.863414e+03 9.887470e+03 9.871353e+03 9.847297e+03
14.2 9.901308e+03 9.889190e+03 9.872456e+03 9.884574e+03
15.2 9.878573e+03 9.886473e+03 9.872720e+03 9.864820e+03
16.2 9.909856e+03 9.892244e+03 9.872410e+03 9.890023e+03
17.2 9.889188e+03 9.876462e+03 9.865996e+03 9.878723e+03
18.2 9.861138e+03 9.857166e+03 9.854613e+03 9.858584e+03
19.2 9.875550e+03 9.843665e+03 9.853584e+03 9.885469e+03
20.2 9.855271e+03 9.867555e+03 9.859698e+03 9.847415e+03
0.2 9.934682e+03 9.869007e+03 9.868160e+03 9.933835e+03
1.2 9.896070e+03 9.881841e+03 9.868910e+03 9.883139e+03
2.2 9.878923e+03 9.850651e+03 9.859129e+03 9.887400e+03
3.2 9.813747e+03 9.852267e+03 9.853751e+03 9.815231e+03
4.2 9.852446e+03 9.838674e+03 9.857991e+03 9.871764e+03
5.2 9.829999e+03 9.861466e+03 9.864393e+03 9.832925e+03
6.2 9.890294e+03 9.867913e+03 9.868898e+03 9.891279e+03
7.2 9.863414e+03 9.887470e+03 9.871353e+03 9.847297e+03
8.2 9.901308e+03 9.889190e+03 9.872456e+03 9.884574e+03
9.2 9.878573e+03 9.886473e+03 9.872720e+03 9.864820e+03
10.2 9.909856e+03 9.892244e+03 9.872410e+03 9.890023e+03
11.2 9.889188e+03 9.876462e+03 9.865996e+03 9.878723e+03
12.2 9.861138e+03 9.857166e+03 9.854613e+03 9.858584e+03
13.2 9.875550e+03 9.843665e+03 9.853584e+03 9.885469e+03
14.2 9.855271e+03 9.867555e+03 9.859698e+03 9.847415e+03
15.2 9.881688e+03 9.878437e+03 9.865759e+03 9.869010e+03
16.2 9.892616e+03 9.889118e+03 9.869611e+03 9.873109e+03
17.2 9.843637e+03 9.885927e+03 9.871641e+03 9.829351e+03
18.2 9.929601e+03 9.887853e+03 9.872485e+03 9.914232e+03
19.2 9.857323e+03 9.899732e+03 9.872588e+03 9.830179e+03
20.2 9.888958e+03 9.897351e+03 9.872301e+03 9.863907e+03
0.7 9.909856e+03 9.892244e+03 9.872410e+03 9.890023e+03
1.7 9.889188e+03 9.876462e+03 9.865996e+03 9.878723e+03
2.7 9.861138e+03 9.857166e+03 9.854613e+03 9.858584e+03
3.7 9.875550e+03 9.843665e+03 9.853584e+03 9.885469e+03
4.7 9.855271e+03 9.867555e+03 9.859698e+03 9.847415e+03
5.7 9.881688e+03 9.878437e+03 9.865759e+03 9.869010e+03
6.7 9.892616e+03 9.889118e+03 9.869611e+03 9.873109e+03
7.7 9.843637e+03 9.885927e+03 9.871641e+03 9.829351e+03
8.7 9.929601e+03 9.887853e+03 9.872485e+03 9.914232e+03
9.7 9.857323e+03 9.899732e+03 9.872588e+03 9.830179e+03
10.7 9.888958e+03 9.897351e+03 9.872301e+03 9.863907e+03
11.7 9.893938e+03 9.892136e+03 9.871373e+03 9.873174e+03
12.7 9.871644e+03 9.876485e+03 9.862264e+03 9.857422e+03
13.7 9.842811e+03 9.862710e+03 9.852875e+03 9.832975e+03
14.7 9.796675e+03 9.841118e+03 9.854635e+03 9.810192e+03
15.7 9.845312e+03 9.869342e+03 9.861315e+03 9.837285e+03
16.7 9.889855e+03 9.875736e+03 9.865588e+03 9.879707e+03
17.7 9.890143e+03 9.868551e+03 9.858500e+03 9.880092e+03
18.7 9.852194e+03 9.852479e+03 9.853116e+03 9.852831e+03
19.7 9.921784e+03 9.861246e+03 9.857340e+03 9.917878e+03
20.7 9.845966e+03 9.852143e+03 9.864151e+03 9.857974e+03
0.9 9.893938e+03 9.892136e+03 9.871373e+03 9.873174e+03
1.9 9.871644e+03 9.876485e+03 9.862264e+03 9.857422e+03
2.9 9.842811e+03 9.862710e+03 9.852875e+03 9.832975e+03
3.9 9.796675e+03 9.841118e+03 9.854635e+03 9.810192e+03
4.9 9.845312e+03 9.869342e+03 9.861315e+03 9.837285e+03
5.9 9.889855e+03 9.875736e+03 9.865588e+03 9.879707e+03
6.9 9.890143e+03 9.868551e+03 9.858500e+03 9.880092e+03
7.9 9.852194e+03 9.852479e+03 9.853116e+03 9.852831e+03
8.9 9.921784e+03 9.861246e+03 9.857340e+03 9.917878e+03
9.9 9.845966e+03 9.852143e+03 9.864151e+03 9.857974e+03
10.9 9.789370e+03 9.763184e+03 9.868984e+03 9.895170e+03
11.9 9.874548e+03 9.868862e+03 9.871551e+03 9.877237e+03
12.9 9.872831e+03 9.901003e+03 9.872652e+03 9.844480e+03
13.9 9.889140e+03 9.892897e+03 9.872882e+03 9.869125e+03
14.9 9.800986e+03 9.868658e+03 9.872629e+03 9.804957e+03
15.9 9.896545e+03 9.875278e+03 9.872184e+03 9.893451e+03
16.9 9.877771e+03 9.873319e+03 9.871744e+03 9.876196e+03
17.9 9.905180e+03 9.888497e+03 9.871404e+03 9.888087e+03
18.9 9.958082e+03 9.928598e+03 9.871181e+03 9.900665e+03
19.9 9.887634e+03 9.898822e+03 9.871051e+03 9.859863e+03
20.9 9.863625e+03 9.879736e+03 9.870982e+03 9.854871e+03
0.1 9.845312e+03 9.869342e+03 9.861315e+03 9.837285e+03
1.1 9.889855e+03 9.875736e+03 9.865588e+03 9.879707e+03
2.1 9.890143e+03 9.868551e+03 9.858500e+03 9.880092e+03
3.1 9.852194e+03 9.852479e+03 9.853116e+03 9.852831e+03
4.1 9.921784e+03 9.861246e+03 9.857340e+03 9.917878e+03
5.1 9.845966e+03 9.852143e+03 9.864151e+03 9.857974e+03
6.1 9.789370e+03 9.763184e+03 9.868984e+03 9.895170e+03
7.1 9.874548e+03 9.868862e+03 9.871551e+03 9.877237e+03
8.1 9.872831e+03 9.901003e+03 9.872652e+03 9.844480e+03
9.1 9.889140e+03 9.892897e+03 9.872882e+03 9.869125e+03
10.1 9.800986e+03 9.868658e+03 9.872629e+03 9.804957e+03
11.1 9.896545e+03 9.875278e+03 9.872184e+03 9.893451e+03
12.1 9.877771e+03 9.873319e+03 9.871744e+03 9.876196e+03
13.1 9.905180e+03 9.888497e+03 9.871404e+03 9.888087e+03
14.1 9.958082e+03 9.928598e+03 9.871181e+03 9.900665e+03
15.1 9.887634e+03 9.898822e+03 9.871051e+03 9.859863e+03
16.1 9.863625e+03 9.879736e+03 9.870982e+03 9.854871e+03
17.1 9.860310e+03 9.866411e+03 9.870949e+03 9.864847e+03
18.1 9.860435e+03 9.884252e+03 9.870934e+03 9.847117e+03
19.1 9.888580e+03 9.879535e+03 9.870928e+03 9.879973e+03
20.1 9.868595e+03 9.893966e+03 9.870925e+03 9.845554e+03
1.0 9.786792e+03 9.825917e+03 9.870010e+03 9.830885e+03
2.0 9.846553e+03 9.834014e+03 9.860226e+03 9.872765e+03
3.0 9.849266e+03 9.833483e+03 9.852226e+03 9.868009e+03
4.0 9.874876e+03 9.846549e+03 9.855152e+03 9.883479e+03
5.0 9.830364e+03 9.863310e+03 9.861987e+03 9.829042e+03
6.0 9.912969e+03 9.859279e+03 9.867360e+03 9.921050e+03
7.0 9.868652e+03 9.863927e+03 9.870500e+03 9.875226e+03
8.0 9.842312e+03 9.862133e+03 9.872049e+03 9.852229e+03
9.0 9.877072e+03 9.875061e+03 9.872583e+03 9.874593e+03
10.0 9.850130e+03 9.857473e+03 9.872508e+03 9.865164e+03
11.0 9.847921e+03 9.858524e+03 9.872151e+03 9.861548e+03
12.0 9.844885e+03 9.835164e+03 9.871746e+03 9.881467e+03
13.0 9.827044e+03 9.849912e+03 9.870378e+03 9.847509e+03
14.0 9.840350e+03 9.839030e+03 9.860138e+03 9.861458e+03
15.0 9.809519e+03 9.844840e+03 9.852308e+03 9.816986e+03
16.0 9.871225e+03 9.845562e+03 9.855395e+03 9.881058e+03
17.0 9.833870e+03 9.858504e+03 9.862199e+03 9.837566e+03
18.0 9.821498e+03 9.848305e+03 9.865279e+03 9.838472e+03
19.0 9.878487e+03 9.840946e+03 9.857151e+03 9.894692e+03
20.0 9.890539e+03 9.886847e+03 9.853240e+03 9.856932e+03
21.0 9.878228e+03 9.867784e+03 9.858207e+03 9.868650e+03
0.1 9.844885e+03 9.835164e+03 9.871746e+03 9.881467e+03
1.1 9.827044e+03 9.849912e+03 9.870378e+03 9.847509e+03
2.1 9.840350e+03 9.839030e+03 9.860138e+03 9.861458e+03
3.1 9.809519e+03 9.844840e+03 9.852308e+03 9.816986e+03
4.1 9.871225e+03 9.845562e+03 9.855395e+03 9.881058e+03
5.1 9.833870e+03 9.858504e+03 9.862199e+03 9.837566e+03
6.1 9.821498e+03 9.848305e+03 9.865279e+03 9.838472e+03
7.1 9.878487e+03 9.840946e+03 9.857151e+03 9.894692e+03
8.1 9.890539e+03 9.886847e+03 9.853240e+03 9.856932e+03
9.1 9.878228e+03 9.867784e+03 9.858207e+03 9.868650e+03
10.1 9.862336e+03 9.869494e+03 9.858566e+03 9.851407e+03
11.1 9.785760e+03 9.845373e+03 9.852214e+03 9.792601e+03
12.1 9.864097e+03 9.852985e+03 9.854127e+03 9.865238e+03
13.1 9.898470e+03 9.853982e+03 9.861467e+03 9.905955e+03
14.1 9.858222e+03 9.878249e+03 9.867732e+03 9.847704e+03
15.1 9.913388e+03 9.894207e+03 9.871287e+03 9.890467e+03
16.1 9.900192e+03 9.873943e+03 9.872850e+03 9.899100e+03
17.1 9.852578e+03 9.865116e+03 9.873251e+03 9.860713e+03
18.1 9.868033e+03 9.869962e+03 9.873022e+03 9.871092e+03
19.1 9.895729e+03 9.859856e+03 9.871205e+03 9.907079e+03
20.1 9.899829e+03 9.869008e+03 9.860244e+03 9.891064e+03
0.3 9.833870e+03 9.858504e+03 9.862199e+03 9.837566e+03
1.3 9.821498e+03 9.848305e+03 9.865279e+03 9.838472e+03
2.3 9.878487e+03 9.840946e+03 9.857151e+03 9.894692e+03
3.3 9.890539e+03 9.886847e+03 9.853240e+03 9.856932e+03
4.3 9.878228e+03 9.867784e+03 9.858207e+03 9.868650e+03
5.3 9.862336e+03 9.869494e+03 9.858566e+03 9.851407e+03
6.3 9.785760e+03 9.845373e+03 9.852214e+03 9.792601e+03
7.3 9.864097e+03 9.852985e+03 9.854127e+03 9.865238e+03
8.3 9.898470e+03 9.853982e+03 9.861467e+03 9.905955e+03
9.3 9.858222e+03 9.878249e+03 9.867732e+03 9.847704e+03
10.3 9.913388e+03 9.894207e+03 9.871287e+03 9.890467e+03
11.3 9.900192e+03 9.873943e+03 9.872850e+03 9.899100e+03
12.3 9.852578e+03 9.865116e+03 9.873251e+03 9.860713e+03
13.3 9.868033e+03 9.869962e+03 9.873022e+03 9.871092e+03
14.3 9.895729e+03 9.859856e+03 9.871205e+03 9.907079e+03
15.3 9.899829e+03 9.869008e+03 9.860244e+03 9.891064e+03
16.3 9.854307e+03 9.851671e+03 9.852745e+03 9.855381e+03
17.3 9.839427e+03 9.852869e+03 9.856056e+03 9.842614e+03
18.3 9.873195e+03 9.850160e+03 9.862718e+03 9.885753e+03
19.3 9.857423e+03 9.857104e+03 9.867795e+03 9.868114e+03
20.3 9.889964e+03 9.874028e+03 9.870723e+03 9.886659e+03
0.7 9.878228e+03 9.867784e+03 9.858207e+03 9.868650e+03
1.7 9.862336e+03 9.869494e+03 9.858566e+03 9.851407e+03
2.7 9.785760e+03 9.845373e+03 9.852214e+03 9.792601e+03
3.7 9.864097e+03 9.852985e+03 9.854127e+03 9.865238e+03
4.7 9.898470e+03 9.853982e+03 9.861467e+03 9.905955e+03
5.7 9.858222e+03 9.878249e+03 9.867732e+03 9.847704e+03
6.7 9.913388e+03 9.894207e+03 9.871287e+03 9.890467e+03
7.7 9.900192e+03 9.873943e+03 9.872850e+03 9.899100e+03
8.7 9.852578e+03 9.865116e+03 9.873251e+03 9.860713e+03
9.7 9.868033e+03 9.869962e+03 9.873022e+03 9.871092e+03
10.7 9.895729e+03 9.859856e+03 9.871205e+03 9.907079e+03
11.7 9.899829e+03 9.869008e+03 9.860244e+03 9.891064e+03
12.7 9.854307e+03 9.851671e+03 9.852745e+03 9.855381e+03
13.7 9.839427e+03 9.852869e+03 9.856056e+03 9.842614e+03
14.7 9.873195e+03 9.850160e+03 9.862718e+03 9.885753e+03
15.7 9.857423e+03 9.857104e+03 9.867795e+03 9.868114e+03
16.7 9.889964e+03 9.874028e+03 9.870723e+03 9.886659e+03
17.7 9.866531e+03 9.872820e+03 9.872144e+03 9.865855e+03
18.7 9.871888e+03 9.888562e+03 9.872601e+03 9.855927e+03
19.7 9.843178e+03 9.871667e+03 9.872487e+03 9.843997e+03
20.7 9.936545e+03 9.866513e+03 9.872115e+03 9.942147e+03
0.1 9.868033e+03 9.869962e+03 9.873022e+03 9.871092e+03
1.1 9.895729e+03 9.859856e+03 9.871205e+03 9.907079e+03
2.1 9.899829e+03 9.869008e+03 9.860244e+03 9.891064e+03
3.1 9.854307e+03 9.851671e+03 9.852745e+03 9.855381e+03
4.1 9.839427e+03 9.852869e+03 9.856056e+03 9.842614e+03
5.1 9.873195e+03 9.850160e+03 9.862718e+03 9.885753e+03
6.1 9.857423e+03 9.857104e+03 9.867795e+03 9.868114e+03
7.1 9.889964e+03 9.874028e+03 9.870723e+03 9.886659e+03
8.1 9.866531e+03 9.872820e+03 9.872144e+03 9.865855e+03
9.1 9.871888e+03 9.888562e+03 9.872601e+03 9.855927e+03
10.1 9.843178e+03 9.871667e+03 9.872487e+03 9.843997e+03
11.1 9.936545e+03 9.866513e+03 9.872115e+03 9.942147e+03
12.1 9.803868e+03 9.865160e+03 9.869066e+03 9.807774e+03
13.1 9.853205e+03 9.864845e+03 9.857351e+03 9.845711e+03
14.1 9.823152e+03 9.858885e+03 9.852395e+03 9.816663e+03
15.1 9.852397e+03 9.861392e+03 9.857180e+03 9.848185e+03
16.1 9.824040e+03 9.861879e+03 9.863820e+03 9.825982e+03
17.1 9.885289e+03 9.876371e+03 9.868487e+03 9.877405e+03
18.1 9.905752e+03 9.881419e+03 9.871086e+03 9.895419e+03
19.1 9.857780e+03 9.898997e+03 9.872290e+03 9.831073e+03
20.1 9.903618e+03 9.885608e+03 9.872006e+03 9.890016e+03
0.3 9.936545e+03 9.866513e+03 9.872115e+03 9.942147e+03
1.3 9.803868e+03 9.865160e+03 9.869066e+03 9.807774e+03
2.3 9.853205e+03 9.864845e+03 9.857351e+03 9.845711e+03
3.3 9.823152e+03 9.858885e+03 9.852395e+03 9.816663e+03
4.3 9.852397e+03 9.861392e+03 9.857180e+03 9.848185e+03
5.3 9.824040e+03 9.861879e+03 9.863820e+03 9.825982e+03
6.3 9.885289e+03 9.876371e+03 9.868487e+03 9.877405e+03
7.3 9.905752e+03 9.881419e+03 9.871086e+03 9.895419e+03
8.3 9.857780e+03 9.898997e+03 9.872290e+03 9.831073e+03
9.3 9.903618e+03 9.885608e+03 9.872006e+03 9.890016e+03
10.3 9.866618e+03 9.868472e+03 9.862800e+03 9.860946e+03
11.3 9.828473e+03 9.857223e+03 9.853552e+03 9.824802e+03
12.3 9.868769e+03 9.852227e+03 9.855343e+03 9.871884e+03
13.3 9.827402e+03 9.836143e+03 9.858711e+03 9.849970e+03
14.3 9.869689e+03 9.845178e+03 9.852580e+03 9.877092e+03
15.3 9.875150e+03 9.887737e+03 9.851723e+03 9.839136e+03
16.3 9.869632e+03 9.866719e+03 9.858322e+03 9.861235e+03
17.3 9.860862e+03 9.853304e+03 9.858287e+03 9.865845e+03
18.3 9.784716e+03 9.845958e+03 9.852515e+03 9.791273e+03
19.3 9.818701e+03 9.834328e+03 9.855200e+03 9.839573e+03
20.3 9.876421e+03 9.835859e+03 9.862515e+03 9.903077e+03
1.0 9.903618e+03 9.885608e+03 9.872006e+03 9.890016e+03
2.0 9.866618e+03 9.868472e+03 9.862800e+03 9.860946e+03
3.0 9.828473e+03 9.857223e+03 9.853552e+03 9.824802e+03
4.0 9.868769e+03 9.852227e+03 9.855343e+03 9.871884e+03
5.0 9.827402e+03 9.836143e+03 9.858711e+03 9.849970e+03
6.0 9.869689e+03 9.845178e+03 9.852580e+03 9.877092e+03
7.0 9.875150e+03 9.887737e+03 9.851723e+03 9.839136e+03
8.0 9.869632e+03 9.866719e+03 9.858322e+03 9.861235e+03
9.0 9.860862e+03 9.853304e+03 9.858287e+03 9.865845e+03
10.0 9.784716e+03 9.845958e+03 9.852515e+03 9.791273e+03
11.0 9.818701e+03 9.834328e+03 9.855200e+03 9.839573e+03
12.0 9.876421e+03 9.835859e+03 9.862515e+03 9.903077e+03
13.0 9.837562e+03 9.877776e+03 9.868406e+03 9.828192e+03
14.0 9.890873e+03 9.862562e+03 9.871634e+03 9.899946e+03
15.0 9.884874e+03 9.868822e+03 9.872994e+03 9.889047e+03
16.0 9.860943e+03 9.850853e+03 9.873282e+03 9.883372e+03
17.0 9.872868e+03 9.870697e+03 9.872997e+03 9.875169e+03
18.0 9.884485e+03 9.870468e+03 9.870660e+03 9.884677e+03
19.0 9.921963e+03 9.881101e+03 9.859187e+03 9.900049e+03
20.0 9.874422e+03 9.867322e+03 9.852679e+03 9.859778e+03
21.0 9.883570e+03 9.866583e+03 9.856551e+03 9.873539e+03
0.4 9.868769e+03 9.852227e+03 9.855343e+03 9.871884e+03
1.4 9.827402e+03 9.836143e+03 9.858711e+03 9.849970e+03
2.4 9.869689e+03 9.845178e+03 9.852580e+03 9.877092e+03
3.4 9.875150e+03 9.887737e+03 9.851723e+03 9.839136e+03
4.4 9.869632e+03 9.866719e+03 9.858322e+03 9.861235e+03
5.4 9.860862e+03 9.853304e+03 9.858287e+03 9.865845e+03
6.4 9.784716e+03 9.845958e+03 9.852515e+03 9.791273e+03
7.4 9.818701e+03 9.834328e+03 9.855200e+03 9.839573e+03
8.4 9.876421e+03 9.835859e+03 9.862515e+03 9.903077e+03
9.4 9.837562e+03 9.877776e+03 9.868406e+03 9.828192e+03
10.4 9.890873e+03 9.862562e+03 9.871634e+03 9.899946e+03
11.4 9.884874e+03 9.868822e+03 9.872994e+03 9.889047e+03
12.4 9.860943e+03 9.850853e+03 9.873282e+03 9.883372e+03
13.4 9.872868e+03 9.870697e+03 9.872997e+03 9.875169e+03
14.4 9.884485e+03 9.870468e+03 9.870660e+03 9.884677e+03
15.4 9.921963e+03 9.881101e+03 9.859187e+03 9.900049e+03
16.4 9.874422e+03 9.867322e+03 9.852679e+03 9.859778e+03
17.4 9.883570e+03 9.866583e+03 9.856551e+03 9.873539e+03
18.4 9.874752e+03 9.857824e+03 9.857804e+03 9.874732e+03
19.4 9.850456e+03 9.846501e+03 9.851463e+03 9.855418e+03
20.4 9.892134e+03 9.862155e+03 9.852879e+03 9.882857e+03
0.8 9.869632e+03 9.866719e+03 9.858322e+03 9.861235e+03
1.8 9.860862e+03 9.853304e+03 9.858287e+03 9.865845e+03
2.8 9.784716e+03 9.845958e+03 9.852515e+03 9.791273e+03
3.8 9.818701e+03 9.834328e+03 9.855200e+03 9.839573e+03
4.8 9.876421e+03 9.835859e+03 9.862515e+03 9.903077e+03
5.8 9.837562e+03 9.877776e+03 9.868406e+03 9.828192e+03
6.8 9.890873e+03 9.862562e+03 9.871634e+03 9.899946e+03
7.8 9.884874e+03 9.868822e+03 9.872994e+03 9.889047e+03
8.8 9.860943e+03 9.850853e+03 9.873282e+03 9.883372e+03
9.8 9.872868e+03 9.870697e+03 9.872997e+03 9.875169e+03
10.8 9.884485e+03 9.870468e+03 9.870660e+03 9.884677e+03
11.8 9.921963e+03 9.881101e+03 9.859187e+03 9.900049e+03
12.8 9.874422e+03 9.867322e+03 9.852679e+03 9.859778e+03
13.8 9.883570e+03 9.866583e+03 9.856551e+03 9.873539e+03
14.8 9.874752e+03 9.857824e+03 9.857804e+03 9.874732e+03
15.8 9.850456e+03 9.846501e+03 9.851463e+03 9.855418e+03
16.8 9.892134e+03 9.862155e+03 9.852879e+03 9.882857e+03
17.8 9.872239e+03 9.876635e+03 9.860353e+03 9.855957e+03
18.8 9.843656e+03 9.870168e+03 9.867035e+03 9.840524e+03
19.8 9.818358e+03 9.864888e+03 9.870928e+03 9.824399e+03
20.8 9.912901e+03 9.887153e+03 9.872695e+03 9.898443e+03
0.2 9.872868e+03 9.870697e+03 9.872997e+03 9.875169e+03
1.2 9.884485e+03 9.870468e+03 9.870660e+03 9.884677e+03
2.2 9.921963e+03 9.881101e+03 9.859187e+03 9.900049e+03
3.2 9.874422e+03 9.867322e+03 9.852679e+03 9.859778e+03
4.2 9.883570e+03 9.866583e+03 9.856551e+03 9.873539e+03
5.2 9.874752e+03 9.857824e+03 9.857804e+03 9.874732e+03
6.2 9.850456e+03 9.846501e+03 9.851463e+03 9.855418e+03
7.2 9.892134e+03 9.862155e+03 9.852879e+03 9.882857e+03
8.2 9.872239e+03 9.876635e+03 9.860353e+03 9.855957e+03
9.2 9.843656e+03 9.870168e+03 9.867035e+03 9.840524e+03
10.2 9.818358e+03 9.864888e+03 9.870928e+03 9.824399e+03
11.2 9.912901e+03 9.887153e+03 9.872695e+03 9.898443e+03
12.2 9.875346e+03 9.877621e+03 9.873208e+03 9.870933e+03
13.2 9.836235e+03 9.875789e+03 9.873037e+03 9.833483e+03
14.2 9.916315e+03 9.856931e+03 9.872559e+03 9.931944e+03
15.2 9.883796e+03 9.882112e+03 9.871768e+03 9.873452e+03
16.2 9.925922e+03 9.886357e+03 9.863772e+03 9.903337e+03
17.2 9.868600e+03 9.867802e+03 9.853390e+03 9.854188e+03
18.2 9.863960e+03 9.870334e+03 9.854019e+03 9.847645e+03
19.2 9.856057e+03 9.860547e+03 9.860546e+03 9.856056e+03
20.2 9.866626e+03 9.865854e+03 9.866384e+03 9.867156e+03
0.6 9.883570e+03 9.866583e+03 9.856551e+03 9.873539e+03
1.6 9.874752e+03 9.857824e+03 9.857804e+03 9.874732e+03
2.6 9.850456e+03 9.846501e+03 9.851463e+03 9.855418e+03
3.6 9.892134e+03 9.862155e+03 9.852879e+03 9.882857e+03
4.6 9.872239e+03 9.876635e+03 9.860353e+03 9.855957e+03
5.6 9.843656e+03 9.870168e+03 9.867035e+03 9.840524e+03
6.6 9.818358e+03 9.864888e+03 9.870928e+03 9.824399e+03
7.6 9.912901e+03 9.887153e+03 9.872695e+03 9.898443e+03
8.6 9.875346e+03 9.877621e+03 9.873208e+03 9.870933e+03
9.6 9.836235e+03 9.875789e+03 9.873037e+03 9.833483e+03
10.6 9.916315e+03 9.856931e+03 9.872559e+03 9.931944e+03
11.6 9.883796e+03 9.882112e+03 9.871768e+03 9.873452e+03
12.6 9.925922e+03 9.886357e+03 9.863772e+03 9.903337e+03
13.6 9.868600e+03 9.867802e+03 9.853390e+03 9.854188e+03
14.6 9.863960e+03 9.870334e+03 9.854019e+03 9.847645e+03
15.6 9.856057e+03 9.860547e+03 9.860546e+03 9.856056e+03
16.6 9.866626e+03 9.865854e+03 9.866384e+03 9.867156e+03
17.6 9.881401e+03 9.873926e+03 9.869965e+03 9.877440e+03
18.6 9.892600e+03 9.877451e+03 9.871809e+03 9.886957e+03
19.6 9.853846e+03 9.887962e+03 9.872530e+03 9.838414e+03
20.6 9.899989e+03 9.867498e+03 9.872561e+03 9.905052e+03
0.8 9.883796e+03 9.882112e+03 9.871768e+03 9.873452e+03
1.8 9.925922e+03 9.886357e+03 9.863772e+03 9.903337e+03
2.8 9.868600e+03 9.867802e+03 9.853390e+03 9.854188e+03
3.8 9.863960e+03 9.870334e+03 9.854019e+03 9.847645e+03
4.8 9.856057e+03 9.860547e+03 9.860546e+03 9.856056e+03
5.8 9.866626e+03 9.865854e+03 9.866384e+03 9.867156e+03
6.8 9.881401e+03 9.873926e+03 9.869965e+03 9.877440e+03
7.8 9.892600e+03 9.877451e+03 9.871809e+03 9.886957e+03
8.8 9.853846e+03 9.887962e+03 9.872530e+03 9.838414e+03
9.8 9.899989e+03 9.867498e+03 9.872561e+03 9.905052e+03
10.8 9.800307e+03 9.843805e+03 9.870234e+03 9.826735e+03
11.8 9.890230e+03 9.907057e+03 9.858739e+03 9.841913e+03
12.8 9.883755e+03 9.887645e+03 9.852627e+03 9.848737e+03
13.8 9.866537e+03 9.868988e+03 9.856701e+03 9.854250e+03
14.8 9.866913e+03 9.841774e+03 9.857642e+03 9.882781e+03
15.8 9.838748e+03 9.849215e+03 9.851356e+03 9.840889e+03
16.8 9.801879e+03 9.832430e+03 9.853047e+03 9.822496e+03
17.8 9.831457e+03 9.845242e+03 9.860576e+03 9.846791e+03
18.8 9.836399e+03 9.870058e+03 9.867185e+03 9.833526e+03
19.8 9.883383e+03 9.871749e+03 9.870931e+03 9.882565e+03
20.8 9.866182e+03 9.891889e+03 9.866960e+03 9.841253e+03
0.2 9.899989e+03 9.867498e+03 9.872561e+03 9.905052e+03
1.2 9.800307e+03 9.843805e+03 9.870234e+03 9.826735e+03
2.2 9.890230e+03 9.907057e+03 9.858739e+03 9.841913e+03
3.2 9.883755e+03 9.887645e+03 9.852627e+03 9.848737e+03
4.2 9.866537e+03 9.868988e+03 9.856701e+03 9.854250e+03
5.2 9.866913e+03 9.841774e+03 9.857642e+03 9.882781e+03
6.2 9.838748e+03 9.849215e+03 9.851356e+03 9.840889e+03
7.2 9.801879e+03 9.832430e+03 9.853047e+03 9.822496e+03
8.2 9.831457e+03 9.845242e+03 9.860576e+03 9.846791e+03
9.2 9.836399e+03 9.870058e+03 9.867185e+03 9.833526e+03
10.2 9.883383e+03 9.871749e+03 9.870931e+03 9.882565e+03
11.2 9.866182e+03 9.891889e+03 9.866960e+03 9.841253e+03
12.2 9.872568e+03 9.883920e+03 9.856342e+03 9.844990e+03
13.2 9.858641e+03 9.873246e+03 9.855124e+03 9.840519e+03
14.2 9.889471e+03 9.856694e+03 9.859846e+03 9.892623e+03
15.2 9.829409e+03 9.850206e+03 9.855541e+03 9.834744e+03
16.2 9.799083e+03 9.823219e+03 9.851390e+03 9.827254e+03
17.2 9.805324e+03 9.811389e+03 9.856355e+03 9.850290e+03
18.2 9.825169e+03 9.824049e+03 9.863898e+03 9.865018e+03
19.2 9.876726e+03 9.846820e+03 9.869232e+03 9.899137e+03
20.2 9.850931e+03 9.860089e+03 9.871989e+03 9.862831e+03
0.6 9.866537e+03 9.868988e+03 9.856701e+03 9.854250e+03
1.6 9.866913e+03 9.841774e+03 9.857642e+03 9.882781e+03
2.6 9.838748e+03 9.849215e+03 9.851356e+03 9.840889e+03
3.6 9.801879e+03 9.832430e+03 9.853047e+03 9.822496e+03
4.6 9.831457e+03 9.845242e+03 9.860576e+03 9.846791e+03
5.6 9.836399e+03 9.870058e+03 9.867185e+03 9.833526e+03
6.6 9.883383e+03 9.871749e+03 9.870931e+03 9.882565e+03
7.6 9.866182e+03 9.891889e+03 9.866960e+03 9.841253e+03
8.6 9.872568e+03 9.883920e+03 9.856342e+03 9.844990e+03
9.6 9.858641e+03 9.873246e+03 9.855124e+03 9.840519e+03
10.6 9.889471e+03 9.856694e+03 9.859846e+03 9.892623e+03
11.6 9.829409e+03 9.850206e+03 9.855541e+03 9.834744e+03
12.6 9.799083e+03 9.823219e+03 9.851390e+03 9.827254e+03
13.6 9.805324e+03 9.811389e+03 9.856355e+03 9.850290e+03
14.6 9.825169e+03 9.824049e+03 9.863898e+03 9.865018e+03
15.6 9.876726e+03 9.846820e+03 9.869232e+03 9.899137e+03
16.6 9.850931e+03 9.860089e+03 9.871989e+03 9.862831e+03
17.6 9.921994e+03 9.881008e+03 9.873072e+03 9.914059e+03
18.6 9.902778e+03 9.865625e+03 9.873205e+03 9.910358e+03
19.6 9.894072e+03 9.876588e+03 9.872847e+03 9.890331e+03
20.6 9.876947e+03 9.855609e+03 9.872318e+03 9.893656e+03
0.6 9.883383e+03 9.871749e+03 9.870931e+03 9.882565e+03
1.6 9.866182e+03 9.891889e+03 9.866960e+03 9.841253e+03
2.6 9.872568e+03 9.883920e+03 9.856342e+03 9.844990e+03
3.6 9.858641e+03 9.873246e+03 9.855124e+03 9.840519e+03
4.6 9.889471e+03 9.856694e+03 9.859846e+03 9.892623e+03
5.6 9.829409e+03 9.850206e+03 9.855541e+03 9.834744e+03
6.6 9.799083e+03 9.823219e+03 9.851390e+03 9.827254e+03
7.6 9.805324e+03 9.811389e+03 9.856355e+03 9.850290e+03
8.6 9.825169e+03 9.824049e+03 9.863898e+03 9.865018e+03
9.6 9.876726e+03 9.846820e+03 9.869232e+03 9.899137e+03
10.6 9.850931e+03 9.860089e+03 9.871989e+03 9.862831e+03
11.6 9.921994e+03 9.881008e+03 9.873072e+03 9.914059e+03
12.6 9.902778e+03 9.865625e+03 9.873205e+03 9.910358e+03
13.6 9.894072e+03 9.876588e+03 9.872847e+03 9.890331e+03
14.6 9.876947e+03 9.855609e+03 9.872318e+03 9.893656e+03
15.6 9.805478e+03 9.857069e+03 9.871820e+03 9.820228e+03
16.6 9.861775e+03 9.854570e+03 9.870408e+03 9.877613e+03
17.6 9.847573e+03 9.872833e+03 9.860150e+03 9.834890e+03
18.6 9.817560e+03 9.853846e+03 9.852312e+03 9.816025e+03
19.6 9.907229e+03 9.867442e+03 9.855397e+03 9.895184e+03
20.6 9.838338e+03 9.864503e+03 9.862200e+03 9.836035e+03
0.1 9.858641e+03 9.873246e+03 9.855124e+03 9.840519e+03
1.1 9.889471e+03 9.856694e+03 9.859846e+03 9.892623e+03
2.1 9.829409e+03 9.850206e+03 9.855541e+03 9.834744e+03
3.1 9.799083e+03 9.823219e+03 9.851390e+03 9.827254e+03
4.1 9.805324e+03 9.811389e+03 9.856355e+03 9.850290e+03
5.1 9.825169e+03 9.824049e+03 9.863898e+03 9.865018e+03
6.1 9.876726e+03 9.846820e+03 9.869232e+03 9.899137e+03
7.1 9.850931e+03 9.860089e+03 9.871989e+03 9.862831e+03
8.1 9.921994e+03 9.881008e+03 9.873072e+03 9.914059e+03
9.1 9.902778e+03 9.865625e+03 9.873205e+03 9.910358e+03
10.1 9.894072e+03 9.876588e+03 9.872847e+03 9.890331e+03
11.1 9.876947e+03 9.855609e+03 9.872318e+03 9.893656e+03
12.1 9.805478e+03 9.857069e+03 9.871820e+03 9.820228e+03
13.1 9.861775e+03 9.854570e+03 9.870408e+03 9.877613e+03
14.1 9.847573e+03 9.872833e+03 9.860150e+03 9.834890e+03
15.1 9.817560e+03 9.853846e+03 9.852312e+03 9.816025e+03
16.1 9.907229e+03 9.867442e+03 9.855397e+03 9.895184e+03
17.1 9.838338e+03 9.864503e+03 9.862200e+03 9.836035e+03
18.1 9.933571e+03 9.879472e+03 9.867490e+03 9.921589e+03
19.1 9.918849e+03 9.884684e+03 9.870568e+03 9.904733e+03
20.1 9.837058e+03 9.875746e+03 9.871634e+03 9.832946e+03
0.1 9.805478e+03 9.857069e+03 9.871820e+03 9.820228e+03
1.1 9.861775e+03 9.854570e+03 9.870408e+03 9.877613e+03
2.1 9.847573e+03 9.872833e+03 9.860150e+03 9.834890e+03
3.1 9.817560e+03 9.853846e+03 9.852312e+03 9.816025e+03
4.1 9.907229e+03 9.867442e+03 9.855397e+03 9.895184e+03
5.1 9.838338e+03 9.864503e+03 9.862200e+03 9.836035e+03
6.1 9.933571e+03 9.879472e+03 9.867490e+03 9.921589e+03
7.1 9.918849e+03 9.884684e+03 9.870568e+03 9.904733e+03
8.1 9.837058e+03 9.875746e+03 9.871634e+03 9.832946e+03
9.1 9.868137e+03 9.875499e+03 9.863686e+03 9.856324e+03
10.1 9.873024e+03 9.858175e+03 9.854217e+03 9.869067e+03
11.1 9.838008e+03 9.849024e+03 9.855511e+03 9.844494e+03
12.1 9.849495e+03 9.863701e+03 9.859203e+03 9.844998e+03
13.1 9.865138e+03 9.847784e+03 9.853182e+03 9.870536e+03
14.1 9.865747e+03 9.861724e+03 9.851646e+03 9.855670e+03
15.1 9.853759e+03 9.861013e+03 9.858162e+03 9.850909e+03
16.1 9.877680e+03 9.869934e+03 9.865428e+03 9.873173e+03
17.1 9.876785e+03 9.865954e+03 9.865601e+03 9.876433e+03
18.1 9.884481e+03 9.851859e+03 9.856401e+03 9.889024e+03
19.1 9.839865e+03 9.851582e+03 9.854845e+03 9.843128e+03
20.1 9.855840e+03 9.839851e+03 9.860675e+03 9.876663e+03
0.9 9.837058e+03 9.875746e+03 9.871634e+03 9.832946e+03
1.9 9.868137e+03 9.875499e+03 9.863686e+03 9.856324e+03
2.9 9.873024e+03 9.858175e+03 9.854217e+03 9.869067e+03
3.9 9.838008e+03 9.849024e+03 9.855511e+03 9.844494e+03
4.9 9.849495e+03 9.863701e+03 9.859203e+03 9.844998e+03
5.9 9.865138e+03 9.847784e+03 9.853182e+03 9.870536e+03
6.9 9.865747e+03 9.861724e+03 9.851646e+03 9.855670e+03
7.9 9.853759e+03 9.861013e+03 9.858162e+03 9.850909e+03
8.9 9.877680e+03 9.869934e+03 9.865428e+03 9.873173e+03
9.9 9.876785e+03 9.865954e+03 9.865601e+03 9.876433e+03
10.9 9.884481e+03 9.851859e+03 9.856401e+03 9.889024e+03
11.9 9.839865e+03 9.851582e+03 9.854845e+03 9.843128e+03
12.9 9.855840e+03 9.839851e+03 9.860675e+03 9.876663e+03
13.9 9.832769e+03 9.860446e+03 9.866686e+03 9.839008e+03
14.9 9.872894e+03 9.865213e+03 9.870363e+03 9.878044e+03
15.9 9.893479e+03 9.878802e+03 9.867691e+03 9.882369e+03
16.9 9.864765e+03 9.866540e+03 9.856884e+03 9.855109e+03
17.9 9.828448e+03 9.840358e+03 9.854512e+03 9.842603e+03
18.9 9.850111e+03 9.846639e+03 9.860000e+03 9.863472e+03
19.9 9.835369e+03 9.845351e+03 9.865972e+03 9.855990e+03
20.9 9.904445e+03 9.873162e+03 9.869776e+03 9.901060e+03
0.3 9.838008e+03 9.849024e+03 9.855511e+03 9.844494e+03
1.3 9.849495e+03 9.863701e+03 9.859203e+03 9.844998e+03
2.3 9.865138e+03 9.847784e+03 9.853182e+03 9.870536e+03
3.3 9.865747e+03 9.861724e+03 9.851646e+03 9.855670e+03
4.3 9.853759e+03 9.861013e+03 9.858162e+03 9.850909e+03
5.3 9.877680e+03 9.869934e+03 9.865428e+03 9.873173e+03
6.3 9.876785e+03 9.865954e+03 9.865601e+03 9.876433e+03
7.3 9.884481e+03 9.851859e+03 9.856401e+03 9.889024e+03
8.3 9.839865e+03 9.851582e+03 9.854845e+03 9.843128e+03
9.3 9.855840e+03 9.839851e+03 9.860675e+03 9.876663e+03
10.3 9.832769e+03 9.860446e+03 9.866686e+03 9.839008e+03
11.3 9.872894e+03 9.865213e+03 9.870363e+03 9.878044e+03
12.3 9.893479e+03 9.878802e+03 9.867691e+03 9.882369e+03
13.3 9.864765e+03 9.866540e+03 9.856884e+03 9.855109e+03
14.3 9.828448e+03 9.840358e+03 9.854512e+03 9.842603e+03
15.3 9.850111e+03 9.846639e+03 9.860000e+03 9.863472e+03
16.3 9.835369e+03 9.845351e+03 9.865972e+03 9.855990e+03
17.3 9.904445e+03 9.873162e+03 9.869776e+03 9.901060e+03
18.3 9.840356e+03 9.872801e+03 9.867282e+03 9.834838e+03
19.3 9.850583e+03 9.856530e+03 9.856633e+03 9.850686e+03
20.3 9.850296e+03 9.840924e+03 9.854373e+03 9.863745e+03
0.5 9.877680e+03 9.869934e+03 9.865428e+03 9.873173e+03
1.5 9.876785e+03 9.865954e+03 9.865601e+03 9.876433e+03
2.5 9.884481e+03 9.851859e+03 9.856401e+03 9.889024e+03
3.5 9.839865e+03 9.851582e+03 9.854845e+03 9.843128e+03
4.5 9.855840e+03 9.839851e+03 9.860675e+03 9.876663e+03
5.5 9.832769e+03 9.860446e+03 9.866686e+03 9.839008e+03
6.5 9.872894e+03 9.865213e+03 9.870363e+03 9.878044e+03
7.5 9.893479e+03 9.878802e+03 9.867691e+03 9.882369e+03
8.5 9.864765e+03 9.866540e+03 9.856884e+03 9.855109e+03
9.5 9.828448e+03 9.840358e+03 9.854512e+03 9.842603e+03
10.5 9.850111e+03 9.846639e+03 9.860000e+03 9.863472e+03
11.5 9.835369e+03 9.845351e+03 9.865972e+03 9.855990e+03
12.5 9.904445e+03 9.873162e+03 9.869776e+03 9.901060e+03
13.5 9.840356e+03 9.872801e+03 9.867282e+03 9.834838e+03
14.5 9.850583e+03 9.856530e+03 9.856633e+03 9.850686e+03
15.5 9.850296e+03 9.840924e+03 9.854373e+03 9.863745e+03
16.5 9.849353e+03 9.852229e+03 9.859929e+03 9.857053e+03
17.5 9.853318e+03 9.842486e+03 9.865939e+03 9.876772e+03
18.5 9.851039e+03 9.869263e+03 9.869785e+03 9.851561e+03
19.5 9.867668e+03 9.881711e+03 9.871782e+03 9.857739e+03
20.5 9.871771e+03 9.875445e+03 9.872601e+03 9.868928e+03
0.5 9.872894e+03 9.865213e+03 9.870363e+03 9.878044e+03
1.5 9.893479e+03 9.878802e+03 9.867691e+03 9.882369e+03
2.5 9.864765e+03 9.866540e+03 9.856884e+03 9.855109e+03
3.5 9.828448e+03 9.840358e+03 9.854512e+03 9.842603e+03
4.5 9.850111e+03 9.846639e+03 9.860000e+03 9.863472e+03
5.5 9.835369e+03 9.845351e+03 9.865972e+03 9.855990e+03
6.5 9.904445e+03 9.873162e+03 9.869776e+03 9.901060e+03
7.5 9.840356e+03 9.872801e+03 9.867282e+03 9.834838e+03
8.5 9.850583e+03 9.856530e+03 9.856633e+03 9.850686e+03
9.5 9.850296e+03 9.840924e+03 9.854373e+03 9.863745e+03
10.5 9.849353e+03 9.852229e+03 9.859929e+03 9.857053e+03
11.5 9.853318e+03 9.842486e+03 9.865939e+03 9.876772e+03
12.5 9.851039e+03 9.869263e+03 9.869785e+03 9.851561e+03
13.5 9.867668e+03 9.881711e+03 9.871782e+03 9.857739e+03
14.5 9.871771e+03 9.875445e+03 9.872601e+03 9.868928e+03
15.5 9.876035e+03 9.881307e+03 9.872693e+03 9.867422e+03
16.5 9.842722e+03 9.854550e+03 9.872395e+03 9.860567e+03
17.5 9.841563e+03 9.868413e+03 9.871968e+03 9.845118e+03
18.5 9.861350e+03 9.869200e+03 9.871579e+03 9.863729e+03
19.5 9.902868e+03 9.875731e+03 9.871296e+03 9.898433e+03
20.5 9.871093e+03 9.879220e+03 9.871117e+03 9.862990e+03
0.5 9.904445e+03 9.873162e+03 9.869776e+03 9.901060e+03
1.5 9.840356e+03 9.872801e+03 9.867282e+03 9.834838e+03
2.5 9.850583e+03 9.856530e+03 9.856633e+03 9.850686e+03
3.5 9.850296e+03 9.840924e+03 9.854373e+03 9.863745e+03
4.5 9.849353e+03 9.852229e+03 9.859929e+03 9.857053e+03
5.5 9.853318e+03 9.842486e+03 9.865939e+03 9.876772e+03
6.5 9.851039e+03 9.869263e+03 9.869785e+03 9.851561e+03
7.5 9.867668e+03 9.881711e+03 9.871782e+03 9.857739e+03
8.5 9.871771e+03 9.875445e+03 9.872601e+03 9.868928e+03
9.5 9.876035e+03 9.881307e+03 9.872693e+03 9.867422e+03
10.5 9.842722e+03 9.854550e+03 9.872395e+03 9.860567e+03
11.5 9.841563e+03 9.868413e+03 9.871968e+03 9.845118e+03
12.5 9.861350e+03 9.869200e+03 9.871579e+03 9.863729e+03
13.5 9.902868e+03 9.875731e+03 9.871296e+03 9.898433e+03
14.5 9.871093e+03 9.879220e+03 9.871117e+03 9.862990e+03
15.5 9.834465e+03 9.861746e+03 9.869544e+03 9.842263e+03
16.5 9.866136e+03 9.865051e+03 9.858871e+03 9.859956e+03
17.5 9.879337e+03 9.862733e+03 9.852097e+03 9.868700e+03
18.5 9.839059e+03 9.855639e+03 9.855897e+03 9.839317e+03
19.5 9.891325e+03 9.869482e+03 9.862721e+03 9.884564e+03
20.5 9.876362e+03 9.859065e+03 9.867824e+03 9.885121e+03
0.1 9.871093e+03 9.879220e+03 9.871117e+03 9.862990e+03
1.1 9.834465e+03 9.861746e+03 9.869544e+03 9.842263e+03
2.1 9.866136e+03 9.865051e+03 9.858871e+03 9.859956e+03
3.1 9.879337e+03 9.862733e+03 9.852097e+03 9.868700e+03
4.1 9.839059e+03 9.855639e+03 9.855897e+03 9.839317e+03
5.1 9.891325e+03 9.869482e+03 9.862721e+03 9.884564e+03
6.1 9.876362e+03 9.859065e+03 9.867824e+03 9.885121e+03
7.1 9.877202e+03 9.878700e+03 9.870745e+03 9.869246e+03
8.1 9.891468e+03 9.872541e+03 9.872153e+03 9.891080e+03
9.1 9.892845e+03 9.858066e+03 9.872598e+03 9.907376e+03
10.1 9.814533e+03 9.824445e+03 9.872476e+03 9.862565e+03
11.1 9.859633e+03 9.856641e+03 9.872104e+03 9.875096e+03
12.1 9.883811e+03 9.855747e+03 9.871703e+03 9.899766e+03
13.1 9.841273e+03 9.863204e+03 9.871384e+03 9.849453e+03
14.1 9.915176e+03 9.889984e+03 9.871171e+03 9.896363e+03
15.1 9.854786e+03 9.881264e+03 9.871047e+03 9.844568e+03
16.1 9.893329e+03 9.853513e+03 9.870981e+03 9.910797e+03
17.1 9.810360e+03 9.840467e+03 9.870949e+03 9.840842e+03
18.1 9.787351e+03 9.840363e+03 9.870934e+03 9.817922e+03
19.1 9.844096e+03 9.855320e+03 9.870928e+03 9.859703e+03
20.1 9.847096e+03 9.863545e+03 9.870925e+03 9.854476e+03
0.8 9.868158e+03 9.870398e+03 9.870659e+03 9.868420e+03
1.8 9.869599e+03 9.869494e+03 9.863097e+03 9.863202e+03
2.8 9.895867e+03 9.857894e+03 9.853016e+03 9.890989e+03
3.8 9.833994e+03 9.830654e+03 9.853828e+03 9.857169e+03
4.8 9.885319e+03 9.866497e+03 9.860455e+03 9.879277e+03
5.8 9.868385e+03 9.827931e+03 9.866343e+03 9.906797e+03
6.8 9.745941e+03 9.804840e+03 9.869948e+03 9.811050e+03
7.8 9.844833e+03 9.878974e+03 9.871802e+03 9.837661e+03
