0.2 9.777589e+03 9.773353e+03 9.548196e+03 9.552433e+03
1.2 9.666403e+03 9.772745e+03 9.557917e+03 9.451575e+03
2.2 9.819020e+03 9.825732e+03 9.648735e+03 9.642023e+03
3.2 9.902798e+03 9.926503e+03 9.788566e+03 9.764861e+03
4.2 9.949874e+03 9.862214e+03 9.811797e+03 9.899457e+03
5.2 9.777900e+03 9.726665e+03 9.728555e+03 9.779790e+03
6.2 9.597000e+03 9.654756e+03 9.635843e+03 9.578086e+03
7.2 9.613989e+03 9.623732e+03 9.583390e+03 9.573648e+03
8.2 9.799713e+03 9.728511e+03 9.640667e+03 9.711869e+03
9.2 9.897836e+03 9.864357e+03 9.766107e+03 9.799586e+03
10.2 9.959423e+03 9.871142e+03 9.787185e+03 9.875466e+03
11.2 9.890800e+03 9.772022e+03 9.742418e+03 9.861195e+03
12.2 9.846849e+03 9.877766e+03 9.785771e+03 9.754854e+03
13.2 9.899306e+03 9.916247e+03 9.833171e+03 9.816229e+03
14.2 9.812040e+03 9.854837e+03 9.774020e+03 9.731223e+03
15.2 9.834375e+03 9.751838e+03 9.738226e+03 9.820763e+03
16.2 9.897237e+03 9.874626e+03 9.800001e+03 9.822612e+03
17.2 9.869833e+03 9.889590e+03 9.804555e+03 9.784798e+03
18.2 9.729684e+03 9.748340e+03 9.714125e+03 9.695469e+03
19.2 9.521156e+03 9.671422e+03 9.627497e+03 9.477231e+03
20.2 9.699622e+03 9.675541e+03 9.661415e+03 9.685497e+03
21.2 9.728990e+03 9.871049e+03 9.768566e+03 9.626507e+03
0.2 9.597000e+03 9.654756e+03 9.635843e+03 9.578086e+03
1.2 9.613989e+03 9.623732e+03 9.583390e+03 9.573648e+03
2.2 9.799713e+03 9.728511e+03 9.640667e+03 9.711869e+03
3.2 9.897836e+03 9.864357e+03 9.766107e+03 9.799586e+03
4.2 9.959423e+03 9.871142e+03 9.787185e+03 9.875466e+03
5.2 9.890800e+03 9.772022e+03 9.742418e+03 9.861195e+03
6.2 9.846849e+03 9.877766e+03 9.785771e+03 9.754854e+03
7.2 9.899306e+03 9.916247e+03 9.833171e+03 9.816229e+03
8.2 9.812040e+03 9.854837e+03 9.774020e+03 9.731223e+03
9.2 9.834375e+03 9.751838e+03 9.738226e+03 9.820763e+03
10.2 9.897237e+03 9.874626e+03 9.800001e+03 9.822612e+03
11.2 9.869833e+03 9.889590e+03 9.804555e+03 9.784798e+03
12.2 9.729684e+03 9.748340e+03 9.714125e+03 9.695469e+03
13.2 9.521156e+03 9.671422e+03 9.627497e+03 9.477231e+03
14.2 9.699622e+03 9.675541e+03 9.661415e+03 9.685497e+03
15.2 9.728990e+03 9.871049e+03 9.768566e+03 9.626507e+03
16.2 9.901003e+03 9.832434e+03 9.773869e+03 9.842438e+03
17.2 9.785760e+03 9.756423e+03 9.689409e+03 9.718746e+03
18.2 9.682744e+03 9.737979e+03 9.604852e+03 9.549617e+03
19.2 9.656330e+03 9.689387e+03 9.564583e+03 9.531526e+03
20.2 9.772141e+03 9.728913e+03 9.636119e+03 9.679347e+03
21.2 9.899054e+03 9.876708e+03 9.764652e+03 9.786997e+03
0.6 9.959423e+03 9.871142e+03 9.787185e+03 9.875466e+03
1.6 9.890800e+03 9.772022e+03 9.742418e+03 9.861195e+03
2.6 9.846849e+03 9.877766e+03 9.785771e+03 9.754854e+03
3.6 9.899306e+03 9.916247e+03 9.833171e+03 9.816229e+03
4.6 9.812040e+03 9.854837e+03 9.774020e+03 9.731223e+03
5.6 9.834375e+03 9.751838e+03 9.738226e+03 9.820763e+03
6.6 9.897237e+03 9.874626e+03 9.800001e+03 9.822612e+03
7.6 9.869833e+03 9.889590e+03 9.804555e+03 9.784798e+03
8.6 9.729684e+03 9.748340e+03 9.714125e+03 9.695469e+03
9.6 9.521156e+03 9.671422e+03 9.627497e+03 9.477231e+03
10.6 9.699622e+03 9.675541e+03 9.661415e+03 9.685497e+03
11.6 9.728990e+03 9.871049e+03 9.768566e+03 9.626507e+03
12.6 9.901003e+03 9.832434e+03 9.773869e+03 9.842438e+03
13.6 9.785760e+03 9.756423e+03 9.689409e+03 9.718746e+03
14.6 9.682744e+03 9.737979e+03 9.604852e+03 9.549617e+03
15.6 9.656330e+03 9.689387e+03 9.564583e+03 9.531526e+03
16.6 9.772141e+03 9.728913e+03 9.636119e+03 9.679347e+03
17.6 9.899054e+03 9.876708e+03 9.764652e+03 9.786997e+03
18.6 9.815833e+03 9.806399e+03 9.780610e+03 9.790045e+03
19.6 9.608396e+03 9.671970e+03 9.700395e+03 9.636821e+03
20.6 9.418949e+03 9.518666e+03 9.640115e+03 9.540399e+03
21.6 9.519316e+03 9.605244e+03 9.704615e+03 9.618687e+03
1.0 9.812040e+03 9.854837e+03 9.774020e+03 9.731223e+03
2.0 9.834375e+03 9.751838e+03 9.738226e+03 9.820763e+03
3.0 9.897237e+03 9.874626e+03 9.800001e+03 9.822612e+03
4.0 9.869833e+03 9.889590e+03 9.804555e+03 9.784798e+03
5.0 9.729684e+03 9.748340e+03 9.714125e+03 9.695469e+03
6.0 9.521156e+03 9.671422e+03 9.627497e+03 9.477231e+03
7.0 9.699622e+03 9.675541e+03 9.661415e+03 9.685497e+03
8.0 9.728990e+03 9.871049e+03 9.768566e+03 9.626507e+03
9.0 9.901003e+03 9.832434e+03 9.773869e+03 9.842438e+03
10.0 9.785760e+03 9.756423e+03 9.689409e+03 9.718746e+03
11.0 9.682744e+03 9.737979e+03 9.604852e+03 9.549617e+03
12.0 9.656330e+03 9.689387e+03 9.564583e+03 9.531526e+03
13.0 9.772141e+03 9.728913e+03 9.636119e+03 9.679347e+03
14.0 9.899054e+03 9.876708e+03 9.764652e+03 9.786997e+03
15.0 9.815833e+03 9.806399e+03 9.780610e+03 9.790045e+03
16.0 9.608396e+03 9.671970e+03 9.700395e+03 9.636821e+03
17.0 9.418949e+03 9.518666e+03 9.640115e+03 9.540399e+03
18.0 9.519316e+03 9.605244e+03 9.704615e+03 9.618687e+03
19.0 9.668389e+03 9.681881e+03 9.796207e+03 9.782715e+03
20.0 9.766977e+03 9.690269e+03 9.768488e+03 9.845195e+03
21.0 9.673735e+03 9.664982e+03 9.674378e+03 9.683131e+03
22.0 9.727215e+03 9.697554e+03 9.633182e+03 9.662843e+03
0.3 9.729684e+03 9.748340e+03 9.714125e+03 9.695469e+03
1.3 9.521156e+03 9.671422e+03 9.627497e+03 9.477231e+03
2.3 9.699622e+03 9.675541e+03 9.661415e+03 9.685497e+03
3.3 9.728990e+03 9.871049e+03 9.768566e+03 9.626507e+03
4.3 9.901003e+03 9.832434e+03 9.773869e+03 9.842438e+03
5.3 9.785760e+03 9.756423e+03 9.689409e+03 9.718746e+03
6.3 9.682744e+03 9.737979e+03 9.604852e+03 9.549617e+03
7.3 9.656330e+03 9.689387e+03 9.564583e+03 9.531526e+03
8.3 9.772141e+03 9.728913e+03 9.636119e+03 9.679347e+03
9.3 9.899054e+03 9.876708e+03 9.764652e+03 9.786997e+03
10.3 9.815833e+03 9.806399e+03 9.780610e+03 9.790045e+03
11.3 9.608396e+03 9.671970e+03 9.700395e+03 9.636821e+03
12.3 9.418949e+03 9.518666e+03 9.640115e+03 9.540399e+03
13.3 9.519316e+03 9.605244e+03 9.704615e+03 9.618687e+03
14.3 9.668389e+03 9.681881e+03 9.796207e+03 9.782715e+03
15.3 9.766977e+03 9.690269e+03 9.768488e+03 9.845195e+03
16.3 9.673735e+03 9.664982e+03 9.674378e+03 9.683131e+03
17.3 9.727215e+03 9.697554e+03 9.633182e+03 9.662843e+03
18.3 9.821497e+03 9.838956e+03 9.720269e+03 9.702810e+03
19.3 9.903232e+03 9.823494e+03 9.795720e+03 9.875458e+03
20.3 9.819784e+03 9.757957e+03 9.755390e+03 9.817217e+03
21.3 9.737001e+03 9.713995e+03 9.742262e+03 9.765268e+03
0.3 9.682744e+03 9.737979e+03 9.604852e+03 9.549617e+03
1.3 9.656330e+03 9.689387e+03 9.564583e+03 9.531526e+03
2.3 9.772141e+03 9.728913e+03 9.636119e+03 9.679347e+03
3.3 9.899054e+03 9.876708e+03 9.764652e+03 9.786997e+03
4.3 9.815833e+03 9.806399e+03 9.780610e+03 9.790045e+03
5.3 9.608396e+03 9.671970e+03 9.700395e+03 9.636821e+03
6.3 9.418949e+03 9.518666e+03 9.640115e+03 9.540399e+03
7.3 9.519316e+03 9.605244e+03 9.704615e+03 9.618687e+03
8.3 9.668389e+03 9.681881e+03 9.796207e+03 9.782715e+03
9.3 9.766977e+03 9.690269e+03 9.768488e+03 9.845195e+03
10.3 9.673735e+03 9.664982e+03 9.674378e+03 9.683131e+03
11.3 9.727215e+03 9.697554e+03 9.633182e+03 9.662843e+03
12.3 9.821497e+03 9.838956e+03 9.720269e+03 9.702810e+03
13.3 9.903232e+03 9.823494e+03 9.795720e+03 9.875458e+03
14.3 9.819784e+03 9.757957e+03 9.755390e+03 9.817217e+03
15.3 9.737001e+03 9.713995e+03 9.742262e+03 9.765268e+03
16.3 9.827276e+03 9.874089e+03 9.811933e+03 9.765120e+03
17.3 9.871530e+03 9.876485e+03 9.807708e+03 9.802753e+03
18.3 9.813016e+03 9.788297e+03 9.737964e+03 9.762683e+03
19.3 9.789096e+03 9.789407e+03 9.760824e+03 9.760512e+03
20.3 9.837248e+03 9.889368e+03 9.816008e+03 9.763888e+03
21.3 9.705075e+03 9.821111e+03 9.769594e+03 9.653558e+03
0.5 9.608396e+03 9.671970e+03 9.700395e+03 9.636821e+03
1.5 9.418949e+03 9.518666e+03 9.640115e+03 9.540399e+03
2.5 9.519316e+03 9.605244e+03 9.704615e+03 9.618687e+03
3.5 9.668389e+03 9.681881e+03 9.796207e+03 9.782715e+03
4.5 9.766977e+03 9.690269e+03 9.768488e+03 9.845195e+03
5.5 9.673735e+03 9.664982e+03 9.674378e+03 9.683131e+03
6.5 9.727215e+03 9.697554e+03 9.633182e+03 9.662843e+03
7.5 9.821497e+03 9.838956e+03 9.720269e+03 9.702810e+03
8.5 9.903232e+03 9.823494e+03 9.795720e+03 9.875458e+03
9.5 9.819784e+03 9.757957e+03 9.755390e+03 9.817217e+03
10.5 9.737001e+03 9.713995e+03 9.742262e+03 9.765268e+03
11.5 9.827276e+03 9.874089e+03 9.811933e+03 9.765120e+03
12.5 9.871530e+03 9.876485e+03 9.807708e+03 9.802753e+03
13.5 9.813016e+03 9.788297e+03 9.737964e+03 9.762683e+03
14.5 9.789096e+03 9.789407e+03 9.760824e+03 9.760512e+03
15.5 9.837248e+03 9.889368e+03 9.816008e+03 9.763888e+03
16.5 9.705075e+03 9.821111e+03 9.769594e+03 9.653558e+03
17.5 9.714297e+03 9.802637e+03 9.729489e+03 9.641149e+03
18.5 9.870465e+03 9.888016e+03 9.790364e+03 9.772813e+03
19.5 9.933074e+03 9.862077e+03 9.806524e+03 9.877521e+03
20.5 9.849108e+03 9.740335e+03 9.722044e+03 9.830818e+03
21.5 9.741706e+03 9.599752e+03 9.629819e+03 9.771773e+03
0.7 9.673735e+03 9.664982e+03 9.674378e+03 9.683131e+03
1.7 9.727215e+03 9.697554e+03 9.633182e+03 9.662843e+03
2.7 9.821497e+03 9.838956e+03 9.720269e+03 9.702810e+03
3.7 9.903232e+03 9.823494e+03 9.795720e+03 9.875458e+03
4.7 9.819784e+03 9.757957e+03 9.755390e+03 9.817217e+03
5.7 9.737001e+03 9.713995e+03 9.742262e+03 9.765268e+03
6.7 9.827276e+03 9.874089e+03 9.811933e+03 9.765120e+03
7.7 9.871530e+03 9.876485e+03 9.807708e+03 9.802753e+03
8.7 9.813016e+03 9.788297e+03 9.737964e+03 9.762683e+03
9.7 9.789096e+03 9.789407e+03 9.760824e+03 9.760512e+03
10.7 9.837248e+03 9.889368e+03 9.816008e+03 9.763888e+03
11.7 9.705075e+03 9.821111e+03 9.769594e+03 9.653558e+03
12.7 9.714297e+03 9.802637e+03 9.729489e+03 9.641149e+03
13.7 9.870465e+03 9.888016e+03 9.790364e+03 9.772813e+03
14.7 9.933074e+03 9.862077e+03 9.806524e+03 9.877521e+03
15.7 9.849108e+03 9.740335e+03 9.722044e+03 9.830818e+03
16.7 9.741706e+03 9.599752e+03 9.629819e+03 9.771773e+03
17.7 9.759179e+03 9.732650e+03 9.648676e+03 9.675204e+03
18.7 9.876996e+03 9.881359e+03 9.758427e+03 9.754064e+03
19.7 9.859203e+03 9.861614e+03 9.779543e+03 9.777132e+03
20.7 9.732325e+03 9.755859e+03 9.730776e+03 9.707242e+03
21.7 9.793593e+03 9.767102e+03 9.769473e+03 9.795964e+03
0.1 9.903232e+03 9.823494e+03 9.795720e+03 9.875458e+03
1.1 9.819784e+03 9.757957e+03 9.755390e+03 9.817217e+03
2.1 9.737001e+03 9.713995e+03 9.742262e+03 9.765268e+03
3.1 9.827276e+03 9.874089e+03 9.811933e+03 9.765120e+03
4.1 9.871530e+03 9.876485e+03 9.807708e+03 9.802753e+03
5.1 9.813016e+03 9.788297e+03 9.737964e+03 9.762683e+03
6.1 9.789096e+03 9.789407e+03 9.760824e+03 9.760512e+03
7.1 9.837248e+03 9.889368e+03 9.816008e+03 9.763888e+03
8.1 9.705075e+03 9.821111e+03 9.769594e+03 9.653558e+03
9.1 9.714297e+03 9.802637e+03 9.729489e+03 9.641149e+03
10.1 9.870465e+03 9.888016e+03 9.790364e+03 9.772813e+03
11.1 9.933074e+03 9.862077e+03 9.806524e+03 9.877521e+03
12.1 9.849108e+03 9.740335e+03 9.722044e+03 9.830818e+03
13.1 9.741706e+03 9.599752e+03 9.629819e+03 9.771773e+03
14.1 9.759179e+03 9.732650e+03 9.648676e+03 9.675204e+03
15.1 9.876996e+03 9.881359e+03 9.758427e+03 9.754064e+03
16.1 9.859203e+03 9.861614e+03 9.779543e+03 9.777132e+03
17.1 9.732325e+03 9.755859e+03 9.730776e+03 9.707242e+03
18.1 9.793593e+03 9.767102e+03 9.769473e+03 9.795964e+03
19.1 9.679281e+03 9.855269e+03 9.824144e+03 9.648156e+03
20.1 9.843401e+03 9.818282e+03 9.768714e+03 9.793833e+03
21.1 9.517948e+03 9.581144e+03 9.662741e+03 9.599545e+03
0.5 9.871530e+03 9.876485e+03 9.807708e+03 9.802753e+03
1.5 9.813016e+03 9.788297e+03 9.737964e+03 9.762683e+03
2.5 9.789096e+03 9.789407e+03 9.760824e+03 9.760512e+03
3.5 9.837248e+03 9.889368e+03 9.816008e+03 9.763888e+03
4.5 9.705075e+03 9.821111e+03 9.769594e+03 9.653558e+03
5.5 9.714297e+03 9.802637e+03 9.729489e+03 9.641149e+03
6.5 9.870465e+03 9.888016e+03 9.790364e+03 9.772813e+03
7.5 9.933074e+03 9.862077e+03 9.806524e+03 9.877521e+03
8.5 9.849108e+03 9.740335e+03 9.722044e+03 9.830818e+03
9.5 9.741706e+03 9.599752e+03 9.629819e+03 9.771773e+03
10.5 9.759179e+03 9.732650e+03 9.648676e+03 9.675204e+03
11.5 9.876996e+03 9.881359e+03 9.758427e+03 9.754064e+03
12.5 9.859203e+03 9.861614e+03 9.779543e+03 9.777132e+03
13.5 9.732325e+03 9.755859e+03 9.730776e+03 9.707242e+03
14.5 9.793593e+03 9.767102e+03 9.769473e+03 9.795964e+03
15.5 9.679281e+03 9.855269e+03 9.824144e+03 9.648156e+03
16.5 9.843401e+03 9.818282e+03 9.768714e+03 9.793833e+03
17.5 9.517948e+03 9.581144e+03 9.662741e+03 9.599545e+03
18.5 9.624403e+03 9.640664e+03 9.580395e+03 9.564135e+03
19.5 9.721672e+03 9.638548e+03 9.565614e+03 9.648738e+03
20.5 9.740307e+03 9.689587e+03 9.673014e+03 9.723733e+03
21.5 9.734475e+03 9.794826e+03 9.780465e+03 9.720113e+03
0.9 9.705075e+03 9.821111e+03 9.769594e+03 9.653558e+03
1.9 9.714297e+03 9.802637e+03 9.729489e+03 9.641149e+03
2.9 9.870465e+03 9.888016e+03 9.790364e+03 9.772813e+03
3.9 9.933074e+03 9.862077e+03 9.806524e+03 9.877521e+03
4.9 9.849108e+03 9.740335e+03 9.722044e+03 9.830818e+03
5.9 9.741706e+03 9.599752e+03 9.629819e+03 9.771773e+03
6.9 9.759179e+03 9.732650e+03 9.648676e+03 9.675204e+03
7.9 9.876996e+03 9.881359e+03 9.758427e+03 9.754064e+03
8.9 9.859203e+03 9.861614e+03 9.779543e+03 9.777132e+03
9.9 9.732325e+03 9.755859e+03 9.730776e+03 9.707242e+03
10.9 9.793593e+03 9.767102e+03 9.769473e+03 9.795964e+03
11.9 9.679281e+03 9.855269e+03 9.824144e+03 9.648156e+03
12.9 9.843401e+03 9.818282e+03 9.768714e+03 9.793833e+03
13.9 9.517948e+03 9.581144e+03 9.662741e+03 9.599545e+03
14.9 9.624403e+03 9.640664e+03 9.580395e+03 9.564135e+03
15.9 9.721672e+03 9.638548e+03 9.565614e+03 9.648738e+03
16.9 9.740307e+03 9.689587e+03 9.673014e+03 9.723733e+03
17.9 9.734475e+03 9.794826e+03 9.780465e+03 9.720113e+03
18.9 9.812630e+03 9.676498e+03 9.761806e+03 9.897937e+03
19.9 9.882747e+03 9.770668e+03 9.743409e+03 9.855488e+03
20.9 9.894972e+03 9.867118e+03 9.812128e+03 9.839982e+03
21.9 9.790123e+03 9.877793e+03 9.820545e+03 9.732875e+03
0.2 9.849108e+03 9.740335e+03 9.722044e+03 9.830818e+03
1.2 9.741706e+03 9.599752e+03 9.629819e+03 9.771773e+03
2.2 9.759179e+03 9.732650e+03 9.648676e+03 9.675204e+03
3.2 9.876996e+03 9.881359e+03 9.758427e+03 9.754064e+03
4.2 9.859203e+03 9.861614e+03 9.779543e+03 9.777132e+03
5.2 9.732325e+03 9.755859e+03 9.730776e+03 9.707242e+03
6.2 9.793593e+03 9.767102e+03 9.769473e+03 9.795964e+03
7.2 9.679281e+03 9.855269e+03 9.824144e+03 9.648156e+03
8.2 9.843401e+03 9.818282e+03 9.768714e+03 9.793833e+03
9.2 9.517948e+03 9.581144e+03 9.662741e+03 9.599545e+03
10.2 9.624403e+03 9.640664e+03 9.580395e+03 9.564135e+03
11.2 9.721672e+03 9.638548e+03 9.565614e+03 9.648738e+03
12.2 9.740307e+03 9.689587e+03 9.673014e+03 9.723733e+03
13.1 9.734475e+03 9.794826e+03 9.780465e+03 9.720113e+03
14.1 9.812630e+03 9.676498e+03 9.761806e+03 9.897937e+03
15.1 9.882747e+03 9.770668e+03 9.743409e+03 9.855488e+03
16.1 9.894972e+03 9.867118e+03 9.812128e+03 9.839982e+03
17.1 9.790123e+03 9.877793e+03 9.820545e+03 9.732875e+03
18.1 9.645070e+03 9.727260e+03 9.728649e+03 9.646459e+03
19.1 9.544734e+03 9.592577e+03 9.625533e+03 9.577690e+03
20.1 9.574170e+03 9.660593e+03 9.562517e+03 9.476094e+03
21.1 9.782500e+03 9.728485e+03 9.599347e+03 9.653361e+03
0.6 9.859203e+03 9.861614e+03 9.779543e+03 9.777132e+03
1.6 9.732325e+03 9.755859e+03 9.730776e+03 9.707242e+03
2.6 9.793593e+03 9.767102e+03 9.769473e+03 9.795964e+03
3.6 9.679281e+03 9.855269e+03 9.824144e+03 9.648156e+03
4.6 9.843401e+03 9.818282e+03 9.768714e+03 9.793833e+03
5.6 9.517948e+03 9.581144e+03 9.662741e+03 9.599545e+03
6.6 9.624403e+03 9.640664e+03 9.580395e+03 9.564135e+03
7.6 9.721672e+03 9.638548e+03 9.565614e+03 9.648738e+03
8.6 9.740307e+03 9.689587e+03 9.673014e+03 9.723733e+03
9.6 9.734475e+03 9.794826e+03 9.780465e+03 9.720113e+03
10.6 9.812630e+03 9.676498e+03 9.761806e+03 9.897937e+03
11.6 9.882747e+03 9.770668e+03 9.743409e+03 9.855488e+03
12.6 9.894972e+03 9.867118e+03 9.812128e+03 9.839982e+03
13.6 9.790123e+03 9.877793e+03 9.820545e+03 9.732875e+03
14.6 9.645070e+03 9.727260e+03 9.728649e+03 9.646459e+03
15.6 9.544734e+03 9.592577e+03 9.625533e+03 9.577690e+03
16.6 9.574170e+03 9.660593e+03 9.562517e+03 9.476094e+03
17.6 9.782500e+03 9.728485e+03 9.599347e+03 9.653361e+03
18.6 9.863770e+03 9.911764e+03 9.732016e+03 9.684021e+03
19.6 9.891260e+03 9.856844e+03 9.785783e+03 9.820199e+03
20.6 9.739156e+03 9.738726e+03 9.721898e+03 9.722328e+03
21.6 9.588821e+03 9.654990e+03 9.644507e+03 9.578338e+03
0.6 9.624403e+03 9.640664e+03 9.580395e+03 9.564135e+03
1.6 9.721672e+03 9.638548e+03 9.565614e+03 9.648738e+03
2.6 9.740307e+03 9.689587e+03 9.673014e+03 9.723733e+03
3.6 9.734475e+03 9.794826e+03 9.780465e+03 9.720113e+03
4.6 9.812630e+03 9.676498e+03 9.761806e+03 9.897937e+03
5.6 9.882747e+03 9.770668e+03 9.743409e+03 9.855488e+03
6.6 9.894972e+03 9.867118e+03 9.812128e+03 9.839982e+03
7.6 9.790123e+03 9.877793e+03 9.820545e+03 9.732875e+03
8.6 9.645070e+03 9.727260e+03 9.728649e+03 9.646459e+03
9.6 9.544734e+03 9.592577e+03 9.625533e+03 9.577690e+03
10.6 9.574170e+03 9.660593e+03 9.562517e+03 9.476094e+03
11.6 9.782500e+03 9.728485e+03 9.599347e+03 9.653361e+03
12.6 9.863770e+03 9.911764e+03 9.732016e+03 9.684021e+03
13.6 9.891260e+03 9.856844e+03 9.785783e+03 9.820199e+03
14.6 9.739156e+03 9.738726e+03 9.721898e+03 9.722328e+03
15.6 9.588821e+03 9.654990e+03 9.644507e+03 9.578338e+03
16.6 9.729362e+03 9.642310e+03 9.676475e+03 9.763528e+03
17.6 9.774500e+03 9.822444e+03 9.781553e+03 9.733609e+03
18.6 9.886035e+03 9.791170e+03 9.786191e+03 9.881056e+03
19.6 9.741615e+03 9.735596e+03 9.698884e+03 9.704904e+03
20.6 9.580616e+03 9.641843e+03 9.631301e+03 9.570074e+03
21.6 9.664779e+03 9.713175e+03 9.690048e+03 9.641653e+03
1.0 9.812630e+03 9.676498e+03 9.761806e+03 9.897937e+03
2.0 9.882747e+03 9.770668e+03 9.743409e+03 9.855488e+03
3.0 9.894972e+03 9.867118e+03 9.812128e+03 9.839982e+03
4.0 9.790123e+03 9.877793e+03 9.820545e+03 9.732875e+03
5.0 9.645070e+03 9.727260e+03 9.728649e+03 9.646459e+03
6.0 9.544734e+03 9.592577e+03 9.625533e+03 9.577690e+03
7.0 9.574170e+03 9.660593e+03 9.562517e+03 9.476094e+03
8.0 9.782500e+03 9.728485e+03 9.599347e+03 9.653361e+03
9.0 9.863770e+03 9.911764e+03 9.732016e+03 9.684021e+03
10.0 9.891260e+03 9.856844e+03 9.785783e+03 9.820199e+03
11.0 9.739156e+03 9.738726e+03 9.721898e+03 9.722328e+03
12.0 9.588821e+03 9.654990e+03 9.644507e+03 9.578338e+03
13.0 9.729362e+03 9.642310e+03 9.676475e+03 9.763528e+03
14.0 9.774500e+03 9.822444e+03 9.781553e+03 9.733609e+03
15.0 9.886035e+03 9.791170e+03 9.786191e+03 9.881056e+03
16.0 9.741615e+03 9.735596e+03 9.698884e+03 9.704904e+03
17.0 9.580616e+03 9.641843e+03 9.631301e+03 9.570074e+03
18.0 9.664779e+03 9.713175e+03 9.690048e+03 9.641653e+03
19.0 9.825012e+03 9.862382e+03 9.788047e+03 9.750677e+03
20.0 9.854111e+03 9.770351e+03 9.769389e+03 9.853150e+03
21.0 9.673227e+03 9.673820e+03 9.677905e+03 9.677311e+03
22.0 9.561508e+03 9.628038e+03 9.633499e+03 9.566970e+03
1.0 9.574170e+03 9.660593e+03 9.562517e+03 9.476094e+03
2.0 9.782500e+03 9.728485e+03 9.599347e+03 9.653361e+03
3.0 9.863770e+03 9.911764e+03 9.732016e+03 9.684021e+03
4.0 9.891260e+03 9.856844e+03 9.785783e+03 9.820199e+03
5.0 9.739156e+03 9.738726e+03 9.721898e+03 9.722328e+03
6.0 9.588821e+03 9.654990e+03 9.644507e+03 9.578338e+03
7.0 9.729362e+03 9.642310e+03 9.676475e+03 9.763528e+03
8.0 9.774500e+03 9.822444e+03 9.781553e+03 9.733609e+03
9.0 9.886035e+03 9.791170e+03 9.786191e+03 9.881056e+03
10.0 9.741615e+03 9.735596e+03 9.698884e+03 9.704904e+03
11.0 9.580616e+03 9.641843e+03 9.631301e+03 9.570074e+03
12.0 9.664779e+03 9.713175e+03 9.690048e+03 9.641653e+03
13.0 9.825012e+03 9.862382e+03 9.788047e+03 9.750677e+03
14.0 9.854111e+03 9.770351e+03 9.769389e+03 9.853150e+03
15.0 9.673227e+03 9.673820e+03 9.677905e+03 9.677311e+03
16.0 9.561508e+03 9.628038e+03 9.633499e+03 9.566970e+03
17.0 9.764438e+03 9.732989e+03 9.717535e+03 9.748983e+03
18.0 9.845342e+03 9.832157e+03 9.795645e+03 9.808830e+03
19.0 9.899323e+03 9.724373e+03 9.751010e+03 9.925961e+03
20.0 9.627963e+03 9.661493e+03 9.656042e+03 9.622512e+03
21.0 9.721620e+03 9.590530e+03 9.582051e+03 9.713142e+03
22.0 9.599918e+03 9.606243e+03 9.540959e+03 9.534635e+03
0.2 9.739156e+03 9.738726e+03 9.721898e+03 9.722328e+03
1.2 9.588821e+03 9.654990e+03 9.644507e+03 9.578338e+03
2.2 9.729362e+03 9.642310e+03 9.676475e+03 9.763528e+03
3.2 9.774500e+03 9.822444e+03 9.781553e+03 9.733609e+03
4.2 9.886035e+03 9.791170e+03 9.786191e+03 9.881056e+03
5.2 9.741615e+03 9.735596e+03 9.698884e+03 9.704904e+03
6.2 9.580616e+03 9.641843e+03 9.631301e+03 9.570074e+03
7.2 9.664779e+03 9.713175e+03 9.690048e+03 9.641653e+03
8.2 9.825012e+03 9.862382e+03 9.788047e+03 9.750677e+03
9.2 9.854111e+03 9.770351e+03 9.769389e+03 9.853150e+03
10.2 9.673227e+03 9.673820e+03 9.677905e+03 9.677311e+03
11.2 9.561508e+03 9.628038e+03 9.633499e+03 9.566970e+03
12.2 9.764438e+03 9.732989e+03 9.717535e+03 9.748983e+03
13.2 9.845342e+03 9.832157e+03 9.795645e+03 9.808830e+03
14.2 9.899323e+03 9.724373e+03 9.751010e+03 9.925961e+03
15.2 9.627963e+03 9.661493e+03 9.656042e+03 9.622512e+03
16.2 9.721620e+03 9.590530e+03 9.582051e+03 9.713142e+03
17.2 9.599918e+03 9.606243e+03 9.540959e+03 9.534635e+03
18.2 9.517995e+03 9.523852e+03 9.522893e+03 9.517036e+03
19.2 9.598057e+03 9.548699e+03 9.518609e+03 9.567967e+03
20.2 9.525320e+03 9.569635e+03 9.527384e+03 9.483069e+03
21.2 9.563440e+03 9.625703e+03 9.609610e+03 9.547347e+03
0.4 9.741615e+03 9.735596e+03 9.698884e+03 9.704904e+03
1.4 9.580616e+03 9.641843e+03 9.631301e+03 9.570074e+03
2.4 9.664779e+03 9.713175e+03 9.690048e+03 9.641653e+03
3.4 9.825012e+03 9.862382e+03 9.788047e+03 9.750677e+03
4.4 9.854111e+03 9.770351e+03 9.769389e+03 9.853150e+03
5.4 9.673227e+03 9.673820e+03 9.677905e+03 9.677311e+03
6.4 9.561508e+03 9.628038e+03 9.633499e+03 9.566970e+03
7.4 9.764438e+03 9.732989e+03 9.717535e+03 9.748983e+03
8.4 9.845342e+03 9.832157e+03 9.795645e+03 9.808830e+03
9.4 9.899323e+03 9.724373e+03 9.751010e+03 9.925961e+03
10.4 9.627963e+03 9.661493e+03 9.656042e+03 9.622512e+03
11.4 9.721620e+03 9.590530e+03 9.582051e+03 9.713142e+03
12.4 9.599918e+03 9.606243e+03 9.540959e+03 9.534635e+03
13.4 9.517995e+03 9.523852e+03 9.522893e+03 9.517036e+03
14.4 9.598057e+03 9.548699e+03 9.518609e+03 9.567967e+03
15.4 9.525320e+03 9.569635e+03 9.527384e+03 9.483069e+03
16.4 9.563440e+03 9.625703e+03 9.609610e+03 9.547347e+03
17.4 9.576562e+03 9.647269e+03 9.759898e+03 9.689191e+03
18.4 9.603366e+03 9.638011e+03 9.809638e+03 9.774993e+03
19.4 9.530636e+03 9.586767e+03 9.738639e+03 9.682508e+03
20.4 9.534428e+03 9.560704e+03 9.645366e+03 9.619090e+03
21.4 9.598513e+03 9.617155e+03 9.585003e+03 9.566361e+03
0.7 9.673227e+03 9.673820e+03 9.677905e+03 9.677311e+03
1.7 9.561508e+03 9.628038e+03 9.633499e+03 9.566970e+03
2.7 9.764438e+03 9.732989e+03 9.717535e+03 9.748983e+03
3.7 9.845342e+03 9.832157e+03 9.795645e+03 9.808830e+03
4.7 9.899323e+03 9.724373e+03 9.751010e+03 9.925961e+03
5.7 9.627963e+03 9.661493e+03 9.656042e+03 9.622512e+03
6.7 9.721620e+03 9.590530e+03 9.582051e+03 9.713142e+03
7.7 9.599918e+03 9.606243e+03 9.540959e+03 9.534635e+03
8.7 9.517995e+03 9.523852e+03 9.522893e+03 9.517036e+03
9.7 9.598057e+03 9.548699e+03 9.518609e+03 9.567967e+03
10.7 9.525320e+03 9.569635e+03 9.527384e+03 9.483069e+03
11.7 9.563440e+03 9.625703e+03 9.609610e+03 9.547347e+03
12.7 9.576562e+03 9.647269e+03 9.759898e+03 9.689191e+03
13.7 9.603366e+03 9.638011e+03 9.809638e+03 9.774993e+03
14.7 9.530636e+03 9.586767e+03 9.738639e+03 9.682508e+03
15.7 9.534428e+03 9.560704e+03 9.645366e+03 9.619090e+03
16.7 9.598513e+03 9.617155e+03 9.585003e+03 9.566361e+03
17.7 9.751434e+03 9.650425e+03 9.624204e+03 9.725213e+03
18.7 9.809157e+03 9.796312e+03 9.751445e+03 9.764290e+03
19.7 9.818229e+03 9.775233e+03 9.792169e+03 9.835164e+03
20.7 9.678780e+03 9.709930e+03 9.720888e+03 9.689738e+03
21.7 9.512604e+03 9.641958e+03 9.631424e+03 9.502069e+03
0.1 9.598057e+03 9.548699e+03 9.518609e+03 9.567967e+03
1.1 9.525320e+03 9.569635e+03 9.527384e+03 9.483069e+03
2.1 9.563440e+03 9.625703e+03 9.609610e+03 9.547347e+03
3.1 9.576562e+03 9.647269e+03 9.759898e+03 9.689191e+03
4.1 9.603366e+03 9.638011e+03 9.809638e+03 9.774993e+03
5.1 9.530636e+03 9.586767e+03 9.738639e+03 9.682508e+03
6.1 9.534428e+03 9.560704e+03 9.645366e+03 9.619090e+03
7.1 9.598513e+03 9.617155e+03 9.585003e+03 9.566361e+03
8.1 9.751434e+03 9.650425e+03 9.624204e+03 9.725213e+03
9.1 9.809157e+03 9.796312e+03 9.751445e+03 9.764290e+03
10.1 9.818229e+03 9.775233e+03 9.792169e+03 9.835164e+03
11.1 9.678780e+03 9.709930e+03 9.720888e+03 9.689738e+03
12.1 9.512604e+03 9.641958e+03 9.631424e+03 9.502069e+03
13.1 9.581803e+03 9.607806e+03 9.576401e+03 9.550398e+03
14.1 9.716557e+03 9.615291e+03 9.622424e+03 9.723689e+03
15.1 9.782024e+03 9.796699e+03 9.751816e+03 9.737141e+03
16.1 9.837195e+03 9.795479e+03 9.789778e+03 9.831494e+03
17.1 9.789405e+03 9.728957e+03 9.717366e+03 9.777815e+03
18.1 9.704306e+03 9.657123e+03 9.641943e+03 9.689126e+03
19.1 9.715214e+03 9.747824e+03 9.681641e+03 9.649031e+03
20.1 9.920843e+03 9.955860e+03 9.785212e+03 9.750195e+03
21.1 9.770590e+03 9.796998e+03 9.783379e+03 9.756971e+03
0.1 9.534428e+03 9.560704e+03 9.645366e+03 9.619090e+03
1.1 9.598513e+03 9.617155e+03 9.585003e+03 9.566361e+03
2.1 9.751434e+03 9.650425e+03 9.624204e+03 9.725213e+03
3.1 9.809157e+03 9.796312e+03 9.751445e+03 9.764290e+03
4.1 9.818229e+03 9.775233e+03 9.792169e+03 9.835164e+03
5.1 9.678780e+03 9.709930e+03 9.720888e+03 9.689738e+03
6.1 9.512604e+03 9.641958e+03 9.631424e+03 9.502069e+03
7.1 9.581803e+03 9.607806e+03 9.576401e+03 9.550398e+03
8.1 9.716557e+03 9.615291e+03 9.622424e+03 9.723689e+03
9.1 9.782024e+03 9.796699e+03 9.751816e+03 9.737141e+03
10.1 9.837195e+03 9.795479e+03 9.789778e+03 9.831494e+03
11.1 9.789405e+03 9.728957e+03 9.717366e+03 9.777815e+03
12.1 9.704306e+03 9.657123e+03 9.641943e+03 9.689126e+03
13.1 9.715214e+03 9.747824e+03 9.681641e+03 9.649031e+03
14.1 9.920843e+03 9.955860e+03 9.785212e+03 9.750195e+03
15.1 9.770590e+03 9.796998e+03 9.783379e+03 9.756971e+03
16.1 9.774063e+03 9.714665e+03 9.735878e+03 9.795277e+03
17.1 9.799104e+03 9.814971e+03 9.784743e+03 9.768876e+03
18.1 9.820020e+03 9.867286e+03 9.824961e+03 9.777695e+03
19.1 9.723560e+03 9.753408e+03 9.762963e+03 9.733115e+03
20.1 9.660383e+03 9.719683e+03 9.741610e+03 9.682310e+03
21.1 9.732077e+03 9.764974e+03 9.807885e+03 9.774988e+03
0.1 9.512604e+03 9.641958e+03 9.631424e+03 9.502069e+03
1.1 9.581803e+03 9.607806e+03 9.576401e+03 9.550398e+03
2.1 9.716557e+03 9.615291e+03 9.622424e+03 9.723689e+03
3.1 9.782024e+03 9.796699e+03 9.751816e+03 9.737141e+03
4.1 9.837195e+03 9.795479e+03 9.789778e+03 9.831494e+03
5.1 9.789405e+03 9.728957e+03 9.717366e+03 9.777815e+03
6.1 9.704306e+03 9.657123e+03 9.641943e+03 9.689126e+03
7.1 9.715214e+03 9.747824e+03 9.681641e+03 9.649031e+03
8.1 9.920843e+03 9.955860e+03 9.785212e+03 9.750195e+03
9.1 9.770590e+03 9.796998e+03 9.783379e+03 9.756971e+03
10.1 9.774063e+03 9.714665e+03 9.735878e+03 9.795277e+03
11.1 9.799104e+03 9.814971e+03 9.784743e+03 9.768876e+03
12.1 9.820020e+03 9.867286e+03 9.824961e+03 9.777695e+03
13.1 9.723560e+03 9.753408e+03 9.762963e+03 9.733115e+03
14.1 9.660383e+03 9.719683e+03 9.741610e+03 9.682310e+03
15.1 9.732077e+03 9.764974e+03 9.807885e+03 9.774988e+03
16.1 9.785639e+03 9.814111e+03 9.801892e+03 9.773419e+03
17.1 9.721674e+03 9.752761e+03 9.706134e+03 9.675047e+03
18.1 9.533515e+03 9.614303e+03 9.608938e+03 9.528150e+03
19.1 9.627731e+03 9.560367e+03 9.556604e+03 9.623968e+03
20.1 9.689881e+03 9.612958e+03 9.613420e+03 9.690343e+03
21.1 9.744859e+03 9.767693e+03 9.746940e+03 9.724107e+03
0.3 9.789405e+03 9.728957e+03 9.717366e+03 9.777815e+03
1.3 9.704306e+03 9.657123e+03 9.641943e+03 9.689126e+03
2.3 9.715214e+03 9.747824e+03 9.681641e+03 9.649031e+03
3.3 9.920843e+03 9.955860e+03 9.785212e+03 9.750195e+03
4.3 9.770590e+03 9.796998e+03 9.783379e+03 9.756971e+03
5.3 9.774063e+03 9.714665e+03 9.735878e+03 9.795277e+03
6.3 9.799104e+03 9.814971e+03 9.784743e+03 9.768876e+03
7.3 9.820020e+03 9.867286e+03 9.824961e+03 9.777695e+03
8.3 9.723560e+03 9.753408e+03 9.762963e+03 9.733115e+03
9.3 9.660383e+03 9.719683e+03 9.741610e+03 9.682310e+03
10.3 9.732077e+03 9.764974e+03 9.807885e+03 9.774988e+03
11.3 9.785639e+03 9.814111e+03 9.801892e+03 9.773419e+03
12.3 9.721674e+03 9.752761e+03 9.706134e+03 9.675047e+03
13.3 9.533515e+03 9.614303e+03 9.608938e+03 9.528150e+03
14.3 9.627731e+03 9.560367e+03 9.556604e+03 9.623968e+03
15.3 9.689881e+03 9.612958e+03 9.613420e+03 9.690343e+03
16.3 9.744859e+03 9.767693e+03 9.746940e+03 9.724107e+03
17.3 9.799244e+03 9.776269e+03 9.780990e+03 9.803965e+03
18.3 9.677311e+03 9.683735e+03 9.708173e+03 9.701748e+03
19.3 9.552356e+03 9.634176e+03 9.622448e+03 9.540628e+03
20.3 9.589990e+03 9.561819e+03 9.573050e+03 9.601221e+03
21.3 9.668056e+03 9.636157e+03 9.627766e+03 9.659664e+03
0.7 9.770590e+03 9.796998e+03 9.783379e+03 9.756971e+03
1.7 9.774063e+03 9.714665e+03 9.735878e+03 9.795277e+03
2.7 9.799104e+03 9.814971e+03 9.784743e+03 9.768876e+03
3.7 9.820020e+03 9.867286e+03 9.824961e+03 9.777695e+03
4.7 9.723560e+03 9.753408e+03 9.762963e+03 9.733115e+03
5.7 9.660383e+03 9.719683e+03 9.741610e+03 9.682310e+03
6.7 9.732077e+03 9.764974e+03 9.807885e+03 9.774988e+03
7.7 9.785639e+03 9.814111e+03 9.801892e+03 9.773419e+03
8.7 9.721674e+03 9.752761e+03 9.706134e+03 9.675047e+03
9.7 9.533515e+03 9.614303e+03 9.608938e+03 9.528150e+03
10.7 9.627731e+03 9.560367e+03 9.556604e+03 9.623968e+03
11.7 9.689881e+03 9.612958e+03 9.613420e+03 9.690343e+03
12.7 9.744859e+03 9.767693e+03 9.746940e+03 9.724107e+03
13.7 9.799244e+03 9.776269e+03 9.780990e+03 9.803965e+03
14.7 9.677311e+03 9.683735e+03 9.708173e+03 9.701748e+03
15.7 9.552356e+03 9.634176e+03 9.622448e+03 9.540628e+03
16.7 9.589990e+03 9.561819e+03 9.573050e+03 9.601221e+03
17.7 9.668056e+03 9.636157e+03 9.627766e+03 9.659664e+03
18.7 9.736484e+03 9.807137e+03 9.757377e+03 9.686724e+03
19.7 9.825361e+03 9.771359e+03 9.787697e+03 9.841699e+03
20.7 9.635526e+03 9.701441e+03 9.712116e+03 9.646201e+03
21.7 9.541110e+03 9.596906e+03 9.640528e+03 9.584732e+03
0.1 9.820020e+03 9.867286e+03 9.824961e+03 9.777695e+03
1.1 9.723560e+03 9.753408e+03 9.762963e+03 9.733115e+03
2.1 9.660383e+03 9.719683e+03 9.741610e+03 9.682310e+03
3.1 9.732077e+03 9.764974e+03 9.807885e+03 9.774988e+03
4.1 9.785639e+03 9.814111e+03 9.801892e+03 9.773419e+03
5.1 9.721674e+03 9.752761e+03 9.706134e+03 9.675047e+03
6.1 9.533515e+03 9.614303e+03 9.608938e+03 9.528150e+03
7.1 9.627731e+03 9.560367e+03 9.556604e+03 9.623968e+03
8.1 9.689881e+03 9.612958e+03 9.613420e+03 9.690343e+03
9.1 9.744859e+03 9.767693e+03 9.746940e+03 9.724107e+03
10.1 9.799244e+03 9.776269e+03 9.780990e+03 9.803965e+03
11.1 9.677311e+03 9.683735e+03 9.708173e+03 9.701748e+03
12.1 9.552356e+03 9.634176e+03 9.622448e+03 9.540628e+03
13.1 9.589990e+03 9.561819e+03 9.573050e+03 9.601221e+03
14.1 9.668056e+03 9.636157e+03 9.627766e+03 9.659664e+03
15.1 9.736484e+03 9.807137e+03 9.757377e+03 9.686724e+03
16.1 9.825361e+03 9.771359e+03 9.787697e+03 9.841699e+03
17.1 9.635526e+03 9.701441e+03 9.712116e+03 9.646201e+03
18.1 9.541110e+03 9.596906e+03 9.640528e+03 9.584732e+03
19.1 9.665821e+03 9.643955e+03 9.687789e+03 9.709656e+03
20.1 9.702161e+03 9.752207e+03 9.788872e+03 9.738826e+03
21.1 9.780814e+03 9.748465e+03 9.780057e+03 9.812406e+03
0.1 9.533515e+03 9.614303e+03 9.608938e+03 9.528150e+03
1.1 9.627731e+03 9.560367e+03 9.556604e+03 9.623968e+03
2.1 9.689881e+03 9.612958e+03 9.613420e+03 9.690343e+03
3.1 9.744859e+03 9.767693e+03 9.746940e+03 9.724107e+03
4.1 9.799244e+03 9.776269e+03 9.780990e+03 9.803965e+03
5.1 9.677311e+03 9.683735e+03 9.708173e+03 9.701748e+03
6.1 9.552356e+03 9.634176e+03 9.622448e+03 9.540628e+03
7.1 9.589990e+03 9.561819e+03 9.573050e+03 9.601221e+03
8.1 9.668056e+03 9.636157e+03 9.627766e+03 9.659664e+03
9.1 9.736484e+03 9.807137e+03 9.757377e+03 9.686724e+03
10.1 9.825361e+03 9.771359e+03 9.787697e+03 9.841699e+03
11.1 9.635526e+03 9.701441e+03 9.712116e+03 9.646201e+03
12.1 9.541110e+03 9.596906e+03 9.640528e+03 9.584732e+03
13.1 9.665821e+03 9.643955e+03 9.687789e+03 9.709656e+03
14.1 9.702161e+03 9.752207e+03 9.788872e+03 9.738826e+03
15.1 9.780814e+03 9.748465e+03 9.780057e+03 9.812406e+03
16.1 9.822191e+03 9.691289e+03 9.735816e+03 9.866719e+03
17.1 9.841335e+03 9.753391e+03 9.789893e+03 9.877837e+03
18.1 9.837570e+03 9.792909e+03 9.827403e+03 9.872064e+03
19.1 9.654604e+03 9.718140e+03 9.754019e+03 9.690484e+03
20.1 9.507492e+03 9.629768e+03 9.650715e+03 9.528439e+03
21.1 9.880747e+03 9.684388e+03 9.640681e+03 9.837039e+03
0.1 9.552356e+03 9.634176e+03 9.622448e+03 9.540628e+03
1.1 9.589990e+03 9.561819e+03 9.573050e+03 9.601221e+03
2.1 9.668056e+03 9.636157e+03 9.627766e+03 9.659664e+03
3.1 9.736484e+03 9.807137e+03 9.757377e+03 9.686724e+03
4.1 9.825361e+03 9.771359e+03 9.787697e+03 9.841699e+03
5.1 9.635526e+03 9.701441e+03 9.712116e+03 9.646201e+03
6.1 9.541110e+03 9.596906e+03 9.640528e+03 9.584732e+03
7.1 9.665821e+03 9.643955e+03 9.687789e+03 9.709656e+03
8.1 9.702161e+03 9.752207e+03 9.788872e+03 9.738826e+03
9.1 9.780814e+03 9.748465e+03 9.780057e+03 9.812406e+03
10.1 9.822191e+03 9.691289e+03 9.735816e+03 9.866719e+03
11.1 9.841335e+03 9.753391e+03 9.789893e+03 9.877837e+03
12.1 9.837570e+03 9.792909e+03 9.827403e+03 9.872064e+03
13.1 9.654604e+03 9.718140e+03 9.754019e+03 9.690484e+03
14.1 9.507492e+03 9.629768e+03 9.650715e+03 9.528439e+03
15.1 9.880747e+03 9.684388e+03 9.640681e+03 9.837039e+03
16.1 9.892774e+03 9.789508e+03 9.744512e+03 9.847779e+03
17.1 9.904085e+03 9.756669e+03 9.786363e+03 9.933779e+03
18.1 9.717434e+03 9.657378e+03 9.735783e+03 9.795839e+03
19.1 9.606891e+03 9.627979e+03 9.755994e+03 9.734905e+03
20.1 9.548045e+03 9.614282e+03 9.821561e+03 9.755324e+03
21.1 9.643314e+03 9.638374e+03 9.785806e+03 9.790746e+03
0.4 9.635526e+03 9.701441e+03 9.712116e+03 9.646201e+03
1.4 9.541110e+03 9.596906e+03 9.640528e+03 9.584732e+03
2.4 9.665821e+03 9.643955e+03 9.687789e+03 9.709656e+03
3.4 9.702161e+03 9.752207e+03 9.788872e+03 9.738826e+03
4.4 9.780814e+03 9.748465e+03 9.780057e+03 9.812406e+03
5.4 9.822191e+03 9.691289e+03 9.735816e+03 9.866719e+03
6.4 9.841335e+03 9.753391e+03 9.789893e+03 9.877837e+03
7.4 9.837570e+03 9.792909e+03 9.827403e+03 9.872064e+03
8.4 9.654604e+03 9.718140e+03 9.754019e+03 9.690484e+03
9.4 9.507492e+03 9.629768e+03 9.650715e+03 9.528439e+03
10.4 9.880747e+03 9.684388e+03 9.640681e+03 9.837039e+03
11.4 9.892774e+03 9.789508e+03 9.744512e+03 9.847779e+03
12.4 9.904085e+03 9.756669e+03 9.786363e+03 9.933779e+03
13.4 9.717434e+03 9.657378e+03 9.735783e+03 9.795839e+03
14.4 9.606891e+03 9.627979e+03 9.755994e+03 9.734905e+03
15.4 9.548045e+03 9.614282e+03 9.821561e+03 9.755324e+03
16.4 9.643314e+03 9.638374e+03 9.785806e+03 9.790746e+03
17.4 9.714825e+03 9.721017e+03 9.731293e+03 9.725101e+03
18.4 9.657104e+03 9.775593e+03 9.782020e+03 9.663530e+03
19.4 9.757753e+03 9.739459e+03 9.812977e+03 9.831271e+03
20.4 9.509538e+03 9.623926e+03 9.747611e+03 9.633224e+03
21.4 9.485213e+03 9.519777e+03 9.735703e+03 9.701139e+03
0.8 9.780814e+03 9.748465e+03 9.780057e+03 9.812406e+03
1.8 9.822191e+03 9.691289e+03 9.735816e+03 9.866719e+03
2.8 9.841335e+03 9.753391e+03 9.789893e+03 9.877837e+03
3.8 9.837570e+03 9.792909e+03 9.827403e+03 9.872064e+03
4.8 9.654604e+03 9.718140e+03 9.754019e+03 9.690484e+03
5.8 9.507492e+03 9.629768e+03 9.650715e+03 9.528439e+03
6.8 9.880747e+03 9.684388e+03 9.640681e+03 9.837039e+03
7.8 9.892774e+03 9.789508e+03 9.744512e+03 9.847779e+03
8.8 9.904085e+03 9.756669e+03 9.786363e+03 9.933779e+03
9.8 9.717434e+03 9.657378e+03 9.735783e+03 9.795839e+03
10.8 9.606891e+03 9.627979e+03 9.755994e+03 9.734905e+03
11.8 9.548045e+03 9.614282e+03 9.821561e+03 9.755324e+03
12.8 9.643314e+03 9.638374e+03 9.785806e+03 9.790746e+03
13.8 9.714825e+03 9.721017e+03 9.731293e+03 9.725101e+03
14.8 9.657104e+03 9.775593e+03 9.782020e+03 9.663530e+03
15.8 9.757753e+03 9.739459e+03 9.812977e+03 9.831271e+03
16.8 9.509538e+03 9.623926e+03 9.747611e+03 9.633224e+03
17.8 9.485213e+03 9.519777e+03 9.735703e+03 9.701139e+03
18.8 9.577359e+03 9.602168e+03 9.803937e+03 9.779128e+03
19.8 9.639750e+03 9.622013e+03 9.790902e+03 9.808639e+03
20.8 9.537864e+03 9.561040e+03 9.694427e+03 9.671251e+03
21.8 9.387023e+03 9.500347e+03 9.601418e+03 9.488094e+03
1.0 9.507492e+03 9.629768e+03 9.650715e+03 9.528439e+03
2.0 9.880747e+03 9.684388e+03 9.640681e+03 9.837039e+03
3.0 9.892774e+03 9.789508e+03 9.744512e+03 9.847779e+03
4.0 9.904085e+03 9.756669e+03 9.786363e+03 9.933779e+03
5.0 9.717434e+03 9.657378e+03 9.735783e+03 9.795839e+03
6.0 9.606891e+03 9.627979e+03 9.755994e+03 9.734905e+03
7.0 9.548045e+03 9.614282e+03 9.821561e+03 9.755324e+03
8.0 9.643314e+03 9.638374e+03 9.785806e+03 9.790746e+03
9.0 9.714825e+03 9.721017e+03 9.731293e+03 9.725101e+03
10.0 9.657104e+03 9.775593e+03 9.782020e+03 9.663530e+03
11.0 9.757753e+03 9.739459e+03 9.812977e+03 9.831271e+03
12.0 9.509538e+03 9.623926e+03 9.747611e+03 9.633224e+03
13.0 9.485213e+03 9.519777e+03 9.735703e+03 9.701139e+03
14.0 9.577359e+03 9.602168e+03 9.803937e+03 9.779128e+03
15.0 9.639750e+03 9.622013e+03 9.790902e+03 9.808639e+03
16.0 9.537864e+03 9.561040e+03 9.694427e+03 9.671251e+03
17.0 9.387023e+03 9.500347e+03 9.601418e+03 9.488094e+03
18.0 9.497825e+03 9.427925e+03 9.556145e+03 9.626044e+03
19.0 9.672469e+03 9.558557e+03 9.624489e+03 9.738401e+03
20.0 9.799626e+03 9.763919e+03 9.755975e+03 9.791682e+03
21.0 9.813178e+03 9.829053e+03 9.778301e+03 9.762426e+03
22.0 9.764773e+03 9.745838e+03 9.735570e+03 9.754506e+03
0.4 9.904085e+03 9.756669e+03 9.786363e+03 9.933779e+03
1.4 9.717434e+03 9.657378e+03 9.735783e+03 9.795839e+03
2.4 9.606891e+03 9.627979e+03 9.755994e+03 9.734905e+03
3.4 9.548045e+03 9.614282e+03 9.821561e+03 9.755324e+03
4.4 9.643314e+03 9.638374e+03 9.785806e+03 9.790746e+03
5.4 9.714825e+03 9.721017e+03 9.731293e+03 9.725101e+03
6.4 9.657104e+03 9.775593e+03 9.782020e+03 9.663530e+03
7.4 9.757753e+03 9.739459e+03 9.812977e+03 9.831271e+03
8.4 9.509538e+03 9.623926e+03 9.747611e+03 9.633224e+03
9.4 9.485213e+03 9.519777e+03 9.735703e+03 9.701139e+03
10.4 9.577359e+03 9.602168e+03 9.803937e+03 9.779128e+03
11.4 9.639750e+03 9.622013e+03 9.790902e+03 9.808639e+03
12.4 9.537864e+03 9.561040e+03 9.694427e+03 9.671251e+03
13.4 9.387023e+03 9.500347e+03 9.601418e+03 9.488094e+03
14.4 9.497825e+03 9.427925e+03 9.556145e+03 9.626044e+03
15.4 9.672469e+03 9.558557e+03 9.624489e+03 9.738401e+03
16.4 9.799626e+03 9.763919e+03 9.755975e+03 9.791682e+03
17.4 9.813178e+03 9.829053e+03 9.778301e+03 9.762426e+03
18.4 9.764773e+03 9.745838e+03 9.735570e+03 9.754506e+03
19.4 9.756427e+03 9.755587e+03 9.781562e+03 9.782402e+03
20.4 9.807423e+03 9.833274e+03 9.830953e+03 9.805102e+03
21.4 9.714501e+03 9.676856e+03 9.768237e+03 9.805882e+03
0.8 9.643314e+03 9.638374e+03 9.785806e+03 9.790746e+03
1.8 9.714825e+03 9.721017e+03 9.731293e+03 9.725101e+03
2.8 9.657104e+03 9.775593e+03 9.782020e+03 9.663530e+03
3.8 9.757753e+03 9.739459e+03 9.812977e+03 9.831271e+03
4.8 9.509538e+03 9.623926e+03 9.747611e+03 9.633224e+03
5.8 9.485213e+03 9.519777e+03 9.735703e+03 9.701139e+03
6.8 9.577359e+03 9.602168e+03 9.803937e+03 9.779128e+03
7.8 9.639750e+03 9.622013e+03 9.790902e+03 9.808639e+03
8.8 9.537864e+03 9.561040e+03 9.694427e+03 9.671251e+03
9.8 9.387023e+03 9.500347e+03 9.601418e+03 9.488094e+03
10.8 9.497825e+03 9.427925e+03 9.556145e+03 9.626044e+03
11.8 9.672469e+03 9.558557e+03 9.624489e+03 9.738401e+03
12.8 9.799626e+03 9.763919e+03 9.755975e+03 9.791682e+03
13.8 9.813178e+03 9.829053e+03 9.778301e+03 9.762426e+03
14.8 9.764773e+03 9.745838e+03 9.735570e+03 9.754506e+03
15.8 9.756427e+03 9.755587e+03 9.781562e+03 9.782402e+03
16.8 9.807423e+03 9.833274e+03 9.830953e+03 9.805102e+03
17.8 9.714501e+03 9.676856e+03 9.768237e+03 9.805882e+03
18.8 9.603343e+03 9.590026e+03 9.662069e+03 9.675386e+03
19.8 9.571331e+03 9.614120e+03 9.632731e+03 9.589942e+03
20.8 9.659029e+03 9.778585e+03 9.729402e+03 9.609847e+03
21.8 9.765793e+03 9.801491e+03 9.789341e+03 9.753643e+03
0.2 9.757753e+03 9.739459e+03 9.812977e+03 9.831271e+03
1.2 9.509538e+03 9.623926e+03 9.747611e+03 9.633224e+03
2.2 9.485213e+03 9.519777e+03 9.735703e+03 9.701139e+03
3.2 9.577359e+03 9.602168e+03 9.803937e+03 9.779128e+03
4.2 9.639750e+03 9.622013e+03 9.790902e+03 9.808639e+03
5.2 9.537864e+03 9.561040e+03 9.694427e+03 9.671251e+03
6.2 9.387023e+03 9.500347e+03 9.601418e+03 9.488094e+03
7.2 9.497825e+03 9.427925e+03 9.556145e+03 9.626044e+03
8.2 9.672469e+03 9.558557e+03 9.624489e+03 9.738401e+03
9.2 9.799626e+03 9.763919e+03 9.755975e+03 9.791682e+03
10.2 9.813178e+03 9.829053e+03 9.778301e+03 9.762426e+03
11.2 9.764773e+03 9.745838e+03 9.735570e+03 9.754506e+03
12.2 9.756427e+03 9.755587e+03 9.781562e+03 9.782402e+03
13.2 9.807423e+03 9.833274e+03 9.830953e+03 9.805102e+03
14.2 9.714501e+03 9.676856e+03 9.768237e+03 9.805882e+03
15.2 9.603343e+03 9.590026e+03 9.662069e+03 9.675386e+03
16.2 9.571331e+03 9.614120e+03 9.632731e+03 9.589942e+03
17.2 9.659029e+03 9.778585e+03 9.729402e+03 9.609847e+03
18.2 9.765793e+03 9.801491e+03 9.789341e+03 9.753643e+03
19.2 9.831473e+03 9.726782e+03 9.730766e+03 9.835456e+03
20.2 9.610861e+03 9.637894e+03 9.638176e+03 9.611143e+03
21.2 9.514005e+03 9.588222e+03 9.573059e+03 9.498842e+03
0.2 9.387023e+03 9.500347e+03 9.601418e+03 9.488094e+03
1.2 9.497825e+03 9.427925e+03 9.556145e+03 9.626044e+03
2.2 9.672469e+03 9.558557e+03 9.624489e+03 9.738401e+03
3.2 9.799626e+03 9.763919e+03 9.755975e+03 9.791682e+03
4.2 9.813178e+03 9.829053e+03 9.778301e+03 9.762426e+03
5.2 9.764773e+03 9.745838e+03 9.735570e+03 9.754506e+03
6.2 9.756427e+03 9.755587e+03 9.781562e+03 9.782402e+03
7.2 9.807423e+03 9.833274e+03 9.830953e+03 9.805102e+03
8.2 9.714501e+03 9.676856e+03 9.768237e+03 9.805882e+03
9.2 9.603343e+03 9.590026e+03 9.662069e+03 9.675386e+03
10.2 9.571331e+03 9.614120e+03 9.632731e+03 9.589942e+03
11.2 9.659029e+03 9.778585e+03 9.729402e+03 9.609847e+03
12.2 9.765793e+03 9.801491e+03 9.789341e+03 9.753643e+03
13.2 9.831473e+03 9.726782e+03 9.730766e+03 9.835456e+03
14.2 9.610861e+03 9.637894e+03 9.638176e+03 9.611143e+03
15.2 9.514005e+03 9.588222e+03 9.573059e+03 9.498842e+03
16.2 9.578793e+03 9.546804e+03 9.589879e+03 9.621868e+03
17.2 9.744267e+03 9.697875e+03 9.715808e+03 9.762200e+03
18.2 9.812972e+03 9.804528e+03 9.791210e+03 9.799654e+03
19.2 9.843578e+03 9.777295e+03 9.739718e+03 9.806002e+03
20.2 9.581824e+03 9.665434e+03 9.648955e+03 9.565344e+03
21.2 9.525055e+03 9.590117e+03 9.582574e+03 9.517512e+03
0.6 9.813178e+03 9.829053e+03 9.778301e+03 9.762426e+03
1.6 9.764773e+03 9.745838e+03 9.735570e+03 9.754506e+03
2.6 9.756427e+03 9.755587e+03 9.781562e+03 9.782402e+03
3.6 9.807423e+03 9.833274e+03 9.830953e+03 9.805102e+03
4.6 9.714501e+03 9.676856e+03 9.768237e+03 9.805882e+03
5.6 9.603343e+03 9.590026e+03 9.662069e+03 9.675386e+03
6.6 9.571331e+03 9.614120e+03 9.632731e+03 9.589942e+03
7.6 9.659029e+03 9.778585e+03 9.729402e+03 9.609847e+03
8.6 9.765793e+03 9.801491e+03 9.789341e+03 9.753643e+03
9.6 9.831473e+03 9.726782e+03 9.730766e+03 9.835456e+03
10.6 9.610861e+03 9.637894e+03 9.638176e+03 9.611143e+03
11.6 9.514005e+03 9.588222e+03 9.573059e+03 9.498842e+03
12.6 9.578793e+03 9.546804e+03 9.589879e+03 9.621868e+03
13.6 9.744267e+03 9.697875e+03 9.715808e+03 9.762200e+03
14.6 9.812972e+03 9.804528e+03 9.791210e+03 9.799654e+03
15.6 9.843578e+03 9.777295e+03 9.739718e+03 9.806002e+03
16.6 9.581824e+03 9.665434e+03 9.648955e+03 9.565344e+03
17.6 9.525055e+03 9.590117e+03 9.582574e+03 9.517512e+03
18.6 9.644215e+03 9.600572e+03 9.596878e+03 9.640521e+03
19.6 9.763288e+03 9.758098e+03 9.720305e+03 9.725495e+03
20.6 9.794493e+03 9.806788e+03 9.793803e+03 9.781508e+03
21.6 9.778138e+03 9.757925e+03 9.753047e+03 9.773260e+03
0.8 9.603343e+03 9.590026e+03 9.662069e+03 9.675386e+03
1.8 9.571331e+03 9.614120e+03 9.632731e+03 9.589942e+03
2.8 9.659029e+03 9.778585e+03 9.729402e+03 9.609847e+03
3.8 9.765793e+03 9.801491e+03 9.789341e+03 9.753643e+03
4.8 9.831473e+03 9.726782e+03 9.730766e+03 9.835456e+03
5.8 9.610861e+03 9.637894e+03 9.638176e+03 9.611143e+03
6.8 9.514005e+03 9.588222e+03 9.573059e+03 9.498842e+03
7.8 9.578793e+03 9.546804e+03 9.589879e+03 9.621868e+03
8.8 9.744267e+03 9.697875e+03 9.715808e+03 9.762200e+03
9.8 9.812972e+03 9.804528e+03 9.791210e+03 9.799654e+03
10.8 9.843578e+03 9.777295e+03 9.739718e+03 9.806002e+03
11.8 9.581824e+03 9.665434e+03 9.648955e+03 9.565344e+03
12.8 9.525055e+03 9.590117e+03 9.582574e+03 9.517512e+03
13.8 9.644215e+03 9.600572e+03 9.596878e+03 9.640521e+03
14.8 9.763288e+03 9.758098e+03 9.720305e+03 9.725495e+03
15.8 9.794493e+03 9.806788e+03 9.793803e+03 9.781508e+03
16.8 9.778138e+03 9.757925e+03 9.753047e+03 9.773260e+03
17.8 9.649801e+03 9.671711e+03 9.758375e+03 9.736464e+03
18.8 9.831996e+03 9.840032e+03 9.827089e+03 9.819053e+03
19.8 9.810083e+03 9.841755e+03 9.804187e+03 9.772514e+03
20.8 9.755684e+03 9.674594e+03 9.737733e+03 9.818823e+03
21.8 9.787486e+03 9.752167e+03 9.773933e+03 9.809252e+03
0.8 9.514005e+03 9.588222e+03 9.573059e+03 9.498842e+03
1.8 9.578793e+03 9.546804e+03 9.589879e+03 9.621868e+03
2.8 9.744267e+03 9.697875e+03 9.715808e+03 9.762200e+03
3.8 9.812972e+03 9.804528e+03 9.791210e+03 9.799654e+03
4.8 9.843578e+03 9.777295e+03 9.739718e+03 9.806002e+03
5.8 9.581824e+03 9.665434e+03 9.648955e+03 9.565344e+03
6.8 9.525055e+03 9.590117e+03 9.582574e+03 9.517512e+03
7.8 9.644215e+03 9.600572e+03 9.596878e+03 9.640521e+03
8.8 9.763288e+03 9.758098e+03 9.720305e+03 9.725495e+03
9.8 9.794493e+03 9.806788e+03 9.793803e+03 9.781508e+03
10.8 9.778138e+03 9.757925e+03 9.753047e+03 9.773260e+03
11.8 9.649801e+03 9.671711e+03 9.758375e+03 9.736464e+03
12.8 9.831996e+03 9.840032e+03 9.827089e+03 9.819053e+03
13.8 9.810083e+03 9.841755e+03 9.804187e+03 9.772514e+03
14.8 9.755684e+03 9.674594e+03 9.737733e+03 9.818823e+03
15.8 9.787486e+03 9.752167e+03 9.773933e+03 9.809252e+03
16.8 9.725371e+03 9.715905e+03 9.817162e+03 9.826628e+03
17.8 9.625875e+03 9.656395e+03 9.753232e+03 9.722712e+03
18.8 9.491435e+03 9.527071e+03 9.648858e+03 9.613221e+03
19.8 9.454094e+03 9.497516e+03 9.572003e+03 9.528581e+03
20.8 9.569658e+03 9.563498e+03 9.568290e+03 9.574450e+03
21.8 9.825596e+03 9.723846e+03 9.684447e+03 9.786197e+03
0.8 9.525055e+03 9.590117e+03 9.582574e+03 9.517512e+03
1.8 9.644215e+03 9.600572e+03 9.596878e+03 9.640521e+03
2.8 9.763288e+03 9.758098e+03 9.720305e+03 9.725495e+03
3.8 9.794493e+03 9.806788e+03 9.793803e+03 9.781508e+03
4.8 9.778138e+03 9.757925e+03 9.753047e+03 9.773260e+03
5.8 9.649801e+03 9.671711e+03 9.758375e+03 9.736464e+03
6.8 9.831996e+03 9.840032e+03 9.827089e+03 9.819053e+03
7.8 9.810083e+03 9.841755e+03 9.804187e+03 9.772514e+03
8.8 9.755684e+03 9.674594e+03 9.737733e+03 9.818823e+03
9.8 9.787486e+03 9.752167e+03 9.773933e+03 9.809252e+03
10.8 9.725371e+03 9.715905e+03 9.817162e+03 9.826628e+03
11.8 9.625875e+03 9.656395e+03 9.753232e+03 9.722712e+03
12.8 9.491435e+03 9.527071e+03 9.648858e+03 9.613221e+03
13.8 9.454094e+03 9.497516e+03 9.572003e+03 9.528581e+03
14.8 9.569658e+03 9.563498e+03 9.568290e+03 9.574450e+03
15.8 9.825596e+03 9.723846e+03 9.684447e+03 9.786197e+03
16.8 9.884544e+03 9.894901e+03 9.783273e+03 9.772916e+03
17.8 9.674446e+03 9.763951e+03 9.757122e+03 9.667617e+03
18.8 9.602248e+03 9.692030e+03 9.746844e+03 9.657062e+03
19.8 9.763559e+03 9.745640e+03 9.818973e+03 9.836892e+03
20.8 9.729339e+03 9.716772e+03 9.819911e+03 9.832477e+03
21.8 9.557570e+03 9.519157e+03 9.723708e+03 9.762121e+03
0.3 9.794493e+03 9.806788e+03 9.793803e+03 9.781508e+03
1.3 9.778138e+03 9.757925e+03 9.753047e+03 9.773260e+03
2.3 9.649801e+03 9.671711e+03 9.758375e+03 9.736464e+03
3.3 9.831996e+03 9.840032e+03 9.827089e+03 9.819053e+03
4.3 9.810083e+03 9.841755e+03 9.804187e+03 9.772514e+03
5.3 9.755684e+03 9.674594e+03 9.737733e+03 9.818823e+03
6.3 9.787486e+03 9.752167e+03 9.773933e+03 9.809252e+03
7.3 9.725371e+03 9.715905e+03 9.817162e+03 9.826628e+03
8.3 9.625875e+03 9.656395e+03 9.753232e+03 9.722712e+03
9.3 9.491435e+03 9.527071e+03 9.648858e+03 9.613221e+03
10.3 9.454094e+03 9.497516e+03 9.572003e+03 9.528581e+03
11.3 9.569658e+03 9.563498e+03 9.568290e+03 9.574450e+03
12.3 9.825596e+03 9.723846e+03 9.684447e+03 9.786197e+03
13.3 9.884544e+03 9.894901e+03 9.783273e+03 9.772916e+03
14.3 9.674446e+03 9.763951e+03 9.757122e+03 9.667617e+03
15.3 9.602248e+03 9.692030e+03 9.746844e+03 9.657062e+03
16.3 9.763559e+03 9.745640e+03 9.818973e+03 9.836892e+03
17.3 9.729339e+03 9.716772e+03 9.819911e+03 9.832477e+03
18.3 9.557570e+03 9.519157e+03 9.723708e+03 9.762121e+03
19.3 9.361249e+03 9.397993e+03 9.634360e+03 9.597616e+03
20.3 9.426882e+03 9.466693e+03 9.668686e+03 9.628875e+03
21.3 9.607095e+03 9.645102e+03 9.772636e+03 9.734628e+03
0.7 9.810083e+03 9.841755e+03 9.804187e+03 9.772514e+03
1.7 9.755684e+03 9.674594e+03 9.737733e+03 9.818823e+03
2.7 9.787486e+03 9.752167e+03 9.773933e+03 9.809252e+03
3.7 9.725371e+03 9.715905e+03 9.817162e+03 9.826628e+03
4.7 9.625875e+03 9.656395e+03 9.753232e+03 9.722712e+03
5.7 9.491435e+03 9.527071e+03 9.648858e+03 9.613221e+03
6.7 9.454094e+03 9.497516e+03 9.572003e+03 9.528581e+03
7.7 9.569658e+03 9.563498e+03 9.568290e+03 9.574450e+03
8.7 9.825596e+03 9.723846e+03 9.684447e+03 9.786197e+03
9.7 9.884544e+03 9.894901e+03 9.783273e+03 9.772916e+03
10.7 9.674446e+03 9.763951e+03 9.757122e+03 9.667617e+03
11.7 9.602248e+03 9.692030e+03 9.746844e+03 9.657062e+03
12.7 9.763559e+03 9.745640e+03 9.818973e+03 9.836892e+03
13.7 9.729339e+03 9.716772e+03 9.819911e+03 9.832477e+03
14.7 9.557570e+03 9.519157e+03 9.723708e+03 9.762121e+03
15.7 9.361249e+03 9.397993e+03 9.634360e+03 9.597616e+03
16.7 9.426882e+03 9.466693e+03 9.668686e+03 9.628875e+03
17.7 9.607095e+03 9.645102e+03 9.772636e+03 9.734628e+03
18.7 9.687581e+03 9.625711e+03 9.772965e+03 9.834835e+03
19.7 9.561604e+03 9.605558e+03 9.686850e+03 9.642896e+03
20.7 9.485093e+03 9.546041e+03 9.602848e+03 9.541899e+03
21.7 9.541298e+03 9.536811e+03 9.551502e+03 9.555988e+03
0.7 9.454094e+03 9.497516e+03 9.572003e+03 9.528581e+03
1.7 9.569658e+03 9.563498e+03 9.568290e+03 9.574450e+03
2.7 9.825596e+03 9.723846e+03 9.684447e+03 9.786197e+03
3.7 9.884544e+03 9.894901e+03 9.783273e+03 9.772916e+03
4.7 9.674446e+03 9.763951e+03 9.757122e+03 9.667617e+03
5.7 9.602248e+03 9.692030e+03 9.746844e+03 9.657062e+03
6.7 9.763559e+03 9.745640e+03 9.818973e+03 9.836892e+03
7.7 9.729339e+03 9.716772e+03 9.819911e+03 9.832477e+03
8.7 9.557570e+03 9.519157e+03 9.723708e+03 9.762121e+03
9.7 9.361249e+03 9.397993e+03 9.634360e+03 9.597616e+03
10.7 9.426882e+03 9.466693e+03 9.668686e+03 9.628875e+03
11.7 9.607095e+03 9.645102e+03 9.772636e+03 9.734628e+03
12.7 9.687581e+03 9.625711e+03 9.772965e+03 9.834835e+03
13.7 9.561604e+03 9.605558e+03 9.686850e+03 9.642896e+03
14.7 9.485093e+03 9.546041e+03 9.602848e+03 9.541899e+03
15.7 9.541298e+03 9.536811e+03 9.551502e+03 9.555988e+03
16.7 9.647534e+03 9.562657e+03 9.533008e+03 9.617886e+03
17.7 9.723005e+03 9.674526e+03 9.603537e+03 9.652015e+03
18.7 9.823562e+03 9.774351e+03 9.748044e+03 9.797254e+03
19.7 9.815612e+03 9.814506e+03 9.794254e+03 9.795360e+03
20.7 9.835561e+03 9.753380e+03 9.750870e+03 9.833051e+03
21.7 9.769152e+03 9.786784e+03 9.783174e+03 9.765542e+03
0.1 9.884544e+03 9.894901e+03 9.783273e+03 9.772916e+03
1.1 9.674446e+03 9.763951e+03 9.757122e+03 9.667617e+03
2.1 9.602248e+03 9.692030e+03 9.746844e+03 9.657062e+03
3.1 9.763559e+03 9.745640e+03 9.818973e+03 9.836892e+03
4.1 9.729339e+03 9.716772e+03 9.819911e+03 9.832477e+03
5.1 9.557570e+03 9.519157e+03 9.723708e+03 9.762121e+03
6.1 9.361249e+03 9.397993e+03 9.634360e+03 9.597616e+03
7.1 9.426882e+03 9.466693e+03 9.668686e+03 9.628875e+03
8.1 9.607095e+03 9.645102e+03 9.772636e+03 9.734628e+03
9.1 9.687581e+03 9.625711e+03 9.772965e+03 9.834835e+03
10.1 9.561604e+03 9.605558e+03 9.686850e+03 9.642896e+03
11.1 9.485093e+03 9.546041e+03 9.602848e+03 9.541899e+03
12.1 9.541298e+03 9.536811e+03 9.551502e+03 9.555988e+03
13.1 9.647534e+03 9.562657e+03 9.533008e+03 9.617886e+03
14.1 9.723005e+03 9.674526e+03 9.603537e+03 9.652015e+03
15.1 9.823562e+03 9.774351e+03 9.748044e+03 9.797254e+03
16.1 9.815612e+03 9.814506e+03 9.794254e+03 9.795360e+03
17.1 9.835561e+03 9.753380e+03 9.750870e+03 9.833051e+03
18.1 9.769152e+03 9.786784e+03 9.783174e+03 9.765542e+03
19.1 9.779218e+03 9.813252e+03 9.838109e+03 9.804074e+03
20.1 9.734885e+03 9.740395e+03 9.786560e+03 9.781049e+03
21.1 9.843245e+03 9.705212e+03 9.737884e+03 9.875917e+03
0.3 9.557570e+03 9.519157e+03 9.723708e+03 9.762121e+03
1.3 9.361249e+03 9.397993e+03 9.634360e+03 9.597616e+03
2.3 9.426882e+03 9.466693e+03 9.668686e+03 9.628875e+03
3.3 9.607095e+03 9.645102e+03 9.772636e+03 9.734628e+03
4.3 9.687581e+03 9.625711e+03 9.772965e+03 9.834835e+03
5.3 9.561604e+03 9.605558e+03 9.686850e+03 9.642896e+03
6.3 9.485093e+03 9.546041e+03 9.602848e+03 9.541899e+03
7.3 9.541298e+03 9.536811e+03 9.551502e+03 9.555988e+03
8.3 9.647534e+03 9.562657e+03 9.533008e+03 9.617886e+03
9.3 9.723005e+03 9.674526e+03 9.603537e+03 9.652015e+03
10.3 9.823562e+03 9.774351e+03 9.748044e+03 9.797254e+03
11.3 9.815612e+03 9.814506e+03 9.794254e+03 9.795360e+03
12.3 9.835561e+03 9.753380e+03 9.750870e+03 9.833051e+03
13.3 9.769152e+03 9.786784e+03 9.783174e+03 9.765542e+03
14.3 9.779218e+03 9.813252e+03 9.838109e+03 9.804074e+03
15.3 9.734885e+03 9.740395e+03 9.786560e+03 9.781049e+03
16.3 9.843245e+03 9.705212e+03 9.737884e+03 9.875917e+03
17.3 9.866390e+03 9.794784e+03 9.793548e+03 9.865154e+03
18.3 9.898135e+03 9.825793e+03 9.810621e+03 9.882962e+03
19.3 9.764571e+03 9.721024e+03 9.742531e+03 9.786078e+03
20.3 9.631106e+03 9.693324e+03 9.746750e+03 9.684532e+03
21.3 9.742948e+03 9.796443e+03 9.811122e+03 9.757627e+03
0.1 9.541298e+03 9.536811e+03 9.551502e+03 9.555988e+03
1.1 9.647534e+03 9.562657e+03 9.533008e+03 9.617886e+03
2.1 9.723005e+03 9.674526e+03 9.603537e+03 9.652015e+03
3.1 9.823562e+03 9.774351e+03 9.748044e+03 9.797254e+03
4.1 9.815612e+03 9.814506e+03 9.794254e+03 9.795360e+03
5.1 9.835561e+03 9.753380e+03 9.750870e+03 9.833051e+03
6.1 9.769152e+03 9.786784e+03 9.783174e+03 9.765542e+03
7.1 9.779218e+03 9.813252e+03 9.838109e+03 9.804074e+03
8.1 9.734885e+03 9.740395e+03 9.786560e+03 9.781049e+03
9.1 9.843245e+03 9.705212e+03 9.737884e+03 9.875917e+03
10.1 9.866390e+03 9.794784e+03 9.793548e+03 9.865154e+03
11.1 9.898135e+03 9.825793e+03 9.810621e+03 9.882962e+03
12.1 9.764571e+03 9.721024e+03 9.742531e+03 9.786078e+03
13.1 9.631106e+03 9.693324e+03 9.746750e+03 9.684532e+03
14.1 9.742948e+03 9.796443e+03 9.811122e+03 9.757627e+03
15.1 9.814510e+03 9.752394e+03 9.780656e+03 9.842772e+03
16.1 9.716219e+03 9.671766e+03 9.679730e+03 9.724183e+03
17.1 9.606160e+03 9.627024e+03 9.619267e+03 9.598403e+03
18.1 9.677371e+03 9.752192e+03 9.691883e+03 9.617062e+03
19.1 9.840936e+03 9.913442e+03 9.783434e+03 9.710927e+03
20.1 9.867916e+03 9.767234e+03 9.754180e+03 9.854863e+03
21.1 9.603813e+03 9.632495e+03 9.662711e+03 9.634029e+03
0.5 9.815612e+03 9.814506e+03 9.794254e+03 9.795360e+03
1.5 9.835561e+03 9.753380e+03 9.750870e+03 9.833051e+03
2.5 9.769152e+03 9.786784e+03 9.783174e+03 9.765542e+03
3.5 9.779218e+03 9.813252e+03 9.838109e+03 9.804074e+03
4.5 9.734885e+03 9.740395e+03 9.786560e+03 9.781049e+03
5.5 9.843245e+03 9.705212e+03 9.737884e+03 9.875917e+03
6.5 9.866390e+03 9.794784e+03 9.793548e+03 9.865154e+03
7.5 9.898135e+03 9.825793e+03 9.810621e+03 9.882962e+03
8.5 9.764571e+03 9.721024e+03 9.742531e+03 9.786078e+03
9.5 9.631106e+03 9.693324e+03 9.746750e+03 9.684532e+03
10.5 9.742948e+03 9.796443e+03 9.811122e+03 9.757627e+03
11.5 9.814510e+03 9.752394e+03 9.780656e+03 9.842772e+03
12.5 9.716219e+03 9.671766e+03 9.679730e+03 9.724183e+03
13.5 9.606160e+03 9.627024e+03 9.619267e+03 9.598403e+03
14.5 9.677371e+03 9.752192e+03 9.691883e+03 9.617062e+03
15.5 9.840936e+03 9.913442e+03 9.783434e+03 9.710927e+03
16.5 9.867916e+03 9.767234e+03 9.754180e+03 9.854863e+03
17.5 9.603813e+03 9.632495e+03 9.662711e+03 9.634029e+03
18.5 9.467932e+03 9.536900e+03 9.586878e+03 9.517909e+03
19.5 9.517579e+03 9.575126e+03 9.571644e+03 9.514098e+03
20.5 9.693775e+03 9.699149e+03 9.675686e+03 9.670313e+03
21.5 9.862957e+03 9.880136e+03 9.784154e+03 9.766975e+03
0.9 9.734885e+03 9.740395e+03 9.786560e+03 9.781049e+03
1.9 9.843245e+03 9.705212e+03 9.737884e+03 9.875917e+03
2.9 9.866390e+03 9.794784e+03 9.793548e+03 9.865154e+03
3.9 9.898135e+03 9.825793e+03 9.810621e+03 9.882962e+03
4.9 9.764571e+03 9.721024e+03 9.742531e+03 9.786078e+03
5.9 9.631106e+03 9.693324e+03 9.746750e+03 9.684532e+03
6.9 9.742948e+03 9.796443e+03 9.811122e+03 9.757627e+03
7.9 9.814510e+03 9.752394e+03 9.780656e+03 9.842772e+03
8.9 9.716219e+03 9.671766e+03 9.679730e+03 9.724183e+03
9.9 9.606160e+03 9.627024e+03 9.619267e+03 9.598403e+03
10.9 9.677371e+03 9.752192e+03 9.691883e+03 9.617062e+03
11.9 9.840936e+03 9.913442e+03 9.783434e+03 9.710927e+03
12.9 9.867916e+03 9.767234e+03 9.754180e+03 9.854863e+03
13.9 9.603813e+03 9.632495e+03 9.662711e+03 9.634029e+03
14.9 9.467932e+03 9.536900e+03 9.586878e+03 9.517909e+03
15.9 9.517579e+03 9.575126e+03 9.571644e+03 9.514098e+03
16.9 9.693775e+03 9.699149e+03 9.675686e+03 9.670313e+03
17.9 9.862957e+03 9.880136e+03 9.784154e+03 9.766975e+03
18.9 9.828284e+03 9.811543e+03 9.762897e+03 9.779637e+03
19.9 9.609098e+03 9.616764e+03 9.673924e+03 9.666257e+03
20.9 9.477471e+03 9.570010e+03 9.597207e+03 9.504668e+03
21.9 9.548687e+03 9.555472e+03 9.579519e+03 9.572733e+03
0.4 9.898135e+03 9.825793e+03 9.810621e+03 9.882962e+03
1.4 9.764571e+03 9.721024e+03 9.742531e+03 9.786078e+03
2.4 9.631106e+03 9.693324e+03 9.746750e+03 9.684532e+03
3.4 9.742948e+03 9.796443e+03 9.811122e+03 9.757627e+03
4.4 9.814510e+03 9.752394e+03 9.780656e+03 9.842772e+03
5.4 9.716219e+03 9.671766e+03 9.679730e+03 9.724183e+03
6.4 9.606160e+03 9.627024e+03 9.619267e+03 9.598403e+03
7.4 9.677371e+03 9.752192e+03 9.691883e+03 9.617062e+03
8.4 9.840936e+03 9.913442e+03 9.783434e+03 9.710927e+03
9.4 9.867916e+03 9.767234e+03 9.754180e+03 9.854863e+03
10.4 9.603813e+03 9.632495e+03 9.662711e+03 9.634029e+03
11.4 9.467932e+03 9.536900e+03 9.586878e+03 9.517909e+03
12.4 9.517579e+03 9.575126e+03 9.571644e+03 9.514098e+03
13.4 9.693775e+03 9.699149e+03 9.675686e+03 9.670313e+03
14.4 9.862957e+03 9.880136e+03 9.784154e+03 9.766975e+03
15.4 9.828284e+03 9.811543e+03 9.762897e+03 9.779637e+03
16.4 9.609098e+03 9.616764e+03 9.673924e+03 9.666257e+03
17.4 9.477471e+03 9.570010e+03 9.597207e+03 9.504668e+03
18.4 9.548687e+03 9.555472e+03 9.579519e+03 9.572733e+03
19.4 9.708928e+03 9.760778e+03 9.680901e+03 9.629050e+03
20.4 9.810817e+03 9.873137e+03 9.787234e+03 9.724915e+03
21.4 9.839792e+03 9.784140e+03 9.764556e+03 9.820208e+03
0.5 9.716219e+03 9.671766e+03 9.679730e+03 9.724183e+03
1.5 9.606160e+03 9.627024e+03 9.619267e+03 9.598403e+03
2.5 9.677371e+03 9.752192e+03 9.691883e+03 9.617062e+03
3.5 9.840936e+03 9.913442e+03 9.783434e+03 9.710927e+03
4.5 9.867916e+03 9.767234e+03 9.754180e+03 9.854863e+03
5.5 9.603813e+03 9.632495e+03 9.662711e+03 9.634029e+03
6.5 9.467932e+03 9.536900e+03 9.586878e+03 9.517909e+03
7.5 9.517579e+03 9.575126e+03 9.571644e+03 9.514098e+03
8.5 9.693775e+03 9.699149e+03 9.675686e+03 9.670313e+03
9.5 9.862957e+03 9.880136e+03 9.784154e+03 9.766975e+03
10.5 9.828284e+03 9.811543e+03 9.762897e+03 9.779637e+03
11.5 9.609098e+03 9.616764e+03 9.673924e+03 9.666257e+03
12.5 9.477471e+03 9.570010e+03 9.597207e+03 9.504668e+03
13.5 9.548687e+03 9.555472e+03 9.579519e+03 9.572733e+03
14.5 9.708928e+03 9.760778e+03 9.680901e+03 9.629050e+03
15.5 9.810817e+03 9.873137e+03 9.787234e+03 9.724915e+03
16.5 9.839792e+03 9.784140e+03 9.764556e+03 9.820208e+03
17.5 9.603316e+03 9.675145e+03 9.674751e+03 9.602923e+03
18.5 9.502079e+03 9.630540e+03 9.597644e+03 9.469183e+03
19.5 9.620161e+03 9.584256e+03 9.581822e+03 9.617728e+03
20.5 9.719252e+03 9.726008e+03 9.685358e+03 9.678602e+03
21.5 9.839287e+03 9.833169e+03 9.788532e+03 9.794651e+03
0.5 9.467932e+03 9.536900e+03 9.586878e+03 9.517909e+03
1.5 9.517579e+03 9.575126e+03 9.571644e+03 9.514098e+03
2.5 9.693775e+03 9.699149e+03 9.675686e+03 9.670313e+03
3.5 9.862957e+03 9.880136e+03 9.784154e+03 9.766975e+03
4.5 9.828284e+03 9.811543e+03 9.762897e+03 9.779637e+03
5.5 9.609098e+03 9.616764e+03 9.673924e+03 9.666257e+03
6.5 9.477471e+03 9.570010e+03 9.597207e+03 9.504668e+03
7.5 9.548687e+03 9.555472e+03 9.579519e+03 9.572733e+03
8.5 9.708928e+03 9.760778e+03 9.680901e+03 9.629050e+03
9.5 9.810817e+03 9.873137e+03 9.787234e+03 9.724915e+03
10.5 9.839792e+03 9.784140e+03 9.764556e+03 9.820208e+03
11.5 9.603316e+03 9.675145e+03 9.674751e+03 9.602923e+03
12.5 9.502079e+03 9.630540e+03 9.597644e+03 9.469183e+03
13.5 9.620161e+03 9.584256e+03 9.581822e+03 9.617728e+03
14.5 9.719252e+03 9.726008e+03 9.685358e+03 9.678602e+03
15.5 9.839287e+03 9.833169e+03 9.788532e+03 9.794651e+03
16.5 9.878739e+03 9.771863e+03 9.762294e+03 9.869171e+03
17.5 9.634357e+03 9.697612e+03 9.673098e+03 9.609844e+03
18.5 9.606728e+03 9.607712e+03 9.643632e+03 9.642647e+03
19.5 9.701239e+03 9.769958e+03 9.736788e+03 9.668070e+03
20.5 9.831403e+03 9.796683e+03 9.800710e+03 9.835430e+03
21.5 9.889360e+03 9.754739e+03 9.752254e+03 9.886875e+03
0.5 9.477471e+03 9.570010e+03 9.597207e+03 9.504668e+03
1.5 9.548687e+03 9.555472e+03 9.579519e+03 9.572733e+03
2.5 9.708928e+03 9.760778e+03 9.680901e+03 9.629050e+03
3.5 9.810817e+03 9.873137e+03 9.787234e+03 9.724915e+03
4.5 9.839792e+03 9.784140e+03 9.764556e+03 9.820208e+03
5.5 9.603316e+03 9.675145e+03 9.674751e+03 9.602923e+03
6.5 9.502079e+03 9.630540e+03 9.597644e+03 9.469183e+03
7.5 9.620161e+03 9.584256e+03 9.581822e+03 9.617728e+03
8.5 9.719252e+03 9.726008e+03 9.685358e+03 9.678602e+03
9.5 9.839287e+03 9.833169e+03 9.788532e+03 9.794651e+03
10.5 9.878739e+03 9.771863e+03 9.762294e+03 9.869171e+03
11.5 9.634357e+03 9.697612e+03 9.673098e+03 9.609844e+03
12.5 9.606728e+03 9.607712e+03 9.643632e+03 9.642647e+03
13.5 9.701239e+03 9.769958e+03 9.736788e+03 9.668070e+03
14.5 9.831403e+03 9.796683e+03 9.800710e+03 9.835430e+03
15.5 9.889360e+03 9.754739e+03 9.752254e+03 9.886875e+03
16.5 9.860576e+03 9.760228e+03 9.744079e+03 9.844427e+03
17.5 9.870749e+03 9.779552e+03 9.814236e+03 9.905433e+03
18.5 9.703030e+03 9.752264e+03 9.803375e+03 9.754142e+03
19.5 9.654964e+03 9.649666e+03 9.705380e+03 9.710677e+03
20.5 9.629704e+03 9.613199e+03 9.627783e+03 9.644289e+03
21.5 9.776707e+03 9.725921e+03 9.679569e+03 9.730355e+03
0.6 9.502079e+03 9.630540e+03 9.597644e+03 9.469183e+03
1.6 9.620161e+03 9.584256e+03 9.581822e+03 9.617728e+03
2.6 9.719252e+03 9.726008e+03 9.685358e+03 9.678602e+03
3.6 9.839287e+03 9.833169e+03 9.788532e+03 9.794651e+03
4.6 9.878739e+03 9.771863e+03 9.762294e+03 9.869171e+03
5.6 9.634357e+03 9.697612e+03 9.673098e+03 9.609844e+03
6.6 9.606728e+03 9.607712e+03 9.643632e+03 9.642647e+03
7.6 9.701239e+03 9.769958e+03 9.736788e+03 9.668070e+03
8.6 9.831403e+03 9.796683e+03 9.800710e+03 9.835430e+03
9.6 9.889360e+03 9.754739e+03 9.752254e+03 9.886875e+03
10.6 9.860576e+03 9.760228e+03 9.744079e+03 9.844427e+03
11.6 9.870749e+03 9.779552e+03 9.814236e+03 9.905433e+03
12.6 9.703030e+03 9.752264e+03 9.803375e+03 9.754142e+03
13.6 9.654964e+03 9.649666e+03 9.705380e+03 9.710677e+03
14.6 9.629704e+03 9.613199e+03 9.627783e+03 9.644289e+03
15.6 9.776707e+03 9.725921e+03 9.679569e+03 9.730355e+03
16.6 9.838637e+03 9.769525e+03 9.779304e+03 9.848415e+03
17.6 9.720788e+03 9.754149e+03 9.765693e+03 9.732332e+03
18.6 9.650059e+03 9.647533e+03 9.676533e+03 9.679060e+03
19.6 9.616703e+03 9.647227e+03 9.628197e+03 9.597673e+03
20.6 9.735254e+03 9.748845e+03 9.708435e+03 9.694845e+03
21.6 9.762344e+03 9.811746e+03 9.793441e+03 9.744039e+03
0.8 9.634357e+03 9.697612e+03 9.673098e+03 9.609844e+03
1.8 9.606728e+03 9.607712e+03 9.643632e+03 9.642647e+03
2.8 9.701239e+03 9.769958e+03 9.736788e+03 9.668070e+03
3.8 9.831403e+03 9.796683e+03 9.800710e+03 9.835430e+03
4.8 9.889360e+03 9.754739e+03 9.752254e+03 9.886875e+03
5.8 9.860576e+03 9.760228e+03 9.744079e+03 9.844427e+03
6.8 9.870749e+03 9.779552e+03 9.814236e+03 9.905433e+03
7.8 9.703030e+03 9.752264e+03 9.803375e+03 9.754142e+03
8.8 9.654964e+03 9.649666e+03 9.705380e+03 9.710677e+03
9.8 9.629704e+03 9.613199e+03 9.627783e+03 9.644289e+03
10.8 9.776707e+03 9.725921e+03 9.679569e+03 9.730355e+03
11.8 9.838637e+03 9.769525e+03 9.779304e+03 9.848415e+03
12.8 9.720788e+03 9.754149e+03 9.765693e+03 9.732332e+03
13.8 9.650059e+03 9.647533e+03 9.676533e+03 9.679060e+03
14.8 9.616703e+03 9.647227e+03 9.628197e+03 9.597673e+03
15.8 9.735254e+03 9.748845e+03 9.708435e+03 9.694845e+03
16.8 9.762344e+03 9.811746e+03 9.793441e+03 9.744039e+03
17.8 9.847441e+03 9.657999e+03 9.760261e+03 9.949703e+03
18.8 9.667564e+03 9.645578e+03 9.738635e+03 9.760622e+03
19.8 9.833008e+03 9.812749e+03 9.806711e+03 9.826970e+03
20.8 9.795231e+03 9.789670e+03 9.812755e+03 9.818316e+03
21.8 9.526967e+03 9.583151e+03 9.741778e+03 9.685594e+03
0.2 9.831403e+03 9.796683e+03 9.800710e+03 9.835430e+03
1.2 9.889360e+03 9.754739e+03 9.752254e+03 9.886875e+03
2.2 9.860576e+03 9.760228e+03 9.744079e+03 9.844427e+03
3.2 9.870749e+03 9.779552e+03 9.814236e+03 9.905433e+03
4.2 9.703030e+03 9.752264e+03 9.803375e+03 9.754142e+03
5.2 9.654964e+03 9.649666e+03 9.705380e+03 9.710677e+03
6.2 9.629704e+03 9.613199e+03 9.627783e+03 9.644289e+03
7.2 9.776707e+03 9.725921e+03 9.679569e+03 9.730355e+03
8.2 9.838637e+03 9.769525e+03 9.779304e+03 9.848415e+03
9.2 9.720788e+03 9.754149e+03 9.765693e+03 9.732332e+03
10.2 9.650059e+03 9.647533e+03 9.676533e+03 9.679060e+03
11.2 9.616703e+03 9.647227e+03 9.628197e+03 9.597673e+03
12.2 9.735254e+03 9.748845e+03 9.708435e+03 9.694845e+03
13.2 9.762344e+03 9.811746e+03 9.793441e+03 9.744039e+03
14.2 9.847441e+03 9.657999e+03 9.760261e+03 9.949703e+03
15.2 9.667564e+03 9.645578e+03 9.738635e+03 9.760622e+03
16.2 9.833008e+03 9.812749e+03 9.806711e+03 9.826970e+03
17.2 9.795231e+03 9.789670e+03 9.812755e+03 9.818316e+03
18.2 9.526967e+03 9.583151e+03 9.741778e+03 9.685594e+03
19.2 9.425334e+03 9.529121e+03 9.754791e+03 9.651003e+03
20.2 9.520143e+03 9.619081e+03 9.814838e+03 9.715899e+03
21.2 9.507877e+03 9.569952e+03 9.775930e+03 9.713855e+03
0.4 9.654964e+03 9.649666e+03 9.705380e+03 9.710677e+03
1.4 9.629704e+03 9.613199e+03 9.627783e+03 9.644289e+03
2.4 9.776707e+03 9.725921e+03 9.679569e+03 9.730355e+03
3.4 9.838637e+03 9.769525e+03 9.779304e+03 9.848415e+03
4.4 9.720788e+03 9.754149e+03 9.765693e+03 9.732332e+03
5.4 9.650059e+03 9.647533e+03 9.676533e+03 9.679060e+03
6.4 9.616703e+03 9.647227e+03 9.628197e+03 9.597673e+03
7.4 9.735254e+03 9.748845e+03 9.708435e+03 9.694845e+03
8.4 9.762344e+03 9.811746e+03 9.793441e+03 9.744039e+03
9.4 9.847441e+03 9.657999e+03 9.760261e+03 9.949703e+03
10.4 9.667564e+03 9.645578e+03 9.738635e+03 9.760622e+03
11.4 9.833008e+03 9.812749e+03 9.806711e+03 9.826970e+03
12.4 9.795231e+03 9.789670e+03 9.812755e+03 9.818316e+03
13.4 9.526967e+03 9.583151e+03 9.741778e+03 9.685594e+03
14.4 9.425334e+03 9.529121e+03 9.754791e+03 9.651003e+03
15.4 9.520143e+03 9.619081e+03 9.814838e+03 9.715899e+03
16.4 9.507877e+03 9.569952e+03 9.775930e+03 9.713855e+03
17.4 9.585578e+03 9.592870e+03 9.725325e+03 9.718034e+03
18.4 9.691937e+03 9.760300e+03 9.780246e+03 9.711882e+03
19.4 9.728438e+03 9.786782e+03 9.809929e+03 9.751585e+03
20.4 9.631241e+03 9.668839e+03 9.733809e+03 9.696212e+03
21.4 9.534384e+03 9.573642e+03 9.632094e+03 9.592836e+03
0.6 9.650059e+03 9.647533e+03 9.676533e+03 9.679060e+03
1.6 9.616703e+03 9.647227e+03 9.628197e+03 9.597673e+03
2.6 9.735254e+03 9.748845e+03 9.708435e+03 9.694845e+03
3.6 9.762344e+03 9.811746e+03 9.793441e+03 9.744039e+03
4.6 9.847441e+03 9.657999e+03 9.760261e+03 9.949703e+03
5.6 9.667564e+03 9.645578e+03 9.738635e+03 9.760622e+03
6.6 9.833008e+03 9.812749e+03 9.806711e+03 9.826970e+03
7.6 9.795231e+03 9.789670e+03 9.812755e+03 9.818316e+03
8.6 9.526967e+03 9.583151e+03 9.741778e+03 9.685594e+03
9.6 9.425334e+03 9.529121e+03 9.754791e+03 9.651003e+03
10.6 9.520143e+03 9.619081e+03 9.814838e+03 9.715899e+03
11.6 9.507877e+03 9.569952e+03 9.775930e+03 9.713855e+03
12.6 9.585578e+03 9.592870e+03 9.725325e+03 9.718034e+03
13.6 9.691937e+03 9.760300e+03 9.780246e+03 9.711882e+03
14.6 9.728438e+03 9.786782e+03 9.809929e+03 9.751585e+03
15.6 9.631241e+03 9.668839e+03 9.733809e+03 9.696212e+03
16.6 9.534384e+03 9.573642e+03 9.632094e+03 9.592836e+03
17.6 9.581799e+03 9.473886e+03 9.563535e+03 9.671447e+03
18.6 9.679745e+03 9.580953e+03 9.580605e+03 9.679397e+03
19.6 9.876018e+03 9.803012e+03 9.708596e+03 9.781601e+03
20.6 9.894953e+03 9.897150e+03 9.786397e+03 9.784200e+03
21.6 9.734970e+03 9.720170e+03 9.736869e+03 9.751669e+03
1.0 9.847441e+03 9.657999e+03 9.760261e+03 9.949703e+03
2.0 9.667564e+03 9.645578e+03 9.738635e+03 9.760622e+03
3.0 9.833008e+03 9.812749e+03 9.806711e+03 9.826970e+03
4.0 9.795231e+03 9.789670e+03 9.812755e+03 9.818316e+03
5.0 9.526967e+03 9.583151e+03 9.741778e+03 9.685594e+03
6.0 9.425334e+03 9.529121e+03 9.754791e+03 9.651003e+03
7.0 9.520143e+03 9.619081e+03 9.814838e+03 9.715899e+03
8.0 9.507877e+03 9.569952e+03 9.775930e+03 9.713855e+03
9.0 9.585578e+03 9.592870e+03 9.725325e+03 9.718034e+03
10.0 9.691937e+03 9.760300e+03 9.780246e+03 9.711882e+03
11.0 9.728438e+03 9.786782e+03 9.809929e+03 9.751585e+03
12.0 9.631241e+03 9.668839e+03 9.733809e+03 9.696212e+03
13.0 9.534384e+03 9.573642e+03 9.632094e+03 9.592836e+03
14.0 9.581799e+03 9.473886e+03 9.563535e+03 9.671447e+03
15.0 9.679745e+03 9.580953e+03 9.580605e+03 9.679397e+03
16.0 9.876018e+03 9.803012e+03 9.708596e+03 9.781601e+03
17.0 9.894953e+03 9.897150e+03 9.786397e+03 9.784200e+03
18.0 9.734970e+03 9.720170e+03 9.736869e+03 9.751669e+03
19.0 9.523894e+03 9.592087e+03 9.647423e+03 9.579230e+03
20.0 9.520649e+03 9.558334e+03 9.581812e+03 9.544127e+03
21.0 9.617208e+03 9.631338e+03 9.596524e+03 9.582394e+03
22.0 9.789231e+03 9.747738e+03 9.720155e+03 9.761649e+03
0.4 9.795231e+03 9.789670e+03 9.812755e+03 9.818316e+03
1.4 9.526967e+03 9.583151e+03 9.741778e+03 9.685594e+03
2.4 9.425334e+03 9.529121e+03 9.754791e+03 9.651003e+03
3.4 9.520143e+03 9.619081e+03 9.814838e+03 9.715899e+03
4.4 9.507877e+03 9.569952e+03 9.775930e+03 9.713855e+03
5.4 9.585578e+03 9.592870e+03 9.725325e+03 9.718034e+03
6.4 9.691937e+03 9.760300e+03 9.780246e+03 9.711882e+03
7.4 9.728438e+03 9.786782e+03 9.809929e+03 9.751585e+03
8.4 9.631241e+03 9.668839e+03 9.733809e+03 9.696212e+03
9.4 9.534384e+03 9.573642e+03 9.632094e+03 9.592836e+03
10.4 9.581799e+03 9.473886e+03 9.563535e+03 9.671447e+03
11.4 9.679745e+03 9.580953e+03 9.580605e+03 9.679397e+03
12.4 9.876018e+03 9.803012e+03 9.708596e+03 9.781601e+03
13.4 9.894953e+03 9.897150e+03 9.786397e+03 9.784200e+03
14.4 9.734970e+03 9.720170e+03 9.736869e+03 9.751669e+03
15.4 9.523894e+03 9.592087e+03 9.647423e+03 9.579230e+03
16.4 9.520649e+03 9.558334e+03 9.581812e+03 9.544127e+03
17.4 9.617208e+03 9.631338e+03 9.596524e+03 9.582394e+03
18.4 9.789231e+03 9.747738e+03 9.720155e+03 9.761649e+03
19.4 9.795788e+03 9.820251e+03 9.793740e+03 9.769277e+03
20.4 9.739349e+03 9.711377e+03 9.741058e+03 9.769029e+03
21.4 9.522604e+03 9.548693e+03 9.649613e+03 9.623524e+03
0.8 9.507877e+03 9.569952e+03 9.775930e+03 9.713855e+03
1.8 9.585578e+03 9.592870e+03 9.725325e+03 9.718034e+03
2.8 9.691937e+03 9.760300e+03 9.780246e+03 9.711882e+03
3.8 9.728438e+03 9.786782e+03 9.809929e+03 9.751585e+03
4.8 9.631241e+03 9.668839e+03 9.733809e+03 9.696212e+03
5.8 9.534384e+03 9.573642e+03 9.632094e+03 9.592836e+03
6.8 9.581799e+03 9.473886e+03 9.563535e+03 9.671447e+03
7.8 9.679745e+03 9.580953e+03 9.580605e+03 9.679397e+03
8.8 9.876018e+03 9.803012e+03 9.708596e+03 9.781601e+03
9.8 9.894953e+03 9.897150e+03 9.786397e+03 9.784200e+03
10.8 9.734970e+03 9.720170e+03 9.736869e+03 9.751669e+03
11.8 9.523894e+03 9.592087e+03 9.647423e+03 9.579230e+03
12.8 9.520649e+03 9.558334e+03 9.581812e+03 9.544127e+03
13.8 9.617208e+03 9.631338e+03 9.596524e+03 9.582394e+03
14.8 9.789231e+03 9.747738e+03 9.720155e+03 9.761649e+03
15.8 9.795788e+03 9.820251e+03 9.793740e+03 9.769277e+03
16.8 9.739349e+03 9.711377e+03 9.741058e+03 9.769029e+03
17.8 9.522604e+03 9.548693e+03 9.649613e+03 9.623524e+03
18.8 9.498626e+03 9.598504e+03 9.581246e+03 9.481368e+03
19.8 9.648825e+03 9.665477e+03 9.542997e+03 9.526345e+03
20.8 9.709848e+03 9.676855e+03 9.525660e+03 9.558653e+03
21.8 9.760354e+03 9.707859e+03 9.521303e+03 9.573798e+03
0.8 9.581799e+03 9.473886e+03 9.563535e+03 9.671447e+03
1.8 9.679745e+03 9.580953e+03 9.580605e+03 9.679397e+03
2.8 9.876018e+03 9.803012e+03 9.708596e+03 9.781601e+03
3.8 9.894953e+03 9.897150e+03 9.786397e+03 9.784200e+03
4.8 9.734970e+03 9.720170e+03 9.736869e+03 9.751669e+03
5.8 9.523894e+03 9.592087e+03 9.647423e+03 9.579230e+03
6.8 9.520649e+03 9.558334e+03 9.581812e+03 9.544127e+03
7.8 9.617208e+03 9.631338e+03 9.596524e+03 9.582394e+03
8.8 9.789231e+03 9.747738e+03 9.720155e+03 9.761649e+03
9.8 9.795788e+03 9.820251e+03 9.793740e+03 9.769277e+03
10.8 9.739349e+03 9.711377e+03 9.741058e+03 9.769029e+03
11.8 9.522604e+03 9.548693e+03 9.649613e+03 9.623524e+03
12.8 9.498626e+03 9.598504e+03 9.581246e+03 9.481368e+03
13.8 9.648825e+03 9.665477e+03 9.542997e+03 9.526345e+03
14.8 9.709848e+03 9.676855e+03 9.525660e+03 9.558653e+03
15.8 9.760354e+03 9.707859e+03 9.521303e+03 9.573798e+03
0.8 9.520649e+03 9.558334e+03 9.581812e+03 9.544127e+03
1.8 9.617208e+03 9.631338e+03 9.596524e+03 9.582394e+03
2.8 9.789231e+03 9.747738e+03 9.720155e+03 9.761649e+03
3.8 9.795788e+03 9.820251e+03 9.793740e+03 9.769277e+03
4.8 9.739349e+03 9.711377e+03 9.741058e+03 9.769029e+03
5.8 9.522604e+03 9.548693e+03 9.649613e+03 9.623524e+03
6.8 9.498626e+03 9.598504e+03 9.581246e+03 9.481368e+03
7.8 9.648825e+03 9.665477e+03 9.542997e+03 9.526345e+03
8.8 9.709848e+03 9.676855e+03 9.525660e+03 9.558653e+03
9.8 9.760354e+03 9.707859e+03 9.521303e+03 9.573798e+03
