0.2 9.799713e+03 9.728511e+03 9.739871e+03 9.811073e+03
1.2 9.897836e+03 9.864357e+03 9.731059e+03 9.764538e+03
2.2 9.959423e+03 9.871142e+03 9.673076e+03 9.761357e+03
3.2 9.890800e+03 9.772022e+03 9.638565e+03 9.757343e+03
4.2 9.846849e+03 9.877766e+03 9.660127e+03 9.629210e+03
5.2 9.899306e+03 9.916247e+03 9.696747e+03 9.679805e+03
6.2 9.812040e+03 9.854837e+03 9.723809e+03 9.681012e+03
7.2 9.834375e+03 9.751838e+03 9.739222e+03 9.821759e+03
8.2 9.897237e+03 9.874626e+03 9.746604e+03 9.769215e+03
9.2 9.869833e+03 9.889590e+03 9.748881e+03 9.729124e+03
10.2 9.729684e+03 9.748340e+03 9.748165e+03 9.729508e+03
11.2 9.521156e+03 9.671422e+03 9.746147e+03 9.595881e+03
12.2 9.699622e+03 9.675541e+03 9.744000e+03 9.768081e+03
13.2 9.728990e+03 9.871049e+03 9.731508e+03 9.589448e+03
14.2 9.901003e+03 9.832434e+03 9.670825e+03 9.739394e+03
15.2 9.785760e+03 9.756423e+03 9.639231e+03 9.668568e+03
16.2 9.682744e+03 9.737979e+03 9.662497e+03 9.607262e+03
17.2 9.656330e+03 9.689387e+03 9.698767e+03 9.665710e+03
18.2 9.772141e+03 9.728913e+03 9.725026e+03 9.768253e+03
19.2 9.899054e+03 9.876708e+03 9.729053e+03 9.751399e+03
20.2 9.815833e+03 9.806399e+03 9.676507e+03 9.685941e+03
0.2 9.699622e+03 9.675541e+03 9.744000e+03 9.768081e+03
1.2 9.728990e+03 9.871049e+03 9.731508e+03 9.589448e+03
2.2 9.901003e+03 9.832434e+03 9.670825e+03 9.739394e+03
3.2 9.785760e+03 9.756423e+03 9.639231e+03 9.668568e+03
4.2 9.682744e+03 9.737979e+03 9.662497e+03 9.607262e+03
5.2 9.656330e+03 9.689387e+03 9.698767e+03 9.665710e+03
6.2 9.772141e+03 9.728913e+03 9.725026e+03 9.768253e+03
7.2 9.899054e+03 9.876708e+03 9.729053e+03 9.751399e+03
8.2 9.815833e+03 9.806399e+03 9.676507e+03 9.685941e+03
9.2 9.608396e+03 9.671970e+03 9.647616e+03 9.584041e+03
10.2 9.418949e+03 9.518666e+03 9.670397e+03 9.570680e+03
11.2 9.519316e+03 9.605244e+03 9.704785e+03 9.618858e+03
12.2 9.668389e+03 9.681881e+03 9.728990e+03 9.715497e+03
13.2 9.766977e+03 9.690269e+03 9.742178e+03 9.818885e+03
14.2 9.673735e+03 9.664982e+03 9.748104e+03 9.756858e+03
15.2 9.727215e+03 9.697554e+03 9.749522e+03 9.779183e+03
16.2 9.821497e+03 9.838956e+03 9.747857e+03 9.730398e+03
17.2 9.903232e+03 9.823494e+03 9.713401e+03 9.793139e+03
18.2 9.819784e+03 9.757957e+03 9.652245e+03 9.714072e+03
19.2 9.737001e+03 9.713995e+03 9.646722e+03 9.669727e+03
20.2 9.827276e+03 9.874089e+03 9.679567e+03 9.632754e+03
0.2 9.772141e+03 9.728913e+03 9.725026e+03 9.768253e+03
1.2 9.899054e+03 9.876708e+03 9.729053e+03 9.751399e+03
2.2 9.815833e+03 9.806399e+03 9.676507e+03 9.685941e+03
3.2 9.608396e+03 9.671970e+03 9.647616e+03 9.584041e+03
4.2 9.418949e+03 9.518666e+03 9.670397e+03 9.570680e+03
5.2 9.519316e+03 9.605244e+03 9.704785e+03 9.618858e+03
6.2 9.668389e+03 9.681881e+03 9.728990e+03 9.715497e+03
7.2 9.766977e+03 9.690269e+03 9.742178e+03 9.818885e+03
8.2 9.673735e+03 9.664982e+03 9.748104e+03 9.756858e+03
9.2 9.727215e+03 9.697554e+03 9.749522e+03 9.779183e+03
10.2 9.821497e+03 9.838956e+03 9.747857e+03 9.730398e+03
11.2 9.903232e+03 9.823494e+03 9.713401e+03 9.793139e+03
12.2 9.819784e+03 9.757957e+03 9.652245e+03 9.714072e+03
13.2 9.737001e+03 9.713995e+03 9.646722e+03 9.669727e+03
14.2 9.827276e+03 9.874089e+03 9.679567e+03 9.632754e+03
15.2 9.871530e+03 9.876485e+03 9.712127e+03 9.707172e+03
16.2 9.813016e+03 9.788297e+03 9.732819e+03 9.757538e+03
17.2 9.789096e+03 9.789407e+03 9.743726e+03 9.743414e+03
18.2 9.837248e+03 9.889368e+03 9.748257e+03 9.696137e+03
19.2 9.705075e+03 9.821111e+03 9.748812e+03 9.632777e+03
20.2 9.714297e+03 9.802637e+03 9.747268e+03 9.658928e+03
0.7 9.821497e+03 9.838956e+03 9.747857e+03 9.730398e+03
1.7 9.903232e+03 9.823494e+03 9.713401e+03 9.793139e+03
2.7 9.819784e+03 9.757957e+03 9.652245e+03 9.714072e+03
3.7 9.737001e+03 9.713995e+03 9.646722e+03 9.669727e+03
4.7 9.827276e+03 9.874089e+03 9.679567e+03 9.632754e+03
5.7 9.871530e+03 9.876485e+03 9.712127e+03 9.707172e+03
6.7 9.813016e+03 9.788297e+03 9.732819e+03 9.757538e+03
7.7 9.789096e+03 9.789407e+03 9.743726e+03 9.743414e+03
8.7 9.837248e+03 9.889368e+03 9.748257e+03 9.696137e+03
9.7 9.705075e+03 9.821111e+03 9.748812e+03 9.632777e+03
10.7 9.714297e+03 9.802637e+03 9.747268e+03 9.658928e+03
11.7 9.870465e+03 9.888016e+03 9.742283e+03 9.724732e+03
12.7 9.933074e+03 9.862077e+03 9.693347e+03 9.764345e+03
13.7 9.849108e+03 9.740335e+03 9.642908e+03 9.751682e+03
14.7 9.741706e+03 9.599752e+03 9.652365e+03 9.794319e+03
15.7 9.759179e+03 9.732650e+03 9.688252e+03 9.714781e+03
16.7 9.876996e+03 9.881359e+03 9.711208e+03 9.706846e+03
17.7 9.859203e+03 9.861614e+03 9.673127e+03 9.670717e+03
18.7 9.732325e+03 9.755859e+03 9.644203e+03 9.620669e+03
19.7 9.793593e+03 9.767102e+03 9.666896e+03 9.693387e+03
20.7 9.679281e+03 9.855269e+03 9.703486e+03 9.527498e+03
0.9 9.870465e+03 9.888016e+03 9.742283e+03 9.724732e+03
1.9 9.933074e+03 9.862077e+03 9.693347e+03 9.764345e+03
2.9 9.849108e+03 9.740335e+03 9.642908e+03 9.751682e+03
3.9 9.741706e+03 9.599752e+03 9.652365e+03 9.794319e+03
4.9 9.759179e+03 9.732650e+03 9.688252e+03 9.714781e+03
5.9 9.876996e+03 9.881359e+03 9.711208e+03 9.706846e+03
6.9 9.859203e+03 9.861614e+03 9.673127e+03 9.670717e+03
7.9 9.732325e+03 9.755859e+03 9.644203e+03 9.620669e+03
8.9 9.793593e+03 9.767102e+03 9.666896e+03 9.693387e+03
9.9 9.679281e+03 9.855269e+03 9.703486e+03 9.527498e+03
10.9 9.843401e+03 9.818282e+03 9.729449e+03 9.754568e+03
11.9 9.517948e+03 9.581144e+03 9.743243e+03 9.680048e+03
12.9 9.624403e+03 9.640664e+03 9.749154e+03 9.732894e+03
13.9 9.721672e+03 9.638548e+03 9.750392e+03 9.833516e+03
14.9 9.740307e+03 9.689587e+03 9.749034e+03 9.799754e+03
15.9 9.734475e+03 9.794826e+03 9.746641e+03 9.686290e+03
16.9 9.812630e+03 9.676498e+03 9.744277e+03 9.880408e+03
17.9 9.882747e+03 9.770668e+03 9.742451e+03 9.854531e+03
18.9 9.894972e+03 9.867118e+03 9.741253e+03 9.769107e+03
19.9 9.790123e+03 9.877793e+03 9.740556e+03 9.652886e+03
20.9 9.645070e+03 9.727260e+03 9.740186e+03 9.657996e+03
0.1 9.759179e+03 9.732650e+03 9.688252e+03 9.714781e+03
1.1 9.876996e+03 9.881359e+03 9.711208e+03 9.706846e+03
2.1 9.859203e+03 9.861614e+03 9.673127e+03 9.670717e+03
3.1 9.732325e+03 9.755859e+03 9.644203e+03 9.620669e+03
4.1 9.793593e+03 9.767102e+03 9.666896e+03 9.693387e+03
5.1 9.679281e+03 9.855269e+03 9.703486e+03 9.527498e+03
6.1 9.843401e+03 9.818282e+03 9.729449e+03 9.754568e+03
7.1 9.517948e+03 9.581144e+03 9.743243e+03 9.680048e+03
8.1 9.624403e+03 9.640664e+03 9.749154e+03 9.732894e+03
9.1 9.721672e+03 9.638548e+03 9.750392e+03 9.833516e+03
10.1 9.740307e+03 9.689587e+03 9.749034e+03 9.799754e+03
11.1 9.734475e+03 9.794826e+03 9.746641e+03 9.686290e+03
12.1 9.812630e+03 9.676498e+03 9.744277e+03 9.880408e+03
13.1 9.882747e+03 9.770668e+03 9.742451e+03 9.854531e+03
14.1 9.894972e+03 9.867118e+03 9.741253e+03 9.769107e+03
15.1 9.790123e+03 9.877793e+03 9.740556e+03 9.652886e+03
16.1 9.645070e+03 9.727260e+03 9.740186e+03 9.657996e+03
17.1 9.544734e+03 9.592577e+03 9.740008e+03 9.692165e+03
18.1 9.574170e+03 9.660593e+03 9.739928e+03 9.653505e+03
19.1 9.782500e+03 9.728485e+03 9.739894e+03 9.793908e+03
20.1 9.863770e+03 9.911764e+03 9.739880e+03 9.691885e+03
1.0 9.576562e+03 9.647269e+03 9.734964e+03 9.664257e+03
2.0 9.603366e+03 9.638011e+03 9.682401e+03 9.647756e+03
3.0 9.530636e+03 9.586767e+03 9.639424e+03 9.583293e+03
4.0 9.534428e+03 9.560704e+03 9.655145e+03 9.628869e+03
5.0 9.598513e+03 9.617155e+03 9.691861e+03 9.673220e+03
6.0 9.751434e+03 9.650425e+03 9.720727e+03 9.821735e+03
7.0 9.809157e+03 9.796312e+03 9.737596e+03 9.750441e+03
8.0 9.818229e+03 9.775233e+03 9.745918e+03 9.788913e+03
9.0 9.678780e+03 9.709930e+03 9.748783e+03 9.717633e+03
10.0 9.512604e+03 9.641958e+03 9.748381e+03 9.619027e+03
11.0 9.581803e+03 9.607806e+03 9.746464e+03 9.720461e+03
12.0 9.716557e+03 9.615291e+03 9.744287e+03 9.845553e+03
13.0 9.782024e+03 9.796699e+03 9.736938e+03 9.722263e+03
14.0 9.837195e+03 9.795479e+03 9.681930e+03 9.723646e+03
15.0 9.789405e+03 9.728957e+03 9.639863e+03 9.700312e+03
16.0 9.704306e+03 9.657123e+03 9.656451e+03 9.703633e+03
17.0 9.715214e+03 9.747824e+03 9.693002e+03 9.660391e+03
18.0 9.920843e+03 9.955860e+03 9.709548e+03 9.674531e+03
19.0 9.770590e+03 9.796998e+03 9.665879e+03 9.639472e+03
20.0 9.774063e+03 9.714665e+03 9.644869e+03 9.704268e+03
21.0 9.799104e+03 9.814971e+03 9.671554e+03 9.655687e+03
0.1 9.716557e+03 9.615291e+03 9.744287e+03 9.845553e+03
1.1 9.782024e+03 9.796699e+03 9.736938e+03 9.722263e+03
2.1 9.837195e+03 9.795479e+03 9.681930e+03 9.723646e+03
3.1 9.789405e+03 9.728957e+03 9.639863e+03 9.700312e+03
4.1 9.704306e+03 9.657123e+03 9.656451e+03 9.703633e+03
5.1 9.715214e+03 9.747824e+03 9.693002e+03 9.660391e+03
6.1 9.920843e+03 9.955860e+03 9.709548e+03 9.674531e+03
7.1 9.770590e+03 9.796998e+03 9.665879e+03 9.639472e+03
8.1 9.774063e+03 9.714665e+03 9.644869e+03 9.704268e+03
9.1 9.799104e+03 9.814971e+03 9.671554e+03 9.655687e+03
10.1 9.820020e+03 9.867286e+03 9.673481e+03 9.626215e+03
11.1 9.723560e+03 9.753408e+03 9.639360e+03 9.609511e+03
12.1 9.660383e+03 9.719683e+03 9.649635e+03 9.590335e+03
13.1 9.732077e+03 9.764974e+03 9.689067e+03 9.656170e+03
14.1 9.785639e+03 9.814111e+03 9.722725e+03 9.694252e+03
15.1 9.721674e+03 9.752761e+03 9.741822e+03 9.710735e+03
16.1 9.533515e+03 9.614303e+03 9.750222e+03 9.669434e+03
17.1 9.627731e+03 9.560367e+03 9.752374e+03 9.819738e+03
18.1 9.689881e+03 9.612958e+03 9.751142e+03 9.828065e+03
19.1 9.744859e+03 9.767693e+03 9.741384e+03 9.718550e+03
20.1 9.799244e+03 9.776269e+03 9.682496e+03 9.705471e+03
0.3 9.715214e+03 9.747824e+03 9.693002e+03 9.660391e+03
1.3 9.920843e+03 9.955860e+03 9.709548e+03 9.674531e+03
2.3 9.770590e+03 9.796998e+03 9.665879e+03 9.639472e+03
3.3 9.774063e+03 9.714665e+03 9.644869e+03 9.704268e+03
4.3 9.799104e+03 9.814971e+03 9.671554e+03 9.655687e+03
5.3 9.820020e+03 9.867286e+03 9.673481e+03 9.626215e+03
6.3 9.723560e+03 9.753408e+03 9.639360e+03 9.609511e+03
7.3 9.660383e+03 9.719683e+03 9.649635e+03 9.590335e+03
8.3 9.732077e+03 9.764974e+03 9.689067e+03 9.656170e+03
9.3 9.785639e+03 9.814111e+03 9.722725e+03 9.694252e+03
10.3 9.721674e+03 9.752761e+03 9.741822e+03 9.710735e+03
11.3 9.533515e+03 9.614303e+03 9.750222e+03 9.669434e+03
12.3 9.627731e+03 9.560367e+03 9.752374e+03 9.819738e+03
13.3 9.689881e+03 9.612958e+03 9.751142e+03 9.828065e+03
14.3 9.744859e+03 9.767693e+03 9.741384e+03 9.718550e+03
15.3 9.799244e+03 9.776269e+03 9.682496e+03 9.705471e+03
16.3 9.677311e+03 9.683735e+03 9.642214e+03 9.635789e+03
17.3 9.552356e+03 9.634176e+03 9.660002e+03 9.578182e+03
18.3 9.589990e+03 9.561819e+03 9.695787e+03 9.723958e+03
19.3 9.668056e+03 9.636157e+03 9.723064e+03 9.754963e+03
20.3 9.736484e+03 9.807137e+03 9.738795e+03 9.668142e+03
0.7 9.799104e+03 9.814971e+03 9.671554e+03 9.655687e+03
1.7 9.820020e+03 9.867286e+03 9.673481e+03 9.626215e+03
2.7 9.723560e+03 9.753408e+03 9.639360e+03 9.609511e+03
3.7 9.660383e+03 9.719683e+03 9.649635e+03 9.590335e+03
4.7 9.732077e+03 9.764974e+03 9.689067e+03 9.656170e+03
5.7 9.785639e+03 9.814111e+03 9.722725e+03 9.694252e+03
6.7 9.721674e+03 9.752761e+03 9.741822e+03 9.710735e+03
7.7 9.533515e+03 9.614303e+03 9.750222e+03 9.669434e+03
8.7 9.627731e+03 9.560367e+03 9.752374e+03 9.819738e+03
9.7 9.689881e+03 9.612958e+03 9.751142e+03 9.828065e+03
10.7 9.744859e+03 9.767693e+03 9.741384e+03 9.718550e+03
11.7 9.799244e+03 9.776269e+03 9.682496e+03 9.705471e+03
12.7 9.677311e+03 9.683735e+03 9.642214e+03 9.635789e+03
13.7 9.552356e+03 9.634176e+03 9.660002e+03 9.578182e+03
14.7 9.589990e+03 9.561819e+03 9.695787e+03 9.723958e+03
15.7 9.668056e+03 9.636157e+03 9.723064e+03 9.754963e+03
16.7 9.736484e+03 9.807137e+03 9.738795e+03 9.668142e+03
17.7 9.825361e+03 9.771359e+03 9.746425e+03 9.800428e+03
18.7 9.635526e+03 9.701441e+03 9.748883e+03 9.682968e+03
19.7 9.541110e+03 9.596906e+03 9.748268e+03 9.692472e+03
20.7 9.665821e+03 9.643955e+03 9.746272e+03 9.768139e+03
0.1 9.689881e+03 9.612958e+03 9.751142e+03 9.828065e+03
1.1 9.744859e+03 9.767693e+03 9.741384e+03 9.718550e+03
2.1 9.799244e+03 9.776269e+03 9.682496e+03 9.705471e+03
3.1 9.677311e+03 9.683735e+03 9.642214e+03 9.635789e+03
4.1 9.552356e+03 9.634176e+03 9.660002e+03 9.578182e+03
5.1 9.589990e+03 9.561819e+03 9.695787e+03 9.723958e+03
6.1 9.668056e+03 9.636157e+03 9.723064e+03 9.754963e+03
7.1 9.736484e+03 9.807137e+03 9.738795e+03 9.668142e+03
8.1 9.825361e+03 9.771359e+03 9.746425e+03 9.800428e+03
9.1 9.635526e+03 9.701441e+03 9.748883e+03 9.682968e+03
10.1 9.541110e+03 9.596906e+03 9.748268e+03 9.692472e+03
11.1 9.665821e+03 9.643955e+03 9.746272e+03 9.768139e+03
12.1 9.702161e+03 9.752207e+03 9.729891e+03 9.679845e+03
13.1 9.780814e+03 9.748465e+03 9.666955e+03 9.699304e+03
14.1 9.822191e+03 9.691289e+03 9.640332e+03 9.771235e+03
15.1 9.841335e+03 9.753391e+03 9.666036e+03 9.753980e+03
16.1 9.837570e+03 9.792909e+03 9.701711e+03 9.746373e+03
17.1 9.654604e+03 9.718140e+03 9.726784e+03 9.663249e+03
18.1 9.507492e+03 9.629768e+03 9.740743e+03 9.618468e+03
19.1 9.880747e+03 9.684388e+03 9.747209e+03 9.943568e+03
20.1 9.892774e+03 9.789508e+03 9.745684e+03 9.848951e+03
0.3 9.665821e+03 9.643955e+03 9.746272e+03 9.768139e+03
1.3 9.702161e+03 9.752207e+03 9.729891e+03 9.679845e+03
2.3 9.780814e+03 9.748465e+03 9.666955e+03 9.699304e+03
3.3 9.822191e+03 9.691289e+03 9.640332e+03 9.771235e+03
4.3 9.841335e+03 9.753391e+03 9.666036e+03 9.753980e+03
5.3 9.837570e+03 9.792909e+03 9.701711e+03 9.746373e+03
6.3 9.654604e+03 9.718140e+03 9.726784e+03 9.663249e+03
7.3 9.507492e+03 9.629768e+03 9.740743e+03 9.618468e+03
8.3 9.880747e+03 9.684388e+03 9.747209e+03 9.943568e+03
9.3 9.892774e+03 9.789508e+03 9.745684e+03 9.848951e+03
10.3 9.904085e+03 9.756669e+03 9.696229e+03 9.843645e+03
11.3 9.717434e+03 9.657378e+03 9.646549e+03 9.706605e+03
12.3 9.606891e+03 9.627979e+03 9.656166e+03 9.635078e+03
13.3 9.548045e+03 9.614282e+03 9.674261e+03 9.608023e+03
14.3 9.643314e+03 9.638374e+03 9.641324e+03 9.646265e+03
15.3 9.714825e+03 9.721017e+03 9.636719e+03 9.630528e+03
16.3 9.657104e+03 9.775593e+03 9.672174e+03 9.553684e+03
17.3 9.757753e+03 9.739459e+03 9.671982e+03 9.690276e+03
18.3 9.509538e+03 9.623926e+03 9.640974e+03 9.526587e+03
19.3 9.485213e+03 9.519777e+03 9.655398e+03 9.620835e+03
20.3 9.577359e+03 9.602168e+03 9.694698e+03 9.669889e+03
1.0 9.892774e+03 9.789508e+03 9.745684e+03 9.848951e+03
2.0 9.904085e+03 9.756669e+03 9.696229e+03 9.843645e+03
3.0 9.717434e+03 9.657378e+03 9.646549e+03 9.706605e+03
4.0 9.606891e+03 9.627979e+03 9.656166e+03 9.635078e+03
5.0 9.548045e+03 9.614282e+03 9.674261e+03 9.608023e+03
6.0 9.643314e+03 9.638374e+03 9.641324e+03 9.646265e+03
7.0 9.714825e+03 9.721017e+03 9.636719e+03 9.630528e+03
8.0 9.657104e+03 9.775593e+03 9.672174e+03 9.553684e+03
9.0 9.757753e+03 9.739459e+03 9.671982e+03 9.690276e+03
10.0 9.509538e+03 9.623926e+03 9.640974e+03 9.526587e+03
11.0 9.485213e+03 9.519777e+03 9.655398e+03 9.620835e+03
12.0 9.577359e+03 9.602168e+03 9.694698e+03 9.669889e+03
13.0 9.639750e+03 9.622013e+03 9.726348e+03 9.744085e+03
14.0 9.537864e+03 9.561040e+03 9.743690e+03 9.720514e+03
15.0 9.387023e+03 9.500347e+03 9.750995e+03 9.637672e+03
16.0 9.497825e+03 9.427925e+03 9.752540e+03 9.822440e+03
17.0 9.672469e+03 9.558557e+03 9.751012e+03 9.864924e+03
18.0 9.799626e+03 9.763919e+03 9.738455e+03 9.774162e+03
19.0 9.813178e+03 9.829053e+03 9.676821e+03 9.660946e+03
20.0 9.764773e+03 9.745838e+03 9.641856e+03 9.660791e+03
21.0 9.756427e+03 9.755587e+03 9.662657e+03 9.663497e+03
0.4 9.606891e+03 9.627979e+03 9.656166e+03 9.635078e+03
1.4 9.548045e+03 9.614282e+03 9.674261e+03 9.608023e+03
2.4 9.643314e+03 9.638374e+03 9.641324e+03 9.646265e+03
3.4 9.714825e+03 9.721017e+03 9.636719e+03 9.630528e+03
4.4 9.657104e+03 9.775593e+03 9.672174e+03 9.553684e+03
5.4 9.757753e+03 9.739459e+03 9.671982e+03 9.690276e+03
6.4 9.509538e+03 9.623926e+03 9.640974e+03 9.526587e+03
7.4 9.485213e+03 9.519777e+03 9.655398e+03 9.620835e+03
8.4 9.577359e+03 9.602168e+03 9.694698e+03 9.669889e+03
9.4 9.639750e+03 9.622013e+03 9.726348e+03 9.744085e+03
10.4 9.537864e+03 9.561040e+03 9.743690e+03 9.720514e+03
11.4 9.387023e+03 9.500347e+03 9.750995e+03 9.637672e+03
12.4 9.497825e+03 9.427925e+03 9.752540e+03 9.822440e+03
13.4 9.672469e+03 9.558557e+03 9.751012e+03 9.864924e+03
14.4 9.799626e+03 9.763919e+03 9.738455e+03 9.774162e+03
15.4 9.813178e+03 9.829053e+03 9.676821e+03 9.660946e+03
16.4 9.764773e+03 9.745838e+03 9.641856e+03 9.660791e+03
17.4 9.756427e+03 9.755587e+03 9.662657e+03 9.663497e+03
18.4 9.807423e+03 9.833274e+03 9.669390e+03 9.643539e+03
19.4 9.714501e+03 9.676856e+03 9.635326e+03 9.672970e+03
20.4 9.603343e+03 9.590026e+03 9.642931e+03 9.656248e+03
0.8 9.657104e+03 9.775593e+03 9.672174e+03 9.553684e+03
1.8 9.757753e+03 9.739459e+03 9.671982e+03 9.690276e+03
2.8 9.509538e+03 9.623926e+03 9.640974e+03 9.526587e+03
3.8 9.485213e+03 9.519777e+03 9.655398e+03 9.620835e+03
4.8 9.577359e+03 9.602168e+03 9.694698e+03 9.669889e+03
5.8 9.639750e+03 9.622013e+03 9.726348e+03 9.744085e+03
6.8 9.537864e+03 9.561040e+03 9.743690e+03 9.720514e+03
7.8 9.387023e+03 9.500347e+03 9.750995e+03 9.637672e+03
8.8 9.497825e+03 9.427925e+03 9.752540e+03 9.822440e+03
9.8 9.672469e+03 9.558557e+03 9.751012e+03 9.864924e+03
10.8 9.799626e+03 9.763919e+03 9.738455e+03 9.774162e+03
11.8 9.813178e+03 9.829053e+03 9.676821e+03 9.660946e+03
12.8 9.764773e+03 9.745838e+03 9.641856e+03 9.660791e+03
13.8 9.756427e+03 9.755587e+03 9.662657e+03 9.663497e+03
14.8 9.807423e+03 9.833274e+03 9.669390e+03 9.643539e+03
15.8 9.714501e+03 9.676856e+03 9.635326e+03 9.672970e+03
16.8 9.603343e+03 9.590026e+03 9.642931e+03 9.656248e+03
17.8 9.571331e+03 9.614120e+03 9.683081e+03 9.640293e+03
18.8 9.659029e+03 9.778585e+03 9.718981e+03 9.599426e+03
19.8 9.765793e+03 9.801491e+03 9.739896e+03 9.704198e+03
20.8 9.831473e+03 9.726782e+03 9.749386e+03 9.854077e+03
0.2 9.672469e+03 9.558557e+03 9.751012e+03 9.864924e+03
1.2 9.799626e+03 9.763919e+03 9.738455e+03 9.774162e+03
2.2 9.813178e+03 9.829053e+03 9.676821e+03 9.660946e+03
3.2 9.764773e+03 9.745838e+03 9.641856e+03 9.660791e+03
4.2 9.756427e+03 9.755587e+03 9.662657e+03 9.663497e+03
5.2 9.807423e+03 9.833274e+03 9.669390e+03 9.643539e+03
6.2 9.714501e+03 9.676856e+03 9.635326e+03 9.672970e+03
7.2 9.603343e+03 9.590026e+03 9.642931e+03 9.656248e+03
8.2 9.571331e+03 9.614120e+03 9.683081e+03 9.640293e+03
9.2 9.659029e+03 9.778585e+03 9.718981e+03 9.599426e+03
10.2 9.765793e+03 9.801491e+03 9.739896e+03 9.704198e+03
11.2 9.831473e+03 9.726782e+03 9.749386e+03 9.854077e+03
12.2 9.610861e+03 9.637894e+03 9.752144e+03 9.725111e+03
13.2 9.514005e+03 9.588222e+03 9.751223e+03 9.677006e+03
14.2 9.578793e+03 9.546804e+03 9.748657e+03 9.780646e+03
15.2 9.744267e+03 9.697875e+03 9.744409e+03 9.790801e+03
16.2 9.812972e+03 9.804528e+03 9.701451e+03 9.709895e+03
17.2 9.843578e+03 9.777295e+03 9.645677e+03 9.711961e+03
18.2 9.581824e+03 9.665434e+03 9.649058e+03 9.565448e+03
19.2 9.525055e+03 9.590117e+03 9.684123e+03 9.619060e+03
20.2 9.644215e+03 9.600572e+03 9.715484e+03 9.759126e+03
0.6 9.756427e+03 9.755587e+03 9.662657e+03 9.663497e+03
1.6 9.807423e+03 9.833274e+03 9.669390e+03 9.643539e+03
2.6 9.714501e+03 9.676856e+03 9.635326e+03 9.672970e+03
3.6 9.603343e+03 9.590026e+03 9.642931e+03 9.656248e+03
4.6 9.571331e+03 9.614120e+03 9.683081e+03 9.640293e+03
5.6 9.659029e+03 9.778585e+03 9.718981e+03 9.599426e+03
6.6 9.765793e+03 9.801491e+03 9.739896e+03 9.704198e+03
7.6 9.831473e+03 9.726782e+03 9.749386e+03 9.854077e+03
8.6 9.610861e+03 9.637894e+03 9.752144e+03 9.725111e+03
9.6 9.514005e+03 9.588222e+03 9.751223e+03 9.677006e+03
10.6 9.578793e+03 9.546804e+03 9.748657e+03 9.780646e+03
11.6 9.744267e+03 9.697875e+03 9.744409e+03 9.790801e+03
12.6 9.812972e+03 9.804528e+03 9.701451e+03 9.709895e+03
13.6 9.843578e+03 9.777295e+03 9.645677e+03 9.711961e+03
14.6 9.581824e+03 9.665434e+03 9.649058e+03 9.565448e+03
15.6 9.525055e+03 9.590117e+03 9.684123e+03 9.619060e+03
16.6 9.644215e+03 9.600572e+03 9.715484e+03 9.759126e+03
17.6 9.763288e+03 9.758098e+03 9.734721e+03 9.739910e+03
18.6 9.794493e+03 9.806788e+03 9.744625e+03 9.732330e+03
19.6 9.778138e+03 9.757925e+03 9.748501e+03 9.768714e+03
20.6 9.649801e+03 9.671711e+03 9.748668e+03 9.726757e+03
0.8 9.744267e+03 9.697875e+03 9.744409e+03 9.790801e+03
1.8 9.812972e+03 9.804528e+03 9.701451e+03 9.709895e+03
2.8 9.843578e+03 9.777295e+03 9.645677e+03 9.711961e+03
3.8 9.581824e+03 9.665434e+03 9.649058e+03 9.565448e+03
4.8 9.525055e+03 9.590117e+03 9.684123e+03 9.619060e+03
5.8 9.644215e+03 9.600572e+03 9.715484e+03 9.759126e+03
6.8 9.763288e+03 9.758098e+03 9.734721e+03 9.739910e+03
7.8 9.794493e+03 9.806788e+03 9.744625e+03 9.732330e+03
8.8 9.778138e+03 9.757925e+03 9.748501e+03 9.768714e+03
9.8 9.649801e+03 9.671711e+03 9.748668e+03 9.726757e+03
10.8 9.831996e+03 9.840032e+03 9.736166e+03 9.728131e+03
11.8 9.810083e+03 9.841755e+03 9.674414e+03 9.642742e+03
12.8 9.755684e+03 9.674594e+03 9.641579e+03 9.722668e+03
13.8 9.787486e+03 9.752167e+03 9.663466e+03 9.698785e+03
14.8 9.725371e+03 9.715905e+03 9.668521e+03 9.677987e+03
15.8 9.625875e+03 9.656395e+03 9.634750e+03 9.604230e+03
16.8 9.491435e+03 9.527071e+03 9.643836e+03 9.608199e+03
17.8 9.454094e+03 9.497516e+03 9.684279e+03 9.640857e+03
18.8 9.569658e+03 9.563498e+03 9.719785e+03 9.725945e+03
19.8 9.825596e+03 9.723846e+03 9.739909e+03 9.841659e+03
20.8 9.884544e+03 9.894901e+03 9.718579e+03 9.708222e+03
0.2 9.649801e+03 9.671711e+03 9.748668e+03 9.726757e+03
1.2 9.831996e+03 9.840032e+03 9.736166e+03 9.728131e+03
2.2 9.810083e+03 9.841755e+03 9.674414e+03 9.642742e+03
3.2 9.755684e+03 9.674594e+03 9.641579e+03 9.722668e+03
4.2 9.787486e+03 9.752167e+03 9.663466e+03 9.698785e+03
5.2 9.725371e+03 9.715905e+03 9.668521e+03 9.677987e+03
6.2 9.625875e+03 9.656395e+03 9.634750e+03 9.604230e+03
7.2 9.491435e+03 9.527071e+03 9.643836e+03 9.608199e+03
8.2 9.454094e+03 9.497516e+03 9.684279e+03 9.640857e+03
9.2 9.569658e+03 9.563498e+03 9.719785e+03 9.725945e+03
10.2 9.825596e+03 9.723846e+03 9.739909e+03 9.841659e+03
11.2 9.884544e+03 9.894901e+03 9.718579e+03 9.708222e+03
12.2 9.674446e+03 9.763951e+03 9.661533e+03 9.572028e+03
13.2 9.602248e+03 9.692030e+03 9.654995e+03 9.565213e+03
14.2 9.763559e+03 9.745640e+03 9.680359e+03 9.698277e+03
15.2 9.729339e+03 9.716772e+03 9.657232e+03 9.669799e+03
16.2 9.557570e+03 9.519157e+03 9.634931e+03 9.673344e+03
17.2 9.361249e+03 9.397993e+03 9.661605e+03 9.624861e+03
18.2 9.426882e+03 9.466693e+03 9.702131e+03 9.662320e+03
19.2 9.607095e+03 9.645102e+03 9.730784e+03 9.692776e+03
20.2 9.687581e+03 9.625711e+03 9.745596e+03 9.807466e+03
0.6 9.787486e+03 9.752167e+03 9.663466e+03 9.698785e+03
1.6 9.725371e+03 9.715905e+03 9.668521e+03 9.677987e+03
2.6 9.625875e+03 9.656395e+03 9.634750e+03 9.604230e+03
3.6 9.491435e+03 9.527071e+03 9.643836e+03 9.608199e+03
4.6 9.454094e+03 9.497516e+03 9.684279e+03 9.640857e+03
5.6 9.569658e+03 9.563498e+03 9.719785e+03 9.725945e+03
6.6 9.825596e+03 9.723846e+03 9.739909e+03 9.841659e+03
7.6 9.884544e+03 9.894901e+03 9.718579e+03 9.708222e+03
8.6 9.674446e+03 9.763951e+03 9.661533e+03 9.572028e+03
9.6 9.602248e+03 9.692030e+03 9.654995e+03 9.565213e+03
10.6 9.763559e+03 9.745640e+03 9.680359e+03 9.698277e+03
11.6 9.729339e+03 9.716772e+03 9.657232e+03 9.669799e+03
12.6 9.557570e+03 9.519157e+03 9.634931e+03 9.673344e+03
13.6 9.361249e+03 9.397993e+03 9.661605e+03 9.624861e+03
14.6 9.426882e+03 9.466693e+03 9.702131e+03 9.662320e+03
15.6 9.607095e+03 9.645102e+03 9.730784e+03 9.692776e+03
16.6 9.687581e+03 9.625711e+03 9.745596e+03 9.807466e+03
17.6 9.561604e+03 9.605558e+03 9.751414e+03 9.707460e+03
18.6 9.485093e+03 9.546041e+03 9.752125e+03 9.691177e+03
19.6 9.541298e+03 9.536811e+03 9.750202e+03 9.754689e+03
20.6 9.647534e+03 9.562657e+03 9.747361e+03 9.832238e+03
0.6 9.825596e+03 9.723846e+03 9.739909e+03 9.841659e+03
1.6 9.884544e+03 9.894901e+03 9.718579e+03 9.708222e+03
2.6 9.674446e+03 9.763951e+03 9.661533e+03 9.572028e+03
3.6 9.602248e+03 9.692030e+03 9.654995e+03 9.565213e+03
4.6 9.763559e+03 9.745640e+03 9.680359e+03 9.698277e+03
5.6 9.729339e+03 9.716772e+03 9.657232e+03 9.669799e+03
6.6 9.557570e+03 9.519157e+03 9.634931e+03 9.673344e+03
7.6 9.361249e+03 9.397993e+03 9.661605e+03 9.624861e+03
8.6 9.426882e+03 9.466693e+03 9.702131e+03 9.662320e+03
9.6 9.607095e+03 9.645102e+03 9.730784e+03 9.692776e+03
10.6 9.687581e+03 9.625711e+03 9.745596e+03 9.807466e+03
11.6 9.561604e+03 9.605558e+03 9.751414e+03 9.707460e+03
12.6 9.485093e+03 9.546041e+03 9.752125e+03 9.691177e+03
13.6 9.541298e+03 9.536811e+03 9.750202e+03 9.754689e+03
14.6 9.647534e+03 9.562657e+03 9.747361e+03 9.832238e+03
15.6 9.723005e+03 9.674526e+03 9.744688e+03 9.793166e+03
16.6 9.823562e+03 9.774351e+03 9.737102e+03 9.786312e+03
17.6 9.815612e+03 9.814506e+03 9.681991e+03 9.683097e+03
18.6 9.835561e+03 9.753380e+03 9.639884e+03 9.722065e+03
19.6 9.769152e+03 9.786784e+03 9.656457e+03 9.638825e+03
20.6 9.779218e+03 9.813252e+03 9.693005e+03 9.658970e+03
0.1 9.602248e+03 9.692030e+03 9.654995e+03 9.565213e+03
1.1 9.763559e+03 9.745640e+03 9.680359e+03 9.698277e+03
2.1 9.729339e+03 9.716772e+03 9.657232e+03 9.669799e+03
3.1 9.557570e+03 9.519157e+03 9.634931e+03 9.673344e+03
4.1 9.361249e+03 9.397993e+03 9.661605e+03 9.624861e+03
5.1 9.426882e+03 9.466693e+03 9.702131e+03 9.662320e+03
6.1 9.607095e+03 9.645102e+03 9.730784e+03 9.692776e+03
7.1 9.687581e+03 9.625711e+03 9.745596e+03 9.807466e+03
8.1 9.561604e+03 9.605558e+03 9.751414e+03 9.707460e+03
9.1 9.485093e+03 9.546041e+03 9.752125e+03 9.691177e+03
10.1 9.541298e+03 9.536811e+03 9.750202e+03 9.754689e+03
11.1 9.647534e+03 9.562657e+03 9.747361e+03 9.832238e+03
12.1 9.723005e+03 9.674526e+03 9.744688e+03 9.793166e+03
13.1 9.823562e+03 9.774351e+03 9.737102e+03 9.786312e+03
14.1 9.815612e+03 9.814506e+03 9.681991e+03 9.683097e+03
15.1 9.835561e+03 9.753380e+03 9.639884e+03 9.722065e+03
16.1 9.769152e+03 9.786784e+03 9.656457e+03 9.638825e+03
17.1 9.779218e+03 9.813252e+03 9.693005e+03 9.658970e+03
18.1 9.734885e+03 9.740395e+03 9.721423e+03 9.715913e+03
19.1 9.843245e+03 9.705212e+03 9.737958e+03 9.875991e+03
20.1 9.866390e+03 9.794784e+03 9.743690e+03 9.815296e+03
0.1 9.723005e+03 9.674526e+03 9.744688e+03 9.793166e+03
1.1 9.823562e+03 9.774351e+03 9.737102e+03 9.786312e+03
2.1 9.815612e+03 9.814506e+03 9.681991e+03 9.683097e+03
3.1 9.835561e+03 9.753380e+03 9.639884e+03 9.722065e+03
4.1 9.769152e+03 9.786784e+03 9.656457e+03 9.638825e+03
5.1 9.779218e+03 9.813252e+03 9.693005e+03 9.658970e+03
6.1 9.734885e+03 9.740395e+03 9.721423e+03 9.715913e+03
7.1 9.843245e+03 9.705212e+03 9.737958e+03 9.875991e+03
8.1 9.866390e+03 9.794784e+03 9.743690e+03 9.815296e+03
9.1 9.898135e+03 9.825793e+03 9.700988e+03 9.773330e+03
10.1 9.764571e+03 9.721024e+03 9.650120e+03 9.693667e+03
11.1 9.631106e+03 9.693324e+03 9.657071e+03 9.594853e+03
12.1 9.742948e+03 9.796443e+03 9.676906e+03 9.623411e+03
13.1 9.814510e+03 9.752394e+03 9.644559e+03 9.706675e+03
14.1 9.716219e+03 9.671766e+03 9.636310e+03 9.680763e+03
15.1 9.606160e+03 9.627024e+03 9.671316e+03 9.650452e+03
16.1 9.677371e+03 9.752192e+03 9.710348e+03 9.635527e+03
17.1 9.840936e+03 9.913442e+03 9.711279e+03 9.638773e+03
18.1 9.867916e+03 9.767234e+03 9.661855e+03 9.762538e+03
19.1 9.603813e+03 9.632495e+03 9.653495e+03 9.624813e+03
20.1 9.467932e+03 9.536900e+03 9.684813e+03 9.615844e+03
0.9 9.866390e+03 9.794784e+03 9.743690e+03 9.815296e+03
1.9 9.898135e+03 9.825793e+03 9.700988e+03 9.773330e+03
2.9 9.764571e+03 9.721024e+03 9.650120e+03 9.693667e+03
3.9 9.631106e+03 9.693324e+03 9.657071e+03 9.594853e+03
4.9 9.742948e+03 9.796443e+03 9.676906e+03 9.623411e+03
5.9 9.814510e+03 9.752394e+03 9.644559e+03 9.706675e+03
6.9 9.716219e+03 9.671766e+03 9.636310e+03 9.680763e+03
7.9 9.606160e+03 9.627024e+03 9.671316e+03 9.650452e+03
8.9 9.677371e+03 9.752192e+03 9.710348e+03 9.635527e+03
9.9 9.840936e+03 9.913442e+03 9.711279e+03 9.638773e+03
10.9 9.867916e+03 9.767234e+03 9.661855e+03 9.762538e+03
11.9 9.603813e+03 9.632495e+03 9.653495e+03 9.624813e+03
12.9 9.467932e+03 9.536900e+03 9.684813e+03 9.615844e+03
13.9 9.517579e+03 9.575126e+03 9.717104e+03 9.659558e+03
14.9 9.693775e+03 9.699149e+03 9.736860e+03 9.731487e+03
15.9 9.862957e+03 9.880136e+03 9.722505e+03 9.705325e+03
16.9 9.828284e+03 9.811543e+03 9.664449e+03 9.681189e+03
17.9 9.609098e+03 9.616764e+03 9.651706e+03 9.644039e+03
18.9 9.477471e+03 9.570010e+03 9.681186e+03 9.588647e+03
19.9 9.548687e+03 9.555472e+03 9.713272e+03 9.706486e+03
20.9 9.708928e+03 9.760778e+03 9.733707e+03 9.681857e+03
0.3 9.631106e+03 9.693324e+03 9.657071e+03 9.594853e+03
1.3 9.742948e+03 9.796443e+03 9.676906e+03 9.623411e+03
2.3 9.814510e+03 9.752394e+03 9.644559e+03 9.706675e+03
3.3 9.716219e+03 9.671766e+03 9.636310e+03 9.680763e+03
4.3 9.606160e+03 9.627024e+03 9.671316e+03 9.650452e+03
5.3 9.677371e+03 9.752192e+03 9.710348e+03 9.635527e+03
6.3 9.840936e+03 9.913442e+03 9.711279e+03 9.638773e+03
7.3 9.867916e+03 9.767234e+03 9.661855e+03 9.762538e+03
8.3 9.603813e+03 9.632495e+03 9.653495e+03 9.624813e+03
9.3 9.467932e+03 9.536900e+03 9.684813e+03 9.615844e+03
10.3 9.517579e+03 9.575126e+03 9.717104e+03 9.659558e+03
11.3 9.693775e+03 9.699149e+03 9.736860e+03 9.731487e+03
12.3 9.862957e+03 9.880136e+03 9.722505e+03 9.705325e+03
13.3 9.828284e+03 9.811543e+03 9.664449e+03 9.681189e+03
14.3 9.609098e+03 9.616764e+03 9.651706e+03 9.644039e+03
15.3 9.477471e+03 9.570010e+03 9.681186e+03 9.588647e+03
16.3 9.548687e+03 9.555472e+03 9.713272e+03 9.706486e+03
17.3 9.708928e+03 9.760778e+03 9.733707e+03 9.681857e+03
18.3 9.810817e+03 9.873137e+03 9.720307e+03 9.657988e+03
19.3 9.839792e+03 9.784140e+03 9.663099e+03 9.718751e+03
20.3 9.603316e+03 9.675145e+03 9.650958e+03 9.579129e+03
0.5 9.677371e+03 9.752192e+03 9.710348e+03 9.635527e+03
1.5 9.840936e+03 9.913442e+03 9.711279e+03 9.638773e+03
2.5 9.867916e+03 9.767234e+03 9.661855e+03 9.762538e+03
3.5 9.603813e+03 9.632495e+03 9.653495e+03 9.624813e+03
4.5 9.467932e+03 9.536900e+03 9.684813e+03 9.615844e+03
5.5 9.517579e+03 9.575126e+03 9.717104e+03 9.659558e+03
6.5 9.693775e+03 9.699149e+03 9.736860e+03 9.731487e+03
7.5 9.862957e+03 9.880136e+03 9.722505e+03 9.705325e+03
8.5 9.828284e+03 9.811543e+03 9.664449e+03 9.681189e+03
9.5 9.609098e+03 9.616764e+03 9.651706e+03 9.644039e+03
10.5 9.477471e+03 9.570010e+03 9.681186e+03 9.588647e+03
11.5 9.548687e+03 9.555472e+03 9.713272e+03 9.706486e+03
12.5 9.708928e+03 9.760778e+03 9.733707e+03 9.681857e+03
13.5 9.810817e+03 9.873137e+03 9.720307e+03 9.657988e+03
14.5 9.839792e+03 9.784140e+03 9.663099e+03 9.718751e+03
15.5 9.603316e+03 9.675145e+03 9.650958e+03 9.579129e+03
16.5 9.502079e+03 9.630540e+03 9.680803e+03 9.552343e+03
17.5 9.620161e+03 9.584256e+03 9.713091e+03 9.748997e+03
18.5 9.719252e+03 9.726008e+03 9.733755e+03 9.726999e+03
19.5 9.839287e+03 9.833169e+03 9.744483e+03 9.750601e+03
20.5 9.878739e+03 9.771863e+03 9.748882e+03 9.855759e+03
0.5 9.693775e+03 9.699149e+03 9.736860e+03 9.731487e+03
1.5 9.862957e+03 9.880136e+03 9.722505e+03 9.705325e+03
2.5 9.828284e+03 9.811543e+03 9.664449e+03 9.681189e+03
3.5 9.609098e+03 9.616764e+03 9.651706e+03 9.644039e+03
4.5 9.477471e+03 9.570010e+03 9.681186e+03 9.588647e+03
5.5 9.548687e+03 9.555472e+03 9.713272e+03 9.706486e+03
6.5 9.708928e+03 9.760778e+03 9.733707e+03 9.681857e+03
7.5 9.810817e+03 9.873137e+03 9.720307e+03 9.657988e+03
8.5 9.839792e+03 9.784140e+03 9.663099e+03 9.718751e+03
9.5 9.603316e+03 9.675145e+03 9.650958e+03 9.579129e+03
10.5 9.502079e+03 9.630540e+03 9.680803e+03 9.552343e+03
11.5 9.620161e+03 9.584256e+03 9.713091e+03 9.748997e+03
12.5 9.719252e+03 9.726008e+03 9.733755e+03 9.726999e+03
13.5 9.839287e+03 9.833169e+03 9.744483e+03 9.750601e+03
14.5 9.878739e+03 9.771863e+03 9.748882e+03 9.855759e+03
15.5 9.634357e+03 9.697612e+03 9.749378e+03 9.686124e+03
16.5 9.606728e+03 9.607712e+03 9.747774e+03 9.746789e+03
17.5 9.701239e+03 9.769958e+03 9.745482e+03 9.676763e+03
18.5 9.831403e+03 9.796683e+03 9.743394e+03 9.778114e+03
19.5 9.889360e+03 9.754739e+03 9.741869e+03 9.876491e+03
20.5 9.860576e+03 9.760228e+03 9.740911e+03 9.841259e+03
0.5 9.708928e+03 9.760778e+03 9.733707e+03 9.681857e+03
1.5 9.810817e+03 9.873137e+03 9.720307e+03 9.657988e+03
2.5 9.839792e+03 9.784140e+03 9.663099e+03 9.718751e+03
3.5 9.603316e+03 9.675145e+03 9.650958e+03 9.579129e+03
4.5 9.502079e+03 9.630540e+03 9.680803e+03 9.552343e+03
5.5 9.620161e+03 9.584256e+03 9.713091e+03 9.748997e+03
6.5 9.719252e+03 9.726008e+03 9.733755e+03 9.726999e+03
7.5 9.839287e+03 9.833169e+03 9.744483e+03 9.750601e+03
8.5 9.878739e+03 9.771863e+03 9.748882e+03 9.855759e+03
9.5 9.634357e+03 9.697612e+03 9.749378e+03 9.686124e+03
10.5 9.606728e+03 9.607712e+03 9.747774e+03 9.746789e+03
11.5 9.701239e+03 9.769958e+03 9.745482e+03 9.676763e+03
12.5 9.831403e+03 9.796683e+03 9.743394e+03 9.778114e+03
13.5 9.889360e+03 9.754739e+03 9.741869e+03 9.876491e+03
14.5 9.860576e+03 9.760228e+03 9.740911e+03 9.841259e+03
15.5 9.870749e+03 9.779552e+03 9.732459e+03 9.823656e+03
16.5 9.703030e+03 9.752264e+03 9.675123e+03 9.625889e+03
17.5 9.654964e+03 9.649666e+03 9.638729e+03 9.644026e+03
18.5 9.629704e+03 9.613199e+03 9.659146e+03 9.675651e+03
19.5 9.776707e+03 9.725921e+03 9.695803e+03 9.746589e+03
20.5 9.838637e+03 9.769525e+03 9.723218e+03 9.792329e+03
0.1 9.860576e+03 9.760228e+03 9.740911e+03 9.841259e+03
1.1 9.870749e+03 9.779552e+03 9.732459e+03 9.823656e+03
2.1 9.703030e+03 9.752264e+03 9.675123e+03 9.625889e+03
3.1 9.654964e+03 9.649666e+03 9.638729e+03 9.644026e+03
4.1 9.629704e+03 9.613199e+03 9.659146e+03 9.675651e+03
5.1 9.776707e+03 9.725921e+03 9.695803e+03 9.746589e+03
6.1 9.838637e+03 9.769525e+03 9.723218e+03 9.792329e+03
7.1 9.720788e+03 9.754149e+03 9.738910e+03 9.705549e+03
8.1 9.650059e+03 9.647533e+03 9.746475e+03 9.749001e+03
9.1 9.616703e+03 9.647227e+03 9.748866e+03 9.718342e+03
10.1 9.735254e+03 9.748845e+03 9.748210e+03 9.734619e+03
11.1 9.762344e+03 9.811746e+03 9.746211e+03 9.696809e+03
12.1 9.847441e+03 9.657999e+03 9.744057e+03 9.933500e+03
13.1 9.667564e+03 9.645578e+03 9.742343e+03 9.764329e+03
14.1 9.833008e+03 9.812749e+03 9.741200e+03 9.761460e+03
15.1 9.795231e+03 9.789670e+03 9.740532e+03 9.746093e+03
16.1 9.526967e+03 9.583151e+03 9.740177e+03 9.683994e+03
17.1 9.425334e+03 9.529121e+03 9.740005e+03 9.636218e+03
18.1 9.520143e+03 9.619081e+03 9.739927e+03 9.640988e+03
19.1 9.507877e+03 9.569952e+03 9.739893e+03 9.677818e+03
20.1 9.585578e+03 9.592870e+03 9.739880e+03 9.732588e+03
0.8 9.789231e+03 9.747738e+03 9.738450e+03 9.779944e+03
1.8 9.795788e+03 9.820251e+03 9.697827e+03 9.673364e+03
2.8 9.739349e+03 9.711377e+03 9.643669e+03 9.671640e+03
3.8 9.522604e+03 9.548693e+03 9.648031e+03 9.621943e+03
4.8 9.498626e+03 9.598504e+03 9.683634e+03 9.583756e+03
5.8 9.648825e+03 9.665477e+03 9.715265e+03 9.698613e+03
6.8 9.709848e+03 9.676855e+03 9.734631e+03 9.767624e+03
7.8 9.760354e+03 9.707859e+03 9.744589e+03 9.797084e+03
