0.5 9.871171e+03 9.910465e+03 9.959558e+03 9.920264e+03
1.5 9.745108e+03 9.813840e+03 9.957995e+03 9.889263e+03
2.5 9.806086e+03 9.867019e+03 9.950723e+03 9.889790e+03
3.5 9.895793e+03 9.914367e+03 9.943436e+03 9.924862e+03
4.5 9.973827e+03 9.939031e+03 9.944419e+03 9.979216e+03
5.5 9.963547e+03 9.930319e+03 9.950183e+03 9.983412e+03
6.5 9.960246e+03 9.945870e+03 9.955444e+03 9.969820e+03
7.5 1.002365e+04 1.001483e+04 9.958724e+03 9.967543e+03
8.5 1.003212e+04 9.982708e+03 9.960406e+03 1.000982e+04
9.5 9.976367e+03 9.963480e+03 9.961049e+03 9.973935e+03
10.5 9.944560e+03 9.938648e+03 9.961064e+03 9.966977e+03
11.5 9.998147e+03 1.002689e+04 9.960770e+03 9.932025e+03
12.5 1.002792e+04 1.001858e+04 9.960397e+03 9.969736e+03
13.5 9.993218e+03 9.982999e+03 9.960075e+03 9.970294e+03
14.5 9.979913e+03 9.969214e+03 9.959849e+03 9.970548e+03
15.5 9.990931e+03 1.002302e+04 9.959710e+03 9.927621e+03
16.5 9.978090e+03 1.000202e+04 9.959634e+03 9.935703e+03
17.5 9.973351e+03 9.998998e+03 9.959596e+03 9.933949e+03
18.5 1.004060e+04 1.004438e+04 9.959578e+03 9.955796e+03
19.5 1.005750e+04 1.001780e+04 9.959570e+03 9.999267e+03
20.5 9.995707e+03 9.969917e+03 9.959567e+03 9.985357e+03
21.5 9.920693e+03 9.892030e+03 9.959565e+03 9.988229e+03
