0.5 9.751854e+03 9.768416e+03 9.773730e+03 9.757168e+03
1.5 9.571818e+03 9.618302e+03 9.770726e+03 9.724242e+03
2.5 9.542858e+03 9.566851e+03 9.756738e+03 9.732746e+03
3.5 9.551168e+03 9.575117e+03 9.742722e+03 9.718773e+03
4.5 9.639294e+03 9.679465e+03 9.744614e+03 9.704444e+03
5.5 9.780814e+03 9.765237e+03 9.755699e+03 9.771276e+03
6.5 9.843070e+03 9.746732e+03 9.765818e+03 9.862157e+03
7.5 9.877955e+03 9.742130e+03 9.772128e+03 9.907953e+03
8.5 9.843576e+03 9.729088e+03 9.775363e+03 9.889851e+03
9.5 9.864332e+03 9.773409e+03 9.776599e+03 9.867522e+03
10.5 9.837253e+03 9.745783e+03 9.776628e+03 9.868098e+03
11.5 9.854516e+03 9.775987e+03 9.776062e+03 9.854591e+03
12.5 9.752249e+03 9.812850e+03 9.775344e+03 9.714743e+03
13.5 9.781302e+03 9.856412e+03 9.774725e+03 9.699615e+03
14.5 9.780471e+03 9.775447e+03 9.774290e+03 9.779313e+03
15.5 9.768646e+03 9.751408e+03 9.774024e+03 9.791262e+03
16.5 9.847789e+03 9.836785e+03 9.773877e+03 9.784881e+03
17.5 9.827114e+03 9.822322e+03 9.773804e+03 9.778596e+03
18.5 9.718224e+03 9.812847e+03 9.773769e+03 9.679146e+03
19.5 9.709889e+03 9.807290e+03 9.773754e+03 9.676353e+03
20.5 9.718839e+03 9.834921e+03 9.773748e+03 9.657666e+03
21.5 9.566176e+03 9.741057e+03 9.773745e+03 9.598864e+03
