0.5 8.250515e+03 8.280168e+03 8.297043e+03 8.267390e+03
1.5 8.141372e+03 8.168219e+03 8.293764e+03 8.266917e+03
2.5 8.070361e+03 8.133708e+03 8.278499e+03 8.215152e+03
3.5 8.139494e+03 8.126139e+03 8.263203e+03 8.276558e+03
4.5 8.229534e+03 8.226482e+03 8.265268e+03 8.268320e+03
5.5 8.322255e+03 8.281989e+03 8.277365e+03 8.317631e+03
6.5 8.278215e+03 8.288704e+03 8.288408e+03 8.277919e+03
7.5 8.245333e+03 8.281145e+03 8.295294e+03 8.259481e+03
8.5 8.241494e+03 8.234336e+03 8.298824e+03 8.305982e+03
9.5 8.304709e+03 8.293312e+03 8.300173e+03 8.311570e+03
10.5 8.306252e+03 8.281632e+03 8.300205e+03 8.324826e+03
11.5 8.329503e+03 8.304238e+03 8.299587e+03 8.324852e+03
12.5 8.360824e+03 8.323926e+03 8.298804e+03 8.335702e+03
13.5 8.351295e+03 8.349970e+03 8.298129e+03 8.299454e+03
14.5 8.313674e+03 8.283947e+03 8.297654e+03 8.327381e+03
15.5 8.299335e+03 8.289202e+03 8.297363e+03 8.307496e+03
16.5 8.352786e+03 8.333204e+03 8.297203e+03 8.316785e+03
17.5 8.361665e+03 8.355257e+03 8.297123e+03 8.303531e+03
18.5 8.324780e+03 8.334334e+03 8.297085e+03 8.287532e+03
19.5 8.303663e+03 8.319703e+03 8.297069e+03 8.281029e+03
20.5 8.322007e+03 8.346897e+03 8.297062e+03 8.272173e+03
21.5 8.286818e+03 8.286088e+03 8.297059e+03 8.297788e+03
