0.5 9.123441e+03 9.146095e+03 9.167203e+03 9.144549e+03
1.5 9.021178e+03 9.050471e+03 9.163896e+03 9.134603e+03
2.5 8.971455e+03 9.029908e+03 9.148503e+03 9.090050e+03
3.5 9.030168e+03 9.022071e+03 9.133078e+03 9.141175e+03
4.5 9.128662e+03 9.123505e+03 9.135160e+03 9.140317e+03
5.5 9.211833e+03 9.176144e+03 9.147360e+03 9.183049e+03
6.5 9.175357e+03 9.184142e+03 9.158495e+03 9.149710e+03
7.5 9.117842e+03 9.170188e+03 9.165439e+03 9.113092e+03
8.5 9.109261e+03 9.112948e+03 9.168999e+03 9.165312e+03
9.5 9.166808e+03 9.169639e+03 9.170360e+03 9.167528e+03
10.5 9.181517e+03 9.155233e+03 9.170392e+03 9.196676e+03
11.5 9.211913e+03 9.184420e+03 9.169769e+03 9.197262e+03
12.5 9.233746e+03 9.204646e+03 9.168979e+03 9.198078e+03
13.5 9.231229e+03 9.230478e+03 9.168298e+03 9.169050e+03
14.5 9.201158e+03 9.169619e+03 9.167819e+03 9.199358e+03
15.5 9.192685e+03 9.180951e+03 9.167526e+03 9.179260e+03
16.5 9.244867e+03 9.218269e+03 9.167365e+03 9.193963e+03
17.5 9.256659e+03 9.239365e+03 9.167284e+03 9.184578e+03
18.5 9.217143e+03 9.214965e+03 9.167246e+03 9.169423e+03
19.5 9.171339e+03 9.191060e+03 9.167229e+03 9.147508e+03
20.5 9.190098e+03 9.216554e+03 9.167222e+03 9.140766e+03
21.5 9.163229e+03 9.163401e+03 9.167219e+03 9.167047e+03
