0.2 8.224942e+03 8.251094e+03 8.273264e+03 8.247111e+03
1.2 8.250689e+03 8.234662e+03 8.280517e+03 8.296544e+03
2.2 8.342664e+03 8.315830e+03 8.328245e+03 8.355079e+03
3.2 8.359004e+03 8.348487e+03 8.356652e+03 8.367169e+03
4.2 8.331847e+03 8.359124e+03 8.338904e+03 8.311627e+03
5.2 8.319827e+03 8.321571e+03 8.308761e+03 8.307017e+03
6.2 8.336491e+03 8.355976e+03 8.286485e+03 8.267000e+03
7.2 8.322386e+03 8.312107e+03 8.273798e+03 8.284077e+03
8.2 8.287133e+03 8.285218e+03 8.267722e+03 8.269636e+03
9.2 8.339004e+03 8.322350e+03 8.265848e+03 8.282502e+03
10.2 8.353069e+03 8.324796e+03 8.266437e+03 8.294710e+03
11.2 8.310140e+03 8.317452e+03 8.268098e+03 8.260786e+03
12.2 8.220649e+03 8.248527e+03 8.269865e+03 8.241988e+03
13.2 8.243041e+03 8.254136e+03 8.280148e+03 8.269053e+03
14.2 8.282503e+03 8.280099e+03 8.330098e+03 8.332503e+03
15.2 8.396653e+03 8.353498e+03 8.356104e+03 8.399259e+03
16.2 8.460787e+03 8.348678e+03 8.336953e+03 8.449063e+03
17.2 8.312979e+03 8.276565e+03 8.307098e+03 8.343513e+03
18.2 8.183632e+03 8.231239e+03 8.285483e+03 8.237876e+03
19.2 8.222399e+03 8.241446e+03 8.282168e+03 8.263122e+03
20.2 8.276790e+03 8.277732e+03 8.325421e+03 8.324480e+03
0.2 8.220649e+03 8.248527e+03 8.269865e+03 8.241988e+03
1.2 8.243041e+03 8.254136e+03 8.280148e+03 8.269053e+03
2.2 8.282503e+03 8.280099e+03 8.330098e+03 8.332503e+03
3.2 8.396653e+03 8.353498e+03 8.356104e+03 8.399259e+03
4.2 8.460787e+03 8.348678e+03 8.336953e+03 8.449063e+03
5.2 8.312979e+03 8.276565e+03 8.307098e+03 8.343513e+03
6.2 8.183632e+03 8.231239e+03 8.285483e+03 8.237876e+03
7.2 8.222399e+03 8.241446e+03 8.282168e+03 8.263122e+03
8.2 8.276790e+03 8.277732e+03 8.325421e+03 8.324480e+03
9.2 8.250515e+03 8.280168e+03 8.349203e+03 8.319550e+03
10.2 8.141372e+03 8.168219e+03 8.330451e+03 8.303604e+03
11.2 8.070361e+03 8.133708e+03 8.302144e+03 8.238798e+03
12.2 8.139494e+03 8.126139e+03 8.282220e+03 8.295576e+03
13.2 8.229534e+03 8.226482e+03 8.271365e+03 8.274417e+03
14.2 8.322255e+03 8.281989e+03 8.266487e+03 8.306752e+03
15.2 8.278215e+03 8.288704e+03 8.265320e+03 8.254831e+03
16.2 8.245333e+03 8.281145e+03 8.266690e+03 8.230878e+03
17.2 8.241494e+03 8.234336e+03 8.295052e+03 8.302210e+03
18.2 8.304709e+03 8.293312e+03 8.345392e+03 8.356789e+03
19.2 8.306252e+03 8.281632e+03 8.349938e+03 8.374559e+03
20.2 8.329503e+03 8.304238e+03 8.322902e+03 8.348168e+03
0.2 8.183632e+03 8.231239e+03 8.285483e+03 8.237876e+03
1.2 8.222399e+03 8.241446e+03 8.282168e+03 8.263122e+03
2.2 8.276790e+03 8.277732e+03 8.325421e+03 8.324480e+03
3.2 8.250515e+03 8.280168e+03 8.349203e+03 8.319550e+03
4.2 8.141372e+03 8.168219e+03 8.330451e+03 8.303604e+03
5.2 8.070361e+03 8.133708e+03 8.302144e+03 8.238798e+03
6.2 8.139494e+03 8.126139e+03 8.282220e+03 8.295576e+03
7.2 8.229534e+03 8.226482e+03 8.271365e+03 8.274417e+03
8.2 8.322255e+03 8.281989e+03 8.266487e+03 8.306752e+03
9.2 8.278215e+03 8.288704e+03 8.265320e+03 8.254831e+03
10.2 8.245333e+03 8.281145e+03 8.266690e+03 8.230878e+03
11.2 8.241494e+03 8.234336e+03 8.295052e+03 8.302210e+03
12.2 8.304709e+03 8.293312e+03 8.345392e+03 8.356789e+03
13.2 8.306252e+03 8.281632e+03 8.349938e+03 8.374559e+03
14.2 8.329503e+03 8.304238e+03 8.322902e+03 8.348168e+03
15.2 8.360824e+03 8.323926e+03 8.296101e+03 8.332999e+03
16.2 8.351295e+03 8.349970e+03 8.279069e+03 8.280394e+03
17.2 8.313674e+03 8.283947e+03 8.270091e+03 8.299818e+03
18.2 8.299335e+03 8.289202e+03 8.266361e+03 8.276494e+03
19.2 8.352786e+03 8.333204e+03 8.265904e+03 8.285486e+03
20.2 8.361665e+03 8.355257e+03 8.267175e+03 8.273583e+03
0.7 8.245333e+03 8.281145e+03 8.266690e+03 8.230878e+03
1.7 8.241494e+03 8.234336e+03 8.295052e+03 8.302210e+03
2.7 8.304709e+03 8.293312e+03 8.345392e+03 8.356789e+03
3.7 8.306252e+03 8.281632e+03 8.349938e+03 8.374559e+03
4.7 8.329503e+03 8.304238e+03 8.322902e+03 8.348168e+03
5.7 8.360824e+03 8.323926e+03 8.296101e+03 8.332999e+03
6.7 8.351295e+03 8.349970e+03 8.279069e+03 8.280394e+03
7.7 8.313674e+03 8.283947e+03 8.270091e+03 8.299818e+03
8.7 8.299335e+03 8.289202e+03 8.266361e+03 8.276494e+03
9.7 8.352786e+03 8.333204e+03 8.265904e+03 8.285486e+03
10.7 8.361665e+03 8.355257e+03 8.267175e+03 8.273583e+03
11.7 8.324780e+03 8.334334e+03 8.271278e+03 8.261724e+03
12.7 8.303663e+03 8.319703e+03 8.311559e+03 8.295519e+03
13.7 8.322007e+03 8.346897e+03 8.353077e+03 8.328188e+03
14.7 8.286818e+03 8.286088e+03 8.345293e+03 8.346022e+03
15.7 8.281236e+03 8.313035e+03 8.315753e+03 8.283955e+03
16.7 8.308417e+03 8.285010e+03 8.296857e+03 8.320264e+03
17.7 8.339057e+03 8.323043e+03 8.328203e+03 8.344217e+03
18.7 8.320508e+03 8.339212e+03 8.352011e+03 8.333307e+03
19.7 8.287878e+03 8.294595e+03 8.333332e+03 8.326614e+03
20.7 8.229912e+03 8.298033e+03 8.303214e+03 8.235093e+03
0.9 8.324780e+03 8.334334e+03 8.271278e+03 8.261724e+03
1.9 8.303663e+03 8.319703e+03 8.311559e+03 8.295519e+03
2.9 8.322007e+03 8.346897e+03 8.353077e+03 8.328188e+03
3.9 8.286818e+03 8.286088e+03 8.345293e+03 8.346022e+03
4.9 8.281236e+03 8.313035e+03 8.315753e+03 8.283955e+03
5.9 8.308417e+03 8.285010e+03 8.296857e+03 8.320264e+03
6.9 8.339057e+03 8.323043e+03 8.328203e+03 8.344217e+03
7.9 8.320508e+03 8.339212e+03 8.352011e+03 8.333307e+03
8.9 8.287878e+03 8.294595e+03 8.333332e+03 8.326614e+03
9.9 8.229912e+03 8.298033e+03 8.303214e+03 8.235093e+03
10.9 8.317876e+03 8.304396e+03 8.281842e+03 8.295322e+03
11.9 8.416345e+03 8.339137e+03 8.270488e+03 8.347696e+03
12.9 8.314016e+03 8.336497e+03 8.265622e+03 8.243141e+03
13.9 8.237817e+03 8.309122e+03 8.264603e+03 8.193298e+03
14.9 8.156051e+03 8.232867e+03 8.265721e+03 8.188905e+03
15.9 8.207653e+03 8.259990e+03 8.267691e+03 8.215354e+03
16.9 8.260002e+03 8.261172e+03 8.269637e+03 8.268467e+03
17.9 8.353422e+03 8.352879e+03 8.271140e+03 8.271683e+03
18.9 8.372087e+03 8.353898e+03 8.272126e+03 8.290315e+03
19.9 8.358073e+03 8.385920e+03 8.272700e+03 8.244854e+03
20.9 8.373741e+03 8.396999e+03 8.273004e+03 8.249747e+03
0.1 8.281236e+03 8.313035e+03 8.315753e+03 8.283955e+03
1.1 8.308417e+03 8.285010e+03 8.296857e+03 8.320264e+03
2.1 8.339057e+03 8.323043e+03 8.328203e+03 8.344217e+03
3.1 8.320508e+03 8.339212e+03 8.352011e+03 8.333307e+03
4.1 8.287878e+03 8.294595e+03 8.333332e+03 8.326614e+03
5.1 8.229912e+03 8.298033e+03 8.303214e+03 8.235093e+03
6.1 8.317876e+03 8.304396e+03 8.281842e+03 8.295322e+03
7.1 8.416345e+03 8.339137e+03 8.270488e+03 8.347696e+03
8.1 8.314016e+03 8.336497e+03 8.265622e+03 8.243141e+03
9.1 8.237817e+03 8.309122e+03 8.264603e+03 8.193298e+03
10.1 8.156051e+03 8.232867e+03 8.265721e+03 8.188905e+03
11.1 8.207653e+03 8.259990e+03 8.267691e+03 8.215354e+03
12.1 8.260002e+03 8.261172e+03 8.269637e+03 8.268467e+03
13.1 8.353422e+03 8.352879e+03 8.271140e+03 8.271683e+03
14.1 8.372087e+03 8.353898e+03 8.272126e+03 8.290315e+03
15.1 8.358073e+03 8.385920e+03 8.272700e+03 8.244854e+03
16.1 8.373741e+03 8.396999e+03 8.273004e+03 8.249747e+03
17.1 8.348917e+03 8.346269e+03 8.273151e+03 8.275799e+03
18.1 8.393574e+03 8.384239e+03 8.273217e+03 8.282552e+03
19.1 8.389984e+03 8.340744e+03 8.273245e+03 8.322485e+03
20.1 8.375940e+03 8.358304e+03 8.273257e+03 8.290892e+03
1.0 8.162302e+03 8.164367e+03 8.277303e+03 8.275237e+03
2.0 8.177049e+03 8.207039e+03 8.320570e+03 8.290580e+03
3.0 8.251462e+03 8.274389e+03 8.355945e+03 8.333018e+03
4.0 8.286437e+03 8.288301e+03 8.343005e+03 8.341141e+03
5.0 8.296653e+03 8.317588e+03 8.312782e+03 8.291847e+03
6.0 8.284607e+03 8.273496e+03 8.289022e+03 8.300132e+03
7.0 8.293057e+03 8.288208e+03 8.275137e+03 8.279986e+03
8.0 8.327445e+03 8.310935e+03 8.268287e+03 8.284797e+03
9.0 8.388941e+03 8.381097e+03 8.265928e+03 8.273772e+03
10.0 8.354481e+03 8.376781e+03 8.266259e+03 8.243958e+03
11.0 8.318780e+03 8.332589e+03 8.267837e+03 8.254028e+03
12.0 8.295547e+03 8.272558e+03 8.269629e+03 8.292617e+03
13.0 8.291518e+03 8.292881e+03 8.275678e+03 8.274315e+03
14.0 8.342259e+03 8.340528e+03 8.320957e+03 8.322688e+03
15.0 8.386026e+03 8.393332e+03 8.355584e+03 8.348278e+03
16.0 8.423571e+03 8.350348e+03 8.341930e+03 8.415153e+03
17.0 8.333576e+03 8.323970e+03 8.311844e+03 8.321449e+03
18.0 8.326471e+03 8.349894e+03 8.298224e+03 8.274801e+03
19.0 8.435316e+03 8.361099e+03 8.334169e+03 8.408386e+03
20.0 8.367738e+03 8.355437e+03 8.351463e+03 8.363763e+03
21.0 8.357897e+03 8.355237e+03 8.329498e+03 8.332158e+03
0.1 8.295547e+03 8.272558e+03 8.269629e+03 8.292617e+03
1.1 8.291518e+03 8.292881e+03 8.275678e+03 8.274315e+03
2.1 8.342259e+03 8.340528e+03 8.320957e+03 8.322688e+03
3.1 8.386026e+03 8.393332e+03 8.355584e+03 8.348278e+03
4.1 8.423571e+03 8.350348e+03 8.341930e+03 8.415153e+03
5.1 8.333576e+03 8.323970e+03 8.311844e+03 8.321449e+03
6.1 8.326471e+03 8.349894e+03 8.298224e+03 8.274801e+03
7.1 8.435316e+03 8.361099e+03 8.334169e+03 8.408386e+03
8.1 8.367738e+03 8.355437e+03 8.351463e+03 8.363763e+03
9.1 8.357897e+03 8.355237e+03 8.329498e+03 8.332158e+03
10.1 8.379505e+03 8.386605e+03 8.327912e+03 8.320811e+03
11.1 8.414305e+03 8.419957e+03 8.355998e+03 8.350346e+03
12.1 8.380313e+03 8.378414e+03 8.347540e+03 8.349438e+03
13.1 8.368674e+03 8.321231e+03 8.315082e+03 8.362525e+03
14.1 8.406347e+03 8.379613e+03 8.287377e+03 8.314112e+03
15.1 8.413306e+03 8.438087e+03 8.271658e+03 8.246876e+03
16.1 8.346348e+03 8.377578e+03 8.264744e+03 8.233514e+03
17.1 8.276513e+03 8.306270e+03 8.262972e+03 8.233215e+03
18.1 8.217660e+03 8.260410e+03 8.263986e+03 8.221236e+03
19.1 8.206939e+03 8.257639e+03 8.272018e+03 8.221318e+03
20.1 8.272924e+03 8.322729e+03 8.320491e+03 8.270687e+03
0.3 8.333576e+03 8.323970e+03 8.311844e+03 8.321449e+03
1.3 8.326471e+03 8.349894e+03 8.298224e+03 8.274801e+03
2.3 8.435316e+03 8.361099e+03 8.334169e+03 8.408386e+03
3.3 8.367738e+03 8.355437e+03 8.351463e+03 8.363763e+03
4.3 8.357897e+03 8.355237e+03 8.329498e+03 8.332158e+03
5.3 8.379505e+03 8.386605e+03 8.327912e+03 8.320811e+03
6.3 8.414305e+03 8.419957e+03 8.355998e+03 8.350346e+03
7.3 8.380313e+03 8.378414e+03 8.347540e+03 8.349438e+03
8.3 8.368674e+03 8.321231e+03 8.315082e+03 8.362525e+03
9.3 8.406347e+03 8.379613e+03 8.287377e+03 8.314112e+03
10.3 8.413306e+03 8.438087e+03 8.271658e+03 8.246876e+03
11.3 8.346348e+03 8.377578e+03 8.264744e+03 8.233514e+03
12.3 8.276513e+03 8.306270e+03 8.262972e+03 8.233215e+03
13.3 8.217660e+03 8.260410e+03 8.263986e+03 8.221236e+03
14.3 8.206939e+03 8.257639e+03 8.272018e+03 8.221318e+03
15.3 8.272924e+03 8.322729e+03 8.320491e+03 8.270687e+03
16.3 8.357114e+03 8.370419e+03 8.353649e+03 8.340343e+03
17.3 8.368555e+03 8.366728e+03 8.339007e+03 8.340835e+03
18.3 8.294084e+03 8.284965e+03 8.309551e+03 8.318669e+03
19.3 8.236996e+03 8.269109e+03 8.287098e+03 8.254985e+03
20.3 8.290293e+03 8.305653e+03 8.274149e+03 8.258790e+03
0.7 8.357897e+03 8.355237e+03 8.329498e+03 8.332158e+03
1.7 8.379505e+03 8.386605e+03 8.327912e+03 8.320811e+03
2.7 8.414305e+03 8.419957e+03 8.355998e+03 8.350346e+03
3.7 8.380313e+03 8.378414e+03 8.347540e+03 8.349438e+03
4.7 8.368674e+03 8.321231e+03 8.315082e+03 8.362525e+03
5.7 8.406347e+03 8.379613e+03 8.287377e+03 8.314112e+03
6.7 8.413306e+03 8.438087e+03 8.271658e+03 8.246876e+03
7.7 8.346348e+03 8.377578e+03 8.264744e+03 8.233514e+03
8.7 8.276513e+03 8.306270e+03 8.262972e+03 8.233215e+03
9.7 8.217660e+03 8.260410e+03 8.263986e+03 8.221236e+03
10.7 8.206939e+03 8.257639e+03 8.272018e+03 8.221318e+03
11.7 8.272924e+03 8.322729e+03 8.320491e+03 8.270687e+03
12.7 8.357114e+03 8.370419e+03 8.353649e+03 8.340343e+03
13.7 8.368555e+03 8.366728e+03 8.339007e+03 8.340835e+03
14.7 8.294084e+03 8.284965e+03 8.309551e+03 8.318669e+03
15.7 8.236996e+03 8.269109e+03 8.287098e+03 8.254985e+03
16.7 8.290293e+03 8.305653e+03 8.274149e+03 8.258790e+03
17.7 8.342927e+03 8.326271e+03 8.267869e+03 8.284524e+03
18.7 8.381804e+03 8.387824e+03 8.265846e+03 8.259826e+03
19.7 8.331929e+03 8.322567e+03 8.266352e+03 8.275714e+03
20.7 8.221590e+03 8.255058e+03 8.267995e+03 8.234526e+03
0.1 8.217660e+03 8.260410e+03 8.263986e+03 8.221236e+03
1.1 8.206939e+03 8.257639e+03 8.272018e+03 8.221318e+03
2.1 8.272924e+03 8.322729e+03 8.320491e+03 8.270687e+03
3.1 8.357114e+03 8.370419e+03 8.353649e+03 8.340343e+03
4.1 8.368555e+03 8.366728e+03 8.339007e+03 8.340835e+03
5.1 8.294084e+03 8.284965e+03 8.309551e+03 8.318669e+03
6.1 8.236996e+03 8.269109e+03 8.287098e+03 8.254985e+03
7.1 8.290293e+03 8.305653e+03 8.274149e+03 8.258790e+03
8.1 8.342927e+03 8.326271e+03 8.267869e+03 8.284524e+03
9.1 8.381804e+03 8.387824e+03 8.265846e+03 8.259826e+03
10.1 8.331929e+03 8.322567e+03 8.266352e+03 8.275714e+03
11.1 8.221590e+03 8.255058e+03 8.267995e+03 8.234526e+03
12.1 8.248155e+03 8.246712e+03 8.281479e+03 8.282922e+03
13.1 8.301053e+03 8.325512e+03 8.333284e+03 8.308825e+03
14.1 8.381527e+03 8.351415e+03 8.355197e+03 8.385309e+03
15.1 8.356349e+03 8.328480e+03 8.334040e+03 8.361909e+03
16.1 8.353708e+03 8.339452e+03 8.304675e+03 8.318931e+03
17.1 8.368998e+03 8.376597e+03 8.284036e+03 8.276437e+03
18.1 8.418986e+03 8.350126e+03 8.272546e+03 8.341406e+03
19.1 8.371457e+03 8.330339e+03 8.267224e+03 8.308342e+03
20.1 8.341421e+03 8.320159e+03 8.268479e+03 8.289741e+03
0.3 8.221590e+03 8.255058e+03 8.267995e+03 8.234526e+03
1.3 8.248155e+03 8.246712e+03 8.281479e+03 8.282922e+03
2.3 8.301053e+03 8.325512e+03 8.333284e+03 8.308825e+03
3.3 8.381527e+03 8.351415e+03 8.355197e+03 8.385309e+03
4.3 8.356349e+03 8.328480e+03 8.334040e+03 8.361909e+03
5.3 8.353708e+03 8.339452e+03 8.304675e+03 8.318931e+03
6.3 8.368998e+03 8.376597e+03 8.284036e+03 8.276437e+03
7.3 8.418986e+03 8.350126e+03 8.272546e+03 8.341406e+03
8.3 8.371457e+03 8.330339e+03 8.267224e+03 8.308342e+03
9.3 8.341421e+03 8.320159e+03 8.268479e+03 8.289741e+03
10.3 8.327742e+03 8.277826e+03 8.309187e+03 8.359103e+03
11.3 8.327998e+03 8.319780e+03 8.350081e+03 8.358298e+03
12.3 8.172038e+03 8.257966e+03 8.342164e+03 8.256236e+03
13.3 8.215736e+03 8.203864e+03 8.327270e+03 8.339141e+03
14.3 8.426191e+03 8.296841e+03 8.354381e+03 8.483731e+03
15.3 8.282582e+03 8.292699e+03 8.358172e+03 8.348054e+03
16.3 8.262102e+03 8.300067e+03 8.328988e+03 8.291022e+03
17.3 8.209449e+03 8.290891e+03 8.329145e+03 8.247704e+03
18.3 8.237479e+03 8.298265e+03 8.354669e+03 8.293883e+03
19.3 8.165876e+03 8.193914e+03 8.342796e+03 8.314758e+03
20.3 8.147877e+03 8.166287e+03 8.310448e+03 8.292038e+03
1.0 8.341421e+03 8.320159e+03 8.268479e+03 8.289741e+03
2.0 8.327742e+03 8.277826e+03 8.309187e+03 8.359103e+03
3.0 8.327998e+03 8.319780e+03 8.350081e+03 8.358298e+03
4.0 8.172038e+03 8.257966e+03 8.342164e+03 8.256236e+03
5.0 8.215736e+03 8.203864e+03 8.327270e+03 8.339141e+03
6.0 8.426191e+03 8.296841e+03 8.354381e+03 8.483731e+03
7.0 8.282582e+03 8.292699e+03 8.358172e+03 8.348054e+03
8.0 8.262102e+03 8.300067e+03 8.328988e+03 8.291022e+03
9.0 8.209449e+03 8.290891e+03 8.329145e+03 8.247704e+03
10.0 8.237479e+03 8.298265e+03 8.354669e+03 8.293883e+03
11.0 8.165876e+03 8.193914e+03 8.342796e+03 8.314758e+03
12.0 8.147877e+03 8.166287e+03 8.310448e+03 8.292038e+03
13.0 8.214982e+03 8.264030e+03 8.284395e+03 8.235347e+03
14.0 8.276510e+03 8.307363e+03 8.270121e+03 8.239267e+03
15.0 8.256406e+03 8.271822e+03 8.264107e+03 8.248691e+03
16.0 8.211335e+03 8.181062e+03 8.262835e+03 8.293108e+03
17.0 8.263956e+03 8.202982e+03 8.264093e+03 8.325067e+03
18.0 8.341279e+03 8.258341e+03 8.274429e+03 8.357367e+03
19.0 8.386901e+03 8.376757e+03 8.325163e+03 8.335307e+03
20.0 8.363088e+03 8.360701e+03 8.353944e+03 8.356330e+03
21.0 8.284729e+03 8.318817e+03 8.336821e+03 8.302733e+03
0.4 8.172038e+03 8.257966e+03 8.342164e+03 8.256236e+03
1.4 8.215736e+03 8.203864e+03 8.327270e+03 8.339141e+03
2.4 8.426191e+03 8.296841e+03 8.354381e+03 8.483731e+03
3.4 8.282582e+03 8.292699e+03 8.358172e+03 8.348054e+03
4.4 8.262102e+03 8.300067e+03 8.328988e+03 8.291022e+03
5.4 8.209449e+03 8.290891e+03 8.329145e+03 8.247704e+03
6.4 8.237479e+03 8.298265e+03 8.354669e+03 8.293883e+03
7.4 8.165876e+03 8.193914e+03 8.342796e+03 8.314758e+03
8.4 8.147877e+03 8.166287e+03 8.310448e+03 8.292038e+03
9.4 8.214982e+03 8.264030e+03 8.284395e+03 8.235347e+03
10.4 8.276510e+03 8.307363e+03 8.270121e+03 8.239267e+03
11.4 8.256406e+03 8.271822e+03 8.264107e+03 8.248691e+03
12.4 8.211335e+03 8.181062e+03 8.262835e+03 8.293108e+03
13.4 8.263956e+03 8.202982e+03 8.264093e+03 8.325067e+03
14.4 8.341279e+03 8.258341e+03 8.274429e+03 8.357367e+03
15.4 8.386901e+03 8.376757e+03 8.325163e+03 8.335307e+03
16.4 8.363088e+03 8.360701e+03 8.353944e+03 8.356330e+03
17.4 8.284729e+03 8.318817e+03 8.336821e+03 8.302733e+03
18.4 8.331917e+03 8.337573e+03 8.331279e+03 8.325623e+03
19.4 8.331512e+03 8.323741e+03 8.359319e+03 8.367090e+03
20.4 8.341936e+03 8.338037e+03 8.353058e+03 8.356957e+03
0.8 8.262102e+03 8.300067e+03 8.328988e+03 8.291022e+03
1.8 8.209449e+03 8.290891e+03 8.329145e+03 8.247704e+03
2.8 8.237479e+03 8.298265e+03 8.354669e+03 8.293883e+03
3.8 8.165876e+03 8.193914e+03 8.342796e+03 8.314758e+03
4.8 8.147877e+03 8.166287e+03 8.310448e+03 8.292038e+03
5.8 8.214982e+03 8.264030e+03 8.284395e+03 8.235347e+03
6.8 8.276510e+03 8.307363e+03 8.270121e+03 8.239267e+03
7.8 8.256406e+03 8.271822e+03 8.264107e+03 8.248691e+03
8.8 8.211335e+03 8.181062e+03 8.262835e+03 8.293108e+03
9.8 8.263956e+03 8.202982e+03 8.264093e+03 8.325067e+03
10.8 8.341279e+03 8.258341e+03 8.274429e+03 8.357367e+03
11.8 8.386901e+03 8.376757e+03 8.325163e+03 8.335307e+03
12.8 8.363088e+03 8.360701e+03 8.353944e+03 8.356330e+03
13.8 8.284729e+03 8.318817e+03 8.336821e+03 8.302733e+03
14.8 8.331917e+03 8.337573e+03 8.331279e+03 8.325623e+03
15.8 8.331512e+03 8.323741e+03 8.359319e+03 8.367090e+03
16.8 8.341936e+03 8.338037e+03 8.353058e+03 8.356957e+03
17.8 8.411875e+03 8.330033e+03 8.320009e+03 8.401851e+03
18.8 8.409932e+03 8.367079e+03 8.290459e+03 8.333312e+03
19.8 8.293348e+03 8.369716e+03 8.273243e+03 8.196875e+03
20.8 8.358933e+03 8.401013e+03 8.265431e+03 8.223351e+03
0.2 8.263956e+03 8.202982e+03 8.264093e+03 8.325067e+03
1.2 8.341279e+03 8.258341e+03 8.274429e+03 8.357367e+03
2.2 8.386901e+03 8.376757e+03 8.325163e+03 8.335307e+03
3.2 8.363088e+03 8.360701e+03 8.353944e+03 8.356330e+03
4.2 8.284729e+03 8.318817e+03 8.336821e+03 8.302733e+03
5.2 8.331917e+03 8.337573e+03 8.331279e+03 8.325623e+03
6.2 8.331512e+03 8.323741e+03 8.359319e+03 8.367090e+03
7.2 8.341936e+03 8.338037e+03 8.353058e+03 8.356957e+03
8.2 8.411875e+03 8.330033e+03 8.320009e+03 8.401851e+03
9.2 8.409932e+03 8.367079e+03 8.290459e+03 8.333312e+03
10.2 8.293348e+03 8.369716e+03 8.273243e+03 8.196875e+03
11.2 8.358933e+03 8.401013e+03 8.265431e+03 8.223351e+03
12.2 8.371117e+03 8.396891e+03 8.263162e+03 8.237388e+03
13.2 8.317833e+03 8.336958e+03 8.263920e+03 8.244795e+03
14.2 8.260046e+03 8.245753e+03 8.266032e+03 8.280325e+03
15.2 8.255622e+03 8.240826e+03 8.269529e+03 8.284324e+03
16.2 8.365199e+03 8.326315e+03 8.304889e+03 8.343773e+03
17.2 8.431221e+03 8.398309e+03 8.350798e+03 8.383710e+03
18.2 8.419404e+03 8.382822e+03 8.348015e+03 8.384597e+03
19.2 8.332871e+03 8.306066e+03 8.319152e+03 8.345957e+03
20.2 8.287253e+03 8.259020e+03 8.293338e+03 8.321572e+03
0.6 8.284729e+03 8.318817e+03 8.336821e+03 8.302733e+03
1.6 8.331917e+03 8.337573e+03 8.331279e+03 8.325623e+03
2.6 8.331512e+03 8.323741e+03 8.359319e+03 8.367090e+03
3.6 8.341936e+03 8.338037e+03 8.353058e+03 8.356957e+03
4.6 8.411875e+03 8.330033e+03 8.320009e+03 8.401851e+03
5.6 8.409932e+03 8.367079e+03 8.290459e+03 8.333312e+03
6.6 8.293348e+03 8.369716e+03 8.273243e+03 8.196875e+03
7.6 8.358933e+03 8.401013e+03 8.265431e+03 8.223351e+03
8.6 8.371117e+03 8.396891e+03 8.263162e+03 8.237388e+03
9.6 8.317833e+03 8.336958e+03 8.263920e+03 8.244795e+03
10.6 8.260046e+03 8.245753e+03 8.266032e+03 8.280325e+03
11.6 8.255622e+03 8.240826e+03 8.269529e+03 8.284324e+03
12.6 8.365199e+03 8.326315e+03 8.304889e+03 8.343773e+03
13.6 8.431221e+03 8.398309e+03 8.350798e+03 8.383710e+03
14.6 8.419404e+03 8.382822e+03 8.348015e+03 8.384597e+03
15.6 8.332871e+03 8.306066e+03 8.319152e+03 8.345957e+03
16.6 8.287253e+03 8.259020e+03 8.293338e+03 8.321572e+03
17.6 8.312453e+03 8.254123e+03 8.277503e+03 8.335833e+03
18.6 8.367872e+03 8.289076e+03 8.269351e+03 8.348147e+03
19.6 8.357058e+03 8.373703e+03 8.266160e+03 8.249515e+03
20.6 8.346699e+03 8.329214e+03 8.266023e+03 8.283507e+03
0.8 8.255622e+03 8.240826e+03 8.269529e+03 8.284324e+03
1.8 8.365199e+03 8.326315e+03 8.304889e+03 8.343773e+03
2.8 8.431221e+03 8.398309e+03 8.350798e+03 8.383710e+03
3.8 8.419404e+03 8.382822e+03 8.348015e+03 8.384597e+03
4.8 8.332871e+03 8.306066e+03 8.319152e+03 8.345957e+03
5.8 8.287253e+03 8.259020e+03 8.293338e+03 8.321572e+03
6.8 8.312453e+03 8.254123e+03 8.277503e+03 8.335833e+03
7.8 8.367872e+03 8.289076e+03 8.269351e+03 8.348147e+03
8.8 8.357058e+03 8.373703e+03 8.266160e+03 8.249515e+03
9.8 8.346699e+03 8.329214e+03 8.266023e+03 8.283507e+03
10.8 8.137948e+03 8.225788e+03 8.276313e+03 8.188474e+03
11.8 8.205143e+03 8.292086e+03 8.327144e+03 8.240201e+03
12.8 8.332638e+03 8.290984e+03 8.354172e+03 8.395826e+03
13.8 8.216864e+03 8.311326e+03 8.336155e+03 8.241693e+03
14.8 8.182974e+03 8.243980e+03 8.331995e+03 8.270989e+03
15.8 8.206265e+03 8.271537e+03 8.359793e+03 8.294521e+03
16.8 8.250932e+03 8.206815e+03 8.352314e+03 8.396430e+03
17.8 8.225336e+03 8.176946e+03 8.319023e+03 8.367413e+03
18.8 8.209700e+03 8.192529e+03 8.289798e+03 8.306969e+03
19.8 8.214354e+03 8.220624e+03 8.273233e+03 8.266963e+03
20.8 8.308068e+03 8.304167e+03 8.290790e+03 8.294691e+03
0.2 8.346699e+03 8.329214e+03 8.266023e+03 8.283507e+03
1.2 8.137948e+03 8.225788e+03 8.276313e+03 8.188474e+03
2.2 8.205143e+03 8.292086e+03 8.327144e+03 8.240201e+03
3.2 8.332638e+03 8.290984e+03 8.354172e+03 8.395826e+03
4.2 8.216864e+03 8.311326e+03 8.336155e+03 8.241693e+03
5.2 8.182974e+03 8.243980e+03 8.331995e+03 8.270989e+03
6.2 8.206265e+03 8.271537e+03 8.359793e+03 8.294521e+03
7.2 8.250932e+03 8.206815e+03 8.352314e+03 8.396430e+03
8.2 8.225336e+03 8.176946e+03 8.319023e+03 8.367413e+03
9.2 8.209700e+03 8.192529e+03 8.289798e+03 8.306969e+03
10.2 8.214354e+03 8.220624e+03 8.273233e+03 8.266963e+03
11.2 8.308068e+03 8.304167e+03 8.290790e+03 8.294691e+03
12.2 8.230298e+03 8.324616e+03 8.337747e+03 8.243429e+03
13.2 8.197628e+03 8.261780e+03 8.343128e+03 8.278977e+03
14.2 8.202797e+03 8.211671e+03 8.322251e+03 8.313377e+03
15.2 8.196711e+03 8.222300e+03 8.341287e+03 8.315698e+03
16.2 8.159609e+03 8.170331e+03 8.359644e+03 8.348922e+03
17.2 8.081498e+03 8.099238e+03 8.337687e+03 8.319947e+03
18.2 8.020660e+03 8.061846e+03 8.304329e+03 8.263143e+03
19.2 8.123149e+03 8.086806e+03 8.280744e+03 8.317087e+03
20.2 8.209238e+03 8.162254e+03 8.268551e+03 8.315536e+03
0.6 8.216864e+03 8.311326e+03 8.336155e+03 8.241693e+03
1.6 8.182974e+03 8.243980e+03 8.331995e+03 8.270989e+03
2.6 8.206265e+03 8.271537e+03 8.359793e+03 8.294521e+03
3.6 8.250932e+03 8.206815e+03 8.352314e+03 8.396430e+03
4.6 8.225336e+03 8.176946e+03 8.319023e+03 8.367413e+03
5.6 8.209700e+03 8.192529e+03 8.289798e+03 8.306969e+03
6.6 8.214354e+03 8.220624e+03 8.273233e+03 8.266963e+03
7.6 8.308068e+03 8.304167e+03 8.290790e+03 8.294691e+03
8.6 8.230298e+03 8.324616e+03 8.337747e+03 8.243429e+03
9.6 8.197628e+03 8.261780e+03 8.343128e+03 8.278977e+03
10.6 8.202797e+03 8.211671e+03 8.322251e+03 8.313377e+03
11.6 8.196711e+03 8.222300e+03 8.341287e+03 8.315698e+03
12.6 8.159609e+03 8.170331e+03 8.359644e+03 8.348922e+03
13.6 8.081498e+03 8.099238e+03 8.337687e+03 8.319947e+03
14.6 8.020660e+03 8.061846e+03 8.304329e+03 8.263143e+03
15.6 8.123149e+03 8.086806e+03 8.280744e+03 8.317087e+03
16.6 8.209238e+03 8.162254e+03 8.268551e+03 8.315536e+03
17.6 8.319393e+03 8.249110e+03 8.263763e+03 8.334045e+03
18.6 8.271574e+03 8.245154e+03 8.263177e+03 8.289598e+03
19.6 8.239213e+03 8.237125e+03 8.264760e+03 8.266848e+03
20.6 8.193989e+03 8.214249e+03 8.267099e+03 8.246839e+03
0.6 8.214354e+03 8.220624e+03 8.273233e+03 8.266963e+03
1.6 8.308068e+03 8.304167e+03 8.290790e+03 8.294691e+03
2.6 8.230298e+03 8.324616e+03 8.337747e+03 8.243429e+03
3.6 8.197628e+03 8.261780e+03 8.343128e+03 8.278977e+03
4.6 8.202797e+03 8.211671e+03 8.322251e+03 8.313377e+03
5.6 8.196711e+03 8.222300e+03 8.341287e+03 8.315698e+03
6.6 8.159609e+03 8.170331e+03 8.359644e+03 8.348922e+03
7.6 8.081498e+03 8.099238e+03 8.337687e+03 8.319947e+03
8.6 8.020660e+03 8.061846e+03 8.304329e+03 8.263143e+03
9.6 8.123149e+03 8.086806e+03 8.280744e+03 8.317087e+03
10.6 8.209238e+03 8.162254e+03 8.268551e+03 8.315536e+03
11.6 8.319393e+03 8.249110e+03 8.263763e+03 8.334045e+03
12.6 8.271574e+03 8.245154e+03 8.263177e+03 8.289598e+03
13.6 8.239213e+03 8.237125e+03 8.264760e+03 8.266848e+03
14.6 8.193989e+03 8.214249e+03 8.267099e+03 8.246839e+03
15.6 8.194411e+03 8.201756e+03 8.269299e+03 8.261954e+03
16.6 8.224488e+03 8.183770e+03 8.275543e+03 8.316261e+03
17.6 8.273894e+03 8.286302e+03 8.320907e+03 8.308499e+03
18.6 8.286105e+03 8.299833e+03 8.355567e+03 8.341839e+03
19.6 8.255036e+03 8.290634e+03 8.341925e+03 8.306328e+03
20.6 8.276947e+03 8.256565e+03 8.311841e+03 8.332222e+03
0.1 8.197628e+03 8.261780e+03 8.343128e+03 8.278977e+03
1.1 8.202797e+03 8.211671e+03 8.322251e+03 8.313377e+03
2.1 8.196711e+03 8.222300e+03 8.341287e+03 8.315698e+03
3.1 8.159609e+03 8.170331e+03 8.359644e+03 8.348922e+03
4.1 8.081498e+03 8.099238e+03 8.337687e+03 8.319947e+03
5.1 8.020660e+03 8.061846e+03 8.304329e+03 8.263143e+03
6.1 8.123149e+03 8.086806e+03 8.280744e+03 8.317087e+03
7.1 8.209238e+03 8.162254e+03 8.268551e+03 8.315536e+03
8.1 8.319393e+03 8.249110e+03 8.263763e+03 8.334045e+03
9.1 8.271574e+03 8.245154e+03 8.263177e+03 8.289598e+03
10.1 8.239213e+03 8.237125e+03 8.264760e+03 8.266848e+03
11.1 8.193989e+03 8.214249e+03 8.267099e+03 8.246839e+03
12.1 8.194411e+03 8.201756e+03 8.269299e+03 8.261954e+03
13.1 8.224488e+03 8.183770e+03 8.275543e+03 8.316261e+03
14.1 8.273894e+03 8.286302e+03 8.320907e+03 8.308499e+03
15.1 8.286105e+03 8.299833e+03 8.355567e+03 8.341839e+03
16.1 8.255036e+03 8.290634e+03 8.341925e+03 8.306328e+03
17.1 8.276947e+03 8.256565e+03 8.311841e+03 8.332222e+03
18.1 8.293699e+03 8.276106e+03 8.288449e+03 8.306042e+03
19.1 8.328982e+03 8.314686e+03 8.274838e+03 8.289134e+03
20.1 8.306139e+03 8.303857e+03 8.270121e+03 8.272402e+03
0.1 8.194411e+03 8.201756e+03 8.269299e+03 8.261954e+03
1.1 8.224488e+03 8.183770e+03 8.275543e+03 8.316261e+03
2.1 8.273894e+03 8.286302e+03 8.320907e+03 8.308499e+03
3.1 8.286105e+03 8.299833e+03 8.355567e+03 8.341839e+03
4.1 8.255036e+03 8.290634e+03 8.341925e+03 8.306328e+03
5.1 8.276947e+03 8.256565e+03 8.311841e+03 8.332222e+03
6.1 8.293699e+03 8.276106e+03 8.288449e+03 8.306042e+03
7.1 8.328982e+03 8.314686e+03 8.274838e+03 8.289134e+03
8.1 8.306139e+03 8.303857e+03 8.270121e+03 8.272402e+03
9.1 8.300667e+03 8.319321e+03 8.305269e+03 8.286616e+03
10.1 8.338328e+03 8.309390e+03 8.347141e+03 8.376079e+03
11.1 8.301710e+03 8.271548e+03 8.341420e+03 8.371581e+03
12.1 8.315721e+03 8.272920e+03 8.325093e+03 8.367895e+03
13.1 8.299502e+03 8.288918e+03 8.351719e+03 8.362303e+03
14.1 8.314489e+03 8.316574e+03 8.358508e+03 8.356423e+03
15.1 8.292155e+03 8.278842e+03 8.329694e+03 8.343007e+03
16.1 8.273650e+03 8.281386e+03 8.297565e+03 8.289830e+03
17.1 8.303264e+03 8.326890e+03 8.296799e+03 8.273172e+03
18.1 8.307569e+03 8.305435e+03 8.337481e+03 8.339615e+03
19.1 8.308850e+03 8.314824e+03 8.344363e+03 8.338389e+03
20.1 8.245852e+03 8.246831e+03 8.318584e+03 8.317605e+03
0.9 8.306139e+03 8.303857e+03 8.270121e+03 8.272402e+03
1.9 8.300667e+03 8.319321e+03 8.305269e+03 8.286616e+03
2.9 8.338328e+03 8.309390e+03 8.347141e+03 8.376079e+03
3.9 8.301710e+03 8.271548e+03 8.341420e+03 8.371581e+03
4.9 8.315721e+03 8.272920e+03 8.325093e+03 8.367895e+03
5.9 8.299502e+03 8.288918e+03 8.351719e+03 8.362303e+03
6.9 8.314489e+03 8.316574e+03 8.358508e+03 8.356423e+03
7.9 8.292155e+03 8.278842e+03 8.329694e+03 8.343007e+03
8.9 8.273650e+03 8.281386e+03 8.297565e+03 8.289830e+03
9.9 8.303264e+03 8.326890e+03 8.296799e+03 8.273172e+03
10.9 8.307569e+03 8.305435e+03 8.337481e+03 8.339615e+03
11.9 8.308850e+03 8.314824e+03 8.344363e+03 8.338389e+03
12.9 8.245852e+03 8.246831e+03 8.318584e+03 8.317605e+03
13.9 8.171273e+03 8.228812e+03 8.292004e+03 8.234466e+03
14.9 8.245303e+03 8.202828e+03 8.275742e+03 8.318217e+03
15.9 8.319954e+03 8.279245e+03 8.287559e+03 8.328268e+03
16.9 8.361610e+03 8.358686e+03 8.335347e+03 8.338271e+03
17.9 8.316431e+03 8.293139e+03 8.345836e+03 8.369128e+03
18.9 8.279650e+03 8.287085e+03 8.321569e+03 8.314135e+03
19.9 8.239009e+03 8.221325e+03 8.295159e+03 8.312843e+03
20.9 8.265902e+03 8.270366e+03 8.278338e+03 8.273873e+03
0.3 8.301710e+03 8.271548e+03 8.341420e+03 8.371581e+03
1.3 8.315721e+03 8.272920e+03 8.325093e+03 8.367895e+03
2.3 8.299502e+03 8.288918e+03 8.351719e+03 8.362303e+03
3.3 8.314489e+03 8.316574e+03 8.358508e+03 8.356423e+03
4.3 8.292155e+03 8.278842e+03 8.329694e+03 8.343007e+03
5.3 8.273650e+03 8.281386e+03 8.297565e+03 8.289830e+03
6.3 8.303264e+03 8.326890e+03 8.296799e+03 8.273172e+03
7.3 8.307569e+03 8.305435e+03 8.337481e+03 8.339615e+03
8.3 8.308850e+03 8.314824e+03 8.344363e+03 8.338389e+03
9.3 8.245852e+03 8.246831e+03 8.318584e+03 8.317605e+03
10.3 8.171273e+03 8.228812e+03 8.292004e+03 8.234466e+03
11.3 8.245303e+03 8.202828e+03 8.275742e+03 8.318217e+03
12.3 8.319954e+03 8.279245e+03 8.287559e+03 8.328268e+03
13.3 8.361610e+03 8.358686e+03 8.335347e+03 8.338271e+03
14.3 8.316431e+03 8.293139e+03 8.345836e+03 8.369128e+03
15.3 8.279650e+03 8.287085e+03 8.321569e+03 8.314135e+03
16.3 8.239009e+03 8.221325e+03 8.295159e+03 8.312843e+03
17.3 8.265902e+03 8.270366e+03 8.278338e+03 8.273873e+03
18.3 8.280223e+03 8.288784e+03 8.289368e+03 8.280806e+03
19.3 8.321097e+03 8.348156e+03 8.336458e+03 8.309399e+03
20.3 8.362691e+03 8.341575e+03 8.346451e+03 8.367568e+03
0.5 8.273650e+03 8.281386e+03 8.297565e+03 8.289830e+03
1.5 8.303264e+03 8.326890e+03 8.296799e+03 8.273172e+03
2.5 8.307569e+03 8.305435e+03 8.337481e+03 8.339615e+03
3.5 8.308850e+03 8.314824e+03 8.344363e+03 8.338389e+03
4.5 8.245852e+03 8.246831e+03 8.318584e+03 8.317605e+03
5.5 8.171273e+03 8.228812e+03 8.292004e+03 8.234466e+03
6.5 8.245303e+03 8.202828e+03 8.275742e+03 8.318217e+03
7.5 8.319954e+03 8.279245e+03 8.287559e+03 8.328268e+03
8.5 8.361610e+03 8.358686e+03 8.335347e+03 8.338271e+03
9.5 8.316431e+03 8.293139e+03 8.345836e+03 8.369128e+03
10.5 8.279650e+03 8.287085e+03 8.321569e+03 8.314135e+03
11.5 8.239009e+03 8.221325e+03 8.295159e+03 8.312843e+03
12.5 8.265902e+03 8.270366e+03 8.278338e+03 8.273873e+03
13.5 8.280223e+03 8.288784e+03 8.289368e+03 8.280806e+03
14.5 8.321097e+03 8.348156e+03 8.336458e+03 8.309399e+03
15.5 8.362691e+03 8.341575e+03 8.346451e+03 8.367568e+03
16.5 8.347732e+03 8.344707e+03 8.321884e+03 8.324909e+03
17.5 8.269033e+03 8.242935e+03 8.295307e+03 8.321405e+03
18.5 8.227749e+03 8.249537e+03 8.278298e+03 8.256510e+03
19.5 8.299273e+03 8.267500e+03 8.269468e+03 8.301241e+03
20.5 8.331389e+03 8.354634e+03 8.265846e+03 8.242602e+03
0.5 8.245303e+03 8.202828e+03 8.275742e+03 8.318217e+03
1.5 8.319954e+03 8.279245e+03 8.287559e+03 8.328268e+03
2.5 8.361610e+03 8.358686e+03 8.335347e+03 8.338271e+03
3.5 8.316431e+03 8.293139e+03 8.345836e+03 8.369128e+03
4.5 8.279650e+03 8.287085e+03 8.321569e+03 8.314135e+03
5.5 8.239009e+03 8.221325e+03 8.295159e+03 8.312843e+03
6.5 8.265902e+03 8.270366e+03 8.278338e+03 8.273873e+03
7.5 8.280223e+03 8.288784e+03 8.289368e+03 8.280806e+03
8.5 8.321097e+03 8.348156e+03 8.336458e+03 8.309399e+03
9.5 8.362691e+03 8.341575e+03 8.346451e+03 8.367568e+03
10.5 8.347732e+03 8.344707e+03 8.321884e+03 8.324909e+03
11.5 8.269033e+03 8.242935e+03 8.295307e+03 8.321405e+03
12.5 8.227749e+03 8.249537e+03 8.278298e+03 8.256510e+03
13.5 8.299273e+03 8.267500e+03 8.269468e+03 8.301241e+03
14.5 8.331389e+03 8.354634e+03 8.265846e+03 8.242602e+03
15.5 8.363715e+03 8.388898e+03 8.265438e+03 8.240255e+03
16.5 8.299897e+03 8.298491e+03 8.266758e+03 8.268164e+03
17.5 8.263177e+03 8.303084e+03 8.268645e+03 8.228738e+03
18.5 8.298188e+03 8.294694e+03 8.270364e+03 8.273857e+03
19.5 8.340729e+03 8.365207e+03 8.271619e+03 8.247142e+03
20.5 8.349764e+03 8.353540e+03 8.272408e+03 8.268633e+03
0.5 8.265902e+03 8.270366e+03 8.278338e+03 8.273873e+03
1.5 8.280223e+03 8.288784e+03 8.289368e+03 8.280806e+03
2.5 8.321097e+03 8.348156e+03 8.336458e+03 8.309399e+03
3.5 8.362691e+03 8.341575e+03 8.346451e+03 8.367568e+03
4.5 8.347732e+03 8.344707e+03 8.321884e+03 8.324909e+03
5.5 8.269033e+03 8.242935e+03 8.295307e+03 8.321405e+03
6.5 8.227749e+03 8.249537e+03 8.278298e+03 8.256510e+03
7.5 8.299273e+03 8.267500e+03 8.269468e+03 8.301241e+03
8.5 8.331389e+03 8.354634e+03 8.265846e+03 8.242602e+03
9.5 8.363715e+03 8.388898e+03 8.265438e+03 8.240255e+03
10.5 8.299897e+03 8.298491e+03 8.266758e+03 8.268164e+03
11.5 8.263177e+03 8.303084e+03 8.268645e+03 8.228738e+03
12.5 8.298188e+03 8.294694e+03 8.270364e+03 8.273857e+03
13.5 8.340729e+03 8.365207e+03 8.271619e+03 8.247142e+03
14.5 8.349764e+03 8.353540e+03 8.272408e+03 8.268633e+03
15.5 8.310877e+03 8.270222e+03 8.279365e+03 8.320020e+03
16.5 8.347348e+03 8.334567e+03 8.326560e+03 8.339341e+03
17.5 8.418645e+03 8.351989e+03 8.356518e+03 8.423174e+03
18.5 8.351576e+03 8.349410e+03 8.339712e+03 8.341878e+03
19.5 8.312691e+03 8.353006e+03 8.309538e+03 8.269223e+03
20.5 8.275056e+03 8.289330e+03 8.286971e+03 8.272697e+03
0.1 8.349764e+03 8.353540e+03 8.272408e+03 8.268633e+03
1.1 8.310877e+03 8.270222e+03 8.279365e+03 8.320020e+03
2.1 8.347348e+03 8.334567e+03 8.326560e+03 8.339341e+03
3.1 8.418645e+03 8.351989e+03 8.356518e+03 8.423174e+03
4.1 8.351576e+03 8.349410e+03 8.339712e+03 8.341878e+03
5.1 8.312691e+03 8.353006e+03 8.309538e+03 8.269223e+03
6.1 8.275056e+03 8.289330e+03 8.286971e+03 8.272697e+03
7.1 8.315005e+03 8.349468e+03 8.274055e+03 8.239592e+03
8.1 8.371793e+03 8.326069e+03 8.267828e+03 8.313552e+03
9.1 8.240227e+03 8.266613e+03 8.265860e+03 8.239474e+03
10.1 8.198551e+03 8.240397e+03 8.266400e+03 8.224554e+03
11.1 8.261295e+03 8.269928e+03 8.268045e+03 8.259412e+03
12.1 8.190146e+03 8.271925e+03 8.269818e+03 8.188039e+03
13.1 8.162726e+03 8.262737e+03 8.271229e+03 8.171218e+03
14.1 8.208623e+03 8.169247e+03 8.272170e+03 8.311545e+03
15.1 8.292997e+03 8.277459e+03 8.272720e+03 8.288258e+03
16.1 8.212379e+03 8.233522e+03 8.273012e+03 8.251868e+03
17.1 8.102423e+03 8.141992e+03 8.273154e+03 8.233585e+03
18.1 8.082565e+03 8.127655e+03 8.273218e+03 8.228128e+03
19.1 8.157496e+03 8.165000e+03 8.273246e+03 8.265742e+03
20.1 8.281233e+03 8.235479e+03 8.273257e+03 8.319011e+03
0.8 8.258660e+03 8.203941e+03 8.274433e+03 8.329153e+03
1.8 8.297200e+03 8.274852e+03 8.307872e+03 8.330220e+03
2.8 8.322278e+03 8.335708e+03 8.352451e+03 8.339021e+03
3.8 8.299045e+03 8.285403e+03 8.348860e+03 8.362502e+03
4.8 8.258181e+03 8.320894e+03 8.319555e+03 8.256841e+03
5.8 8.301176e+03 8.333314e+03 8.293518e+03 8.261380e+03
6.8 8.314361e+03 8.338131e+03 8.277577e+03 8.253807e+03
7.8 8.318539e+03 8.354558e+03 8.269381e+03 8.233361e+03
