0.2 1.002155e+04 1.000264e+04 9.886106e+03 9.905010e+03
1.2 9.952866e+03 9.994030e+03 9.890472e+03 9.849308e+03
2.2 9.974670e+03 1.000437e+04 9.931258e+03 9.901555e+03
3.2 1.001646e+04 1.004153e+04 9.994056e+03 9.968983e+03
4.2 1.001464e+04 1.001413e+04 1.000449e+04 1.000500e+04
5.2 9.950702e+03 9.935746e+03 9.967105e+03 9.982062e+03
6.2 9.901700e+03 9.914811e+03 9.925468e+03 9.912358e+03
7.2 9.897036e+03 9.896734e+03 9.901912e+03 9.902214e+03
8.2 9.955560e+03 9.949251e+03 9.927635e+03 9.933944e+03
9.2 1.001576e+04 9.996928e+03 9.983970e+03 1.000280e+04
10.2 1.004505e+04 1.001981e+04 9.993436e+03 1.001868e+04
11.2 1.000225e+04 9.980440e+03 9.973331e+03 9.995143e+03
12.2 1.000283e+04 1.003737e+04 9.992801e+03 9.958262e+03
13.2 1.004727e+04 1.003533e+04 1.001409e+04 1.002603e+04
14.2 1.000940e+04 1.000555e+04 9.987524e+03 9.991369e+03
15.2 9.983063e+03 9.955632e+03 9.971449e+03 9.998880e+03
16.2 1.001630e+04 1.000499e+04 9.999192e+03 1.001050e+04
17.2 1.001347e+04 1.002346e+04 1.000124e+04 9.991243e+03
18.2 9.938486e+03 9.951196e+03 9.960625e+03 9.947915e+03
19.2 9.872141e+03 9.928773e+03 9.921720e+03 9.865089e+03
20.2 9.929410e+03 9.923358e+03 9.936953e+03 9.943005e+03
21.2 9.999178e+03 1.000845e+04 9.985074e+03 9.975807e+03
0.2 9.901700e+03 9.914811e+03 9.925468e+03 9.912358e+03
1.2 9.897036e+03 9.896734e+03 9.901912e+03 9.902214e+03
2.2 9.955560e+03 9.949251e+03 9.927635e+03 9.933944e+03
3.2 1.001576e+04 9.996928e+03 9.983970e+03 1.000280e+04
4.2 1.004505e+04 1.001981e+04 9.993436e+03 1.001868e+04
5.2 1.000225e+04 9.980440e+03 9.973331e+03 9.995143e+03
6.2 1.000283e+04 1.003737e+04 9.992801e+03 9.958262e+03
7.2 1.004727e+04 1.003533e+04 1.001409e+04 1.002603e+04
8.2 1.000940e+04 1.000555e+04 9.987524e+03 9.991369e+03
9.2 9.983063e+03 9.955632e+03 9.971449e+03 9.998880e+03
10.2 1.001630e+04 1.000499e+04 9.999192e+03 1.001050e+04
11.2 1.001347e+04 1.002346e+04 1.000124e+04 9.991243e+03
12.2 9.938486e+03 9.951196e+03 9.960625e+03 9.947915e+03
13.2 9.872141e+03 9.928773e+03 9.921720e+03 9.865089e+03
14.2 9.929410e+03 9.923358e+03 9.936953e+03 9.943005e+03
15.2 9.999178e+03 1.000845e+04 9.985074e+03 9.975807e+03
16.2 1.003838e+04 9.982528e+03 9.987456e+03 1.004331e+04
17.2 1.000591e+04 9.964672e+03 9.949525e+03 9.990759e+03
18.2 9.958124e+03 9.954412e+03 9.911550e+03 9.915262e+03
19.2 9.937313e+03 9.941976e+03 9.893465e+03 9.888803e+03
20.2 9.952858e+03 9.947896e+03 9.925592e+03 9.930555e+03
21.2 1.002294e+04 1.001516e+04 9.983316e+03 9.991089e+03
0.6 1.004505e+04 1.001981e+04 9.993436e+03 1.001868e+04
1.6 1.000225e+04 9.980440e+03 9.973331e+03 9.995143e+03
2.6 1.000283e+04 1.003737e+04 9.992801e+03 9.958262e+03
3.6 1.004727e+04 1.003533e+04 1.001409e+04 1.002603e+04
4.6 1.000940e+04 1.000555e+04 9.987524e+03 9.991369e+03
5.6 9.983063e+03 9.955632e+03 9.971449e+03 9.998880e+03
6.6 1.001630e+04 1.000499e+04 9.999192e+03 1.001050e+04
7.6 1.001347e+04 1.002346e+04 1.000124e+04 9.991243e+03
8.6 9.938486e+03 9.951196e+03 9.960625e+03 9.947915e+03
9.6 9.872141e+03 9.928773e+03 9.921720e+03 9.865089e+03
10.6 9.929410e+03 9.923358e+03 9.936953e+03 9.943005e+03
11.6 9.999178e+03 1.000845e+04 9.985074e+03 9.975807e+03
12.6 1.003838e+04 9.982528e+03 9.987456e+03 1.004331e+04
13.6 1.000591e+04 9.964672e+03 9.949525e+03 9.990759e+03
14.6 9.958124e+03 9.954412e+03 9.911550e+03 9.915262e+03
15.6 9.937313e+03 9.941976e+03 9.893465e+03 9.888803e+03
16.6 9.952858e+03 9.947896e+03 9.925592e+03 9.930555e+03
17.6 1.002294e+04 1.001516e+04 9.983316e+03 9.991089e+03
18.6 1.000285e+04 9.985082e+03 9.990483e+03 1.000825e+04
19.6 9.871171e+03 9.910465e+03 9.954459e+03 9.915164e+03
20.6 9.745108e+03 9.813840e+03 9.927387e+03 9.858655e+03
21.6 9.806086e+03 9.867019e+03 9.956354e+03 9.895420e+03
1.0 1.000940e+04 1.000555e+04 9.987524e+03 9.991369e+03
2.0 9.983063e+03 9.955632e+03 9.971449e+03 9.998880e+03
3.0 1.001630e+04 1.000499e+04 9.999192e+03 1.001050e+04
4.0 1.001347e+04 1.002346e+04 1.000124e+04 9.991243e+03
5.0 9.938486e+03 9.951196e+03 9.960625e+03 9.947915e+03
6.0 9.872141e+03 9.928773e+03 9.921720e+03 9.865089e+03
7.0 9.929410e+03 9.923358e+03 9.936953e+03 9.943005e+03
8.0 9.999178e+03 1.000845e+04 9.985074e+03 9.975807e+03
9.0 1.003838e+04 9.982528e+03 9.987456e+03 1.004331e+04
10.0 1.000591e+04 9.964672e+03 9.949525e+03 9.990759e+03
11.0 9.958124e+03 9.954412e+03 9.911550e+03 9.915262e+03
12.0 9.937313e+03 9.941976e+03 9.893465e+03 9.888803e+03
13.0 9.952858e+03 9.947896e+03 9.925592e+03 9.930555e+03
14.0 1.002294e+04 1.001516e+04 9.983316e+03 9.991089e+03
15.0 1.000285e+04 9.985082e+03 9.990483e+03 1.000825e+04
16.0 9.871171e+03 9.910465e+03 9.954459e+03 9.915164e+03
17.0 9.745108e+03 9.813840e+03 9.927387e+03 9.858655e+03
18.0 9.806086e+03 9.867019e+03 9.956354e+03 9.895420e+03
19.0 9.895793e+03 9.914367e+03 9.997488e+03 9.978914e+03
20.0 9.973827e+03 9.939031e+03 9.985039e+03 1.001984e+04
21.0 9.963547e+03 9.930319e+03 9.942774e+03 9.976003e+03
22.0 9.960246e+03 9.945870e+03 9.924273e+03 9.938649e+03
0.3 9.938486e+03 9.951196e+03 9.960625e+03 9.947915e+03
1.3 9.872141e+03 9.928773e+03 9.921720e+03 9.865089e+03
2.3 9.929410e+03 9.923358e+03 9.936953e+03 9.943005e+03
3.3 9.999178e+03 1.000845e+04 9.985074e+03 9.975807e+03
4.3 1.003838e+04 9.982528e+03 9.987456e+03 1.004331e+04
5.3 1.000591e+04 9.964672e+03 9.949525e+03 9.990759e+03
6.3 9.958124e+03 9.954412e+03 9.911550e+03 9.915262e+03
7.3 9.937313e+03 9.941976e+03 9.893465e+03 9.888803e+03
8.3 9.952858e+03 9.947896e+03 9.925592e+03 9.930555e+03
9.3 1.002294e+04 1.001516e+04 9.983316e+03 9.991089e+03
10.3 1.000285e+04 9.985082e+03 9.990483e+03 1.000825e+04
11.3 9.871171e+03 9.910465e+03 9.954459e+03 9.915164e+03
12.3 9.745108e+03 9.813840e+03 9.927387e+03 9.858655e+03
13.3 9.806086e+03 9.867019e+03 9.956354e+03 9.895420e+03
14.3 9.895793e+03 9.914367e+03 9.997488e+03 9.978914e+03
15.3 9.973827e+03 9.939031e+03 9.985039e+03 1.001984e+04
16.3 9.963547e+03 9.930319e+03 9.942774e+03 9.976003e+03
17.3 9.960246e+03 9.945870e+03 9.924273e+03 9.938649e+03
18.3 1.002365e+04 1.001483e+04 9.963384e+03 9.972203e+03
19.3 1.003212e+04 9.982708e+03 9.997269e+03 1.004668e+04
20.3 9.976367e+03 9.963480e+03 9.979157e+03 9.992043e+03
21.3 9.944560e+03 9.938648e+03 9.973261e+03 9.979174e+03
0.3 9.958124e+03 9.954412e+03 9.911550e+03 9.915262e+03
1.3 9.937313e+03 9.941976e+03 9.893465e+03 9.888803e+03
2.3 9.952858e+03 9.947896e+03 9.925592e+03 9.930555e+03
3.3 1.002294e+04 1.001516e+04 9.983316e+03 9.991089e+03
4.3 1.000285e+04 9.985082e+03 9.990483e+03 1.000825e+04
5.3 9.871171e+03 9.910465e+03 9.954459e+03 9.915164e+03
6.3 9.745108e+03 9.813840e+03 9.927387e+03 9.858655e+03
7.3 9.806086e+03 9.867019e+03 9.956354e+03 9.895420e+03
8.3 9.895793e+03 9.914367e+03 9.997488e+03 9.978914e+03
9.3 9.973827e+03 9.939031e+03 9.985039e+03 1.001984e+04
10.3 9.963547e+03 9.930319e+03 9.942774e+03 9.976003e+03
11.3 9.960246e+03 9.945870e+03 9.924273e+03 9.938649e+03
12.3 1.002365e+04 1.001483e+04 9.963384e+03 9.972203e+03
13.3 1.003212e+04 9.982708e+03 9.997269e+03 1.004668e+04
14.3 9.976367e+03 9.963480e+03 9.979157e+03 9.992043e+03
15.3 9.944560e+03 9.938648e+03 9.973261e+03 9.979174e+03
16.3 9.998147e+03 1.002689e+04 1.000455e+04 9.975805e+03
17.3 1.002792e+04 1.001858e+04 1.000265e+04 1.001199e+04
18.3 9.993218e+03 9.982999e+03 9.971331e+03 9.981549e+03
19.3 9.979913e+03 9.969214e+03 9.981597e+03 9.992296e+03
20.3 9.990931e+03 1.002302e+04 1.000638e+04 9.974291e+03
21.3 9.978090e+03 1.000202e+04 9.985536e+03 9.961604e+03
0.5 9.871171e+03 9.910465e+03 9.954459e+03 9.915164e+03
1.5 9.745108e+03 9.813840e+03 9.927387e+03 9.858655e+03
2.5 9.806086e+03 9.867019e+03 9.956354e+03 9.895420e+03
3.5 9.895793e+03 9.914367e+03 9.997488e+03 9.978914e+03
4.5 9.973827e+03 9.939031e+03 9.985039e+03 1.001984e+04
5.5 9.963547e+03 9.930319e+03 9.942774e+03 9.976003e+03
6.5 9.960246e+03 9.945870e+03 9.924273e+03 9.938649e+03
7.5 1.002365e+04 1.001483e+04 9.963384e+03 9.972203e+03
8.5 1.003212e+04 9.982708e+03 9.997269e+03 1.004668e+04
9.5 9.976367e+03 9.963480e+03 9.979157e+03 9.992043e+03
10.5 9.944560e+03 9.938648e+03 9.973261e+03 9.979174e+03
11.5 9.998147e+03 1.002689e+04 1.000455e+04 9.975805e+03
12.5 1.002792e+04 1.001858e+04 1.000265e+04 1.001199e+04
13.5 9.993218e+03 9.982999e+03 9.971331e+03 9.981549e+03
14.5 9.979913e+03 9.969214e+03 9.981597e+03 9.992296e+03
15.5 9.990931e+03 1.002302e+04 1.000638e+04 9.974291e+03
16.5 9.978090e+03 1.000202e+04 9.985536e+03 9.961604e+03
17.5 9.973351e+03 9.998998e+03 9.967524e+03 9.941878e+03
18.5 1.004060e+04 1.004438e+04 9.994863e+03 9.991081e+03
19.5 1.005750e+04 1.001780e+04 1.000212e+04 1.004182e+04
20.5 9.995707e+03 9.969917e+03 9.964181e+03 9.989971e+03
21.5 9.920693e+03 9.892030e+03 9.922763e+03 9.951426e+03
0.7 9.963547e+03 9.930319e+03 9.942774e+03 9.976003e+03
1.7 9.960246e+03 9.945870e+03 9.924273e+03 9.938649e+03
2.7 1.002365e+04 1.001483e+04 9.963384e+03 9.972203e+03
3.7 1.003212e+04 9.982708e+03 9.997269e+03 1.004668e+04
4.7 9.976367e+03 9.963480e+03 9.979157e+03 9.992043e+03
5.7 9.944560e+03 9.938648e+03 9.973261e+03 9.979174e+03
6.7 9.998147e+03 1.002689e+04 1.000455e+04 9.975805e+03
7.7 1.002792e+04 1.001858e+04 1.000265e+04 1.001199e+04
8.7 9.993218e+03 9.982999e+03 9.971331e+03 9.981549e+03
9.7 9.979913e+03 9.969214e+03 9.981597e+03 9.992296e+03
10.7 9.990931e+03 1.002302e+04 1.000638e+04 9.974291e+03
11.7 9.978090e+03 1.000202e+04 9.985536e+03 9.961604e+03
12.7 9.973351e+03 9.998998e+03 9.967524e+03 9.941878e+03
13.7 1.004060e+04 1.004438e+04 9.994863e+03 9.991081e+03
14.7 1.005750e+04 1.001780e+04 1.000212e+04 1.004182e+04
15.7 9.995707e+03 9.969917e+03 9.964181e+03 9.989971e+03
16.7 9.920693e+03 9.892030e+03 9.922763e+03 9.951426e+03
17.7 9.971257e+03 9.974742e+03 9.931231e+03 9.927747e+03
18.7 1.002326e+04 1.002479e+04 9.980521e+03 9.978993e+03
19.7 1.003276e+04 1.001797e+04 9.990004e+03 1.000480e+04
20.7 9.945973e+03 9.968191e+03 9.968102e+03 9.945884e+03
21.7 9.986944e+03 9.962673e+03 9.985482e+03 1.000975e+04
0.1 1.003212e+04 9.982708e+03 9.997269e+03 1.004668e+04
1.1 9.976367e+03 9.963480e+03 9.979157e+03 9.992043e+03
2.1 9.944560e+03 9.938648e+03 9.973261e+03 9.979174e+03
3.1 9.998147e+03 1.002689e+04 1.000455e+04 9.975805e+03
4.1 1.002792e+04 1.001858e+04 1.000265e+04 1.001199e+04
5.1 9.993218e+03 9.982999e+03 9.971331e+03 9.981549e+03
6.1 9.979913e+03 9.969214e+03 9.981597e+03 9.992296e+03
7.1 9.990931e+03 1.002302e+04 1.000638e+04 9.974291e+03
8.1 9.978090e+03 1.000202e+04 9.985536e+03 9.961604e+03
9.1 9.973351e+03 9.998998e+03 9.967524e+03 9.941878e+03
10.1 1.004060e+04 1.004438e+04 9.994863e+03 9.991081e+03
11.1 1.005750e+04 1.001780e+04 1.000212e+04 1.004182e+04
12.1 9.995707e+03 9.969917e+03 9.964181e+03 9.989971e+03
13.1 9.920693e+03 9.892030e+03 9.922763e+03 9.951426e+03
14.1 9.971257e+03 9.974742e+03 9.931231e+03 9.927747e+03
15.1 1.002326e+04 1.002479e+04 9.980521e+03 9.978993e+03
16.1 1.003276e+04 1.001797e+04 9.990004e+03 1.000480e+04
17.1 9.945973e+03 9.968191e+03 9.968102e+03 9.945884e+03
18.1 9.986944e+03 9.962673e+03 9.985482e+03 1.000975e+04
19.1 9.928592e+03 1.000324e+04 1.001003e+04 9.935386e+03
20.1 9.958088e+03 9.943226e+03 9.985140e+03 1.000000e+04
21.1 9.981554e+03 9.933215e+03 9.937548e+03 9.985887e+03
0.5 1.002792e+04 1.001858e+04 1.000265e+04 1.001199e+04
1.5 9.993218e+03 9.982999e+03 9.971331e+03 9.981549e+03
2.5 9.979913e+03 9.969214e+03 9.981597e+03 9.992296e+03
3.5 9.990931e+03 1.002302e+04 1.000638e+04 9.974291e+03
4.5 9.978090e+03 1.000202e+04 9.985536e+03 9.961604e+03
5.5 9.973351e+03 9.998998e+03 9.967524e+03 9.941878e+03
6.5 1.004060e+04 1.004438e+04 9.994863e+03 9.991081e+03
7.5 1.005750e+04 1.001780e+04 1.000212e+04 1.004182e+04
8.5 9.995707e+03 9.969917e+03 9.964181e+03 9.989971e+03
9.5 9.920693e+03 9.892030e+03 9.922763e+03 9.951426e+03
10.5 9.971257e+03 9.974742e+03 9.931231e+03 9.927747e+03
11.5 1.002326e+04 1.002479e+04 9.980521e+03 9.978993e+03
12.5 1.003276e+04 1.001797e+04 9.990004e+03 1.000480e+04
13.5 9.945973e+03 9.968191e+03 9.968102e+03 9.945884e+03
14.5 9.986944e+03 9.962673e+03 9.985482e+03 1.000975e+04
15.5 9.928592e+03 1.000324e+04 1.001003e+04 9.935386e+03
16.5 9.958088e+03 9.943226e+03 9.985140e+03 1.000000e+04
17.5 9.981554e+03 9.933215e+03 9.937548e+03 9.985887e+03
18.5 9.901395e+03 9.936799e+03 9.900567e+03 9.865162e+03
19.5 9.922222e+03 9.941578e+03 9.893929e+03 9.874573e+03
20.5 9.927966e+03 9.935490e+03 9.942162e+03 9.934638e+03
21.5 9.957364e+03 9.992937e+03 9.990418e+03 9.954845e+03
0.9 9.978090e+03 1.000202e+04 9.985536e+03 9.961604e+03
1.9 9.973351e+03 9.998998e+03 9.967524e+03 9.941878e+03
2.9 1.004060e+04 1.004438e+04 9.994863e+03 9.991081e+03
3.9 1.005750e+04 1.001780e+04 1.000212e+04 1.004182e+04
4.9 9.995707e+03 9.969917e+03 9.964181e+03 9.989971e+03
5.9 9.920693e+03 9.892030e+03 9.922763e+03 9.951426e+03
6.9 9.971257e+03 9.974742e+03 9.931231e+03 9.927747e+03
7.9 1.002326e+04 1.002479e+04 9.980521e+03 9.978993e+03
8.9 1.003276e+04 1.001797e+04 9.990004e+03 1.000480e+04
9.9 9.945973e+03 9.968191e+03 9.968102e+03 9.945884e+03
10.9 9.986944e+03 9.962673e+03 9.985482e+03 1.000975e+04
11.9 9.928592e+03 1.000324e+04 1.001003e+04 9.935386e+03
12.9 9.958088e+03 9.943226e+03 9.985140e+03 1.000000e+04
13.9 9.981554e+03 9.933215e+03 9.937548e+03 9.985887e+03
14.9 9.901395e+03 9.936799e+03 9.900567e+03 9.865162e+03
15.9 9.922222e+03 9.941578e+03 9.893929e+03 9.874573e+03
16.9 9.927966e+03 9.935490e+03 9.942162e+03 9.934638e+03
17.9 9.957364e+03 9.992937e+03 9.990418e+03 9.954845e+03
18.9 9.995495e+03 9.923692e+03 9.982038e+03 1.005384e+04
19.9 1.004788e+04 9.989971e+03 9.973776e+03 1.003168e+04
20.9 1.008132e+04 1.005269e+04 1.000464e+04 1.003327e+04
21.9 1.002715e+04 1.005128e+04 1.000842e+04 9.984281e+03
0.2 9.995707e+03 9.969917e+03 9.964181e+03 9.989971e+03
1.2 9.920693e+03 9.892030e+03 9.922763e+03 9.951426e+03
2.2 9.971257e+03 9.974742e+03 9.931231e+03 9.927747e+03
3.2 1.002326e+04 1.002479e+04 9.980521e+03 9.978993e+03
4.2 1.003276e+04 1.001797e+04 9.990004e+03 1.000480e+04
5.2 9.945973e+03 9.968191e+03 9.968102e+03 9.945884e+03
6.2 9.986944e+03 9.962673e+03 9.985482e+03 1.000975e+04
7.2 9.928592e+03 1.000324e+04 1.001003e+04 9.935386e+03
8.2 9.958088e+03 9.943226e+03 9.985140e+03 1.000000e+04
9.2 9.981554e+03 9.933215e+03 9.937548e+03 9.985887e+03
10.2 9.901395e+03 9.936799e+03 9.900567e+03 9.865162e+03
11.2 9.922222e+03 9.941578e+03 9.893929e+03 9.874573e+03
12.2 9.927966e+03 9.935490e+03 9.942162e+03 9.934638e+03
13.1 9.957364e+03 9.992937e+03 9.990418e+03 9.954845e+03
14.1 9.995495e+03 9.923692e+03 9.982038e+03 1.005384e+04
15.1 1.004788e+04 9.989971e+03 9.973776e+03 1.003168e+04
16.1 1.008132e+04 1.005269e+04 1.000464e+04 1.003327e+04
17.1 1.002715e+04 1.005128e+04 1.000842e+04 9.984281e+03
18.1 9.907519e+03 9.974697e+03 9.967148e+03 9.899970e+03
19.1 9.899441e+03 9.908102e+03 9.920838e+03 9.912177e+03
20.1 9.943028e+03 9.965080e+03 9.892537e+03 9.870486e+03
21.1 9.999977e+03 9.975322e+03 9.909078e+03 9.933733e+03
0.6 1.003276e+04 1.001797e+04 9.990004e+03 1.000480e+04
1.6 9.945973e+03 9.968191e+03 9.968102e+03 9.945884e+03
2.6 9.986944e+03 9.962673e+03 9.985482e+03 1.000975e+04
3.6 9.928592e+03 1.000324e+04 1.001003e+04 9.935386e+03
4.6 9.958088e+03 9.943226e+03 9.985140e+03 1.000000e+04
5.6 9.981554e+03 9.933215e+03 9.937548e+03 9.985887e+03
6.6 9.901395e+03 9.936799e+03 9.900567e+03 9.865162e+03
7.6 9.922222e+03 9.941578e+03 9.893929e+03 9.874573e+03
8.6 9.927966e+03 9.935490e+03 9.942162e+03 9.934638e+03
9.6 9.957364e+03 9.992937e+03 9.990418e+03 9.954845e+03
10.6 9.995495e+03 9.923692e+03 9.982038e+03 1.005384e+04
11.6 1.004788e+04 9.989971e+03 9.973776e+03 1.003168e+04
12.6 1.008132e+04 1.005269e+04 1.000464e+04 1.003327e+04
13.6 1.002715e+04 1.005128e+04 1.000842e+04 9.984281e+03
14.6 9.907519e+03 9.974697e+03 9.967148e+03 9.899970e+03
15.6 9.899441e+03 9.908102e+03 9.920838e+03 9.912177e+03
16.6 9.943028e+03 9.965080e+03 9.892537e+03 9.870486e+03
17.6 9.999977e+03 9.975322e+03 9.909078e+03 9.933733e+03
18.6 1.003759e+04 1.006601e+04 9.968659e+03 9.940241e+03
19.6 1.003159e+04 1.003522e+04 9.992806e+03 9.989183e+03
20.6 9.954758e+03 9.972573e+03 9.964116e+03 9.946301e+03
21.6 9.896235e+03 9.944520e+03 9.929359e+03 9.881075e+03
0.6 9.901395e+03 9.936799e+03 9.900567e+03 9.865162e+03
1.6 9.922222e+03 9.941578e+03 9.893929e+03 9.874573e+03
2.6 9.927966e+03 9.935490e+03 9.942162e+03 9.934638e+03
3.6 9.957364e+03 9.992937e+03 9.990418e+03 9.954845e+03
4.6 9.995495e+03 9.923692e+03 9.982038e+03 1.005384e+04
5.6 1.004788e+04 9.989971e+03 9.973776e+03 1.003168e+04
6.6 1.008132e+04 1.005269e+04 1.000464e+04 1.003327e+04
7.6 1.002715e+04 1.005128e+04 1.000842e+04 9.984281e+03
8.6 9.907519e+03 9.974697e+03 9.967148e+03 9.899970e+03
9.6 9.899441e+03 9.908102e+03 9.920838e+03 9.912177e+03
10.6 9.943028e+03 9.965080e+03 9.892537e+03 9.870486e+03
11.6 9.999977e+03 9.975322e+03 9.909078e+03 9.933733e+03
12.6 1.003759e+04 1.006601e+04 9.968659e+03 9.940241e+03
13.6 1.003159e+04 1.003522e+04 9.992806e+03 9.989183e+03
14.6 9.954758e+03 9.972573e+03 9.964116e+03 9.946301e+03
15.6 9.896235e+03 9.944520e+03 9.929359e+03 9.881075e+03
16.6 9.928462e+03 9.916899e+03 9.943716e+03 9.955279e+03
17.6 9.988432e+03 1.002018e+04 9.990907e+03 9.959154e+03
18.6 1.002063e+04 9.991095e+03 9.992989e+03 1.002252e+04
19.6 9.978163e+03 9.976141e+03 9.953780e+03 9.955802e+03
20.6 9.898015e+03 9.926577e+03 9.923428e+03 9.894866e+03
21.6 9.955199e+03 9.962087e+03 9.949812e+03 9.942924e+03
1.0 9.995495e+03 9.923692e+03 9.982038e+03 1.005384e+04
2.0 1.004788e+04 9.989971e+03 9.973776e+03 1.003168e+04
3.0 1.008132e+04 1.005269e+04 1.000464e+04 1.003327e+04
4.0 1.002715e+04 1.005128e+04 1.000842e+04 9.984281e+03
5.0 9.907519e+03 9.974697e+03 9.967148e+03 9.899970e+03
6.0 9.899441e+03 9.908102e+03 9.920838e+03 9.912177e+03
7.0 9.943028e+03 9.965080e+03 9.892537e+03 9.870486e+03
8.0 9.999977e+03 9.975322e+03 9.909078e+03 9.933733e+03
9.0 1.003759e+04 1.006601e+04 9.968659e+03 9.940241e+03
10.0 1.003159e+04 1.003522e+04 9.992806e+03 9.989183e+03
11.0 9.954758e+03 9.972573e+03 9.964116e+03 9.946301e+03
12.0 9.896235e+03 9.944520e+03 9.929359e+03 9.881075e+03
13.0 9.928462e+03 9.916899e+03 9.943716e+03 9.955279e+03
14.0 9.988432e+03 1.002018e+04 9.990907e+03 9.959154e+03
15.0 1.002063e+04 9.991095e+03 9.992989e+03 1.002252e+04
16.0 9.978163e+03 9.976141e+03 9.953780e+03 9.955802e+03
17.0 9.898015e+03 9.926577e+03 9.923428e+03 9.894866e+03
18.0 9.955199e+03 9.962087e+03 9.949812e+03 9.942924e+03
19.0 1.002523e+04 1.003629e+04 9.993823e+03 9.982766e+03
20.0 1.001004e+04 9.981234e+03 9.985444e+03 1.001425e+04
21.0 9.916844e+03 9.942271e+03 9.944358e+03 9.918931e+03
22.0 9.907937e+03 9.915800e+03 9.924416e+03 9.916553e+03
1.0 9.943028e+03 9.965080e+03 9.892537e+03 9.870486e+03
2.0 9.999977e+03 9.975322e+03 9.909078e+03 9.933733e+03
3.0 1.003759e+04 1.006601e+04 9.968659e+03 9.940241e+03
4.0 1.003159e+04 1.003522e+04 9.992806e+03 9.989183e+03
5.0 9.954758e+03 9.972573e+03 9.964116e+03 9.946301e+03
6.0 9.896235e+03 9.944520e+03 9.929359e+03 9.881075e+03
7.0 9.928462e+03 9.916899e+03 9.943716e+03 9.955279e+03
8.0 9.988432e+03 1.002018e+04 9.990907e+03 9.959154e+03
9.0 1.002063e+04 9.991095e+03 9.992989e+03 1.002252e+04
10.0 9.978163e+03 9.976141e+03 9.953780e+03 9.955802e+03
11.0 9.898015e+03 9.926577e+03 9.923428e+03 9.894866e+03
12.0 9.955199e+03 9.962087e+03 9.949812e+03 9.942924e+03
13.0 1.002523e+04 1.003629e+04 9.993823e+03 9.982766e+03
14.0 1.001004e+04 9.981234e+03 9.985444e+03 1.001425e+04
15.0 9.916844e+03 9.942271e+03 9.944358e+03 9.918931e+03
16.0 9.907937e+03 9.915800e+03 9.924416e+03 9.916553e+03
17.0 9.982923e+03 9.961937e+03 9.962156e+03 9.983143e+03
18.0 1.005672e+04 1.001654e+04 9.997235e+03 1.003742e+04
19.0 1.004579e+04 9.968197e+03 9.977190e+03 1.005478e+04
20.0 9.927772e+03 9.947561e+03 9.934540e+03 9.914751e+03
21.0 9.982963e+03 9.916032e+03 9.901311e+03 9.968242e+03
22.0 9.959734e+03 9.943257e+03 9.882856e+03 9.899332e+03
0.2 9.954758e+03 9.972573e+03 9.964116e+03 9.946301e+03
1.2 9.896235e+03 9.944520e+03 9.929359e+03 9.881075e+03
2.2 9.928462e+03 9.916899e+03 9.943716e+03 9.955279e+03
3.2 9.988432e+03 1.002018e+04 9.990907e+03 9.959154e+03
4.2 1.002063e+04 9.991095e+03 9.992989e+03 1.002252e+04
5.2 9.978163e+03 9.976141e+03 9.953780e+03 9.955802e+03
6.2 9.898015e+03 9.926577e+03 9.923428e+03 9.894866e+03
7.2 9.955199e+03 9.962087e+03 9.949812e+03 9.942924e+03
8.2 1.002523e+04 1.003629e+04 9.993823e+03 9.982766e+03
9.2 1.001004e+04 9.981234e+03 9.985444e+03 1.001425e+04
10.2 9.916844e+03 9.942271e+03 9.944358e+03 9.918931e+03
11.2 9.907937e+03 9.915800e+03 9.924416e+03 9.916553e+03
12.2 9.982923e+03 9.961937e+03 9.962156e+03 9.983143e+03
13.2 1.005672e+04 1.001654e+04 9.997235e+03 1.003742e+04
14.2 1.004579e+04 9.968197e+03 9.977190e+03 1.005478e+04
15.2 9.927772e+03 9.947561e+03 9.934540e+03 9.914751e+03
16.2 9.982963e+03 9.916032e+03 9.901311e+03 9.968242e+03
17.2 9.959734e+03 9.943257e+03 9.882856e+03 9.899332e+03
18.2 9.849437e+03 9.863267e+03 9.874742e+03 9.860912e+03
19.2 9.885867e+03 9.881216e+03 9.872819e+03 9.877470e+03
20.2 9.870404e+03 9.889924e+03 9.876760e+03 9.857239e+03
21.2 9.863874e+03 9.904558e+03 9.913687e+03 9.873003e+03
0.4 9.978163e+03 9.976141e+03 9.953780e+03 9.955802e+03
1.4 9.898015e+03 9.926577e+03 9.923428e+03 9.894866e+03
2.4 9.955199e+03 9.962087e+03 9.949812e+03 9.942924e+03
3.4 1.002523e+04 1.003629e+04 9.993823e+03 9.982766e+03
4.4 1.001004e+04 9.981234e+03 9.985444e+03 1.001425e+04
5.4 9.916844e+03 9.942271e+03 9.944358e+03 9.918931e+03
6.4 9.907937e+03 9.915800e+03 9.924416e+03 9.916553e+03
7.4 9.982923e+03 9.961937e+03 9.962156e+03 9.983143e+03
8.4 1.005672e+04 1.001654e+04 9.997235e+03 1.003742e+04
9.4 1.004579e+04 9.968197e+03 9.977190e+03 1.005478e+04
10.4 9.927772e+03 9.947561e+03 9.934540e+03 9.914751e+03
11.4 9.982963e+03 9.916032e+03 9.901311e+03 9.968242e+03
12.4 9.959734e+03 9.943257e+03 9.882856e+03 9.899332e+03
13.4 9.849437e+03 9.863267e+03 9.874742e+03 9.860912e+03
14.4 9.885867e+03 9.881216e+03 9.872819e+03 9.877470e+03
15.4 9.870404e+03 9.889924e+03 9.876760e+03 9.857239e+03
16.4 9.863874e+03 9.904558e+03 9.913687e+03 9.873003e+03
17.4 9.833145e+03 9.882839e+03 9.981181e+03 9.931488e+03
18.4 9.833759e+03 9.885680e+03 1.000352e+04 9.951598e+03
19.4 9.841711e+03 9.868349e+03 9.971634e+03 9.944996e+03
20.4 9.899630e+03 9.865490e+03 9.929745e+03 9.963885e+03
21.4 9.952842e+03 9.908507e+03 9.902636e+03 9.946971e+03
0.7 9.916844e+03 9.942271e+03 9.944358e+03 9.918931e+03
1.7 9.907937e+03 9.915800e+03 9.924416e+03 9.916553e+03
2.7 9.982923e+03 9.961937e+03 9.962156e+03 9.983143e+03
3.7 1.005672e+04 1.001654e+04 9.997235e+03 1.003742e+04
4.7 1.004579e+04 9.968197e+03 9.977190e+03 1.005478e+04
5.7 9.927772e+03 9.947561e+03 9.934540e+03 9.914751e+03
6.7 9.982963e+03 9.916032e+03 9.901311e+03 9.968242e+03
7.7 9.959734e+03 9.943257e+03 9.882856e+03 9.899332e+03
8.7 9.849437e+03 9.863267e+03 9.874742e+03 9.860912e+03
9.7 9.885867e+03 9.881216e+03 9.872819e+03 9.877470e+03
10.7 9.870404e+03 9.889924e+03 9.876760e+03 9.857239e+03
11.7 9.863874e+03 9.904558e+03 9.913687e+03 9.873003e+03
12.7 9.833145e+03 9.882839e+03 9.981181e+03 9.931488e+03
13.7 9.833759e+03 9.885680e+03 1.000352e+04 9.951598e+03
14.7 9.841711e+03 9.868349e+03 9.971634e+03 9.944996e+03
15.7 9.899630e+03 9.865490e+03 9.929745e+03 9.963885e+03
16.7 9.952842e+03 9.908507e+03 9.902636e+03 9.946971e+03
17.7 1.000770e+04 9.921285e+03 9.920241e+03 1.000665e+04
18.7 1.002759e+04 1.000036e+04 9.977385e+03 1.000461e+04
19.7 1.001745e+04 9.983851e+03 9.995674e+03 1.002927e+04
20.7 9.964286e+03 9.973113e+03 9.963662e+03 9.954834e+03
21.7 9.900886e+03 9.931068e+03 9.923484e+03 9.893301e+03
0.1 9.885867e+03 9.881216e+03 9.872819e+03 9.877470e+03
1.1 9.870404e+03 9.889924e+03 9.876760e+03 9.857239e+03
2.1 9.863874e+03 9.904558e+03 9.913687e+03 9.873003e+03
3.1 9.833145e+03 9.882839e+03 9.981181e+03 9.931488e+03
4.1 9.833759e+03 9.885680e+03 1.000352e+04 9.951598e+03
5.1 9.841711e+03 9.868349e+03 9.971634e+03 9.944996e+03
6.1 9.899630e+03 9.865490e+03 9.929745e+03 9.963885e+03
7.1 9.952842e+03 9.908507e+03 9.902636e+03 9.946971e+03
8.1 1.000770e+04 9.921285e+03 9.920241e+03 1.000665e+04
9.1 1.002759e+04 1.000036e+04 9.977385e+03 1.000461e+04
10.1 1.001745e+04 9.983851e+03 9.995674e+03 1.002927e+04
11.1 9.964286e+03 9.973113e+03 9.963662e+03 9.954834e+03
12.1 9.900886e+03 9.931068e+03 9.923484e+03 9.893301e+03
13.1 9.894263e+03 9.914700e+03 9.898773e+03 9.878337e+03
14.1 9.960099e+03 9.904344e+03 9.919442e+03 9.975197e+03
15.1 1.000649e+04 1.000054e+04 9.977552e+03 9.983499e+03
16.1 1.003334e+04 1.000194e+04 9.994600e+03 1.002601e+04
17.1 1.000533e+04 9.981649e+03 9.962080e+03 9.985758e+03
18.1 9.972839e+03 9.934760e+03 9.928208e+03 9.966287e+03
19.1 9.968588e+03 9.973946e+03 9.946036e+03 9.940679e+03
20.1 1.000075e+04 1.005925e+04 9.992550e+03 9.934046e+03
21.1 1.004611e+04 1.001023e+04 9.991726e+03 1.002761e+04
0.1 9.899630e+03 9.865490e+03 9.929745e+03 9.963885e+03
1.1 9.952842e+03 9.908507e+03 9.902636e+03 9.946971e+03
2.1 1.000770e+04 9.921285e+03 9.920241e+03 1.000665e+04
3.1 1.002759e+04 1.000036e+04 9.977385e+03 1.000461e+04
4.1 1.001745e+04 9.983851e+03 9.995674e+03 1.002927e+04
5.1 9.964286e+03 9.973113e+03 9.963662e+03 9.954834e+03
6.1 9.900886e+03 9.931068e+03 9.923484e+03 9.893301e+03
7.1 9.894263e+03 9.914700e+03 9.898773e+03 9.878337e+03
8.1 9.960099e+03 9.904344e+03 9.919442e+03 9.975197e+03
9.1 1.000649e+04 1.000054e+04 9.977552e+03 9.983499e+03
10.1 1.003334e+04 1.000194e+04 9.994600e+03 1.002601e+04
11.1 1.000533e+04 9.981649e+03 9.962080e+03 9.985758e+03
12.1 9.972839e+03 9.934760e+03 9.928208e+03 9.966287e+03
13.1 9.968588e+03 9.973946e+03 9.946036e+03 9.940679e+03
14.1 1.000075e+04 1.005925e+04 9.992550e+03 9.934046e+03
15.1 1.004611e+04 1.001023e+04 9.991726e+03 1.002761e+04
16.1 9.972474e+03 9.982588e+03 9.970394e+03 9.960279e+03
17.1 9.998900e+03 1.002069e+04 9.992339e+03 9.970549e+03
18.1 1.002272e+04 1.006117e+04 1.001040e+04 9.971951e+03
19.1 9.980954e+03 1.000430e+04 9.982558e+03 9.959217e+03
20.1 9.923258e+03 9.983923e+03 9.972968e+03 9.912304e+03
21.1 9.946353e+03 9.991958e+03 1.000273e+04 9.957127e+03
0.1 9.900886e+03 9.931068e+03 9.923484e+03 9.893301e+03
1.1 9.894263e+03 9.914700e+03 9.898773e+03 9.878337e+03
2.1 9.960099e+03 9.904344e+03 9.919442e+03 9.975197e+03
3.1 1.000649e+04 1.000054e+04 9.977552e+03 9.983499e+03
4.1 1.003334e+04 1.000194e+04 9.994600e+03 1.002601e+04
5.1 1.000533e+04 9.981649e+03 9.962080e+03 9.985758e+03
6.1 9.972839e+03 9.934760e+03 9.928208e+03 9.966287e+03
7.1 9.968588e+03 9.973946e+03 9.946036e+03 9.940679e+03
8.1 1.000075e+04 1.005925e+04 9.992550e+03 9.934046e+03
9.1 1.004611e+04 1.001023e+04 9.991726e+03 1.002761e+04
10.1 9.972474e+03 9.982588e+03 9.970394e+03 9.960279e+03
11.1 9.998900e+03 1.002069e+04 9.992339e+03 9.970549e+03
12.1 1.002272e+04 1.006117e+04 1.001040e+04 9.971951e+03
13.1 9.980954e+03 1.000430e+04 9.982558e+03 9.959217e+03
14.1 9.923258e+03 9.983923e+03 9.972968e+03 9.912304e+03
15.1 9.946353e+03 9.991958e+03 1.000273e+04 9.957127e+03
16.1 1.000327e+04 1.003047e+04 1.000004e+04 9.972834e+03
17.1 9.992033e+03 1.001220e+04 9.957036e+03 9.936866e+03
18.1 9.905601e+03 9.940670e+03 9.913385e+03 9.878316e+03
19.1 9.886376e+03 9.905344e+03 9.889882e+03 9.870913e+03
20.1 9.953708e+03 9.935828e+03 9.915398e+03 9.933278e+03
21.1 9.991495e+03 9.989322e+03 9.975362e+03 9.977535e+03
0.3 1.000533e+04 9.981649e+03 9.962080e+03 9.985758e+03
1.3 9.972839e+03 9.934760e+03 9.928208e+03 9.966287e+03
2.3 9.968588e+03 9.973946e+03 9.946036e+03 9.940679e+03
3.3 1.000075e+04 1.005925e+04 9.992550e+03 9.934046e+03
4.3 1.004611e+04 1.001023e+04 9.991726e+03 1.002761e+04
5.3 9.972474e+03 9.982588e+03 9.970394e+03 9.960279e+03
6.3 9.998900e+03 1.002069e+04 9.992339e+03 9.970549e+03
7.3 1.002272e+04 1.006117e+04 1.001040e+04 9.971951e+03
8.3 9.980954e+03 1.000430e+04 9.982558e+03 9.959217e+03
9.3 9.923258e+03 9.983923e+03 9.972968e+03 9.912304e+03
10.3 9.946353e+03 9.991958e+03 1.000273e+04 9.957127e+03
11.3 1.000327e+04 1.003047e+04 1.000004e+04 9.972834e+03
12.3 9.992033e+03 1.001220e+04 9.957036e+03 9.936866e+03
13.3 9.905601e+03 9.940670e+03 9.913385e+03 9.878316e+03
14.3 9.886376e+03 9.905344e+03 9.889882e+03 9.870913e+03
15.3 9.953708e+03 9.935828e+03 9.915398e+03 9.933278e+03
16.3 9.991495e+03 9.989322e+03 9.975362e+03 9.977535e+03
17.3 1.000308e+04 1.001208e+04 9.990654e+03 9.981650e+03
18.3 9.983083e+03 9.962822e+03 9.957952e+03 9.978213e+03
19.3 9.933877e+03 9.948582e+03 9.919453e+03 9.904747e+03
20.3 9.911320e+03 9.897528e+03 9.897268e+03 9.911060e+03
21.3 9.936562e+03 9.930618e+03 9.921841e+03 9.927784e+03
0.7 1.004611e+04 1.001023e+04 9.991726e+03 1.002761e+04
1.7 9.972474e+03 9.982588e+03 9.970394e+03 9.960279e+03
2.7 9.998900e+03 1.002069e+04 9.992339e+03 9.970549e+03
3.7 1.002272e+04 1.006117e+04 1.001040e+04 9.971951e+03
4.7 9.980954e+03 1.000430e+04 9.982558e+03 9.959217e+03
5.7 9.923258e+03 9.983923e+03 9.972968e+03 9.912304e+03
6.7 9.946353e+03 9.991958e+03 1.000273e+04 9.957127e+03
7.7 1.000327e+04 1.003047e+04 1.000004e+04 9.972834e+03
8.7 9.992033e+03 1.001220e+04 9.957036e+03 9.936866e+03
9.7 9.905601e+03 9.940670e+03 9.913385e+03 9.878316e+03
10.7 9.886376e+03 9.905344e+03 9.889882e+03 9.870913e+03
11.7 9.953708e+03 9.935828e+03 9.915398e+03 9.933278e+03
12.7 9.991495e+03 9.989322e+03 9.975362e+03 9.977535e+03
13.7 1.000308e+04 1.001208e+04 9.990654e+03 9.981650e+03
14.7 9.983083e+03 9.962822e+03 9.957952e+03 9.978213e+03
15.7 9.933877e+03 9.948582e+03 9.919453e+03 9.904747e+03
16.7 9.911320e+03 9.897528e+03 9.897268e+03 9.911060e+03
17.7 9.936562e+03 9.930618e+03 9.921841e+03 9.927784e+03
18.7 1.000238e+04 1.003303e+04 9.980049e+03 9.949397e+03
19.7 1.002113e+04 1.000365e+04 9.993666e+03 1.001115e+04
20.7 9.961231e+03 9.983860e+03 9.959722e+03 9.937094e+03
21.7 9.888284e+03 9.917742e+03 9.927572e+03 9.898115e+03
0.1 1.002272e+04 1.006117e+04 1.001040e+04 9.971951e+03
1.1 9.980954e+03 1.000430e+04 9.982558e+03 9.959217e+03
2.1 9.923258e+03 9.983923e+03 9.972968e+03 9.912304e+03
3.1 9.946353e+03 9.991958e+03 1.000273e+04 9.957127e+03
4.1 1.000327e+04 1.003047e+04 1.000004e+04 9.972834e+03
5.1 9.992033e+03 1.001220e+04 9.957036e+03 9.936866e+03
6.1 9.905601e+03 9.940670e+03 9.913385e+03 9.878316e+03
7.1 9.886376e+03 9.905344e+03 9.889882e+03 9.870913e+03
8.1 9.953708e+03 9.935828e+03 9.915398e+03 9.933278e+03
9.1 9.991495e+03 9.989322e+03 9.975362e+03 9.977535e+03
10.1 1.000308e+04 1.001208e+04 9.990654e+03 9.981650e+03
11.1 9.983083e+03 9.962822e+03 9.957952e+03 9.978213e+03
12.1 9.933877e+03 9.948582e+03 9.919453e+03 9.904747e+03
13.1 9.911320e+03 9.897528e+03 9.897268e+03 9.911060e+03
14.1 9.936562e+03 9.930618e+03 9.921841e+03 9.927784e+03
15.1 1.000238e+04 1.003303e+04 9.980049e+03 9.949397e+03
16.1 1.002113e+04 1.000365e+04 9.993666e+03 1.001115e+04
17.1 9.961231e+03 9.983860e+03 9.959722e+03 9.937094e+03
18.1 9.888284e+03 9.917742e+03 9.927572e+03 9.898115e+03
19.1 9.914598e+03 9.923804e+03 9.948797e+03 9.939591e+03
20.1 9.972888e+03 9.974893e+03 9.994193e+03 9.992188e+03
21.1 9.995985e+03 9.985956e+03 9.990235e+03 1.000026e+04
0.1 9.905601e+03 9.940670e+03 9.913385e+03 9.878316e+03
1.1 9.886376e+03 9.905344e+03 9.889882e+03 9.870913e+03
2.1 9.953708e+03 9.935828e+03 9.915398e+03 9.933278e+03
3.1 9.991495e+03 9.989322e+03 9.975362e+03 9.977535e+03
4.1 1.000308e+04 1.001208e+04 9.990654e+03 9.981650e+03
5.1 9.983083e+03 9.962822e+03 9.957952e+03 9.978213e+03
6.1 9.933877e+03 9.948582e+03 9.919453e+03 9.904747e+03
7.1 9.911320e+03 9.897528e+03 9.897268e+03 9.911060e+03
8.1 9.936562e+03 9.930618e+03 9.921841e+03 9.927784e+03
9.1 1.000238e+04 1.003303e+04 9.980049e+03 9.949397e+03
10.1 1.002113e+04 1.000365e+04 9.993666e+03 1.001115e+04
11.1 9.961231e+03 9.983860e+03 9.959722e+03 9.937094e+03
12.1 9.888284e+03 9.917742e+03 9.927572e+03 9.898115e+03
13.1 9.914598e+03 9.923804e+03 9.948797e+03 9.939591e+03
14.1 9.972888e+03 9.974893e+03 9.994193e+03 9.992188e+03
15.1 9.995985e+03 9.985956e+03 9.990235e+03 1.000026e+04
16.1 9.997605e+03 9.967013e+03 9.970366e+03 1.000096e+04
17.1 1.001084e+04 9.991295e+03 9.994652e+03 1.001420e+04
18.1 1.003608e+04 1.001824e+04 1.001150e+04 1.002933e+04
19.1 9.995152e+03 9.979671e+03 9.978541e+03 9.994022e+03
20.1 9.955710e+03 9.931379e+03 9.932147e+03 9.956479e+03
21.1 1.002494e+04 9.976129e+03 9.927641e+03 9.976452e+03
0.1 9.933877e+03 9.948582e+03 9.919453e+03 9.904747e+03
1.1 9.911320e+03 9.897528e+03 9.897268e+03 9.911060e+03
2.1 9.936562e+03 9.930618e+03 9.921841e+03 9.927784e+03
3.1 1.000238e+04 1.003303e+04 9.980049e+03 9.949397e+03
4.1 1.002113e+04 1.000365e+04 9.993666e+03 1.001115e+04
5.1 9.961231e+03 9.983860e+03 9.959722e+03 9.937094e+03
6.1 9.888284e+03 9.917742e+03 9.927572e+03 9.898115e+03
7.1 9.914598e+03 9.923804e+03 9.948797e+03 9.939591e+03
8.1 9.972888e+03 9.974893e+03 9.994193e+03 9.992188e+03
9.1 9.995985e+03 9.985956e+03 9.990235e+03 1.000026e+04
10.1 9.997605e+03 9.967013e+03 9.970366e+03 1.000096e+04
11.1 1.001084e+04 9.991295e+03 9.994652e+03 1.001420e+04
12.1 1.003608e+04 1.001824e+04 1.001150e+04 1.002933e+04
13.1 9.995152e+03 9.979671e+03 9.978541e+03 9.994022e+03
14.1 9.955710e+03 9.931379e+03 9.932147e+03 9.956479e+03
15.1 1.002494e+04 9.976129e+03 9.927641e+03 9.976452e+03
16.1 1.009366e+04 1.003057e+04 9.974272e+03 1.003736e+04
17.1 1.006150e+04 9.978158e+03 9.993067e+03 1.007641e+04
18.1 9.997833e+03 9.939407e+03 9.970351e+03 1.002878e+04
19.1 9.873790e+03 9.910772e+03 9.979428e+03 9.942447e+03
20.1 9.892804e+03 9.911743e+03 1.000887e+04 9.989935e+03
21.1 1.002993e+04 9.969540e+03 9.992816e+03 1.005321e+04
0.4 9.961231e+03 9.983860e+03 9.959722e+03 9.937094e+03
1.4 9.888284e+03 9.917742e+03 9.927572e+03 9.898115e+03
2.4 9.914598e+03 9.923804e+03 9.948797e+03 9.939591e+03
3.4 9.972888e+03 9.974893e+03 9.994193e+03 9.992188e+03
4.4 9.995985e+03 9.985956e+03 9.990235e+03 1.000026e+04
5.4 9.997605e+03 9.967013e+03 9.970366e+03 1.000096e+04
6.4 1.001084e+04 9.991295e+03 9.994652e+03 1.001420e+04
7.4 1.003608e+04 1.001824e+04 1.001150e+04 1.002933e+04
8.4 9.995152e+03 9.979671e+03 9.978541e+03 9.994022e+03
9.4 9.955710e+03 9.931379e+03 9.932147e+03 9.956479e+03
10.4 1.002494e+04 9.976129e+03 9.927641e+03 9.976452e+03
11.4 1.009366e+04 1.003057e+04 9.974272e+03 1.003736e+04
12.4 1.006150e+04 9.978158e+03 9.993067e+03 1.007641e+04
13.4 9.997833e+03 9.939407e+03 9.970351e+03 1.002878e+04
14.4 9.873790e+03 9.910772e+03 9.979428e+03 9.942447e+03
15.4 9.892804e+03 9.911743e+03 1.000887e+04 9.989935e+03
16.4 1.002993e+04 9.969540e+03 9.992816e+03 1.005321e+04
17.4 9.965748e+03 9.968715e+03 9.968335e+03 9.965367e+03
18.4 9.961776e+03 9.996983e+03 9.991116e+03 9.955910e+03
19.4 9.935162e+03 9.976683e+03 1.000502e+04 9.963498e+03
20.4 9.831096e+03 9.915733e+03 9.975663e+03 9.891027e+03
21.4 9.781894e+03 9.836824e+03 9.970315e+03 9.915386e+03
0.8 9.995985e+03 9.985956e+03 9.990235e+03 1.000026e+04
1.8 9.997605e+03 9.967013e+03 9.970366e+03 1.000096e+04
2.8 1.001084e+04 9.991295e+03 9.994652e+03 1.001420e+04
3.8 1.003608e+04 1.001824e+04 1.001150e+04 1.002933e+04
4.8 9.995152e+03 9.979671e+03 9.978541e+03 9.994022e+03
5.8 9.955710e+03 9.931379e+03 9.932147e+03 9.956479e+03
6.8 1.002494e+04 9.976129e+03 9.927641e+03 9.976452e+03
7.8 1.009366e+04 1.003057e+04 9.974272e+03 1.003736e+04
8.8 1.006150e+04 9.978158e+03 9.993067e+03 1.007641e+04
9.8 9.997833e+03 9.939407e+03 9.970351e+03 1.002878e+04
10.8 9.873790e+03 9.910772e+03 9.979428e+03 9.942447e+03
11.8 9.892804e+03 9.911743e+03 1.000887e+04 9.989935e+03
12.8 1.002993e+04 9.969540e+03 9.992816e+03 1.005321e+04
13.8 9.965748e+03 9.968715e+03 9.968335e+03 9.965367e+03
14.8 9.961776e+03 9.996983e+03 9.991116e+03 9.955910e+03
15.8 9.935162e+03 9.976683e+03 1.000502e+04 9.963498e+03
16.8 9.831096e+03 9.915733e+03 9.975663e+03 9.891027e+03
17.8 9.781894e+03 9.836824e+03 9.970315e+03 9.915386e+03
18.8 9.887057e+03 9.880891e+03 1.000096e+04 1.000713e+04
19.8 9.939135e+03 9.920926e+03 9.995105e+03 1.001331e+04
20.8 9.883571e+03 9.895015e+03 9.951778e+03 9.940335e+03
21.8 9.806448e+03 9.858706e+03 9.910008e+03 9.857750e+03
1.0 9.955710e+03 9.931379e+03 9.932147e+03 9.956479e+03
2.0 1.002494e+04 9.976129e+03 9.927641e+03 9.976452e+03
3.0 1.009366e+04 1.003057e+04 9.974272e+03 1.003736e+04
4.0 1.006150e+04 9.978158e+03 9.993067e+03 1.007641e+04
5.0 9.997833e+03 9.939407e+03 9.970351e+03 1.002878e+04
6.0 9.873790e+03 9.910772e+03 9.979428e+03 9.942447e+03
7.0 9.892804e+03 9.911743e+03 1.000887e+04 9.989935e+03
8.0 1.002993e+04 9.969540e+03 9.992816e+03 1.005321e+04
9.0 9.965748e+03 9.968715e+03 9.968335e+03 9.965367e+03
10.0 9.961776e+03 9.996983e+03 9.991116e+03 9.955910e+03
11.0 9.935162e+03 9.976683e+03 1.000502e+04 9.963498e+03
12.0 9.831096e+03 9.915733e+03 9.975663e+03 9.891027e+03
13.0 9.781894e+03 9.836824e+03 9.970315e+03 9.915386e+03
14.0 9.887057e+03 9.880891e+03 1.000096e+04 1.000713e+04
15.0 9.939135e+03 9.920926e+03 9.995105e+03 1.001331e+04
16.0 9.883571e+03 9.895015e+03 9.951778e+03 9.940335e+03
17.0 9.806448e+03 9.858706e+03 9.910008e+03 9.857750e+03
18.0 9.842345e+03 9.803999e+03 9.889676e+03 9.928022e+03
19.0 9.947303e+03 9.890854e+03 9.920369e+03 9.976818e+03
20.0 1.003673e+04 9.995628e+03 9.979420e+03 1.002052e+04
21.0 1.003200e+04 1.004842e+04 9.989446e+03 9.973020e+03
22.0 9.985852e+03 9.997388e+03 9.970256e+03 9.958719e+03
0.4 1.006150e+04 9.978158e+03 9.993067e+03 1.007641e+04
1.4 9.997833e+03 9.939407e+03 9.970351e+03 1.002878e+04
2.4 9.873790e+03 9.910772e+03 9.979428e+03 9.942447e+03
3.4 9.892804e+03 9.911743e+03 1.000887e+04 9.989935e+03
4.4 1.002993e+04 9.969540e+03 9.992816e+03 1.005321e+04
5.4 9.965748e+03 9.968715e+03 9.968335e+03 9.965367e+03
6.4 9.961776e+03 9.996983e+03 9.991116e+03 9.955910e+03
7.4 9.935162e+03 9.976683e+03 1.000502e+04 9.963498e+03
8.4 9.831096e+03 9.915733e+03 9.975663e+03 9.891027e+03
9.4 9.781894e+03 9.836824e+03 9.970315e+03 9.915386e+03
10.4 9.887057e+03 9.880891e+03 1.000096e+04 1.000713e+04
11.4 9.939135e+03 9.920926e+03 9.995105e+03 1.001331e+04
12.4 9.883571e+03 9.895015e+03 9.951778e+03 9.940335e+03
13.4 9.806448e+03 9.858706e+03 9.910008e+03 9.857750e+03
14.4 9.842345e+03 9.803999e+03 9.889676e+03 9.928022e+03
15.4 9.947303e+03 9.890854e+03 9.920369e+03 9.976818e+03
16.4 1.003673e+04 9.995628e+03 9.979420e+03 1.002052e+04
17.4 1.003200e+04 1.004842e+04 9.989446e+03 9.973020e+03
18.4 9.985852e+03 9.997388e+03 9.970256e+03 9.958719e+03
19.4 9.983652e+03 9.998121e+03 9.990911e+03 9.976441e+03
20.4 9.990817e+03 1.002662e+04 1.001309e+04 9.977289e+03
21.4 9.948106e+03 9.930464e+03 9.984927e+03 1.000257e+04
0.8 1.002993e+04 9.969540e+03 9.992816e+03 1.005321e+04
1.8 9.965748e+03 9.968715e+03 9.968335e+03 9.965367e+03
2.8 9.961776e+03 9.996983e+03 9.991116e+03 9.955910e+03
3.8 9.935162e+03 9.976683e+03 1.000502e+04 9.963498e+03
4.8 9.831096e+03 9.915733e+03 9.975663e+03 9.891027e+03
5.8 9.781894e+03 9.836824e+03 9.970315e+03 9.915386e+03
6.8 9.887057e+03 9.880891e+03 1.000096e+04 1.000713e+04
7.8 9.939135e+03 9.920926e+03 9.995105e+03 1.001331e+04
8.8 9.883571e+03 9.895015e+03 9.951778e+03 9.940335e+03
9.8 9.806448e+03 9.858706e+03 9.910008e+03 9.857750e+03
10.8 9.842345e+03 9.803999e+03 9.889676e+03 9.928022e+03
11.8 9.947303e+03 9.890854e+03 9.920369e+03 9.976818e+03
12.8 1.003673e+04 9.995628e+03 9.979420e+03 1.002052e+04
13.8 1.003200e+04 1.004842e+04 9.989446e+03 9.973020e+03
14.8 9.985852e+03 9.997388e+03 9.970256e+03 9.958719e+03
15.8 9.983652e+03 9.998121e+03 9.990911e+03 9.976441e+03
16.8 9.990817e+03 1.002662e+04 1.001309e+04 9.977289e+03
17.8 9.948106e+03 9.930464e+03 9.984927e+03 1.000257e+04
18.8 9.917766e+03 9.909271e+03 9.937246e+03 9.945741e+03
19.8 1.001410e+04 9.954775e+03 9.924071e+03 9.983393e+03
20.8 1.001932e+04 1.005279e+04 9.967486e+03 9.934021e+03
21.8 9.961264e+03 1.002570e+04 9.994404e+03 9.929966e+03
0.2 9.935162e+03 9.976683e+03 1.000502e+04 9.963498e+03
1.2 9.831096e+03 9.915733e+03 9.975663e+03 9.891027e+03
2.2 9.781894e+03 9.836824e+03 9.970315e+03 9.915386e+03
3.2 9.887057e+03 9.880891e+03 1.000096e+04 1.000713e+04
4.2 9.939135e+03 9.920926e+03 9.995105e+03 1.001331e+04
5.2 9.883571e+03 9.895015e+03 9.951778e+03 9.940335e+03
6.2 9.806448e+03 9.858706e+03 9.910008e+03 9.857750e+03
7.2 9.842345e+03 9.803999e+03 9.889676e+03 9.928022e+03
8.2 9.947303e+03 9.890854e+03 9.920369e+03 9.976818e+03
9.2 1.003673e+04 9.995628e+03 9.979420e+03 1.002052e+04
10.2 1.003200e+04 1.004842e+04 9.989446e+03 9.973020e+03
11.2 9.985852e+03 9.997388e+03 9.970256e+03 9.958719e+03
12.2 9.983652e+03 9.998121e+03 9.990911e+03 9.976441e+03
13.2 9.990817e+03 1.002662e+04 1.001309e+04 9.977289e+03
14.2 9.948106e+03 9.930464e+03 9.984927e+03 1.000257e+04
15.2 9.917766e+03 9.909271e+03 9.937246e+03 9.945741e+03
16.2 1.001410e+04 9.954775e+03 9.924071e+03 9.983393e+03
17.2 1.001932e+04 1.005279e+04 9.967486e+03 9.934021e+03
18.2 9.961264e+03 1.002570e+04 9.994404e+03 9.929966e+03
19.2 9.983856e+03 1.000922e+04 9.968098e+03 9.942739e+03
20.2 9.933551e+03 9.961200e+03 9.926516e+03 9.898867e+03
21.2 9.900323e+03 9.935789e+03 9.897272e+03 9.861806e+03
0.2 9.806448e+03 9.858706e+03 9.910008e+03 9.857750e+03
1.2 9.842345e+03 9.803999e+03 9.889676e+03 9.928022e+03
2.2 9.947303e+03 9.890854e+03 9.920369e+03 9.976818e+03
3.2 1.003673e+04 9.995628e+03 9.979420e+03 1.002052e+04
4.2 1.003200e+04 1.004842e+04 9.989446e+03 9.973020e+03
5.2 9.985852e+03 9.997388e+03 9.970256e+03 9.958719e+03
6.2 9.983652e+03 9.998121e+03 9.990911e+03 9.976441e+03
7.2 9.990817e+03 1.002662e+04 1.001309e+04 9.977289e+03
8.2 9.948106e+03 9.930464e+03 9.984927e+03 1.000257e+04
9.2 9.917766e+03 9.909271e+03 9.937246e+03 9.945741e+03
10.2 1.001410e+04 9.954775e+03 9.924071e+03 9.983393e+03
11.2 1.001932e+04 1.005279e+04 9.967486e+03 9.934021e+03
12.2 9.961264e+03 1.002570e+04 9.994404e+03 9.929966e+03
13.2 9.983856e+03 1.000922e+04 9.968098e+03 9.942739e+03
14.2 9.933551e+03 9.961200e+03 9.926516e+03 9.898867e+03
15.2 9.900323e+03 9.935789e+03 9.897272e+03 9.861806e+03
16.2 9.893132e+03 9.894779e+03 9.904826e+03 9.903179e+03
17.2 9.969058e+03 9.965982e+03 9.961381e+03 9.964457e+03
18.2 1.006339e+04 1.003239e+04 9.995244e+03 1.002625e+04
19.2 1.006148e+04 1.001295e+04 9.972119e+03 1.002065e+04
20.2 9.968821e+03 9.958572e+03 9.931357e+03 9.941605e+03
21.2 9.877500e+03 9.901343e+03 9.901545e+03 9.877703e+03
0.6 1.003200e+04 1.004842e+04 9.989446e+03 9.973020e+03
1.6 9.985852e+03 9.997388e+03 9.970256e+03 9.958719e+03
2.6 9.983652e+03 9.998121e+03 9.990911e+03 9.976441e+03
3.6 9.990817e+03 1.002662e+04 1.001309e+04 9.977289e+03
4.6 9.948106e+03 9.930464e+03 9.984927e+03 1.000257e+04
5.6 9.917766e+03 9.909271e+03 9.937246e+03 9.945741e+03
6.6 1.001410e+04 9.954775e+03 9.924071e+03 9.983393e+03
7.6 1.001932e+04 1.005279e+04 9.967486e+03 9.934021e+03
8.6 9.961264e+03 1.002570e+04 9.994404e+03 9.929966e+03
9.6 9.983856e+03 1.000922e+04 9.968098e+03 9.942739e+03
10.6 9.933551e+03 9.961200e+03 9.926516e+03 9.898867e+03
11.6 9.900323e+03 9.935789e+03 9.897272e+03 9.861806e+03
12.6 9.893132e+03 9.894779e+03 9.904826e+03 9.903179e+03
13.6 9.969058e+03 9.965982e+03 9.961381e+03 9.964457e+03
14.6 1.006339e+04 1.003239e+04 9.995244e+03 1.002625e+04
15.6 1.006148e+04 1.001295e+04 9.972119e+03 1.002065e+04
16.6 9.968821e+03 9.958572e+03 9.931357e+03 9.941605e+03
17.6 9.877500e+03 9.901343e+03 9.901545e+03 9.877703e+03
18.6 9.918936e+03 9.901675e+03 9.907969e+03 9.925230e+03
19.6 9.991685e+03 9.975777e+03 9.963400e+03 9.979308e+03
20.6 1.003816e+04 9.997392e+03 9.996408e+03 1.003718e+04
21.6 1.001126e+04 1.000164e+04 9.978105e+03 9.987729e+03
0.8 9.917766e+03 9.909271e+03 9.937246e+03 9.945741e+03
1.8 1.001410e+04 9.954775e+03 9.924071e+03 9.983393e+03
2.8 1.001932e+04 1.005279e+04 9.967486e+03 9.934021e+03
3.8 9.961264e+03 1.002570e+04 9.994404e+03 9.929966e+03
4.8 9.983856e+03 1.000922e+04 9.968098e+03 9.942739e+03
5.8 9.933551e+03 9.961200e+03 9.926516e+03 9.898867e+03
6.8 9.900323e+03 9.935789e+03 9.897272e+03 9.861806e+03
7.8 9.893132e+03 9.894779e+03 9.904826e+03 9.903179e+03
8.8 9.969058e+03 9.965982e+03 9.961381e+03 9.964457e+03
9.8 1.006339e+04 1.003239e+04 9.995244e+03 1.002625e+04
10.8 1.006148e+04 1.001295e+04 9.972119e+03 1.002065e+04
11.8 9.968821e+03 9.958572e+03 9.931357e+03 9.941605e+03
12.8 9.877500e+03 9.901343e+03 9.901545e+03 9.877703e+03
13.8 9.918936e+03 9.901675e+03 9.907969e+03 9.925230e+03
14.8 9.991685e+03 9.975777e+03 9.963400e+03 9.979308e+03
15.8 1.003816e+04 9.997392e+03 9.996408e+03 1.003718e+04
16.8 1.001126e+04 1.000164e+04 9.978105e+03 9.987729e+03
17.8 1.000155e+04 9.956923e+03 9.980497e+03 1.002513e+04
18.8 9.945864e+03 1.000586e+04 1.001136e+04 9.951357e+03
19.8 9.940541e+03 9.999298e+03 1.000107e+04 9.942314e+03
20.8 9.974873e+03 9.928094e+03 9.971227e+03 1.001801e+04
21.8 9.966228e+03 9.993448e+03 9.987484e+03 9.960264e+03
0.8 9.900323e+03 9.935789e+03 9.897272e+03 9.861806e+03
1.8 9.893132e+03 9.894779e+03 9.904826e+03 9.903179e+03
2.8 9.969058e+03 9.965982e+03 9.961381e+03 9.964457e+03
3.8 1.006339e+04 1.003239e+04 9.995244e+03 1.002625e+04
4.8 1.006148e+04 1.001295e+04 9.972119e+03 1.002065e+04
5.8 9.968821e+03 9.958572e+03 9.931357e+03 9.941605e+03
6.8 9.877500e+03 9.901343e+03 9.901545e+03 9.877703e+03
7.8 9.918936e+03 9.901675e+03 9.907969e+03 9.925230e+03
8.8 9.991685e+03 9.975777e+03 9.963400e+03 9.979308e+03
9.8 1.003816e+04 9.997392e+03 9.996408e+03 1.003718e+04
10.8 1.001126e+04 1.000164e+04 9.978105e+03 9.987729e+03
11.8 1.000155e+04 9.956923e+03 9.980497e+03 1.002513e+04
12.8 9.945864e+03 1.000586e+04 1.001136e+04 9.951357e+03
13.8 9.940541e+03 9.999298e+03 1.000107e+04 9.942314e+03
14.8 9.974873e+03 9.928094e+03 9.971227e+03 1.001801e+04
15.8 9.966228e+03 9.993448e+03 9.987484e+03 9.960264e+03
16.8 9.971394e+03 9.954871e+03 1.000690e+04 1.002342e+04
17.8 9.912658e+03 9.922439e+03 9.978188e+03 9.968407e+03
18.8 9.862796e+03 9.839155e+03 9.931313e+03 9.954954e+03
19.8 9.830860e+03 9.828943e+03 9.896798e+03 9.898715e+03
20.8 9.895714e+03 9.868238e+03 9.895130e+03 9.922606e+03
21.8 9.998988e+03 9.955544e+03 9.947296e+03 9.990740e+03
0.8 9.877500e+03 9.901343e+03 9.901545e+03 9.877703e+03
1.8 9.918936e+03 9.901675e+03 9.907969e+03 9.925230e+03
2.8 9.991685e+03 9.975777e+03 9.963400e+03 9.979308e+03
3.8 1.003816e+04 9.997392e+03 9.996408e+03 1.003718e+04
4.8 1.001126e+04 1.000164e+04 9.978105e+03 9.987729e+03
5.8 1.000155e+04 9.956923e+03 9.980497e+03 1.002513e+04
6.8 9.945864e+03 1.000586e+04 1.001136e+04 9.951357e+03
7.8 9.940541e+03 9.999298e+03 1.000107e+04 9.942314e+03
8.8 9.974873e+03 9.928094e+03 9.971227e+03 1.001801e+04
9.8 9.966228e+03 9.993448e+03 9.987484e+03 9.960264e+03
10.8 9.971394e+03 9.954871e+03 1.000690e+04 1.002342e+04
11.8 9.912658e+03 9.922439e+03 9.978188e+03 9.968407e+03
12.8 9.862796e+03 9.839155e+03 9.931313e+03 9.954954e+03
13.8 9.830860e+03 9.828943e+03 9.896798e+03 9.898715e+03
14.8 9.895714e+03 9.868238e+03 9.895130e+03 9.922606e+03
15.8 9.998988e+03 9.955544e+03 9.947296e+03 9.990740e+03
16.8 1.009081e+04 1.008319e+04 9.991679e+03 9.999291e+03
17.8 9.944163e+03 1.001997e+04 9.979935e+03 9.904131e+03
18.8 9.892141e+03 9.954874e+03 9.975319e+03 9.912586e+03
19.8 9.980934e+03 9.958459e+03 1.000771e+04 1.003019e+04
20.8 9.965912e+03 9.943862e+03 1.000813e+04 1.003018e+04
21.8 9.792687e+03 9.820812e+03 9.964928e+03 9.936804e+03
0.3 1.003816e+04 9.997392e+03 9.996408e+03 1.003718e+04
1.3 1.001126e+04 1.000164e+04 9.978105e+03 9.987729e+03
2.3 1.000155e+04 9.956923e+03 9.980497e+03 1.002513e+04
3.3 9.945864e+03 1.000586e+04 1.001136e+04 9.951357e+03
4.3 9.940541e+03 9.999298e+03 1.000107e+04 9.942314e+03
5.3 9.974873e+03 9.928094e+03 9.971227e+03 1.001801e+04
6.3 9.966228e+03 9.993448e+03 9.987484e+03 9.960264e+03
7.3 9.971394e+03 9.954871e+03 1.000690e+04 1.002342e+04
8.3 9.912658e+03 9.922439e+03 9.978188e+03 9.968407e+03
9.3 9.862796e+03 9.839155e+03 9.931313e+03 9.954954e+03
10.3 9.830860e+03 9.828943e+03 9.896798e+03 9.898715e+03
11.3 9.895714e+03 9.868238e+03 9.895130e+03 9.922606e+03
12.3 9.998988e+03 9.955544e+03 9.947296e+03 9.990740e+03
13.3 1.009081e+04 1.008319e+04 9.991679e+03 9.999291e+03
14.3 9.944163e+03 1.001997e+04 9.979935e+03 9.904131e+03
15.3 9.892141e+03 9.954874e+03 9.975319e+03 9.912586e+03
16.3 9.980934e+03 9.958459e+03 1.000771e+04 1.003019e+04
17.3 9.965912e+03 9.943862e+03 1.000813e+04 1.003018e+04
18.3 9.792687e+03 9.820812e+03 9.964928e+03 9.936804e+03
19.3 9.682974e+03 9.757687e+03 9.924802e+03 9.850090e+03
20.3 9.747601e+03 9.789652e+03 9.940218e+03 9.898167e+03
21.3 9.857960e+03 9.887816e+03 9.986902e+03 9.957046e+03
0.7 9.940541e+03 9.999298e+03 1.000107e+04 9.942314e+03
1.7 9.974873e+03 9.928094e+03 9.971227e+03 1.001801e+04
2.7 9.966228e+03 9.993448e+03 9.987484e+03 9.960264e+03
3.7 9.971394e+03 9.954871e+03 1.000690e+04 1.002342e+04
4.7 9.912658e+03 9.922439e+03 9.978188e+03 9.968407e+03
5.7 9.862796e+03 9.839155e+03 9.931313e+03 9.954954e+03
6.7 9.830860e+03 9.828943e+03 9.896798e+03 9.898715e+03
7.7 9.895714e+03 9.868238e+03 9.895130e+03 9.922606e+03
8.7 9.998988e+03 9.955544e+03 9.947296e+03 9.990740e+03
9.7 1.009081e+04 1.008319e+04 9.991679e+03 9.999291e+03
10.7 9.944163e+03 1.001997e+04 9.979935e+03 9.904131e+03
11.7 9.892141e+03 9.954874e+03 9.975319e+03 9.912586e+03
12.7 9.980934e+03 9.958459e+03 1.000771e+04 1.003019e+04
13.7 9.965912e+03 9.943862e+03 1.000813e+04 1.003018e+04
14.7 9.792687e+03 9.820812e+03 9.964928e+03 9.936804e+03
15.7 9.682974e+03 9.757687e+03 9.924802e+03 9.850090e+03
16.7 9.747601e+03 9.789652e+03 9.940218e+03 9.898167e+03
17.7 9.857960e+03 9.887816e+03 9.986902e+03 9.957046e+03
18.7 9.924445e+03 9.896202e+03 9.987050e+03 1.001529e+04
19.7 9.938472e+03 9.912053e+03 9.948375e+03 9.974794e+03
20.7 9.900470e+03 9.886332e+03 9.910650e+03 9.924788e+03
21.7 9.898976e+03 9.900142e+03 9.887591e+03 9.886424e+03
0.7 9.830860e+03 9.828943e+03 9.896798e+03 9.898715e+03
1.7 9.895714e+03 9.868238e+03 9.895130e+03 9.922606e+03
2.7 9.998988e+03 9.955544e+03 9.947296e+03 9.990740e+03
3.7 1.009081e+04 1.008319e+04 9.991679e+03 9.999291e+03
4.7 9.944163e+03 1.001997e+04 9.979935e+03 9.904131e+03
5.7 9.892141e+03 9.954874e+03 9.975319e+03 9.912586e+03
6.7 9.980934e+03 9.958459e+03 1.000771e+04 1.003019e+04
7.7 9.965912e+03 9.943862e+03 1.000813e+04 1.003018e+04
8.7 9.792687e+03 9.820812e+03 9.964928e+03 9.936804e+03
9.7 9.682974e+03 9.757687e+03 9.924802e+03 9.850090e+03
10.7 9.747601e+03 9.789652e+03 9.940218e+03 9.898167e+03
11.7 9.857960e+03 9.887816e+03 9.986902e+03 9.957046e+03
12.7 9.924445e+03 9.896202e+03 9.987050e+03 1.001529e+04
13.7 9.938472e+03 9.912053e+03 9.948375e+03 9.974794e+03
14.7 9.900470e+03 9.886332e+03 9.910650e+03 9.924788e+03
15.7 9.898976e+03 9.900142e+03 9.887591e+03 9.886424e+03
16.7 9.906370e+03 9.894908e+03 9.879285e+03 9.890748e+03
17.7 9.957504e+03 9.937578e+03 9.910960e+03 9.930885e+03
18.7 1.000065e+04 9.971097e+03 9.975857e+03 1.000541e+04
19.7 1.002048e+04 1.001903e+04 9.996611e+03 9.998058e+03
20.7 9.993135e+03 9.963890e+03 9.977127e+03 1.000637e+04
21.7 9.971069e+03 9.986188e+03 9.991634e+03 9.976516e+03
0.1 1.009081e+04 1.008319e+04 9.991679e+03 9.999291e+03
1.1 9.944163e+03 1.001997e+04 9.979935e+03 9.904131e+03
2.1 9.892141e+03 9.954874e+03 9.975319e+03 9.912586e+03
3.1 9.980934e+03 9.958459e+03 1.000771e+04 1.003019e+04
4.1 9.965912e+03 9.943862e+03 1.000813e+04 1.003018e+04
5.1 9.792687e+03 9.820812e+03 9.964928e+03 9.936804e+03
6.1 9.682974e+03 9.757687e+03 9.924802e+03 9.850090e+03
7.1 9.747601e+03 9.789652e+03 9.940218e+03 9.898167e+03
8.1 9.857960e+03 9.887816e+03 9.986902e+03 9.957046e+03
9.1 9.924445e+03 9.896202e+03 9.987050e+03 1.001529e+04
10.1 9.938472e+03 9.912053e+03 9.948375e+03 9.974794e+03
11.1 9.900470e+03 9.886332e+03 9.910650e+03 9.924788e+03
12.1 9.898976e+03 9.900142e+03 9.887591e+03 9.886424e+03
13.1 9.906370e+03 9.894908e+03 9.879285e+03 9.890748e+03
14.1 9.957504e+03 9.937578e+03 9.910960e+03 9.930885e+03
15.1 1.000065e+04 9.971097e+03 9.975857e+03 1.000541e+04
16.1 1.002048e+04 1.001903e+04 9.996611e+03 9.998058e+03
17.1 9.993135e+03 9.963890e+03 9.977127e+03 1.000637e+04
18.1 9.971069e+03 9.986188e+03 9.991634e+03 9.976516e+03
19.1 9.958026e+03 9.993180e+03 1.001631e+04 9.981153e+03
20.1 9.951936e+03 9.958827e+03 9.993155e+03 9.986264e+03
21.1 1.000549e+04 9.970170e+03 9.971295e+03 1.000662e+04
0.3 9.792687e+03 9.820812e+03 9.964928e+03 9.936804e+03
1.3 9.682974e+03 9.757687e+03 9.924802e+03 9.850090e+03
2.3 9.747601e+03 9.789652e+03 9.940218e+03 9.898167e+03
3.3 9.857960e+03 9.887816e+03 9.986902e+03 9.957046e+03
4.3 9.924445e+03 9.896202e+03 9.987050e+03 1.001529e+04
5.3 9.938472e+03 9.912053e+03 9.948375e+03 9.974794e+03
6.3 9.900470e+03 9.886332e+03 9.910650e+03 9.924788e+03
7.3 9.898976e+03 9.900142e+03 9.887591e+03 9.886424e+03
8.3 9.906370e+03 9.894908e+03 9.879285e+03 9.890748e+03
9.3 9.957504e+03 9.937578e+03 9.910960e+03 9.930885e+03
10.3 1.000065e+04 9.971097e+03 9.975857e+03 1.000541e+04
11.3 1.002048e+04 1.001903e+04 9.996611e+03 9.998058e+03
12.3 9.993135e+03 9.963890e+03 9.977127e+03 1.000637e+04
13.3 9.971069e+03 9.986188e+03 9.991634e+03 9.976516e+03
14.3 9.958026e+03 9.993180e+03 1.001631e+04 9.981153e+03
15.3 9.951936e+03 9.958827e+03 9.993155e+03 9.986264e+03
16.3 1.000549e+04 9.970170e+03 9.971295e+03 1.000662e+04
17.3 1.004975e+04 1.001421e+04 9.996293e+03 1.003184e+04
18.3 1.004502e+04 1.002862e+04 1.000396e+04 1.002036e+04
19.3 9.987615e+03 9.961383e+03 9.973382e+03 9.999614e+03
20.3 9.960102e+03 9.946195e+03 9.975276e+03 9.989183e+03
21.3 1.000440e+04 1.000142e+04 1.000419e+04 1.000717e+04
0.1 9.898976e+03 9.900142e+03 9.887591e+03 9.886424e+03
1.1 9.906370e+03 9.894908e+03 9.879285e+03 9.890748e+03
2.1 9.957504e+03 9.937578e+03 9.910960e+03 9.930885e+03
3.1 1.000065e+04 9.971097e+03 9.975857e+03 1.000541e+04
4.1 1.002048e+04 1.001903e+04 9.996611e+03 9.998058e+03
5.1 9.993135e+03 9.963890e+03 9.977127e+03 1.000637e+04
6.1 9.971069e+03 9.986188e+03 9.991634e+03 9.976516e+03
7.1 9.958026e+03 9.993180e+03 1.001631e+04 9.981153e+03
8.1 9.951936e+03 9.958827e+03 9.993155e+03 9.986264e+03
9.1 1.000549e+04 9.970170e+03 9.971295e+03 1.000662e+04
10.1 1.004975e+04 1.001421e+04 9.996293e+03 1.003184e+04
11.1 1.004502e+04 1.002862e+04 1.000396e+04 1.002036e+04
12.1 9.987615e+03 9.961383e+03 9.973382e+03 9.999614e+03
13.1 9.960102e+03 9.946195e+03 9.975276e+03 9.989183e+03
14.1 1.000440e+04 1.000142e+04 1.000419e+04 1.000717e+04
15.1 1.001081e+04 9.970709e+03 9.990504e+03 1.003060e+04
16.1 9.975229e+03 9.940619e+03 9.945178e+03 9.979788e+03
17.1 9.898432e+03 9.918028e+03 9.918024e+03 9.898428e+03
18.1 9.979284e+03 9.986218e+03 9.950636e+03 9.943702e+03
19.1 1.006706e+04 1.006731e+04 9.991751e+03 9.991506e+03
20.1 1.002489e+04 9.978992e+03 9.978613e+03 1.002451e+04
21.1 9.900722e+03 9.930865e+03 9.937535e+03 9.907392e+03
0.5 1.002048e+04 1.001903e+04 9.996611e+03 9.998058e+03
1.5 9.993135e+03 9.963890e+03 9.977127e+03 1.000637e+04
2.5 9.971069e+03 9.986188e+03 9.991634e+03 9.976516e+03
3.5 9.958026e+03 9.993180e+03 1.001631e+04 9.981153e+03
4.5 9.951936e+03 9.958827e+03 9.993155e+03 9.986264e+03
5.5 1.000549e+04 9.970170e+03 9.971295e+03 1.000662e+04
6.5 1.004975e+04 1.001421e+04 9.996293e+03 1.003184e+04
7.5 1.004502e+04 1.002862e+04 1.000396e+04 1.002036e+04
8.5 9.987615e+03 9.961383e+03 9.973382e+03 9.999614e+03
9.5 9.960102e+03 9.946195e+03 9.975276e+03 9.989183e+03
10.5 1.000440e+04 1.000142e+04 1.000419e+04 1.000717e+04
11.5 1.001081e+04 9.970709e+03 9.990504e+03 1.003060e+04
12.5 9.975229e+03 9.940619e+03 9.945178e+03 9.979788e+03
13.5 9.898432e+03 9.918028e+03 9.918024e+03 9.898428e+03
14.5 9.979284e+03 9.986218e+03 9.950636e+03 9.943702e+03
15.5 1.006706e+04 1.006731e+04 9.991751e+03 9.991506e+03
16.5 1.002489e+04 9.978992e+03 9.978613e+03 1.002451e+04
17.5 9.900722e+03 9.930865e+03 9.937535e+03 9.907392e+03
18.5 9.814806e+03 9.871844e+03 9.903478e+03 9.846440e+03
19.5 9.835636e+03 9.893881e+03 9.896637e+03 9.838392e+03
20.5 9.966970e+03 9.948988e+03 9.943362e+03 9.961344e+03
21.5 1.006183e+04 1.004085e+04 9.992075e+03 1.001306e+04
0.9 9.951936e+03 9.958827e+03 9.993155e+03 9.986264e+03
1.9 1.000549e+04 9.970170e+03 9.971295e+03 1.000662e+04
2.9 1.004975e+04 1.001421e+04 9.996293e+03 1.003184e+04
3.9 1.004502e+04 1.002862e+04 1.000396e+04 1.002036e+04
4.9 9.987615e+03 9.961383e+03 9.973382e+03 9.999614e+03
5.9 9.960102e+03 9.946195e+03 9.975276e+03 9.989183e+03
6.9 1.000440e+04 1.000142e+04 1.000419e+04 1.000717e+04
7.9 1.001081e+04 9.970709e+03 9.990504e+03 1.003060e+04
8.9 9.975229e+03 9.940619e+03 9.945178e+03 9.979788e+03
9.9 9.898432e+03 9.918028e+03 9.918024e+03 9.898428e+03
10.9 9.979284e+03 9.986218e+03 9.950636e+03 9.943702e+03
11.9 1.006706e+04 1.006731e+04 9.991751e+03 9.991506e+03
12.9 1.002489e+04 9.978992e+03 9.978613e+03 1.002451e+04
13.9 9.900722e+03 9.930865e+03 9.937535e+03 9.907392e+03
14.9 9.814806e+03 9.871844e+03 9.903478e+03 9.846440e+03
15.9 9.835636e+03 9.893881e+03 9.896637e+03 9.838392e+03
16.9 9.966970e+03 9.948988e+03 9.943362e+03 9.961344e+03
17.9 1.006183e+04 1.004085e+04 9.992075e+03 1.001306e+04
18.9 1.003975e+04 1.002342e+04 9.982528e+03 9.998855e+03
19.9 9.904012e+03 9.907538e+03 9.942570e+03 9.939044e+03
20.9 9.840275e+03 9.901122e+03 9.908117e+03 9.847270e+03
21.9 9.879707e+03 9.878286e+03 9.900173e+03 9.901594e+03
0.4 1.004502e+04 1.002862e+04 1.000396e+04 1.002036e+04
1.4 9.987615e+03 9.961383e+03 9.973382e+03 9.999614e+03
2.4 9.960102e+03 9.946195e+03 9.975276e+03 9.989183e+03
3.4 1.000440e+04 1.000142e+04 1.000419e+04 1.000717e+04
4.4 1.001081e+04 9.970709e+03 9.990504e+03 1.003060e+04
5.4 9.975229e+03 9.940619e+03 9.945178e+03 9.979788e+03
6.4 9.898432e+03 9.918028e+03 9.918024e+03 9.898428e+03
7.4 9.979284e+03 9.986218e+03 9.950636e+03 9.943702e+03
8.4 1.006706e+04 1.006731e+04 9.991751e+03 9.991506e+03
9.4 1.002489e+04 9.978992e+03 9.978613e+03 1.002451e+04
10.4 9.900722e+03 9.930865e+03 9.937535e+03 9.907392e+03
11.4 9.814806e+03 9.871844e+03 9.903478e+03 9.846440e+03
12.4 9.835636e+03 9.893881e+03 9.896637e+03 9.838392e+03
13.4 9.966970e+03 9.948988e+03 9.943362e+03 9.961344e+03
14.4 1.006183e+04 1.004085e+04 9.992075e+03 1.001306e+04
15.4 1.003975e+04 1.002342e+04 9.982528e+03 9.998855e+03
16.4 9.904012e+03 9.907538e+03 9.942570e+03 9.939044e+03
17.4 9.840275e+03 9.901122e+03 9.908117e+03 9.847270e+03
18.4 9.879707e+03 9.878286e+03 9.900173e+03 9.901594e+03
19.4 9.975690e+03 9.989024e+03 9.945704e+03 9.932369e+03
20.4 1.002427e+04 1.003792e+04 9.993458e+03 9.979809e+03
21.4 1.001540e+04 1.000714e+04 9.983273e+03 9.991537e+03
0.5 9.975229e+03 9.940619e+03 9.945178e+03 9.979788e+03
1.5 9.898432e+03 9.918028e+03 9.918024e+03 9.898428e+03
2.5 9.979284e+03 9.986218e+03 9.950636e+03 9.943702e+03
3.5 1.006706e+04 1.006731e+04 9.991751e+03 9.991506e+03
4.5 1.002489e+04 9.978992e+03 9.978613e+03 1.002451e+04
5.5 9.900722e+03 9.930865e+03 9.937535e+03 9.907392e+03
6.5 9.814806e+03 9.871844e+03 9.903478e+03 9.846440e+03
7.5 9.835636e+03 9.893881e+03 9.896637e+03 9.838392e+03
8.5 9.966970e+03 9.948988e+03 9.943362e+03 9.961344e+03
9.5 1.006183e+04 1.004085e+04 9.992075e+03 1.001306e+04
10.5 1.003975e+04 1.002342e+04 9.982528e+03 9.998855e+03
11.5 9.904012e+03 9.907538e+03 9.942570e+03 9.939044e+03
12.5 9.840275e+03 9.901122e+03 9.908117e+03 9.847270e+03
13.5 9.879707e+03 9.878286e+03 9.900173e+03 9.901594e+03
14.5 9.975690e+03 9.989024e+03 9.945704e+03 9.932369e+03
15.5 1.002427e+04 1.003792e+04 9.993458e+03 9.979809e+03
16.5 1.001540e+04 1.000714e+04 9.983273e+03 9.991537e+03
17.5 9.939148e+03 9.945530e+03 9.942942e+03 9.936560e+03
18.5 9.893160e+03 9.950113e+03 9.908313e+03 9.851360e+03
19.5 9.887219e+03 9.895636e+03 9.901208e+03 9.892792e+03
20.5 9.957653e+03 9.973105e+03 9.947705e+03 9.932253e+03
21.5 1.002814e+04 1.002273e+04 9.994041e+03 9.999456e+03
0.5 9.814806e+03 9.871844e+03 9.903478e+03 9.846440e+03
1.5 9.835636e+03 9.893881e+03 9.896637e+03 9.838392e+03
2.5 9.966970e+03 9.948988e+03 9.943362e+03 9.961344e+03
3.5 1.006183e+04 1.004085e+04 9.992075e+03 1.001306e+04
4.5 1.003975e+04 1.002342e+04 9.982528e+03 9.998855e+03
5.5 9.904012e+03 9.907538e+03 9.942570e+03 9.939044e+03
6.5 9.840275e+03 9.901122e+03 9.908117e+03 9.847270e+03
7.5 9.879707e+03 9.878286e+03 9.900173e+03 9.901594e+03
8.5 9.975690e+03 9.989024e+03 9.945704e+03 9.932369e+03
9.5 1.002427e+04 1.003792e+04 9.993458e+03 9.979809e+03
10.5 1.001540e+04 1.000714e+04 9.983273e+03 9.991537e+03
11.5 9.939148e+03 9.945530e+03 9.942942e+03 9.936560e+03
12.5 9.893160e+03 9.950113e+03 9.908313e+03 9.851360e+03
13.5 9.887219e+03 9.895636e+03 9.901208e+03 9.892792e+03
14.5 9.957653e+03 9.973105e+03 9.947705e+03 9.932253e+03
15.5 1.002814e+04 1.002273e+04 9.994041e+03 9.999456e+03
16.5 1.002558e+04 1.000488e+04 9.982257e+03 1.000295e+04
17.5 9.952803e+03 9.983954e+03 9.942199e+03 9.911048e+03
18.5 9.922610e+03 9.922439e+03 9.928966e+03 9.929137e+03
19.5 9.984101e+03 1.000727e+04 9.970803e+03 9.947635e+03
20.5 1.005259e+04 1.000717e+04 9.999510e+03 1.004493e+04
21.5 1.004669e+04 9.996148e+03 9.977748e+03 1.002829e+04
0.5 9.840275e+03 9.901122e+03 9.908117e+03 9.847270e+03
1.5 9.879707e+03 9.878286e+03 9.900173e+03 9.901594e+03
2.5 9.975690e+03 9.989024e+03 9.945704e+03 9.932369e+03
3.5 1.002427e+04 1.003792e+04 9.993458e+03 9.979809e+03
4.5 1.001540e+04 1.000714e+04 9.983273e+03 9.991537e+03
5.5 9.939148e+03 9.945530e+03 9.942942e+03 9.936560e+03
6.5 9.893160e+03 9.950113e+03 9.908313e+03 9.851360e+03
7.5 9.887219e+03 9.895636e+03 9.901208e+03 9.892792e+03
8.5 9.957653e+03 9.973105e+03 9.947705e+03 9.932253e+03
9.5 1.002814e+04 1.002273e+04 9.994041e+03 9.999456e+03
10.5 1.002558e+04 1.000488e+04 9.982257e+03 1.000295e+04
11.5 9.952803e+03 9.983954e+03 9.942199e+03 9.911048e+03
12.5 9.922610e+03 9.922439e+03 9.928966e+03 9.929137e+03
13.5 9.984101e+03 1.000727e+04 9.970803e+03 9.947635e+03
14.5 1.005259e+04 1.000717e+04 9.999510e+03 1.004493e+04
15.5 1.004669e+04 9.996148e+03 9.977748e+03 1.002829e+04
16.5 1.001564e+04 9.998031e+03 9.974077e+03 9.991686e+03
17.5 9.988268e+03 9.984386e+03 1.000558e+04 1.000947e+04
18.5 9.973622e+03 9.991297e+03 1.000071e+04 9.983032e+03
19.5 9.998294e+03 9.953977e+03 9.956697e+03 1.000101e+04
20.5 9.967998e+03 9.942506e+03 9.921849e+03 9.947341e+03
21.5 1.001710e+04 1.001470e+04 9.945106e+03 9.947505e+03
0.6 9.893160e+03 9.950113e+03 9.908313e+03 9.851360e+03
1.6 9.887219e+03 9.895636e+03 9.901208e+03 9.892792e+03
2.6 9.957653e+03 9.973105e+03 9.947705e+03 9.932253e+03
3.6 1.002814e+04 1.002273e+04 9.994041e+03 9.999456e+03
4.6 1.002558e+04 1.000488e+04 9.982257e+03 1.000295e+04
5.6 9.952803e+03 9.983954e+03 9.942199e+03 9.911048e+03
6.6 9.922610e+03 9.922439e+03 9.928966e+03 9.929137e+03
7.6 9.984101e+03 1.000727e+04 9.970803e+03 9.947635e+03
8.6 1.005259e+04 1.000717e+04 9.999510e+03 1.004493e+04
9.6 1.004669e+04 9.996148e+03 9.977748e+03 1.002829e+04
10.6 1.001564e+04 9.998031e+03 9.974077e+03 9.991686e+03
11.6 9.988268e+03 9.984386e+03 1.000558e+04 1.000947e+04
12.6 9.973622e+03 9.991297e+03 1.000071e+04 9.983032e+03
13.6 9.998294e+03 9.953977e+03 9.956697e+03 1.000101e+04
14.6 9.967998e+03 9.942506e+03 9.921849e+03 9.947341e+03
15.6 1.001710e+04 1.001470e+04 9.945106e+03 9.947505e+03
16.6 1.002609e+04 1.000580e+04 9.989897e+03 1.001019e+04
17.6 9.985181e+03 1.000253e+04 9.983784e+03 9.966435e+03
18.6 9.938365e+03 9.935778e+03 9.943742e+03 9.946330e+03
19.6 9.900499e+03 9.927302e+03 9.922034e+03 9.895231e+03
20.6 9.979335e+03 9.965827e+03 9.958069e+03 9.971577e+03
21.6 1.003587e+04 1.003158e+04 9.996245e+03 1.000054e+04
0.8 9.952803e+03 9.983954e+03 9.942199e+03 9.911048e+03
1.8 9.922610e+03 9.922439e+03 9.928966e+03 9.929137e+03
2.8 9.984101e+03 1.000727e+04 9.970803e+03 9.947635e+03
3.8 1.005259e+04 1.000717e+04 9.999510e+03 1.004493e+04
4.8 1.004669e+04 9.996148e+03 9.977748e+03 1.002829e+04
5.8 1.001564e+04 9.998031e+03 9.974077e+03 9.991686e+03
6.8 9.988268e+03 9.984386e+03 1.000558e+04 1.000947e+04
7.8 9.973622e+03 9.991297e+03 1.000071e+04 9.983032e+03
8.8 9.998294e+03 9.953977e+03 9.956697e+03 1.000101e+04
9.8 9.967998e+03 9.942506e+03 9.921849e+03 9.947341e+03
10.8 1.001710e+04 1.001470e+04 9.945106e+03 9.947505e+03
11.8 1.002609e+04 1.000580e+04 9.989897e+03 1.001019e+04
12.8 9.985181e+03 1.000253e+04 9.983784e+03 9.966435e+03
13.8 9.938365e+03 9.935778e+03 9.943742e+03 9.946330e+03
14.8 9.900499e+03 9.927302e+03 9.922034e+03 9.895231e+03
15.8 9.979335e+03 9.965827e+03 9.958069e+03 9.971577e+03
16.8 1.003587e+04 1.003158e+04 9.996245e+03 1.000054e+04
17.8 9.958212e+03 9.947067e+03 9.981344e+03 9.992489e+03
18.8 9.926709e+03 9.921046e+03 9.971632e+03 9.977296e+03
19.8 9.983842e+03 9.941449e+03 1.000220e+04 1.004460e+04
20.8 9.984975e+03 9.977209e+03 1.000492e+04 1.001269e+04
21.8 9.816786e+03 9.872082e+03 9.973044e+03 9.917747e+03
0.2 1.005259e+04 1.000717e+04 9.999510e+03 1.004493e+04
1.2 1.004669e+04 9.996148e+03 9.977748e+03 1.002829e+04
2.2 1.001564e+04 9.998031e+03 9.974077e+03 9.991686e+03
3.2 9.988268e+03 9.984386e+03 1.000558e+04 1.000947e+04
4.2 9.973622e+03 9.991297e+03 1.000071e+04 9.983032e+03
5.2 9.998294e+03 9.953977e+03 9.956697e+03 1.000101e+04
6.2 9.967998e+03 9.942506e+03 9.921849e+03 9.947341e+03
7.2 1.001710e+04 1.001470e+04 9.945106e+03 9.947505e+03
8.2 1.002609e+04 1.000580e+04 9.989897e+03 1.001019e+04
9.2 9.985181e+03 1.000253e+04 9.983784e+03 9.966435e+03
10.2 9.938365e+03 9.935778e+03 9.943742e+03 9.946330e+03
11.2 9.900499e+03 9.927302e+03 9.922034e+03 9.895231e+03
12.2 9.979335e+03 9.965827e+03 9.958069e+03 9.971577e+03
13.2 1.003587e+04 1.003158e+04 9.996245e+03 1.000054e+04
14.2 9.958212e+03 9.947067e+03 9.981344e+03 9.992489e+03
15.2 9.926709e+03 9.921046e+03 9.971632e+03 9.977296e+03
16.2 9.983842e+03 9.941449e+03 1.000220e+04 1.004460e+04
17.2 9.984975e+03 9.977209e+03 1.000492e+04 1.001269e+04
18.2 9.816786e+03 9.872082e+03 9.973044e+03 9.917747e+03
19.2 9.768447e+03 9.831348e+03 9.978888e+03 9.915987e+03
20.2 9.801591e+03 9.872775e+03 1.000585e+04 9.934671e+03
21.2 9.851479e+03 9.857073e+03 9.988381e+03 9.982787e+03
0.4 9.998294e+03 9.953977e+03 9.956697e+03 1.000101e+04
1.4 9.967998e+03 9.942506e+03 9.921849e+03 9.947341e+03
2.4 1.001710e+04 1.001470e+04 9.945106e+03 9.947505e+03
3.4 1.002609e+04 1.000580e+04 9.989897e+03 1.001019e+04
4.4 9.985181e+03 1.000253e+04 9.983784e+03 9.966435e+03
5.4 9.938365e+03 9.935778e+03 9.943742e+03 9.946330e+03
6.4 9.900499e+03 9.927302e+03 9.922034e+03 9.895231e+03
7.4 9.979335e+03 9.965827e+03 9.958069e+03 9.971577e+03
8.4 1.003587e+04 1.003158e+04 9.996245e+03 1.000054e+04
9.4 9.958212e+03 9.947067e+03 9.981344e+03 9.992489e+03
10.4 9.926709e+03 9.921046e+03 9.971632e+03 9.977296e+03
11.4 9.983842e+03 9.941449e+03 1.000220e+04 1.004460e+04
12.4 9.984975e+03 9.977209e+03 1.000492e+04 1.001269e+04
13.4 9.816786e+03 9.872082e+03 9.973044e+03 9.917747e+03
14.4 9.768447e+03 9.831348e+03 9.978888e+03 9.915987e+03
15.4 9.801591e+03 9.872775e+03 1.000585e+04 9.934671e+03
16.4 9.851479e+03 9.857073e+03 9.988381e+03 9.982787e+03
17.4 9.909220e+03 9.886993e+03 9.965655e+03 9.987882e+03
18.4 9.971386e+03 9.972198e+03 9.990319e+03 9.989508e+03
19.4 9.970895e+03 9.991116e+03 1.000365e+04 9.983429e+03
20.4 9.939390e+03 9.934060e+03 9.969465e+03 9.974794e+03
21.4 9.893801e+03 9.900415e+03 9.923785e+03 9.917171e+03
0.6 9.938365e+03 9.935778e+03 9.943742e+03 9.946330e+03
1.6 9.900499e+03 9.927302e+03 9.922034e+03 9.895231e+03
2.6 9.979335e+03 9.965827e+03 9.958069e+03 9.971577e+03
3.6 1.003587e+04 1.003158e+04 9.996245e+03 1.000054e+04
4.6 9.958212e+03 9.947067e+03 9.981344e+03 9.992489e+03
5.6 9.926709e+03 9.921046e+03 9.971632e+03 9.977296e+03
6.6 9.983842e+03 9.941449e+03 1.000220e+04 1.004460e+04
7.6 9.984975e+03 9.977209e+03 1.000492e+04 1.001269e+04
8.6 9.816786e+03 9.872082e+03 9.973044e+03 9.917747e+03
9.6 9.768447e+03 9.831348e+03 9.978888e+03 9.915987e+03
10.6 9.801591e+03 9.872775e+03 1.000585e+04 9.934671e+03
11.6 9.851479e+03 9.857073e+03 9.988381e+03 9.982787e+03
12.6 9.909220e+03 9.886993e+03 9.965655e+03 9.987882e+03
13.6 9.971386e+03 9.972198e+03 9.990319e+03 9.989508e+03
14.6 9.970895e+03 9.991116e+03 1.000365e+04 9.983429e+03
15.6 9.939390e+03 9.934060e+03 9.969465e+03 9.974794e+03
16.6 9.893801e+03 9.900415e+03 9.923785e+03 9.917171e+03
17.6 9.886790e+03 9.824639e+03 9.892995e+03 9.955146e+03
18.6 9.960684e+03 9.893826e+03 9.900661e+03 9.967520e+03
19.6 1.006105e+04 9.998681e+03 9.958141e+03 1.002051e+04
20.6 1.008403e+04 1.007877e+04 9.993082e+03 9.998340e+03
21.6 9.958649e+03 9.988582e+03 9.970839e+03 9.940906e+03
1.0 9.958212e+03 9.947067e+03 9.981344e+03 9.992489e+03
2.0 9.926709e+03 9.921046e+03 9.971632e+03 9.977296e+03
3.0 9.983842e+03 9.941449e+03 1.000220e+04 1.004460e+04
4.0 9.984975e+03 9.977209e+03 1.000492e+04 1.001269e+04
5.0 9.816786e+03 9.872082e+03 9.973044e+03 9.917747e+03
6.0 9.768447e+03 9.831348e+03 9.978888e+03 9.915987e+03
7.0 9.801591e+03 9.872775e+03 1.000585e+04 9.934671e+03
8.0 9.851479e+03 9.857073e+03 9.988381e+03 9.982787e+03
9.0 9.909220e+03 9.886993e+03 9.965655e+03 9.987882e+03
10.0 9.971386e+03 9.972198e+03 9.990319e+03 9.989508e+03
11.0 9.970895e+03 9.991116e+03 1.000365e+04 9.983429e+03
12.0 9.939390e+03 9.934060e+03 9.969465e+03 9.974794e+03
13.0 9.893801e+03 9.900415e+03 9.923785e+03 9.917171e+03
14.0 9.886790e+03 9.824639e+03 9.892995e+03 9.955146e+03
15.0 9.960684e+03 9.893826e+03 9.900661e+03 9.967520e+03
16.0 1.006105e+04 9.998681e+03 9.958141e+03 1.002051e+04
17.0 1.008403e+04 1.007877e+04 9.993082e+03 9.998340e+03
18.0 9.958649e+03 9.988582e+03 9.970839e+03 9.940906e+03
19.0 9.873857e+03 9.923786e+03 9.930669e+03 9.880740e+03
20.0 9.875444e+03 9.893562e+03 9.901203e+03 9.883085e+03
21.0 9.908187e+03 9.928482e+03 9.907810e+03 9.887515e+03
22.0 9.969841e+03 9.965215e+03 9.963333e+03 9.967959e+03
0.4 9.984975e+03 9.977209e+03 1.000492e+04 1.001269e+04
1.4 9.816786e+03 9.872082e+03 9.973044e+03 9.917747e+03
2.4 9.768447e+03 9.831348e+03 9.978888e+03 9.915987e+03
3.4 9.801591e+03 9.872775e+03 1.000585e+04 9.934671e+03
4.4 9.851479e+03 9.857073e+03 9.988381e+03 9.982787e+03
5.4 9.909220e+03 9.886993e+03 9.965655e+03 9.987882e+03
6.4 9.971386e+03 9.972198e+03 9.990319e+03 9.989508e+03
7.4 9.970895e+03 9.991116e+03 1.000365e+04 9.983429e+03
8.4 9.939390e+03 9.934060e+03 9.969465e+03 9.974794e+03
9.4 9.893801e+03 9.900415e+03 9.923785e+03 9.917171e+03
10.4 9.886790e+03 9.824639e+03 9.892995e+03 9.955146e+03
11.4 9.960684e+03 9.893826e+03 9.900661e+03 9.967520e+03
12.4 1.006105e+04 9.998681e+03 9.958141e+03 1.002051e+04
13.4 1.008403e+04 1.007877e+04 9.993082e+03 9.998340e+03
14.4 9.958649e+03 9.988582e+03 9.970839e+03 9.940906e+03
15.4 9.873857e+03 9.923786e+03 9.930669e+03 9.880740e+03
16.4 9.875444e+03 9.893562e+03 9.901203e+03 9.883085e+03
17.4 9.908187e+03 9.928482e+03 9.907810e+03 9.887515e+03
18.4 9.969841e+03 9.965215e+03 9.963333e+03 9.967959e+03
19.4 1.001038e+04 1.001550e+04 9.996380e+03 9.991269e+03
20.4 9.980838e+03 9.980934e+03 9.972720e+03 9.972624e+03
21.4 9.906709e+03 9.892383e+03 9.931652e+03 9.945978e+03
0.8 9.851479e+03 9.857073e+03 9.988381e+03 9.982787e+03
1.8 9.909220e+03 9.886993e+03 9.965655e+03 9.987882e+03
2.8 9.971386e+03 9.972198e+03 9.990319e+03 9.989508e+03
3.8 9.970895e+03 9.991116e+03 1.000365e+04 9.983429e+03
4.8 9.939390e+03 9.934060e+03 9.969465e+03 9.974794e+03
5.8 9.893801e+03 9.900415e+03 9.923785e+03 9.917171e+03
6.8 9.886790e+03 9.824639e+03 9.892995e+03 9.955146e+03
7.8 9.960684e+03 9.893826e+03 9.900661e+03 9.967520e+03
8.8 1.006105e+04 9.998681e+03 9.958141e+03 1.002051e+04
9.8 1.008403e+04 1.007877e+04 9.993082e+03 9.998340e+03
10.8 9.958649e+03 9.988582e+03 9.970839e+03 9.940906e+03
11.8 9.873857e+03 9.923786e+03 9.930669e+03 9.880740e+03
12.8 9.875444e+03 9.893562e+03 9.901203e+03 9.883085e+03
13.8 9.908187e+03 9.928482e+03 9.907810e+03 9.887515e+03
14.8 9.969841e+03 9.965215e+03 9.963333e+03 9.967959e+03
15.8 1.001038e+04 1.001550e+04 9.996380e+03 9.991269e+03
16.8 9.980838e+03 9.980934e+03 9.972720e+03 9.972624e+03
17.8 9.906709e+03 9.892383e+03 9.931652e+03 9.945978e+03
18.8 9.882728e+03 9.936053e+03 9.900949e+03 9.847624e+03
19.8 9.928165e+03 9.961476e+03 9.883771e+03 9.850460e+03
20.8 9.974572e+03 9.968042e+03 9.875985e+03 9.882515e+03
21.8 1.000626e+04 1.000597e+04 9.874029e+03 9.874313e+03
0.8 9.886790e+03 9.824639e+03 9.892995e+03 9.955146e+03
1.8 9.960684e+03 9.893826e+03 9.900661e+03 9.967520e+03
2.8 1.006105e+04 9.998681e+03 9.958141e+03 1.002051e+04
3.8 1.008403e+04 1.007877e+04 9.993082e+03 9.998340e+03
4.8 9.958649e+03 9.988582e+03 9.970839e+03 9.940906e+03
5.8 9.873857e+03 9.923786e+03 9.930669e+03 9.880740e+03
6.8 9.875444e+03 9.893562e+03 9.901203e+03 9.883085e+03
7.8 9.908187e+03 9.928482e+03 9.907810e+03 9.887515e+03
8.8 9.969841e+03 9.965215e+03 9.963333e+03 9.967959e+03
9.8 1.001038e+04 1.001550e+04 9.996380e+03 9.991269e+03
10.8 9.980838e+03 9.980934e+03 9.972720e+03 9.972624e+03
11.8 9.906709e+03 9.892383e+03 9.931652e+03 9.945978e+03
12.8 9.882728e+03 9.936053e+03 9.900949e+03 9.847624e+03
13.8 9.928165e+03 9.961476e+03 9.883771e+03 9.850460e+03
14.8 9.974572e+03 9.968042e+03 9.875985e+03 9.882515e+03
15.8 1.000626e+04 1.000597e+04 9.874029e+03 9.874313e+03
0.8 9.875444e+03 9.893562e+03 9.901203e+03 9.883085e+03
1.8 9.908187e+03 9.928482e+03 9.907810e+03 9.887515e+03
2.8 9.969841e+03 9.965215e+03 9.963333e+03 9.967959e+03
3.8 1.001038e+04 1.001550e+04 9.996380e+03 9.991269e+03
4.8 9.980838e+03 9.980934e+03 9.972720e+03 9.972624e+03
5.8 9.906709e+03 9.892383e+03 9.931652e+03 9.945978e+03
6.8 9.882728e+03 9.936053e+03 9.900949e+03 9.847624e+03
7.8 9.928165e+03 9.961476e+03 9.883771e+03 9.850460e+03
8.8 9.974572e+03 9.968042e+03 9.875985e+03 9.882515e+03
9.8 1.000626e+04 1.000597e+04 9.874029e+03 9.874313e+03
