0.2 9.873175e+03 9.898585e+03 9.861630e+03 9.836220e+03
1.2 9.919094e+03 9.897735e+03 9.861868e+03 9.883227e+03
2.2 9.901734e+03 9.894745e+03 9.864090e+03 9.871079e+03
3.2 9.915673e+03 9.892967e+03 9.867510e+03 9.890216e+03
4.2 9.883417e+03 9.891509e+03 9.868079e+03 9.859987e+03
5.2 9.845128e+03 9.881365e+03 9.866042e+03 9.829805e+03
6.2 9.848818e+03 9.875873e+03 9.863774e+03 9.836720e+03
7.2 9.859827e+03 9.865005e+03 9.862491e+03 9.857314e+03
8.2 9.817688e+03 9.883662e+03 9.863892e+03 9.797919e+03
9.2 9.879288e+03 9.869929e+03 9.866961e+03 9.876320e+03
10.2 9.852853e+03 9.870429e+03 9.867477e+03 9.849900e+03
11.2 9.810354e+03 9.844910e+03 9.866381e+03 9.831826e+03
12.2 9.893846e+03 9.871596e+03 9.867442e+03 9.889692e+03
13.2 9.917562e+03 9.876548e+03 9.868601e+03 9.909616e+03
14.2 9.927924e+03 9.891803e+03 9.867154e+03 9.903275e+03
15.2 9.881445e+03 9.889414e+03 9.866279e+03 9.858310e+03
16.2 9.919656e+03 9.886161e+03 9.867790e+03 9.901285e+03
17.2 9.877656e+03 9.895776e+03 9.867901e+03 9.849781e+03
18.2 9.861288e+03 9.882461e+03 9.865689e+03 9.844516e+03
19.2 9.874459e+03 9.876444e+03 9.863570e+03 9.861585e+03
20.2 9.829364e+03 9.863406e+03 9.864400e+03 9.830358e+03
21.2 9.879129e+03 9.871599e+03 9.867021e+03 9.874551e+03
0.2 9.848818e+03 9.875873e+03 9.863774e+03 9.836720e+03
1.2 9.859827e+03 9.865005e+03 9.862491e+03 9.857314e+03
2.2 9.817688e+03 9.883662e+03 9.863892e+03 9.797919e+03
3.2 9.879288e+03 9.869929e+03 9.866961e+03 9.876320e+03
4.2 9.852853e+03 9.870429e+03 9.867477e+03 9.849900e+03
5.2 9.810354e+03 9.844910e+03 9.866381e+03 9.831826e+03
6.2 9.893846e+03 9.871596e+03 9.867442e+03 9.889692e+03
7.2 9.917562e+03 9.876548e+03 9.868601e+03 9.909616e+03
8.2 9.927924e+03 9.891803e+03 9.867154e+03 9.903275e+03
9.2 9.881445e+03 9.889414e+03 9.866279e+03 9.858310e+03
10.2 9.919656e+03 9.886161e+03 9.867790e+03 9.901285e+03
11.2 9.877656e+03 9.895776e+03 9.867901e+03 9.849781e+03
12.2 9.861288e+03 9.882461e+03 9.865689e+03 9.844516e+03
13.2 9.874459e+03 9.876444e+03 9.863570e+03 9.861585e+03
14.2 9.829364e+03 9.863406e+03 9.864400e+03 9.830358e+03
15.2 9.879129e+03 9.871599e+03 9.867021e+03 9.874551e+03
16.2 9.872214e+03 9.854137e+03 9.867151e+03 9.885228e+03
17.2 9.849515e+03 9.849569e+03 9.865085e+03 9.865030e+03
18.2 9.893069e+03 9.855976e+03 9.863016e+03 9.900110e+03
19.2 9.899920e+03 9.883968e+03 9.862031e+03 9.877983e+03
20.2 9.934682e+03 9.869007e+03 9.863781e+03 9.929455e+03
21.2 9.896070e+03 9.881841e+03 9.866925e+03 9.881154e+03
0.6 9.852853e+03 9.870429e+03 9.867477e+03 9.849900e+03
1.6 9.810354e+03 9.844910e+03 9.866381e+03 9.831826e+03
2.6 9.893846e+03 9.871596e+03 9.867442e+03 9.889692e+03
3.6 9.917562e+03 9.876548e+03 9.868601e+03 9.909616e+03
4.6 9.927924e+03 9.891803e+03 9.867154e+03 9.903275e+03
5.6 9.881445e+03 9.889414e+03 9.866279e+03 9.858310e+03
6.6 9.919656e+03 9.886161e+03 9.867790e+03 9.901285e+03
7.6 9.877656e+03 9.895776e+03 9.867901e+03 9.849781e+03
8.6 9.861288e+03 9.882461e+03 9.865689e+03 9.844516e+03
9.6 9.874459e+03 9.876444e+03 9.863570e+03 9.861585e+03
10.6 9.829364e+03 9.863406e+03 9.864400e+03 9.830358e+03
11.6 9.879129e+03 9.871599e+03 9.867021e+03 9.874551e+03
12.6 9.872214e+03 9.854137e+03 9.867151e+03 9.885228e+03
13.6 9.849515e+03 9.849569e+03 9.865085e+03 9.865030e+03
14.6 9.893069e+03 9.855976e+03 9.863016e+03 9.900110e+03
15.6 9.899920e+03 9.883968e+03 9.862031e+03 9.877983e+03
16.6 9.934682e+03 9.869007e+03 9.863781e+03 9.929455e+03
17.6 9.896070e+03 9.881841e+03 9.866925e+03 9.881154e+03
18.6 9.878923e+03 9.850651e+03 9.867316e+03 9.895587e+03
19.6 9.813747e+03 9.852267e+03 9.865353e+03 9.826833e+03
20.6 9.852446e+03 9.838674e+03 9.863879e+03 9.877651e+03
21.6 9.829999e+03 9.861466e+03 9.865457e+03 9.833989e+03
1.0 9.927924e+03 9.891803e+03 9.867154e+03 9.903275e+03
2.0 9.881445e+03 9.889414e+03 9.866279e+03 9.858310e+03
3.0 9.919656e+03 9.886161e+03 9.867790e+03 9.901285e+03
4.0 9.877656e+03 9.895776e+03 9.867901e+03 9.849781e+03
5.0 9.861288e+03 9.882461e+03 9.865689e+03 9.844516e+03
6.0 9.874459e+03 9.876444e+03 9.863570e+03 9.861585e+03
7.0 9.829364e+03 9.863406e+03 9.864400e+03 9.830358e+03
8.0 9.879129e+03 9.871599e+03 9.867021e+03 9.874551e+03
9.0 9.872214e+03 9.854137e+03 9.867151e+03 9.885228e+03
10.0 9.849515e+03 9.849569e+03 9.865085e+03 9.865030e+03
11.0 9.893069e+03 9.855976e+03 9.863016e+03 9.900110e+03
12.0 9.899920e+03 9.883968e+03 9.862031e+03 9.877983e+03
13.0 9.934682e+03 9.869007e+03 9.863781e+03 9.929455e+03
14.0 9.896070e+03 9.881841e+03 9.866925e+03 9.881154e+03
15.0 9.878923e+03 9.850651e+03 9.867316e+03 9.895587e+03
16.0 9.813747e+03 9.852267e+03 9.865353e+03 9.826833e+03
17.0 9.852446e+03 9.838674e+03 9.863879e+03 9.877651e+03
18.0 9.829999e+03 9.861466e+03 9.865457e+03 9.833989e+03
19.0 9.890294e+03 9.867913e+03 9.867697e+03 9.890078e+03
20.0 9.863414e+03 9.887470e+03 9.867019e+03 9.842963e+03
21.0 9.901308e+03 9.889190e+03 9.864717e+03 9.876835e+03
22.0 9.878573e+03 9.886473e+03 9.863709e+03 9.855809e+03
0.3 9.861288e+03 9.882461e+03 9.865689e+03 9.844516e+03
1.3 9.874459e+03 9.876444e+03 9.863570e+03 9.861585e+03
2.3 9.829364e+03 9.863406e+03 9.864400e+03 9.830358e+03
3.3 9.879129e+03 9.871599e+03 9.867021e+03 9.874551e+03
4.3 9.872214e+03 9.854137e+03 9.867151e+03 9.885228e+03
5.3 9.849515e+03 9.849569e+03 9.865085e+03 9.865030e+03
6.3 9.893069e+03 9.855976e+03 9.863016e+03 9.900110e+03
7.3 9.899920e+03 9.883968e+03 9.862031e+03 9.877983e+03
8.3 9.934682e+03 9.869007e+03 9.863781e+03 9.929455e+03
9.3 9.896070e+03 9.881841e+03 9.866925e+03 9.881154e+03
10.3 9.878923e+03 9.850651e+03 9.867316e+03 9.895587e+03
11.3 9.813747e+03 9.852267e+03 9.865353e+03 9.826833e+03
12.3 9.852446e+03 9.838674e+03 9.863879e+03 9.877651e+03
13.3 9.829999e+03 9.861466e+03 9.865457e+03 9.833989e+03
14.3 9.890294e+03 9.867913e+03 9.867697e+03 9.890078e+03
15.3 9.863414e+03 9.887470e+03 9.867019e+03 9.842963e+03
16.3 9.901308e+03 9.889190e+03 9.864717e+03 9.876835e+03
17.3 9.878573e+03 9.886473e+03 9.863709e+03 9.855809e+03
18.3 9.909856e+03 9.892244e+03 9.865840e+03 9.883452e+03
19.3 9.889188e+03 9.876462e+03 9.867685e+03 9.880412e+03
20.3 9.861138e+03 9.857166e+03 9.866699e+03 9.870670e+03
21.3 9.875550e+03 9.843665e+03 9.866378e+03 9.898262e+03
0.3 9.893069e+03 9.855976e+03 9.863016e+03 9.900110e+03
1.3 9.899920e+03 9.883968e+03 9.862031e+03 9.877983e+03
2.3 9.934682e+03 9.869007e+03 9.863781e+03 9.929455e+03
3.3 9.896070e+03 9.881841e+03 9.866925e+03 9.881154e+03
4.3 9.878923e+03 9.850651e+03 9.867316e+03 9.895587e+03
5.3 9.813747e+03 9.852267e+03 9.865353e+03 9.826833e+03
6.3 9.852446e+03 9.838674e+03 9.863879e+03 9.877651e+03
7.3 9.829999e+03 9.861466e+03 9.865457e+03 9.833989e+03
8.3 9.890294e+03 9.867913e+03 9.867697e+03 9.890078e+03
9.3 9.863414e+03 9.887470e+03 9.867019e+03 9.842963e+03
10.3 9.901308e+03 9.889190e+03 9.864717e+03 9.876835e+03
11.3 9.878573e+03 9.886473e+03 9.863709e+03 9.855809e+03
12.3 9.909856e+03 9.892244e+03 9.865840e+03 9.883452e+03
13.3 9.889188e+03 9.876462e+03 9.867685e+03 9.880412e+03
14.3 9.861138e+03 9.857166e+03 9.866699e+03 9.870670e+03
15.3 9.875550e+03 9.843665e+03 9.866378e+03 9.898262e+03
16.3 9.855271e+03 9.867555e+03 9.868082e+03 9.855798e+03
17.3 9.881688e+03 9.878437e+03 9.867979e+03 9.871229e+03
18.3 9.892616e+03 9.889118e+03 9.866272e+03 9.869770e+03
19.3 9.843637e+03 9.885927e+03 9.866832e+03 9.824541e+03
20.3 9.929601e+03 9.887853e+03 9.868182e+03 9.909929e+03
21.3 9.857323e+03 9.899732e+03 9.867046e+03 9.824638e+03
0.5 9.813747e+03 9.852267e+03 9.865353e+03 9.826833e+03
1.5 9.852446e+03 9.838674e+03 9.863879e+03 9.877651e+03
2.5 9.829999e+03 9.861466e+03 9.865457e+03 9.833989e+03
3.5 9.890294e+03 9.867913e+03 9.867697e+03 9.890078e+03
4.5 9.863414e+03 9.887470e+03 9.867019e+03 9.842963e+03
5.5 9.901308e+03 9.889190e+03 9.864717e+03 9.876835e+03
6.5 9.878573e+03 9.886473e+03 9.863709e+03 9.855809e+03
7.5 9.909856e+03 9.892244e+03 9.865840e+03 9.883452e+03
8.5 9.889188e+03 9.876462e+03 9.867685e+03 9.880412e+03
9.5 9.861138e+03 9.857166e+03 9.866699e+03 9.870670e+03
10.5 9.875550e+03 9.843665e+03 9.866378e+03 9.898262e+03
11.5 9.855271e+03 9.867555e+03 9.868082e+03 9.855798e+03
12.5 9.881688e+03 9.878437e+03 9.867979e+03 9.871229e+03
13.5 9.892616e+03 9.889118e+03 9.866272e+03 9.869770e+03
14.5 9.843637e+03 9.885927e+03 9.866832e+03 9.824541e+03
15.5 9.929601e+03 9.887853e+03 9.868182e+03 9.909929e+03
16.5 9.857323e+03 9.899732e+03 9.867046e+03 9.824638e+03
17.5 9.888958e+03 9.897351e+03 9.866065e+03 9.857672e+03
18.5 9.893938e+03 9.892136e+03 9.867554e+03 9.869356e+03
19.5 9.871644e+03 9.876485e+03 9.867950e+03 9.863108e+03
20.5 9.842811e+03 9.862710e+03 9.865883e+03 9.845984e+03
21.5 9.796675e+03 9.841118e+03 9.863627e+03 9.819184e+03
0.7 9.901308e+03 9.889190e+03 9.864717e+03 9.876835e+03
1.7 9.878573e+03 9.886473e+03 9.863709e+03 9.855809e+03
2.7 9.909856e+03 9.892244e+03 9.865840e+03 9.883452e+03
3.7 9.889188e+03 9.876462e+03 9.867685e+03 9.880412e+03
4.7 9.861138e+03 9.857166e+03 9.866699e+03 9.870670e+03
5.7 9.875550e+03 9.843665e+03 9.866378e+03 9.898262e+03
6.7 9.855271e+03 9.867555e+03 9.868082e+03 9.855798e+03
7.7 9.881688e+03 9.878437e+03 9.867979e+03 9.871229e+03
8.7 9.892616e+03 9.889118e+03 9.866272e+03 9.869770e+03
9.7 9.843637e+03 9.885927e+03 9.866832e+03 9.824541e+03
10.7 9.929601e+03 9.887853e+03 9.868182e+03 9.909929e+03
11.7 9.857323e+03 9.899732e+03 9.867046e+03 9.824638e+03
12.7 9.888958e+03 9.897351e+03 9.866065e+03 9.857672e+03
13.7 9.893938e+03 9.892136e+03 9.867554e+03 9.869356e+03
14.7 9.871644e+03 9.876485e+03 9.867950e+03 9.863108e+03
15.7 9.842811e+03 9.862710e+03 9.865883e+03 9.845984e+03
16.7 9.796675e+03 9.841118e+03 9.863627e+03 9.819184e+03
17.7 9.845312e+03 9.869342e+03 9.864088e+03 9.840058e+03
18.7 9.889855e+03 9.875736e+03 9.866773e+03 9.880892e+03
19.7 9.890143e+03 9.868551e+03 9.867290e+03 9.888881e+03
20.7 9.852194e+03 9.852479e+03 9.866097e+03 9.865811e+03
21.7 9.921784e+03 9.861246e+03 9.867043e+03 9.927581e+03
0.1 9.889188e+03 9.876462e+03 9.867685e+03 9.880412e+03
1.1 9.861138e+03 9.857166e+03 9.866699e+03 9.870670e+03
2.1 9.875550e+03 9.843665e+03 9.866378e+03 9.898262e+03
3.1 9.855271e+03 9.867555e+03 9.868082e+03 9.855798e+03
4.1 9.881688e+03 9.878437e+03 9.867979e+03 9.871229e+03
5.1 9.892616e+03 9.889118e+03 9.866272e+03 9.869770e+03
6.1 9.843637e+03 9.885927e+03 9.866832e+03 9.824541e+03
7.1 9.929601e+03 9.887853e+03 9.868182e+03 9.909929e+03
8.1 9.857323e+03 9.899732e+03 9.867046e+03 9.824638e+03
9.1 9.888958e+03 9.897351e+03 9.866065e+03 9.857672e+03
10.1 9.893938e+03 9.892136e+03 9.867554e+03 9.869356e+03
11.1 9.871644e+03 9.876485e+03 9.867950e+03 9.863108e+03
12.1 9.842811e+03 9.862710e+03 9.865883e+03 9.845984e+03
13.1 9.796675e+03 9.841118e+03 9.863627e+03 9.819184e+03
14.1 9.845312e+03 9.869342e+03 9.864088e+03 9.840058e+03
15.1 9.889855e+03 9.875736e+03 9.866773e+03 9.880892e+03
16.1 9.890143e+03 9.868551e+03 9.867290e+03 9.888881e+03
17.1 9.852194e+03 9.852479e+03 9.866097e+03 9.865811e+03
18.1 9.921784e+03 9.861246e+03 9.867043e+03 9.927581e+03
19.1 9.845966e+03 9.852143e+03 9.868381e+03 9.862204e+03
20.1 9.789370e+03 9.763184e+03 9.867025e+03 9.893211e+03
21.1 9.874548e+03 9.868862e+03 9.864432e+03 9.870118e+03
0.5 9.881688e+03 9.878437e+03 9.867979e+03 9.871229e+03
1.5 9.892616e+03 9.889118e+03 9.866272e+03 9.869770e+03
2.5 9.843637e+03 9.885927e+03 9.866832e+03 9.824541e+03
3.5 9.929601e+03 9.887853e+03 9.868182e+03 9.909929e+03
4.5 9.857323e+03 9.899732e+03 9.867046e+03 9.824638e+03
5.5 9.888958e+03 9.897351e+03 9.866065e+03 9.857672e+03
6.5 9.893938e+03 9.892136e+03 9.867554e+03 9.869356e+03
7.5 9.871644e+03 9.876485e+03 9.867950e+03 9.863108e+03
8.5 9.842811e+03 9.862710e+03 9.865883e+03 9.845984e+03
9.5 9.796675e+03 9.841118e+03 9.863627e+03 9.819184e+03
10.5 9.845312e+03 9.869342e+03 9.864088e+03 9.840058e+03
11.5 9.889855e+03 9.875736e+03 9.866773e+03 9.880892e+03
12.5 9.890143e+03 9.868551e+03 9.867290e+03 9.888881e+03
13.5 9.852194e+03 9.852479e+03 9.866097e+03 9.865811e+03
14.5 9.921784e+03 9.861246e+03 9.867043e+03 9.927581e+03
15.5 9.845966e+03 9.852143e+03 9.868381e+03 9.862204e+03
16.5 9.789370e+03 9.763184e+03 9.867025e+03 9.893211e+03
17.5 9.874548e+03 9.868862e+03 9.864432e+03 9.870118e+03
18.5 9.872831e+03 9.901003e+03 9.862418e+03 9.834246e+03
19.5 9.889140e+03 9.892897e+03 9.862056e+03 9.858299e+03
20.5 9.800986e+03 9.868658e+03 9.864684e+03 9.797012e+03
21.5 9.896545e+03 9.875278e+03 9.867312e+03 9.888579e+03
0.9 9.857323e+03 9.899732e+03 9.867046e+03 9.824638e+03
1.9 9.888958e+03 9.897351e+03 9.866065e+03 9.857672e+03
2.9 9.893938e+03 9.892136e+03 9.867554e+03 9.869356e+03
3.9 9.871644e+03 9.876485e+03 9.867950e+03 9.863108e+03
4.9 9.842811e+03 9.862710e+03 9.865883e+03 9.845984e+03
5.9 9.796675e+03 9.841118e+03 9.863627e+03 9.819184e+03
6.9 9.845312e+03 9.869342e+03 9.864088e+03 9.840058e+03
7.9 9.889855e+03 9.875736e+03 9.866773e+03 9.880892e+03
8.9 9.890143e+03 9.868551e+03 9.867290e+03 9.888881e+03
9.9 9.852194e+03 9.852479e+03 9.866097e+03 9.865811e+03
10.9 9.921784e+03 9.861246e+03 9.867043e+03 9.927581e+03
11.9 9.845966e+03 9.852143e+03 9.868381e+03 9.862204e+03
12.9 9.789370e+03 9.763184e+03 9.867025e+03 9.893211e+03
13.9 9.874548e+03 9.868862e+03 9.864432e+03 9.870118e+03
14.9 9.872831e+03 9.901003e+03 9.862418e+03 9.834246e+03
15.9 9.889140e+03 9.892897e+03 9.862056e+03 9.858299e+03
16.9 9.800986e+03 9.868658e+03 9.864684e+03 9.797012e+03
17.9 9.896545e+03 9.875278e+03 9.867312e+03 9.888579e+03
18.9 9.877771e+03 9.873319e+03 9.866856e+03 9.871308e+03
19.9 9.905180e+03 9.888497e+03 9.866406e+03 9.883088e+03
20.9 9.958082e+03 9.928598e+03 9.868087e+03 9.897571e+03
21.9 9.887634e+03 9.898822e+03 9.868293e+03 9.857104e+03
0.2 9.842811e+03 9.862710e+03 9.865883e+03 9.845984e+03
1.2 9.796675e+03 9.841118e+03 9.863627e+03 9.819184e+03
2.2 9.845312e+03 9.869342e+03 9.864088e+03 9.840058e+03
3.2 9.889855e+03 9.875736e+03 9.866773e+03 9.880892e+03
4.2 9.890143e+03 9.868551e+03 9.867290e+03 9.888881e+03
5.2 9.852194e+03 9.852479e+03 9.866097e+03 9.865811e+03
6.2 9.921784e+03 9.861246e+03 9.867043e+03 9.927581e+03
7.2 9.845966e+03 9.852143e+03 9.868381e+03 9.862204e+03
8.2 9.789370e+03 9.763184e+03 9.867025e+03 9.893211e+03
9.2 9.874548e+03 9.868862e+03 9.864432e+03 9.870118e+03
10.2 9.872831e+03 9.901003e+03 9.862418e+03 9.834246e+03
11.2 9.889140e+03 9.892897e+03 9.862056e+03 9.858299e+03
12.2 9.800986e+03 9.868658e+03 9.864684e+03 9.797012e+03
13.1 9.896545e+03 9.875278e+03 9.867312e+03 9.888579e+03
14.1 9.877771e+03 9.873319e+03 9.866856e+03 9.871308e+03
15.1 9.905180e+03 9.888497e+03 9.866406e+03 9.883088e+03
16.1 9.958082e+03 9.928598e+03 9.868087e+03 9.897571e+03
17.1 9.887634e+03 9.898822e+03 9.868293e+03 9.857104e+03
18.1 9.863625e+03 9.879736e+03 9.866045e+03 9.849933e+03
19.1 9.860310e+03 9.866411e+03 9.863522e+03 9.857420e+03
20.1 9.860435e+03 9.884252e+03 9.861980e+03 9.838163e+03
21.1 9.888580e+03 9.879535e+03 9.862881e+03 9.871926e+03
0.6 9.890143e+03 9.868551e+03 9.867290e+03 9.888881e+03
1.6 9.852194e+03 9.852479e+03 9.866097e+03 9.865811e+03
2.6 9.921784e+03 9.861246e+03 9.867043e+03 9.927581e+03
3.6 9.845966e+03 9.852143e+03 9.868381e+03 9.862204e+03
4.6 9.789370e+03 9.763184e+03 9.867025e+03 9.893211e+03
5.6 9.874548e+03 9.868862e+03 9.864432e+03 9.870118e+03
6.6 9.872831e+03 9.901003e+03 9.862418e+03 9.834246e+03
7.6 9.889140e+03 9.892897e+03 9.862056e+03 9.858299e+03
8.6 9.800986e+03 9.868658e+03 9.864684e+03 9.797012e+03
9.6 9.896545e+03 9.875278e+03 9.867312e+03 9.888579e+03
10.6 9.877771e+03 9.873319e+03 9.866856e+03 9.871308e+03
11.6 9.905180e+03 9.888497e+03 9.866406e+03 9.883088e+03
12.6 9.958082e+03 9.928598e+03 9.868087e+03 9.897571e+03
13.6 9.887634e+03 9.898822e+03 9.868293e+03 9.857104e+03
14.6 9.863625e+03 9.879736e+03 9.866045e+03 9.849933e+03
15.6 9.860310e+03 9.866411e+03 9.863522e+03 9.857420e+03
16.6 9.860435e+03 9.884252e+03 9.861980e+03 9.838163e+03
17.6 9.888580e+03 9.879535e+03 9.862881e+03 9.871926e+03
18.6 9.868595e+03 9.893966e+03 9.866127e+03 9.840756e+03
19.6 9.835302e+03 9.893208e+03 9.867442e+03 9.809536e+03
20.6 9.896172e+03 9.884590e+03 9.865879e+03 9.877461e+03
21.6 9.834502e+03 9.873730e+03 9.863986e+03 9.824758e+03
0.6 9.872831e+03 9.901003e+03 9.862418e+03 9.834246e+03
1.6 9.889140e+03 9.892897e+03 9.862056e+03 9.858299e+03
2.6 9.800986e+03 9.868658e+03 9.864684e+03 9.797012e+03
3.6 9.896545e+03 9.875278e+03 9.867312e+03 9.888579e+03
4.6 9.877771e+03 9.873319e+03 9.866856e+03 9.871308e+03
5.6 9.905180e+03 9.888497e+03 9.866406e+03 9.883088e+03
6.6 9.958082e+03 9.928598e+03 9.868087e+03 9.897571e+03
7.6 9.887634e+03 9.898822e+03 9.868293e+03 9.857104e+03
8.6 9.863625e+03 9.879736e+03 9.866045e+03 9.849933e+03
9.6 9.860310e+03 9.866411e+03 9.863522e+03 9.857420e+03
10.6 9.860435e+03 9.884252e+03 9.861980e+03 9.838163e+03
11.6 9.888580e+03 9.879535e+03 9.862881e+03 9.871926e+03
12.6 9.868595e+03 9.893966e+03 9.866127e+03 9.840756e+03
13.6 9.835302e+03 9.893208e+03 9.867442e+03 9.809536e+03
14.6 9.896172e+03 9.884590e+03 9.865879e+03 9.877461e+03
15.6 9.834502e+03 9.873730e+03 9.863986e+03 9.824758e+03
16.6 9.855756e+03 9.850397e+03 9.864768e+03 9.870127e+03
17.6 9.885197e+03 9.869975e+03 9.867339e+03 9.882561e+03
18.6 9.873510e+03 9.876623e+03 9.867452e+03 9.864339e+03
19.6 9.896267e+03 9.878917e+03 9.865316e+03 9.882666e+03
20.6 9.906834e+03 9.869854e+03 9.863663e+03 9.900644e+03
21.6 9.857645e+03 9.857805e+03 9.865100e+03 9.864940e+03
1.0 9.877771e+03 9.873319e+03 9.866856e+03 9.871308e+03
2.0 9.905180e+03 9.888497e+03 9.866406e+03 9.883088e+03
3.0 9.958082e+03 9.928598e+03 9.868087e+03 9.897571e+03
4.0 9.887634e+03 9.898822e+03 9.868293e+03 9.857104e+03
5.0 9.863625e+03 9.879736e+03 9.866045e+03 9.849933e+03
6.0 9.860310e+03 9.866411e+03 9.863522e+03 9.857420e+03
7.0 9.860435e+03 9.884252e+03 9.861980e+03 9.838163e+03
8.0 9.888580e+03 9.879535e+03 9.862881e+03 9.871926e+03
9.0 9.868595e+03 9.893966e+03 9.866127e+03 9.840756e+03
10.0 9.835302e+03 9.893208e+03 9.867442e+03 9.809536e+03
11.0 9.896172e+03 9.884590e+03 9.865879e+03 9.877461e+03
12.0 9.834502e+03 9.873730e+03 9.863986e+03 9.824758e+03
13.0 9.855756e+03 9.850397e+03 9.864768e+03 9.870127e+03
14.0 9.885197e+03 9.869975e+03 9.867339e+03 9.882561e+03
15.0 9.873510e+03 9.876623e+03 9.867452e+03 9.864339e+03
16.0 9.896267e+03 9.878917e+03 9.865316e+03 9.882666e+03
17.0 9.906834e+03 9.869854e+03 9.863663e+03 9.900644e+03
18.0 9.857645e+03 9.857805e+03 9.865100e+03 9.864940e+03
19.0 9.883925e+03 9.871128e+03 9.867498e+03 9.880294e+03
20.0 9.904778e+03 9.871683e+03 9.867041e+03 9.900136e+03
21.0 9.887544e+03 9.870471e+03 9.864803e+03 9.881876e+03
22.0 9.841749e+03 9.863794e+03 9.863717e+03 9.841672e+03
1.0 9.860435e+03 9.884252e+03 9.861980e+03 9.838163e+03
2.0 9.888580e+03 9.879535e+03 9.862881e+03 9.871926e+03
3.0 9.868595e+03 9.893966e+03 9.866127e+03 9.840756e+03
4.0 9.835302e+03 9.893208e+03 9.867442e+03 9.809536e+03
5.0 9.896172e+03 9.884590e+03 9.865879e+03 9.877461e+03
6.0 9.834502e+03 9.873730e+03 9.863986e+03 9.824758e+03
7.0 9.855756e+03 9.850397e+03 9.864768e+03 9.870127e+03
8.0 9.885197e+03 9.869975e+03 9.867339e+03 9.882561e+03
9.0 9.873510e+03 9.876623e+03 9.867452e+03 9.864339e+03
10.0 9.896267e+03 9.878917e+03 9.865316e+03 9.882666e+03
11.0 9.906834e+03 9.869854e+03 9.863663e+03 9.900644e+03
12.0 9.857645e+03 9.857805e+03 9.865100e+03 9.864940e+03
13.0 9.883925e+03 9.871128e+03 9.867498e+03 9.880294e+03
14.0 9.904778e+03 9.871683e+03 9.867041e+03 9.900136e+03
15.0 9.887544e+03 9.870471e+03 9.864803e+03 9.881876e+03
16.0 9.841749e+03 9.863794e+03 9.863717e+03 9.841672e+03
17.0 9.857185e+03 9.854681e+03 9.865773e+03 9.868276e+03
18.0 9.867016e+03 9.865336e+03 9.867683e+03 9.869363e+03
19.0 9.851556e+03 9.862430e+03 9.866592e+03 9.855717e+03
20.0 9.909107e+03 9.869468e+03 9.864268e+03 9.903908e+03
21.0 9.889126e+03 9.872824e+03 9.862458e+03 9.878760e+03
22.0 9.881800e+03 9.876639e+03 9.861453e+03 9.866614e+03
0.2 9.896172e+03 9.884590e+03 9.865879e+03 9.877461e+03
1.2 9.834502e+03 9.873730e+03 9.863986e+03 9.824758e+03
2.2 9.855756e+03 9.850397e+03 9.864768e+03 9.870127e+03
3.2 9.885197e+03 9.869975e+03 9.867339e+03 9.882561e+03
4.2 9.873510e+03 9.876623e+03 9.867452e+03 9.864339e+03
5.2 9.896267e+03 9.878917e+03 9.865316e+03 9.882666e+03
6.2 9.906834e+03 9.869854e+03 9.863663e+03 9.900644e+03
7.2 9.857645e+03 9.857805e+03 9.865100e+03 9.864940e+03
8.2 9.883925e+03 9.871128e+03 9.867498e+03 9.880294e+03
9.2 9.904778e+03 9.871683e+03 9.867041e+03 9.900136e+03
10.2 9.887544e+03 9.870471e+03 9.864803e+03 9.881876e+03
11.2 9.841749e+03 9.863794e+03 9.863717e+03 9.841672e+03
12.2 9.857185e+03 9.854681e+03 9.865773e+03 9.868276e+03
13.2 9.867016e+03 9.865336e+03 9.867683e+03 9.869363e+03
14.2 9.851556e+03 9.862430e+03 9.866592e+03 9.855717e+03
15.2 9.909107e+03 9.869468e+03 9.864268e+03 9.903908e+03
16.2 9.889126e+03 9.872824e+03 9.862458e+03 9.878760e+03
17.2 9.881800e+03 9.876639e+03 9.861453e+03 9.866614e+03
18.2 9.859013e+03 9.866013e+03 9.861011e+03 9.854011e+03
19.2 9.887900e+03 9.869636e+03 9.860906e+03 9.879171e+03
20.2 9.912810e+03 9.854027e+03 9.861121e+03 9.919903e+03
21.2 9.748814e+03 9.853638e+03 9.863133e+03 9.758309e+03
0.4 9.896267e+03 9.878917e+03 9.865316e+03 9.882666e+03
1.4 9.906834e+03 9.869854e+03 9.863663e+03 9.900644e+03
2.4 9.857645e+03 9.857805e+03 9.865100e+03 9.864940e+03
3.4 9.883925e+03 9.871128e+03 9.867498e+03 9.880294e+03
4.4 9.904778e+03 9.871683e+03 9.867041e+03 9.900136e+03
5.4 9.887544e+03 9.870471e+03 9.864803e+03 9.881876e+03
6.4 9.841749e+03 9.863794e+03 9.863717e+03 9.841672e+03
7.4 9.857185e+03 9.854681e+03 9.865773e+03 9.868276e+03
8.4 9.867016e+03 9.865336e+03 9.867683e+03 9.869363e+03
9.4 9.851556e+03 9.862430e+03 9.866592e+03 9.855717e+03
10.4 9.909107e+03 9.869468e+03 9.864268e+03 9.903908e+03
11.4 9.889126e+03 9.872824e+03 9.862458e+03 9.878760e+03
12.4 9.881800e+03 9.876639e+03 9.861453e+03 9.866614e+03
13.4 9.859013e+03 9.866013e+03 9.861011e+03 9.854011e+03
14.4 9.887900e+03 9.869636e+03 9.860906e+03 9.879171e+03
15.4 9.912810e+03 9.854027e+03 9.861121e+03 9.919903e+03
16.4 9.748814e+03 9.853638e+03 9.863133e+03 9.758309e+03
17.4 9.786792e+03 9.825917e+03 9.866809e+03 9.827684e+03
18.4 9.846553e+03 9.834014e+03 9.868026e+03 9.880565e+03
19.4 9.849266e+03 9.833483e+03 9.866289e+03 9.882072e+03
20.4 9.874876e+03 9.846549e+03 9.864007e+03 9.892334e+03
21.4 9.830364e+03 9.863310e+03 9.862531e+03 9.829585e+03
0.7 9.887544e+03 9.870471e+03 9.864803e+03 9.881876e+03
1.7 9.841749e+03 9.863794e+03 9.863717e+03 9.841672e+03
2.7 9.857185e+03 9.854681e+03 9.865773e+03 9.868276e+03
3.7 9.867016e+03 9.865336e+03 9.867683e+03 9.869363e+03
4.7 9.851556e+03 9.862430e+03 9.866592e+03 9.855717e+03
5.7 9.909107e+03 9.869468e+03 9.864268e+03 9.903908e+03
6.7 9.889126e+03 9.872824e+03 9.862458e+03 9.878760e+03
7.7 9.881800e+03 9.876639e+03 9.861453e+03 9.866614e+03
8.7 9.859013e+03 9.866013e+03 9.861011e+03 9.854011e+03
9.7 9.887900e+03 9.869636e+03 9.860906e+03 9.879171e+03
10.7 9.912810e+03 9.854027e+03 9.861121e+03 9.919903e+03
11.7 9.748814e+03 9.853638e+03 9.863133e+03 9.758309e+03
12.7 9.786792e+03 9.825917e+03 9.866809e+03 9.827684e+03
13.7 9.846553e+03 9.834014e+03 9.868026e+03 9.880565e+03
14.7 9.849266e+03 9.833483e+03 9.866289e+03 9.882072e+03
15.7 9.874876e+03 9.846549e+03 9.864007e+03 9.892334e+03
16.7 9.830364e+03 9.863310e+03 9.862531e+03 9.829585e+03
17.7 9.912969e+03 9.859279e+03 9.863490e+03 9.917179e+03
18.7 9.868652e+03 9.863927e+03 9.866602e+03 9.871328e+03
19.7 9.842312e+03 9.862133e+03 9.867598e+03 9.847778e+03
20.7 9.877072e+03 9.875061e+03 9.865855e+03 9.867866e+03
21.7 9.850130e+03 9.857473e+03 9.863666e+03 9.856323e+03
0.1 9.887900e+03 9.869636e+03 9.860906e+03 9.879171e+03
1.1 9.912810e+03 9.854027e+03 9.861121e+03 9.919903e+03
2.1 9.748814e+03 9.853638e+03 9.863133e+03 9.758309e+03
3.1 9.786792e+03 9.825917e+03 9.866809e+03 9.827684e+03
4.1 9.846553e+03 9.834014e+03 9.868026e+03 9.880565e+03
5.1 9.849266e+03 9.833483e+03 9.866289e+03 9.882072e+03
6.1 9.874876e+03 9.846549e+03 9.864007e+03 9.892334e+03
7.1 9.830364e+03 9.863310e+03 9.862531e+03 9.829585e+03
8.1 9.912969e+03 9.859279e+03 9.863490e+03 9.917179e+03
9.1 9.868652e+03 9.863927e+03 9.866602e+03 9.871328e+03
10.1 9.842312e+03 9.862133e+03 9.867598e+03 9.847778e+03
11.1 9.877072e+03 9.875061e+03 9.865855e+03 9.867866e+03
12.1 9.850130e+03 9.857473e+03 9.863666e+03 9.856323e+03
13.1 9.847921e+03 9.858524e+03 9.862320e+03 9.851717e+03
14.1 9.844885e+03 9.835164e+03 9.863446e+03 9.873167e+03
15.1 9.827044e+03 9.849912e+03 9.866611e+03 9.843743e+03
16.1 9.840350e+03 9.839030e+03 9.867540e+03 9.868859e+03
17.1 9.809519e+03 9.844840e+03 9.865769e+03 9.830447e+03
18.1 9.871225e+03 9.845562e+03 9.863924e+03 9.889586e+03
19.1 9.833870e+03 9.858504e+03 9.864895e+03 9.840261e+03
20.1 9.821498e+03 9.848305e+03 9.867428e+03 9.840621e+03
21.1 9.878487e+03 9.840946e+03 9.867383e+03 9.904925e+03
0.1 9.874876e+03 9.846549e+03 9.864007e+03 9.892334e+03
1.1 9.830364e+03 9.863310e+03 9.862531e+03 9.829585e+03
2.1 9.912969e+03 9.859279e+03 9.863490e+03 9.917179e+03
3.1 9.868652e+03 9.863927e+03 9.866602e+03 9.871328e+03
4.1 9.842312e+03 9.862133e+03 9.867598e+03 9.847778e+03
5.1 9.877072e+03 9.875061e+03 9.865855e+03 9.867866e+03
6.1 9.850130e+03 9.857473e+03 9.863666e+03 9.856323e+03
7.1 9.847921e+03 9.858524e+03 9.862320e+03 9.851717e+03
8.1 9.844885e+03 9.835164e+03 9.863446e+03 9.873167e+03
9.1 9.827044e+03 9.849912e+03 9.866611e+03 9.843743e+03
10.1 9.840350e+03 9.839030e+03 9.867540e+03 9.868859e+03
11.1 9.809519e+03 9.844840e+03 9.865769e+03 9.830447e+03
12.1 9.871225e+03 9.845562e+03 9.863924e+03 9.889586e+03
13.1 9.833870e+03 9.858504e+03 9.864895e+03 9.840261e+03
14.1 9.821498e+03 9.848305e+03 9.867428e+03 9.840621e+03
15.1 9.878487e+03 9.840946e+03 9.867383e+03 9.904925e+03
16.1 9.890539e+03 9.886847e+03 9.866221e+03 9.869914e+03
17.1 9.878228e+03 9.867784e+03 9.867417e+03 9.877860e+03
18.1 9.862336e+03 9.869494e+03 9.868401e+03 9.861242e+03
19.1 9.785760e+03 9.845373e+03 9.866884e+03 9.807271e+03
20.1 9.864097e+03 9.852985e+03 9.866362e+03 9.877473e+03
21.1 9.898470e+03 9.853982e+03 9.867983e+03 9.912471e+03
0.1 9.850130e+03 9.857473e+03 9.863666e+03 9.856323e+03
1.1 9.847921e+03 9.858524e+03 9.862320e+03 9.851717e+03
2.1 9.844885e+03 9.835164e+03 9.863446e+03 9.873167e+03
3.1 9.827044e+03 9.849912e+03 9.866611e+03 9.843743e+03
4.1 9.840350e+03 9.839030e+03 9.867540e+03 9.868859e+03
5.1 9.809519e+03 9.844840e+03 9.865769e+03 9.830447e+03
6.1 9.871225e+03 9.845562e+03 9.863924e+03 9.889586e+03
7.1 9.833870e+03 9.858504e+03 9.864895e+03 9.840261e+03
8.1 9.821498e+03 9.848305e+03 9.867428e+03 9.840621e+03
9.1 9.878487e+03 9.840946e+03 9.867383e+03 9.904925e+03
10.1 9.890539e+03 9.886847e+03 9.866221e+03 9.869914e+03
11.1 9.878228e+03 9.867784e+03 9.867417e+03 9.877860e+03
12.1 9.862336e+03 9.869494e+03 9.868401e+03 9.861242e+03
13.1 9.785760e+03 9.845373e+03 9.866884e+03 9.807271e+03
14.1 9.864097e+03 9.852985e+03 9.866362e+03 9.877473e+03
15.1 9.898470e+03 9.853982e+03 9.867983e+03 9.912471e+03
16.1 9.858222e+03 9.878249e+03 9.867836e+03 9.847809e+03
17.1 9.913388e+03 9.894207e+03 9.865494e+03 9.884674e+03
18.1 9.900192e+03 9.873943e+03 9.863116e+03 9.889366e+03
19.1 9.852578e+03 9.865116e+03 9.861836e+03 9.849298e+03
20.1 9.868033e+03 9.869962e+03 9.863226e+03 9.861297e+03
21.1 9.895729e+03 9.859856e+03 9.866492e+03 9.902365e+03
0.3 9.809519e+03 9.844840e+03 9.865769e+03 9.830447e+03
1.3 9.871225e+03 9.845562e+03 9.863924e+03 9.889586e+03
2.3 9.833870e+03 9.858504e+03 9.864895e+03 9.840261e+03
3.3 9.821498e+03 9.848305e+03 9.867428e+03 9.840621e+03
4.3 9.878487e+03 9.840946e+03 9.867383e+03 9.904925e+03
5.3 9.890539e+03 9.886847e+03 9.866221e+03 9.869914e+03
6.3 9.878228e+03 9.867784e+03 9.867417e+03 9.877860e+03
7.3 9.862336e+03 9.869494e+03 9.868401e+03 9.861242e+03
8.3 9.785760e+03 9.845373e+03 9.866884e+03 9.807271e+03
9.3 9.864097e+03 9.852985e+03 9.866362e+03 9.877473e+03
10.3 9.898470e+03 9.853982e+03 9.867983e+03 9.912471e+03
11.3 9.858222e+03 9.878249e+03 9.867836e+03 9.847809e+03
12.3 9.913388e+03 9.894207e+03 9.865494e+03 9.884674e+03
13.3 9.900192e+03 9.873943e+03 9.863116e+03 9.889366e+03
14.3 9.852578e+03 9.865116e+03 9.861836e+03 9.849298e+03
15.3 9.868033e+03 9.869962e+03 9.863226e+03 9.861297e+03
16.3 9.895729e+03 9.859856e+03 9.866492e+03 9.902365e+03
17.3 9.899829e+03 9.869008e+03 9.867325e+03 9.898146e+03
18.3 9.854307e+03 9.851671e+03 9.865544e+03 9.868179e+03
19.3 9.839427e+03 9.852869e+03 9.863447e+03 9.850004e+03
20.3 9.873195e+03 9.850160e+03 9.862238e+03 9.885273e+03
21.3 9.857423e+03 9.857104e+03 9.863577e+03 9.863896e+03
0.7 9.878487e+03 9.840946e+03 9.867383e+03 9.904925e+03
1.7 9.890539e+03 9.886847e+03 9.866221e+03 9.869914e+03
2.7 9.878228e+03 9.867784e+03 9.867417e+03 9.877860e+03
3.7 9.862336e+03 9.869494e+03 9.868401e+03 9.861242e+03
4.7 9.785760e+03 9.845373e+03 9.866884e+03 9.807271e+03
5.7 9.864097e+03 9.852985e+03 9.866362e+03 9.877473e+03
6.7 9.898470e+03 9.853982e+03 9.867983e+03 9.912471e+03
7.7 9.858222e+03 9.878249e+03 9.867836e+03 9.847809e+03
8.7 9.913388e+03 9.894207e+03 9.865494e+03 9.884674e+03
9.7 9.900192e+03 9.873943e+03 9.863116e+03 9.889366e+03
10.7 9.852578e+03 9.865116e+03 9.861836e+03 9.849298e+03
11.7 9.868033e+03 9.869962e+03 9.863226e+03 9.861297e+03
12.7 9.895729e+03 9.859856e+03 9.866492e+03 9.902365e+03
13.7 9.899829e+03 9.869008e+03 9.867325e+03 9.898146e+03
14.7 9.854307e+03 9.851671e+03 9.865544e+03 9.868179e+03
15.7 9.839427e+03 9.852869e+03 9.863447e+03 9.850004e+03
16.7 9.873195e+03 9.850160e+03 9.862238e+03 9.885273e+03
17.7 9.857423e+03 9.857104e+03 9.863577e+03 9.863896e+03
18.7 9.889964e+03 9.874028e+03 9.866747e+03 9.882683e+03
19.7 9.866531e+03 9.872820e+03 9.867489e+03 9.861200e+03
20.7 9.871888e+03 9.888562e+03 9.865640e+03 9.848966e+03
21.7 9.843178e+03 9.871667e+03 9.863889e+03 9.835400e+03
0.1 9.862336e+03 9.869494e+03 9.868401e+03 9.861242e+03
1.1 9.785760e+03 9.845373e+03 9.866884e+03 9.807271e+03
2.1 9.864097e+03 9.852985e+03 9.866362e+03 9.877473e+03
3.1 9.898470e+03 9.853982e+03 9.867983e+03 9.912471e+03
4.1 9.858222e+03 9.878249e+03 9.867836e+03 9.847809e+03
5.1 9.913388e+03 9.894207e+03 9.865494e+03 9.884674e+03
6.1 9.900192e+03 9.873943e+03 9.863116e+03 9.889366e+03
7.1 9.852578e+03 9.865116e+03 9.861836e+03 9.849298e+03
8.1 9.868033e+03 9.869962e+03 9.863226e+03 9.861297e+03
9.1 9.895729e+03 9.859856e+03 9.866492e+03 9.902365e+03
10.1 9.899829e+03 9.869008e+03 9.867325e+03 9.898146e+03
11.1 9.854307e+03 9.851671e+03 9.865544e+03 9.868179e+03
12.1 9.839427e+03 9.852869e+03 9.863447e+03 9.850004e+03
13.1 9.873195e+03 9.850160e+03 9.862238e+03 9.885273e+03
14.1 9.857423e+03 9.857104e+03 9.863577e+03 9.863896e+03
15.1 9.889964e+03 9.874028e+03 9.866747e+03 9.882683e+03
16.1 9.866531e+03 9.872820e+03 9.867489e+03 9.861200e+03
17.1 9.871888e+03 9.888562e+03 9.865640e+03 9.848966e+03
18.1 9.843178e+03 9.871667e+03 9.863889e+03 9.835400e+03
19.1 9.936545e+03 9.866513e+03 9.865045e+03 9.935077e+03
20.1 9.803868e+03 9.865160e+03 9.867518e+03 9.806226e+03
21.1 9.853205e+03 9.864845e+03 9.867302e+03 9.855662e+03
0.1 9.900192e+03 9.873943e+03 9.863116e+03 9.889366e+03
1.1 9.852578e+03 9.865116e+03 9.861836e+03 9.849298e+03
2.1 9.868033e+03 9.869962e+03 9.863226e+03 9.861297e+03
3.1 9.895729e+03 9.859856e+03 9.866492e+03 9.902365e+03
4.1 9.899829e+03 9.869008e+03 9.867325e+03 9.898146e+03
5.1 9.854307e+03 9.851671e+03 9.865544e+03 9.868179e+03
6.1 9.839427e+03 9.852869e+03 9.863447e+03 9.850004e+03
7.1 9.873195e+03 9.850160e+03 9.862238e+03 9.885273e+03
8.1 9.857423e+03 9.857104e+03 9.863577e+03 9.863896e+03
9.1 9.889964e+03 9.874028e+03 9.866747e+03 9.882683e+03
10.1 9.866531e+03 9.872820e+03 9.867489e+03 9.861200e+03
11.1 9.871888e+03 9.888562e+03 9.865640e+03 9.848966e+03
12.1 9.843178e+03 9.871667e+03 9.863889e+03 9.835400e+03
13.1 9.936545e+03 9.866513e+03 9.865045e+03 9.935077e+03
14.1 9.803868e+03 9.865160e+03 9.867518e+03 9.806226e+03
15.1 9.853205e+03 9.864845e+03 9.867302e+03 9.855662e+03
16.1 9.823152e+03 9.858885e+03 9.866220e+03 9.830487e+03
17.1 9.852397e+03 9.861392e+03 9.867543e+03 9.858548e+03
18.1 9.824040e+03 9.861879e+03 9.868460e+03 9.830622e+03
19.1 9.885289e+03 9.876371e+03 9.866665e+03 9.875583e+03
20.1 9.905752e+03 9.881419e+03 9.864138e+03 9.888471e+03
21.1 9.857780e+03 9.898997e+03 9.863893e+03 9.822676e+03
0.1 9.839427e+03 9.852869e+03 9.863447e+03 9.850004e+03
1.1 9.873195e+03 9.850160e+03 9.862238e+03 9.885273e+03
2.1 9.857423e+03 9.857104e+03 9.863577e+03 9.863896e+03
3.1 9.889964e+03 9.874028e+03 9.866747e+03 9.882683e+03
4.1 9.866531e+03 9.872820e+03 9.867489e+03 9.861200e+03
5.1 9.871888e+03 9.888562e+03 9.865640e+03 9.848966e+03
6.1 9.843178e+03 9.871667e+03 9.863889e+03 9.835400e+03
7.1 9.936545e+03 9.866513e+03 9.865045e+03 9.935077e+03
8.1 9.803868e+03 9.865160e+03 9.867518e+03 9.806226e+03
9.1 9.853205e+03 9.864845e+03 9.867302e+03 9.855662e+03
10.1 9.823152e+03 9.858885e+03 9.866220e+03 9.830487e+03
11.1 9.852397e+03 9.861392e+03 9.867543e+03 9.858548e+03
12.1 9.824040e+03 9.861879e+03 9.868460e+03 9.830622e+03
13.1 9.885289e+03 9.876371e+03 9.866665e+03 9.875583e+03
14.1 9.905752e+03 9.881419e+03 9.864138e+03 9.888471e+03
15.1 9.857780e+03 9.898997e+03 9.863893e+03 9.822676e+03
16.1 9.903618e+03 9.885608e+03 9.866433e+03 9.884443e+03
17.1 9.866618e+03 9.868472e+03 9.867456e+03 9.865603e+03
18.1 9.828473e+03 9.857223e+03 9.866219e+03 9.837469e+03
19.1 9.868769e+03 9.852227e+03 9.866714e+03 9.883255e+03
20.1 9.827402e+03 9.836143e+03 9.868317e+03 9.859577e+03
21.1 9.869689e+03 9.845178e+03 9.867443e+03 9.891955e+03
0.4 9.871888e+03 9.888562e+03 9.865640e+03 9.848966e+03
1.4 9.843178e+03 9.871667e+03 9.863889e+03 9.835400e+03
2.4 9.936545e+03 9.866513e+03 9.865045e+03 9.935077e+03
3.4 9.803868e+03 9.865160e+03 9.867518e+03 9.806226e+03
4.4 9.853205e+03 9.864845e+03 9.867302e+03 9.855662e+03
5.4 9.823152e+03 9.858885e+03 9.866220e+03 9.830487e+03
6.4 9.852397e+03 9.861392e+03 9.867543e+03 9.858548e+03
7.4 9.824040e+03 9.861879e+03 9.868460e+03 9.830622e+03
8.4 9.885289e+03 9.876371e+03 9.866665e+03 9.875583e+03
9.4 9.905752e+03 9.881419e+03 9.864138e+03 9.888471e+03
10.4 9.857780e+03 9.898997e+03 9.863893e+03 9.822676e+03
11.4 9.903618e+03 9.885608e+03 9.866433e+03 9.884443e+03
12.4 9.866618e+03 9.868472e+03 9.867456e+03 9.865603e+03
13.4 9.828473e+03 9.857223e+03 9.866219e+03 9.837469e+03
14.4 9.868769e+03 9.852227e+03 9.866714e+03 9.883255e+03
15.4 9.827402e+03 9.836143e+03 9.868317e+03 9.859577e+03
16.4 9.869689e+03 9.845178e+03 9.867443e+03 9.891955e+03
17.4 9.875150e+03 9.887737e+03 9.866109e+03 9.853523e+03
18.4 9.869632e+03 9.866719e+03 9.867350e+03 9.870263e+03
19.4 9.860862e+03 9.853304e+03 9.868107e+03 9.875666e+03
20.4 9.784716e+03 9.845958e+03 9.866508e+03 9.805267e+03
21.4 9.818701e+03 9.834328e+03 9.866217e+03 9.850591e+03
0.8 9.853205e+03 9.864845e+03 9.867302e+03 9.855662e+03
1.8 9.823152e+03 9.858885e+03 9.866220e+03 9.830487e+03
2.8 9.852397e+03 9.861392e+03 9.867543e+03 9.858548e+03
3.8 9.824040e+03 9.861879e+03 9.868460e+03 9.830622e+03
4.8 9.885289e+03 9.876371e+03 9.866665e+03 9.875583e+03
5.8 9.905752e+03 9.881419e+03 9.864138e+03 9.888471e+03
6.8 9.857780e+03 9.898997e+03 9.863893e+03 9.822676e+03
7.8 9.903618e+03 9.885608e+03 9.866433e+03 9.884443e+03
8.8 9.866618e+03 9.868472e+03 9.867456e+03 9.865603e+03
9.8 9.828473e+03 9.857223e+03 9.866219e+03 9.837469e+03
10.8 9.868769e+03 9.852227e+03 9.866714e+03 9.883255e+03
11.8 9.827402e+03 9.836143e+03 9.868317e+03 9.859577e+03
12.8 9.869689e+03 9.845178e+03 9.867443e+03 9.891955e+03
13.8 9.875150e+03 9.887737e+03 9.866109e+03 9.853523e+03
14.8 9.869632e+03 9.866719e+03 9.867350e+03 9.870263e+03
15.8 9.860862e+03 9.853304e+03 9.868107e+03 9.875666e+03
16.8 9.784716e+03 9.845958e+03 9.866508e+03 9.805267e+03
17.8 9.818701e+03 9.834328e+03 9.866217e+03 9.850591e+03
18.8 9.876421e+03 9.835859e+03 9.867886e+03 9.908449e+03
19.8 9.837562e+03 9.877776e+03 9.867567e+03 9.827353e+03
20.8 9.890873e+03 9.862562e+03 9.865207e+03 9.893519e+03
21.8 9.884874e+03 9.868822e+03 9.862932e+03 9.878984e+03
1.0 9.905752e+03 9.881419e+03 9.864138e+03 9.888471e+03
2.0 9.857780e+03 9.898997e+03 9.863893e+03 9.822676e+03
3.0 9.903618e+03 9.885608e+03 9.866433e+03 9.884443e+03
4.0 9.866618e+03 9.868472e+03 9.867456e+03 9.865603e+03
5.0 9.828473e+03 9.857223e+03 9.866219e+03 9.837469e+03
6.0 9.868769e+03 9.852227e+03 9.866714e+03 9.883255e+03
7.0 9.827402e+03 9.836143e+03 9.868317e+03 9.859577e+03
8.0 9.869689e+03 9.845178e+03 9.867443e+03 9.891955e+03
9.0 9.875150e+03 9.887737e+03 9.866109e+03 9.853523e+03
10.0 9.869632e+03 9.866719e+03 9.867350e+03 9.870263e+03
11.0 9.860862e+03 9.853304e+03 9.868107e+03 9.875666e+03
12.0 9.784716e+03 9.845958e+03 9.866508e+03 9.805267e+03
13.0 9.818701e+03 9.834328e+03 9.866217e+03 9.850591e+03
14.0 9.876421e+03 9.835859e+03 9.867886e+03 9.908449e+03
15.0 9.837562e+03 9.877776e+03 9.867567e+03 9.827353e+03
16.0 9.890873e+03 9.862562e+03 9.865207e+03 9.893519e+03
17.0 9.884874e+03 9.868822e+03 9.862932e+03 9.878984e+03
18.0 9.860943e+03 9.850853e+03 9.861825e+03 9.871915e+03
19.0 9.872868e+03 9.870697e+03 9.863497e+03 9.865668e+03
20.0 9.884485e+03 9.870468e+03 9.866713e+03 9.880730e+03
21.0 9.921963e+03 9.881101e+03 9.867259e+03 9.908121e+03
22.0 9.874422e+03 9.867322e+03 9.866214e+03 9.873313e+03
0.4 9.866618e+03 9.868472e+03 9.867456e+03 9.865603e+03
1.4 9.828473e+03 9.857223e+03 9.866219e+03 9.837469e+03
2.4 9.868769e+03 9.852227e+03 9.866714e+03 9.883255e+03
3.4 9.827402e+03 9.836143e+03 9.868317e+03 9.859577e+03
4.4 9.869689e+03 9.845178e+03 9.867443e+03 9.891955e+03
5.4 9.875150e+03 9.887737e+03 9.866109e+03 9.853523e+03
6.4 9.869632e+03 9.866719e+03 9.867350e+03 9.870263e+03
7.4 9.860862e+03 9.853304e+03 9.868107e+03 9.875666e+03
8.4 9.784716e+03 9.845958e+03 9.866508e+03 9.805267e+03
9.4 9.818701e+03 9.834328e+03 9.866217e+03 9.850591e+03
10.4 9.876421e+03 9.835859e+03 9.867886e+03 9.908449e+03
11.4 9.837562e+03 9.877776e+03 9.867567e+03 9.827353e+03
12.4 9.890873e+03 9.862562e+03 9.865207e+03 9.893519e+03
13.4 9.884874e+03 9.868822e+03 9.862932e+03 9.878984e+03
14.4 9.860943e+03 9.850853e+03 9.861825e+03 9.871915e+03
15.4 9.872868e+03 9.870697e+03 9.863497e+03 9.865668e+03
16.4 9.884485e+03 9.870468e+03 9.866713e+03 9.880730e+03
17.4 9.921963e+03 9.881101e+03 9.867259e+03 9.908121e+03
18.4 9.874422e+03 9.867322e+03 9.866214e+03 9.873313e+03
19.4 9.883570e+03 9.866583e+03 9.867339e+03 9.884327e+03
20.4 9.874752e+03 9.857824e+03 9.868547e+03 9.885475e+03
21.4 9.850456e+03 9.846501e+03 9.867013e+03 9.870968e+03
0.8 9.869689e+03 9.845178e+03 9.867443e+03 9.891955e+03
1.8 9.875150e+03 9.887737e+03 9.866109e+03 9.853523e+03
2.8 9.869632e+03 9.866719e+03 9.867350e+03 9.870263e+03
3.8 9.860862e+03 9.853304e+03 9.868107e+03 9.875666e+03
4.8 9.784716e+03 9.845958e+03 9.866508e+03 9.805267e+03
5.8 9.818701e+03 9.834328e+03 9.866217e+03 9.850591e+03
6.8 9.876421e+03 9.835859e+03 9.867886e+03 9.908449e+03
7.8 9.837562e+03 9.877776e+03 9.867567e+03 9.827353e+03
8.8 9.890873e+03 9.862562e+03 9.865207e+03 9.893519e+03
9.8 9.884874e+03 9.868822e+03 9.862932e+03 9.878984e+03
10.8 9.860943e+03 9.850853e+03 9.861825e+03 9.871915e+03
11.8 9.872868e+03 9.870697e+03 9.863497e+03 9.865668e+03
12.8 9.884485e+03 9.870468e+03 9.866713e+03 9.880730e+03
13.8 9.921963e+03 9.881101e+03 9.867259e+03 9.908121e+03
14.8 9.874422e+03 9.867322e+03 9.866214e+03 9.873313e+03
15.8 9.883570e+03 9.866583e+03 9.867339e+03 9.884327e+03
16.8 9.874752e+03 9.857824e+03 9.868547e+03 9.885475e+03
17.8 9.850456e+03 9.846501e+03 9.867013e+03 9.870968e+03
18.8 9.892134e+03 9.862155e+03 9.864416e+03 9.894394e+03
19.8 9.872239e+03 9.876635e+03 9.863698e+03 9.859303e+03
20.8 9.843656e+03 9.870168e+03 9.866063e+03 9.839552e+03
21.8 9.818358e+03 9.864888e+03 9.867529e+03 9.821000e+03
0.2 9.860862e+03 9.853304e+03 9.868107e+03 9.875666e+03
1.2 9.784716e+03 9.845958e+03 9.866508e+03 9.805267e+03
2.2 9.818701e+03 9.834328e+03 9.866217e+03 9.850591e+03
3.2 9.876421e+03 9.835859e+03 9.867886e+03 9.908449e+03
4.2 9.837562e+03 9.877776e+03 9.867567e+03 9.827353e+03
5.2 9.890873e+03 9.862562e+03 9.865207e+03 9.893519e+03
6.2 9.884874e+03 9.868822e+03 9.862932e+03 9.878984e+03
7.2 9.860943e+03 9.850853e+03 9.861825e+03 9.871915e+03
8.2 9.872868e+03 9.870697e+03 9.863497e+03 9.865668e+03
9.2 9.884485e+03 9.870468e+03 9.866713e+03 9.880730e+03
10.2 9.921963e+03 9.881101e+03 9.867259e+03 9.908121e+03
11.2 9.874422e+03 9.867322e+03 9.866214e+03 9.873313e+03
12.2 9.883570e+03 9.866583e+03 9.867339e+03 9.884327e+03
13.2 9.874752e+03 9.857824e+03 9.868547e+03 9.885475e+03
14.2 9.850456e+03 9.846501e+03 9.867013e+03 9.870968e+03
15.2 9.892134e+03 9.862155e+03 9.864416e+03 9.894394e+03
16.2 9.872239e+03 9.876635e+03 9.863698e+03 9.859303e+03
17.2 9.843656e+03 9.870168e+03 9.866063e+03 9.839552e+03
18.2 9.818358e+03 9.864888e+03 9.867529e+03 9.821000e+03
19.2 9.912901e+03 9.887153e+03 9.866096e+03 9.891845e+03
20.2 9.875346e+03 9.877621e+03 9.863831e+03 9.861556e+03
21.2 9.836235e+03 9.875789e+03 9.862238e+03 9.822684e+03
0.2 9.884874e+03 9.868822e+03 9.862932e+03 9.878984e+03
1.2 9.860943e+03 9.850853e+03 9.861825e+03 9.871915e+03
2.2 9.872868e+03 9.870697e+03 9.863497e+03 9.865668e+03
3.2 9.884485e+03 9.870468e+03 9.866713e+03 9.880730e+03
4.2 9.921963e+03 9.881101e+03 9.867259e+03 9.908121e+03
5.2 9.874422e+03 9.867322e+03 9.866214e+03 9.873313e+03
6.2 9.883570e+03 9.866583e+03 9.867339e+03 9.884327e+03
7.2 9.874752e+03 9.857824e+03 9.868547e+03 9.885475e+03
8.2 9.850456e+03 9.846501e+03 9.867013e+03 9.870968e+03
9.2 9.892134e+03 9.862155e+03 9.864416e+03 9.894394e+03
10.2 9.872239e+03 9.876635e+03 9.863698e+03 9.859303e+03
11.2 9.843656e+03 9.870168e+03 9.866063e+03 9.839552e+03
12.2 9.818358e+03 9.864888e+03 9.867529e+03 9.821000e+03
13.2 9.912901e+03 9.887153e+03 9.866096e+03 9.891845e+03
14.2 9.875346e+03 9.877621e+03 9.863831e+03 9.861556e+03
15.2 9.836235e+03 9.875789e+03 9.862238e+03 9.822684e+03
16.2 9.916315e+03 9.856931e+03 9.862650e+03 9.922035e+03
17.2 9.883796e+03 9.882112e+03 9.865730e+03 9.867414e+03
18.2 9.925922e+03 9.886357e+03 9.867575e+03 9.907140e+03
19.2 9.868600e+03 9.867802e+03 9.866315e+03 9.867113e+03
20.2 9.863960e+03 9.870334e+03 9.864095e+03 9.857721e+03
21.2 9.856057e+03 9.860547e+03 9.862471e+03 9.857981e+03
0.6 9.921963e+03 9.881101e+03 9.867259e+03 9.908121e+03
1.6 9.874422e+03 9.867322e+03 9.866214e+03 9.873313e+03
2.6 9.883570e+03 9.866583e+03 9.867339e+03 9.884327e+03
3.6 9.874752e+03 9.857824e+03 9.868547e+03 9.885475e+03
4.6 9.850456e+03 9.846501e+03 9.867013e+03 9.870968e+03
5.6 9.892134e+03 9.862155e+03 9.864416e+03 9.894394e+03
6.6 9.872239e+03 9.876635e+03 9.863698e+03 9.859303e+03
7.6 9.843656e+03 9.870168e+03 9.866063e+03 9.839552e+03
8.6 9.818358e+03 9.864888e+03 9.867529e+03 9.821000e+03
9.6 9.912901e+03 9.887153e+03 9.866096e+03 9.891845e+03
10.6 9.875346e+03 9.877621e+03 9.863831e+03 9.861556e+03
11.6 9.836235e+03 9.875789e+03 9.862238e+03 9.822684e+03
12.6 9.916315e+03 9.856931e+03 9.862650e+03 9.922035e+03
13.6 9.883796e+03 9.882112e+03 9.865730e+03 9.867414e+03
14.6 9.925922e+03 9.886357e+03 9.867575e+03 9.907140e+03
15.6 9.868600e+03 9.867802e+03 9.866315e+03 9.867113e+03
16.6 9.863960e+03 9.870334e+03 9.864095e+03 9.857721e+03
17.6 9.856057e+03 9.860547e+03 9.862471e+03 9.857981e+03
18.6 9.866626e+03 9.865854e+03 9.862821e+03 9.863593e+03
19.6 9.881401e+03 9.873926e+03 9.865840e+03 9.873316e+03
20.6 9.892600e+03 9.877451e+03 9.867638e+03 9.882787e+03
21.6 9.853846e+03 9.887962e+03 9.866641e+03 9.832526e+03
0.8 9.892134e+03 9.862155e+03 9.864416e+03 9.894394e+03
1.8 9.872239e+03 9.876635e+03 9.863698e+03 9.859303e+03
2.8 9.843656e+03 9.870168e+03 9.866063e+03 9.839552e+03
3.8 9.818358e+03 9.864888e+03 9.867529e+03 9.821000e+03
4.8 9.912901e+03 9.887153e+03 9.866096e+03 9.891845e+03
5.8 9.875346e+03 9.877621e+03 9.863831e+03 9.861556e+03
6.8 9.836235e+03 9.875789e+03 9.862238e+03 9.822684e+03
7.8 9.916315e+03 9.856931e+03 9.862650e+03 9.922035e+03
8.8 9.883796e+03 9.882112e+03 9.865730e+03 9.867414e+03
9.8 9.925922e+03 9.886357e+03 9.867575e+03 9.907140e+03
10.8 9.868600e+03 9.867802e+03 9.866315e+03 9.867113e+03
11.8 9.863960e+03 9.870334e+03 9.864095e+03 9.857721e+03
12.8 9.856057e+03 9.860547e+03 9.862471e+03 9.857981e+03
13.8 9.866626e+03 9.865854e+03 9.862821e+03 9.863593e+03
14.8 9.881401e+03 9.873926e+03 9.865840e+03 9.873316e+03
15.8 9.892600e+03 9.877451e+03 9.867638e+03 9.882787e+03
16.8 9.853846e+03 9.887962e+03 9.866641e+03 9.832526e+03
17.8 9.899989e+03 9.867498e+03 9.866772e+03 9.899263e+03
18.8 9.800307e+03 9.843805e+03 9.868453e+03 9.824954e+03
19.8 9.890230e+03 9.907057e+03 9.867892e+03 9.851066e+03
20.8 9.883755e+03 9.887645e+03 9.866267e+03 9.862376e+03
21.8 9.866537e+03 9.868988e+03 9.867152e+03 9.864701e+03
0.8 9.836235e+03 9.875789e+03 9.862238e+03 9.822684e+03
1.8 9.916315e+03 9.856931e+03 9.862650e+03 9.922035e+03
2.8 9.883796e+03 9.882112e+03 9.865730e+03 9.867414e+03
3.8 9.925922e+03 9.886357e+03 9.867575e+03 9.907140e+03
4.8 9.868600e+03 9.867802e+03 9.866315e+03 9.867113e+03
5.8 9.863960e+03 9.870334e+03 9.864095e+03 9.857721e+03
6.8 9.856057e+03 9.860547e+03 9.862471e+03 9.857981e+03
7.8 9.866626e+03 9.865854e+03 9.862821e+03 9.863593e+03
8.8 9.881401e+03 9.873926e+03 9.865840e+03 9.873316e+03
9.8 9.892600e+03 9.877451e+03 9.867638e+03 9.882787e+03
10.8 9.853846e+03 9.887962e+03 9.866641e+03 9.832526e+03
11.8 9.899989e+03 9.867498e+03 9.866772e+03 9.899263e+03
12.8 9.800307e+03 9.843805e+03 9.868453e+03 9.824954e+03
13.8 9.890230e+03 9.907057e+03 9.867892e+03 9.851066e+03
14.8 9.883755e+03 9.887645e+03 9.866267e+03 9.862376e+03
15.8 9.866537e+03 9.868988e+03 9.867152e+03 9.864701e+03
16.8 9.866913e+03 9.841774e+03 9.868210e+03 9.893349e+03
17.8 9.838748e+03 9.849215e+03 9.866646e+03 9.856179e+03
18.8 9.801879e+03 9.832430e+03 9.864093e+03 9.833542e+03
19.8 9.831457e+03 9.845242e+03 9.862213e+03 9.848428e+03
20.8 9.836399e+03 9.870058e+03 9.862122e+03 9.828463e+03
21.8 9.883383e+03 9.871749e+03 9.864963e+03 9.876597e+03
0.8 9.856057e+03 9.860547e+03 9.862471e+03 9.857981e+03
1.8 9.866626e+03 9.865854e+03 9.862821e+03 9.863593e+03
2.8 9.881401e+03 9.873926e+03 9.865840e+03 9.873316e+03
3.8 9.892600e+03 9.877451e+03 9.867638e+03 9.882787e+03
4.8 9.853846e+03 9.887962e+03 9.866641e+03 9.832526e+03
5.8 9.899989e+03 9.867498e+03 9.866772e+03 9.899263e+03
6.8 9.800307e+03 9.843805e+03 9.868453e+03 9.824954e+03
7.8 9.890230e+03 9.907057e+03 9.867892e+03 9.851066e+03
8.8 9.883755e+03 9.887645e+03 9.866267e+03 9.862376e+03
9.8 9.866537e+03 9.868988e+03 9.867152e+03 9.864701e+03
10.8 9.866913e+03 9.841774e+03 9.868210e+03 9.893349e+03
11.8 9.838748e+03 9.849215e+03 9.866646e+03 9.856179e+03
12.8 9.801879e+03 9.832430e+03 9.864093e+03 9.833542e+03
13.8 9.831457e+03 9.845242e+03 9.862213e+03 9.848428e+03
14.8 9.836399e+03 9.870058e+03 9.862122e+03 9.828463e+03
15.8 9.883383e+03 9.871749e+03 9.864963e+03 9.876597e+03
16.8 9.866182e+03 9.891889e+03 9.867381e+03 9.841674e+03
17.8 9.872568e+03 9.883920e+03 9.866741e+03 9.855390e+03
18.8 9.858641e+03 9.873246e+03 9.866490e+03 9.851884e+03
19.8 9.889471e+03 9.856694e+03 9.868254e+03 9.901031e+03
20.8 9.829409e+03 9.850206e+03 9.868277e+03 9.847480e+03
21.8 9.799083e+03 9.823219e+03 9.865924e+03 9.841788e+03
0.3 9.892600e+03 9.877451e+03 9.867638e+03 9.882787e+03
1.3 9.853846e+03 9.887962e+03 9.866641e+03 9.832526e+03
2.3 9.899989e+03 9.867498e+03 9.866772e+03 9.899263e+03
3.3 9.800307e+03 9.843805e+03 9.868453e+03 9.824954e+03
4.3 9.890230e+03 9.907057e+03 9.867892e+03 9.851066e+03
5.3 9.883755e+03 9.887645e+03 9.866267e+03 9.862376e+03
6.3 9.866537e+03 9.868988e+03 9.867152e+03 9.864701e+03
7.3 9.866913e+03 9.841774e+03 9.868210e+03 9.893349e+03
8.3 9.838748e+03 9.849215e+03 9.866646e+03 9.856179e+03
9.3 9.801879e+03 9.832430e+03 9.864093e+03 9.833542e+03
10.3 9.831457e+03 9.845242e+03 9.862213e+03 9.848428e+03
11.3 9.836399e+03 9.870058e+03 9.862122e+03 9.828463e+03
12.3 9.883383e+03 9.871749e+03 9.864963e+03 9.876597e+03
13.3 9.866182e+03 9.891889e+03 9.867381e+03 9.841674e+03
14.3 9.872568e+03 9.883920e+03 9.866741e+03 9.855390e+03
15.3 9.858641e+03 9.873246e+03 9.866490e+03 9.851884e+03
16.3 9.889471e+03 9.856694e+03 9.868254e+03 9.901031e+03
17.3 9.829409e+03 9.850206e+03 9.868277e+03 9.847480e+03
18.3 9.799083e+03 9.823219e+03 9.865924e+03 9.841788e+03
19.3 9.805324e+03 9.811389e+03 9.863738e+03 9.857673e+03
20.3 9.825169e+03 9.824049e+03 9.864578e+03 9.865697e+03
21.3 9.876726e+03 9.846820e+03 9.867121e+03 9.897026e+03
0.7 9.890230e+03 9.907057e+03 9.867892e+03 9.851066e+03
1.7 9.883755e+03 9.887645e+03 9.866267e+03 9.862376e+03
2.7 9.866537e+03 9.868988e+03 9.867152e+03 9.864701e+03
3.7 9.866913e+03 9.841774e+03 9.868210e+03 9.893349e+03
4.7 9.838748e+03 9.849215e+03 9.866646e+03 9.856179e+03
5.7 9.801879e+03 9.832430e+03 9.864093e+03 9.833542e+03
6.7 9.831457e+03 9.845242e+03 9.862213e+03 9.848428e+03
7.7 9.836399e+03 9.870058e+03 9.862122e+03 9.828463e+03
8.7 9.883383e+03 9.871749e+03 9.864963e+03 9.876597e+03
9.7 9.866182e+03 9.891889e+03 9.867381e+03 9.841674e+03
10.7 9.872568e+03 9.883920e+03 9.866741e+03 9.855390e+03
11.7 9.858641e+03 9.873246e+03 9.866490e+03 9.851884e+03
12.7 9.889471e+03 9.856694e+03 9.868254e+03 9.901031e+03
13.7 9.829409e+03 9.850206e+03 9.868277e+03 9.847480e+03
14.7 9.799083e+03 9.823219e+03 9.865924e+03 9.841788e+03
15.7 9.805324e+03 9.811389e+03 9.863738e+03 9.857673e+03
16.7 9.825169e+03 9.824049e+03 9.864578e+03 9.865697e+03
17.7 9.876726e+03 9.846820e+03 9.867121e+03 9.897026e+03
18.7 9.850931e+03 9.860089e+03 9.867129e+03 9.857971e+03
19.7 9.921994e+03 9.881008e+03 9.865022e+03 9.906009e+03
20.7 9.902778e+03 9.865625e+03 9.862967e+03 9.900120e+03
21.7 9.894072e+03 9.876588e+03 9.861711e+03 9.879195e+03
0.7 9.831457e+03 9.845242e+03 9.862213e+03 9.848428e+03
1.7 9.836399e+03 9.870058e+03 9.862122e+03 9.828463e+03
2.7 9.883383e+03 9.871749e+03 9.864963e+03 9.876597e+03
3.7 9.866182e+03 9.891889e+03 9.867381e+03 9.841674e+03
4.7 9.872568e+03 9.883920e+03 9.866741e+03 9.855390e+03
5.7 9.858641e+03 9.873246e+03 9.866490e+03 9.851884e+03
6.7 9.889471e+03 9.856694e+03 9.868254e+03 9.901031e+03
7.7 9.829409e+03 9.850206e+03 9.868277e+03 9.847480e+03
8.7 9.799083e+03 9.823219e+03 9.865924e+03 9.841788e+03
9.7 9.805324e+03 9.811389e+03 9.863738e+03 9.857673e+03
10.7 9.825169e+03 9.824049e+03 9.864578e+03 9.865697e+03
11.7 9.876726e+03 9.846820e+03 9.867121e+03 9.897026e+03
12.7 9.850931e+03 9.860089e+03 9.867129e+03 9.857971e+03
13.7 9.921994e+03 9.881008e+03 9.865022e+03 9.906009e+03
14.7 9.902778e+03 9.865625e+03 9.862967e+03 9.900120e+03
15.7 9.894072e+03 9.876588e+03 9.861711e+03 9.879195e+03
16.7 9.876947e+03 9.855609e+03 9.861259e+03 9.882597e+03
17.7 9.805478e+03 9.857069e+03 9.862984e+03 9.811392e+03
18.7 9.861775e+03 9.854570e+03 9.866519e+03 9.873724e+03
19.7 9.847573e+03 9.872833e+03 9.867649e+03 9.842390e+03
20.7 9.817560e+03 9.853846e+03 9.866588e+03 9.830301e+03
21.7 9.907229e+03 9.867442e+03 9.867378e+03 9.907166e+03
0.1 9.866182e+03 9.891889e+03 9.867381e+03 9.841674e+03
1.1 9.872568e+03 9.883920e+03 9.866741e+03 9.855390e+03
2.1 9.858641e+03 9.873246e+03 9.866490e+03 9.851884e+03
3.1 9.889471e+03 9.856694e+03 9.868254e+03 9.901031e+03
4.1 9.829409e+03 9.850206e+03 9.868277e+03 9.847480e+03
5.1 9.799083e+03 9.823219e+03 9.865924e+03 9.841788e+03
6.1 9.805324e+03 9.811389e+03 9.863738e+03 9.857673e+03
7.1 9.825169e+03 9.824049e+03 9.864578e+03 9.865697e+03
8.1 9.876726e+03 9.846820e+03 9.867121e+03 9.897026e+03
9.1 9.850931e+03 9.860089e+03 9.867129e+03 9.857971e+03
10.1 9.921994e+03 9.881008e+03 9.865022e+03 9.906009e+03
11.1 9.902778e+03 9.865625e+03 9.862967e+03 9.900120e+03
12.1 9.894072e+03 9.876588e+03 9.861711e+03 9.879195e+03
13.1 9.876947e+03 9.855609e+03 9.861259e+03 9.882597e+03
14.1 9.805478e+03 9.857069e+03 9.862984e+03 9.811392e+03
15.1 9.861775e+03 9.854570e+03 9.866519e+03 9.873724e+03
16.1 9.847573e+03 9.872833e+03 9.867649e+03 9.842390e+03
17.1 9.817560e+03 9.853846e+03 9.866588e+03 9.830301e+03
18.1 9.907229e+03 9.867442e+03 9.867378e+03 9.907166e+03
19.1 9.838338e+03 9.864503e+03 9.868722e+03 9.842557e+03
20.1 9.933571e+03 9.879472e+03 9.867461e+03 9.921560e+03
21.1 9.918849e+03 9.884684e+03 9.866270e+03 9.900436e+03
0.3 9.799083e+03 9.823219e+03 9.865924e+03 9.841788e+03
1.3 9.805324e+03 9.811389e+03 9.863738e+03 9.857673e+03
2.3 9.825169e+03 9.824049e+03 9.864578e+03 9.865697e+03
3.3 9.876726e+03 9.846820e+03 9.867121e+03 9.897026e+03
4.3 9.850931e+03 9.860089e+03 9.867129e+03 9.857971e+03
5.3 9.921994e+03 9.881008e+03 9.865022e+03 9.906009e+03
6.3 9.902778e+03 9.865625e+03 9.862967e+03 9.900120e+03
7.3 9.894072e+03 9.876588e+03 9.861711e+03 9.879195e+03
8.3 9.876947e+03 9.855609e+03 9.861259e+03 9.882597e+03
9.3 9.805478e+03 9.857069e+03 9.862984e+03 9.811392e+03
10.3 9.861775e+03 9.854570e+03 9.866519e+03 9.873724e+03
11.3 9.847573e+03 9.872833e+03 9.867649e+03 9.842390e+03
12.3 9.817560e+03 9.853846e+03 9.866588e+03 9.830301e+03
13.3 9.907229e+03 9.867442e+03 9.867378e+03 9.907166e+03
14.3 9.838338e+03 9.864503e+03 9.868722e+03 9.842557e+03
15.3 9.933571e+03 9.879472e+03 9.867461e+03 9.921560e+03
16.3 9.918849e+03 9.884684e+03 9.866270e+03 9.900436e+03
17.3 9.837058e+03 9.875746e+03 9.867632e+03 9.828944e+03
18.3 9.868137e+03 9.875499e+03 9.868050e+03 9.860688e+03
19.3 9.873024e+03 9.858175e+03 9.866384e+03 9.881234e+03
20.3 9.838008e+03 9.849024e+03 9.866487e+03 9.855471e+03
21.3 9.849495e+03 9.863701e+03 9.868062e+03 9.853857e+03
0.1 9.894072e+03 9.876588e+03 9.861711e+03 9.879195e+03
1.1 9.876947e+03 9.855609e+03 9.861259e+03 9.882597e+03
2.1 9.805478e+03 9.857069e+03 9.862984e+03 9.811392e+03
3.1 9.861775e+03 9.854570e+03 9.866519e+03 9.873724e+03
4.1 9.847573e+03 9.872833e+03 9.867649e+03 9.842390e+03
5.1 9.817560e+03 9.853846e+03 9.866588e+03 9.830301e+03
6.1 9.907229e+03 9.867442e+03 9.867378e+03 9.907166e+03
7.1 9.838338e+03 9.864503e+03 9.868722e+03 9.842557e+03
8.1 9.933571e+03 9.879472e+03 9.867461e+03 9.921560e+03
9.1 9.918849e+03 9.884684e+03 9.866270e+03 9.900436e+03
10.1 9.837058e+03 9.875746e+03 9.867632e+03 9.828944e+03
11.1 9.868137e+03 9.875499e+03 9.868050e+03 9.860688e+03
12.1 9.873024e+03 9.858175e+03 9.866384e+03 9.881234e+03
13.1 9.838008e+03 9.849024e+03 9.866487e+03 9.855471e+03
14.1 9.849495e+03 9.863701e+03 9.868062e+03 9.853857e+03
15.1 9.865138e+03 9.847784e+03 9.867317e+03 9.884671e+03
16.1 9.865747e+03 9.861724e+03 9.864848e+03 9.868871e+03
17.1 9.853759e+03 9.861013e+03 9.863369e+03 9.856115e+03
18.1 9.877680e+03 9.869934e+03 9.865145e+03 9.872890e+03
19.1 9.876785e+03 9.865954e+03 9.867385e+03 9.878216e+03
20.1 9.884481e+03 9.851859e+03 9.866669e+03 9.899292e+03
21.1 9.839865e+03 9.851582e+03 9.864432e+03 9.852715e+03
0.5 9.847573e+03 9.872833e+03 9.867649e+03 9.842390e+03
1.5 9.817560e+03 9.853846e+03 9.866588e+03 9.830301e+03
2.5 9.907229e+03 9.867442e+03 9.867378e+03 9.907166e+03
3.5 9.838338e+03 9.864503e+03 9.868722e+03 9.842557e+03
4.5 9.933571e+03 9.879472e+03 9.867461e+03 9.921560e+03
5.5 9.918849e+03 9.884684e+03 9.866270e+03 9.900436e+03
6.5 9.837058e+03 9.875746e+03 9.867632e+03 9.828944e+03
7.5 9.868137e+03 9.875499e+03 9.868050e+03 9.860688e+03
8.5 9.873024e+03 9.858175e+03 9.866384e+03 9.881234e+03
9.5 9.838008e+03 9.849024e+03 9.866487e+03 9.855471e+03
10.5 9.849495e+03 9.863701e+03 9.868062e+03 9.853857e+03
11.5 9.865138e+03 9.847784e+03 9.867317e+03 9.884671e+03
12.5 9.865747e+03 9.861724e+03 9.864848e+03 9.868871e+03
13.5 9.853759e+03 9.861013e+03 9.863369e+03 9.856115e+03
14.5 9.877680e+03 9.869934e+03 9.865145e+03 9.872890e+03
15.5 9.876785e+03 9.865954e+03 9.867385e+03 9.878216e+03
16.5 9.884481e+03 9.851859e+03 9.866669e+03 9.899292e+03
17.5 9.839865e+03 9.851582e+03 9.864432e+03 9.852715e+03
18.5 9.855840e+03 9.839851e+03 9.862576e+03 9.878565e+03
19.5 9.832769e+03 9.860446e+03 9.862204e+03 9.834526e+03
20.5 9.872894e+03 9.865213e+03 9.864749e+03 9.872429e+03
21.5 9.893479e+03 9.878802e+03 9.867402e+03 9.882080e+03
0.9 9.933571e+03 9.879472e+03 9.867461e+03 9.921560e+03
1.9 9.918849e+03 9.884684e+03 9.866270e+03 9.900436e+03
2.9 9.837058e+03 9.875746e+03 9.867632e+03 9.828944e+03
3.9 9.868137e+03 9.875499e+03 9.868050e+03 9.860688e+03
4.9 9.873024e+03 9.858175e+03 9.866384e+03 9.881234e+03
5.9 9.838008e+03 9.849024e+03 9.866487e+03 9.855471e+03
6.9 9.849495e+03 9.863701e+03 9.868062e+03 9.853857e+03
7.9 9.865138e+03 9.847784e+03 9.867317e+03 9.884671e+03
8.9 9.865747e+03 9.861724e+03 9.864848e+03 9.868871e+03
9.9 9.853759e+03 9.861013e+03 9.863369e+03 9.856115e+03
10.9 9.877680e+03 9.869934e+03 9.865145e+03 9.872890e+03
11.9 9.876785e+03 9.865954e+03 9.867385e+03 9.878216e+03
12.9 9.884481e+03 9.851859e+03 9.866669e+03 9.899292e+03
13.9 9.839865e+03 9.851582e+03 9.864432e+03 9.852715e+03
14.9 9.855840e+03 9.839851e+03 9.862576e+03 9.878565e+03
15.9 9.832769e+03 9.860446e+03 9.862204e+03 9.834526e+03
16.9 9.872894e+03 9.865213e+03 9.864749e+03 9.872429e+03
17.9 9.893479e+03 9.878802e+03 9.867402e+03 9.882080e+03
18.9 9.864765e+03 9.866540e+03 9.866882e+03 9.865107e+03
19.9 9.828448e+03 9.840358e+03 9.864706e+03 9.852796e+03
20.9 9.850111e+03 9.846639e+03 9.862829e+03 9.866301e+03
21.9 9.835369e+03 9.845351e+03 9.862396e+03 9.852414e+03
0.4 9.868137e+03 9.875499e+03 9.868050e+03 9.860688e+03
1.4 9.873024e+03 9.858175e+03 9.866384e+03 9.881234e+03
2.4 9.838008e+03 9.849024e+03 9.866487e+03 9.855471e+03
3.4 9.849495e+03 9.863701e+03 9.868062e+03 9.853857e+03
4.4 9.865138e+03 9.847784e+03 9.867317e+03 9.884671e+03
5.4 9.865747e+03 9.861724e+03 9.864848e+03 9.868871e+03
6.4 9.853759e+03 9.861013e+03 9.863369e+03 9.856115e+03
7.4 9.877680e+03 9.869934e+03 9.865145e+03 9.872890e+03
8.4 9.876785e+03 9.865954e+03 9.867385e+03 9.878216e+03
9.4 9.884481e+03 9.851859e+03 9.866669e+03 9.899292e+03
10.4 9.839865e+03 9.851582e+03 9.864432e+03 9.852715e+03
11.4 9.855840e+03 9.839851e+03 9.862576e+03 9.878565e+03
12.4 9.832769e+03 9.860446e+03 9.862204e+03 9.834526e+03
13.4 9.872894e+03 9.865213e+03 9.864749e+03 9.872429e+03
14.4 9.893479e+03 9.878802e+03 9.867402e+03 9.882080e+03
15.4 9.864765e+03 9.866540e+03 9.866882e+03 9.865107e+03
16.4 9.828448e+03 9.840358e+03 9.864706e+03 9.852796e+03
17.4 9.850111e+03 9.846639e+03 9.862829e+03 9.866301e+03
18.4 9.835369e+03 9.845351e+03 9.862396e+03 9.852414e+03
19.4 9.904445e+03 9.873162e+03 9.864877e+03 9.896160e+03
20.4 9.840356e+03 9.872801e+03 9.867478e+03 9.835033e+03
21.4 9.850583e+03 9.856530e+03 9.866923e+03 9.860976e+03
0.5 9.865747e+03 9.861724e+03 9.864848e+03 9.868871e+03
1.5 9.853759e+03 9.861013e+03 9.863369e+03 9.856115e+03
2.5 9.877680e+03 9.869934e+03 9.865145e+03 9.872890e+03
3.5 9.876785e+03 9.865954e+03 9.867385e+03 9.878216e+03
4.5 9.884481e+03 9.851859e+03 9.866669e+03 9.899292e+03
5.5 9.839865e+03 9.851582e+03 9.864432e+03 9.852715e+03
6.5 9.855840e+03 9.839851e+03 9.862576e+03 9.878565e+03
7.5 9.832769e+03 9.860446e+03 9.862204e+03 9.834526e+03
8.5 9.872894e+03 9.865213e+03 9.864749e+03 9.872429e+03
9.5 9.893479e+03 9.878802e+03 9.867402e+03 9.882080e+03
10.5 9.864765e+03 9.866540e+03 9.866882e+03 9.865107e+03
11.5 9.828448e+03 9.840358e+03 9.864706e+03 9.852796e+03
12.5 9.850111e+03 9.846639e+03 9.862829e+03 9.866301e+03
13.5 9.835369e+03 9.845351e+03 9.862396e+03 9.852414e+03
14.5 9.904445e+03 9.873162e+03 9.864877e+03 9.896160e+03
15.5 9.840356e+03 9.872801e+03 9.867478e+03 9.835033e+03
16.5 9.850583e+03 9.856530e+03 9.866923e+03 9.860976e+03
17.5 9.850296e+03 9.840924e+03 9.864726e+03 9.874098e+03
18.5 9.849353e+03 9.852229e+03 9.862840e+03 9.859964e+03
19.5 9.853318e+03 9.842486e+03 9.862453e+03 9.873286e+03
20.5 9.851039e+03 9.869263e+03 9.864986e+03 9.846761e+03
21.5 9.867668e+03 9.881711e+03 9.867509e+03 9.853466e+03
0.5 9.855840e+03 9.839851e+03 9.862576e+03 9.878565e+03
1.5 9.832769e+03 9.860446e+03 9.862204e+03 9.834526e+03
2.5 9.872894e+03 9.865213e+03 9.864749e+03 9.872429e+03
3.5 9.893479e+03 9.878802e+03 9.867402e+03 9.882080e+03
4.5 9.864765e+03 9.866540e+03 9.866882e+03 9.865107e+03
5.5 9.828448e+03 9.840358e+03 9.864706e+03 9.852796e+03
6.5 9.850111e+03 9.846639e+03 9.862829e+03 9.866301e+03
7.5 9.835369e+03 9.845351e+03 9.862396e+03 9.852414e+03
8.5 9.904445e+03 9.873162e+03 9.864877e+03 9.896160e+03
9.5 9.840356e+03 9.872801e+03 9.867478e+03 9.835033e+03
10.5 9.850583e+03 9.856530e+03 9.866923e+03 9.860976e+03
11.5 9.850296e+03 9.840924e+03 9.864726e+03 9.874098e+03
12.5 9.849353e+03 9.852229e+03 9.862840e+03 9.859964e+03
13.5 9.853318e+03 9.842486e+03 9.862453e+03 9.873286e+03
14.5 9.851039e+03 9.869263e+03 9.864986e+03 9.846761e+03
15.5 9.867668e+03 9.881711e+03 9.867509e+03 9.853466e+03
16.5 9.871771e+03 9.875445e+03 9.866868e+03 9.863194e+03
17.5 9.876035e+03 9.881307e+03 9.864686e+03 9.859414e+03
18.5 9.842722e+03 9.854550e+03 9.863965e+03 9.852137e+03
19.5 9.841563e+03 9.868413e+03 9.866244e+03 9.839394e+03
20.5 9.861350e+03 9.869200e+03 9.867807e+03 9.859957e+03
21.5 9.902868e+03 9.875731e+03 9.866622e+03 9.893759e+03
0.5 9.850111e+03 9.846639e+03 9.862829e+03 9.866301e+03
1.5 9.835369e+03 9.845351e+03 9.862396e+03 9.852414e+03
2.5 9.904445e+03 9.873162e+03 9.864877e+03 9.896160e+03
3.5 9.840356e+03 9.872801e+03 9.867478e+03 9.835033e+03
4.5 9.850583e+03 9.856530e+03 9.866923e+03 9.860976e+03
5.5 9.850296e+03 9.840924e+03 9.864726e+03 9.874098e+03
6.5 9.849353e+03 9.852229e+03 9.862840e+03 9.859964e+03
7.5 9.853318e+03 9.842486e+03 9.862453e+03 9.873286e+03
8.5 9.851039e+03 9.869263e+03 9.864986e+03 9.846761e+03
9.5 9.867668e+03 9.881711e+03 9.867509e+03 9.853466e+03
10.5 9.871771e+03 9.875445e+03 9.866868e+03 9.863194e+03
11.5 9.876035e+03 9.881307e+03 9.864686e+03 9.859414e+03
12.5 9.842722e+03 9.854550e+03 9.863965e+03 9.852137e+03
13.5 9.841563e+03 9.868413e+03 9.866244e+03 9.839394e+03
14.5 9.861350e+03 9.869200e+03 9.867807e+03 9.859957e+03
15.5 9.902868e+03 9.875731e+03 9.866622e+03 9.893759e+03
16.5 9.871093e+03 9.879220e+03 9.866422e+03 9.858295e+03
17.5 9.834465e+03 9.861746e+03 9.868138e+03 9.840857e+03
18.5 9.866136e+03 9.865051e+03 9.867873e+03 9.868957e+03
19.5 9.879337e+03 9.862733e+03 9.865475e+03 9.882079e+03
20.5 9.839059e+03 9.855639e+03 9.863577e+03 9.846997e+03
21.5 9.891325e+03 9.869482e+03 9.864844e+03 9.886688e+03
0.6 9.849353e+03 9.852229e+03 9.862840e+03 9.859964e+03
1.6 9.853318e+03 9.842486e+03 9.862453e+03 9.873286e+03
2.6 9.851039e+03 9.869263e+03 9.864986e+03 9.846761e+03
3.6 9.867668e+03 9.881711e+03 9.867509e+03 9.853466e+03
4.6 9.871771e+03 9.875445e+03 9.866868e+03 9.863194e+03
5.6 9.876035e+03 9.881307e+03 9.864686e+03 9.859414e+03
6.6 9.842722e+03 9.854550e+03 9.863965e+03 9.852137e+03
7.6 9.841563e+03 9.868413e+03 9.866244e+03 9.839394e+03
8.6 9.861350e+03 9.869200e+03 9.867807e+03 9.859957e+03
9.6 9.902868e+03 9.875731e+03 9.866622e+03 9.893759e+03
10.6 9.871093e+03 9.879220e+03 9.866422e+03 9.858295e+03
11.6 9.834465e+03 9.861746e+03 9.868138e+03 9.840857e+03
12.6 9.866136e+03 9.865051e+03 9.867873e+03 9.868957e+03
13.6 9.879337e+03 9.862733e+03 9.865475e+03 9.882079e+03
14.6 9.839059e+03 9.855639e+03 9.863577e+03 9.846997e+03
15.6 9.891325e+03 9.869482e+03 9.864844e+03 9.886688e+03
16.6 9.876362e+03 9.859065e+03 9.867284e+03 9.884581e+03
17.6 9.877202e+03 9.878700e+03 9.866951e+03 9.865452e+03
18.6 9.891468e+03 9.872541e+03 9.864770e+03 9.883696e+03
19.6 9.892845e+03 9.858066e+03 9.863587e+03 9.898366e+03
20.6 9.814533e+03 9.824445e+03 9.865550e+03 9.855639e+03
21.6 9.859633e+03 9.856641e+03 9.867630e+03 9.870622e+03
0.8 9.876035e+03 9.881307e+03 9.864686e+03 9.859414e+03
1.8 9.842722e+03 9.854550e+03 9.863965e+03 9.852137e+03
2.8 9.841563e+03 9.868413e+03 9.866244e+03 9.839394e+03
3.8 9.861350e+03 9.869200e+03 9.867807e+03 9.859957e+03
4.8 9.902868e+03 9.875731e+03 9.866622e+03 9.893759e+03
5.8 9.871093e+03 9.879220e+03 9.866422e+03 9.858295e+03
6.8 9.834465e+03 9.861746e+03 9.868138e+03 9.840857e+03
7.8 9.866136e+03 9.865051e+03 9.867873e+03 9.868957e+03
8.8 9.879337e+03 9.862733e+03 9.865475e+03 9.882079e+03
9.8 9.839059e+03 9.855639e+03 9.863577e+03 9.846997e+03
10.8 9.891325e+03 9.869482e+03 9.864844e+03 9.886688e+03
11.8 9.876362e+03 9.859065e+03 9.867284e+03 9.884581e+03
12.8 9.877202e+03 9.878700e+03 9.866951e+03 9.865452e+03
13.8 9.891468e+03 9.872541e+03 9.864770e+03 9.883696e+03
14.8 9.892845e+03 9.858066e+03 9.863587e+03 9.898366e+03
15.8 9.814533e+03 9.824445e+03 9.865550e+03 9.855639e+03
16.8 9.859633e+03 9.856641e+03 9.867630e+03 9.870622e+03
17.8 9.883811e+03 9.855747e+03 9.866818e+03 9.894881e+03
18.8 9.841273e+03 9.863204e+03 9.866289e+03 9.844358e+03
19.8 9.915176e+03 9.889984e+03 9.867954e+03 9.893146e+03
20.8 9.854786e+03 9.881264e+03 9.868102e+03 9.841624e+03
21.8 9.893329e+03 9.853513e+03 9.866366e+03 9.906182e+03
0.2 9.861350e+03 9.869200e+03 9.867807e+03 9.859957e+03
1.2 9.902868e+03 9.875731e+03 9.866622e+03 9.893759e+03
2.2 9.871093e+03 9.879220e+03 9.866422e+03 9.858295e+03
3.2 9.834465e+03 9.861746e+03 9.868138e+03 9.840857e+03
4.2 9.866136e+03 9.865051e+03 9.867873e+03 9.868957e+03
5.2 9.879337e+03 9.862733e+03 9.865475e+03 9.882079e+03
6.2 9.839059e+03 9.855639e+03 9.863577e+03 9.846997e+03
7.2 9.891325e+03 9.869482e+03 9.864844e+03 9.886688e+03
8.2 9.876362e+03 9.859065e+03 9.867284e+03 9.884581e+03
9.2 9.877202e+03 9.878700e+03 9.866951e+03 9.865452e+03
10.2 9.891468e+03 9.872541e+03 9.864770e+03 9.883696e+03
11.2 9.892845e+03 9.858066e+03 9.863587e+03 9.898366e+03
12.2 9.814533e+03 9.824445e+03 9.865550e+03 9.855639e+03
13.2 9.859633e+03 9.856641e+03 9.867630e+03 9.870622e+03
14.2 9.883811e+03 9.855747e+03 9.866818e+03 9.894881e+03
15.2 9.841273e+03 9.863204e+03 9.866289e+03 9.844358e+03
16.2 9.915176e+03 9.889984e+03 9.867954e+03 9.893146e+03
17.2 9.854786e+03 9.881264e+03 9.868102e+03 9.841624e+03
18.2 9.893329e+03 9.853513e+03 9.866366e+03 9.906182e+03
19.2 9.810360e+03 9.840467e+03 9.866684e+03 9.836577e+03
20.2 9.787351e+03 9.840363e+03 9.868153e+03 9.815141e+03
21.2 9.844096e+03 9.855320e+03 9.867201e+03 9.855976e+03
0.4 9.879337e+03 9.862733e+03 9.865475e+03 9.882079e+03
1.4 9.839059e+03 9.855639e+03 9.863577e+03 9.846997e+03
2.4 9.891325e+03 9.869482e+03 9.864844e+03 9.886688e+03
3.4 9.876362e+03 9.859065e+03 9.867284e+03 9.884581e+03
4.4 9.877202e+03 9.878700e+03 9.866951e+03 9.865452e+03
5.4 9.891468e+03 9.872541e+03 9.864770e+03 9.883696e+03
6.4 9.892845e+03 9.858066e+03 9.863587e+03 9.898366e+03
7.4 9.814533e+03 9.824445e+03 9.865550e+03 9.855639e+03
8.4 9.859633e+03 9.856641e+03 9.867630e+03 9.870622e+03
9.4 9.883811e+03 9.855747e+03 9.866818e+03 9.894881e+03
10.4 9.841273e+03 9.863204e+03 9.866289e+03 9.844358e+03
11.4 9.915176e+03 9.889984e+03 9.867954e+03 9.893146e+03
12.4 9.854786e+03 9.881264e+03 9.868102e+03 9.841624e+03
13.4 9.893329e+03 9.853513e+03 9.866366e+03 9.906182e+03
14.4 9.810360e+03 9.840467e+03 9.866684e+03 9.836577e+03
15.4 9.787351e+03 9.840363e+03 9.868153e+03 9.815141e+03
16.4 9.844096e+03 9.855320e+03 9.867201e+03 9.855976e+03
17.4 9.847096e+03 9.863545e+03 9.865963e+03 9.849514e+03
18.4 9.889211e+03 9.866981e+03 9.867307e+03 9.889536e+03
19.4 9.873179e+03 9.870684e+03 9.868033e+03 9.870528e+03
20.4 9.911425e+03 9.873373e+03 9.866171e+03 9.904223e+03
21.4 9.872784e+03 9.867480e+03 9.863683e+03 9.868986e+03
0.6 9.891468e+03 9.872541e+03 9.864770e+03 9.883696e+03
1.6 9.892845e+03 9.858066e+03 9.863587e+03 9.898366e+03
2.6 9.814533e+03 9.824445e+03 9.865550e+03 9.855639e+03
3.6 9.859633e+03 9.856641e+03 9.867630e+03 9.870622e+03
4.6 9.883811e+03 9.855747e+03 9.866818e+03 9.894881e+03
5.6 9.841273e+03 9.863204e+03 9.866289e+03 9.844358e+03
6.6 9.915176e+03 9.889984e+03 9.867954e+03 9.893146e+03
7.6 9.854786e+03 9.881264e+03 9.868102e+03 9.841624e+03
8.6 9.893329e+03 9.853513e+03 9.866366e+03 9.906182e+03
9.6 9.810360e+03 9.840467e+03 9.866684e+03 9.836577e+03
10.6 9.787351e+03 9.840363e+03 9.868153e+03 9.815141e+03
11.6 9.844096e+03 9.855320e+03 9.867201e+03 9.855976e+03
12.6 9.847096e+03 9.863545e+03 9.865963e+03 9.849514e+03
13.6 9.889211e+03 9.866981e+03 9.867307e+03 9.889536e+03
14.6 9.873179e+03 9.870684e+03 9.868033e+03 9.870528e+03
15.6 9.911425e+03 9.873373e+03 9.866171e+03 9.904223e+03
16.6 9.872784e+03 9.867480e+03 9.863683e+03 9.868986e+03
17.6 9.833593e+03 9.852468e+03 9.862005e+03 9.843130e+03
18.6 9.836262e+03 9.846097e+03 9.862423e+03 9.852588e+03
19.6 9.882504e+03 9.862802e+03 9.865554e+03 9.885256e+03
20.6 9.864392e+03 9.888846e+03 9.867457e+03 9.843003e+03
21.6 9.799869e+03 9.858683e+03 9.866246e+03 9.807432e+03
1.0 9.883811e+03 9.855747e+03 9.866818e+03 9.894881e+03
2.0 9.841273e+03 9.863204e+03 9.866289e+03 9.844358e+03
3.0 9.915176e+03 9.889984e+03 9.867954e+03 9.893146e+03
4.0 9.854786e+03 9.881264e+03 9.868102e+03 9.841624e+03
5.0 9.893329e+03 9.853513e+03 9.866366e+03 9.906182e+03
6.0 9.810360e+03 9.840467e+03 9.866684e+03 9.836577e+03
7.0 9.787351e+03 9.840363e+03 9.868153e+03 9.815141e+03
8.0 9.844096e+03 9.855320e+03 9.867201e+03 9.855976e+03
9.0 9.847096e+03 9.863545e+03 9.865963e+03 9.849514e+03
10.0 9.889211e+03 9.866981e+03 9.867307e+03 9.889536e+03
11.0 9.873179e+03 9.870684e+03 9.868033e+03 9.870528e+03
12.0 9.911425e+03 9.873373e+03 9.866171e+03 9.904223e+03
13.0 9.872784e+03 9.867480e+03 9.863683e+03 9.868986e+03
14.0 9.833593e+03 9.852468e+03 9.862005e+03 9.843130e+03
15.0 9.836262e+03 9.846097e+03 9.862423e+03 9.852588e+03
16.0 9.882504e+03 9.862802e+03 9.865554e+03 9.885256e+03
17.0 9.864392e+03 9.888846e+03 9.867457e+03 9.843003e+03
18.0 9.799869e+03 9.858683e+03 9.866246e+03 9.807432e+03
19.0 9.902394e+03 9.865269e+03 9.864058e+03 9.901182e+03
20.0 9.845905e+03 9.853644e+03 9.862453e+03 9.854714e+03
21.0 9.869478e+03 9.872858e+03 9.862812e+03 9.859432e+03
22.0 9.868158e+03 9.870398e+03 9.865837e+03 9.863597e+03
0.4 9.854786e+03 9.881264e+03 9.868102e+03 9.841624e+03
1.4 9.893329e+03 9.853513e+03 9.866366e+03 9.906182e+03
2.4 9.810360e+03 9.840467e+03 9.866684e+03 9.836577e+03
3.4 9.787351e+03 9.840363e+03 9.868153e+03 9.815141e+03
4.4 9.844096e+03 9.855320e+03 9.867201e+03 9.855976e+03
5.4 9.847096e+03 9.863545e+03 9.865963e+03 9.849514e+03
6.4 9.889211e+03 9.866981e+03 9.867307e+03 9.889536e+03
7.4 9.873179e+03 9.870684e+03 9.868033e+03 9.870528e+03
8.4 9.911425e+03 9.873373e+03 9.866171e+03 9.904223e+03
9.4 9.872784e+03 9.867480e+03 9.863683e+03 9.868986e+03
10.4 9.833593e+03 9.852468e+03 9.862005e+03 9.843130e+03
11.4 9.836262e+03 9.846097e+03 9.862423e+03 9.852588e+03
12.4 9.882504e+03 9.862802e+03 9.865554e+03 9.885256e+03
13.4 9.864392e+03 9.888846e+03 9.867457e+03 9.843003e+03
14.4 9.799869e+03 9.858683e+03 9.866246e+03 9.807432e+03
15.4 9.902394e+03 9.865269e+03 9.864058e+03 9.901182e+03
16.4 9.845905e+03 9.853644e+03 9.862453e+03 9.854714e+03
17.4 9.869478e+03 9.872858e+03 9.862812e+03 9.859432e+03
18.4 9.868158e+03 9.870398e+03 9.865837e+03 9.863597e+03
19.4 9.869599e+03 9.869494e+03 9.867637e+03 9.867741e+03
20.4 9.895867e+03 9.857894e+03 9.866348e+03 9.904321e+03
21.4 9.833994e+03 9.830654e+03 9.864111e+03 9.867451e+03
0.8 9.844096e+03 9.855320e+03 9.867201e+03 9.855976e+03
1.8 9.847096e+03 9.863545e+03 9.865963e+03 9.849514e+03
2.8 9.889211e+03 9.866981e+03 9.867307e+03 9.889536e+03
3.8 9.873179e+03 9.870684e+03 9.868033e+03 9.870528e+03
4.8 9.911425e+03 9.873373e+03 9.866171e+03 9.904223e+03
5.8 9.872784e+03 9.867480e+03 9.863683e+03 9.868986e+03
6.8 9.833593e+03 9.852468e+03 9.862005e+03 9.843130e+03
7.8 9.836262e+03 9.846097e+03 9.862423e+03 9.852588e+03
8.8 9.882504e+03 9.862802e+03 9.865554e+03 9.885256e+03
9.8 9.864392e+03 9.888846e+03 9.867457e+03 9.843003e+03
10.8 9.799869e+03 9.858683e+03 9.866246e+03 9.807432e+03
11.8 9.902394e+03 9.865269e+03 9.864058e+03 9.901182e+03
12.8 9.845905e+03 9.853644e+03 9.862453e+03 9.854714e+03
13.8 9.869478e+03 9.872858e+03 9.862812e+03 9.859432e+03
14.8 9.868158e+03 9.870398e+03 9.865837e+03 9.863597e+03
15.8 9.869599e+03 9.869494e+03 9.867637e+03 9.867741e+03
16.8 9.895867e+03 9.857894e+03 9.866348e+03 9.904321e+03
17.8 9.833994e+03 9.830654e+03 9.864111e+03 9.867451e+03
18.8 9.885319e+03 9.866497e+03 9.862439e+03 9.881261e+03
19.8 9.868385e+03 9.827931e+03 9.861503e+03 9.901957e+03
20.8 9.745941e+03 9.804840e+03 9.861079e+03 9.802181e+03
21.8 9.844833e+03 9.878974e+03 9.860972e+03 9.826831e+03
0.8 9.833593e+03 9.852468e+03 9.862005e+03 9.843130e+03
1.8 9.836262e+03 9.846097e+03 9.862423e+03 9.852588e+03
2.8 9.882504e+03 9.862802e+03 9.865554e+03 9.885256e+03
3.8 9.864392e+03 9.888846e+03 9.867457e+03 9.843003e+03
4.8 9.799869e+03 9.858683e+03 9.866246e+03 9.807432e+03
5.8 9.902394e+03 9.865269e+03 9.864058e+03 9.901182e+03
6.8 9.845905e+03 9.853644e+03 9.862453e+03 9.854714e+03
7.8 9.869478e+03 9.872858e+03 9.862812e+03 9.859432e+03
8.8 9.868158e+03 9.870398e+03 9.865837e+03 9.863597e+03
9.8 9.869599e+03 9.869494e+03 9.867637e+03 9.867741e+03
10.8 9.895867e+03 9.857894e+03 9.866348e+03 9.904321e+03
11.8 9.833994e+03 9.830654e+03 9.864111e+03 9.867451e+03
12.8 9.885319e+03 9.866497e+03 9.862439e+03 9.881261e+03
13.8 9.868385e+03 9.827931e+03 9.861503e+03 9.901957e+03
14.8 9.745941e+03 9.804840e+03 9.861079e+03 9.802181e+03
15.8 9.844833e+03 9.878974e+03 9.860972e+03 9.826831e+03
0.8 9.845905e+03 9.853644e+03 9.862453e+03 9.854714e+03
1.8 9.869478e+03 9.872858e+03 9.862812e+03 9.859432e+03
2.8 9.868158e+03 9.870398e+03 9.865837e+03 9.863597e+03
3.8 9.869599e+03 9.869494e+03 9.867637e+03 9.867741e+03
4.8 9.895867e+03 9.857894e+03 9.866348e+03 9.904321e+03
5.8 9.833994e+03 9.830654e+03 9.864111e+03 9.867451e+03
6.8 9.885319e+03 9.866497e+03 9.862439e+03 9.881261e+03
7.8 9.868385e+03 9.827931e+03 9.861503e+03 9.901957e+03
8.8 9.745941e+03 9.804840e+03 9.861079e+03 9.802181e+03
9.8 9.844833e+03 9.878974e+03 9.860972e+03 9.826831e+03
