0.2 9.819020e+03 9.825732e+03 9.739861e+03 9.733149e+03
1.2 9.902798e+03 9.926503e+03 9.731025e+03 9.707320e+03
2.2 9.949874e+03 9.862214e+03 9.672884e+03 9.760543e+03
3.2 9.777900e+03 9.726665e+03 9.638279e+03 9.689514e+03
4.2 9.597000e+03 9.654756e+03 9.659899e+03 9.602143e+03
5.2 9.613989e+03 9.623732e+03 9.696619e+03 9.686876e+03
6.2 9.799713e+03 9.728511e+03 9.723755e+03 9.794957e+03
7.2 9.897836e+03 9.864357e+03 9.739210e+03 9.772689e+03
8.2 9.959423e+03 9.871142e+03 9.746612e+03 9.834893e+03
9.2 9.890800e+03 9.772022e+03 9.748895e+03 9.867673e+03
10.2 9.846849e+03 9.877766e+03 9.747874e+03 9.716957e+03
11.2 9.899306e+03 9.916247e+03 9.716860e+03 9.699918e+03
12.2 9.812040e+03 9.854837e+03 9.654260e+03 9.611463e+03
13.2 9.834375e+03 9.751838e+03 9.645249e+03 9.727786e+03
14.2 9.897237e+03 9.874626e+03 9.672960e+03 9.695572e+03
15.2 9.869833e+03 9.889590e+03 9.654780e+03 9.635023e+03
16.2 9.729684e+03 9.748340e+03 9.631518e+03 9.612862e+03
17.2 9.521156e+03 9.671422e+03 9.657386e+03 9.507120e+03
18.2 9.699622e+03 9.675541e+03 9.698991e+03 9.723072e+03
19.2 9.728990e+03 9.871049e+03 9.729023e+03 9.586964e+03
20.2 9.901003e+03 9.832434e+03 9.744767e+03 9.813337e+03
0.6 9.846849e+03 9.877766e+03 9.747874e+03 9.716957e+03
1.6 9.899306e+03 9.916247e+03 9.716860e+03 9.699918e+03
2.6 9.812040e+03 9.854837e+03 9.654260e+03 9.611463e+03
3.6 9.834375e+03 9.751838e+03 9.645249e+03 9.727786e+03
4.6 9.897237e+03 9.874626e+03 9.672960e+03 9.695572e+03
5.6 9.869833e+03 9.889590e+03 9.654780e+03 9.635023e+03
6.6 9.729684e+03 9.748340e+03 9.631518e+03 9.612862e+03
7.6 9.521156e+03 9.671422e+03 9.657386e+03 9.507120e+03
8.6 9.699622e+03 9.675541e+03 9.698991e+03 9.723072e+03
9.6 9.728990e+03 9.871049e+03 9.729023e+03 9.586964e+03
10.6 9.901003e+03 9.832434e+03 9.744767e+03 9.813337e+03
11.6 9.785760e+03 9.756423e+03 9.751113e+03 9.780450e+03
12.6 9.682744e+03 9.737979e+03 9.752111e+03 9.696876e+03
13.6 9.656330e+03 9.689387e+03 9.750321e+03 9.717264e+03
14.6 9.772141e+03 9.728913e+03 9.747512e+03 9.790739e+03
15.6 9.899054e+03 9.876708e+03 9.744818e+03 9.767163e+03
16.6 9.815833e+03 9.806399e+03 9.742761e+03 9.752195e+03
17.6 9.608396e+03 9.671970e+03 9.741415e+03 9.677841e+03
18.6 9.418949e+03 9.518666e+03 9.740633e+03 9.640916e+03
19.6 9.519316e+03 9.605244e+03 9.740156e+03 9.654229e+03
20.6 9.668389e+03 9.681881e+03 9.718867e+03 9.705375e+03
1.0 9.897237e+03 9.874626e+03 9.672960e+03 9.695572e+03
2.0 9.869833e+03 9.889590e+03 9.654780e+03 9.635023e+03
3.0 9.729684e+03 9.748340e+03 9.631518e+03 9.612862e+03
4.0 9.521156e+03 9.671422e+03 9.657386e+03 9.507120e+03
5.0 9.699622e+03 9.675541e+03 9.698991e+03 9.723072e+03
6.0 9.728990e+03 9.871049e+03 9.729023e+03 9.586964e+03
7.0 9.901003e+03 9.832434e+03 9.744767e+03 9.813337e+03
8.0 9.785760e+03 9.756423e+03 9.751113e+03 9.780450e+03
9.0 9.682744e+03 9.737979e+03 9.752111e+03 9.696876e+03
10.0 9.656330e+03 9.689387e+03 9.750321e+03 9.717264e+03
11.0 9.772141e+03 9.728913e+03 9.747512e+03 9.790739e+03
12.0 9.899054e+03 9.876708e+03 9.744818e+03 9.767163e+03
13.0 9.815833e+03 9.806399e+03 9.742761e+03 9.752195e+03
14.0 9.608396e+03 9.671970e+03 9.741415e+03 9.677841e+03
15.0 9.418949e+03 9.518666e+03 9.740633e+03 9.640916e+03
16.0 9.519316e+03 9.605244e+03 9.740156e+03 9.654229e+03
17.0 9.668389e+03 9.681881e+03 9.718867e+03 9.705375e+03
18.0 9.766977e+03 9.690269e+03 9.656628e+03 9.733335e+03
19.0 9.673735e+03 9.664982e+03 9.640278e+03 9.649031e+03
20.0 9.727215e+03 9.697554e+03 9.670546e+03 9.700207e+03
21.0 9.821497e+03 9.838956e+03 9.705694e+03 9.688235e+03
0.5 9.519316e+03 9.605244e+03 9.740156e+03 9.654229e+03
1.5 9.668389e+03 9.681881e+03 9.718867e+03 9.705375e+03
2.5 9.766977e+03 9.690269e+03 9.656628e+03 9.733335e+03
3.5 9.673735e+03 9.664982e+03 9.640278e+03 9.649031e+03
4.5 9.727215e+03 9.697554e+03 9.670546e+03 9.700207e+03
5.5 9.821497e+03 9.838956e+03 9.705694e+03 9.688235e+03
6.5 9.903232e+03 9.823494e+03 9.729213e+03 9.808952e+03
7.5 9.819784e+03 9.757957e+03 9.741995e+03 9.803823e+03
8.5 9.737001e+03 9.713995e+03 9.747685e+03 9.770690e+03
9.5 9.827276e+03 9.874089e+03 9.742604e+03 9.695792e+03
10.5 9.871530e+03 9.876485e+03 9.686241e+03 9.681287e+03
11.5 9.813016e+03 9.788297e+03 9.644291e+03 9.669010e+03
12.5 9.789096e+03 9.789407e+03 9.660370e+03 9.660058e+03
13.5 9.837248e+03 9.889368e+03 9.673077e+03 9.620957e+03
14.5 9.705075e+03 9.821111e+03 9.638321e+03 9.522285e+03
15.5 9.714297e+03 9.802637e+03 9.639604e+03 9.551264e+03
16.5 9.870465e+03 9.888016e+03 9.678211e+03 9.660660e+03
17.5 9.933074e+03 9.862077e+03 9.715628e+03 9.786625e+03
18.5 9.849108e+03 9.740335e+03 9.738200e+03 9.846974e+03
19.5 9.741706e+03 9.599752e+03 9.748742e+03 9.890696e+03
20.5 9.759179e+03 9.732650e+03 9.752089e+03 9.778618e+03
0.1 9.737001e+03 9.713995e+03 9.747685e+03 9.770690e+03
1.1 9.827276e+03 9.874089e+03 9.742604e+03 9.695792e+03
2.1 9.871530e+03 9.876485e+03 9.686241e+03 9.681287e+03
3.1 9.813016e+03 9.788297e+03 9.644291e+03 9.669010e+03
4.1 9.789096e+03 9.789407e+03 9.660370e+03 9.660058e+03
5.1 9.837248e+03 9.889368e+03 9.673077e+03 9.620957e+03
6.1 9.705075e+03 9.821111e+03 9.638321e+03 9.522285e+03
7.1 9.714297e+03 9.802637e+03 9.639604e+03 9.551264e+03
8.1 9.870465e+03 9.888016e+03 9.678211e+03 9.660660e+03
9.1 9.933074e+03 9.862077e+03 9.715628e+03 9.786625e+03
10.1 9.849108e+03 9.740335e+03 9.738200e+03 9.846974e+03
11.1 9.741706e+03 9.599752e+03 9.748742e+03 9.890696e+03
12.1 9.759179e+03 9.732650e+03 9.752089e+03 9.778618e+03
13.1 9.876996e+03 9.881359e+03 9.751465e+03 9.747103e+03
14.1 9.859203e+03 9.861614e+03 9.748999e+03 9.746588e+03
15.1 9.732325e+03 9.755859e+03 9.746144e+03 9.722610e+03
16.1 9.793593e+03 9.767102e+03 9.743555e+03 9.770045e+03
17.1 9.679281e+03 9.855269e+03 9.716120e+03 9.540132e+03
18.1 9.843401e+03 9.818282e+03 9.653656e+03 9.678775e+03
19.1 9.517948e+03 9.581144e+03 9.642214e+03 9.579018e+03
20.1 9.624403e+03 9.640664e+03 9.674035e+03 9.657775e+03
0.5 9.789096e+03 9.789407e+03 9.660370e+03 9.660058e+03
1.5 9.837248e+03 9.889368e+03 9.673077e+03 9.620957e+03
2.5 9.705075e+03 9.821111e+03 9.638321e+03 9.522285e+03
3.5 9.714297e+03 9.802637e+03 9.639604e+03 9.551264e+03
4.5 9.870465e+03 9.888016e+03 9.678211e+03 9.660660e+03
5.5 9.933074e+03 9.862077e+03 9.715628e+03 9.786625e+03
6.5 9.849108e+03 9.740335e+03 9.738200e+03 9.846974e+03
7.5 9.741706e+03 9.599752e+03 9.748742e+03 9.890696e+03
8.5 9.759179e+03 9.732650e+03 9.752089e+03 9.778618e+03
9.5 9.876996e+03 9.881359e+03 9.751465e+03 9.747103e+03
10.5 9.859203e+03 9.861614e+03 9.748999e+03 9.746588e+03
11.5 9.732325e+03 9.755859e+03 9.746144e+03 9.722610e+03
12.5 9.793593e+03 9.767102e+03 9.743555e+03 9.770045e+03
13.5 9.679281e+03 9.855269e+03 9.716120e+03 9.540132e+03
14.5 9.843401e+03 9.818282e+03 9.653656e+03 9.678775e+03
15.5 9.517948e+03 9.581144e+03 9.642214e+03 9.579018e+03
16.5 9.624403e+03 9.640664e+03 9.674035e+03 9.657775e+03
17.5 9.721672e+03 9.638548e+03 9.708312e+03 9.791436e+03
18.5 9.740307e+03 9.689587e+03 9.730543e+03 9.781262e+03
19.5 9.734475e+03 9.794826e+03 9.716827e+03 9.656476e+03
20.5 9.812630e+03 9.676498e+03 9.660619e+03 9.796751e+03
0.5 9.793593e+03 9.767102e+03 9.743555e+03 9.770045e+03
1.5 9.679281e+03 9.855269e+03 9.716120e+03 9.540132e+03
2.5 9.843401e+03 9.818282e+03 9.653656e+03 9.678775e+03
3.5 9.517948e+03 9.581144e+03 9.642214e+03 9.579018e+03
4.5 9.624403e+03 9.640664e+03 9.674035e+03 9.657775e+03
5.5 9.721672e+03 9.638548e+03 9.708312e+03 9.791436e+03
6.5 9.740307e+03 9.689587e+03 9.730543e+03 9.781262e+03
7.5 9.734475e+03 9.794826e+03 9.716827e+03 9.656476e+03
8.5 9.812630e+03 9.676498e+03 9.660619e+03 9.796751e+03
9.5 9.882747e+03 9.770668e+03 9.650696e+03 9.762775e+03
10.5 9.894972e+03 9.867118e+03 9.677680e+03 9.705534e+03
11.5 9.790123e+03 9.877793e+03 9.659904e+03 9.572234e+03
12.5 9.645070e+03 9.727260e+03 9.634119e+03 9.551929e+03
13.5 9.544734e+03 9.592577e+03 9.657815e+03 9.609972e+03
14.5 9.574170e+03 9.660593e+03 9.698791e+03 9.612368e+03
15.5 9.782500e+03 9.728485e+03 9.728867e+03 9.782881e+03
16.5 9.863770e+03 9.911764e+03 9.740988e+03 9.692993e+03
17.5 9.891260e+03 9.856844e+03 9.697406e+03 9.731822e+03
18.5 9.739156e+03 9.738726e+03 9.652223e+03 9.652653e+03
19.5 9.588821e+03 9.654990e+03 9.663586e+03 9.597418e+03
20.5 9.729362e+03 9.642310e+03 9.697460e+03 9.784513e+03
0.5 9.740307e+03 9.689587e+03 9.730543e+03 9.781262e+03
1.5 9.734475e+03 9.794826e+03 9.716827e+03 9.656476e+03
2.5 9.812630e+03 9.676498e+03 9.660619e+03 9.796751e+03
3.5 9.882747e+03 9.770668e+03 9.650696e+03 9.762775e+03
4.5 9.894972e+03 9.867118e+03 9.677680e+03 9.705534e+03
5.5 9.790123e+03 9.877793e+03 9.659904e+03 9.572234e+03
6.5 9.645070e+03 9.727260e+03 9.634119e+03 9.551929e+03
7.5 9.544734e+03 9.592577e+03 9.657815e+03 9.609972e+03
8.5 9.574170e+03 9.660593e+03 9.698791e+03 9.612368e+03
9.5 9.782500e+03 9.728485e+03 9.728867e+03 9.782881e+03
10.5 9.863770e+03 9.911764e+03 9.740988e+03 9.692993e+03
11.5 9.891260e+03 9.856844e+03 9.697406e+03 9.731822e+03
12.5 9.739156e+03 9.738726e+03 9.652223e+03 9.652653e+03
13.5 9.588821e+03 9.654990e+03 9.663586e+03 9.597418e+03
14.5 9.729362e+03 9.642310e+03 9.697460e+03 9.784513e+03
15.5 9.774500e+03 9.822444e+03 9.714595e+03 9.666651e+03
16.5 9.886035e+03 9.791170e+03 9.671058e+03 9.765923e+03
17.5 9.741615e+03 9.735596e+03 9.645607e+03 9.651626e+03
18.5 9.580616e+03 9.641843e+03 9.670600e+03 9.609374e+03
19.5 9.664779e+03 9.713175e+03 9.706522e+03 9.658126e+03
20.5 9.825012e+03 9.862382e+03 9.713011e+03 9.675641e+03
1.0 9.894972e+03 9.867118e+03 9.677680e+03 9.705534e+03
2.0 9.790123e+03 9.877793e+03 9.659904e+03 9.572234e+03
3.0 9.645070e+03 9.727260e+03 9.634119e+03 9.551929e+03
4.0 9.544734e+03 9.592577e+03 9.657815e+03 9.609972e+03
5.0 9.574170e+03 9.660593e+03 9.698791e+03 9.612368e+03
6.0 9.782500e+03 9.728485e+03 9.728867e+03 9.782881e+03
7.0 9.863770e+03 9.911764e+03 9.740988e+03 9.692993e+03
8.0 9.891260e+03 9.856844e+03 9.697406e+03 9.731822e+03
9.0 9.739156e+03 9.738726e+03 9.652223e+03 9.652653e+03
10.0 9.588821e+03 9.654990e+03 9.663586e+03 9.597418e+03
11.0 9.729362e+03 9.642310e+03 9.697460e+03 9.784513e+03
12.0 9.774500e+03 9.822444e+03 9.714595e+03 9.666651e+03
13.0 9.886035e+03 9.791170e+03 9.671058e+03 9.765923e+03
14.0 9.741615e+03 9.735596e+03 9.645607e+03 9.651626e+03
15.0 9.580616e+03 9.641843e+03 9.670600e+03 9.609374e+03
16.0 9.664779e+03 9.713175e+03 9.706522e+03 9.658126e+03
17.0 9.825012e+03 9.862382e+03 9.713011e+03 9.675641e+03
18.0 9.854111e+03 9.770351e+03 9.663760e+03 9.747521e+03
19.0 9.673227e+03 9.673820e+03 9.649133e+03 9.648540e+03
20.0 9.561508e+03 9.628038e+03 9.678919e+03 9.612389e+03
21.0 9.764438e+03 9.732989e+03 9.712589e+03 9.744037e+03
1.0 9.863770e+03 9.911764e+03 9.740988e+03 9.692993e+03
2.0 9.891260e+03 9.856844e+03 9.697406e+03 9.731822e+03
3.0 9.739156e+03 9.738726e+03 9.652223e+03 9.652653e+03
4.0 9.588821e+03 9.654990e+03 9.663586e+03 9.597418e+03
5.0 9.729362e+03 9.642310e+03 9.697460e+03 9.784513e+03
6.0 9.774500e+03 9.822444e+03 9.714595e+03 9.666651e+03
7.0 9.886035e+03 9.791170e+03 9.671058e+03 9.765923e+03
8.0 9.741615e+03 9.735596e+03 9.645607e+03 9.651626e+03
9.0 9.580616e+03 9.641843e+03 9.670600e+03 9.609374e+03
10.0 9.664779e+03 9.713175e+03 9.706522e+03 9.658126e+03
11.0 9.825012e+03 9.862382e+03 9.713011e+03 9.675641e+03
12.0 9.854111e+03 9.770351e+03 9.663760e+03 9.747521e+03
13.0 9.673227e+03 9.673820e+03 9.649133e+03 9.648540e+03
14.0 9.561508e+03 9.628038e+03 9.678919e+03 9.612389e+03
15.0 9.764438e+03 9.732989e+03 9.712589e+03 9.744037e+03
16.0 9.845342e+03 9.832157e+03 9.703730e+03 9.716915e+03
17.0 9.899323e+03 9.724373e+03 9.654855e+03 9.829805e+03
18.0 9.627963e+03 9.661493e+03 9.653531e+03 9.620001e+03
19.0 9.721620e+03 9.590530e+03 9.687421e+03 9.818512e+03
20.0 9.599918e+03 9.606243e+03 9.719195e+03 9.712870e+03
21.0 9.517995e+03 9.523852e+03 9.738135e+03 9.732279e+03
0.2 9.729362e+03 9.642310e+03 9.697460e+03 9.784513e+03
1.2 9.774500e+03 9.822444e+03 9.714595e+03 9.666651e+03
2.2 9.886035e+03 9.791170e+03 9.671058e+03 9.765923e+03
3.2 9.741615e+03 9.735596e+03 9.645607e+03 9.651626e+03
4.2 9.580616e+03 9.641843e+03 9.670600e+03 9.609374e+03
5.2 9.664779e+03 9.713175e+03 9.706522e+03 9.658126e+03
6.2 9.825012e+03 9.862382e+03 9.713011e+03 9.675641e+03
7.2 9.854111e+03 9.770351e+03 9.663760e+03 9.747521e+03
8.2 9.673227e+03 9.673820e+03 9.649133e+03 9.648540e+03
9.2 9.561508e+03 9.628038e+03 9.678919e+03 9.612389e+03
10.2 9.764438e+03 9.732989e+03 9.712589e+03 9.744037e+03
11.2 9.845342e+03 9.832157e+03 9.703730e+03 9.716915e+03
12.2 9.899323e+03 9.724373e+03 9.654855e+03 9.829805e+03
13.2 9.627963e+03 9.661493e+03 9.653531e+03 9.620001e+03
14.2 9.721620e+03 9.590530e+03 9.687421e+03 9.818512e+03
15.2 9.599918e+03 9.606243e+03 9.719195e+03 9.712870e+03
16.2 9.517995e+03 9.523852e+03 9.738135e+03 9.732279e+03
17.2 9.598057e+03 9.548699e+03 9.747218e+03 9.796576e+03
18.2 9.525320e+03 9.569635e+03 9.750335e+03 9.706020e+03
19.2 9.563440e+03 9.625703e+03 9.749969e+03 9.687707e+03
20.2 9.576562e+03 9.647269e+03 9.747884e+03 9.677177e+03
0.4 9.664779e+03 9.713175e+03 9.706522e+03 9.658126e+03
1.4 9.825012e+03 9.862382e+03 9.713011e+03 9.675641e+03
2.4 9.854111e+03 9.770351e+03 9.663760e+03 9.747521e+03
3.4 9.673227e+03 9.673820e+03 9.649133e+03 9.648540e+03
4.4 9.561508e+03 9.628038e+03 9.678919e+03 9.612389e+03
5.4 9.764438e+03 9.732989e+03 9.712589e+03 9.744037e+03
6.4 9.845342e+03 9.832157e+03 9.703730e+03 9.716915e+03
7.4 9.899323e+03 9.724373e+03 9.654855e+03 9.829805e+03
8.4 9.627963e+03 9.661493e+03 9.653531e+03 9.620001e+03
9.4 9.721620e+03 9.590530e+03 9.687421e+03 9.818512e+03
10.4 9.599918e+03 9.606243e+03 9.719195e+03 9.712870e+03
11.4 9.517995e+03 9.523852e+03 9.738135e+03 9.732279e+03
12.4 9.598057e+03 9.548699e+03 9.747218e+03 9.796576e+03
13.4 9.525320e+03 9.569635e+03 9.750335e+03 9.706020e+03
14.4 9.563440e+03 9.625703e+03 9.749969e+03 9.687707e+03
15.4 9.576562e+03 9.647269e+03 9.747884e+03 9.677177e+03
16.4 9.603366e+03 9.638011e+03 9.745388e+03 9.710743e+03
17.4 9.530636e+03 9.586767e+03 9.743260e+03 9.687129e+03
18.4 9.534428e+03 9.560704e+03 9.741758e+03 9.715483e+03
19.4 9.598513e+03 9.617155e+03 9.740836e+03 9.722194e+03
20.4 9.751434e+03 9.650425e+03 9.740327e+03 9.841335e+03
0.6 9.764438e+03 9.732989e+03 9.712589e+03 9.744037e+03
1.6 9.845342e+03 9.832157e+03 9.703730e+03 9.716915e+03
2.6 9.899323e+03 9.724373e+03 9.654855e+03 9.829805e+03
3.6 9.627963e+03 9.661493e+03 9.653531e+03 9.620001e+03
4.6 9.721620e+03 9.590530e+03 9.687421e+03 9.818512e+03
5.6 9.599918e+03 9.606243e+03 9.719195e+03 9.712870e+03
6.6 9.517995e+03 9.523852e+03 9.738135e+03 9.732279e+03
7.6 9.598057e+03 9.548699e+03 9.747218e+03 9.796576e+03
8.6 9.525320e+03 9.569635e+03 9.750335e+03 9.706020e+03
9.6 9.563440e+03 9.625703e+03 9.749969e+03 9.687707e+03
10.6 9.576562e+03 9.647269e+03 9.747884e+03 9.677177e+03
11.6 9.603366e+03 9.638011e+03 9.745388e+03 9.710743e+03
12.6 9.530636e+03 9.586767e+03 9.743260e+03 9.687129e+03
13.6 9.534428e+03 9.560704e+03 9.741758e+03 9.715483e+03
14.6 9.598513e+03 9.617155e+03 9.740836e+03 9.722194e+03
15.6 9.751434e+03 9.650425e+03 9.740327e+03 9.841335e+03
16.6 9.809157e+03 9.796312e+03 9.735147e+03 9.747993e+03
17.6 9.818229e+03 9.775233e+03 9.682322e+03 9.725317e+03
18.6 9.678780e+03 9.709930e+03 9.639175e+03 9.608025e+03
19.6 9.512604e+03 9.641958e+03 9.654918e+03 9.525563e+03
20.6 9.581803e+03 9.607806e+03 9.691725e+03 9.665723e+03
1.0 9.809157e+03 9.796312e+03 9.735147e+03 9.747993e+03
2.0 9.818229e+03 9.775233e+03 9.682322e+03 9.725317e+03
3.0 9.678780e+03 9.709930e+03 9.639175e+03 9.608025e+03
4.0 9.512604e+03 9.641958e+03 9.654918e+03 9.525563e+03
5.0 9.581803e+03 9.607806e+03 9.691725e+03 9.665723e+03
6.0 9.716557e+03 9.615291e+03 9.720665e+03 9.821931e+03
7.0 9.782024e+03 9.796699e+03 9.737579e+03 9.722904e+03
8.0 9.837195e+03 9.795479e+03 9.745924e+03 9.787640e+03
9.0 9.789405e+03 9.728957e+03 9.748797e+03 9.809246e+03
10.0 9.704306e+03 9.657123e+03 9.748395e+03 9.795577e+03
11.0 9.715214e+03 9.747824e+03 9.746472e+03 9.713861e+03
12.0 9.920843e+03 9.955860e+03 9.744289e+03 9.709273e+03
13.0 9.770590e+03 9.796998e+03 9.742506e+03 9.716099e+03
14.0 9.774063e+03 9.714665e+03 9.741298e+03 9.800696e+03
15.0 9.799104e+03 9.814971e+03 9.740581e+03 9.724715e+03
16.0 9.820020e+03 9.867286e+03 9.740198e+03 9.692931e+03
17.0 9.723560e+03 9.753408e+03 9.740009e+03 9.710161e+03
18.0 9.660383e+03 9.719683e+03 9.739923e+03 9.680623e+03
19.0 9.732077e+03 9.764974e+03 9.733576e+03 9.700679e+03
20.0 9.785639e+03 9.814111e+03 9.678442e+03 9.649970e+03
21.0 9.721674e+03 9.752761e+03 9.638637e+03 9.607549e+03
0.1 9.660383e+03 9.719683e+03 9.739923e+03 9.680623e+03
1.1 9.732077e+03 9.764974e+03 9.733576e+03 9.700679e+03
2.1 9.785639e+03 9.814111e+03 9.678442e+03 9.649970e+03
3.1 9.721674e+03 9.752761e+03 9.638637e+03 9.607549e+03
4.1 9.533515e+03 9.614303e+03 9.656864e+03 9.576076e+03
5.1 9.627731e+03 9.560367e+03 9.693707e+03 9.761071e+03
6.1 9.689881e+03 9.612958e+03 9.721931e+03 9.798854e+03
7.1 9.744859e+03 9.767693e+03 9.738252e+03 9.715418e+03
8.1 9.799244e+03 9.776269e+03 9.746212e+03 9.769187e+03
9.1 9.677311e+03 9.683735e+03 9.748844e+03 9.742419e+03
10.1 9.552356e+03 9.634176e+03 9.748311e+03 9.666491e+03
11.1 9.589990e+03 9.561819e+03 9.746345e+03 9.774516e+03
12.1 9.668056e+03 9.636157e+03 9.744173e+03 9.776072e+03
13.1 9.736484e+03 9.807137e+03 9.735330e+03 9.664677e+03
14.1 9.825361e+03 9.771359e+03 9.677944e+03 9.731946e+03
15.1 9.635526e+03 9.701441e+03 9.639155e+03 9.573240e+03
16.1 9.541110e+03 9.596906e+03 9.658185e+03 9.602389e+03
17.1 9.665821e+03 9.643955e+03 9.694827e+03 9.716694e+03
18.1 9.702161e+03 9.752207e+03 9.722607e+03 9.672561e+03
19.1 9.780814e+03 9.748465e+03 9.738601e+03 9.770951e+03
20.1 9.822191e+03 9.691289e+03 9.746358e+03 9.877261e+03
0.1 9.668056e+03 9.636157e+03 9.744173e+03 9.776072e+03
1.1 9.736484e+03 9.807137e+03 9.735330e+03 9.664677e+03
2.1 9.825361e+03 9.771359e+03 9.677944e+03 9.731946e+03
3.1 9.635526e+03 9.701441e+03 9.639155e+03 9.573240e+03
4.1 9.541110e+03 9.596906e+03 9.658185e+03 9.602389e+03
5.1 9.665821e+03 9.643955e+03 9.694827e+03 9.716694e+03
6.1 9.702161e+03 9.752207e+03 9.722607e+03 9.672561e+03
7.1 9.780814e+03 9.748465e+03 9.738601e+03 9.770951e+03
8.1 9.822191e+03 9.691289e+03 9.746358e+03 9.877261e+03
9.1 9.841335e+03 9.753391e+03 9.747897e+03 9.835841e+03
10.1 9.837570e+03 9.792909e+03 9.709905e+03 9.754567e+03
11.1 9.654604e+03 9.718140e+03 9.651453e+03 9.587918e+03
12.1 9.507492e+03 9.629768e+03 9.650466e+03 9.528190e+03
13.1 9.880747e+03 9.684388e+03 9.683865e+03 9.880223e+03
14.1 9.892774e+03 9.789508e+03 9.715071e+03 9.818338e+03
15.1 9.904085e+03 9.756669e+03 9.734465e+03 9.881880e+03
16.1 9.717434e+03 9.657378e+03 9.744525e+03 9.804581e+03
17.1 9.606891e+03 9.627979e+03 9.748534e+03 9.727446e+03
18.1 9.548045e+03 9.614282e+03 9.748791e+03 9.682554e+03
19.1 9.643314e+03 9.638374e+03 9.747114e+03 9.752055e+03
20.1 9.714825e+03 9.721017e+03 9.744899e+03 9.738707e+03
0.7 9.841335e+03 9.753391e+03 9.747897e+03 9.835841e+03
1.7 9.837570e+03 9.792909e+03 9.709905e+03 9.754567e+03
2.7 9.654604e+03 9.718140e+03 9.651453e+03 9.587918e+03
3.7 9.507492e+03 9.629768e+03 9.650466e+03 9.528190e+03
4.7 9.880747e+03 9.684388e+03 9.683865e+03 9.880223e+03
5.7 9.892774e+03 9.789508e+03 9.715071e+03 9.818338e+03
6.7 9.904085e+03 9.756669e+03 9.734465e+03 9.881880e+03
7.7 9.717434e+03 9.657378e+03 9.744525e+03 9.804581e+03
8.7 9.606891e+03 9.627979e+03 9.748534e+03 9.727446e+03
9.7 9.548045e+03 9.614282e+03 9.748791e+03 9.682554e+03
10.7 9.643314e+03 9.638374e+03 9.747114e+03 9.752055e+03
11.7 9.714825e+03 9.721017e+03 9.744899e+03 9.738707e+03
12.7 9.657104e+03 9.775593e+03 9.742958e+03 9.624469e+03
13.7 9.757753e+03 9.739459e+03 9.741587e+03 9.759881e+03
14.7 9.509538e+03 9.623926e+03 9.740745e+03 9.626357e+03
15.7 9.485213e+03 9.519777e+03 9.740282e+03 9.705718e+03
16.7 9.577359e+03 9.602168e+03 9.731213e+03 9.706405e+03
17.7 9.639750e+03 9.622013e+03 9.672963e+03 9.690700e+03
18.7 9.537864e+03 9.561040e+03 9.638311e+03 9.615135e+03
19.7 9.387023e+03 9.500347e+03 9.659912e+03 9.546588e+03
20.7 9.497825e+03 9.427925e+03 9.696623e+03 9.766523e+03
0.2 9.485213e+03 9.519777e+03 9.740282e+03 9.705718e+03
1.2 9.577359e+03 9.602168e+03 9.731213e+03 9.706405e+03
2.2 9.639750e+03 9.622013e+03 9.672963e+03 9.690700e+03
3.2 9.537864e+03 9.561040e+03 9.638311e+03 9.615135e+03
4.2 9.387023e+03 9.500347e+03 9.659912e+03 9.546588e+03
5.2 9.497825e+03 9.427925e+03 9.696623e+03 9.766523e+03
6.2 9.672469e+03 9.558557e+03 9.723755e+03 9.837667e+03
7.2 9.799626e+03 9.763919e+03 9.739210e+03 9.774917e+03
8.2 9.813178e+03 9.829053e+03 9.746612e+03 9.730737e+03
9.2 9.764773e+03 9.745838e+03 9.748895e+03 9.767831e+03
10.2 9.756427e+03 9.755587e+03 9.748177e+03 9.749017e+03
11.2 9.807423e+03 9.833274e+03 9.746154e+03 9.720303e+03
12.2 9.714501e+03 9.676856e+03 9.744002e+03 9.781647e+03
13.2 9.603343e+03 9.590026e+03 9.742299e+03 9.755616e+03
14.2 9.571331e+03 9.614120e+03 9.741169e+03 9.698381e+03
15.2 9.659029e+03 9.778585e+03 9.739085e+03 9.619529e+03
16.2 9.765793e+03 9.801491e+03 9.698002e+03 9.662304e+03
17.2 9.831473e+03 9.726782e+03 9.643527e+03 9.748218e+03
18.2 9.610861e+03 9.637894e+03 9.647825e+03 9.620792e+03
19.2 9.514005e+03 9.588222e+03 9.683492e+03 9.609275e+03
20.2 9.578793e+03 9.546804e+03 9.715196e+03 9.747185e+03
0.8 9.659029e+03 9.778585e+03 9.739085e+03 9.619529e+03
1.8 9.765793e+03 9.801491e+03 9.698002e+03 9.662304e+03
2.8 9.831473e+03 9.726782e+03 9.643527e+03 9.748218e+03
3.8 9.610861e+03 9.637894e+03 9.647825e+03 9.620792e+03
4.8 9.514005e+03 9.588222e+03 9.683492e+03 9.609275e+03
5.8 9.578793e+03 9.546804e+03 9.715196e+03 9.747185e+03
6.8 9.744267e+03 9.697875e+03 9.734607e+03 9.780999e+03
7.8 9.812972e+03 9.804528e+03 9.744591e+03 9.753035e+03
8.8 9.843578e+03 9.777295e+03 9.748500e+03 9.814784e+03
9.8 9.581824e+03 9.665434e+03 9.748677e+03 9.665067e+03
10.8 9.525055e+03 9.590117e+03 9.746970e+03 9.681907e+03
11.8 9.644215e+03 9.600572e+03 9.744768e+03 9.788410e+03
12.8 9.763288e+03 9.758098e+03 9.741439e+03 9.746629e+03
13.8 9.794493e+03 9.806788e+03 9.699366e+03 9.687071e+03
14.8 9.778138e+03 9.757925e+03 9.644245e+03 9.664458e+03
15.8 9.649801e+03 9.671711e+03 9.648173e+03 9.626263e+03
16.8 9.831996e+03 9.840032e+03 9.683650e+03 9.675614e+03
17.8 9.810083e+03 9.841755e+03 9.715263e+03 9.683591e+03
18.8 9.755684e+03 9.674594e+03 9.734637e+03 9.815726e+03
19.8 9.787486e+03 9.752167e+03 9.744603e+03 9.779922e+03
20.8 9.725371e+03 9.715905e+03 9.748503e+03 9.757970e+03
0.8 9.763288e+03 9.758098e+03 9.741439e+03 9.746629e+03
1.8 9.794493e+03 9.806788e+03 9.699366e+03 9.687071e+03
2.8 9.778138e+03 9.757925e+03 9.644245e+03 9.664458e+03
3.8 9.649801e+03 9.671711e+03 9.648173e+03 9.626263e+03
4.8 9.831996e+03 9.840032e+03 9.683650e+03 9.675614e+03
5.8 9.810083e+03 9.841755e+03 9.715263e+03 9.683591e+03
6.8 9.755684e+03 9.674594e+03 9.734637e+03 9.815726e+03
7.8 9.787486e+03 9.752167e+03 9.744603e+03 9.779922e+03
8.8 9.725371e+03 9.715905e+03 9.748503e+03 9.757970e+03
9.8 9.625875e+03 9.656395e+03 9.748677e+03 9.718157e+03
10.8 9.491435e+03 9.527071e+03 9.746970e+03 9.711334e+03
11.8 9.454094e+03 9.497516e+03 9.744768e+03 9.701345e+03
12.8 9.569658e+03 9.563498e+03 9.742864e+03 9.749024e+03
13.8 9.825596e+03 9.723846e+03 9.741526e+03 9.843276e+03
14.8 9.884544e+03 9.894901e+03 9.740710e+03 9.730353e+03
15.8 9.674446e+03 9.763951e+03 9.740264e+03 9.650759e+03
16.8 9.602248e+03 9.692030e+03 9.740040e+03 9.650258e+03
17.8 9.763559e+03 9.745640e+03 9.739937e+03 9.757856e+03
18.8 9.729339e+03 9.716772e+03 9.739892e+03 9.752458e+03
19.8 9.557570e+03 9.519157e+03 9.739873e+03 9.778286e+03
20.8 9.361249e+03 9.397993e+03 9.739864e+03 9.703120e+03
0.3 9.426882e+03 9.466693e+03 9.739860e+03 9.700049e+03
1.3 9.607095e+03 9.645102e+03 9.727952e+03 9.689944e+03
2.3 9.687581e+03 9.625711e+03 9.667585e+03 9.729455e+03
3.3 9.561604e+03 9.605558e+03 9.638382e+03 9.594428e+03
4.3 9.485093e+03 9.546041e+03 9.663026e+03 9.602078e+03
5.3 9.541298e+03 9.536811e+03 9.699447e+03 9.703933e+03
6.3 9.647534e+03 9.562657e+03 9.725491e+03 9.810369e+03
7.3 9.723005e+03 9.674526e+03 9.740110e+03 9.788588e+03
8.3 9.823562e+03 9.774351e+03 9.746975e+03 9.796185e+03
9.3 9.815612e+03 9.814506e+03 9.748924e+03 9.750030e+03
10.3 9.835561e+03 9.753380e+03 9.748034e+03 9.830215e+03
11.3 9.769152e+03 9.786784e+03 9.745872e+03 9.728241e+03
12.3 9.779218e+03 9.813252e+03 9.721146e+03 9.687111e+03
13.3 9.734885e+03 9.740395e+03 9.657491e+03 9.651981e+03
14.3 9.843245e+03 9.705212e+03 9.641925e+03 9.779958e+03
15.3 9.866390e+03 9.794784e+03 9.672230e+03 9.743836e+03
16.3 9.898135e+03 9.825793e+03 9.706823e+03 9.779164e+03
17.3 9.764571e+03 9.721024e+03 9.729830e+03 9.773378e+03
18.3 9.631106e+03 9.693324e+03 9.742291e+03 9.680074e+03
19.3 9.742948e+03 9.796443e+03 9.747791e+03 9.694296e+03
20.3 9.814510e+03 9.752394e+03 9.748912e+03 9.811028e+03
0.5 9.769152e+03 9.786784e+03 9.745872e+03 9.728241e+03
1.5 9.779218e+03 9.813252e+03 9.721146e+03 9.687111e+03
2.5 9.734885e+03 9.740395e+03 9.657491e+03 9.651981e+03
3.5 9.843245e+03 9.705212e+03 9.641925e+03 9.779958e+03
4.5 9.866390e+03 9.794784e+03 9.672230e+03 9.743836e+03
5.5 9.898135e+03 9.825793e+03 9.706823e+03 9.779164e+03
6.5 9.764571e+03 9.721024e+03 9.729830e+03 9.773378e+03
7.5 9.631106e+03 9.693324e+03 9.742291e+03 9.680074e+03
8.5 9.742948e+03 9.796443e+03 9.747791e+03 9.694296e+03
9.5 9.814510e+03 9.752394e+03 9.748912e+03 9.811028e+03
10.5 9.716219e+03 9.671766e+03 9.747615e+03 9.792067e+03
11.5 9.606160e+03 9.627024e+03 9.745453e+03 9.724590e+03
12.5 9.677371e+03 9.752192e+03 9.743405e+03 9.668585e+03
13.5 9.840936e+03 9.913442e+03 9.741884e+03 9.669378e+03
14.5 9.867916e+03 9.767234e+03 9.740919e+03 9.841601e+03
15.5 9.603813e+03 9.632495e+03 9.740374e+03 9.711692e+03
16.5 9.467932e+03 9.536900e+03 9.740094e+03 9.671125e+03
17.5 9.517579e+03 9.575126e+03 9.739961e+03 9.682414e+03
18.5 9.693775e+03 9.699149e+03 9.739902e+03 9.734529e+03
19.5 9.862957e+03 9.880136e+03 9.739877e+03 9.722698e+03
20.5 9.828284e+03 9.811543e+03 9.739867e+03 9.756608e+03
0.5 9.719252e+03 9.726008e+03 9.739689e+03 9.732934e+03
1.5 9.839287e+03 9.833169e+03 9.713956e+03 9.720074e+03
2.5 9.878739e+03 9.771863e+03 9.652541e+03 9.759417e+03
3.5 9.634357e+03 9.697612e+03 9.641678e+03 9.578424e+03
4.5 9.606728e+03 9.607712e+03 9.673794e+03 9.672809e+03
5.5 9.701239e+03 9.769958e+03 9.707244e+03 9.638525e+03
6.5 9.831403e+03 9.796683e+03 9.692311e+03 9.727031e+03
7.5 9.889360e+03 9.754739e+03 9.647888e+03 9.782510e+03
8.5 9.860576e+03 9.760228e+03 9.654284e+03 9.754632e+03
9.5 9.870749e+03 9.779552e+03 9.690364e+03 9.781561e+03
10.5 9.703030e+03 9.752264e+03 9.721354e+03 9.672120e+03
11.5 9.654964e+03 9.649666e+03 9.739254e+03 9.744551e+03
12.5 9.629704e+03 9.613199e+03 9.747652e+03 9.764158e+03
13.5 9.776707e+03 9.725921e+03 9.750333e+03 9.801119e+03
14.5 9.838637e+03 9.769525e+03 9.732900e+03 9.802011e+03
15.5 9.720788e+03 9.754149e+03 9.668750e+03 9.635389e+03
16.5 9.650059e+03 9.647533e+03 9.644438e+03 9.646964e+03
17.5 9.616703e+03 9.647227e+03 9.670485e+03 9.639961e+03
18.5 9.735254e+03 9.748845e+03 9.704612e+03 9.691021e+03
19.5 9.762344e+03 9.811746e+03 9.700992e+03 9.651590e+03
20.5 9.847441e+03 9.657999e+03 9.653091e+03 9.842534e+03
0.7 9.701239e+03 9.769958e+03 9.707244e+03 9.638525e+03
1.7 9.831403e+03 9.796683e+03 9.692311e+03 9.727031e+03
2.7 9.889360e+03 9.754739e+03 9.647888e+03 9.782510e+03
3.7 9.860576e+03 9.760228e+03 9.654284e+03 9.754632e+03
4.7 9.870749e+03 9.779552e+03 9.690364e+03 9.781561e+03
5.7 9.703030e+03 9.752264e+03 9.721354e+03 9.672120e+03
6.7 9.654964e+03 9.649666e+03 9.739254e+03 9.744551e+03
7.7 9.629704e+03 9.613199e+03 9.747652e+03 9.764158e+03
8.7 9.776707e+03 9.725921e+03 9.750333e+03 9.801119e+03
9.7 9.838637e+03 9.769525e+03 9.732900e+03 9.802011e+03
10.7 9.720788e+03 9.754149e+03 9.668750e+03 9.635389e+03
11.7 9.650059e+03 9.647533e+03 9.644438e+03 9.646964e+03
12.7 9.616703e+03 9.647227e+03 9.670485e+03 9.639961e+03
13.7 9.735254e+03 9.748845e+03 9.704612e+03 9.691021e+03
14.7 9.762344e+03 9.811746e+03 9.700992e+03 9.651590e+03
15.7 9.847441e+03 9.657999e+03 9.653091e+03 9.842534e+03
16.7 9.667564e+03 9.645578e+03 9.649957e+03 9.671944e+03
17.7 9.833008e+03 9.812749e+03 9.679718e+03 9.699977e+03
18.7 9.795231e+03 9.789670e+03 9.661326e+03 9.666887e+03
19.7 9.526967e+03 9.583151e+03 9.636615e+03 9.580432e+03
20.7 9.425334e+03 9.529121e+03 9.660762e+03 9.556975e+03
0.4 9.776707e+03 9.725921e+03 9.750333e+03 9.801119e+03
1.4 9.838637e+03 9.769525e+03 9.732900e+03 9.802011e+03
2.4 9.720788e+03 9.754149e+03 9.668750e+03 9.635389e+03
3.4 9.650059e+03 9.647533e+03 9.644438e+03 9.646964e+03
4.4 9.616703e+03 9.647227e+03 9.670485e+03 9.639961e+03
5.4 9.735254e+03 9.748845e+03 9.704612e+03 9.691021e+03
6.4 9.762344e+03 9.811746e+03 9.700992e+03 9.651590e+03
7.4 9.847441e+03 9.657999e+03 9.653091e+03 9.842534e+03
8.4 9.667564e+03 9.645578e+03 9.649957e+03 9.671944e+03
9.4 9.833008e+03 9.812749e+03 9.679718e+03 9.699977e+03
10.4 9.795231e+03 9.789670e+03 9.661326e+03 9.666887e+03
11.4 9.526967e+03 9.583151e+03 9.636615e+03 9.580432e+03
12.4 9.425334e+03 9.529121e+03 9.660762e+03 9.556975e+03
13.4 9.520143e+03 9.619081e+03 9.682801e+03 9.583862e+03
14.4 9.507877e+03 9.569952e+03 9.649796e+03 9.587721e+03
15.4 9.585578e+03 9.592870e+03 9.645015e+03 9.637723e+03
16.4 9.691937e+03 9.760300e+03 9.678517e+03 9.610154e+03
17.4 9.728438e+03 9.786782e+03 9.674210e+03 9.615866e+03
18.4 9.631241e+03 9.668839e+03 9.642269e+03 9.604671e+03
19.4 9.534384e+03 9.573642e+03 9.657084e+03 9.617826e+03
20.4 9.581799e+03 9.473886e+03 9.696083e+03 9.803996e+03
0.6 9.735254e+03 9.748845e+03 9.704612e+03 9.691021e+03
1.6 9.762344e+03 9.811746e+03 9.700992e+03 9.651590e+03
2.6 9.847441e+03 9.657999e+03 9.653091e+03 9.842534e+03
3.6 9.667564e+03 9.645578e+03 9.649957e+03 9.671944e+03
4.6 9.833008e+03 9.812749e+03 9.679718e+03 9.699977e+03
5.6 9.795231e+03 9.789670e+03 9.661326e+03 9.666887e+03
6.6 9.526967e+03 9.583151e+03 9.636615e+03 9.580432e+03
7.6 9.425334e+03 9.529121e+03 9.660762e+03 9.556975e+03
8.6 9.520143e+03 9.619081e+03 9.682801e+03 9.583862e+03
9.6 9.507877e+03 9.569952e+03 9.649796e+03 9.587721e+03
10.6 9.585578e+03 9.592870e+03 9.645015e+03 9.637723e+03
11.6 9.691937e+03 9.760300e+03 9.678517e+03 9.610154e+03
12.6 9.728438e+03 9.786782e+03 9.674210e+03 9.615866e+03
13.6 9.631241e+03 9.668839e+03 9.642269e+03 9.604671e+03
14.6 9.534384e+03 9.573642e+03 9.657084e+03 9.617826e+03
15.6 9.581799e+03 9.473886e+03 9.696083e+03 9.803996e+03
16.6 9.679745e+03 9.580953e+03 9.727159e+03 9.825951e+03
17.6 9.876018e+03 9.803012e+03 9.742654e+03 9.815660e+03
18.6 9.894953e+03 9.897150e+03 9.708987e+03 9.706790e+03
19.6 9.734970e+03 9.720170e+03 9.656096e+03 9.670895e+03
20.6 9.523894e+03 9.592087e+03 9.658874e+03 9.590681e+03
1.0 9.833008e+03 9.812749e+03 9.679718e+03 9.699977e+03
2.0 9.795231e+03 9.789670e+03 9.661326e+03 9.666887e+03
3.0 9.526967e+03 9.583151e+03 9.636615e+03 9.580432e+03
4.0 9.425334e+03 9.529121e+03 9.660762e+03 9.556975e+03
5.0 9.520143e+03 9.619081e+03 9.682801e+03 9.583862e+03
6.0 9.507877e+03 9.569952e+03 9.649796e+03 9.587721e+03
7.0 9.585578e+03 9.592870e+03 9.645015e+03 9.637723e+03
8.0 9.691937e+03 9.760300e+03 9.678517e+03 9.610154e+03
9.0 9.728438e+03 9.786782e+03 9.674210e+03 9.615866e+03
10.0 9.631241e+03 9.668839e+03 9.642269e+03 9.604671e+03
11.0 9.534384e+03 9.573642e+03 9.657084e+03 9.617826e+03
12.0 9.581799e+03 9.473886e+03 9.696083e+03 9.803996e+03
13.0 9.679745e+03 9.580953e+03 9.727159e+03 9.825951e+03
14.0 9.876018e+03 9.803012e+03 9.742654e+03 9.815660e+03
15.0 9.894953e+03 9.897150e+03 9.708987e+03 9.706790e+03
16.0 9.734970e+03 9.720170e+03 9.656096e+03 9.670895e+03
17.0 9.523894e+03 9.592087e+03 9.658874e+03 9.590681e+03
18.0 9.520649e+03 9.558334e+03 9.691764e+03 9.654079e+03
19.0 9.617208e+03 9.631338e+03 9.720666e+03 9.706535e+03
20.0 9.789231e+03 9.747738e+03 9.737868e+03 9.779362e+03
21.0 9.795788e+03 9.820251e+03 9.746365e+03 9.721902e+03
0.4 9.425334e+03 9.529121e+03 9.660762e+03 9.556975e+03
1.4 9.520143e+03 9.619081e+03 9.682801e+03 9.583862e+03
2.4 9.507877e+03 9.569952e+03 9.649796e+03 9.587721e+03
3.4 9.585578e+03 9.592870e+03 9.645015e+03 9.637723e+03
4.4 9.691937e+03 9.760300e+03 9.678517e+03 9.610154e+03
5.4 9.728438e+03 9.786782e+03 9.674210e+03 9.615866e+03
6.4 9.631241e+03 9.668839e+03 9.642269e+03 9.604671e+03
7.4 9.534384e+03 9.573642e+03 9.657084e+03 9.617826e+03
8.4 9.581799e+03 9.473886e+03 9.696083e+03 9.803996e+03
9.4 9.679745e+03 9.580953e+03 9.727159e+03 9.825951e+03
10.4 9.876018e+03 9.803012e+03 9.742654e+03 9.815660e+03
11.4 9.894953e+03 9.897150e+03 9.708987e+03 9.706790e+03
12.4 9.734970e+03 9.720170e+03 9.656096e+03 9.670895e+03
13.4 9.523894e+03 9.592087e+03 9.658874e+03 9.590681e+03
14.4 9.520649e+03 9.558334e+03 9.691764e+03 9.654079e+03
15.4 9.617208e+03 9.631338e+03 9.720666e+03 9.706535e+03
16.4 9.789231e+03 9.747738e+03 9.737868e+03 9.779362e+03
17.4 9.795788e+03 9.820251e+03 9.746365e+03 9.721902e+03
18.4 9.739349e+03 9.711377e+03 9.749393e+03 9.777364e+03
19.4 9.522604e+03 9.548693e+03 9.749097e+03 9.723009e+03
20.4 9.498626e+03 9.598504e+03 9.747156e+03 9.647278e+03
0.8 9.691937e+03 9.760300e+03 9.678517e+03 9.610154e+03
1.8 9.728438e+03 9.786782e+03 9.674210e+03 9.615866e+03
2.8 9.631241e+03 9.668839e+03 9.642269e+03 9.604671e+03
3.8 9.534384e+03 9.573642e+03 9.657084e+03 9.617826e+03
4.8 9.581799e+03 9.473886e+03 9.696083e+03 9.803996e+03
5.8 9.679745e+03 9.580953e+03 9.727159e+03 9.825951e+03
6.8 9.876018e+03 9.803012e+03 9.742654e+03 9.815660e+03
7.8 9.894953e+03 9.897150e+03 9.708987e+03 9.706790e+03
8.8 9.734970e+03 9.720170e+03 9.656096e+03 9.670895e+03
9.8 9.523894e+03 9.592087e+03 9.658874e+03 9.590681e+03
10.8 9.520649e+03 9.558334e+03 9.691764e+03 9.654079e+03
11.8 9.617208e+03 9.631338e+03 9.720666e+03 9.706535e+03
12.8 9.789231e+03 9.747738e+03 9.737868e+03 9.779362e+03
13.8 9.795788e+03 9.820251e+03 9.746365e+03 9.721902e+03
14.8 9.739349e+03 9.711377e+03 9.749393e+03 9.777364e+03
15.8 9.522604e+03 9.548693e+03 9.749097e+03 9.723009e+03
16.8 9.498626e+03 9.598504e+03 9.747156e+03 9.647278e+03
17.8 9.648825e+03 9.665477e+03 9.744843e+03 9.728191e+03
18.8 9.709848e+03 9.676855e+03 9.742894e+03 9.775887e+03
19.8 9.760354e+03 9.707859e+03 9.741537e+03 9.794032e+03
0.8 9.876018e+03 9.803012e+03 9.742654e+03 9.815660e+03
1.8 9.894953e+03 9.897150e+03 9.708987e+03 9.706790e+03
2.8 9.734970e+03 9.720170e+03 9.656096e+03 9.670895e+03
3.8 9.523894e+03 9.592087e+03 9.658874e+03 9.590681e+03
4.8 9.520649e+03 9.558334e+03 9.691764e+03 9.654079e+03
5.8 9.617208e+03 9.631338e+03 9.720666e+03 9.706535e+03
6.8 9.789231e+03 9.747738e+03 9.737868e+03 9.779362e+03
7.8 9.795788e+03 9.820251e+03 9.746365e+03 9.721902e+03
8.8 9.739349e+03 9.711377e+03 9.749393e+03 9.777364e+03
9.8 9.522604e+03 9.548693e+03 9.749097e+03 9.723009e+03
10.8 9.498626e+03 9.598504e+03 9.747156e+03 9.647278e+03
11.8 9.648825e+03 9.665477e+03 9.744843e+03 9.728191e+03
12.8 9.709848e+03 9.676855e+03 9.742894e+03 9.775887e+03
13.8 9.760354e+03 9.707859e+03 9.741537e+03 9.794032e+03
