0.2 1.549098e+03 1.575903e+03 1.507897e+03 1.481093e+03
1.2 1.580533e+03 1.572144e+03 1.515044e+03 1.523433e+03
2.2 1.605237e+03 1.627595e+03 1.562070e+03 1.539711e+03
3.2 1.579295e+03 1.603283e+03 1.590059e+03 1.566071e+03
4.2 1.618496e+03 1.583059e+03 1.572572e+03 1.608009e+03
5.2 1.452157e+03 1.506223e+03 1.542872e+03 1.488806e+03
6.2 1.526411e+03 1.503278e+03 1.520924e+03 1.544057e+03
7.2 1.477284e+03 1.484675e+03 1.508424e+03 1.501033e+03
8.2 1.618426e+03 1.591170e+03 1.502437e+03 1.529694e+03
9.2 1.566509e+03 1.613982e+03 1.500590e+03 1.453117e+03
10.2 1.548207e+03 1.629479e+03 1.501416e+03 1.420144e+03
11.2 1.578219e+03 1.622246e+03 1.526501e+03 1.482475e+03
12.2 1.611539e+03 1.621278e+03 1.577133e+03 1.567394e+03
13.2 1.685409e+03 1.618945e+03 1.584421e+03 1.650886e+03
14.2 1.551036e+03 1.547966e+03 1.562008e+03 1.565078e+03
15.2 1.627530e+03 1.610882e+03 1.576712e+03 1.593360e+03
16.2 1.533638e+03 1.609135e+03 1.595527e+03 1.520030e+03
17.2 1.586146e+03 1.579121e+03 1.574605e+03 1.581630e+03
18.2 1.443813e+03 1.526670e+03 1.540954e+03 1.458097e+03
19.2 1.576461e+03 1.532762e+03 1.516663e+03 1.560362e+03
20.2 1.568990e+03 1.558653e+03 1.503929e+03 1.514266e+03
0.6 1.548207e+03 1.629479e+03 1.501416e+03 1.420144e+03
1.6 1.578219e+03 1.622246e+03 1.526501e+03 1.482475e+03
2.6 1.611539e+03 1.621278e+03 1.577133e+03 1.567394e+03
3.6 1.685409e+03 1.618945e+03 1.584421e+03 1.650886e+03
4.6 1.551036e+03 1.547966e+03 1.562008e+03 1.565078e+03
5.6 1.627530e+03 1.610882e+03 1.576712e+03 1.593360e+03
6.6 1.533638e+03 1.609135e+03 1.595527e+03 1.520030e+03
7.6 1.586146e+03 1.579121e+03 1.574605e+03 1.581630e+03
8.6 1.443813e+03 1.526670e+03 1.540954e+03 1.458097e+03
9.6 1.576461e+03 1.532762e+03 1.516663e+03 1.560362e+03
10.6 1.568990e+03 1.558653e+03 1.503929e+03 1.514266e+03
11.6 1.578807e+03 1.528022e+03 1.498796e+03 1.549582e+03
12.6 1.623803e+03 1.562827e+03 1.497990e+03 1.558966e+03
13.6 1.612376e+03 1.577421e+03 1.499437e+03 1.534392e+03
14.6 1.546535e+03 1.538314e+03 1.501709e+03 1.509930e+03
15.6 1.557291e+03 1.525269e+03 1.503888e+03 1.535910e+03
16.6 1.604598e+03 1.586857e+03 1.505552e+03 1.523293e+03
17.6 1.569667e+03 1.558728e+03 1.506640e+03 1.517580e+03
18.6 1.448720e+03 1.429951e+03 1.507273e+03 1.526042e+03
19.6 1.285628e+03 1.372395e+03 1.507659e+03 1.420892e+03
20.6 1.432728e+03 1.382345e+03 1.524878e+03 1.575260e+03
1.0 1.551036e+03 1.547966e+03 1.562008e+03 1.565078e+03
2.0 1.627530e+03 1.610882e+03 1.576712e+03 1.593360e+03
3.0 1.533638e+03 1.609135e+03 1.595527e+03 1.520030e+03
4.0 1.586146e+03 1.579121e+03 1.574605e+03 1.581630e+03
5.0 1.443813e+03 1.526670e+03 1.540954e+03 1.458097e+03
6.0 1.576461e+03 1.532762e+03 1.516663e+03 1.560362e+03
7.0 1.568990e+03 1.558653e+03 1.503929e+03 1.514266e+03
8.0 1.578807e+03 1.528022e+03 1.498796e+03 1.549582e+03
9.0 1.623803e+03 1.562827e+03 1.497990e+03 1.558966e+03
10.0 1.612376e+03 1.577421e+03 1.499437e+03 1.534392e+03
11.0 1.546535e+03 1.538314e+03 1.501709e+03 1.509930e+03
12.0 1.557291e+03 1.525269e+03 1.503888e+03 1.535910e+03
13.0 1.604598e+03 1.586857e+03 1.505552e+03 1.523293e+03
14.0 1.569667e+03 1.558728e+03 1.506640e+03 1.517580e+03
15.0 1.448720e+03 1.429951e+03 1.507273e+03 1.526042e+03
16.0 1.285628e+03 1.372395e+03 1.507659e+03 1.420892e+03
17.0 1.432728e+03 1.382345e+03 1.524878e+03 1.575260e+03
18.0 1.417568e+03 1.455190e+03 1.575218e+03 1.537595e+03
19.0 1.581209e+03 1.523420e+03 1.588442e+03 1.646232e+03
20.0 1.496285e+03 1.512678e+03 1.563961e+03 1.547568e+03
21.0 1.603426e+03 1.559321e+03 1.535533e+03 1.579638e+03
0.5 1.285628e+03 1.372395e+03 1.507659e+03 1.420892e+03
1.5 1.432728e+03 1.382345e+03 1.524878e+03 1.575260e+03
2.5 1.417568e+03 1.455190e+03 1.575218e+03 1.537595e+03
3.5 1.581209e+03 1.523420e+03 1.588442e+03 1.646232e+03
4.5 1.496285e+03 1.512678e+03 1.563961e+03 1.547568e+03
5.5 1.603426e+03 1.559321e+03 1.535533e+03 1.579638e+03
6.5 1.528117e+03 1.543501e+03 1.516509e+03 1.501126e+03
7.5 1.614952e+03 1.561146e+03 1.506171e+03 1.559977e+03
8.5 1.514584e+03 1.539523e+03 1.501569e+03 1.476630e+03
9.5 1.567302e+03 1.558860e+03 1.505678e+03 1.514120e+03
10.5 1.590991e+03 1.577901e+03 1.551266e+03 1.564357e+03
11.5 1.585259e+03 1.600819e+03 1.585196e+03 1.569637e+03
12.5 1.545480e+03 1.546140e+03 1.572191e+03 1.571532e+03
13.5 1.558295e+03 1.526132e+03 1.561914e+03 1.594077e+03
14.5 1.576656e+03 1.607443e+03 1.590025e+03 1.559238e+03
15.5 1.522229e+03 1.588267e+03 1.588987e+03 1.522948e+03
16.5 1.597581e+03 1.602919e+03 1.557761e+03 1.552423e+03
17.5 1.554733e+03 1.605973e+03 1.527498e+03 1.476257e+03
18.5 1.610964e+03 1.608562e+03 1.509241e+03 1.511642e+03
19.5 1.539614e+03 1.522107e+03 1.500715e+03 1.518222e+03
20.5 1.483875e+03 1.514088e+03 1.498007e+03 1.467793e+03
0.1 1.514584e+03 1.539523e+03 1.501569e+03 1.476630e+03
1.1 1.567302e+03 1.558860e+03 1.505678e+03 1.514120e+03
2.1 1.590991e+03 1.577901e+03 1.551266e+03 1.564357e+03
3.1 1.585259e+03 1.600819e+03 1.585196e+03 1.569637e+03
4.1 1.545480e+03 1.546140e+03 1.572191e+03 1.571532e+03
5.1 1.558295e+03 1.526132e+03 1.561914e+03 1.594077e+03
6.1 1.576656e+03 1.607443e+03 1.590025e+03 1.559238e+03
7.1 1.522229e+03 1.588267e+03 1.588987e+03 1.522948e+03
8.1 1.597581e+03 1.602919e+03 1.557761e+03 1.552423e+03
9.1 1.554733e+03 1.605973e+03 1.527498e+03 1.476257e+03
10.1 1.610964e+03 1.608562e+03 1.509241e+03 1.511642e+03
11.1 1.539614e+03 1.522107e+03 1.500715e+03 1.518222e+03
12.1 1.483875e+03 1.514088e+03 1.498007e+03 1.467793e+03
13.1 1.604811e+03 1.534848e+03 1.498512e+03 1.568475e+03
14.1 1.536113e+03 1.558951e+03 1.500507e+03 1.477669e+03
15.1 1.611417e+03 1.599373e+03 1.502816e+03 1.514860e+03
16.1 1.439823e+03 1.548189e+03 1.504910e+03 1.396544e+03
17.1 1.610316e+03 1.568779e+03 1.527100e+03 1.568636e+03
18.1 1.714511e+03 1.727439e+03 1.577621e+03 1.564693e+03
19.1 1.767823e+03 1.687998e+03 1.586876e+03 1.666701e+03
20.1 1.622092e+03 1.582635e+03 1.561139e+03 1.600595e+03
0.5 1.545480e+03 1.546140e+03 1.572191e+03 1.571532e+03
1.5 1.558295e+03 1.526132e+03 1.561914e+03 1.594077e+03
2.5 1.576656e+03 1.607443e+03 1.590025e+03 1.559238e+03
3.5 1.522229e+03 1.588267e+03 1.588987e+03 1.522948e+03
4.5 1.597581e+03 1.602919e+03 1.557761e+03 1.552423e+03
5.5 1.554733e+03 1.605973e+03 1.527498e+03 1.476257e+03
6.5 1.610964e+03 1.608562e+03 1.509241e+03 1.511642e+03
7.5 1.539614e+03 1.522107e+03 1.500715e+03 1.518222e+03
8.5 1.483875e+03 1.514088e+03 1.498007e+03 1.467793e+03
9.5 1.604811e+03 1.534848e+03 1.498512e+03 1.568475e+03
10.5 1.536113e+03 1.558951e+03 1.500507e+03 1.477669e+03
11.5 1.611417e+03 1.599373e+03 1.502816e+03 1.514860e+03
12.5 1.439823e+03 1.548189e+03 1.504910e+03 1.396544e+03
13.5 1.610316e+03 1.568779e+03 1.527100e+03 1.568636e+03
14.5 1.714511e+03 1.727439e+03 1.577621e+03 1.564693e+03
15.5 1.767823e+03 1.687998e+03 1.586876e+03 1.666701e+03
16.5 1.622092e+03 1.582635e+03 1.561139e+03 1.600595e+03
17.5 1.585047e+03 1.559819e+03 1.533415e+03 1.558643e+03
18.5 1.493771e+03 1.522509e+03 1.515434e+03 1.486697e+03
19.5 1.517858e+03 1.531758e+03 1.526528e+03 1.512628e+03
20.5 1.533008e+03 1.505416e+03 1.571990e+03 1.599581e+03
0.5 1.439823e+03 1.548189e+03 1.504910e+03 1.396544e+03
1.5 1.610316e+03 1.568779e+03 1.527100e+03 1.568636e+03
2.5 1.714511e+03 1.727439e+03 1.577621e+03 1.564693e+03
3.5 1.767823e+03 1.687998e+03 1.586876e+03 1.666701e+03
4.5 1.622092e+03 1.582635e+03 1.561139e+03 1.600595e+03
5.5 1.585047e+03 1.559819e+03 1.533415e+03 1.558643e+03
6.5 1.493771e+03 1.522509e+03 1.515434e+03 1.486697e+03
7.5 1.517858e+03 1.531758e+03 1.526528e+03 1.512628e+03
8.5 1.533008e+03 1.505416e+03 1.571990e+03 1.599581e+03
9.5 1.560296e+03 1.564505e+03 1.580016e+03 1.575806e+03
10.5 1.632416e+03 1.634441e+03 1.558191e+03 1.556165e+03
11.5 1.604622e+03 1.651822e+03 1.572568e+03 1.525368e+03
12.5 1.601274e+03 1.646294e+03 1.593424e+03 1.548404e+03
13.5 1.511388e+03 1.550830e+03 1.574258e+03 1.534817e+03
14.5 1.540595e+03 1.572218e+03 1.541116e+03 1.509493e+03
15.5 1.550777e+03 1.562636e+03 1.516790e+03 1.504931e+03
16.5 1.565191e+03 1.578942e+03 1.506986e+03 1.493235e+03
17.5 1.663422e+03 1.653023e+03 1.542236e+03 1.552635e+03
18.5 1.575039e+03 1.633734e+03 1.578781e+03 1.520086e+03
19.5 1.624032e+03 1.612674e+03 1.569590e+03 1.580948e+03
20.5 1.500828e+03 1.536493e+03 1.542192e+03 1.506527e+03
0.5 1.493771e+03 1.522509e+03 1.515434e+03 1.486697e+03
1.5 1.517858e+03 1.531758e+03 1.526528e+03 1.512628e+03
2.5 1.533008e+03 1.505416e+03 1.571990e+03 1.599581e+03
3.5 1.560296e+03 1.564505e+03 1.580016e+03 1.575806e+03
4.5 1.632416e+03 1.634441e+03 1.558191e+03 1.556165e+03
5.5 1.604622e+03 1.651822e+03 1.572568e+03 1.525368e+03
6.5 1.601274e+03 1.646294e+03 1.593424e+03 1.548404e+03
7.5 1.511388e+03 1.550830e+03 1.574258e+03 1.534817e+03
8.5 1.540595e+03 1.572218e+03 1.541116e+03 1.509493e+03
9.5 1.550777e+03 1.562636e+03 1.516790e+03 1.504931e+03
10.5 1.565191e+03 1.578942e+03 1.506986e+03 1.493235e+03
11.5 1.663422e+03 1.653023e+03 1.542236e+03 1.552635e+03
12.5 1.575039e+03 1.633734e+03 1.578781e+03 1.520086e+03
13.5 1.624032e+03 1.612674e+03 1.569590e+03 1.580948e+03
14.5 1.500828e+03 1.536493e+03 1.542192e+03 1.506527e+03
15.5 1.546960e+03 1.571001e+03 1.528333e+03 1.504292e+03
16.5 1.603983e+03 1.583063e+03 1.563547e+03 1.584466e+03
17.5 1.643327e+03 1.594899e+03 1.584132e+03 1.632560e+03
18.5 1.613734e+03 1.585464e+03 1.563917e+03 1.592187e+03
19.5 1.504588e+03 1.545980e+03 1.534863e+03 1.493471e+03
20.5 1.626021e+03 1.595379e+03 1.529614e+03 1.560257e+03
1.0 1.632416e+03 1.634441e+03 1.558191e+03 1.556165e+03
2.0 1.604622e+03 1.651822e+03 1.572568e+03 1.525368e+03
3.0 1.601274e+03 1.646294e+03 1.593424e+03 1.548404e+03
4.0 1.511388e+03 1.550830e+03 1.574258e+03 1.534817e+03
5.0 1.540595e+03 1.572218e+03 1.541116e+03 1.509493e+03
6.0 1.550777e+03 1.562636e+03 1.516790e+03 1.504931e+03
7.0 1.565191e+03 1.578942e+03 1.506986e+03 1.493235e+03
8.0 1.663422e+03 1.653023e+03 1.542236e+03 1.552635e+03
9.0 1.575039e+03 1.633734e+03 1.578781e+03 1.520086e+03
10.0 1.624032e+03 1.612674e+03 1.569590e+03 1.580948e+03
11.0 1.500828e+03 1.536493e+03 1.542192e+03 1.506527e+03
12.0 1.546960e+03 1.571001e+03 1.528333e+03 1.504292e+03
13.0 1.603983e+03 1.583063e+03 1.563547e+03 1.584466e+03
14.0 1.643327e+03 1.594899e+03 1.584132e+03 1.632560e+03
15.0 1.613734e+03 1.585464e+03 1.563917e+03 1.592187e+03
16.0 1.504588e+03 1.545980e+03 1.534863e+03 1.493471e+03
17.0 1.626021e+03 1.595379e+03 1.529614e+03 1.560257e+03
18.0 1.627460e+03 1.623003e+03 1.569449e+03 1.573906e+03
19.0 1.609917e+03 1.596904e+03 1.581280e+03 1.594293e+03
20.0 1.559782e+03 1.559630e+03 1.557189e+03 1.557340e+03
21.0 1.466257e+03 1.516636e+03 1.529956e+03 1.479576e+03
1.0 1.565191e+03 1.578942e+03 1.506986e+03 1.493235e+03
2.0 1.663422e+03 1.653023e+03 1.542236e+03 1.552635e+03
3.0 1.575039e+03 1.633734e+03 1.578781e+03 1.520086e+03
4.0 1.624032e+03 1.612674e+03 1.569590e+03 1.580948e+03
5.0 1.500828e+03 1.536493e+03 1.542192e+03 1.506527e+03
6.0 1.546960e+03 1.571001e+03 1.528333e+03 1.504292e+03
7.0 1.603983e+03 1.583063e+03 1.563547e+03 1.584466e+03
8.0 1.643327e+03 1.594899e+03 1.584132e+03 1.632560e+03
9.0 1.613734e+03 1.585464e+03 1.563917e+03 1.592187e+03
10.0 1.504588e+03 1.545980e+03 1.534863e+03 1.493471e+03
11.0 1.626021e+03 1.595379e+03 1.529614e+03 1.560257e+03
12.0 1.627460e+03 1.623003e+03 1.569449e+03 1.573906e+03
13.0 1.609917e+03 1.596904e+03 1.581280e+03 1.594293e+03
14.0 1.559782e+03 1.559630e+03 1.557189e+03 1.557340e+03
15.0 1.466257e+03 1.516636e+03 1.529956e+03 1.479576e+03
16.0 1.649630e+03 1.576470e+03 1.537121e+03 1.610281e+03
17.0 1.634983e+03 1.606540e+03 1.576652e+03 1.605095e+03
18.0 1.682778e+03 1.561477e+03 1.577723e+03 1.699024e+03
19.0 1.611914e+03 1.574612e+03 1.550312e+03 1.587614e+03
20.0 1.539573e+03 1.654038e+03 1.524612e+03 1.410148e+03
21.0 1.464942e+03 1.487349e+03 1.509293e+03 1.486886e+03
0.2 1.500828e+03 1.536493e+03 1.542192e+03 1.506527e+03
1.2 1.546960e+03 1.571001e+03 1.528333e+03 1.504292e+03
2.2 1.603983e+03 1.583063e+03 1.563547e+03 1.584466e+03
3.2 1.643327e+03 1.594899e+03 1.584132e+03 1.632560e+03
4.2 1.613734e+03 1.585464e+03 1.563917e+03 1.592187e+03
5.2 1.504588e+03 1.545980e+03 1.534863e+03 1.493471e+03
6.2 1.626021e+03 1.595379e+03 1.529614e+03 1.560257e+03
7.2 1.627460e+03 1.623003e+03 1.569449e+03 1.573906e+03
8.2 1.609917e+03 1.596904e+03 1.581280e+03 1.594293e+03
9.2 1.559782e+03 1.559630e+03 1.557189e+03 1.557340e+03
10.2 1.466257e+03 1.516636e+03 1.529956e+03 1.479576e+03
11.2 1.649630e+03 1.576470e+03 1.537121e+03 1.610281e+03
12.2 1.634983e+03 1.606540e+03 1.576652e+03 1.605095e+03
13.2 1.682778e+03 1.561477e+03 1.577723e+03 1.699024e+03
14.2 1.611914e+03 1.574612e+03 1.550312e+03 1.587614e+03
15.2 1.539573e+03 1.654038e+03 1.524612e+03 1.410148e+03
16.2 1.464942e+03 1.487349e+03 1.509293e+03 1.486886e+03
17.2 1.470960e+03 1.457574e+03 1.501947e+03 1.515333e+03
18.2 1.553226e+03 1.496441e+03 1.499426e+03 1.556211e+03
19.2 1.528797e+03 1.475510e+03 1.499721e+03 1.553009e+03
20.2 1.479941e+03 1.410600e+03 1.501408e+03 1.570749e+03
0.4 1.504588e+03 1.545980e+03 1.534863e+03 1.493471e+03
1.4 1.626021e+03 1.595379e+03 1.529614e+03 1.560257e+03
2.4 1.627460e+03 1.623003e+03 1.569449e+03 1.573906e+03
3.4 1.609917e+03 1.596904e+03 1.581280e+03 1.594293e+03
4.4 1.559782e+03 1.559630e+03 1.557189e+03 1.557340e+03
5.4 1.466257e+03 1.516636e+03 1.529956e+03 1.479576e+03
6.4 1.649630e+03 1.576470e+03 1.537121e+03 1.610281e+03
7.4 1.634983e+03 1.606540e+03 1.576652e+03 1.605095e+03
8.4 1.682778e+03 1.561477e+03 1.577723e+03 1.699024e+03
9.4 1.611914e+03 1.574612e+03 1.550312e+03 1.587614e+03
10.4 1.539573e+03 1.654038e+03 1.524612e+03 1.410148e+03
11.4 1.464942e+03 1.487349e+03 1.509293e+03 1.486886e+03
12.4 1.470960e+03 1.457574e+03 1.501947e+03 1.515333e+03
13.4 1.553226e+03 1.496441e+03 1.499426e+03 1.556211e+03
14.4 1.528797e+03 1.475510e+03 1.499721e+03 1.553009e+03
15.4 1.479941e+03 1.410600e+03 1.501408e+03 1.570749e+03
16.4 1.446238e+03 1.415227e+03 1.503427e+03 1.534438e+03
17.4 1.460124e+03 1.478082e+03 1.505149e+03 1.487190e+03
18.4 1.418685e+03 1.454138e+03 1.506363e+03 1.470910e+03
19.4 1.489478e+03 1.515166e+03 1.507109e+03 1.481421e+03
20.4 1.435004e+03 1.456684e+03 1.507520e+03 1.485840e+03
0.6 1.466257e+03 1.516636e+03 1.529956e+03 1.479576e+03
1.6 1.649630e+03 1.576470e+03 1.537121e+03 1.610281e+03
2.6 1.634983e+03 1.606540e+03 1.576652e+03 1.605095e+03
3.6 1.682778e+03 1.561477e+03 1.577723e+03 1.699024e+03
4.6 1.611914e+03 1.574612e+03 1.550312e+03 1.587614e+03
5.6 1.539573e+03 1.654038e+03 1.524612e+03 1.410148e+03
6.6 1.464942e+03 1.487349e+03 1.509293e+03 1.486886e+03
7.6 1.470960e+03 1.457574e+03 1.501947e+03 1.515333e+03
8.6 1.553226e+03 1.496441e+03 1.499426e+03 1.556211e+03
9.6 1.528797e+03 1.475510e+03 1.499721e+03 1.553009e+03
10.6 1.479941e+03 1.410600e+03 1.501408e+03 1.570749e+03
11.6 1.446238e+03 1.415227e+03 1.503427e+03 1.534438e+03
12.6 1.460124e+03 1.478082e+03 1.505149e+03 1.487190e+03
13.6 1.418685e+03 1.454138e+03 1.506363e+03 1.470910e+03
14.6 1.489478e+03 1.515166e+03 1.507109e+03 1.481421e+03
15.6 1.435004e+03 1.456684e+03 1.507520e+03 1.485840e+03
16.6 1.564340e+03 1.532461e+03 1.511710e+03 1.543589e+03
17.6 1.526749e+03 1.533689e+03 1.554436e+03 1.547496e+03
18.6 1.637590e+03 1.603932e+03 1.589334e+03 1.622992e+03
19.6 1.494465e+03 1.574399e+03 1.576601e+03 1.496668e+03
20.6 1.482525e+03 1.504176e+03 1.546830e+03 1.525180e+03
1.0 1.564340e+03 1.532461e+03 1.511710e+03 1.543589e+03
2.0 1.526749e+03 1.533689e+03 1.554436e+03 1.547496e+03
3.0 1.637590e+03 1.603932e+03 1.589334e+03 1.622992e+03
4.0 1.494465e+03 1.574399e+03 1.576601e+03 1.496668e+03
5.0 1.482525e+03 1.504176e+03 1.546830e+03 1.525180e+03
6.0 1.452528e+03 1.450044e+03 1.523424e+03 1.525907e+03
7.0 1.540553e+03 1.505474e+03 1.509743e+03 1.544822e+03
8.0 1.569664e+03 1.537955e+03 1.502993e+03 1.534703e+03
9.0 1.581021e+03 1.557166e+03 1.500670e+03 1.524525e+03
10.0 1.614844e+03 1.532202e+03 1.500995e+03 1.583638e+03
11.0 1.499785e+03 1.509741e+03 1.502550e+03 1.492595e+03
12.0 1.651910e+03 1.659904e+03 1.504316e+03 1.496321e+03
13.0 1.691053e+03 1.640208e+03 1.505758e+03 1.556603e+03
14.0 1.625978e+03 1.629315e+03 1.506735e+03 1.503398e+03
15.0 1.534266e+03 1.584623e+03 1.507315e+03 1.456958e+03
16.0 1.583248e+03 1.622850e+03 1.507625e+03 1.468023e+03
17.0 1.602239e+03 1.638610e+03 1.507778e+03 1.471406e+03
18.0 1.583687e+03 1.582670e+03 1.507847e+03 1.508864e+03
19.0 1.524609e+03 1.522108e+03 1.512981e+03 1.515483e+03
20.0 1.482043e+03 1.551507e+03 1.557574e+03 1.488111e+03
21.0 1.594811e+03 1.606692e+03 1.589770e+03 1.577888e+03
0.1 1.583687e+03 1.582670e+03 1.507847e+03 1.508864e+03
1.1 1.524609e+03 1.522108e+03 1.512981e+03 1.515483e+03
2.1 1.482043e+03 1.551507e+03 1.557574e+03 1.488111e+03
3.1 1.594811e+03 1.606692e+03 1.589770e+03 1.577888e+03
4.1 1.521482e+03 1.552136e+03 1.575027e+03 1.544373e+03
5.1 1.382889e+03 1.471685e+03 1.545228e+03 1.456432e+03
6.1 1.476465e+03 1.493889e+03 1.522399e+03 1.504976e+03
7.1 1.406541e+03 1.476840e+03 1.509199e+03 1.438900e+03
8.1 1.491825e+03 1.532408e+03 1.502760e+03 1.462177e+03
9.1 1.561310e+03 1.575972e+03 1.500632e+03 1.485970e+03
10.1 1.534469e+03 1.537099e+03 1.501063e+03 1.498433e+03
11.1 1.544069e+03 1.490338e+03 1.502653e+03 1.556385e+03
12.1 1.434248e+03 1.452814e+03 1.504410e+03 1.485844e+03
13.1 1.518436e+03 1.502346e+03 1.511562e+03 1.527653e+03
14.1 1.530800e+03 1.548260e+03 1.557977e+03 1.540517e+03
15.1 1.577929e+03 1.590643e+03 1.589351e+03 1.576637e+03
16.1 1.556963e+03 1.536762e+03 1.573958e+03 1.594159e+03
17.1 1.377047e+03 1.462565e+03 1.544322e+03 1.458804e+03
18.1 1.494212e+03 1.486632e+03 1.521852e+03 1.529433e+03
19.1 1.481820e+03 1.538732e+03 1.508916e+03 1.452005e+03
20.1 1.566192e+03 1.545310e+03 1.502642e+03 1.523524e+03
0.1 1.434248e+03 1.452814e+03 1.504410e+03 1.485844e+03
1.1 1.518436e+03 1.502346e+03 1.511562e+03 1.527653e+03
2.1 1.530800e+03 1.548260e+03 1.557977e+03 1.540517e+03
3.1 1.577929e+03 1.590643e+03 1.589351e+03 1.576637e+03
4.1 1.556963e+03 1.536762e+03 1.573958e+03 1.594159e+03
5.1 1.377047e+03 1.462565e+03 1.544322e+03 1.458804e+03
6.1 1.494212e+03 1.486632e+03 1.521852e+03 1.529433e+03
7.1 1.481820e+03 1.538732e+03 1.508916e+03 1.452005e+03
8.1 1.566192e+03 1.545310e+03 1.502642e+03 1.523524e+03
9.1 1.592311e+03 1.539537e+03 1.501398e+03 1.554171e+03
10.1 1.597409e+03 1.556154e+03 1.532126e+03 1.573381e+03
11.1 1.632165e+03 1.588558e+03 1.579403e+03 1.623011e+03
12.1 1.652016e+03 1.542543e+03 1.580202e+03 1.689676e+03
13.1 1.598473e+03 1.545686e+03 1.553188e+03 1.605976e+03
14.1 1.557839e+03 1.548397e+03 1.527948e+03 1.537391e+03
15.1 1.593630e+03 1.523096e+03 1.512262e+03 1.582796e+03
16.1 1.504564e+03 1.539031e+03 1.504125e+03 1.469658e+03
17.1 1.475491e+03 1.508607e+03 1.500882e+03 1.467766e+03
18.1 1.542131e+03 1.492015e+03 1.500675e+03 1.550791e+03
19.1 1.703102e+03 1.600509e+03 1.502031e+03 1.604624e+03
20.1 1.671789e+03 1.646631e+03 1.503823e+03 1.528981e+03
0.7 1.592311e+03 1.539537e+03 1.501398e+03 1.554171e+03
1.7 1.597409e+03 1.556154e+03 1.532126e+03 1.573381e+03
2.7 1.632165e+03 1.588558e+03 1.579403e+03 1.623011e+03
3.7 1.652016e+03 1.542543e+03 1.580202e+03 1.689676e+03
4.7 1.598473e+03 1.545686e+03 1.553188e+03 1.605976e+03
5.7 1.557839e+03 1.548397e+03 1.527948e+03 1.537391e+03
6.7 1.593630e+03 1.523096e+03 1.512262e+03 1.582796e+03
7.7 1.504564e+03 1.539031e+03 1.504125e+03 1.469658e+03
8.7 1.475491e+03 1.508607e+03 1.500882e+03 1.467766e+03
9.7 1.542131e+03 1.492015e+03 1.500675e+03 1.550791e+03
10.7 1.703102e+03 1.600509e+03 1.502031e+03 1.604624e+03
11.7 1.671789e+03 1.646631e+03 1.503823e+03 1.528981e+03
12.7 1.566033e+03 1.580608e+03 1.505392e+03 1.490817e+03
13.7 1.508274e+03 1.567474e+03 1.506501e+03 1.447302e+03
14.7 1.522530e+03 1.539914e+03 1.507182e+03 1.489798e+03
15.7 1.406716e+03 1.433854e+03 1.507557e+03 1.480419e+03
16.7 1.352774e+03 1.392832e+03 1.514892e+03 1.474834e+03
17.7 1.505289e+03 1.490665e+03 1.562006e+03 1.576631e+03
18.7 1.512309e+03 1.518466e+03 1.590033e+03 1.583876e+03
19.7 1.378571e+03 1.449786e+03 1.572562e+03 1.501347e+03
20.7 1.280270e+03 1.323451e+03 1.542869e+03 1.499689e+03
0.2 1.406716e+03 1.433854e+03 1.507557e+03 1.480419e+03
1.2 1.352774e+03 1.392832e+03 1.514892e+03 1.474834e+03
2.2 1.505289e+03 1.490665e+03 1.562006e+03 1.576631e+03
3.2 1.512309e+03 1.518466e+03 1.590033e+03 1.583876e+03
4.2 1.378571e+03 1.449786e+03 1.572562e+03 1.501347e+03
5.2 1.280270e+03 1.323451e+03 1.542869e+03 1.499689e+03
6.2 1.422735e+03 1.369090e+03 1.520924e+03 1.574570e+03
7.2 1.511988e+03 1.462460e+03 1.508424e+03 1.557952e+03
8.2 1.574337e+03 1.584678e+03 1.502437e+03 1.492097e+03
9.2 1.714867e+03 1.659333e+03 1.500590e+03 1.556124e+03
10.2 1.555718e+03 1.599779e+03 1.501171e+03 1.457109e+03
11.2 1.636050e+03 1.607501e+03 1.502807e+03 1.531357e+03
12.2 1.496506e+03 1.541301e+03 1.504548e+03 1.459754e+03
13.2 1.596708e+03 1.530528e+03 1.505926e+03 1.572106e+03
14.2 1.633579e+03 1.601037e+03 1.506839e+03 1.539381e+03
15.2 1.751889e+03 1.583145e+03 1.508525e+03 1.677269e+03
16.2 1.479942e+03 1.518465e+03 1.541754e+03 1.503231e+03
17.2 1.526755e+03 1.582582e+03 1.585814e+03 1.529987e+03
18.2 1.561819e+03 1.590561e+03 1.582338e+03 1.553596e+03
19.2 1.492634e+03 1.527603e+03 1.553490e+03 1.518520e+03
20.2 1.487076e+03 1.457033e+03 1.527847e+03 1.557890e+03
0.8 1.751889e+03 1.583145e+03 1.508525e+03 1.677269e+03
1.8 1.479942e+03 1.518465e+03 1.541754e+03 1.503231e+03
2.8 1.526755e+03 1.582582e+03 1.585814e+03 1.529987e+03
3.8 1.561819e+03 1.590561e+03 1.582338e+03 1.553596e+03
4.8 1.492634e+03 1.527603e+03 1.553490e+03 1.518520e+03
5.8 1.487076e+03 1.457033e+03 1.527847e+03 1.557890e+03
6.8 1.383050e+03 1.437078e+03 1.512147e+03 1.458120e+03
7.8 1.562791e+03 1.543914e+03 1.504071e+03 1.522948e+03
8.8 1.621349e+03 1.594686e+03 1.500910e+03 1.527572e+03
9.8 1.593400e+03 1.566105e+03 1.500766e+03 1.528061e+03
10.8 1.503506e+03 1.465924e+03 1.502147e+03 1.539729e+03
11.8 1.309895e+03 1.390626e+03 1.503929e+03 1.423198e+03
12.8 1.467207e+03 1.445691e+03 1.506621e+03 1.528137e+03
13.8 1.470453e+03 1.478593e+03 1.540650e+03 1.532510e+03
14.8 1.582773e+03 1.573692e+03 1.585233e+03 1.594314e+03
15.8 1.561563e+03 1.553289e+03 1.582056e+03 1.590330e+03
16.8 1.407032e+03 1.399578e+03 1.553362e+03 1.560816e+03
17.8 1.479689e+03 1.560994e+03 1.527793e+03 1.446488e+03
18.8 1.475708e+03 1.520622e+03 1.512123e+03 1.467209e+03
19.8 1.487691e+03 1.568894e+03 1.504062e+03 1.422859e+03
20.8 1.440019e+03 1.492093e+03 1.500907e+03 1.448833e+03
0.8 1.467207e+03 1.445691e+03 1.506621e+03 1.528137e+03
1.8 1.470453e+03 1.478593e+03 1.540650e+03 1.532510e+03
2.8 1.582773e+03 1.573692e+03 1.585233e+03 1.594314e+03
3.8 1.561563e+03 1.553289e+03 1.582056e+03 1.590330e+03
4.8 1.407032e+03 1.399578e+03 1.553362e+03 1.560816e+03
5.8 1.479689e+03 1.560994e+03 1.527793e+03 1.446488e+03
6.8 1.475708e+03 1.520622e+03 1.512123e+03 1.467209e+03
7.8 1.487691e+03 1.568894e+03 1.504062e+03 1.422859e+03
8.8 1.440019e+03 1.492093e+03 1.500907e+03 1.448833e+03
9.8 1.388710e+03 1.478570e+03 1.500766e+03 1.410906e+03
10.8 1.437174e+03 1.394048e+03 1.502147e+03 1.545274e+03
11.8 1.337511e+03 1.327586e+03 1.503929e+03 1.513854e+03
12.8 1.372203e+03 1.354426e+03 1.505469e+03 1.523246e+03
13.8 1.349802e+03 1.351783e+03 1.506551e+03 1.504570e+03
14.8 1.545422e+03 1.575989e+03 1.507211e+03 1.476643e+03
15.8 1.511227e+03 1.643755e+03 1.507572e+03 1.375045e+03
16.8 1.456833e+03 1.531756e+03 1.507752e+03 1.432829e+03
17.8 1.482639e+03 1.473811e+03 1.507836e+03 1.516664e+03
18.8 1.516241e+03 1.496030e+03 1.507873e+03 1.528084e+03
19.8 1.468832e+03 1.396980e+03 1.507888e+03 1.579740e+03
20.8 1.336352e+03 1.291941e+03 1.507895e+03 1.552306e+03
0.3 1.187679e+03 1.236975e+03 1.507898e+03 1.458603e+03
1.3 1.315501e+03 1.306211e+03 1.517530e+03 1.526820e+03
2.3 1.365951e+03 1.360524e+03 1.566355e+03 1.571782e+03
3.3 1.503093e+03 1.458364e+03 1.589976e+03 1.634705e+03
4.3 1.488042e+03 1.442432e+03 1.570043e+03 1.615653e+03
5.3 1.448627e+03 1.444855e+03 1.540585e+03 1.544356e+03
6.3 1.447381e+03 1.413426e+03 1.519520e+03 1.553475e+03
7.3 1.444409e+03 1.395212e+03 1.507696e+03 1.556893e+03
8.3 1.480865e+03 1.389422e+03 1.502144e+03 1.593587e+03
9.3 1.505848e+03 1.483504e+03 1.500567e+03 1.522911e+03
10.3 1.532116e+03 1.502019e+03 1.501287e+03 1.531384e+03
11.3 1.457047e+03 1.486295e+03 1.503035e+03 1.473787e+03
12.3 1.535328e+03 1.501992e+03 1.523034e+03 1.556371e+03
13.3 1.451019e+03 1.488418e+03 1.574519e+03 1.537120e+03
14.3 1.551602e+03 1.515917e+03 1.587110e+03 1.622795e+03
15.3 1.577868e+03 1.538669e+03 1.562599e+03 1.601798e+03
16.3 1.510438e+03 1.537405e+03 1.534619e+03 1.507652e+03
17.3 1.566491e+03 1.551833e+03 1.516010e+03 1.530669e+03
18.3 1.490613e+03 1.490232e+03 1.505932e+03 1.506313e+03
19.3 1.522874e+03 1.504158e+03 1.501483e+03 1.520199e+03
20.3 1.566244e+03 1.502355e+03 1.500577e+03 1.564466e+03
0.5 1.457047e+03 1.486295e+03 1.503035e+03 1.473787e+03
1.5 1.535328e+03 1.501992e+03 1.523034e+03 1.556371e+03
2.5 1.451019e+03 1.488418e+03 1.574519e+03 1.537120e+03
3.5 1.551602e+03 1.515917e+03 1.587110e+03 1.622795e+03
4.5 1.577868e+03 1.538669e+03 1.562599e+03 1.601798e+03
5.5 1.510438e+03 1.537405e+03 1.534619e+03 1.507652e+03
6.5 1.566491e+03 1.551833e+03 1.516010e+03 1.530669e+03
7.5 1.490613e+03 1.490232e+03 1.505932e+03 1.506313e+03
8.5 1.522874e+03 1.504158e+03 1.501483e+03 1.520199e+03
9.5 1.566244e+03 1.502355e+03 1.500577e+03 1.564466e+03
10.5 1.564656e+03 1.483894e+03 1.501626e+03 1.582388e+03
11.5 1.558007e+03 1.456811e+03 1.503374e+03 1.604570e+03
12.5 1.365237e+03 1.438527e+03 1.505031e+03 1.431740e+03
13.5 1.469197e+03 1.536388e+03 1.506261e+03 1.439070e+03
14.5 1.560122e+03 1.543641e+03 1.507042e+03 1.523523e+03
15.5 1.457497e+03 1.516227e+03 1.507483e+03 1.448752e+03
16.5 1.435191e+03 1.453633e+03 1.507709e+03 1.489268e+03
17.5 1.301135e+03 1.386515e+03 1.507817e+03 1.422436e+03
18.5 1.427990e+03 1.407701e+03 1.507864e+03 1.528154e+03
19.5 1.503213e+03 1.471443e+03 1.507884e+03 1.539654e+03
20.5 1.575428e+03 1.598557e+03 1.507892e+03 1.484763e+03
0.5 1.384776e+03 1.442170e+03 1.508036e+03 1.450643e+03
1.5 1.560926e+03 1.513397e+03 1.528850e+03 1.576380e+03
2.5 1.525448e+03 1.564133e+03 1.578524e+03 1.539839e+03
3.5 1.646381e+03 1.606628e+03 1.587310e+03 1.627063e+03
4.5 1.509624e+03 1.518053e+03 1.561334e+03 1.552905e+03
5.5 1.459343e+03 1.515257e+03 1.534279e+03 1.478364e+03
6.5 1.561741e+03 1.537133e+03 1.546356e+03 1.570964e+03
7.5 1.566127e+03 1.576261e+03 1.582287e+03 1.572153e+03
8.5 1.598038e+03 1.600017e+03 1.577114e+03 1.575135e+03
9.5 1.572206e+03 1.536414e+03 1.547932e+03 1.583724e+03
10.5 1.584190e+03 1.577660e+03 1.522866e+03 1.529396e+03
11.5 1.686074e+03 1.597984e+03 1.508388e+03 1.596478e+03
12.5 1.510189e+03 1.551476e+03 1.501596e+03 1.460309e+03
13.5 1.581741e+03 1.591255e+03 1.499428e+03 1.489914e+03
14.5 1.609617e+03 1.553582e+03 1.513528e+03 1.569562e+03
15.5 1.626668e+03 1.593906e+03 1.565414e+03 1.598175e+03
16.5 1.714729e+03 1.558760e+03 1.585077e+03 1.741046e+03
17.5 1.478703e+03 1.505469e+03 1.564010e+03 1.537244e+03
18.5 1.350765e+03 1.451050e+03 1.536408e+03 1.436122e+03
19.5 1.543292e+03 1.638809e+03 1.539336e+03 1.443819e+03
20.5 1.539733e+03 1.599423e+03 1.578078e+03 1.518388e+03
0.7 1.459343e+03 1.515257e+03 1.534279e+03 1.478364e+03
1.7 1.561741e+03 1.537133e+03 1.546356e+03 1.570964e+03
2.7 1.566127e+03 1.576261e+03 1.582287e+03 1.572153e+03
3.7 1.598038e+03 1.600017e+03 1.577114e+03 1.575135e+03
4.7 1.572206e+03 1.536414e+03 1.547932e+03 1.583724e+03
5.7 1.584190e+03 1.577660e+03 1.522866e+03 1.529396e+03
6.7 1.686074e+03 1.597984e+03 1.508388e+03 1.596478e+03
7.7 1.510189e+03 1.551476e+03 1.501596e+03 1.460309e+03
8.7 1.581741e+03 1.591255e+03 1.499428e+03 1.489914e+03
9.7 1.609617e+03 1.553582e+03 1.513528e+03 1.569562e+03
10.7 1.626668e+03 1.593906e+03 1.565414e+03 1.598175e+03
11.7 1.714729e+03 1.558760e+03 1.585077e+03 1.741046e+03
12.7 1.478703e+03 1.505469e+03 1.564010e+03 1.537244e+03
13.7 1.350765e+03 1.451050e+03 1.536408e+03 1.436122e+03
14.7 1.543292e+03 1.638809e+03 1.539336e+03 1.443819e+03
15.7 1.539733e+03 1.599423e+03 1.578078e+03 1.518388e+03
16.7 1.428619e+03 1.532400e+03 1.580613e+03 1.476832e+03
17.7 1.516800e+03 1.462006e+03 1.556542e+03 1.611337e+03
18.7 1.646444e+03 1.581021e+03 1.571418e+03 1.636840e+03
19.7 1.601377e+03 1.526432e+03 1.591404e+03 1.666349e+03
20.7 1.428397e+03 1.436123e+03 1.571874e+03 1.564148e+03
0.4 1.581741e+03 1.591255e+03 1.499428e+03 1.489914e+03
1.4 1.609617e+03 1.553582e+03 1.513528e+03 1.569562e+03
2.4 1.626668e+03 1.593906e+03 1.565414e+03 1.598175e+03
3.4 1.714729e+03 1.558760e+03 1.585077e+03 1.741046e+03
4.4 1.478703e+03 1.505469e+03 1.564010e+03 1.537244e+03
5.4 1.350765e+03 1.451050e+03 1.536408e+03 1.436122e+03
6.4 1.543292e+03 1.638809e+03 1.539336e+03 1.443819e+03
7.4 1.539733e+03 1.599423e+03 1.578078e+03 1.518388e+03
8.4 1.428619e+03 1.532400e+03 1.580613e+03 1.476832e+03
9.4 1.516800e+03 1.462006e+03 1.556542e+03 1.611337e+03
10.4 1.646444e+03 1.581021e+03 1.571418e+03 1.636840e+03
11.4 1.601377e+03 1.526432e+03 1.591404e+03 1.666349e+03
12.4 1.428397e+03 1.436123e+03 1.571874e+03 1.564148e+03
13.4 1.378595e+03 1.405881e+03 1.554048e+03 1.526763e+03
14.4 1.379067e+03 1.427880e+03 1.580744e+03 1.531931e+03
15.4 1.460571e+03 1.476367e+03 1.584611e+03 1.568815e+03
16.4 1.488725e+03 1.495074e+03 1.557514e+03 1.551165e+03
17.4 1.579217e+03 1.557697e+03 1.560997e+03 1.582517e+03
18.4 1.518955e+03 1.541804e+03 1.586832e+03 1.563983e+03
19.4 1.585659e+03 1.546791e+03 1.574849e+03 1.613717e+03
20.4 1.344915e+03 1.440687e+03 1.543305e+03 1.447533e+03
0.6 1.350765e+03 1.451050e+03 1.536408e+03 1.436122e+03
1.6 1.543292e+03 1.638809e+03 1.539336e+03 1.443819e+03
2.6 1.539733e+03 1.599423e+03 1.578078e+03 1.518388e+03
3.6 1.428619e+03 1.532400e+03 1.580613e+03 1.476832e+03
4.6 1.516800e+03 1.462006e+03 1.556542e+03 1.611337e+03
5.6 1.646444e+03 1.581021e+03 1.571418e+03 1.636840e+03
6.6 1.601377e+03 1.526432e+03 1.591404e+03 1.666349e+03
7.6 1.428397e+03 1.436123e+03 1.571874e+03 1.564148e+03
8.6 1.378595e+03 1.405881e+03 1.554048e+03 1.526763e+03
9.6 1.379067e+03 1.427880e+03 1.580744e+03 1.531931e+03
10.6 1.460571e+03 1.476367e+03 1.584611e+03 1.568815e+03
11.6 1.488725e+03 1.495074e+03 1.557514e+03 1.551165e+03
12.6 1.579217e+03 1.557697e+03 1.560997e+03 1.582517e+03
13.6 1.518955e+03 1.541804e+03 1.586832e+03 1.563983e+03
14.6 1.585659e+03 1.546791e+03 1.574849e+03 1.613717e+03
15.6 1.344915e+03 1.440687e+03 1.543305e+03 1.447533e+03
16.6 1.474461e+03 1.446781e+03 1.518171e+03 1.545852e+03
17.6 1.578044e+03 1.493259e+03 1.505638e+03 1.590423e+03
18.6 1.682871e+03 1.622424e+03 1.532869e+03 1.593316e+03
19.6 1.725058e+03 1.645675e+03 1.575648e+03 1.655031e+03
20.6 1.545876e+03 1.589391e+03 1.573401e+03 1.529885e+03
1.0 1.516800e+03 1.462006e+03 1.556542e+03 1.611337e+03
2.0 1.646444e+03 1.581021e+03 1.571418e+03 1.636840e+03
3.0 1.601377e+03 1.526432e+03 1.591404e+03 1.666349e+03
4.0 1.428397e+03 1.436123e+03 1.571874e+03 1.564148e+03
5.0 1.378595e+03 1.405881e+03 1.554048e+03 1.526763e+03
6.0 1.379067e+03 1.427880e+03 1.580744e+03 1.531931e+03
7.0 1.460571e+03 1.476367e+03 1.584611e+03 1.568815e+03
8.0 1.488725e+03 1.495074e+03 1.557514e+03 1.551165e+03
9.0 1.579217e+03 1.557697e+03 1.560997e+03 1.582517e+03
10.0 1.518955e+03 1.541804e+03 1.586832e+03 1.563983e+03
11.0 1.585659e+03 1.546791e+03 1.574849e+03 1.613717e+03
12.0 1.344915e+03 1.440687e+03 1.543305e+03 1.447533e+03
13.0 1.474461e+03 1.446781e+03 1.518171e+03 1.545852e+03
14.0 1.578044e+03 1.493259e+03 1.505638e+03 1.590423e+03
15.0 1.682871e+03 1.622424e+03 1.532869e+03 1.593316e+03
16.0 1.725058e+03 1.645675e+03 1.575648e+03 1.655031e+03
17.0 1.545876e+03 1.589391e+03 1.573401e+03 1.529885e+03
18.0 1.529580e+03 1.525068e+03 1.546799e+03 1.551312e+03
19.0 1.488252e+03 1.487491e+03 1.523423e+03 1.524184e+03
20.0 1.545942e+03 1.483640e+03 1.509509e+03 1.571812e+03
21.0 1.497532e+03 1.548608e+03 1.502637e+03 1.451561e+03
0.4 1.428397e+03 1.436123e+03 1.571874e+03 1.564148e+03
1.4 1.378595e+03 1.405881e+03 1.554048e+03 1.526763e+03
2.4 1.379067e+03 1.427880e+03 1.580744e+03 1.531931e+03
3.4 1.460571e+03 1.476367e+03 1.584611e+03 1.568815e+03
4.4 1.488725e+03 1.495074e+03 1.557514e+03 1.551165e+03
5.4 1.579217e+03 1.557697e+03 1.560997e+03 1.582517e+03
6.4 1.518955e+03 1.541804e+03 1.586832e+03 1.563983e+03
7.4 1.585659e+03 1.546791e+03 1.574849e+03 1.613717e+03
8.4 1.344915e+03 1.440687e+03 1.543305e+03 1.447533e+03
9.4 1.474461e+03 1.446781e+03 1.518171e+03 1.545852e+03
10.4 1.578044e+03 1.493259e+03 1.505638e+03 1.590423e+03
11.4 1.682871e+03 1.622424e+03 1.532869e+03 1.593316e+03
12.4 1.725058e+03 1.645675e+03 1.575648e+03 1.655031e+03
13.4 1.545876e+03 1.589391e+03 1.573401e+03 1.529885e+03
14.4 1.529580e+03 1.525068e+03 1.546799e+03 1.551312e+03
15.4 1.488252e+03 1.487491e+03 1.523423e+03 1.524184e+03
16.4 1.545942e+03 1.483640e+03 1.509509e+03 1.571812e+03
17.4 1.497532e+03 1.548608e+03 1.502637e+03 1.451561e+03
18.4 1.586993e+03 1.627194e+03 1.500188e+03 1.459987e+03
19.4 1.589785e+03 1.573890e+03 1.500427e+03 1.516322e+03
20.4 1.517606e+03 1.578088e+03 1.501997e+03 1.441515e+03
0.8 1.488725e+03 1.495074e+03 1.557514e+03 1.551165e+03
1.8 1.579217e+03 1.557697e+03 1.560997e+03 1.582517e+03
2.8 1.518955e+03 1.541804e+03 1.586832e+03 1.563983e+03
3.8 1.585659e+03 1.546791e+03 1.574849e+03 1.613717e+03
4.8 1.344915e+03 1.440687e+03 1.543305e+03 1.447533e+03
5.8 1.474461e+03 1.446781e+03 1.518171e+03 1.545852e+03
6.8 1.578044e+03 1.493259e+03 1.505638e+03 1.590423e+03
7.8 1.682871e+03 1.622424e+03 1.532869e+03 1.593316e+03
8.8 1.725058e+03 1.645675e+03 1.575648e+03 1.655031e+03
9.8 1.545876e+03 1.589391e+03 1.573401e+03 1.529885e+03
10.8 1.529580e+03 1.525068e+03 1.546799e+03 1.551312e+03
11.8 1.488252e+03 1.487491e+03 1.523423e+03 1.524184e+03
12.8 1.545942e+03 1.483640e+03 1.509509e+03 1.571812e+03
13.8 1.497532e+03 1.548608e+03 1.502637e+03 1.451561e+03
14.8 1.586993e+03 1.627194e+03 1.500188e+03 1.459987e+03
15.8 1.589785e+03 1.573890e+03 1.500427e+03 1.516322e+03
16.8 1.517606e+03 1.578088e+03 1.501997e+03 1.441515e+03
17.8 1.577060e+03 1.648109e+03 1.503868e+03 1.432819e+03
18.8 1.524469e+03 1.571647e+03 1.505444e+03 1.458266e+03
19.8 1.633428e+03 1.625994e+03 1.506542e+03 1.513975e+03
0.8 1.578044e+03 1.493259e+03 1.505638e+03 1.590423e+03
1.8 1.682871e+03 1.622424e+03 1.532869e+03 1.593316e+03
2.8 1.725058e+03 1.645675e+03 1.575648e+03 1.655031e+03
3.8 1.545876e+03 1.589391e+03 1.573401e+03 1.529885e+03
4.8 1.529580e+03 1.525068e+03 1.546799e+03 1.551312e+03
5.8 1.488252e+03 1.487491e+03 1.523423e+03 1.524184e+03
6.8 1.545942e+03 1.483640e+03 1.509509e+03 1.571812e+03
7.8 1.497532e+03 1.548608e+03 1.502637e+03 1.451561e+03
8.8 1.586993e+03 1.627194e+03 1.500188e+03 1.459987e+03
9.8 1.589785e+03 1.573890e+03 1.500427e+03 1.516322e+03
10.8 1.517606e+03 1.578088e+03 1.501997e+03 1.441515e+03
11.8 1.577060e+03 1.648109e+03 1.503868e+03 1.432819e+03
12.8 1.524469e+03 1.571647e+03 1.505444e+03 1.458266e+03
13.8 1.633428e+03 1.625994e+03 1.506542e+03 1.513975e+03
