0.2 8.340580e+03 8.352184e+03 8.296105e+03 8.284500e+03
1.2 8.354520e+03 8.328575e+03 8.296141e+03 8.322086e+03
2.2 8.295745e+03 8.301805e+03 8.296475e+03 8.290415e+03
3.2 8.264739e+03 8.282783e+03 8.296990e+03 8.278946e+03
4.2 8.299321e+03 8.311696e+03 8.297076e+03 8.284701e+03
5.2 8.312786e+03 8.311164e+03 8.296769e+03 8.298391e+03
6.2 8.320191e+03 8.306460e+03 8.296428e+03 8.310159e+03
7.2 8.224086e+03 8.269668e+03 8.296235e+03 8.250652e+03
8.2 8.224942e+03 8.251094e+03 8.296446e+03 8.270293e+03
9.2 8.250689e+03 8.234662e+03 8.296907e+03 8.312934e+03
10.2 8.342664e+03 8.315830e+03 8.296985e+03 8.323819e+03
11.2 8.359004e+03 8.348487e+03 8.296820e+03 8.307337e+03
12.2 8.331847e+03 8.359124e+03 8.296980e+03 8.269703e+03
13.2 8.319827e+03 8.321571e+03 8.297154e+03 8.295410e+03
14.2 8.336491e+03 8.355976e+03 8.296937e+03 8.277451e+03
15.2 8.322386e+03 8.312107e+03 8.296805e+03 8.307083e+03
16.2 8.287133e+03 8.285218e+03 8.297032e+03 8.298947e+03
17.2 8.339004e+03 8.322350e+03 8.297049e+03 8.313703e+03
18.2 8.353069e+03 8.324796e+03 8.296716e+03 8.324989e+03
19.2 8.310140e+03 8.317452e+03 8.296397e+03 8.289085e+03
20.2 8.220649e+03 8.248527e+03 8.296522e+03 8.268644e+03
21.2 8.243041e+03 8.254136e+03 8.296917e+03 8.285821e+03
0.2 8.320191e+03 8.306460e+03 8.296428e+03 8.310159e+03
1.2 8.224086e+03 8.269668e+03 8.296235e+03 8.250652e+03
2.2 8.224942e+03 8.251094e+03 8.296446e+03 8.270293e+03
3.2 8.250689e+03 8.234662e+03 8.296907e+03 8.312934e+03
4.2 8.342664e+03 8.315830e+03 8.296985e+03 8.323819e+03
5.2 8.359004e+03 8.348487e+03 8.296820e+03 8.307337e+03
6.2 8.331847e+03 8.359124e+03 8.296980e+03 8.269703e+03
7.2 8.319827e+03 8.321571e+03 8.297154e+03 8.295410e+03
8.2 8.336491e+03 8.355976e+03 8.296937e+03 8.277451e+03
9.2 8.322386e+03 8.312107e+03 8.296805e+03 8.307083e+03
10.2 8.287133e+03 8.285218e+03 8.297032e+03 8.298947e+03
11.2 8.339004e+03 8.322350e+03 8.297049e+03 8.313703e+03
12.2 8.353069e+03 8.324796e+03 8.296716e+03 8.324989e+03
13.2 8.310140e+03 8.317452e+03 8.296397e+03 8.289085e+03
14.2 8.220649e+03 8.248527e+03 8.296522e+03 8.268644e+03
15.2 8.243041e+03 8.254136e+03 8.296917e+03 8.285821e+03
16.2 8.282503e+03 8.280099e+03 8.296936e+03 8.299341e+03
17.2 8.396653e+03 8.353498e+03 8.296625e+03 8.339780e+03
18.2 8.460787e+03 8.348678e+03 8.296314e+03 8.408423e+03
19.2 8.312979e+03 8.276565e+03 8.296165e+03 8.332580e+03
20.2 8.183632e+03 8.231239e+03 8.296429e+03 8.248821e+03
21.2 8.222399e+03 8.241446e+03 8.296902e+03 8.277855e+03
0.6 8.342664e+03 8.315830e+03 8.296985e+03 8.323819e+03
1.6 8.359004e+03 8.348487e+03 8.296820e+03 8.307337e+03
2.6 8.331847e+03 8.359124e+03 8.296980e+03 8.269703e+03
3.6 8.319827e+03 8.321571e+03 8.297154e+03 8.295410e+03
4.6 8.336491e+03 8.355976e+03 8.296937e+03 8.277451e+03
5.6 8.322386e+03 8.312107e+03 8.296805e+03 8.307083e+03
6.6 8.287133e+03 8.285218e+03 8.297032e+03 8.298947e+03
7.6 8.339004e+03 8.322350e+03 8.297049e+03 8.313703e+03
8.6 8.353069e+03 8.324796e+03 8.296716e+03 8.324989e+03
9.6 8.310140e+03 8.317452e+03 8.296397e+03 8.289085e+03
10.6 8.220649e+03 8.248527e+03 8.296522e+03 8.268644e+03
11.6 8.243041e+03 8.254136e+03 8.296917e+03 8.285821e+03
12.6 8.282503e+03 8.280099e+03 8.296936e+03 8.299341e+03
13.6 8.396653e+03 8.353498e+03 8.296625e+03 8.339780e+03
14.6 8.460787e+03 8.348678e+03 8.296314e+03 8.408423e+03
15.6 8.312979e+03 8.276565e+03 8.296165e+03 8.332580e+03
16.6 8.183632e+03 8.231239e+03 8.296429e+03 8.248821e+03
17.6 8.222399e+03 8.241446e+03 8.296902e+03 8.277855e+03
18.6 8.276790e+03 8.277732e+03 8.296961e+03 8.296020e+03
19.6 8.250515e+03 8.280168e+03 8.296666e+03 8.267013e+03
20.6 8.141372e+03 8.168219e+03 8.296444e+03 8.269596e+03
21.6 8.070361e+03 8.133708e+03 8.296681e+03 8.233334e+03
1.0 8.336491e+03 8.355976e+03 8.296937e+03 8.277451e+03
2.0 8.322386e+03 8.312107e+03 8.296805e+03 8.307083e+03
3.0 8.287133e+03 8.285218e+03 8.297032e+03 8.298947e+03
4.0 8.339004e+03 8.322350e+03 8.297049e+03 8.313703e+03
5.0 8.353069e+03 8.324796e+03 8.296716e+03 8.324989e+03
6.0 8.310140e+03 8.317452e+03 8.296397e+03 8.289085e+03
7.0 8.220649e+03 8.248527e+03 8.296522e+03 8.268644e+03
8.0 8.243041e+03 8.254136e+03 8.296917e+03 8.285821e+03
9.0 8.282503e+03 8.280099e+03 8.296936e+03 8.299341e+03
10.0 8.396653e+03 8.353498e+03 8.296625e+03 8.339780e+03
11.0 8.460787e+03 8.348678e+03 8.296314e+03 8.408423e+03
12.0 8.312979e+03 8.276565e+03 8.296165e+03 8.332580e+03
13.0 8.183632e+03 8.231239e+03 8.296429e+03 8.248821e+03
14.0 8.222399e+03 8.241446e+03 8.296902e+03 8.277855e+03
15.0 8.276790e+03 8.277732e+03 8.296961e+03 8.296020e+03
16.0 8.250515e+03 8.280168e+03 8.296666e+03 8.267013e+03
17.0 8.141372e+03 8.168219e+03 8.296444e+03 8.269596e+03
18.0 8.070361e+03 8.133708e+03 8.296681e+03 8.233334e+03
19.0 8.139494e+03 8.126139e+03 8.297018e+03 8.310374e+03
20.0 8.229534e+03 8.226482e+03 8.296916e+03 8.299968e+03
21.0 8.322255e+03 8.281989e+03 8.296570e+03 8.336836e+03
22.0 8.278215e+03 8.288704e+03 8.296418e+03 8.285929e+03
0.3 8.353069e+03 8.324796e+03 8.296716e+03 8.324989e+03
1.3 8.310140e+03 8.317452e+03 8.296397e+03 8.289085e+03
2.3 8.220649e+03 8.248527e+03 8.296522e+03 8.268644e+03
3.3 8.243041e+03 8.254136e+03 8.296917e+03 8.285821e+03
4.3 8.282503e+03 8.280099e+03 8.296936e+03 8.299341e+03
5.3 8.396653e+03 8.353498e+03 8.296625e+03 8.339780e+03
6.3 8.460787e+03 8.348678e+03 8.296314e+03 8.408423e+03
7.3 8.312979e+03 8.276565e+03 8.296165e+03 8.332580e+03
8.3 8.183632e+03 8.231239e+03 8.296429e+03 8.248821e+03
9.3 8.222399e+03 8.241446e+03 8.296902e+03 8.277855e+03
10.3 8.276790e+03 8.277732e+03 8.296961e+03 8.296020e+03
11.3 8.250515e+03 8.280168e+03 8.296666e+03 8.267013e+03
12.3 8.141372e+03 8.168219e+03 8.296444e+03 8.269596e+03
13.3 8.070361e+03 8.133708e+03 8.296681e+03 8.233334e+03
14.3 8.139494e+03 8.126139e+03 8.297018e+03 8.310374e+03
15.3 8.229534e+03 8.226482e+03 8.296916e+03 8.299968e+03
16.3 8.322255e+03 8.281989e+03 8.296570e+03 8.336836e+03
17.3 8.278215e+03 8.288704e+03 8.296418e+03 8.285929e+03
18.3 8.245333e+03 8.281145e+03 8.296739e+03 8.260926e+03
19.3 8.241494e+03 8.234336e+03 8.297017e+03 8.304174e+03
20.3 8.304709e+03 8.293312e+03 8.296868e+03 8.308265e+03
21.3 8.306252e+03 8.281632e+03 8.296820e+03 8.321440e+03
0.3 8.460787e+03 8.348678e+03 8.296314e+03 8.408423e+03
1.3 8.312979e+03 8.276565e+03 8.296165e+03 8.332580e+03
2.3 8.183632e+03 8.231239e+03 8.296429e+03 8.248821e+03
3.3 8.222399e+03 8.241446e+03 8.296902e+03 8.277855e+03
4.3 8.276790e+03 8.277732e+03 8.296961e+03 8.296020e+03
5.3 8.250515e+03 8.280168e+03 8.296666e+03 8.267013e+03
6.3 8.141372e+03 8.168219e+03 8.296444e+03 8.269596e+03
7.3 8.070361e+03 8.133708e+03 8.296681e+03 8.233334e+03
8.3 8.139494e+03 8.126139e+03 8.297018e+03 8.310374e+03
9.3 8.229534e+03 8.226482e+03 8.296916e+03 8.299968e+03
10.3 8.322255e+03 8.281989e+03 8.296570e+03 8.336836e+03
11.3 8.278215e+03 8.288704e+03 8.296418e+03 8.285929e+03
12.3 8.245333e+03 8.281145e+03 8.296739e+03 8.260926e+03
13.3 8.241494e+03 8.234336e+03 8.297017e+03 8.304174e+03
14.3 8.304709e+03 8.293312e+03 8.296868e+03 8.308265e+03
15.3 8.306252e+03 8.281632e+03 8.296820e+03 8.321440e+03
16.3 8.329503e+03 8.304238e+03 8.297076e+03 8.322341e+03
17.3 8.360824e+03 8.323926e+03 8.297061e+03 8.333959e+03
18.3 8.351295e+03 8.349970e+03 8.296804e+03 8.298129e+03
19.3 8.313674e+03 8.283947e+03 8.296888e+03 8.326615e+03
20.3 8.299335e+03 8.289202e+03 8.297091e+03 8.307224e+03
21.3 8.352786e+03 8.333204e+03 8.296920e+03 8.316502e+03
0.5 8.250515e+03 8.280168e+03 8.296666e+03 8.267013e+03
1.5 8.141372e+03 8.168219e+03 8.296444e+03 8.269596e+03
2.5 8.070361e+03 8.133708e+03 8.296681e+03 8.233334e+03
3.5 8.139494e+03 8.126139e+03 8.297018e+03 8.310374e+03
4.5 8.229534e+03 8.226482e+03 8.296916e+03 8.299968e+03
5.5 8.322255e+03 8.281989e+03 8.296570e+03 8.336836e+03
6.5 8.278215e+03 8.288704e+03 8.296418e+03 8.285929e+03
7.5 8.245333e+03 8.281145e+03 8.296739e+03 8.260926e+03
8.5 8.241494e+03 8.234336e+03 8.297017e+03 8.304174e+03
9.5 8.304709e+03 8.293312e+03 8.296868e+03 8.308265e+03
10.5 8.306252e+03 8.281632e+03 8.296820e+03 8.321440e+03
11.5 8.329503e+03 8.304238e+03 8.297076e+03 8.322341e+03
12.5 8.360824e+03 8.323926e+03 8.297061e+03 8.333959e+03
13.5 8.351295e+03 8.349970e+03 8.296804e+03 8.298129e+03
14.5 8.313674e+03 8.283947e+03 8.296888e+03 8.326615e+03
15.5 8.299335e+03 8.289202e+03 8.297091e+03 8.307224e+03
16.5 8.352786e+03 8.333204e+03 8.296920e+03 8.316502e+03
17.5 8.361665e+03 8.355257e+03 8.296773e+03 8.303180e+03
18.5 8.324780e+03 8.334334e+03 8.296997e+03 8.287443e+03
19.5 8.303663e+03 8.319703e+03 8.297056e+03 8.281016e+03
20.5 8.322007e+03 8.346897e+03 8.296745e+03 8.271856e+03
21.5 8.286818e+03 8.286088e+03 8.296406e+03 8.297135e+03
0.7 8.322255e+03 8.281989e+03 8.296570e+03 8.336836e+03
1.7 8.278215e+03 8.288704e+03 8.296418e+03 8.285929e+03
2.7 8.245333e+03 8.281145e+03 8.296739e+03 8.260926e+03
3.7 8.241494e+03 8.234336e+03 8.297017e+03 8.304174e+03
4.7 8.304709e+03 8.293312e+03 8.296868e+03 8.308265e+03
5.7 8.306252e+03 8.281632e+03 8.296820e+03 8.321440e+03
6.7 8.329503e+03 8.304238e+03 8.297076e+03 8.322341e+03
7.7 8.360824e+03 8.323926e+03 8.297061e+03 8.333959e+03
8.7 8.351295e+03 8.349970e+03 8.296804e+03 8.298129e+03
9.7 8.313674e+03 8.283947e+03 8.296888e+03 8.326615e+03
10.7 8.299335e+03 8.289202e+03 8.297091e+03 8.307224e+03
11.7 8.352786e+03 8.333204e+03 8.296920e+03 8.316502e+03
12.7 8.361665e+03 8.355257e+03 8.296773e+03 8.303180e+03
13.7 8.324780e+03 8.334334e+03 8.296997e+03 8.287443e+03
14.7 8.303663e+03 8.319703e+03 8.297056e+03 8.281016e+03
15.7 8.322007e+03 8.346897e+03 8.296745e+03 8.271856e+03
16.7 8.286818e+03 8.286088e+03 8.296406e+03 8.297135e+03
17.7 8.281236e+03 8.313035e+03 8.296475e+03 8.264677e+03
18.7 8.308417e+03 8.285010e+03 8.296879e+03 8.320286e+03
19.7 8.339057e+03 8.323043e+03 8.296957e+03 8.312971e+03
20.7 8.320508e+03 8.339212e+03 8.296777e+03 8.278073e+03
21.7 8.287878e+03 8.294595e+03 8.296920e+03 8.290202e+03
0.1 8.241494e+03 8.234336e+03 8.297017e+03 8.304174e+03
1.1 8.304709e+03 8.293312e+03 8.296868e+03 8.308265e+03
2.1 8.306252e+03 8.281632e+03 8.296820e+03 8.321440e+03
3.1 8.329503e+03 8.304238e+03 8.297076e+03 8.322341e+03
4.1 8.360824e+03 8.323926e+03 8.297061e+03 8.333959e+03
5.1 8.351295e+03 8.349970e+03 8.296804e+03 8.298129e+03
6.1 8.313674e+03 8.283947e+03 8.296888e+03 8.326615e+03
7.1 8.299335e+03 8.289202e+03 8.297091e+03 8.307224e+03
8.1 8.352786e+03 8.333204e+03 8.296920e+03 8.316502e+03
9.1 8.361665e+03 8.355257e+03 8.296773e+03 8.303180e+03
10.1 8.324780e+03 8.334334e+03 8.296997e+03 8.287443e+03
11.1 8.303663e+03 8.319703e+03 8.297056e+03 8.281016e+03
12.1 8.322007e+03 8.346897e+03 8.296745e+03 8.271856e+03
13.1 8.286818e+03 8.286088e+03 8.296406e+03 8.297135e+03
14.1 8.281236e+03 8.313035e+03 8.296475e+03 8.264677e+03
15.1 8.308417e+03 8.285010e+03 8.296879e+03 8.320286e+03
16.1 8.339057e+03 8.323043e+03 8.296957e+03 8.312971e+03
17.1 8.320508e+03 8.339212e+03 8.296777e+03 8.278073e+03
18.1 8.287878e+03 8.294595e+03 8.296920e+03 8.290202e+03
19.1 8.229912e+03 8.298033e+03 8.297121e+03 8.229000e+03
20.1 8.317876e+03 8.304396e+03 8.296917e+03 8.310396e+03
21.1 8.416345e+03 8.339137e+03 8.296527e+03 8.373735e+03
0.5 8.360824e+03 8.323926e+03 8.297061e+03 8.333959e+03
1.5 8.351295e+03 8.349970e+03 8.296804e+03 8.298129e+03
2.5 8.313674e+03 8.283947e+03 8.296888e+03 8.326615e+03
3.5 8.299335e+03 8.289202e+03 8.297091e+03 8.307224e+03
4.5 8.352786e+03 8.333204e+03 8.296920e+03 8.316502e+03
5.5 8.361665e+03 8.355257e+03 8.296773e+03 8.303180e+03
6.5 8.324780e+03 8.334334e+03 8.296997e+03 8.287443e+03
7.5 8.303663e+03 8.319703e+03 8.297056e+03 8.281016e+03
8.5 8.322007e+03 8.346897e+03 8.296745e+03 8.271856e+03
9.5 8.286818e+03 8.286088e+03 8.296406e+03 8.297135e+03
10.5 8.281236e+03 8.313035e+03 8.296475e+03 8.264677e+03
11.5 8.308417e+03 8.285010e+03 8.296879e+03 8.320286e+03
12.5 8.339057e+03 8.323043e+03 8.296957e+03 8.312971e+03
13.5 8.320508e+03 8.339212e+03 8.296777e+03 8.278073e+03
14.5 8.287878e+03 8.294595e+03 8.296920e+03 8.290202e+03
15.5 8.229912e+03 8.298033e+03 8.297121e+03 8.229000e+03
16.5 8.317876e+03 8.304396e+03 8.296917e+03 8.310396e+03
17.5 8.416345e+03 8.339137e+03 8.296527e+03 8.373735e+03
18.5 8.314016e+03 8.336497e+03 8.296224e+03 8.273742e+03
19.5 8.237817e+03 8.309122e+03 8.296169e+03 8.224864e+03
20.5 8.156051e+03 8.232867e+03 8.296565e+03 8.219749e+03
21.5 8.207653e+03 8.259990e+03 8.296960e+03 8.244623e+03
0.9 8.352786e+03 8.333204e+03 8.296920e+03 8.316502e+03
1.9 8.361665e+03 8.355257e+03 8.296773e+03 8.303180e+03
2.9 8.324780e+03 8.334334e+03 8.296997e+03 8.287443e+03
3.9 8.303663e+03 8.319703e+03 8.297056e+03 8.281016e+03
4.9 8.322007e+03 8.346897e+03 8.296745e+03 8.271856e+03
5.9 8.286818e+03 8.286088e+03 8.296406e+03 8.297135e+03
6.9 8.281236e+03 8.313035e+03 8.296475e+03 8.264677e+03
7.9 8.308417e+03 8.285010e+03 8.296879e+03 8.320286e+03
8.9 8.339057e+03 8.323043e+03 8.296957e+03 8.312971e+03
9.9 8.320508e+03 8.339212e+03 8.296777e+03 8.278073e+03
10.9 8.287878e+03 8.294595e+03 8.296920e+03 8.290202e+03
11.9 8.229912e+03 8.298033e+03 8.297121e+03 8.229000e+03
12.9 8.317876e+03 8.304396e+03 8.296917e+03 8.310396e+03
13.9 8.416345e+03 8.339137e+03 8.296527e+03 8.373735e+03
14.9 8.314016e+03 8.336497e+03 8.296224e+03 8.273742e+03
15.9 8.237817e+03 8.309122e+03 8.296169e+03 8.224864e+03
16.9 8.156051e+03 8.232867e+03 8.296565e+03 8.219749e+03
17.9 8.207653e+03 8.259990e+03 8.296960e+03 8.244623e+03
18.9 8.260002e+03 8.261172e+03 8.296892e+03 8.295721e+03
19.9 8.353422e+03 8.352879e+03 8.296824e+03 8.297367e+03
20.9 8.372087e+03 8.353898e+03 8.297077e+03 8.315265e+03
21.9 8.358073e+03 8.385920e+03 8.297108e+03 8.269262e+03
0.2 8.322007e+03 8.346897e+03 8.296745e+03 8.271856e+03
1.2 8.286818e+03 8.286088e+03 8.296406e+03 8.297135e+03
2.2 8.281236e+03 8.313035e+03 8.296475e+03 8.264677e+03
3.2 8.308417e+03 8.285010e+03 8.296879e+03 8.320286e+03
4.2 8.339057e+03 8.323043e+03 8.296957e+03 8.312971e+03
5.2 8.320508e+03 8.339212e+03 8.296777e+03 8.278073e+03
6.2 8.287878e+03 8.294595e+03 8.296920e+03 8.290202e+03
7.2 8.229912e+03 8.298033e+03 8.297121e+03 8.229000e+03
8.2 8.317876e+03 8.304396e+03 8.296917e+03 8.310396e+03
9.2 8.416345e+03 8.339137e+03 8.296527e+03 8.373735e+03
10.2 8.314016e+03 8.336497e+03 8.296224e+03 8.273742e+03
11.2 8.237817e+03 8.309122e+03 8.296169e+03 8.224864e+03
12.2 8.156051e+03 8.232867e+03 8.296565e+03 8.219749e+03
13.1 8.207653e+03 8.259990e+03 8.296960e+03 8.244623e+03
14.1 8.260002e+03 8.261172e+03 8.296892e+03 8.295721e+03
15.1 8.353422e+03 8.352879e+03 8.296824e+03 8.297367e+03
16.1 8.372087e+03 8.353898e+03 8.297077e+03 8.315265e+03
17.1 8.358073e+03 8.385920e+03 8.297108e+03 8.269262e+03
18.1 8.373741e+03 8.396999e+03 8.296770e+03 8.273512e+03
19.1 8.348917e+03 8.346269e+03 8.296390e+03 8.299038e+03
20.1 8.393574e+03 8.384239e+03 8.296158e+03 8.305493e+03
21.1 8.389984e+03 8.340744e+03 8.296293e+03 8.345534e+03
0.6 8.339057e+03 8.323043e+03 8.296957e+03 8.312971e+03
1.6 8.320508e+03 8.339212e+03 8.296777e+03 8.278073e+03
2.6 8.287878e+03 8.294595e+03 8.296920e+03 8.290202e+03
3.6 8.229912e+03 8.298033e+03 8.297121e+03 8.229000e+03
4.6 8.317876e+03 8.304396e+03 8.296917e+03 8.310396e+03
5.6 8.416345e+03 8.339137e+03 8.296527e+03 8.373735e+03
6.6 8.314016e+03 8.336497e+03 8.296224e+03 8.273742e+03
7.6 8.237817e+03 8.309122e+03 8.296169e+03 8.224864e+03
8.6 8.156051e+03 8.232867e+03 8.296565e+03 8.219749e+03
9.6 8.207653e+03 8.259990e+03 8.296960e+03 8.244623e+03
10.6 8.260002e+03 8.261172e+03 8.296892e+03 8.295721e+03
11.6 8.353422e+03 8.352879e+03 8.296824e+03 8.297367e+03
12.6 8.372087e+03 8.353898e+03 8.297077e+03 8.315265e+03
13.6 8.358073e+03 8.385920e+03 8.297108e+03 8.269262e+03
14.6 8.373741e+03 8.396999e+03 8.296770e+03 8.273512e+03
15.6 8.348917e+03 8.346269e+03 8.296390e+03 8.299038e+03
16.6 8.393574e+03 8.384239e+03 8.296158e+03 8.305493e+03
17.6 8.389984e+03 8.340744e+03 8.296293e+03 8.345534e+03
18.6 8.375940e+03 8.358304e+03 8.296782e+03 8.314418e+03
19.6 8.396392e+03 8.356258e+03 8.296980e+03 8.337114e+03
20.6 8.397011e+03 8.381725e+03 8.296745e+03 8.312031e+03
21.6 8.378524e+03 8.375235e+03 8.296460e+03 8.299749e+03
0.6 8.314016e+03 8.336497e+03 8.296224e+03 8.273742e+03
1.6 8.237817e+03 8.309122e+03 8.296169e+03 8.224864e+03
2.6 8.156051e+03 8.232867e+03 8.296565e+03 8.219749e+03
3.6 8.207653e+03 8.259990e+03 8.296960e+03 8.244623e+03
4.6 8.260002e+03 8.261172e+03 8.296892e+03 8.295721e+03
5.6 8.353422e+03 8.352879e+03 8.296824e+03 8.297367e+03
6.6 8.372087e+03 8.353898e+03 8.297077e+03 8.315265e+03
7.6 8.358073e+03 8.385920e+03 8.297108e+03 8.269262e+03
8.6 8.373741e+03 8.396999e+03 8.296770e+03 8.273512e+03
9.6 8.348917e+03 8.346269e+03 8.296390e+03 8.299038e+03
10.6 8.393574e+03 8.384239e+03 8.296158e+03 8.305493e+03
11.6 8.389984e+03 8.340744e+03 8.296293e+03 8.345534e+03
12.6 8.375940e+03 8.358304e+03 8.296782e+03 8.314418e+03
13.6 8.396392e+03 8.356258e+03 8.296980e+03 8.337114e+03
14.6 8.397011e+03 8.381725e+03 8.296745e+03 8.312031e+03
15.6 8.378524e+03 8.375235e+03 8.296460e+03 8.299749e+03
16.6 8.313423e+03 8.287526e+03 8.296577e+03 8.322474e+03
17.6 8.327710e+03 8.333106e+03 8.296964e+03 8.291568e+03
18.6 8.375149e+03 8.345869e+03 8.296981e+03 8.326262e+03
19.6 8.432181e+03 8.406197e+03 8.296660e+03 8.322643e+03
20.6 8.419625e+03 8.352309e+03 8.296411e+03 8.363728e+03
21.6 8.358087e+03 8.325356e+03 8.296627e+03 8.329359e+03
1.0 8.260002e+03 8.261172e+03 8.296892e+03 8.295721e+03
2.0 8.353422e+03 8.352879e+03 8.296824e+03 8.297367e+03
3.0 8.372087e+03 8.353898e+03 8.297077e+03 8.315265e+03
4.0 8.358073e+03 8.385920e+03 8.297108e+03 8.269262e+03
5.0 8.373741e+03 8.396999e+03 8.296770e+03 8.273512e+03
6.0 8.348917e+03 8.346269e+03 8.296390e+03 8.299038e+03
7.0 8.393574e+03 8.384239e+03 8.296158e+03 8.305493e+03
8.0 8.389984e+03 8.340744e+03 8.296293e+03 8.345534e+03
9.0 8.375940e+03 8.358304e+03 8.296782e+03 8.314418e+03
10.0 8.396392e+03 8.356258e+03 8.296980e+03 8.337114e+03
11.0 8.397011e+03 8.381725e+03 8.296745e+03 8.312031e+03
12.0 8.378524e+03 8.375235e+03 8.296460e+03 8.299749e+03
13.0 8.313423e+03 8.287526e+03 8.296577e+03 8.322474e+03
14.0 8.327710e+03 8.333106e+03 8.296964e+03 8.291568e+03
15.0 8.375149e+03 8.345869e+03 8.296981e+03 8.326262e+03
16.0 8.432181e+03 8.406197e+03 8.296660e+03 8.322643e+03
17.0 8.419625e+03 8.352309e+03 8.296411e+03 8.363728e+03
18.0 8.358087e+03 8.325356e+03 8.296627e+03 8.329359e+03
19.0 8.335429e+03 8.347499e+03 8.296988e+03 8.284918e+03
20.0 8.346350e+03 8.360215e+03 8.296920e+03 8.283055e+03
21.0 8.349856e+03 8.379211e+03 8.296583e+03 8.267227e+03
22.0 8.322580e+03 8.332696e+03 8.296419e+03 8.286303e+03
1.0 8.393574e+03 8.384239e+03 8.296158e+03 8.305493e+03
2.0 8.389984e+03 8.340744e+03 8.296293e+03 8.345534e+03
3.0 8.375940e+03 8.358304e+03 8.296782e+03 8.314418e+03
4.0 8.396392e+03 8.356258e+03 8.296980e+03 8.337114e+03
5.0 8.397011e+03 8.381725e+03 8.296745e+03 8.312031e+03
6.0 8.378524e+03 8.375235e+03 8.296460e+03 8.299749e+03
7.0 8.313423e+03 8.287526e+03 8.296577e+03 8.322474e+03
8.0 8.327710e+03 8.333106e+03 8.296964e+03 8.291568e+03
9.0 8.375149e+03 8.345869e+03 8.296981e+03 8.326262e+03
10.0 8.432181e+03 8.406197e+03 8.296660e+03 8.322643e+03
11.0 8.419625e+03 8.352309e+03 8.296411e+03 8.363728e+03
12.0 8.358087e+03 8.325356e+03 8.296627e+03 8.329359e+03
13.0 8.335429e+03 8.347499e+03 8.296988e+03 8.284918e+03
14.0 8.346350e+03 8.360215e+03 8.296920e+03 8.283055e+03
15.0 8.349856e+03 8.379211e+03 8.296583e+03 8.267227e+03
16.0 8.322580e+03 8.332696e+03 8.296419e+03 8.286303e+03
17.0 8.278585e+03 8.302806e+03 8.296729e+03 8.272507e+03
18.0 8.325990e+03 8.334869e+03 8.297016e+03 8.288137e+03
19.0 8.368928e+03 8.381072e+03 8.296852e+03 8.284708e+03
20.0 8.428398e+03 8.422683e+03 8.296502e+03 8.302217e+03
21.0 8.411881e+03 8.365032e+03 8.296230e+03 8.343078e+03
22.0 8.323983e+03 8.355038e+03 8.296078e+03 8.265024e+03
0.2 8.397011e+03 8.381725e+03 8.296745e+03 8.312031e+03
1.2 8.378524e+03 8.375235e+03 8.296460e+03 8.299749e+03
2.2 8.313423e+03 8.287526e+03 8.296577e+03 8.322474e+03
3.2 8.327710e+03 8.333106e+03 8.296964e+03 8.291568e+03
4.2 8.375149e+03 8.345869e+03 8.296981e+03 8.326262e+03
5.2 8.432181e+03 8.406197e+03 8.296660e+03 8.322643e+03
6.2 8.419625e+03 8.352309e+03 8.296411e+03 8.363728e+03
7.2 8.358087e+03 8.325356e+03 8.296627e+03 8.329359e+03
8.2 8.335429e+03 8.347499e+03 8.296988e+03 8.284918e+03
9.2 8.346350e+03 8.360215e+03 8.296920e+03 8.283055e+03
10.2 8.349856e+03 8.379211e+03 8.296583e+03 8.267227e+03
11.2 8.322580e+03 8.332696e+03 8.296419e+03 8.286303e+03
12.2 8.278585e+03 8.302806e+03 8.296729e+03 8.272507e+03
13.2 8.325990e+03 8.334869e+03 8.297016e+03 8.288137e+03
14.2 8.368928e+03 8.381072e+03 8.296852e+03 8.284708e+03
15.2 8.428398e+03 8.422683e+03 8.296502e+03 8.302217e+03
16.2 8.411881e+03 8.365032e+03 8.296230e+03 8.343078e+03
17.2 8.323983e+03 8.355038e+03 8.296078e+03 8.265024e+03
18.2 8.207548e+03 8.241998e+03 8.296012e+03 8.261562e+03
19.2 8.275239e+03 8.264115e+03 8.295996e+03 8.307121e+03
20.2 8.292412e+03 8.281295e+03 8.296028e+03 8.307145e+03
21.2 8.238733e+03 8.256516e+03 8.296331e+03 8.278547e+03
0.4 8.432181e+03 8.406197e+03 8.296660e+03 8.322643e+03
1.4 8.419625e+03 8.352309e+03 8.296411e+03 8.363728e+03
2.4 8.358087e+03 8.325356e+03 8.296627e+03 8.329359e+03
3.4 8.335429e+03 8.347499e+03 8.296988e+03 8.284918e+03
4.4 8.346350e+03 8.360215e+03 8.296920e+03 8.283055e+03
5.4 8.349856e+03 8.379211e+03 8.296583e+03 8.267227e+03
6.4 8.322580e+03 8.332696e+03 8.296419e+03 8.286303e+03
7.4 8.278585e+03 8.302806e+03 8.296729e+03 8.272507e+03
8.4 8.325990e+03 8.334869e+03 8.297016e+03 8.288137e+03
9.4 8.368928e+03 8.381072e+03 8.296852e+03 8.284708e+03
10.4 8.428398e+03 8.422683e+03 8.296502e+03 8.302217e+03
11.4 8.411881e+03 8.365032e+03 8.296230e+03 8.343078e+03
12.4 8.323983e+03 8.355038e+03 8.296078e+03 8.265024e+03
13.4 8.207548e+03 8.241998e+03 8.296012e+03 8.261562e+03
14.4 8.275239e+03 8.264115e+03 8.295996e+03 8.307121e+03
15.4 8.292412e+03 8.281295e+03 8.296028e+03 8.307145e+03
16.4 8.238733e+03 8.256516e+03 8.296331e+03 8.278547e+03
17.4 8.162302e+03 8.164367e+03 8.296885e+03 8.294819e+03
18.4 8.177049e+03 8.207039e+03 8.297068e+03 8.267078e+03
19.4 8.251462e+03 8.274389e+03 8.296806e+03 8.273879e+03
20.4 8.286437e+03 8.288301e+03 8.296463e+03 8.294599e+03
21.4 8.296653e+03 8.317588e+03 8.296241e+03 8.275305e+03
0.7 8.349856e+03 8.379211e+03 8.296583e+03 8.267227e+03
1.7 8.322580e+03 8.332696e+03 8.296419e+03 8.286303e+03
2.7 8.278585e+03 8.302806e+03 8.296729e+03 8.272507e+03
3.7 8.325990e+03 8.334869e+03 8.297016e+03 8.288137e+03
4.7 8.368928e+03 8.381072e+03 8.296852e+03 8.284708e+03
5.7 8.428398e+03 8.422683e+03 8.296502e+03 8.302217e+03
6.7 8.411881e+03 8.365032e+03 8.296230e+03 8.343078e+03
7.7 8.323983e+03 8.355038e+03 8.296078e+03 8.265024e+03
8.7 8.207548e+03 8.241998e+03 8.296012e+03 8.261562e+03
9.7 8.275239e+03 8.264115e+03 8.295996e+03 8.307121e+03
10.7 8.292412e+03 8.281295e+03 8.296028e+03 8.307145e+03
11.7 8.238733e+03 8.256516e+03 8.296331e+03 8.278547e+03
12.7 8.162302e+03 8.164367e+03 8.296885e+03 8.294819e+03
13.7 8.177049e+03 8.207039e+03 8.297068e+03 8.267078e+03
14.7 8.251462e+03 8.274389e+03 8.296806e+03 8.273879e+03
15.7 8.286437e+03 8.288301e+03 8.296463e+03 8.294599e+03
16.7 8.296653e+03 8.317588e+03 8.296241e+03 8.275305e+03
17.7 8.284607e+03 8.273496e+03 8.296385e+03 8.307496e+03
18.7 8.293057e+03 8.288208e+03 8.296853e+03 8.301703e+03
19.7 8.327445e+03 8.310935e+03 8.297003e+03 8.313513e+03
20.7 8.388941e+03 8.381097e+03 8.296741e+03 8.304585e+03
21.7 8.354481e+03 8.376781e+03 8.296412e+03 8.274111e+03
0.1 8.275239e+03 8.264115e+03 8.295996e+03 8.307121e+03
1.1 8.292412e+03 8.281295e+03 8.296028e+03 8.307145e+03
2.1 8.238733e+03 8.256516e+03 8.296331e+03 8.278547e+03
3.1 8.162302e+03 8.164367e+03 8.296885e+03 8.294819e+03
4.1 8.177049e+03 8.207039e+03 8.297068e+03 8.267078e+03
5.1 8.251462e+03 8.274389e+03 8.296806e+03 8.273879e+03
6.1 8.286437e+03 8.288301e+03 8.296463e+03 8.294599e+03
7.1 8.296653e+03 8.317588e+03 8.296241e+03 8.275305e+03
8.1 8.284607e+03 8.273496e+03 8.296385e+03 8.307496e+03
9.1 8.293057e+03 8.288208e+03 8.296853e+03 8.301703e+03
10.1 8.327445e+03 8.310935e+03 8.297003e+03 8.313513e+03
11.1 8.388941e+03 8.381097e+03 8.296741e+03 8.304585e+03
12.1 8.354481e+03 8.376781e+03 8.296412e+03 8.274111e+03
13.1 8.318780e+03 8.332589e+03 8.296209e+03 8.282400e+03
14.1 8.295547e+03 8.272558e+03 8.296378e+03 8.319367e+03
15.1 8.291518e+03 8.292881e+03 8.296855e+03 8.295492e+03
16.1 8.342259e+03 8.340528e+03 8.296995e+03 8.298726e+03
17.1 8.386026e+03 8.393332e+03 8.296728e+03 8.289422e+03
18.1 8.423571e+03 8.350348e+03 8.296450e+03 8.369673e+03
19.1 8.333576e+03 8.323970e+03 8.296596e+03 8.306202e+03
20.1 8.326471e+03 8.349894e+03 8.296978e+03 8.273555e+03
21.1 8.435316e+03 8.361099e+03 8.296971e+03 8.371188e+03
0.1 8.286437e+03 8.288301e+03 8.296463e+03 8.294599e+03
1.1 8.296653e+03 8.317588e+03 8.296241e+03 8.275305e+03
2.1 8.284607e+03 8.273496e+03 8.296385e+03 8.307496e+03
3.1 8.293057e+03 8.288208e+03 8.296853e+03 8.301703e+03
4.1 8.327445e+03 8.310935e+03 8.297003e+03 8.313513e+03
5.1 8.388941e+03 8.381097e+03 8.296741e+03 8.304585e+03
6.1 8.354481e+03 8.376781e+03 8.296412e+03 8.274111e+03
7.1 8.318780e+03 8.332589e+03 8.296209e+03 8.282400e+03
8.1 8.295547e+03 8.272558e+03 8.296378e+03 8.319367e+03
9.1 8.291518e+03 8.292881e+03 8.296855e+03 8.295492e+03
10.1 8.342259e+03 8.340528e+03 8.296995e+03 8.298726e+03
11.1 8.386026e+03 8.393332e+03 8.296728e+03 8.289422e+03
12.1 8.423571e+03 8.350348e+03 8.296450e+03 8.369673e+03
13.1 8.333576e+03 8.323970e+03 8.296596e+03 8.306202e+03
14.1 8.326471e+03 8.349894e+03 8.296978e+03 8.273555e+03
15.1 8.435316e+03 8.361099e+03 8.296971e+03 8.371188e+03
16.1 8.367738e+03 8.355437e+03 8.296796e+03 8.309096e+03
17.1 8.357897e+03 8.355237e+03 8.296976e+03 8.299636e+03
18.1 8.379505e+03 8.386605e+03 8.297124e+03 8.290024e+03
19.1 8.414305e+03 8.419957e+03 8.296896e+03 8.291244e+03
20.1 8.380313e+03 8.378414e+03 8.296817e+03 8.298716e+03
21.1 8.368674e+03 8.321231e+03 8.297061e+03 8.344504e+03
0.1 8.354481e+03 8.376781e+03 8.296412e+03 8.274111e+03
1.1 8.318780e+03 8.332589e+03 8.296209e+03 8.282400e+03
2.1 8.295547e+03 8.272558e+03 8.296378e+03 8.319367e+03
3.1 8.291518e+03 8.292881e+03 8.296855e+03 8.295492e+03
4.1 8.342259e+03 8.340528e+03 8.296995e+03 8.298726e+03
5.1 8.386026e+03 8.393332e+03 8.296728e+03 8.289422e+03
6.1 8.423571e+03 8.350348e+03 8.296450e+03 8.369673e+03
7.1 8.333576e+03 8.323970e+03 8.296596e+03 8.306202e+03
8.1 8.326471e+03 8.349894e+03 8.296978e+03 8.273555e+03
9.1 8.435316e+03 8.361099e+03 8.296971e+03 8.371188e+03
10.1 8.367738e+03 8.355437e+03 8.296796e+03 8.309096e+03
11.1 8.357897e+03 8.355237e+03 8.296976e+03 8.299636e+03
12.1 8.379505e+03 8.386605e+03 8.297124e+03 8.290024e+03
13.1 8.414305e+03 8.419957e+03 8.296896e+03 8.291244e+03
14.1 8.380313e+03 8.378414e+03 8.296817e+03 8.298716e+03
15.1 8.368674e+03 8.321231e+03 8.297061e+03 8.344504e+03
16.1 8.406347e+03 8.379613e+03 8.297039e+03 8.323774e+03
17.1 8.413306e+03 8.438087e+03 8.296687e+03 8.271905e+03
18.1 8.346348e+03 8.377578e+03 8.296329e+03 8.265099e+03
19.1 8.276513e+03 8.306270e+03 8.296136e+03 8.266379e+03
20.1 8.217660e+03 8.260410e+03 8.296345e+03 8.253595e+03
21.1 8.206939e+03 8.257639e+03 8.296837e+03 8.246137e+03
0.3 8.386026e+03 8.393332e+03 8.296728e+03 8.289422e+03
1.3 8.423571e+03 8.350348e+03 8.296450e+03 8.369673e+03
2.3 8.333576e+03 8.323970e+03 8.296596e+03 8.306202e+03
3.3 8.326471e+03 8.349894e+03 8.296978e+03 8.273555e+03
4.3 8.435316e+03 8.361099e+03 8.296971e+03 8.371188e+03
5.3 8.367738e+03 8.355437e+03 8.296796e+03 8.309096e+03
6.3 8.357897e+03 8.355237e+03 8.296976e+03 8.299636e+03
7.3 8.379505e+03 8.386605e+03 8.297124e+03 8.290024e+03
8.3 8.414305e+03 8.419957e+03 8.296896e+03 8.291244e+03
9.3 8.380313e+03 8.378414e+03 8.296817e+03 8.298716e+03
10.3 8.368674e+03 8.321231e+03 8.297061e+03 8.344504e+03
11.3 8.406347e+03 8.379613e+03 8.297039e+03 8.323774e+03
12.3 8.413306e+03 8.438087e+03 8.296687e+03 8.271905e+03
13.3 8.346348e+03 8.377578e+03 8.296329e+03 8.265099e+03
14.3 8.276513e+03 8.306270e+03 8.296136e+03 8.266379e+03
15.3 8.217660e+03 8.260410e+03 8.296345e+03 8.253595e+03
16.3 8.206939e+03 8.257639e+03 8.296837e+03 8.246137e+03
17.3 8.272924e+03 8.322729e+03 8.296962e+03 8.247158e+03
18.3 8.357114e+03 8.370419e+03 8.296694e+03 8.283389e+03
19.3 8.368555e+03 8.366728e+03 8.296378e+03 8.298206e+03
20.3 8.294084e+03 8.284965e+03 8.296197e+03 8.305315e+03
21.3 8.236996e+03 8.269109e+03 8.296398e+03 8.264285e+03
0.7 8.435316e+03 8.361099e+03 8.296971e+03 8.371188e+03
1.7 8.367738e+03 8.355437e+03 8.296796e+03 8.309096e+03
2.7 8.357897e+03 8.355237e+03 8.296976e+03 8.299636e+03
3.7 8.379505e+03 8.386605e+03 8.297124e+03 8.290024e+03
4.7 8.414305e+03 8.419957e+03 8.296896e+03 8.291244e+03
5.7 8.380313e+03 8.378414e+03 8.296817e+03 8.298716e+03
6.7 8.368674e+03 8.321231e+03 8.297061e+03 8.344504e+03
7.7 8.406347e+03 8.379613e+03 8.297039e+03 8.323774e+03
8.7 8.413306e+03 8.438087e+03 8.296687e+03 8.271905e+03
9.7 8.346348e+03 8.377578e+03 8.296329e+03 8.265099e+03
10.7 8.276513e+03 8.306270e+03 8.296136e+03 8.266379e+03
11.7 8.217660e+03 8.260410e+03 8.296345e+03 8.253595e+03
12.7 8.206939e+03 8.257639e+03 8.296837e+03 8.246137e+03
13.7 8.272924e+03 8.322729e+03 8.296962e+03 8.247158e+03
14.7 8.357114e+03 8.370419e+03 8.296694e+03 8.283389e+03
15.7 8.368555e+03 8.366728e+03 8.296378e+03 8.298206e+03
16.7 8.294084e+03 8.284965e+03 8.296197e+03 8.305315e+03
17.7 8.236996e+03 8.269109e+03 8.296398e+03 8.264285e+03
18.7 8.290293e+03 8.305653e+03 8.296875e+03 8.281516e+03
19.7 8.342927e+03 8.326271e+03 8.296987e+03 8.313642e+03
20.7 8.381804e+03 8.387824e+03 8.296709e+03 8.290689e+03
21.7 8.331929e+03 8.322567e+03 8.296445e+03 8.305807e+03
0.1 8.379505e+03 8.386605e+03 8.297124e+03 8.290024e+03
1.1 8.414305e+03 8.419957e+03 8.296896e+03 8.291244e+03
2.1 8.380313e+03 8.378414e+03 8.296817e+03 8.298716e+03
3.1 8.368674e+03 8.321231e+03 8.297061e+03 8.344504e+03
4.1 8.406347e+03 8.379613e+03 8.297039e+03 8.323774e+03
5.1 8.413306e+03 8.438087e+03 8.296687e+03 8.271905e+03
6.1 8.346348e+03 8.377578e+03 8.296329e+03 8.265099e+03
7.1 8.276513e+03 8.306270e+03 8.296136e+03 8.266379e+03
8.1 8.217660e+03 8.260410e+03 8.296345e+03 8.253595e+03
9.1 8.206939e+03 8.257639e+03 8.296837e+03 8.246137e+03
10.1 8.272924e+03 8.322729e+03 8.296962e+03 8.247158e+03
11.1 8.357114e+03 8.370419e+03 8.296694e+03 8.283389e+03
12.1 8.368555e+03 8.366728e+03 8.296378e+03 8.298206e+03
13.1 8.294084e+03 8.284965e+03 8.296197e+03 8.305315e+03
14.1 8.236996e+03 8.269109e+03 8.296398e+03 8.264285e+03
15.1 8.290293e+03 8.305653e+03 8.296875e+03 8.281516e+03
16.1 8.342927e+03 8.326271e+03 8.296987e+03 8.313642e+03
17.1 8.381804e+03 8.387824e+03 8.296709e+03 8.290689e+03
18.1 8.331929e+03 8.322567e+03 8.296445e+03 8.305807e+03
19.1 8.221590e+03 8.255058e+03 8.296619e+03 8.263151e+03
20.1 8.248155e+03 8.246712e+03 8.296991e+03 8.298434e+03
21.1 8.301053e+03 8.325512e+03 8.296959e+03 8.272500e+03
0.1 8.346348e+03 8.377578e+03 8.296329e+03 8.265099e+03
1.1 8.276513e+03 8.306270e+03 8.296136e+03 8.266379e+03
2.1 8.217660e+03 8.260410e+03 8.296345e+03 8.253595e+03
3.1 8.206939e+03 8.257639e+03 8.296837e+03 8.246137e+03
4.1 8.272924e+03 8.322729e+03 8.296962e+03 8.247158e+03
5.1 8.357114e+03 8.370419e+03 8.296694e+03 8.283389e+03
6.1 8.368555e+03 8.366728e+03 8.296378e+03 8.298206e+03
7.1 8.294084e+03 8.284965e+03 8.296197e+03 8.305315e+03
8.1 8.236996e+03 8.269109e+03 8.296398e+03 8.264285e+03
9.1 8.290293e+03 8.305653e+03 8.296875e+03 8.281516e+03
10.1 8.342927e+03 8.326271e+03 8.296987e+03 8.313642e+03
11.1 8.381804e+03 8.387824e+03 8.296709e+03 8.290689e+03
12.1 8.331929e+03 8.322567e+03 8.296445e+03 8.305807e+03
13.1 8.221590e+03 8.255058e+03 8.296619e+03 8.263151e+03
14.1 8.248155e+03 8.246712e+03 8.296991e+03 8.298434e+03
15.1 8.301053e+03 8.325512e+03 8.296959e+03 8.272500e+03
16.1 8.381527e+03 8.351415e+03 8.296796e+03 8.326908e+03
17.1 8.356349e+03 8.328480e+03 8.296995e+03 8.324864e+03
18.1 8.353708e+03 8.339452e+03 8.297133e+03 8.311389e+03
19.1 8.368998e+03 8.376597e+03 8.296863e+03 8.289263e+03
20.1 8.418986e+03 8.350126e+03 8.296483e+03 8.365343e+03
21.1 8.371457e+03 8.330339e+03 8.296446e+03 8.337564e+03
0.1 8.368555e+03 8.366728e+03 8.296378e+03 8.298206e+03
1.1 8.294084e+03 8.284965e+03 8.296197e+03 8.305315e+03
2.1 8.236996e+03 8.269109e+03 8.296398e+03 8.264285e+03
3.1 8.290293e+03 8.305653e+03 8.296875e+03 8.281516e+03
4.1 8.342927e+03 8.326271e+03 8.296987e+03 8.313642e+03
5.1 8.381804e+03 8.387824e+03 8.296709e+03 8.290689e+03
6.1 8.331929e+03 8.322567e+03 8.296445e+03 8.305807e+03
7.1 8.221590e+03 8.255058e+03 8.296619e+03 8.263151e+03
8.1 8.248155e+03 8.246712e+03 8.296991e+03 8.298434e+03
9.1 8.301053e+03 8.325512e+03 8.296959e+03 8.272500e+03
10.1 8.381527e+03 8.351415e+03 8.296796e+03 8.326908e+03
11.1 8.356349e+03 8.328480e+03 8.296995e+03 8.324864e+03
12.1 8.353708e+03 8.339452e+03 8.297133e+03 8.311389e+03
13.1 8.368998e+03 8.376597e+03 8.296863e+03 8.289263e+03
14.1 8.418986e+03 8.350126e+03 8.296483e+03 8.365343e+03
15.1 8.371457e+03 8.330339e+03 8.296446e+03 8.337564e+03
16.1 8.341421e+03 8.320159e+03 8.296828e+03 8.318090e+03
17.1 8.327742e+03 8.277826e+03 8.296982e+03 8.346898e+03
18.1 8.327998e+03 8.319780e+03 8.296796e+03 8.305013e+03
19.1 8.172038e+03 8.257966e+03 8.296870e+03 8.210942e+03
20.1 8.215736e+03 8.203864e+03 8.297112e+03 8.308983e+03
21.1 8.426191e+03 8.296841e+03 8.296980e+03 8.426330e+03
0.4 8.381804e+03 8.387824e+03 8.296709e+03 8.290689e+03
1.4 8.331929e+03 8.322567e+03 8.296445e+03 8.305807e+03
2.4 8.221590e+03 8.255058e+03 8.296619e+03 8.263151e+03
3.4 8.248155e+03 8.246712e+03 8.296991e+03 8.298434e+03
4.4 8.301053e+03 8.325512e+03 8.296959e+03 8.272500e+03
5.4 8.381527e+03 8.351415e+03 8.296796e+03 8.326908e+03
6.4 8.356349e+03 8.328480e+03 8.296995e+03 8.324864e+03
7.4 8.353708e+03 8.339452e+03 8.297133e+03 8.311389e+03
8.4 8.368998e+03 8.376597e+03 8.296863e+03 8.289263e+03
9.4 8.418986e+03 8.350126e+03 8.296483e+03 8.365343e+03
10.4 8.371457e+03 8.330339e+03 8.296446e+03 8.337564e+03
11.4 8.341421e+03 8.320159e+03 8.296828e+03 8.318090e+03
12.4 8.327742e+03 8.277826e+03 8.296982e+03 8.346898e+03
13.4 8.327998e+03 8.319780e+03 8.296796e+03 8.305013e+03
14.4 8.172038e+03 8.257966e+03 8.296870e+03 8.210942e+03
15.4 8.215736e+03 8.203864e+03 8.297112e+03 8.308983e+03
16.4 8.426191e+03 8.296841e+03 8.296980e+03 8.426330e+03
17.4 8.282582e+03 8.292699e+03 8.296779e+03 8.286662e+03
18.4 8.262102e+03 8.300067e+03 8.296966e+03 8.259000e+03
19.4 8.209449e+03 8.290891e+03 8.297080e+03 8.215639e+03
20.4 8.237479e+03 8.298265e+03 8.296839e+03 8.236053e+03
21.4 8.165876e+03 8.193914e+03 8.296796e+03 8.268757e+03
0.8 8.301053e+03 8.325512e+03 8.296959e+03 8.272500e+03
1.8 8.381527e+03 8.351415e+03 8.296796e+03 8.326908e+03
2.8 8.356349e+03 8.328480e+03 8.296995e+03 8.324864e+03
3.8 8.353708e+03 8.339452e+03 8.297133e+03 8.311389e+03
4.8 8.368998e+03 8.376597e+03 8.296863e+03 8.289263e+03
5.8 8.418986e+03 8.350126e+03 8.296483e+03 8.365343e+03
6.8 8.371457e+03 8.330339e+03 8.296446e+03 8.337564e+03
7.8 8.341421e+03 8.320159e+03 8.296828e+03 8.318090e+03
8.8 8.327742e+03 8.277826e+03 8.296982e+03 8.346898e+03
9.8 8.327998e+03 8.319780e+03 8.296796e+03 8.305013e+03
10.8 8.172038e+03 8.257966e+03 8.296870e+03 8.210942e+03
11.8 8.215736e+03 8.203864e+03 8.297112e+03 8.308983e+03
12.8 8.426191e+03 8.296841e+03 8.296980e+03 8.426330e+03
13.8 8.282582e+03 8.292699e+03 8.296779e+03 8.286662e+03
14.8 8.262102e+03 8.300067e+03 8.296966e+03 8.259000e+03
15.8 8.209449e+03 8.290891e+03 8.297080e+03 8.215639e+03
16.8 8.237479e+03 8.298265e+03 8.296839e+03 8.236053e+03
17.8 8.165876e+03 8.193914e+03 8.296796e+03 8.268757e+03
18.8 8.147877e+03 8.166287e+03 8.297047e+03 8.278637e+03
19.8 8.214982e+03 8.264030e+03 8.296999e+03 8.247951e+03
20.8 8.276510e+03 8.307363e+03 8.296644e+03 8.265790e+03
21.8 8.256406e+03 8.271822e+03 8.296301e+03 8.280885e+03
1.0 8.418986e+03 8.350126e+03 8.296483e+03 8.365343e+03
2.0 8.371457e+03 8.330339e+03 8.296446e+03 8.337564e+03
3.0 8.341421e+03 8.320159e+03 8.296828e+03 8.318090e+03
4.0 8.327742e+03 8.277826e+03 8.296982e+03 8.346898e+03
5.0 8.327998e+03 8.319780e+03 8.296796e+03 8.305013e+03
6.0 8.172038e+03 8.257966e+03 8.296870e+03 8.210942e+03
7.0 8.215736e+03 8.203864e+03 8.297112e+03 8.308983e+03
8.0 8.426191e+03 8.296841e+03 8.296980e+03 8.426330e+03
9.0 8.282582e+03 8.292699e+03 8.296779e+03 8.286662e+03
10.0 8.262102e+03 8.300067e+03 8.296966e+03 8.259000e+03
11.0 8.209449e+03 8.290891e+03 8.297080e+03 8.215639e+03
12.0 8.237479e+03 8.298265e+03 8.296839e+03 8.236053e+03
13.0 8.165876e+03 8.193914e+03 8.296796e+03 8.268757e+03
14.0 8.147877e+03 8.166287e+03 8.297047e+03 8.278637e+03
15.0 8.214982e+03 8.264030e+03 8.296999e+03 8.247951e+03
16.0 8.276510e+03 8.307363e+03 8.296644e+03 8.265790e+03
17.0 8.256406e+03 8.271822e+03 8.296301e+03 8.280885e+03
18.0 8.211335e+03 8.181062e+03 8.296134e+03 8.326407e+03
19.0 8.263956e+03 8.202982e+03 8.296386e+03 8.357360e+03
20.0 8.341279e+03 8.258341e+03 8.296870e+03 8.379808e+03
21.0 8.386901e+03 8.376757e+03 8.296952e+03 8.307097e+03
22.0 8.363088e+03 8.360701e+03 8.296795e+03 8.299182e+03
0.4 8.327742e+03 8.277826e+03 8.296982e+03 8.346898e+03
1.4 8.327998e+03 8.319780e+03 8.296796e+03 8.305013e+03
2.4 8.172038e+03 8.257966e+03 8.296870e+03 8.210942e+03
3.4 8.215736e+03 8.203864e+03 8.297112e+03 8.308983e+03
4.4 8.426191e+03 8.296841e+03 8.296980e+03 8.426330e+03
5.4 8.282582e+03 8.292699e+03 8.296779e+03 8.286662e+03
6.4 8.262102e+03 8.300067e+03 8.296966e+03 8.259000e+03
7.4 8.209449e+03 8.290891e+03 8.297080e+03 8.215639e+03
8.4 8.237479e+03 8.298265e+03 8.296839e+03 8.236053e+03
9.4 8.165876e+03 8.193914e+03 8.296796e+03 8.268757e+03
10.4 8.147877e+03 8.166287e+03 8.297047e+03 8.278637e+03
11.4 8.214982e+03 8.264030e+03 8.296999e+03 8.247951e+03
12.4 8.276510e+03 8.307363e+03 8.296644e+03 8.265790e+03
13.4 8.256406e+03 8.271822e+03 8.296301e+03 8.280885e+03
14.4 8.211335e+03 8.181062e+03 8.296134e+03 8.326407e+03
15.4 8.263956e+03 8.202982e+03 8.296386e+03 8.357360e+03
16.4 8.341279e+03 8.258341e+03 8.296870e+03 8.379808e+03
17.4 8.386901e+03 8.376757e+03 8.296952e+03 8.307097e+03
18.4 8.363088e+03 8.360701e+03 8.296795e+03 8.299182e+03
19.4 8.284729e+03 8.318817e+03 8.296964e+03 8.262876e+03
20.4 8.331917e+03 8.337573e+03 8.297146e+03 8.291490e+03
21.4 8.331512e+03 8.323741e+03 8.296915e+03 8.304686e+03
0.8 8.426191e+03 8.296841e+03 8.296980e+03 8.426330e+03
1.8 8.282582e+03 8.292699e+03 8.296779e+03 8.286662e+03
2.8 8.262102e+03 8.300067e+03 8.296966e+03 8.259000e+03
3.8 8.209449e+03 8.290891e+03 8.297080e+03 8.215639e+03
4.8 8.237479e+03 8.298265e+03 8.296839e+03 8.236053e+03
5.8 8.165876e+03 8.193914e+03 8.296796e+03 8.268757e+03
6.8 8.147877e+03 8.166287e+03 8.297047e+03 8.278637e+03
7.8 8.214982e+03 8.264030e+03 8.296999e+03 8.247951e+03
8.8 8.276510e+03 8.307363e+03 8.296644e+03 8.265790e+03
9.8 8.256406e+03 8.271822e+03 8.296301e+03 8.280885e+03
10.8 8.211335e+03 8.181062e+03 8.296134e+03 8.326407e+03
11.8 8.263956e+03 8.202982e+03 8.296386e+03 8.357360e+03
12.8 8.341279e+03 8.258341e+03 8.296870e+03 8.379808e+03
13.8 8.386901e+03 8.376757e+03 8.296952e+03 8.307097e+03
14.8 8.363088e+03 8.360701e+03 8.296795e+03 8.299182e+03
15.8 8.284729e+03 8.318817e+03 8.296964e+03 8.262876e+03
16.8 8.331917e+03 8.337573e+03 8.297146e+03 8.291490e+03
17.8 8.331512e+03 8.323741e+03 8.296915e+03 8.304686e+03
18.8 8.341936e+03 8.338037e+03 8.296524e+03 8.300423e+03
19.8 8.411875e+03 8.330033e+03 8.296416e+03 8.378258e+03
20.8 8.409932e+03 8.367079e+03 8.296772e+03 8.339625e+03
21.8 8.293348e+03 8.369716e+03 8.296993e+03 8.220625e+03
0.2 8.209449e+03 8.290891e+03 8.297080e+03 8.215639e+03
1.2 8.237479e+03 8.298265e+03 8.296839e+03 8.236053e+03
2.2 8.165876e+03 8.193914e+03 8.296796e+03 8.268757e+03
3.2 8.147877e+03 8.166287e+03 8.297047e+03 8.278637e+03
4.2 8.214982e+03 8.264030e+03 8.296999e+03 8.247951e+03
5.2 8.276510e+03 8.307363e+03 8.296644e+03 8.265790e+03
6.2 8.256406e+03 8.271822e+03 8.296301e+03 8.280885e+03
7.2 8.211335e+03 8.181062e+03 8.296134e+03 8.326407e+03
8.2 8.263956e+03 8.202982e+03 8.296386e+03 8.357360e+03
9.2 8.341279e+03 8.258341e+03 8.296870e+03 8.379808e+03
10.2 8.386901e+03 8.376757e+03 8.296952e+03 8.307097e+03
11.2 8.363088e+03 8.360701e+03 8.296795e+03 8.299182e+03
12.2 8.284729e+03 8.318817e+03 8.296964e+03 8.262876e+03
13.2 8.331917e+03 8.337573e+03 8.297146e+03 8.291490e+03
14.2 8.331512e+03 8.323741e+03 8.296915e+03 8.304686e+03
15.2 8.341936e+03 8.338037e+03 8.296524e+03 8.300423e+03
16.2 8.411875e+03 8.330033e+03 8.296416e+03 8.378258e+03
17.2 8.409932e+03 8.367079e+03 8.296772e+03 8.339625e+03
18.2 8.293348e+03 8.369716e+03 8.296993e+03 8.220625e+03
19.2 8.358933e+03 8.401013e+03 8.296777e+03 8.254697e+03
20.2 8.371117e+03 8.396891e+03 8.296436e+03 8.270662e+03
21.2 8.317833e+03 8.336958e+03 8.296197e+03 8.277072e+03
0.2 8.256406e+03 8.271822e+03 8.296301e+03 8.280885e+03
1.2 8.211335e+03 8.181062e+03 8.296134e+03 8.326407e+03
2.2 8.263956e+03 8.202982e+03 8.296386e+03 8.357360e+03
3.2 8.341279e+03 8.258341e+03 8.296870e+03 8.379808e+03
4.2 8.386901e+03 8.376757e+03 8.296952e+03 8.307097e+03
5.2 8.363088e+03 8.360701e+03 8.296795e+03 8.299182e+03
6.2 8.284729e+03 8.318817e+03 8.296964e+03 8.262876e+03
7.2 8.331917e+03 8.337573e+03 8.297146e+03 8.291490e+03
8.2 8.331512e+03 8.323741e+03 8.296915e+03 8.304686e+03
9.2 8.341936e+03 8.338037e+03 8.296524e+03 8.300423e+03
10.2 8.411875e+03 8.330033e+03 8.296416e+03 8.378258e+03
11.2 8.409932e+03 8.367079e+03 8.296772e+03 8.339625e+03
12.2 8.293348e+03 8.369716e+03 8.296993e+03 8.220625e+03
13.2 8.358933e+03 8.401013e+03 8.296777e+03 8.254697e+03
14.2 8.371117e+03 8.396891e+03 8.296436e+03 8.270662e+03
15.2 8.317833e+03 8.336958e+03 8.296197e+03 8.277072e+03
16.2 8.260046e+03 8.245753e+03 8.296259e+03 8.310552e+03
17.2 8.255622e+03 8.240826e+03 8.296722e+03 8.311518e+03
18.2 8.365199e+03 8.326315e+03 8.297000e+03 8.335884e+03
19.2 8.431221e+03 8.398309e+03 8.296810e+03 8.329723e+03
20.2 8.419404e+03 8.382822e+03 8.296476e+03 8.333059e+03
21.2 8.332871e+03 8.306066e+03 8.296232e+03 8.323037e+03
0.6 8.386901e+03 8.376757e+03 8.296952e+03 8.307097e+03
1.6 8.363088e+03 8.360701e+03 8.296795e+03 8.299182e+03
2.6 8.284729e+03 8.318817e+03 8.296964e+03 8.262876e+03
3.6 8.331917e+03 8.337573e+03 8.297146e+03 8.291490e+03
4.6 8.331512e+03 8.323741e+03 8.296915e+03 8.304686e+03
5.6 8.341936e+03 8.338037e+03 8.296524e+03 8.300423e+03
6.6 8.411875e+03 8.330033e+03 8.296416e+03 8.378258e+03
7.6 8.409932e+03 8.367079e+03 8.296772e+03 8.339625e+03
8.6 8.293348e+03 8.369716e+03 8.296993e+03 8.220625e+03
9.6 8.358933e+03 8.401013e+03 8.296777e+03 8.254697e+03
10.6 8.371117e+03 8.396891e+03 8.296436e+03 8.270662e+03
11.6 8.317833e+03 8.336958e+03 8.296197e+03 8.277072e+03
12.6 8.260046e+03 8.245753e+03 8.296259e+03 8.310552e+03
13.6 8.255622e+03 8.240826e+03 8.296722e+03 8.311518e+03
14.6 8.365199e+03 8.326315e+03 8.297000e+03 8.335884e+03
15.6 8.431221e+03 8.398309e+03 8.296810e+03 8.329723e+03
16.6 8.419404e+03 8.382822e+03 8.296476e+03 8.333059e+03
17.6 8.332871e+03 8.306066e+03 8.296232e+03 8.323037e+03
18.6 8.287253e+03 8.259020e+03 8.296284e+03 8.324518e+03
19.6 8.312453e+03 8.254123e+03 8.296739e+03 8.355069e+03
20.6 8.367872e+03 8.289076e+03 8.297009e+03 8.375806e+03
21.6 8.357058e+03 8.373703e+03 8.296859e+03 8.280215e+03
0.8 8.341936e+03 8.338037e+03 8.296524e+03 8.300423e+03
1.8 8.411875e+03 8.330033e+03 8.296416e+03 8.378258e+03
2.8 8.409932e+03 8.367079e+03 8.296772e+03 8.339625e+03
3.8 8.293348e+03 8.369716e+03 8.296993e+03 8.220625e+03
4.8 8.358933e+03 8.401013e+03 8.296777e+03 8.254697e+03
5.8 8.371117e+03 8.396891e+03 8.296436e+03 8.270662e+03
6.8 8.317833e+03 8.336958e+03 8.296197e+03 8.277072e+03
7.8 8.260046e+03 8.245753e+03 8.296259e+03 8.310552e+03
8.8 8.255622e+03 8.240826e+03 8.296722e+03 8.311518e+03
9.8 8.365199e+03 8.326315e+03 8.297000e+03 8.335884e+03
10.8 8.431221e+03 8.398309e+03 8.296810e+03 8.329723e+03
11.8 8.419404e+03 8.382822e+03 8.296476e+03 8.333059e+03
12.8 8.332871e+03 8.306066e+03 8.296232e+03 8.323037e+03
13.8 8.287253e+03 8.259020e+03 8.296284e+03 8.324518e+03
14.8 8.312453e+03 8.254123e+03 8.296739e+03 8.355069e+03
15.8 8.367872e+03 8.289076e+03 8.297009e+03 8.375806e+03
16.8 8.357058e+03 8.373703e+03 8.296859e+03 8.280215e+03
17.8 8.346699e+03 8.329214e+03 8.296879e+03 8.314364e+03
18.8 8.137948e+03 8.225788e+03 8.297132e+03 8.209292e+03
19.8 8.205143e+03 8.292086e+03 8.297048e+03 8.210105e+03
20.8 8.332638e+03 8.290984e+03 8.296803e+03 8.338457e+03
21.8 8.216864e+03 8.311326e+03 8.296936e+03 8.202474e+03
0.8 8.317833e+03 8.336958e+03 8.296197e+03 8.277072e+03
1.8 8.260046e+03 8.245753e+03 8.296259e+03 8.310552e+03
2.8 8.255622e+03 8.240826e+03 8.296722e+03 8.311518e+03
3.8 8.365199e+03 8.326315e+03 8.297000e+03 8.335884e+03
4.8 8.431221e+03 8.398309e+03 8.296810e+03 8.329723e+03
5.8 8.419404e+03 8.382822e+03 8.296476e+03 8.333059e+03
6.8 8.332871e+03 8.306066e+03 8.296232e+03 8.323037e+03
7.8 8.287253e+03 8.259020e+03 8.296284e+03 8.324518e+03
8.8 8.312453e+03 8.254123e+03 8.296739e+03 8.355069e+03
9.8 8.367872e+03 8.289076e+03 8.297009e+03 8.375806e+03
10.8 8.357058e+03 8.373703e+03 8.296859e+03 8.280215e+03
11.8 8.346699e+03 8.329214e+03 8.296879e+03 8.314364e+03
12.8 8.137948e+03 8.225788e+03 8.297132e+03 8.209292e+03
13.8 8.205143e+03 8.292086e+03 8.297048e+03 8.210105e+03
14.8 8.332638e+03 8.290984e+03 8.296803e+03 8.338457e+03
15.8 8.216864e+03 8.311326e+03 8.296936e+03 8.202474e+03
16.8 8.182974e+03 8.243980e+03 8.297095e+03 8.236090e+03
17.8 8.206265e+03 8.271537e+03 8.296860e+03 8.231588e+03
18.8 8.250932e+03 8.206815e+03 8.296476e+03 8.340592e+03
19.8 8.225336e+03 8.176946e+03 8.296193e+03 8.344583e+03
20.8 8.209700e+03 8.192529e+03 8.296179e+03 8.313350e+03
21.8 8.214354e+03 8.220624e+03 8.296607e+03 8.290337e+03
0.8 8.332871e+03 8.306066e+03 8.296232e+03 8.323037e+03
1.8 8.287253e+03 8.259020e+03 8.296284e+03 8.324518e+03
2.8 8.312453e+03 8.254123e+03 8.296739e+03 8.355069e+03
3.8 8.367872e+03 8.289076e+03 8.297009e+03 8.375806e+03
4.8 8.357058e+03 8.373703e+03 8.296859e+03 8.280215e+03
5.8 8.346699e+03 8.329214e+03 8.296879e+03 8.314364e+03
6.8 8.137948e+03 8.225788e+03 8.297132e+03 8.209292e+03
7.8 8.205143e+03 8.292086e+03 8.297048e+03 8.210105e+03
8.8 8.332638e+03 8.290984e+03 8.296803e+03 8.338457e+03
9.8 8.216864e+03 8.311326e+03 8.296936e+03 8.202474e+03
10.8 8.182974e+03 8.243980e+03 8.297095e+03 8.236090e+03
11.8 8.206265e+03 8.271537e+03 8.296860e+03 8.231588e+03
12.8 8.250932e+03 8.206815e+03 8.296476e+03 8.340592e+03
13.8 8.225336e+03 8.176946e+03 8.296193e+03 8.344583e+03
14.8 8.209700e+03 8.192529e+03 8.296179e+03 8.313350e+03
15.8 8.214354e+03 8.220624e+03 8.296607e+03 8.290337e+03
16.8 8.308068e+03 8.304167e+03 8.296971e+03 8.300872e+03
17.8 8.230298e+03 8.324616e+03 8.296874e+03 8.202557e+03
18.8 8.197628e+03 8.261780e+03 8.296837e+03 8.232685e+03
19.8 8.202797e+03 8.211671e+03 8.297102e+03 8.288229e+03
20.8 8.196711e+03 8.222300e+03 8.297106e+03 8.271517e+03
21.8 8.159609e+03 8.170331e+03 8.296751e+03 8.286030e+03
0.3 8.367872e+03 8.289076e+03 8.297009e+03 8.375806e+03
1.3 8.357058e+03 8.373703e+03 8.296859e+03 8.280215e+03
2.3 8.346699e+03 8.329214e+03 8.296879e+03 8.314364e+03
3.3 8.137948e+03 8.225788e+03 8.297132e+03 8.209292e+03
4.3 8.205143e+03 8.292086e+03 8.297048e+03 8.210105e+03
5.3 8.332638e+03 8.290984e+03 8.296803e+03 8.338457e+03
6.3 8.216864e+03 8.311326e+03 8.296936e+03 8.202474e+03
7.3 8.182974e+03 8.243980e+03 8.297095e+03 8.236090e+03
8.3 8.206265e+03 8.271537e+03 8.296860e+03 8.231588e+03
9.3 8.250932e+03 8.206815e+03 8.296476e+03 8.340592e+03
10.3 8.225336e+03 8.176946e+03 8.296193e+03 8.344583e+03
11.3 8.209700e+03 8.192529e+03 8.296179e+03 8.313350e+03
12.3 8.214354e+03 8.220624e+03 8.296607e+03 8.290337e+03
13.3 8.308068e+03 8.304167e+03 8.296971e+03 8.300872e+03
14.3 8.230298e+03 8.324616e+03 8.296874e+03 8.202557e+03
15.3 8.197628e+03 8.261780e+03 8.296837e+03 8.232685e+03
16.3 8.202797e+03 8.211671e+03 8.297102e+03 8.288229e+03
17.3 8.196711e+03 8.222300e+03 8.297106e+03 8.271517e+03
18.3 8.159609e+03 8.170331e+03 8.296751e+03 8.286030e+03
19.3 8.081498e+03 8.099238e+03 8.296422e+03 8.278682e+03
20.3 8.020660e+03 8.061846e+03 8.296549e+03 8.255363e+03
21.3 8.123149e+03 8.086806e+03 8.296932e+03 8.333275e+03
0.7 8.205143e+03 8.292086e+03 8.297048e+03 8.210105e+03
1.7 8.332638e+03 8.290984e+03 8.296803e+03 8.338457e+03
2.7 8.216864e+03 8.311326e+03 8.296936e+03 8.202474e+03
3.7 8.182974e+03 8.243980e+03 8.297095e+03 8.236090e+03
4.7 8.206265e+03 8.271537e+03 8.296860e+03 8.231588e+03
5.7 8.250932e+03 8.206815e+03 8.296476e+03 8.340592e+03
6.7 8.225336e+03 8.176946e+03 8.296193e+03 8.344583e+03
7.7 8.209700e+03 8.192529e+03 8.296179e+03 8.313350e+03
8.7 8.214354e+03 8.220624e+03 8.296607e+03 8.290337e+03
9.7 8.308068e+03 8.304167e+03 8.296971e+03 8.300872e+03
10.7 8.230298e+03 8.324616e+03 8.296874e+03 8.202557e+03
11.7 8.197628e+03 8.261780e+03 8.296837e+03 8.232685e+03
12.7 8.202797e+03 8.211671e+03 8.297102e+03 8.288229e+03
13.7 8.196711e+03 8.222300e+03 8.297106e+03 8.271517e+03
14.7 8.159609e+03 8.170331e+03 8.296751e+03 8.286030e+03
15.7 8.081498e+03 8.099238e+03 8.296422e+03 8.278682e+03
16.7 8.020660e+03 8.061846e+03 8.296549e+03 8.255363e+03
17.7 8.123149e+03 8.086806e+03 8.296932e+03 8.333275e+03
18.7 8.209238e+03 8.162254e+03 8.296933e+03 8.343917e+03
19.7 8.319393e+03 8.249110e+03 8.296616e+03 8.366898e+03
20.7 8.271574e+03 8.245154e+03 8.296306e+03 8.322727e+03
21.7 8.239213e+03 8.237125e+03 8.296117e+03 8.298205e+03
0.7 8.225336e+03 8.176946e+03 8.296193e+03 8.344583e+03
1.7 8.209700e+03 8.192529e+03 8.296179e+03 8.313350e+03
2.7 8.214354e+03 8.220624e+03 8.296607e+03 8.290337e+03
3.7 8.308068e+03 8.304167e+03 8.296971e+03 8.300872e+03
4.7 8.230298e+03 8.324616e+03 8.296874e+03 8.202557e+03
5.7 8.197628e+03 8.261780e+03 8.296837e+03 8.232685e+03
6.7 8.202797e+03 8.211671e+03 8.297102e+03 8.288229e+03
7.7 8.196711e+03 8.222300e+03 8.297106e+03 8.271517e+03
8.7 8.159609e+03 8.170331e+03 8.296751e+03 8.286030e+03
9.7 8.081498e+03 8.099238e+03 8.296422e+03 8.278682e+03
10.7 8.020660e+03 8.061846e+03 8.296549e+03 8.255363e+03
11.7 8.123149e+03 8.086806e+03 8.296932e+03 8.333275e+03
12.7 8.209238e+03 8.162254e+03 8.296933e+03 8.343917e+03
13.7 8.319393e+03 8.249110e+03 8.296616e+03 8.366898e+03
14.7 8.271574e+03 8.245154e+03 8.296306e+03 8.322727e+03
15.7 8.239213e+03 8.237125e+03 8.296117e+03 8.298205e+03
16.7 8.193989e+03 8.214249e+03 8.296049e+03 8.275789e+03
17.7 8.194411e+03 8.201756e+03 8.296309e+03 8.288964e+03
18.7 8.224488e+03 8.183770e+03 8.296841e+03 8.337559e+03
19.7 8.273894e+03 8.286302e+03 8.297011e+03 8.284603e+03
20.7 8.286105e+03 8.299833e+03 8.296851e+03 8.283124e+03
21.7 8.255036e+03 8.290634e+03 8.296970e+03 8.261373e+03
0.1 8.308068e+03 8.304167e+03 8.296971e+03 8.300872e+03
1.1 8.230298e+03 8.324616e+03 8.296874e+03 8.202557e+03
2.1 8.197628e+03 8.261780e+03 8.296837e+03 8.232685e+03
3.1 8.202797e+03 8.211671e+03 8.297102e+03 8.288229e+03
4.1 8.196711e+03 8.222300e+03 8.297106e+03 8.271517e+03
5.1 8.159609e+03 8.170331e+03 8.296751e+03 8.286030e+03
6.1 8.081498e+03 8.099238e+03 8.296422e+03 8.278682e+03
7.1 8.020660e+03 8.061846e+03 8.296549e+03 8.255363e+03
8.1 8.123149e+03 8.086806e+03 8.296932e+03 8.333275e+03
9.1 8.209238e+03 8.162254e+03 8.296933e+03 8.343917e+03
10.1 8.319393e+03 8.249110e+03 8.296616e+03 8.366898e+03
11.1 8.271574e+03 8.245154e+03 8.296306e+03 8.322727e+03
12.1 8.239213e+03 8.237125e+03 8.296117e+03 8.298205e+03
13.1 8.193989e+03 8.214249e+03 8.296049e+03 8.275789e+03
14.1 8.194411e+03 8.201756e+03 8.296309e+03 8.288964e+03
15.1 8.224488e+03 8.183770e+03 8.296841e+03 8.337559e+03
16.1 8.273894e+03 8.286302e+03 8.297011e+03 8.284603e+03
17.1 8.286105e+03 8.299833e+03 8.296851e+03 8.283124e+03
18.1 8.255036e+03 8.290634e+03 8.296970e+03 8.261373e+03
19.1 8.276947e+03 8.256565e+03 8.297173e+03 8.317554e+03
20.1 8.293699e+03 8.276106e+03 8.296983e+03 8.314576e+03
21.1 8.328982e+03 8.314686e+03 8.296804e+03 8.311099e+03
0.3 8.159609e+03 8.170331e+03 8.296751e+03 8.286030e+03
1.3 8.081498e+03 8.099238e+03 8.296422e+03 8.278682e+03
2.3 8.020660e+03 8.061846e+03 8.296549e+03 8.255363e+03
3.3 8.123149e+03 8.086806e+03 8.296932e+03 8.333275e+03
4.3 8.209238e+03 8.162254e+03 8.296933e+03 8.343917e+03
5.3 8.319393e+03 8.249110e+03 8.296616e+03 8.366898e+03
6.3 8.271574e+03 8.245154e+03 8.296306e+03 8.322727e+03
7.3 8.239213e+03 8.237125e+03 8.296117e+03 8.298205e+03
8.3 8.193989e+03 8.214249e+03 8.296049e+03 8.275789e+03
9.3 8.194411e+03 8.201756e+03 8.296309e+03 8.288964e+03
10.3 8.224488e+03 8.183770e+03 8.296841e+03 8.337559e+03
11.3 8.273894e+03 8.286302e+03 8.297011e+03 8.284603e+03
12.3 8.286105e+03 8.299833e+03 8.296851e+03 8.283124e+03
13.3 8.255036e+03 8.290634e+03 8.296970e+03 8.261373e+03
14.3 8.276947e+03 8.256565e+03 8.297173e+03 8.317554e+03
15.3 8.293699e+03 8.276106e+03 8.296983e+03 8.314576e+03
16.3 8.328982e+03 8.314686e+03 8.296804e+03 8.311099e+03
17.3 8.306139e+03 8.303857e+03 8.297009e+03 8.299290e+03
18.3 8.300667e+03 8.319321e+03 8.297071e+03 8.278418e+03
19.3 8.338328e+03 8.309390e+03 8.296821e+03 8.325758e+03
20.3 8.301710e+03 8.271548e+03 8.296836e+03 8.326998e+03
21.3 8.315721e+03 8.272920e+03 8.297073e+03 8.339875e+03
0.1 8.239213e+03 8.237125e+03 8.296117e+03 8.298205e+03
1.1 8.193989e+03 8.214249e+03 8.296049e+03 8.275789e+03
2.1 8.194411e+03 8.201756e+03 8.296309e+03 8.288964e+03
3.1 8.224488e+03 8.183770e+03 8.296841e+03 8.337559e+03
4.1 8.273894e+03 8.286302e+03 8.297011e+03 8.284603e+03
5.1 8.286105e+03 8.299833e+03 8.296851e+03 8.283124e+03
6.1 8.255036e+03 8.290634e+03 8.296970e+03 8.261373e+03
7.1 8.276947e+03 8.256565e+03 8.297173e+03 8.317554e+03
8.1 8.293699e+03 8.276106e+03 8.296983e+03 8.314576e+03
9.1 8.328982e+03 8.314686e+03 8.296804e+03 8.311099e+03
10.1 8.306139e+03 8.303857e+03 8.297009e+03 8.299290e+03
11.1 8.300667e+03 8.319321e+03 8.297071e+03 8.278418e+03
12.1 8.338328e+03 8.309390e+03 8.296821e+03 8.325758e+03
13.1 8.301710e+03 8.271548e+03 8.296836e+03 8.326998e+03
14.1 8.315721e+03 8.272920e+03 8.297073e+03 8.339875e+03
15.1 8.299502e+03 8.288918e+03 8.296961e+03 8.307545e+03
16.1 8.314489e+03 8.316574e+03 8.296589e+03 8.294504e+03
17.1 8.292155e+03 8.278842e+03 8.296367e+03 8.309680e+03
18.1 8.273650e+03 8.281386e+03 8.296634e+03 8.288898e+03
19.1 8.303264e+03 8.326890e+03 8.296971e+03 8.273345e+03
20.1 8.307569e+03 8.305435e+03 8.296864e+03 8.298997e+03
21.1 8.308850e+03 8.314824e+03 8.296527e+03 8.290553e+03
0.5 8.273894e+03 8.286302e+03 8.297011e+03 8.284603e+03
1.5 8.286105e+03 8.299833e+03 8.296851e+03 8.283124e+03
2.5 8.255036e+03 8.290634e+03 8.296970e+03 8.261373e+03
3.5 8.276947e+03 8.256565e+03 8.297173e+03 8.317554e+03
4.5 8.293699e+03 8.276106e+03 8.296983e+03 8.314576e+03
5.5 8.328982e+03 8.314686e+03 8.296804e+03 8.311099e+03
6.5 8.306139e+03 8.303857e+03 8.297009e+03 8.299290e+03
7.5 8.300667e+03 8.319321e+03 8.297071e+03 8.278418e+03
8.5 8.338328e+03 8.309390e+03 8.296821e+03 8.325758e+03
9.5 8.301710e+03 8.271548e+03 8.296836e+03 8.326998e+03
10.5 8.315721e+03 8.272920e+03 8.297073e+03 8.339875e+03
11.5 8.299502e+03 8.288918e+03 8.296961e+03 8.307545e+03
12.5 8.314489e+03 8.316574e+03 8.296589e+03 8.294504e+03
13.5 8.292155e+03 8.278842e+03 8.296367e+03 8.309680e+03
14.5 8.273650e+03 8.281386e+03 8.296634e+03 8.288898e+03
15.5 8.303264e+03 8.326890e+03 8.296971e+03 8.273345e+03
16.5 8.307569e+03 8.305435e+03 8.296864e+03 8.298997e+03
17.5 8.308850e+03 8.314824e+03 8.296527e+03 8.290553e+03
18.5 8.245852e+03 8.246831e+03 8.296248e+03 8.295268e+03
19.5 8.171273e+03 8.228812e+03 8.296191e+03 8.238653e+03
20.5 8.245303e+03 8.202828e+03 8.296575e+03 8.339049e+03
21.5 8.319954e+03 8.279245e+03 8.296974e+03 8.337683e+03
0.9 8.293699e+03 8.276106e+03 8.296983e+03 8.314576e+03
1.9 8.328982e+03 8.314686e+03 8.296804e+03 8.311099e+03
2.9 8.306139e+03 8.303857e+03 8.297009e+03 8.299290e+03
3.9 8.300667e+03 8.319321e+03 8.297071e+03 8.278418e+03
4.9 8.338328e+03 8.309390e+03 8.296821e+03 8.325758e+03
5.9 8.301710e+03 8.271548e+03 8.296836e+03 8.326998e+03
6.9 8.315721e+03 8.272920e+03 8.297073e+03 8.339875e+03
7.9 8.299502e+03 8.288918e+03 8.296961e+03 8.307545e+03
8.9 8.314489e+03 8.316574e+03 8.296589e+03 8.294504e+03
9.9 8.292155e+03 8.278842e+03 8.296367e+03 8.309680e+03
10.9 8.273650e+03 8.281386e+03 8.296634e+03 8.288898e+03
11.9 8.303264e+03 8.326890e+03 8.296971e+03 8.273345e+03
12.9 8.307569e+03 8.305435e+03 8.296864e+03 8.298997e+03
13.9 8.308850e+03 8.314824e+03 8.296527e+03 8.290553e+03
14.9 8.245852e+03 8.246831e+03 8.296248e+03 8.295268e+03
15.9 8.171273e+03 8.228812e+03 8.296191e+03 8.238653e+03
16.9 8.245303e+03 8.202828e+03 8.296575e+03 8.339049e+03
17.9 8.319954e+03 8.279245e+03 8.296974e+03 8.337683e+03
18.9 8.361610e+03 8.358686e+03 8.296896e+03 8.299819e+03
19.9 8.316431e+03 8.293139e+03 8.296568e+03 8.319860e+03
20.9 8.279650e+03 8.287085e+03 8.296286e+03 8.288851e+03
21.9 8.239009e+03 8.221325e+03 8.296220e+03 8.313904e+03
0.4 8.300667e+03 8.319321e+03 8.297071e+03 8.278418e+03
1.4 8.338328e+03 8.309390e+03 8.296821e+03 8.325758e+03
2.4 8.301710e+03 8.271548e+03 8.296836e+03 8.326998e+03
3.4 8.315721e+03 8.272920e+03 8.297073e+03 8.339875e+03
4.4 8.299502e+03 8.288918e+03 8.296961e+03 8.307545e+03
5.4 8.314489e+03 8.316574e+03 8.296589e+03 8.294504e+03
6.4 8.292155e+03 8.278842e+03 8.296367e+03 8.309680e+03
7.4 8.273650e+03 8.281386e+03 8.296634e+03 8.288898e+03
8.4 8.303264e+03 8.326890e+03 8.296971e+03 8.273345e+03
9.4 8.307569e+03 8.305435e+03 8.296864e+03 8.298997e+03
10.4 8.308850e+03 8.314824e+03 8.296527e+03 8.290553e+03
11.4 8.245852e+03 8.246831e+03 8.296248e+03 8.295268e+03
12.4 8.171273e+03 8.228812e+03 8.296191e+03 8.238653e+03
13.4 8.245303e+03 8.202828e+03 8.296575e+03 8.339049e+03
14.4 8.319954e+03 8.279245e+03 8.296974e+03 8.337683e+03
15.4 8.361610e+03 8.358686e+03 8.296896e+03 8.299819e+03
16.4 8.316431e+03 8.293139e+03 8.296568e+03 8.319860e+03
17.4 8.279650e+03 8.287085e+03 8.296286e+03 8.288851e+03
18.4 8.239009e+03 8.221325e+03 8.296220e+03 8.313904e+03
19.4 8.265902e+03 8.270366e+03 8.296594e+03 8.292130e+03
20.4 8.280223e+03 8.288784e+03 8.296985e+03 8.288424e+03
21.4 8.321097e+03 8.348156e+03 8.296902e+03 8.269843e+03
0.5 8.314489e+03 8.316574e+03 8.296589e+03 8.294504e+03
1.5 8.292155e+03 8.278842e+03 8.296367e+03 8.309680e+03
2.5 8.273650e+03 8.281386e+03 8.296634e+03 8.288898e+03
3.5 8.303264e+03 8.326890e+03 8.296971e+03 8.273345e+03
4.5 8.307569e+03 8.305435e+03 8.296864e+03 8.298997e+03
5.5 8.308850e+03 8.314824e+03 8.296527e+03 8.290553e+03
6.5 8.245852e+03 8.246831e+03 8.296248e+03 8.295268e+03
7.5 8.171273e+03 8.228812e+03 8.296191e+03 8.238653e+03
8.5 8.245303e+03 8.202828e+03 8.296575e+03 8.339049e+03
9.5 8.319954e+03 8.279245e+03 8.296974e+03 8.337683e+03
10.5 8.361610e+03 8.358686e+03 8.296896e+03 8.299819e+03
11.5 8.316431e+03 8.293139e+03 8.296568e+03 8.319860e+03
12.5 8.279650e+03 8.287085e+03 8.296286e+03 8.288851e+03
13.5 8.239009e+03 8.221325e+03 8.296220e+03 8.313904e+03
14.5 8.265902e+03 8.270366e+03 8.296594e+03 8.292130e+03
15.5 8.280223e+03 8.288784e+03 8.296985e+03 8.288424e+03
16.5 8.321097e+03 8.348156e+03 8.296902e+03 8.269843e+03
17.5 8.362691e+03 8.341575e+03 8.296571e+03 8.317687e+03
18.5 8.347732e+03 8.344707e+03 8.296287e+03 8.299312e+03
19.5 8.269033e+03 8.242935e+03 8.296229e+03 8.322327e+03
20.5 8.227749e+03 8.249537e+03 8.296610e+03 8.274822e+03
21.5 8.299273e+03 8.267500e+03 8.296990e+03 8.328763e+03
0.5 8.245852e+03 8.246831e+03 8.296248e+03 8.295268e+03
1.5 8.171273e+03 8.228812e+03 8.296191e+03 8.238653e+03
2.5 8.245303e+03 8.202828e+03 8.296575e+03 8.339049e+03
3.5 8.319954e+03 8.279245e+03 8.296974e+03 8.337683e+03
4.5 8.361610e+03 8.358686e+03 8.296896e+03 8.299819e+03
5.5 8.316431e+03 8.293139e+03 8.296568e+03 8.319860e+03
6.5 8.279650e+03 8.287085e+03 8.296286e+03 8.288851e+03
7.5 8.239009e+03 8.221325e+03 8.296220e+03 8.313904e+03
8.5 8.265902e+03 8.270366e+03 8.296594e+03 8.292130e+03
9.5 8.280223e+03 8.288784e+03 8.296985e+03 8.288424e+03
10.5 8.321097e+03 8.348156e+03 8.296902e+03 8.269843e+03
11.5 8.362691e+03 8.341575e+03 8.296571e+03 8.317687e+03
12.5 8.347732e+03 8.344707e+03 8.296287e+03 8.299312e+03
13.5 8.269033e+03 8.242935e+03 8.296229e+03 8.322327e+03
14.5 8.227749e+03 8.249537e+03 8.296610e+03 8.274822e+03
15.5 8.299273e+03 8.267500e+03 8.296990e+03 8.328763e+03
16.5 8.331389e+03 8.354634e+03 8.296893e+03 8.273649e+03
17.5 8.363715e+03 8.388898e+03 8.296565e+03 8.271382e+03
18.5 8.299897e+03 8.298491e+03 8.296457e+03 8.297862e+03
19.5 8.263177e+03 8.303084e+03 8.296800e+03 8.256892e+03
20.5 8.298188e+03 8.294694e+03 8.297035e+03 8.300528e+03
21.5 8.340729e+03 8.365207e+03 8.296856e+03 8.272379e+03
0.5 8.279650e+03 8.287085e+03 8.296286e+03 8.288851e+03
1.5 8.239009e+03 8.221325e+03 8.296220e+03 8.313904e+03
2.5 8.265902e+03 8.270366e+03 8.296594e+03 8.292130e+03
3.5 8.280223e+03 8.288784e+03 8.296985e+03 8.288424e+03
4.5 8.321097e+03 8.348156e+03 8.296902e+03 8.269843e+03
5.5 8.362691e+03 8.341575e+03 8.296571e+03 8.317687e+03
6.5 8.347732e+03 8.344707e+03 8.296287e+03 8.299312e+03
7.5 8.269033e+03 8.242935e+03 8.296229e+03 8.322327e+03
8.5 8.227749e+03 8.249537e+03 8.296610e+03 8.274822e+03
9.5 8.299273e+03 8.267500e+03 8.296990e+03 8.328763e+03
10.5 8.331389e+03 8.354634e+03 8.296893e+03 8.273649e+03
11.5 8.363715e+03 8.388898e+03 8.296565e+03 8.271382e+03
12.5 8.299897e+03 8.298491e+03 8.296457e+03 8.297862e+03
13.5 8.263177e+03 8.303084e+03 8.296800e+03 8.256892e+03
14.5 8.298188e+03 8.294694e+03 8.297035e+03 8.300528e+03
15.5 8.340729e+03 8.365207e+03 8.296856e+03 8.272379e+03
16.5 8.349764e+03 8.353540e+03 8.296826e+03 8.293051e+03
17.5 8.310877e+03 8.270222e+03 8.297085e+03 8.337740e+03
18.5 8.347348e+03 8.334567e+03 8.297045e+03 8.309826e+03
19.5 8.418645e+03 8.351989e+03 8.296684e+03 8.363340e+03
20.5 8.351576e+03 8.349410e+03 8.296398e+03 8.298564e+03
21.5 8.312691e+03 8.353006e+03 8.296589e+03 8.256274e+03
0.6 8.347732e+03 8.344707e+03 8.296287e+03 8.299312e+03
1.6 8.269033e+03 8.242935e+03 8.296229e+03 8.322327e+03
2.6 8.227749e+03 8.249537e+03 8.296610e+03 8.274822e+03
3.6 8.299273e+03 8.267500e+03 8.296990e+03 8.328763e+03
4.6 8.331389e+03 8.354634e+03 8.296893e+03 8.273649e+03
5.6 8.363715e+03 8.388898e+03 8.296565e+03 8.271382e+03
6.6 8.299897e+03 8.298491e+03 8.296457e+03 8.297862e+03
7.6 8.263177e+03 8.303084e+03 8.296800e+03 8.256892e+03
8.6 8.298188e+03 8.294694e+03 8.297035e+03 8.300528e+03
9.6 8.340729e+03 8.365207e+03 8.296856e+03 8.272379e+03
10.6 8.349764e+03 8.353540e+03 8.296826e+03 8.293051e+03
11.6 8.310877e+03 8.270222e+03 8.297085e+03 8.337740e+03
12.6 8.347348e+03 8.334567e+03 8.297045e+03 8.309826e+03
13.6 8.418645e+03 8.351989e+03 8.296684e+03 8.363340e+03
14.6 8.351576e+03 8.349410e+03 8.296398e+03 8.298564e+03
15.6 8.312691e+03 8.353006e+03 8.296589e+03 8.256274e+03
16.6 8.275056e+03 8.289330e+03 8.296956e+03 8.282682e+03
17.6 8.315005e+03 8.349468e+03 8.296906e+03 8.262443e+03
18.6 8.371793e+03 8.326069e+03 8.296578e+03 8.342302e+03
19.6 8.240227e+03 8.266613e+03 8.296400e+03 8.270014e+03
20.6 8.198551e+03 8.240397e+03 8.296695e+03 8.254849e+03
21.6 8.261295e+03 8.269928e+03 8.297008e+03 8.288375e+03
0.8 8.363715e+03 8.388898e+03 8.296565e+03 8.271382e+03
1.8 8.299897e+03 8.298491e+03 8.296457e+03 8.297862e+03
2.8 8.263177e+03 8.303084e+03 8.296800e+03 8.256892e+03
3.8 8.298188e+03 8.294694e+03 8.297035e+03 8.300528e+03
4.8 8.340729e+03 8.365207e+03 8.296856e+03 8.272379e+03
5.8 8.349764e+03 8.353540e+03 8.296826e+03 8.293051e+03
6.8 8.310877e+03 8.270222e+03 8.297085e+03 8.337740e+03
7.8 8.347348e+03 8.334567e+03 8.297045e+03 8.309826e+03
8.8 8.418645e+03 8.351989e+03 8.296684e+03 8.363340e+03
9.8 8.351576e+03 8.349410e+03 8.296398e+03 8.298564e+03
10.8 8.312691e+03 8.353006e+03 8.296589e+03 8.256274e+03
11.8 8.275056e+03 8.289330e+03 8.296956e+03 8.282682e+03
12.8 8.315005e+03 8.349468e+03 8.296906e+03 8.262443e+03
13.8 8.371793e+03 8.326069e+03 8.296578e+03 8.342302e+03
14.8 8.240227e+03 8.266613e+03 8.296400e+03 8.270014e+03
15.8 8.198551e+03 8.240397e+03 8.296695e+03 8.254849e+03
16.8 8.261295e+03 8.269928e+03 8.297008e+03 8.288375e+03
17.8 8.190146e+03 8.271925e+03 8.296886e+03 8.215107e+03
18.8 8.162726e+03 8.262737e+03 8.296806e+03 8.196795e+03
19.8 8.208623e+03 8.169247e+03 8.297057e+03 8.336433e+03
20.8 8.292997e+03 8.277459e+03 8.297079e+03 8.312617e+03
21.8 8.212379e+03 8.233522e+03 8.296818e+03 8.275674e+03
0.2 8.298188e+03 8.294694e+03 8.297035e+03 8.300528e+03
1.2 8.340729e+03 8.365207e+03 8.296856e+03 8.272379e+03
2.2 8.349764e+03 8.353540e+03 8.296826e+03 8.293051e+03
3.2 8.310877e+03 8.270222e+03 8.297085e+03 8.337740e+03
4.2 8.347348e+03 8.334567e+03 8.297045e+03 8.309826e+03
5.2 8.418645e+03 8.351989e+03 8.296684e+03 8.363340e+03
6.2 8.351576e+03 8.349410e+03 8.296398e+03 8.298564e+03
7.2 8.312691e+03 8.353006e+03 8.296589e+03 8.256274e+03
8.2 8.275056e+03 8.289330e+03 8.296956e+03 8.282682e+03
9.2 8.315005e+03 8.349468e+03 8.296906e+03 8.262443e+03
10.2 8.371793e+03 8.326069e+03 8.296578e+03 8.342302e+03
11.2 8.240227e+03 8.266613e+03 8.296400e+03 8.270014e+03
12.2 8.198551e+03 8.240397e+03 8.296695e+03 8.254849e+03
13.2 8.261295e+03 8.269928e+03 8.297008e+03 8.288375e+03
14.2 8.190146e+03 8.271925e+03 8.296886e+03 8.215107e+03
15.2 8.162726e+03 8.262737e+03 8.296806e+03 8.196795e+03
16.2 8.208623e+03 8.169247e+03 8.297057e+03 8.336433e+03
17.2 8.292997e+03 8.277459e+03 8.297079e+03 8.312617e+03
18.2 8.212379e+03 8.233522e+03 8.296818e+03 8.275674e+03
19.2 8.102423e+03 8.141992e+03 8.296866e+03 8.257297e+03
20.2 8.082565e+03 8.127655e+03 8.297087e+03 8.251997e+03
21.2 8.157496e+03 8.165000e+03 8.296944e+03 8.289440e+03
0.4 8.418645e+03 8.351989e+03 8.296684e+03 8.363340e+03
1.4 8.351576e+03 8.349410e+03 8.296398e+03 8.298564e+03
2.4 8.312691e+03 8.353006e+03 8.296589e+03 8.256274e+03
3.4 8.275056e+03 8.289330e+03 8.296956e+03 8.282682e+03
4.4 8.315005e+03 8.349468e+03 8.296906e+03 8.262443e+03
5.4 8.371793e+03 8.326069e+03 8.296578e+03 8.342302e+03
6.4 8.240227e+03 8.266613e+03 8.296400e+03 8.270014e+03
7.4 8.198551e+03 8.240397e+03 8.296695e+03 8.254849e+03
8.4 8.261295e+03 8.269928e+03 8.297008e+03 8.288375e+03
9.4 8.190146e+03 8.271925e+03 8.296886e+03 8.215107e+03
10.4 8.162726e+03 8.262737e+03 8.296806e+03 8.196795e+03
11.4 8.208623e+03 8.169247e+03 8.297057e+03 8.336433e+03
12.4 8.292997e+03 8.277459e+03 8.297079e+03 8.312617e+03
13.4 8.212379e+03 8.233522e+03 8.296818e+03 8.275674e+03
14.4 8.102423e+03 8.141992e+03 8.296866e+03 8.257297e+03
15.4 8.082565e+03 8.127655e+03 8.297087e+03 8.251997e+03
16.4 8.157496e+03 8.165000e+03 8.296944e+03 8.289440e+03
17.4 8.281233e+03 8.235479e+03 8.296757e+03 8.342512e+03
18.4 8.317687e+03 8.243564e+03 8.296960e+03 8.371083e+03
19.4 8.322957e+03 8.274410e+03 8.297069e+03 8.345616e+03
20.4 8.304824e+03 8.283714e+03 8.296789e+03 8.317898e+03
21.4 8.282562e+03 8.287036e+03 8.296414e+03 8.291940e+03
0.6 8.371793e+03 8.326069e+03 8.296578e+03 8.342302e+03
1.6 8.240227e+03 8.266613e+03 8.296400e+03 8.270014e+03
2.6 8.198551e+03 8.240397e+03 8.296695e+03 8.254849e+03
3.6 8.261295e+03 8.269928e+03 8.297008e+03 8.288375e+03
4.6 8.190146e+03 8.271925e+03 8.296886e+03 8.215107e+03
5.6 8.162726e+03 8.262737e+03 8.296806e+03 8.196795e+03
6.6 8.208623e+03 8.169247e+03 8.297057e+03 8.336433e+03
7.6 8.292997e+03 8.277459e+03 8.297079e+03 8.312617e+03
8.6 8.212379e+03 8.233522e+03 8.296818e+03 8.275674e+03
9.6 8.102423e+03 8.141992e+03 8.296866e+03 8.257297e+03
10.6 8.082565e+03 8.127655e+03 8.297087e+03 8.251997e+03
11.6 8.157496e+03 8.165000e+03 8.296944e+03 8.289440e+03
12.6 8.281233e+03 8.235479e+03 8.296757e+03 8.342512e+03
13.6 8.317687e+03 8.243564e+03 8.296960e+03 8.371083e+03
14.6 8.322957e+03 8.274410e+03 8.297069e+03 8.345616e+03
15.6 8.304824e+03 8.283714e+03 8.296789e+03 8.317898e+03
16.6 8.282562e+03 8.287036e+03 8.296414e+03 8.291940e+03
17.6 8.161482e+03 8.190172e+03 8.296162e+03 8.267471e+03
18.6 8.211171e+03 8.212545e+03 8.296224e+03 8.294850e+03
19.6 8.292240e+03 8.246647e+03 8.296696e+03 8.342290e+03
20.6 8.404524e+03 8.341599e+03 8.296982e+03 8.359907e+03
21.6 8.391941e+03 8.353959e+03 8.296800e+03 8.334782e+03
1.0 8.190146e+03 8.271925e+03 8.296886e+03 8.215107e+03
2.0 8.162726e+03 8.262737e+03 8.296806e+03 8.196795e+03
3.0 8.208623e+03 8.169247e+03 8.297057e+03 8.336433e+03
4.0 8.292997e+03 8.277459e+03 8.297079e+03 8.312617e+03
5.0 8.212379e+03 8.233522e+03 8.296818e+03 8.275674e+03
6.0 8.102423e+03 8.141992e+03 8.296866e+03 8.257297e+03
7.0 8.082565e+03 8.127655e+03 8.297087e+03 8.251997e+03
8.0 8.157496e+03 8.165000e+03 8.296944e+03 8.289440e+03
9.0 8.281233e+03 8.235479e+03 8.296757e+03 8.342512e+03
10.0 8.317687e+03 8.243564e+03 8.296960e+03 8.371083e+03
11.0 8.322957e+03 8.274410e+03 8.297069e+03 8.345616e+03
12.0 8.304824e+03 8.283714e+03 8.296789e+03 8.317898e+03
13.0 8.282562e+03 8.287036e+03 8.296414e+03 8.291940e+03
14.0 8.161482e+03 8.190172e+03 8.296162e+03 8.267471e+03
15.0 8.211171e+03 8.212545e+03 8.296224e+03 8.294850e+03
16.0 8.292240e+03 8.246647e+03 8.296696e+03 8.342290e+03
17.0 8.404524e+03 8.341599e+03 8.296982e+03 8.359907e+03
18.0 8.391941e+03 8.353959e+03 8.296800e+03 8.334782e+03
19.0 8.310644e+03 8.310969e+03 8.296470e+03 8.296145e+03
20.0 8.259544e+03 8.263422e+03 8.296229e+03 8.292350e+03
21.0 8.247657e+03 8.251843e+03 8.296283e+03 8.292097e+03
22.0 8.258660e+03 8.203941e+03 8.296738e+03 8.351458e+03
0.4 8.292997e+03 8.277459e+03 8.297079e+03 8.312617e+03
1.4 8.212379e+03 8.233522e+03 8.296818e+03 8.275674e+03
2.4 8.102423e+03 8.141992e+03 8.296866e+03 8.257297e+03
3.4 8.082565e+03 8.127655e+03 8.297087e+03 8.251997e+03
4.4 8.157496e+03 8.165000e+03 8.296944e+03 8.289440e+03
5.4 8.281233e+03 8.235479e+03 8.296757e+03 8.342512e+03
6.4 8.317687e+03 8.243564e+03 8.296960e+03 8.371083e+03
7.4 8.322957e+03 8.274410e+03 8.297069e+03 8.345616e+03
8.4 8.304824e+03 8.283714e+03 8.296789e+03 8.317898e+03
9.4 8.282562e+03 8.287036e+03 8.296414e+03 8.291940e+03
10.4 8.161482e+03 8.190172e+03 8.296162e+03 8.267471e+03
11.4 8.211171e+03 8.212545e+03 8.296224e+03 8.294850e+03
12.4 8.292240e+03 8.246647e+03 8.296696e+03 8.342290e+03
13.4 8.404524e+03 8.341599e+03 8.296982e+03 8.359907e+03
14.4 8.391941e+03 8.353959e+03 8.296800e+03 8.334782e+03
15.4 8.310644e+03 8.310969e+03 8.296470e+03 8.296145e+03
16.4 8.259544e+03 8.263422e+03 8.296229e+03 8.292350e+03
17.4 8.247657e+03 8.251843e+03 8.296283e+03 8.292097e+03
18.4 8.258660e+03 8.203941e+03 8.296738e+03 8.351458e+03
19.4 8.297200e+03 8.274852e+03 8.297009e+03 8.319357e+03
20.4 8.322278e+03 8.335708e+03 8.296815e+03 8.283385e+03
21.4 8.299045e+03 8.285403e+03 8.296479e+03 8.310121e+03
0.8 8.157496e+03 8.165000e+03 8.296944e+03 8.289440e+03
1.8 8.281233e+03 8.235479e+03 8.296757e+03 8.342512e+03
2.8 8.317687e+03 8.243564e+03 8.296960e+03 8.371083e+03
3.8 8.322957e+03 8.274410e+03 8.297069e+03 8.345616e+03
4.8 8.304824e+03 8.283714e+03 8.296789e+03 8.317898e+03
5.8 8.282562e+03 8.287036e+03 8.296414e+03 8.291940e+03
6.8 8.161482e+03 8.190172e+03 8.296162e+03 8.267471e+03
7.8 8.211171e+03 8.212545e+03 8.296224e+03 8.294850e+03
8.8 8.292240e+03 8.246647e+03 8.296696e+03 8.342290e+03
9.8 8.404524e+03 8.341599e+03 8.296982e+03 8.359907e+03
10.8 8.391941e+03 8.353959e+03 8.296800e+03 8.334782e+03
11.8 8.310644e+03 8.310969e+03 8.296470e+03 8.296145e+03
12.8 8.259544e+03 8.263422e+03 8.296229e+03 8.292350e+03
13.8 8.247657e+03 8.251843e+03 8.296283e+03 8.292097e+03
14.8 8.258660e+03 8.203941e+03 8.296738e+03 8.351458e+03
15.8 8.297200e+03 8.274852e+03 8.297009e+03 8.319357e+03
16.8 8.322278e+03 8.335708e+03 8.296815e+03 8.283385e+03
17.8 8.299045e+03 8.285403e+03 8.296479e+03 8.310121e+03
18.8 8.258181e+03 8.320894e+03 8.296227e+03 8.233514e+03
19.8 8.301176e+03 8.333314e+03 8.296086e+03 8.263948e+03
20.8 8.314361e+03 8.338131e+03 8.296022e+03 8.272252e+03
21.8 8.318539e+03 8.354558e+03 8.296006e+03 8.259986e+03
0.8 8.161482e+03 8.190172e+03 8.296162e+03 8.267471e+03
1.8 8.211171e+03 8.212545e+03 8.296224e+03 8.294850e+03
2.8 8.292240e+03 8.246647e+03 8.296696e+03 8.342290e+03
3.8 8.404524e+03 8.341599e+03 8.296982e+03 8.359907e+03
4.8 8.391941e+03 8.353959e+03 8.296800e+03 8.334782e+03
5.8 8.310644e+03 8.310969e+03 8.296470e+03 8.296145e+03
6.8 8.259544e+03 8.263422e+03 8.296229e+03 8.292350e+03
7.8 8.247657e+03 8.251843e+03 8.296283e+03 8.292097e+03
8.8 8.258660e+03 8.203941e+03 8.296738e+03 8.351458e+03
9.8 8.297200e+03 8.274852e+03 8.297009e+03 8.319357e+03
10.8 8.322278e+03 8.335708e+03 8.296815e+03 8.283385e+03
11.8 8.299045e+03 8.285403e+03 8.296479e+03 8.310121e+03
12.8 8.258181e+03 8.320894e+03 8.296227e+03 8.233514e+03
13.8 8.301176e+03 8.333314e+03 8.296086e+03 8.263948e+03
14.8 8.314361e+03 8.338131e+03 8.296022e+03 8.272252e+03
15.8 8.318539e+03 8.354558e+03 8.296006e+03 8.259986e+03
0.8 8.259544e+03 8.263422e+03 8.296229e+03 8.292350e+03
1.8 8.247657e+03 8.251843e+03 8.296283e+03 8.292097e+03
2.8 8.258660e+03 8.203941e+03 8.296738e+03 8.351458e+03
3.8 8.297200e+03 8.274852e+03 8.297009e+03 8.319357e+03
4.8 8.322278e+03 8.335708e+03 8.296815e+03 8.283385e+03
5.8 8.299045e+03 8.285403e+03 8.296479e+03 8.310121e+03
6.8 8.258181e+03 8.320894e+03 8.296227e+03 8.233514e+03
7.8 8.301176e+03 8.333314e+03 8.296086e+03 8.263948e+03
8.8 8.314361e+03 8.338131e+03 8.296022e+03 8.272252e+03
9.8 8.318539e+03 8.354558e+03 8.296006e+03 8.259986e+03
