0.5 9.813747e+03 9.852267e+03 9.865590e+03 9.827071e+03
1.5 9.852446e+03 9.838674e+03 9.865902e+03 9.879674e+03
2.5 9.829999e+03 9.861466e+03 9.867350e+03 9.835883e+03
3.5 9.890294e+03 9.867913e+03 9.868802e+03 9.891183e+03
4.5 9.863414e+03 9.887470e+03 9.868606e+03 9.844551e+03
5.5 9.901308e+03 9.889190e+03 9.867458e+03 9.879576e+03
6.5 9.878573e+03 9.886473e+03 9.866410e+03 9.858510e+03
7.5 9.909856e+03 9.892244e+03 9.865756e+03 9.883369e+03
8.5 9.889188e+03 9.876462e+03 9.865421e+03 9.878148e+03
9.5 9.861138e+03 9.857166e+03 9.865293e+03 9.869265e+03
10.5 9.875550e+03 9.843665e+03 9.865290e+03 9.897175e+03
11.5 9.855271e+03 9.867555e+03 9.865349e+03 9.853065e+03
12.5 9.881688e+03 9.878437e+03 9.865423e+03 9.868674e+03
13.5 9.892616e+03 9.889118e+03 9.865487e+03 9.868985e+03
14.5 9.843637e+03 9.885927e+03 9.865532e+03 9.823242e+03
15.5 9.929601e+03 9.887853e+03 9.865560e+03 9.907308e+03
16.5 9.857323e+03 9.899732e+03 9.865575e+03 9.823167e+03
17.5 9.888958e+03 9.897351e+03 9.865583e+03 9.857190e+03
18.5 9.893938e+03 9.892136e+03 9.865586e+03 9.867388e+03
19.5 9.871644e+03 9.876485e+03 9.865588e+03 9.860746e+03
20.5 9.842811e+03 9.862710e+03 9.865589e+03 9.845689e+03
21.5 9.796675e+03 9.841118e+03 9.865589e+03 9.821146e+03
