0.2 9.579101e+03 9.661376e+03 9.742335e+03 9.660060e+03
1.2 9.580117e+03 9.626401e+03 9.751954e+03 9.705671e+03
2.2 9.704522e+03 9.755292e+03 9.815245e+03 9.764475e+03
3.2 9.683085e+03 9.777999e+03 9.852915e+03 9.758001e+03
4.2 9.735704e+03 9.816952e+03 9.829379e+03 9.748131e+03
5.2 9.739947e+03 9.801217e+03 9.789407e+03 9.728137e+03
6.2 9.883227e+03 9.849129e+03 9.759868e+03 9.793966e+03
7.2 9.835644e+03 9.819324e+03 9.743044e+03 9.759364e+03
8.2 9.769589e+03 9.740859e+03 9.734987e+03 9.763716e+03
9.2 9.755843e+03 9.799203e+03 9.732501e+03 9.689141e+03
10.2 9.806090e+03 9.802239e+03 9.733283e+03 9.737134e+03
11.2 9.762817e+03 9.781259e+03 9.735485e+03 9.717044e+03
12.2 9.645375e+03 9.688606e+03 9.737829e+03 9.694598e+03
13.2 9.720453e+03 9.690741e+03 9.751465e+03 9.781177e+03
14.2 9.749572e+03 9.713790e+03 9.817702e+03 9.853484e+03
15.2 9.884976e+03 9.752072e+03 9.852188e+03 9.985092e+03
16.2 1.005933e+04 9.799903e+03 9.826793e+03 1.008622e+04
17.2 9.859477e+03 9.738919e+03 9.787202e+03 9.907760e+03
18.2 9.543876e+03 9.693256e+03 9.758540e+03 9.609160e+03
19.2 9.652083e+03 9.698466e+03 9.754144e+03 9.707761e+03
20.2 9.744216e+03 9.743466e+03 9.811500e+03 9.812250e+03
0.2 9.645375e+03 9.688606e+03 9.737829e+03 9.694598e+03
1.2 9.720453e+03 9.690741e+03 9.751465e+03 9.781177e+03
2.2 9.749572e+03 9.713790e+03 9.817702e+03 9.853484e+03
3.2 9.884976e+03 9.752072e+03 9.852188e+03 9.985092e+03
4.2 1.005933e+04 9.799903e+03 9.826793e+03 1.008622e+04
5.2 9.859477e+03 9.738919e+03 9.787202e+03 9.907760e+03
6.2 9.543876e+03 9.693256e+03 9.758540e+03 9.609160e+03
7.2 9.652083e+03 9.698466e+03 9.754144e+03 9.707761e+03
8.2 9.744216e+03 9.743466e+03 9.811500e+03 9.812250e+03
9.2 9.751854e+03 9.768416e+03 9.843036e+03 9.826474e+03
10.2 9.571818e+03 9.618302e+03 9.818170e+03 9.771686e+03
11.2 9.542858e+03 9.566851e+03 9.780633e+03 9.756641e+03
12.2 9.551168e+03 9.575117e+03 9.754213e+03 9.730264e+03
13.2 9.639294e+03 9.679465e+03 9.739817e+03 9.699647e+03
14.2 9.780814e+03 9.765237e+03 9.733349e+03 9.748926e+03
15.2 9.843070e+03 9.746732e+03 9.731801e+03 9.828140e+03
16.2 9.877955e+03 9.742130e+03 9.733618e+03 9.869443e+03
17.2 9.843576e+03 9.729088e+03 9.771229e+03 9.885717e+03
18.2 9.864332e+03 9.773409e+03 9.837983e+03 9.928906e+03
19.2 9.837253e+03 9.745783e+03 9.844012e+03 9.935482e+03
20.2 9.854516e+03 9.775987e+03 9.808160e+03 9.886689e+03
0.2 9.543876e+03 9.693256e+03 9.758540e+03 9.609160e+03
1.2 9.652083e+03 9.698466e+03 9.754144e+03 9.707761e+03
2.2 9.744216e+03 9.743466e+03 9.811500e+03 9.812250e+03
3.2 9.751854e+03 9.768416e+03 9.843036e+03 9.826474e+03
4.2 9.571818e+03 9.618302e+03 9.818170e+03 9.771686e+03
5.2 9.542858e+03 9.566851e+03 9.780633e+03 9.756641e+03
6.2 9.551168e+03 9.575117e+03 9.754213e+03 9.730264e+03
7.2 9.639294e+03 9.679465e+03 9.739817e+03 9.699647e+03
8.2 9.780814e+03 9.765237e+03 9.733349e+03 9.748926e+03
9.2 9.843070e+03 9.746732e+03 9.731801e+03 9.828140e+03
10.2 9.877955e+03 9.742130e+03 9.733618e+03 9.869443e+03
11.2 9.843576e+03 9.729088e+03 9.771229e+03 9.885717e+03
12.2 9.864332e+03 9.773409e+03 9.837983e+03 9.928906e+03
13.2 9.837253e+03 9.745783e+03 9.844012e+03 9.935482e+03
14.2 9.854516e+03 9.775987e+03 9.808160e+03 9.886689e+03
15.2 9.752249e+03 9.812850e+03 9.772619e+03 9.712019e+03
16.2 9.781302e+03 9.856412e+03 9.750033e+03 9.674923e+03
17.2 9.780471e+03 9.775447e+03 9.738128e+03 9.743151e+03
18.2 9.768646e+03 9.751408e+03 9.733182e+03 9.750421e+03
19.2 9.847789e+03 9.836785e+03 9.732576e+03 9.743580e+03
20.2 9.827114e+03 9.822322e+03 9.734261e+03 9.739054e+03
0.7 9.877955e+03 9.742130e+03 9.733618e+03 9.869443e+03
1.7 9.843576e+03 9.729088e+03 9.771229e+03 9.885717e+03
2.7 9.864332e+03 9.773409e+03 9.837983e+03 9.928906e+03
3.7 9.837253e+03 9.745783e+03 9.844012e+03 9.935482e+03
4.7 9.854516e+03 9.775987e+03 9.808160e+03 9.886689e+03
5.7 9.752249e+03 9.812850e+03 9.772619e+03 9.712019e+03
6.7 9.781302e+03 9.856412e+03 9.750033e+03 9.674923e+03
7.7 9.780471e+03 9.775447e+03 9.738128e+03 9.743151e+03
8.7 9.768646e+03 9.751408e+03 9.733182e+03 9.750421e+03
9.7 9.847789e+03 9.836785e+03 9.732576e+03 9.743580e+03
10.7 9.827114e+03 9.822322e+03 9.734261e+03 9.739054e+03
11.7 9.718224e+03 9.812847e+03 9.739703e+03 9.645079e+03
12.7 9.709889e+03 9.807290e+03 9.793118e+03 9.695717e+03
13.7 9.718839e+03 9.834921e+03 9.848174e+03 9.732092e+03
14.7 9.566176e+03 9.741057e+03 9.837851e+03 9.662970e+03
15.7 9.651007e+03 9.739632e+03 9.798680e+03 9.710055e+03
16.7 9.721354e+03 9.729154e+03 9.773622e+03 9.765823e+03
17.7 9.814297e+03 9.783765e+03 9.815189e+03 9.845720e+03
18.7 9.755146e+03 9.814145e+03 9.846761e+03 9.787761e+03
19.7 9.710528e+03 9.763382e+03 9.821990e+03 9.769136e+03
20.7 9.697087e+03 9.775078e+03 9.782051e+03 9.704060e+03
0.9 9.718224e+03 9.812847e+03 9.739703e+03 9.645079e+03
1.9 9.709889e+03 9.807290e+03 9.793118e+03 9.695717e+03
2.9 9.718839e+03 9.834921e+03 9.848174e+03 9.732092e+03
3.9 9.566176e+03 9.741057e+03 9.837851e+03 9.662970e+03
4.9 9.651007e+03 9.739632e+03 9.798680e+03 9.710055e+03
5.9 9.721354e+03 9.729154e+03 9.773622e+03 9.765823e+03
6.9 9.814297e+03 9.783765e+03 9.815189e+03 9.845720e+03
7.9 9.755146e+03 9.814145e+03 9.846761e+03 9.787761e+03
8.9 9.710528e+03 9.763382e+03 9.821990e+03 9.769136e+03
9.9 9.697087e+03 9.775078e+03 9.782051e+03 9.704060e+03
10.9 9.756392e+03 9.757266e+03 9.753711e+03 9.752837e+03
11.9 9.949767e+03 9.820767e+03 9.738655e+03 9.867654e+03
12.9 9.884361e+03 9.816767e+03 9.732203e+03 9.799797e+03
13.9 9.816712e+03 9.777077e+03 9.730851e+03 9.770486e+03
14.9 9.629548e+03 9.700854e+03 9.732333e+03 9.661027e+03
15.9 9.680156e+03 9.723675e+03 9.734946e+03 9.691427e+03
16.9 9.691094e+03 9.716251e+03 9.737527e+03 9.712370e+03
17.9 9.836177e+03 9.791749e+03 9.739519e+03 9.783947e+03
18.9 9.906828e+03 9.838121e+03 9.740827e+03 9.809535e+03
19.9 9.914463e+03 9.834947e+03 9.741588e+03 9.821104e+03
20.9 9.861079e+03 9.859418e+03 9.741991e+03 9.743652e+03
0.1 9.651007e+03 9.739632e+03 9.798680e+03 9.710055e+03
1.1 9.721354e+03 9.729154e+03 9.773622e+03 9.765823e+03
2.1 9.814297e+03 9.783765e+03 9.815189e+03 9.845720e+03
3.1 9.755146e+03 9.814145e+03 9.846761e+03 9.787761e+03
4.1 9.710528e+03 9.763382e+03 9.821990e+03 9.769136e+03
5.1 9.697087e+03 9.775078e+03 9.782051e+03 9.704060e+03
6.1 9.756392e+03 9.757266e+03 9.753711e+03 9.752837e+03
7.1 9.949767e+03 9.820767e+03 9.738655e+03 9.867654e+03
8.1 9.884361e+03 9.816767e+03 9.732203e+03 9.799797e+03
9.1 9.816712e+03 9.777077e+03 9.730851e+03 9.770486e+03
10.1 9.629548e+03 9.700854e+03 9.732333e+03 9.661027e+03
11.1 9.680156e+03 9.723675e+03 9.734946e+03 9.691427e+03
12.1 9.691094e+03 9.716251e+03 9.737527e+03 9.712370e+03
13.1 9.836177e+03 9.791749e+03 9.739519e+03 9.783947e+03
14.1 9.906828e+03 9.838121e+03 9.740827e+03 9.809535e+03
15.1 9.914463e+03 9.834947e+03 9.741588e+03 9.821104e+03
16.1 9.861079e+03 9.859418e+03 9.741991e+03 9.743652e+03
17.1 9.763606e+03 9.766068e+03 9.742186e+03 9.739724e+03
18.1 9.731591e+03 9.788610e+03 9.742273e+03 9.685254e+03
19.1 9.732675e+03 9.762088e+03 9.742311e+03 9.712897e+03
20.1 9.776431e+03 9.788873e+03 9.742326e+03 9.729884e+03
1.0 9.771114e+03 9.604899e+03 9.747692e+03 9.913907e+03
2.0 9.717791e+03 9.636350e+03 9.805066e+03 9.886507e+03
3.0 9.675740e+03 9.728772e+03 9.851978e+03 9.798945e+03
4.0 9.597821e+03 9.727611e+03 9.834817e+03 9.705027e+03
5.0 9.660696e+03 9.771430e+03 9.794740e+03 9.684006e+03
6.0 9.733389e+03 9.714712e+03 9.763232e+03 9.781908e+03
7.0 9.789234e+03 9.750409e+03 9.744819e+03 9.783645e+03
8.0 9.814652e+03 9.783560e+03 9.735735e+03 9.766827e+03
9.0 9.868716e+03 9.879716e+03 9.732608e+03 9.721608e+03
10.0 9.769341e+03 9.843333e+03 9.733046e+03 9.659054e+03
11.0 9.675036e+03 9.789500e+03 9.735139e+03 9.620676e+03
12.0 9.628869e+03 9.706397e+03 9.737515e+03 9.659987e+03
13.0 9.733098e+03 9.740732e+03 9.745537e+03 9.737903e+03
14.0 9.743428e+03 9.789630e+03 9.805580e+03 9.759378e+03
15.0 9.842998e+03 9.850334e+03 9.851498e+03 9.844162e+03
16.0 9.910679e+03 9.810221e+03 9.833392e+03 9.933850e+03
17.0 9.902890e+03 9.770330e+03 9.793495e+03 9.926055e+03
18.0 9.836966e+03 9.797039e+03 9.775435e+03 9.815362e+03
19.0 9.878579e+03 9.854942e+03 9.823100e+03 9.846737e+03
20.0 9.888626e+03 9.892399e+03 9.846033e+03 9.842261e+03
21.0 9.886855e+03 9.859909e+03 9.816907e+03 9.843853e+03
0.1 9.628869e+03 9.706397e+03 9.737515e+03 9.659987e+03
1.1 9.733098e+03 9.740732e+03 9.745537e+03 9.737903e+03
2.1 9.743428e+03 9.789630e+03 9.805580e+03 9.759378e+03
3.1 9.842998e+03 9.850334e+03 9.851498e+03 9.844162e+03
4.1 9.910679e+03 9.810221e+03 9.833392e+03 9.933850e+03
5.1 9.902890e+03 9.770330e+03 9.793495e+03 9.926055e+03
6.1 9.836966e+03 9.797039e+03 9.775435e+03 9.815362e+03
7.1 9.878579e+03 9.854942e+03 9.823100e+03 9.846737e+03
8.1 9.888626e+03 9.892399e+03 9.846033e+03 9.842261e+03
9.1 9.886855e+03 9.859909e+03 9.816907e+03 9.843853e+03
10.1 9.932228e+03 9.920601e+03 9.814803e+03 9.826430e+03
11.1 9.877366e+03 9.944122e+03 9.852047e+03 9.785291e+03
12.1 9.871078e+03 9.884215e+03 9.840831e+03 9.827694e+03
13.1 9.793103e+03 9.813778e+03 9.797790e+03 9.777114e+03
14.1 9.874763e+03 9.883079e+03 9.761051e+03 9.752735e+03
15.1 9.920751e+03 9.973133e+03 9.740206e+03 9.687823e+03
16.1 9.934262e+03 9.898297e+03 9.731037e+03 9.767002e+03
17.1 9.803240e+03 9.795544e+03 9.728688e+03 9.736385e+03
18.1 9.744647e+03 9.748897e+03 9.730033e+03 9.725784e+03
19.1 9.697969e+03 9.733949e+03 9.740684e+03 9.704704e+03
20.1 9.746211e+03 9.822519e+03 9.804962e+03 9.728655e+03
0.3 9.902890e+03 9.770330e+03 9.793495e+03 9.926055e+03
1.3 9.836966e+03 9.797039e+03 9.775435e+03 9.815362e+03
2.3 9.878579e+03 9.854942e+03 9.823100e+03 9.846737e+03
3.3 9.888626e+03 9.892399e+03 9.846033e+03 9.842261e+03
4.3 9.886855e+03 9.859909e+03 9.816907e+03 9.843853e+03
5.3 9.932228e+03 9.920601e+03 9.814803e+03 9.826430e+03
6.3 9.877366e+03 9.944122e+03 9.852047e+03 9.785291e+03
7.3 9.871078e+03 9.884215e+03 9.840831e+03 9.827694e+03
8.3 9.793103e+03 9.813778e+03 9.797790e+03 9.777114e+03
9.3 9.874763e+03 9.883079e+03 9.761051e+03 9.752735e+03
10.3 9.920751e+03 9.973133e+03 9.740206e+03 9.687823e+03
11.3 9.934262e+03 9.898297e+03 9.731037e+03 9.767002e+03
12.3 9.803240e+03 9.795544e+03 9.728688e+03 9.736385e+03
13.3 9.744647e+03 9.748897e+03 9.730033e+03 9.725784e+03
14.3 9.697969e+03 9.733949e+03 9.740684e+03 9.704704e+03
15.3 9.746211e+03 9.822519e+03 9.804962e+03 9.728655e+03
16.3 9.824502e+03 9.896307e+03 9.848932e+03 9.777127e+03
17.3 9.908769e+03 9.869880e+03 9.829516e+03 9.868405e+03
18.3 9.848892e+03 9.762257e+03 9.790455e+03 9.877090e+03
19.3 9.722603e+03 9.732377e+03 9.760681e+03 9.750906e+03
20.3 9.802735e+03 9.780402e+03 9.743510e+03 9.765843e+03
0.7 9.886855e+03 9.859909e+03 9.816907e+03 9.843853e+03
1.7 9.932228e+03 9.920601e+03 9.814803e+03 9.826430e+03
2.7 9.877366e+03 9.944122e+03 9.852047e+03 9.785291e+03
3.7 9.871078e+03 9.884215e+03 9.840831e+03 9.827694e+03
4.7 9.793103e+03 9.813778e+03 9.797790e+03 9.777114e+03
5.7 9.874763e+03 9.883079e+03 9.761051e+03 9.752735e+03
6.7 9.920751e+03 9.973133e+03 9.740206e+03 9.687823e+03
7.7 9.934262e+03 9.898297e+03 9.731037e+03 9.767002e+03
8.7 9.803240e+03 9.795544e+03 9.728688e+03 9.736385e+03
9.7 9.744647e+03 9.748897e+03 9.730033e+03 9.725784e+03
10.7 9.697969e+03 9.733949e+03 9.740684e+03 9.704704e+03
11.7 9.746211e+03 9.822519e+03 9.804962e+03 9.728655e+03
12.7 9.824502e+03 9.896307e+03 9.848932e+03 9.777127e+03
13.7 9.908769e+03 9.869880e+03 9.829516e+03 9.868405e+03
14.7 9.848892e+03 9.762257e+03 9.790455e+03 9.877090e+03
15.7 9.722603e+03 9.732377e+03 9.760681e+03 9.750906e+03
16.7 9.802735e+03 9.780402e+03 9.743510e+03 9.765843e+03
17.7 9.796006e+03 9.838017e+03 9.735181e+03 9.693170e+03
18.7 9.949371e+03 9.913483e+03 9.732499e+03 9.768387e+03
19.7 9.915458e+03 9.843698e+03 9.733170e+03 9.804930e+03
20.7 9.722709e+03 9.740876e+03 9.735348e+03 9.717182e+03
0.1 9.744647e+03 9.748897e+03 9.730033e+03 9.725784e+03
1.1 9.697969e+03 9.733949e+03 9.740684e+03 9.704704e+03
2.1 9.746211e+03 9.822519e+03 9.804962e+03 9.728655e+03
3.1 9.824502e+03 9.896307e+03 9.848932e+03 9.777127e+03
4.1 9.908769e+03 9.869880e+03 9.829516e+03 9.868405e+03
5.1 9.848892e+03 9.762257e+03 9.790455e+03 9.877090e+03
6.1 9.722603e+03 9.732377e+03 9.760681e+03 9.750906e+03
7.1 9.802735e+03 9.780402e+03 9.743510e+03 9.765843e+03
8.1 9.796006e+03 9.838017e+03 9.735181e+03 9.693170e+03
9.1 9.949371e+03 9.913483e+03 9.732499e+03 9.768387e+03
10.1 9.915458e+03 9.843698e+03 9.733170e+03 9.804930e+03
11.1 9.722709e+03 9.740876e+03 9.735348e+03 9.717182e+03
12.1 9.693354e+03 9.746106e+03 9.753229e+03 9.700477e+03
13.1 9.730556e+03 9.804948e+03 9.821926e+03 9.747534e+03
14.1 9.851617e+03 9.841563e+03 9.850986e+03 9.861040e+03
15.1 9.821172e+03 9.835510e+03 9.822929e+03 9.808591e+03
16.1 9.923834e+03 9.857034e+03 9.783989e+03 9.850789e+03
17.1 9.920454e+03 9.880263e+03 9.756621e+03 9.796812e+03
18.1 9.872551e+03 9.816446e+03 9.741383e+03 9.797488e+03
19.1 9.836975e+03 9.800737e+03 9.734326e+03 9.770564e+03
20.1 9.887508e+03 9.833731e+03 9.735990e+03 9.789767e+03
0.3 9.722709e+03 9.740876e+03 9.735348e+03 9.717182e+03
1.3 9.693354e+03 9.746106e+03 9.753229e+03 9.700477e+03
2.3 9.730556e+03 9.804948e+03 9.821926e+03 9.747534e+03
3.3 9.851617e+03 9.841563e+03 9.850986e+03 9.861040e+03
4.3 9.821172e+03 9.835510e+03 9.822929e+03 9.808591e+03
5.3 9.923834e+03 9.857034e+03 9.783989e+03 9.850789e+03
6.3 9.920454e+03 9.880263e+03 9.756621e+03 9.796812e+03
7.3 9.872551e+03 9.816446e+03 9.741383e+03 9.797488e+03
8.3 9.836975e+03 9.800737e+03 9.734326e+03 9.770564e+03
9.3 9.887508e+03 9.833731e+03 9.735990e+03 9.789767e+03
10.3 9.812747e+03 9.818802e+03 9.789972e+03 9.783917e+03
11.3 9.783170e+03 9.835607e+03 9.844200e+03 9.791763e+03
12.3 9.663146e+03 9.785011e+03 9.833703e+03 9.711838e+03
13.3 9.541598e+03 9.555582e+03 9.813952e+03 9.799968e+03
14.3 9.766518e+03 9.714897e+03 9.849904e+03 9.901524e+03
15.3 9.740565e+03 9.758227e+03 9.854930e+03 9.837268e+03
16.3 9.736110e+03 9.755828e+03 9.816230e+03 9.796512e+03
17.3 9.840707e+03 9.806739e+03 9.816439e+03 9.850407e+03
18.3 9.820122e+03 9.790305e+03 9.850285e+03 9.880103e+03
19.3 9.800329e+03 9.689506e+03 9.834541e+03 9.945364e+03
20.3 9.720364e+03 9.607377e+03 9.791644e+03 9.904631e+03
1.0 9.887508e+03 9.833731e+03 9.735990e+03 9.789767e+03
2.0 9.812747e+03 9.818802e+03 9.789972e+03 9.783917e+03
3.0 9.783170e+03 9.835607e+03 9.844200e+03 9.791763e+03
4.0 9.663146e+03 9.785011e+03 9.833703e+03 9.711838e+03
5.0 9.541598e+03 9.555582e+03 9.813952e+03 9.799968e+03
6.0 9.766518e+03 9.714897e+03 9.849904e+03 9.901524e+03
7.0 9.740565e+03 9.758227e+03 9.854930e+03 9.837268e+03
8.0 9.736110e+03 9.755828e+03 9.816230e+03 9.796512e+03
9.0 9.840707e+03 9.806739e+03 9.816439e+03 9.850407e+03
10.0 9.820122e+03 9.790305e+03 9.850285e+03 9.880103e+03
11.0 9.800329e+03 9.689506e+03 9.834541e+03 9.945364e+03
12.0 9.720364e+03 9.607377e+03 9.791644e+03 9.904631e+03
13.0 9.739000e+03 9.765088e+03 9.757096e+03 9.731008e+03
14.0 9.685735e+03 9.788238e+03 9.738167e+03 9.635665e+03
15.0 9.587077e+03 9.733255e+03 9.730193e+03 9.584016e+03
16.0 9.554291e+03 9.605812e+03 9.728506e+03 9.676985e+03
17.0 9.685412e+03 9.624456e+03 9.730175e+03 9.791131e+03
18.0 9.683784e+03 9.710938e+03 9.743881e+03 9.716727e+03
19.0 9.844293e+03 9.870609e+03 9.811158e+03 9.784841e+03
20.0 9.848126e+03 9.852042e+03 9.849323e+03 9.845407e+03
21.0 9.806302e+03 9.782152e+03 9.826617e+03 9.850767e+03
0.4 9.663146e+03 9.785011e+03 9.833703e+03 9.711838e+03
1.4 9.541598e+03 9.555582e+03 9.813952e+03 9.799968e+03
2.4 9.766518e+03 9.714897e+03 9.849904e+03 9.901524e+03
3.4 9.740565e+03 9.758227e+03 9.854930e+03 9.837268e+03
4.4 9.736110e+03 9.755828e+03 9.816230e+03 9.796512e+03
5.4 9.840707e+03 9.806739e+03 9.816439e+03 9.850407e+03
6.4 9.820122e+03 9.790305e+03 9.850285e+03 9.880103e+03
7.4 9.800329e+03 9.689506e+03 9.834541e+03 9.945364e+03
8.4 9.720364e+03 9.607377e+03 9.791644e+03 9.904631e+03
9.4 9.739000e+03 9.765088e+03 9.757096e+03 9.731008e+03
10.4 9.685735e+03 9.788238e+03 9.738167e+03 9.635665e+03
11.4 9.587077e+03 9.733255e+03 9.730193e+03 9.584016e+03
12.4 9.554291e+03 9.605812e+03 9.728506e+03 9.676985e+03
13.4 9.685412e+03 9.624456e+03 9.730175e+03 9.791131e+03
14.4 9.683784e+03 9.710938e+03 9.743881e+03 9.716727e+03
15.4 9.844293e+03 9.870609e+03 9.811158e+03 9.784841e+03
16.4 9.848126e+03 9.852042e+03 9.849323e+03 9.845407e+03
17.4 9.806302e+03 9.782152e+03 9.826617e+03 9.850767e+03
18.4 9.797690e+03 9.815321e+03 9.819268e+03 9.801637e+03
19.4 9.818291e+03 9.809184e+03 9.856451e+03 9.865558e+03
20.4 9.828543e+03 9.805414e+03 9.848149e+03 9.871278e+03
0.8 9.736110e+03 9.755828e+03 9.816230e+03 9.796512e+03
1.8 9.840707e+03 9.806739e+03 9.816439e+03 9.850407e+03
2.8 9.820122e+03 9.790305e+03 9.850285e+03 9.880103e+03
3.8 9.800329e+03 9.689506e+03 9.834541e+03 9.945364e+03
4.8 9.720364e+03 9.607377e+03 9.791644e+03 9.904631e+03
5.8 9.739000e+03 9.765088e+03 9.757096e+03 9.731008e+03
6.8 9.685735e+03 9.788238e+03 9.738167e+03 9.635665e+03
7.8 9.587077e+03 9.733255e+03 9.730193e+03 9.584016e+03
8.8 9.554291e+03 9.605812e+03 9.728506e+03 9.676985e+03
9.8 9.685412e+03 9.624456e+03 9.730175e+03 9.791131e+03
10.8 9.683784e+03 9.710938e+03 9.743881e+03 9.716727e+03
11.8 9.844293e+03 9.870609e+03 9.811158e+03 9.784841e+03
12.8 9.848126e+03 9.852042e+03 9.849323e+03 9.845407e+03
13.8 9.806302e+03 9.782152e+03 9.826617e+03 9.850767e+03
14.8 9.797690e+03 9.815321e+03 9.819268e+03 9.801637e+03
15.8 9.818291e+03 9.809184e+03 9.856451e+03 9.865558e+03
16.8 9.828543e+03 9.805414e+03 9.848149e+03 9.871278e+03
17.8 9.924925e+03 9.800938e+03 9.804324e+03 9.928311e+03
18.8 9.907846e+03 9.845830e+03 9.765138e+03 9.827153e+03
19.8 9.795502e+03 9.809786e+03 9.742308e+03 9.728024e+03
20.8 9.880927e+03 9.909344e+03 9.731949e+03 9.703531e+03
0.2 9.685412e+03 9.624456e+03 9.730175e+03 9.791131e+03
1.2 9.683784e+03 9.710938e+03 9.743881e+03 9.716727e+03
2.2 9.844293e+03 9.870609e+03 9.811158e+03 9.784841e+03
3.2 9.848126e+03 9.852042e+03 9.849323e+03 9.845407e+03
4.2 9.806302e+03 9.782152e+03 9.826617e+03 9.850767e+03
5.2 9.797690e+03 9.815321e+03 9.819268e+03 9.801637e+03
6.2 9.818291e+03 9.809184e+03 9.856451e+03 9.865558e+03
7.2 9.828543e+03 9.805414e+03 9.848149e+03 9.871278e+03
8.2 9.924925e+03 9.800938e+03 9.804324e+03 9.928311e+03
9.2 9.907846e+03 9.845830e+03 9.765138e+03 9.827153e+03
10.2 9.795502e+03 9.809786e+03 9.742308e+03 9.728024e+03
11.2 9.880927e+03 9.909344e+03 9.731949e+03 9.703531e+03
12.2 9.845438e+03 9.930223e+03 9.728940e+03 9.644154e+03
13.2 9.838173e+03 9.843026e+03 9.729945e+03 9.725091e+03
14.2 9.740256e+03 9.732032e+03 9.732746e+03 9.740969e+03
15.2 9.729672e+03 9.726410e+03 9.737383e+03 9.740645e+03
16.2 9.859718e+03 9.850567e+03 9.784273e+03 9.793424e+03
17.2 9.906536e+03 9.920667e+03 9.845152e+03 9.831020e+03
18.2 1.003337e+04 9.914717e+03 9.841461e+03 9.960112e+03
19.2 9.905585e+03 9.796803e+03 9.803187e+03 9.911968e+03
20.2 9.783996e+03 9.730866e+03 9.768955e+03 9.822085e+03
0.6 9.806302e+03 9.782152e+03 9.826617e+03 9.850767e+03
1.6 9.797690e+03 9.815321e+03 9.819268e+03 9.801637e+03
2.6 9.818291e+03 9.809184e+03 9.856451e+03 9.865558e+03
3.6 9.828543e+03 9.805414e+03 9.848149e+03 9.871278e+03
4.6 9.924925e+03 9.800938e+03 9.804324e+03 9.928311e+03
5.6 9.907846e+03 9.845830e+03 9.765138e+03 9.827153e+03
6.6 9.795502e+03 9.809786e+03 9.742308e+03 9.728024e+03
7.6 9.880927e+03 9.909344e+03 9.731949e+03 9.703531e+03
8.6 9.845438e+03 9.930223e+03 9.728940e+03 9.644154e+03
9.6 9.838173e+03 9.843026e+03 9.729945e+03 9.725091e+03
10.6 9.740256e+03 9.732032e+03 9.732746e+03 9.740969e+03
11.6 9.729672e+03 9.726410e+03 9.737383e+03 9.740645e+03
12.6 9.859718e+03 9.850567e+03 9.784273e+03 9.793424e+03
13.6 9.906536e+03 9.920667e+03 9.845152e+03 9.831020e+03
14.6 1.003337e+04 9.914717e+03 9.841461e+03 9.960112e+03
15.6 9.905585e+03 9.796803e+03 9.803187e+03 9.911968e+03
16.6 9.783996e+03 9.730866e+03 9.768955e+03 9.822085e+03
17.6 9.767284e+03 9.743202e+03 9.747957e+03 9.772040e+03
18.6 9.852715e+03 9.805017e+03 9.737146e+03 9.784845e+03
19.6 9.895818e+03 9.928080e+03 9.732916e+03 9.700654e+03
20.6 9.901294e+03 9.867773e+03 9.732733e+03 9.766255e+03
0.8 9.729672e+03 9.726410e+03 9.737383e+03 9.740645e+03
1.8 9.859718e+03 9.850567e+03 9.784273e+03 9.793424e+03
2.8 9.906536e+03 9.920667e+03 9.845152e+03 9.831020e+03
3.8 1.003337e+04 9.914717e+03 9.841461e+03 9.960112e+03
4.8 9.905585e+03 9.796803e+03 9.803187e+03 9.911968e+03
5.8 9.783996e+03 9.730866e+03 9.768955e+03 9.822085e+03
6.8 9.767284e+03 9.743202e+03 9.747957e+03 9.772040e+03
7.8 9.852715e+03 9.805017e+03 9.737146e+03 9.784845e+03
8.8 9.895818e+03 9.928080e+03 9.732916e+03 9.700654e+03
9.8 9.901294e+03 9.867773e+03 9.732733e+03 9.766255e+03
10.8 9.601853e+03 9.680531e+03 9.746379e+03 9.667701e+03
11.8 9.595381e+03 9.754781e+03 9.813784e+03 9.654385e+03
12.8 9.750544e+03 9.797981e+03 9.849625e+03 9.802188e+03
13.8 9.696200e+03 9.840616e+03 9.825734e+03 9.681318e+03
14.8 9.672229e+03 9.759194e+03 9.820217e+03 9.733252e+03
15.8 9.724290e+03 9.800835e+03 9.857079e+03 9.780534e+03
16.8 9.793734e+03 9.697893e+03 9.847162e+03 9.943003e+03
17.8 9.818788e+03 9.644731e+03 9.803016e+03 9.977073e+03
18.8 9.621163e+03 9.650046e+03 9.764261e+03 9.735378e+03
19.8 9.687961e+03 9.661436e+03 9.742294e+03 9.768819e+03
20.8 9.867296e+03 9.836545e+03 9.765577e+03 9.796328e+03
0.2 9.901294e+03 9.867773e+03 9.732733e+03 9.766255e+03
1.2 9.601853e+03 9.680531e+03 9.746379e+03 9.667701e+03
2.2 9.595381e+03 9.754781e+03 9.813784e+03 9.654385e+03
3.2 9.750544e+03 9.797981e+03 9.849625e+03 9.802188e+03
4.2 9.696200e+03 9.840616e+03 9.825734e+03 9.681318e+03
5.2 9.672229e+03 9.759194e+03 9.820217e+03 9.733252e+03
6.2 9.724290e+03 9.800835e+03 9.857079e+03 9.780534e+03
7.2 9.793734e+03 9.697893e+03 9.847162e+03 9.943003e+03
8.2 9.818788e+03 9.644731e+03 9.803016e+03 9.977073e+03
9.2 9.621163e+03 9.650046e+03 9.764261e+03 9.735378e+03
10.2 9.687961e+03 9.661436e+03 9.742294e+03 9.768819e+03
11.2 9.867296e+03 9.836545e+03 9.765577e+03 9.796328e+03
12.2 9.731495e+03 9.895603e+03 9.827844e+03 9.663736e+03
13.2 9.764524e+03 9.791214e+03 9.834981e+03 9.808292e+03
14.2 9.736211e+03 9.749906e+03 9.807296e+03 9.793601e+03
15.2 9.838483e+03 9.759973e+03 9.832539e+03 9.911050e+03
16.2 9.734822e+03 9.693225e+03 9.856881e+03 9.898479e+03
17.2 9.532902e+03 9.560368e+03 9.827766e+03 9.800300e+03
18.2 9.384010e+03 9.494170e+03 9.783531e+03 9.673370e+03
19.2 9.476409e+03 9.552573e+03 9.752255e+03 9.676091e+03
20.2 9.515972e+03 9.646010e+03 9.736087e+03 9.606048e+03
0.6 9.696200e+03 9.840616e+03 9.825734e+03 9.681318e+03
1.6 9.672229e+03 9.759194e+03 9.820217e+03 9.733252e+03
2.6 9.724290e+03 9.800835e+03 9.857079e+03 9.780534e+03
3.6 9.793734e+03 9.697893e+03 9.847162e+03 9.943003e+03
4.6 9.818788e+03 9.644731e+03 9.803016e+03 9.977073e+03
5.6 9.621163e+03 9.650046e+03 9.764261e+03 9.735378e+03
6.6 9.687961e+03 9.661436e+03 9.742294e+03 9.768819e+03
7.6 9.867296e+03 9.836545e+03 9.765577e+03 9.796328e+03
8.6 9.731495e+03 9.895603e+03 9.827844e+03 9.663736e+03
9.6 9.764524e+03 9.791214e+03 9.834981e+03 9.808292e+03
10.6 9.736211e+03 9.749906e+03 9.807296e+03 9.793601e+03
11.6 9.838483e+03 9.759973e+03 9.832539e+03 9.911050e+03
12.6 9.734822e+03 9.693225e+03 9.856881e+03 9.898479e+03
13.6 9.532902e+03 9.560368e+03 9.827766e+03 9.800300e+03
14.6 9.384010e+03 9.494170e+03 9.783531e+03 9.673370e+03
15.6 9.476409e+03 9.552573e+03 9.752255e+03 9.676091e+03
16.6 9.515972e+03 9.646010e+03 9.736087e+03 9.606048e+03
17.6 9.768091e+03 9.769529e+03 9.729736e+03 9.728298e+03
18.6 9.818412e+03 9.756865e+03 9.728960e+03 9.790507e+03
19.6 9.845089e+03 9.736168e+03 9.731059e+03 9.839979e+03
20.6 9.568784e+03 9.683364e+03 9.734160e+03 9.619580e+03
0.6 9.687961e+03 9.661436e+03 9.742294e+03 9.768819e+03
1.6 9.867296e+03 9.836545e+03 9.765577e+03 9.796328e+03
2.6 9.731495e+03 9.895603e+03 9.827844e+03 9.663736e+03
3.6 9.764524e+03 9.791214e+03 9.834981e+03 9.808292e+03
4.6 9.736211e+03 9.749906e+03 9.807296e+03 9.793601e+03
5.6 9.838483e+03 9.759973e+03 9.832539e+03 9.911050e+03
6.6 9.734822e+03 9.693225e+03 9.856881e+03 9.898479e+03
7.6 9.532902e+03 9.560368e+03 9.827766e+03 9.800300e+03
8.6 9.384010e+03 9.494170e+03 9.783531e+03 9.673370e+03
9.6 9.476409e+03 9.552573e+03 9.752255e+03 9.676091e+03
10.6 9.515972e+03 9.646010e+03 9.736087e+03 9.606048e+03
11.6 9.768091e+03 9.769529e+03 9.729736e+03 9.728298e+03
12.6 9.818412e+03 9.756865e+03 9.728960e+03 9.790507e+03
13.6 9.845089e+03 9.736168e+03 9.731059e+03 9.839979e+03
14.6 9.568784e+03 9.683364e+03 9.734160e+03 9.619580e+03
15.6 9.652074e+03 9.657452e+03 9.737078e+03 9.731701e+03
16.6 9.717722e+03 9.637868e+03 9.745359e+03 9.825212e+03
17.6 9.789159e+03 9.780824e+03 9.805514e+03 9.813849e+03
18.6 9.813386e+03 9.816261e+03 9.851475e+03 9.848601e+03
19.6 9.838211e+03 9.800835e+03 9.833385e+03 9.870762e+03
20.6 9.824305e+03 9.782887e+03 9.793492e+03 9.834910e+03
0.1 9.764524e+03 9.791214e+03 9.834981e+03 9.808292e+03
1.1 9.736211e+03 9.749906e+03 9.807296e+03 9.793601e+03
2.1 9.838483e+03 9.759973e+03 9.832539e+03 9.911050e+03
3.1 9.734822e+03 9.693225e+03 9.856881e+03 9.898479e+03
4.1 9.532902e+03 9.560368e+03 9.827766e+03 9.800300e+03
5.1 9.384010e+03 9.494170e+03 9.783531e+03 9.673370e+03
6.1 9.476409e+03 9.552573e+03 9.752255e+03 9.676091e+03
7.1 9.515972e+03 9.646010e+03 9.736087e+03 9.606048e+03
8.1 9.768091e+03 9.769529e+03 9.729736e+03 9.728298e+03
9.1 9.818412e+03 9.756865e+03 9.728960e+03 9.790507e+03
10.1 9.845089e+03 9.736168e+03 9.731059e+03 9.839979e+03
11.1 9.568784e+03 9.683364e+03 9.734160e+03 9.619580e+03
12.1 9.652074e+03 9.657452e+03 9.737078e+03 9.731701e+03
13.1 9.717722e+03 9.637868e+03 9.745359e+03 9.825212e+03
14.1 9.789159e+03 9.780824e+03 9.805514e+03 9.813849e+03
15.1 9.813386e+03 9.816261e+03 9.851475e+03 9.848601e+03
16.1 9.838211e+03 9.800835e+03 9.833385e+03 9.870762e+03
17.1 9.824305e+03 9.782887e+03 9.793492e+03 9.834910e+03
18.1 9.864717e+03 9.792350e+03 9.762472e+03 9.834838e+03
19.1 9.884584e+03 9.847483e+03 9.744424e+03 9.781525e+03
20.1 9.891312e+03 9.846321e+03 9.738167e+03 9.783159e+03
0.1 9.652074e+03 9.657452e+03 9.737078e+03 9.731701e+03
1.1 9.717722e+03 9.637868e+03 9.745359e+03 9.825212e+03
2.1 9.789159e+03 9.780824e+03 9.805514e+03 9.813849e+03
3.1 9.813386e+03 9.816261e+03 9.851475e+03 9.848601e+03
4.1 9.838211e+03 9.800835e+03 9.833385e+03 9.870762e+03
5.1 9.824305e+03 9.782887e+03 9.793492e+03 9.834910e+03
6.1 9.864717e+03 9.792350e+03 9.762472e+03 9.834838e+03
7.1 9.884584e+03 9.847483e+03 9.744424e+03 9.781525e+03
8.1 9.891312e+03 9.846321e+03 9.738167e+03 9.783159e+03
9.1 9.900661e+03 9.843233e+03 9.784777e+03 9.842205e+03
10.1 9.918750e+03 9.847263e+03 9.840302e+03 9.911789e+03
11.1 9.847025e+03 9.775156e+03 9.832715e+03 9.904585e+03
12.1 9.831469e+03 9.804181e+03 9.811065e+03 9.838352e+03
13.1 9.868179e+03 9.791893e+03 9.846373e+03 9.922658e+03
14.1 9.890516e+03 9.827331e+03 9.855376e+03 9.918561e+03
15.1 9.919849e+03 9.768404e+03 9.817166e+03 9.968611e+03
16.1 9.728514e+03 9.745322e+03 9.774561e+03 9.757753e+03
17.1 9.697186e+03 9.805381e+03 9.773544e+03 9.665349e+03
18.1 9.741910e+03 9.803671e+03 9.827493e+03 9.765732e+03
19.1 9.773468e+03 9.817245e+03 9.836619e+03 9.792842e+03
20.1 9.674377e+03 9.738734e+03 9.802434e+03 9.738077e+03
0.9 9.891312e+03 9.846321e+03 9.738167e+03 9.783159e+03
1.9 9.900661e+03 9.843233e+03 9.784777e+03 9.842205e+03
2.9 9.918750e+03 9.847263e+03 9.840302e+03 9.911789e+03
3.9 9.847025e+03 9.775156e+03 9.832715e+03 9.904585e+03
4.9 9.831469e+03 9.804181e+03 9.811065e+03 9.838352e+03
5.9 9.868179e+03 9.791893e+03 9.846373e+03 9.922658e+03
6.9 9.890516e+03 9.827331e+03 9.855376e+03 9.918561e+03
7.9 9.919849e+03 9.768404e+03 9.817166e+03 9.968611e+03
8.9 9.728514e+03 9.745322e+03 9.774561e+03 9.757753e+03
9.9 9.697186e+03 9.805381e+03 9.773544e+03 9.665349e+03
10.9 9.741910e+03 9.803671e+03 9.827493e+03 9.765732e+03
11.9 9.773468e+03 9.817245e+03 9.836619e+03 9.792842e+03
12.9 9.674377e+03 9.738734e+03 9.802434e+03 9.738077e+03
13.9 9.537771e+03 9.669232e+03 9.767186e+03 9.635726e+03
14.9 9.674494e+03 9.660898e+03 9.745622e+03 9.759218e+03
15.9 9.754424e+03 9.747782e+03 9.761291e+03 9.767934e+03
16.9 9.921305e+03 9.895132e+03 9.824662e+03 9.850835e+03
17.9 9.892215e+03 9.800279e+03 9.838571e+03 9.930507e+03
18.9 9.786495e+03 9.772461e+03 9.806392e+03 9.820426e+03
19.9 9.623027e+03 9.676281e+03 9.771370e+03 9.718116e+03
20.9 9.603721e+03 9.736853e+03 9.749064e+03 9.615931e+03
0.3 9.847025e+03 9.775156e+03 9.832715e+03 9.904585e+03
1.3 9.831469e+03 9.804181e+03 9.811065e+03 9.838352e+03
2.3 9.868179e+03 9.791893e+03 9.846373e+03 9.922658e+03
3.3 9.890516e+03 9.827331e+03 9.855376e+03 9.918561e+03
4.3 9.919849e+03 9.768404e+03 9.817166e+03 9.968611e+03
5.3 9.728514e+03 9.745322e+03 9.774561e+03 9.757753e+03
6.3 9.697186e+03 9.805381e+03 9.773544e+03 9.665349e+03
7.3 9.741910e+03 9.803671e+03 9.827493e+03 9.765732e+03
8.3 9.773468e+03 9.817245e+03 9.836619e+03 9.792842e+03
9.3 9.674377e+03 9.738734e+03 9.802434e+03 9.738077e+03
10.3 9.537771e+03 9.669232e+03 9.767186e+03 9.635726e+03
11.3 9.674494e+03 9.660898e+03 9.745622e+03 9.759218e+03
12.3 9.754424e+03 9.747782e+03 9.761291e+03 9.767934e+03
13.3 9.921305e+03 9.895132e+03 9.824662e+03 9.850835e+03
14.3 9.892215e+03 9.800279e+03 9.838571e+03 9.930507e+03
15.3 9.786495e+03 9.772461e+03 9.806392e+03 9.820426e+03
16.3 9.623027e+03 9.676281e+03 9.771370e+03 9.718116e+03
17.3 9.603721e+03 9.736853e+03 9.749064e+03 9.615931e+03
18.3 9.700479e+03 9.801642e+03 9.763691e+03 9.662528e+03
19.3 9.812971e+03 9.850402e+03 9.826135e+03 9.788704e+03
20.3 9.880647e+03 9.837776e+03 9.839388e+03 9.882259e+03
0.5 9.728514e+03 9.745322e+03 9.774561e+03 9.757753e+03
1.5 9.697186e+03 9.805381e+03 9.773544e+03 9.665349e+03
2.5 9.741910e+03 9.803671e+03 9.827493e+03 9.765732e+03
3.5 9.773468e+03 9.817245e+03 9.836619e+03 9.792842e+03
4.5 9.674377e+03 9.738734e+03 9.802434e+03 9.738077e+03
5.5 9.537771e+03 9.669232e+03 9.767186e+03 9.635726e+03
6.5 9.674494e+03 9.660898e+03 9.745622e+03 9.759218e+03
7.5 9.754424e+03 9.747782e+03 9.761291e+03 9.767934e+03
8.5 9.921305e+03 9.895132e+03 9.824662e+03 9.850835e+03
9.5 9.892215e+03 9.800279e+03 9.838571e+03 9.930507e+03
10.5 9.786495e+03 9.772461e+03 9.806392e+03 9.820426e+03
11.5 9.623027e+03 9.676281e+03 9.771370e+03 9.718116e+03
12.5 9.603721e+03 9.736853e+03 9.749064e+03 9.615931e+03
13.5 9.700479e+03 9.801642e+03 9.763691e+03 9.662528e+03
14.5 9.812971e+03 9.850402e+03 9.826135e+03 9.788704e+03
15.5 9.880647e+03 9.837776e+03 9.839388e+03 9.882259e+03
16.5 9.925579e+03 9.821367e+03 9.806810e+03 9.911022e+03
17.5 9.708723e+03 9.720284e+03 9.771567e+03 9.760005e+03
18.5 9.576212e+03 9.713042e+03 9.749012e+03 9.612182e+03
19.5 9.691424e+03 9.768505e+03 9.737302e+03 9.660220e+03
20.5 9.716716e+03 9.862786e+03 9.732499e+03 9.586429e+03
0.5 9.674494e+03 9.660898e+03 9.745622e+03 9.759218e+03
1.5 9.754424e+03 9.747782e+03 9.761291e+03 9.767934e+03
2.5 9.921305e+03 9.895132e+03 9.824662e+03 9.850835e+03
3.5 9.892215e+03 9.800279e+03 9.838571e+03 9.930507e+03
4.5 9.786495e+03 9.772461e+03 9.806392e+03 9.820426e+03
5.5 9.623027e+03 9.676281e+03 9.771370e+03 9.718116e+03
6.5 9.603721e+03 9.736853e+03 9.749064e+03 9.615931e+03
7.5 9.700479e+03 9.801642e+03 9.763691e+03 9.662528e+03
8.5 9.812971e+03 9.850402e+03 9.826135e+03 9.788704e+03
9.5 9.880647e+03 9.837776e+03 9.839388e+03 9.882259e+03
10.5 9.925579e+03 9.821367e+03 9.806810e+03 9.911022e+03
11.5 9.708723e+03 9.720284e+03 9.771567e+03 9.760005e+03
12.5 9.576212e+03 9.713042e+03 9.749012e+03 9.612182e+03
13.5 9.691424e+03 9.768505e+03 9.737302e+03 9.660220e+03
14.5 9.716716e+03 9.862786e+03 9.732499e+03 9.586429e+03
15.5 9.873892e+03 9.921063e+03 9.731958e+03 9.684787e+03
16.5 9.821557e+03 9.791137e+03 9.733709e+03 9.764129e+03
17.5 9.846183e+03 9.789296e+03 9.736211e+03 9.793098e+03
18.5 9.827743e+03 9.803987e+03 9.738490e+03 9.762246e+03
19.5 9.861728e+03 9.876985e+03 9.740154e+03 9.724897e+03
20.5 9.923092e+03 9.863884e+03 9.741201e+03 9.800408e+03
0.5 9.603721e+03 9.736853e+03 9.749064e+03 9.615931e+03
1.5 9.700479e+03 9.801642e+03 9.763691e+03 9.662528e+03
2.5 9.812971e+03 9.850402e+03 9.826135e+03 9.788704e+03
3.5 9.880647e+03 9.837776e+03 9.839388e+03 9.882259e+03
4.5 9.925579e+03 9.821367e+03 9.806810e+03 9.911022e+03
5.5 9.708723e+03 9.720284e+03 9.771567e+03 9.760005e+03
6.5 9.576212e+03 9.713042e+03 9.749012e+03 9.612182e+03
7.5 9.691424e+03 9.768505e+03 9.737302e+03 9.660220e+03
8.5 9.716716e+03 9.862786e+03 9.732499e+03 9.586429e+03
9.5 9.873892e+03 9.921063e+03 9.731958e+03 9.684787e+03
10.5 9.821557e+03 9.791137e+03 9.733709e+03 9.764129e+03
11.5 9.846183e+03 9.789296e+03 9.736211e+03 9.793098e+03
12.5 9.827743e+03 9.803987e+03 9.738490e+03 9.762246e+03
13.5 9.861728e+03 9.876985e+03 9.740154e+03 9.724897e+03
14.5 9.923092e+03 9.863884e+03 9.741201e+03 9.800408e+03
15.5 9.838418e+03 9.773765e+03 9.750426e+03 9.815079e+03
16.5 9.843778e+03 9.818625e+03 9.813011e+03 9.838164e+03
17.5 9.937341e+03 9.846373e+03 9.852736e+03 9.943704e+03
18.5 9.889164e+03 9.826408e+03 9.830450e+03 9.893207e+03
19.5 9.880768e+03 9.840970e+03 9.790438e+03 9.830236e+03
20.5 9.856842e+03 9.808766e+03 9.760513e+03 9.808588e+03
0.1 9.923092e+03 9.863884e+03 9.741201e+03 9.800408e+03
1.1 9.838418e+03 9.773765e+03 9.750426e+03 9.815079e+03
2.1 9.843778e+03 9.818625e+03 9.813011e+03 9.838164e+03
3.1 9.937341e+03 9.846373e+03 9.852736e+03 9.943704e+03
4.1 9.889164e+03 9.826408e+03 9.830450e+03 9.893207e+03
5.1 9.880768e+03 9.840970e+03 9.790438e+03 9.830236e+03
6.1 9.856842e+03 9.808766e+03 9.760513e+03 9.808588e+03
7.1 9.860232e+03 9.877122e+03 9.743385e+03 9.726495e+03
8.1 9.891184e+03 9.828322e+03 9.735127e+03 9.797989e+03
9.1 9.696930e+03 9.739210e+03 9.732517e+03 9.690237e+03
10.1 9.708751e+03 9.686137e+03 9.733233e+03 9.755847e+03
11.1 9.772826e+03 9.780288e+03 9.735416e+03 9.727953e+03
12.1 9.548324e+03 9.789470e+03 9.737766e+03 9.496621e+03
13.1 9.543508e+03 9.741523e+03 9.739638e+03 9.541622e+03
14.1 9.778159e+03 9.671047e+03 9.740884e+03 9.847997e+03
15.1 9.897273e+03 9.812647e+03 9.741615e+03 9.826241e+03
16.1 9.948373e+03 9.766266e+03 9.742001e+03 9.924109e+03
17.1 9.758974e+03 9.636502e+03 9.742189e+03 9.864661e+03
18.1 9.522665e+03 9.613124e+03 9.742275e+03 9.651816e+03
19.1 9.532382e+03 9.659710e+03 9.742311e+03 9.614984e+03
20.1 9.645312e+03 9.740014e+03 9.742326e+03 9.647623e+03
0.8 9.686779e+03 9.683864e+03 9.743886e+03 9.746802e+03
1.8 9.719753e+03 9.753394e+03 9.788229e+03 9.754588e+03
2.8 9.815482e+03 9.857142e+03 9.847344e+03 9.805685e+03
3.8 9.813839e+03 9.784254e+03 9.842582e+03 9.872167e+03
4.8 9.723180e+03 9.806367e+03 9.803721e+03 9.720534e+03
5.8 9.618002e+03 9.624896e+03 9.769194e+03 9.762300e+03
6.8 9.568056e+03 9.618004e+03 9.748055e+03 9.698107e+03
7.8 9.660887e+03 9.716667e+03 9.737186e+03 9.681406e+03
