0.2 1.606351e+03 1.560168e+03 1.491513e+03 1.537697e+03
1.2 1.562123e+03 1.544177e+03 1.493860e+03 1.511806e+03
2.2 1.549098e+03 1.575903e+03 1.515793e+03 1.488988e+03
3.2 1.580533e+03 1.572144e+03 1.549561e+03 1.557949e+03
4.2 1.605237e+03 1.627595e+03 1.555171e+03 1.532812e+03
5.2 1.579295e+03 1.603283e+03 1.535069e+03 1.511081e+03
6.2 1.618496e+03 1.583059e+03 1.512679e+03 1.548116e+03
7.2 1.452157e+03 1.506223e+03 1.500012e+03 1.445946e+03
8.2 1.526411e+03 1.503278e+03 1.513844e+03 1.536977e+03
9.2 1.477284e+03 1.484675e+03 1.544137e+03 1.536746e+03
10.2 1.618426e+03 1.591170e+03 1.549227e+03 1.576484e+03
11.2 1.566509e+03 1.613982e+03 1.538416e+03 1.490943e+03
12.2 1.548207e+03 1.629479e+03 1.548886e+03 1.467614e+03
13.2 1.578219e+03 1.622246e+03 1.560333e+03 1.516306e+03
14.2 1.611539e+03 1.621278e+03 1.546048e+03 1.536309e+03
15.2 1.685409e+03 1.618945e+03 1.537404e+03 1.603869e+03
16.2 1.551036e+03 1.547966e+03 1.552322e+03 1.555392e+03
17.2 1.627530e+03 1.610882e+03 1.553422e+03 1.570069e+03
18.2 1.533638e+03 1.609135e+03 1.531584e+03 1.456087e+03
19.2 1.586146e+03 1.579121e+03 1.510664e+03 1.517689e+03
20.2 1.443813e+03 1.526670e+03 1.518855e+03 1.435998e+03
21.2 1.576461e+03 1.532762e+03 1.544731e+03 1.588430e+03
0.2 1.618496e+03 1.583059e+03 1.512679e+03 1.548116e+03
1.2 1.452157e+03 1.506223e+03 1.500012e+03 1.445946e+03
2.2 1.526411e+03 1.503278e+03 1.513844e+03 1.536977e+03
3.2 1.477284e+03 1.484675e+03 1.544137e+03 1.536746e+03
4.2 1.618426e+03 1.591170e+03 1.549227e+03 1.576484e+03
5.2 1.566509e+03 1.613982e+03 1.538416e+03 1.490943e+03
6.2 1.548207e+03 1.629479e+03 1.548886e+03 1.467614e+03
7.2 1.578219e+03 1.622246e+03 1.560333e+03 1.516306e+03
8.2 1.611539e+03 1.621278e+03 1.546048e+03 1.536309e+03
9.2 1.685409e+03 1.618945e+03 1.537404e+03 1.603869e+03
10.2 1.551036e+03 1.547966e+03 1.552322e+03 1.555392e+03
11.2 1.627530e+03 1.610882e+03 1.553422e+03 1.570069e+03
12.2 1.533638e+03 1.609135e+03 1.531584e+03 1.456087e+03
13.2 1.586146e+03 1.579121e+03 1.510664e+03 1.517689e+03
14.2 1.443813e+03 1.526670e+03 1.518855e+03 1.435998e+03
15.2 1.576461e+03 1.532762e+03 1.544731e+03 1.588430e+03
16.2 1.568990e+03 1.558653e+03 1.546012e+03 1.556349e+03
17.2 1.578807e+03 1.528022e+03 1.525615e+03 1.576401e+03
18.2 1.623803e+03 1.562827e+03 1.505195e+03 1.566171e+03
19.2 1.612376e+03 1.577421e+03 1.495470e+03 1.530425e+03
20.2 1.546535e+03 1.538314e+03 1.512746e+03 1.520967e+03
21.2 1.557291e+03 1.525269e+03 1.543786e+03 1.575808e+03
0.6 1.618426e+03 1.591170e+03 1.549227e+03 1.576484e+03
1.6 1.566509e+03 1.613982e+03 1.538416e+03 1.490943e+03
2.6 1.548207e+03 1.629479e+03 1.548886e+03 1.467614e+03
3.6 1.578219e+03 1.622246e+03 1.560333e+03 1.516306e+03
4.6 1.611539e+03 1.621278e+03 1.546048e+03 1.536309e+03
5.6 1.685409e+03 1.618945e+03 1.537404e+03 1.603869e+03
6.6 1.551036e+03 1.547966e+03 1.552322e+03 1.555392e+03
7.6 1.627530e+03 1.610882e+03 1.553422e+03 1.570069e+03
8.6 1.533638e+03 1.609135e+03 1.531584e+03 1.456087e+03
9.6 1.586146e+03 1.579121e+03 1.510664e+03 1.517689e+03
10.6 1.443813e+03 1.526670e+03 1.518855e+03 1.435998e+03
11.6 1.576461e+03 1.532762e+03 1.544731e+03 1.588430e+03
12.6 1.568990e+03 1.558653e+03 1.546012e+03 1.556349e+03
13.6 1.578807e+03 1.528022e+03 1.525615e+03 1.576401e+03
14.6 1.623803e+03 1.562827e+03 1.505195e+03 1.566171e+03
15.6 1.612376e+03 1.577421e+03 1.495470e+03 1.530425e+03
16.6 1.546535e+03 1.538314e+03 1.512746e+03 1.520967e+03
17.6 1.557291e+03 1.525269e+03 1.543786e+03 1.575808e+03
18.6 1.604598e+03 1.586857e+03 1.547640e+03 1.565381e+03
19.6 1.569667e+03 1.558728e+03 1.528268e+03 1.539208e+03
20.6 1.448720e+03 1.429951e+03 1.513711e+03 1.532480e+03
21.6 1.285628e+03 1.372395e+03 1.529287e+03 1.442520e+03
1.0 1.611539e+03 1.621278e+03 1.546048e+03 1.536309e+03
2.0 1.685409e+03 1.618945e+03 1.537404e+03 1.603869e+03
3.0 1.551036e+03 1.547966e+03 1.552322e+03 1.555392e+03
4.0 1.627530e+03 1.610882e+03 1.553422e+03 1.570069e+03
5.0 1.533638e+03 1.609135e+03 1.531584e+03 1.456087e+03
6.0 1.586146e+03 1.579121e+03 1.510664e+03 1.517689e+03
7.0 1.443813e+03 1.526670e+03 1.518855e+03 1.435998e+03
8.0 1.576461e+03 1.532762e+03 1.544731e+03 1.588430e+03
9.0 1.568990e+03 1.558653e+03 1.546012e+03 1.556349e+03
10.0 1.578807e+03 1.528022e+03 1.525615e+03 1.576401e+03
11.0 1.623803e+03 1.562827e+03 1.505195e+03 1.566171e+03
12.0 1.612376e+03 1.577421e+03 1.495470e+03 1.530425e+03
13.0 1.546535e+03 1.538314e+03 1.512746e+03 1.520967e+03
14.0 1.557291e+03 1.525269e+03 1.543786e+03 1.575808e+03
15.0 1.604598e+03 1.586857e+03 1.547640e+03 1.565381e+03
16.0 1.569667e+03 1.558728e+03 1.528268e+03 1.539208e+03
17.0 1.448720e+03 1.429951e+03 1.513711e+03 1.532480e+03
18.0 1.285628e+03 1.372395e+03 1.529287e+03 1.442520e+03
19.0 1.432728e+03 1.382345e+03 1.551406e+03 1.601789e+03
20.0 1.417568e+03 1.455190e+03 1.544712e+03 1.507089e+03
21.0 1.581209e+03 1.523420e+03 1.521985e+03 1.579775e+03
22.0 1.496285e+03 1.512678e+03 1.512037e+03 1.495644e+03
0.3 1.533638e+03 1.609135e+03 1.531584e+03 1.456087e+03
1.3 1.586146e+03 1.579121e+03 1.510664e+03 1.517689e+03
2.3 1.443813e+03 1.526670e+03 1.518855e+03 1.435998e+03
3.3 1.576461e+03 1.532762e+03 1.544731e+03 1.588430e+03
4.3 1.568990e+03 1.558653e+03 1.546012e+03 1.556349e+03
5.3 1.578807e+03 1.528022e+03 1.525615e+03 1.576401e+03
6.3 1.623803e+03 1.562827e+03 1.505195e+03 1.566171e+03
7.3 1.612376e+03 1.577421e+03 1.495470e+03 1.530425e+03
8.3 1.546535e+03 1.538314e+03 1.512746e+03 1.520967e+03
9.3 1.557291e+03 1.525269e+03 1.543786e+03 1.575808e+03
10.3 1.604598e+03 1.586857e+03 1.547640e+03 1.565381e+03
11.3 1.569667e+03 1.558728e+03 1.528268e+03 1.539208e+03
12.3 1.448720e+03 1.429951e+03 1.513711e+03 1.532480e+03
13.3 1.285628e+03 1.372395e+03 1.529287e+03 1.442520e+03
14.3 1.432728e+03 1.382345e+03 1.551406e+03 1.601789e+03
15.3 1.417568e+03 1.455190e+03 1.544712e+03 1.507089e+03
16.3 1.581209e+03 1.523420e+03 1.521985e+03 1.579775e+03
17.3 1.496285e+03 1.512678e+03 1.512037e+03 1.495644e+03
18.3 1.603426e+03 1.559321e+03 1.533068e+03 1.577173e+03
19.3 1.528117e+03 1.543501e+03 1.551288e+03 1.535905e+03
20.3 1.614952e+03 1.561146e+03 1.541549e+03 1.595355e+03
21.3 1.514584e+03 1.539523e+03 1.538379e+03 1.513439e+03
0.3 1.623803e+03 1.562827e+03 1.505195e+03 1.566171e+03
1.3 1.612376e+03 1.577421e+03 1.495470e+03 1.530425e+03
2.3 1.546535e+03 1.538314e+03 1.512746e+03 1.520967e+03
3.3 1.557291e+03 1.525269e+03 1.543786e+03 1.575808e+03
4.3 1.604598e+03 1.586857e+03 1.547640e+03 1.565381e+03
5.3 1.569667e+03 1.558728e+03 1.528268e+03 1.539208e+03
6.3 1.448720e+03 1.429951e+03 1.513711e+03 1.532480e+03
7.3 1.285628e+03 1.372395e+03 1.529287e+03 1.442520e+03
8.3 1.432728e+03 1.382345e+03 1.551406e+03 1.601789e+03
9.3 1.417568e+03 1.455190e+03 1.544712e+03 1.507089e+03
10.3 1.581209e+03 1.523420e+03 1.521985e+03 1.579775e+03
11.3 1.496285e+03 1.512678e+03 1.512037e+03 1.495644e+03
12.3 1.603426e+03 1.559321e+03 1.533068e+03 1.577173e+03
13.3 1.528117e+03 1.543501e+03 1.551288e+03 1.535905e+03
14.3 1.614952e+03 1.561146e+03 1.541549e+03 1.595355e+03
15.3 1.514584e+03 1.539523e+03 1.538379e+03 1.513439e+03
16.3 1.567302e+03 1.558860e+03 1.555204e+03 1.563646e+03
17.3 1.590991e+03 1.577901e+03 1.554183e+03 1.567274e+03
18.3 1.585259e+03 1.600819e+03 1.537341e+03 1.521781e+03
19.3 1.545480e+03 1.546140e+03 1.542861e+03 1.542202e+03
20.3 1.558295e+03 1.526132e+03 1.556188e+03 1.588351e+03
21.3 1.576656e+03 1.607443e+03 1.544979e+03 1.514192e+03
0.5 1.569667e+03 1.558728e+03 1.528268e+03 1.539208e+03
1.5 1.448720e+03 1.429951e+03 1.513711e+03 1.532480e+03
2.5 1.285628e+03 1.372395e+03 1.529287e+03 1.442520e+03
3.5 1.432728e+03 1.382345e+03 1.551406e+03 1.601789e+03
4.5 1.417568e+03 1.455190e+03 1.544712e+03 1.507089e+03
5.5 1.581209e+03 1.523420e+03 1.521985e+03 1.579775e+03
6.5 1.496285e+03 1.512678e+03 1.512037e+03 1.495644e+03
7.5 1.603426e+03 1.559321e+03 1.533068e+03 1.577173e+03
8.5 1.528117e+03 1.543501e+03 1.551288e+03 1.535905e+03
9.5 1.614952e+03 1.561146e+03 1.541549e+03 1.595355e+03
10.5 1.514584e+03 1.539523e+03 1.538379e+03 1.513439e+03
11.5 1.567302e+03 1.558860e+03 1.555204e+03 1.563646e+03
12.5 1.590991e+03 1.577901e+03 1.554183e+03 1.567274e+03
13.5 1.585259e+03 1.600819e+03 1.537341e+03 1.521781e+03
14.5 1.545480e+03 1.546140e+03 1.542861e+03 1.542202e+03
15.5 1.558295e+03 1.526132e+03 1.556188e+03 1.588351e+03
16.5 1.576656e+03 1.607443e+03 1.544979e+03 1.514192e+03
17.5 1.522229e+03 1.588267e+03 1.535294e+03 1.469255e+03
18.5 1.597581e+03 1.602919e+03 1.549995e+03 1.544657e+03
19.5 1.554733e+03 1.605973e+03 1.553898e+03 1.502657e+03
20.5 1.610964e+03 1.608562e+03 1.533496e+03 1.535898e+03
21.5 1.539614e+03 1.522107e+03 1.511224e+03 1.528732e+03
0.7 1.581209e+03 1.523420e+03 1.521985e+03 1.579775e+03
1.7 1.496285e+03 1.512678e+03 1.512037e+03 1.495644e+03
2.7 1.603426e+03 1.559321e+03 1.533068e+03 1.577173e+03
3.7 1.528117e+03 1.543501e+03 1.551288e+03 1.535905e+03
4.7 1.614952e+03 1.561146e+03 1.541549e+03 1.595355e+03
5.7 1.514584e+03 1.539523e+03 1.538379e+03 1.513439e+03
6.7 1.567302e+03 1.558860e+03 1.555204e+03 1.563646e+03
7.7 1.590991e+03 1.577901e+03 1.554183e+03 1.567274e+03
8.7 1.585259e+03 1.600819e+03 1.537341e+03 1.521781e+03
9.7 1.545480e+03 1.546140e+03 1.542861e+03 1.542202e+03
10.7 1.558295e+03 1.526132e+03 1.556188e+03 1.588351e+03
11.7 1.576656e+03 1.607443e+03 1.544979e+03 1.514192e+03
12.7 1.522229e+03 1.588267e+03 1.535294e+03 1.469255e+03
13.7 1.597581e+03 1.602919e+03 1.549995e+03 1.544657e+03
14.7 1.554733e+03 1.605973e+03 1.553898e+03 1.502657e+03
15.7 1.610964e+03 1.608562e+03 1.533496e+03 1.535898e+03
16.7 1.539614e+03 1.522107e+03 1.511224e+03 1.528732e+03
17.7 1.483875e+03 1.514088e+03 1.515778e+03 1.485564e+03
18.7 1.604811e+03 1.534848e+03 1.542282e+03 1.612245e+03
19.7 1.536113e+03 1.558951e+03 1.547382e+03 1.524544e+03
20.7 1.611417e+03 1.599373e+03 1.535605e+03 1.547649e+03
21.7 1.439823e+03 1.548189e+03 1.544950e+03 1.436584e+03
0.1 1.528117e+03 1.543501e+03 1.551288e+03 1.535905e+03
1.1 1.614952e+03 1.561146e+03 1.541549e+03 1.595355e+03
2.1 1.514584e+03 1.539523e+03 1.538379e+03 1.513439e+03
3.1 1.567302e+03 1.558860e+03 1.555204e+03 1.563646e+03
4.1 1.590991e+03 1.577901e+03 1.554183e+03 1.567274e+03
5.1 1.585259e+03 1.600819e+03 1.537341e+03 1.521781e+03
6.1 1.545480e+03 1.546140e+03 1.542861e+03 1.542202e+03
7.1 1.558295e+03 1.526132e+03 1.556188e+03 1.588351e+03
8.1 1.576656e+03 1.607443e+03 1.544979e+03 1.514192e+03
9.1 1.522229e+03 1.588267e+03 1.535294e+03 1.469255e+03
10.1 1.597581e+03 1.602919e+03 1.549995e+03 1.544657e+03
11.1 1.554733e+03 1.605973e+03 1.553898e+03 1.502657e+03
12.1 1.610964e+03 1.608562e+03 1.533496e+03 1.535898e+03
13.1 1.539614e+03 1.522107e+03 1.511224e+03 1.528732e+03
14.1 1.483875e+03 1.514088e+03 1.515778e+03 1.485564e+03
15.1 1.604811e+03 1.534848e+03 1.542282e+03 1.612245e+03
16.1 1.536113e+03 1.558951e+03 1.547382e+03 1.524544e+03
17.1 1.611417e+03 1.599373e+03 1.535605e+03 1.547649e+03
18.1 1.439823e+03 1.548189e+03 1.544950e+03 1.436584e+03
19.1 1.610316e+03 1.568779e+03 1.558153e+03 1.599689e+03
20.1 1.714511e+03 1.727439e+03 1.544767e+03 1.531839e+03
21.1 1.767823e+03 1.687998e+03 1.519175e+03 1.599000e+03
0.5 1.590991e+03 1.577901e+03 1.554183e+03 1.567274e+03
1.5 1.585259e+03 1.600819e+03 1.537341e+03 1.521781e+03
2.5 1.545480e+03 1.546140e+03 1.542861e+03 1.542202e+03
3.5 1.558295e+03 1.526132e+03 1.556188e+03 1.588351e+03
4.5 1.576656e+03 1.607443e+03 1.544979e+03 1.514192e+03
5.5 1.522229e+03 1.588267e+03 1.535294e+03 1.469255e+03
6.5 1.597581e+03 1.602919e+03 1.549995e+03 1.544657e+03
7.5 1.554733e+03 1.605973e+03 1.553898e+03 1.502657e+03
8.5 1.610964e+03 1.608562e+03 1.533496e+03 1.535898e+03
9.5 1.539614e+03 1.522107e+03 1.511224e+03 1.528732e+03
10.5 1.483875e+03 1.514088e+03 1.515778e+03 1.485564e+03
11.5 1.604811e+03 1.534848e+03 1.542282e+03 1.612245e+03
12.5 1.536113e+03 1.558951e+03 1.547382e+03 1.524544e+03
13.5 1.611417e+03 1.599373e+03 1.535605e+03 1.547649e+03
14.5 1.439823e+03 1.548189e+03 1.544950e+03 1.436584e+03
15.5 1.610316e+03 1.568779e+03 1.558153e+03 1.599689e+03
16.5 1.714511e+03 1.727439e+03 1.544767e+03 1.531839e+03
17.5 1.767823e+03 1.687998e+03 1.519175e+03 1.599000e+03
18.5 1.622092e+03 1.582635e+03 1.499289e+03 1.538745e+03
19.5 1.585047e+03 1.559819e+03 1.495719e+03 1.520948e+03
20.5 1.493771e+03 1.522509e+03 1.521656e+03 1.492918e+03
21.5 1.517858e+03 1.531758e+03 1.547604e+03 1.533705e+03
0.9 1.576656e+03 1.607443e+03 1.544979e+03 1.514192e+03
1.9 1.522229e+03 1.588267e+03 1.535294e+03 1.469255e+03
2.9 1.597581e+03 1.602919e+03 1.549995e+03 1.544657e+03
3.9 1.554733e+03 1.605973e+03 1.553898e+03 1.502657e+03
4.9 1.610964e+03 1.608562e+03 1.533496e+03 1.535898e+03
5.9 1.539614e+03 1.522107e+03 1.511224e+03 1.528732e+03
6.9 1.483875e+03 1.514088e+03 1.515778e+03 1.485564e+03
7.9 1.604811e+03 1.534848e+03 1.542282e+03 1.612245e+03
8.9 1.536113e+03 1.558951e+03 1.547382e+03 1.524544e+03
9.9 1.611417e+03 1.599373e+03 1.535605e+03 1.547649e+03
10.9 1.439823e+03 1.548189e+03 1.544950e+03 1.436584e+03
11.9 1.610316e+03 1.568779e+03 1.558153e+03 1.599689e+03
12.9 1.714511e+03 1.727439e+03 1.544767e+03 1.531839e+03
13.9 1.767823e+03 1.687998e+03 1.519175e+03 1.599000e+03
14.9 1.622092e+03 1.582635e+03 1.499289e+03 1.538745e+03
15.9 1.585047e+03 1.559819e+03 1.495719e+03 1.520948e+03
16.9 1.493771e+03 1.522509e+03 1.521656e+03 1.492918e+03
17.9 1.517858e+03 1.531758e+03 1.547604e+03 1.533705e+03
18.9 1.533008e+03 1.505416e+03 1.543098e+03 1.570690e+03
19.9 1.560296e+03 1.564505e+03 1.538656e+03 1.534446e+03
20.9 1.632416e+03 1.634441e+03 1.555251e+03 1.553226e+03
21.9 1.604622e+03 1.651822e+03 1.557284e+03 1.510084e+03
0.2 1.610964e+03 1.608562e+03 1.533496e+03 1.535898e+03
1.2 1.539614e+03 1.522107e+03 1.511224e+03 1.528732e+03
2.2 1.483875e+03 1.514088e+03 1.515778e+03 1.485564e+03
3.2 1.604811e+03 1.534848e+03 1.542282e+03 1.612245e+03
4.2 1.536113e+03 1.558951e+03 1.547382e+03 1.524544e+03
5.2 1.611417e+03 1.599373e+03 1.535605e+03 1.547649e+03
6.2 1.439823e+03 1.548189e+03 1.544950e+03 1.436584e+03
7.2 1.610316e+03 1.568779e+03 1.558153e+03 1.599689e+03
8.2 1.714511e+03 1.727439e+03 1.544767e+03 1.531839e+03
9.2 1.767823e+03 1.687998e+03 1.519175e+03 1.599000e+03
10.2 1.622092e+03 1.582635e+03 1.499289e+03 1.538745e+03
11.2 1.585047e+03 1.559819e+03 1.495719e+03 1.520948e+03
12.2 1.493771e+03 1.522509e+03 1.521656e+03 1.492918e+03
13.1 1.517858e+03 1.531758e+03 1.547604e+03 1.533705e+03
14.1 1.533008e+03 1.505416e+03 1.543098e+03 1.570690e+03
15.1 1.560296e+03 1.564505e+03 1.538656e+03 1.534446e+03
16.1 1.632416e+03 1.634441e+03 1.555251e+03 1.553226e+03
17.1 1.604622e+03 1.651822e+03 1.557284e+03 1.510084e+03
18.1 1.601274e+03 1.646294e+03 1.535091e+03 1.490071e+03
19.1 1.511388e+03 1.550830e+03 1.510189e+03 1.470748e+03
20.1 1.540595e+03 1.572218e+03 1.494971e+03 1.463348e+03
21.1 1.550777e+03 1.562636e+03 1.503866e+03 1.492007e+03
0.6 1.536113e+03 1.558951e+03 1.547382e+03 1.524544e+03
1.6 1.611417e+03 1.599373e+03 1.535605e+03 1.547649e+03
2.6 1.439823e+03 1.548189e+03 1.544950e+03 1.436584e+03
3.6 1.610316e+03 1.568779e+03 1.558153e+03 1.599689e+03
4.6 1.714511e+03 1.727439e+03 1.544767e+03 1.531839e+03
5.6 1.767823e+03 1.687998e+03 1.519175e+03 1.599000e+03
6.6 1.622092e+03 1.582635e+03 1.499289e+03 1.538745e+03
7.6 1.585047e+03 1.559819e+03 1.495719e+03 1.520948e+03
8.6 1.493771e+03 1.522509e+03 1.521656e+03 1.492918e+03
9.6 1.517858e+03 1.531758e+03 1.547604e+03 1.533705e+03
10.6 1.533008e+03 1.505416e+03 1.543098e+03 1.570690e+03
11.6 1.560296e+03 1.564505e+03 1.538656e+03 1.534446e+03
12.6 1.632416e+03 1.634441e+03 1.555251e+03 1.553226e+03
13.6 1.604622e+03 1.651822e+03 1.557284e+03 1.510084e+03
14.6 1.601274e+03 1.646294e+03 1.535091e+03 1.490071e+03
15.6 1.511388e+03 1.550830e+03 1.510189e+03 1.470748e+03
16.6 1.540595e+03 1.572218e+03 1.494971e+03 1.463348e+03
17.6 1.550777e+03 1.562636e+03 1.503866e+03 1.492007e+03
18.6 1.565191e+03 1.578942e+03 1.535904e+03 1.522153e+03
19.6 1.663422e+03 1.653023e+03 1.548889e+03 1.559288e+03
20.6 1.575039e+03 1.633734e+03 1.533461e+03 1.474766e+03
21.6 1.624032e+03 1.612674e+03 1.514771e+03 1.526130e+03
0.6 1.622092e+03 1.582635e+03 1.499289e+03 1.538745e+03
1.6 1.585047e+03 1.559819e+03 1.495719e+03 1.520948e+03
2.6 1.493771e+03 1.522509e+03 1.521656e+03 1.492918e+03
3.6 1.517858e+03 1.531758e+03 1.547604e+03 1.533705e+03
4.6 1.533008e+03 1.505416e+03 1.543098e+03 1.570690e+03
5.6 1.560296e+03 1.564505e+03 1.538656e+03 1.534446e+03
6.6 1.632416e+03 1.634441e+03 1.555251e+03 1.553226e+03
7.6 1.604622e+03 1.651822e+03 1.557284e+03 1.510084e+03
8.6 1.601274e+03 1.646294e+03 1.535091e+03 1.490071e+03
9.6 1.511388e+03 1.550830e+03 1.510189e+03 1.470748e+03
10.6 1.540595e+03 1.572218e+03 1.494971e+03 1.463348e+03
11.6 1.550777e+03 1.562636e+03 1.503866e+03 1.492007e+03
12.6 1.565191e+03 1.578942e+03 1.535904e+03 1.522153e+03
13.6 1.663422e+03 1.653023e+03 1.548889e+03 1.559288e+03
14.6 1.575039e+03 1.633734e+03 1.533461e+03 1.474766e+03
15.6 1.624032e+03 1.612674e+03 1.514771e+03 1.526130e+03
16.6 1.500828e+03 1.536493e+03 1.522492e+03 1.486826e+03
17.6 1.546960e+03 1.571001e+03 1.547867e+03 1.523826e+03
18.6 1.603983e+03 1.583063e+03 1.548987e+03 1.569907e+03
19.6 1.643327e+03 1.594899e+03 1.527903e+03 1.576331e+03
20.6 1.613734e+03 1.585464e+03 1.511582e+03 1.539853e+03
21.6 1.504588e+03 1.545980e+03 1.525769e+03 1.484378e+03
1.0 1.533008e+03 1.505416e+03 1.543098e+03 1.570690e+03
2.0 1.560296e+03 1.564505e+03 1.538656e+03 1.534446e+03
3.0 1.632416e+03 1.634441e+03 1.555251e+03 1.553226e+03
4.0 1.604622e+03 1.651822e+03 1.557284e+03 1.510084e+03
5.0 1.601274e+03 1.646294e+03 1.535091e+03 1.490071e+03
6.0 1.511388e+03 1.550830e+03 1.510189e+03 1.470748e+03
7.0 1.540595e+03 1.572218e+03 1.494971e+03 1.463348e+03
8.0 1.550777e+03 1.562636e+03 1.503866e+03 1.492007e+03
9.0 1.565191e+03 1.578942e+03 1.535904e+03 1.522153e+03
10.0 1.663422e+03 1.653023e+03 1.548889e+03 1.559288e+03
11.0 1.575039e+03 1.633734e+03 1.533461e+03 1.474766e+03
12.0 1.624032e+03 1.612674e+03 1.514771e+03 1.526130e+03
13.0 1.500828e+03 1.536493e+03 1.522492e+03 1.486826e+03
14.0 1.546960e+03 1.571001e+03 1.547867e+03 1.523826e+03
15.0 1.603983e+03 1.583063e+03 1.548987e+03 1.569907e+03
16.0 1.643327e+03 1.594899e+03 1.527903e+03 1.576331e+03
17.0 1.613734e+03 1.585464e+03 1.511582e+03 1.539853e+03
18.0 1.504588e+03 1.545980e+03 1.525769e+03 1.484378e+03
19.0 1.626021e+03 1.595379e+03 1.549436e+03 1.580078e+03
20.0 1.627460e+03 1.623003e+03 1.544930e+03 1.549387e+03
21.0 1.609917e+03 1.596904e+03 1.522837e+03 1.535850e+03
22.0 1.559782e+03 1.559630e+03 1.512113e+03 1.512265e+03
1.0 1.540595e+03 1.572218e+03 1.494971e+03 1.463348e+03
2.0 1.550777e+03 1.562636e+03 1.503866e+03 1.492007e+03
3.0 1.565191e+03 1.578942e+03 1.535904e+03 1.522153e+03
4.0 1.663422e+03 1.653023e+03 1.548889e+03 1.559288e+03
5.0 1.575039e+03 1.633734e+03 1.533461e+03 1.474766e+03
6.0 1.624032e+03 1.612674e+03 1.514771e+03 1.526130e+03
7.0 1.500828e+03 1.536493e+03 1.522492e+03 1.486826e+03
8.0 1.546960e+03 1.571001e+03 1.547867e+03 1.523826e+03
9.0 1.603983e+03 1.583063e+03 1.548987e+03 1.569907e+03
10.0 1.643327e+03 1.594899e+03 1.527903e+03 1.576331e+03
11.0 1.613734e+03 1.585464e+03 1.511582e+03 1.539853e+03
12.0 1.504588e+03 1.545980e+03 1.525769e+03 1.484378e+03
13.0 1.626021e+03 1.595379e+03 1.549436e+03 1.580078e+03
14.0 1.627460e+03 1.623003e+03 1.544930e+03 1.549387e+03
15.0 1.609917e+03 1.596904e+03 1.522837e+03 1.535850e+03
16.0 1.559782e+03 1.559630e+03 1.512113e+03 1.512265e+03
17.0 1.466257e+03 1.516636e+03 1.532407e+03 1.482028e+03
18.0 1.649630e+03 1.576470e+03 1.551270e+03 1.624430e+03
19.0 1.634983e+03 1.606540e+03 1.540491e+03 1.568934e+03
20.0 1.682778e+03 1.561477e+03 1.517557e+03 1.638858e+03
21.0 1.611914e+03 1.574612e+03 1.499689e+03 1.536991e+03
22.0 1.539573e+03 1.654038e+03 1.489765e+03 1.375301e+03
0.2 1.575039e+03 1.633734e+03 1.533461e+03 1.474766e+03
1.2 1.624032e+03 1.612674e+03 1.514771e+03 1.526130e+03
2.2 1.500828e+03 1.536493e+03 1.522492e+03 1.486826e+03
3.2 1.546960e+03 1.571001e+03 1.547867e+03 1.523826e+03
4.2 1.603983e+03 1.583063e+03 1.548987e+03 1.569907e+03
5.2 1.643327e+03 1.594899e+03 1.527903e+03 1.576331e+03
6.2 1.613734e+03 1.585464e+03 1.511582e+03 1.539853e+03
7.2 1.504588e+03 1.545980e+03 1.525769e+03 1.484378e+03
8.2 1.626021e+03 1.595379e+03 1.549436e+03 1.580078e+03
9.2 1.627460e+03 1.623003e+03 1.544930e+03 1.549387e+03
10.2 1.609917e+03 1.596904e+03 1.522837e+03 1.535850e+03
11.2 1.559782e+03 1.559630e+03 1.512113e+03 1.512265e+03
12.2 1.466257e+03 1.516636e+03 1.532407e+03 1.482028e+03
13.2 1.649630e+03 1.576470e+03 1.551270e+03 1.624430e+03
14.2 1.634983e+03 1.606540e+03 1.540491e+03 1.568934e+03
15.2 1.682778e+03 1.561477e+03 1.517557e+03 1.638858e+03
16.2 1.611914e+03 1.574612e+03 1.499689e+03 1.536991e+03
17.2 1.539573e+03 1.654038e+03 1.489765e+03 1.375301e+03
18.2 1.464942e+03 1.487349e+03 1.485402e+03 1.462995e+03
19.2 1.470960e+03 1.457574e+03 1.484368e+03 1.497754e+03
20.2 1.553226e+03 1.496441e+03 1.486487e+03 1.543272e+03
21.2 1.528797e+03 1.475510e+03 1.506344e+03 1.559631e+03
0.4 1.643327e+03 1.594899e+03 1.527903e+03 1.576331e+03
1.4 1.613734e+03 1.585464e+03 1.511582e+03 1.539853e+03
2.4 1.504588e+03 1.545980e+03 1.525769e+03 1.484378e+03
3.4 1.626021e+03 1.595379e+03 1.549436e+03 1.580078e+03
4.4 1.627460e+03 1.623003e+03 1.544930e+03 1.549387e+03
5.4 1.609917e+03 1.596904e+03 1.522837e+03 1.535850e+03
6.4 1.559782e+03 1.559630e+03 1.512113e+03 1.512265e+03
7.4 1.466257e+03 1.516636e+03 1.532407e+03 1.482028e+03
8.4 1.649630e+03 1.576470e+03 1.551270e+03 1.624430e+03
9.4 1.634983e+03 1.606540e+03 1.540491e+03 1.568934e+03
10.4 1.682778e+03 1.561477e+03 1.517557e+03 1.638858e+03
11.4 1.611914e+03 1.574612e+03 1.499689e+03 1.536991e+03
12.4 1.539573e+03 1.654038e+03 1.489765e+03 1.375301e+03
13.4 1.464942e+03 1.487349e+03 1.485402e+03 1.462995e+03
14.4 1.470960e+03 1.457574e+03 1.484368e+03 1.497754e+03
15.4 1.553226e+03 1.496441e+03 1.486487e+03 1.543272e+03
16.4 1.528797e+03 1.475510e+03 1.506344e+03 1.559631e+03
17.4 1.479941e+03 1.410600e+03 1.542638e+03 1.611978e+03
18.4 1.446238e+03 1.415227e+03 1.554649e+03 1.585660e+03
19.4 1.460124e+03 1.478082e+03 1.537504e+03 1.519546e+03
20.4 1.418685e+03 1.454138e+03 1.514979e+03 1.479526e+03
21.4 1.489478e+03 1.515166e+03 1.500402e+03 1.474713e+03
0.7 1.609917e+03 1.596904e+03 1.522837e+03 1.535850e+03
1.7 1.559782e+03 1.559630e+03 1.512113e+03 1.512265e+03
2.7 1.466257e+03 1.516636e+03 1.532407e+03 1.482028e+03
3.7 1.649630e+03 1.576470e+03 1.551270e+03 1.624430e+03
4.7 1.634983e+03 1.606540e+03 1.540491e+03 1.568934e+03
5.7 1.682778e+03 1.561477e+03 1.517557e+03 1.638858e+03
6.7 1.611914e+03 1.574612e+03 1.499689e+03 1.536991e+03
7.7 1.539573e+03 1.654038e+03 1.489765e+03 1.375301e+03
8.7 1.464942e+03 1.487349e+03 1.485402e+03 1.462995e+03
9.7 1.470960e+03 1.457574e+03 1.484368e+03 1.497754e+03
10.7 1.553226e+03 1.496441e+03 1.486487e+03 1.543272e+03
11.7 1.528797e+03 1.475510e+03 1.506344e+03 1.559631e+03
12.7 1.479941e+03 1.410600e+03 1.542638e+03 1.611978e+03
13.7 1.446238e+03 1.415227e+03 1.554649e+03 1.585660e+03
14.7 1.460124e+03 1.478082e+03 1.537504e+03 1.519546e+03
15.7 1.418685e+03 1.454138e+03 1.514979e+03 1.479526e+03
16.7 1.489478e+03 1.515166e+03 1.500402e+03 1.474713e+03
17.7 1.435004e+03 1.456684e+03 1.509869e+03 1.488188e+03
18.7 1.564340e+03 1.532461e+03 1.540596e+03 1.572475e+03
19.7 1.526749e+03 1.533689e+03 1.550431e+03 1.543491e+03
20.7 1.637590e+03 1.603932e+03 1.533217e+03 1.566875e+03
21.7 1.494465e+03 1.574399e+03 1.511612e+03 1.431679e+03
0.1 1.470960e+03 1.457574e+03 1.484368e+03 1.497754e+03
1.1 1.553226e+03 1.496441e+03 1.486487e+03 1.543272e+03
2.1 1.528797e+03 1.475510e+03 1.506344e+03 1.559631e+03
3.1 1.479941e+03 1.410600e+03 1.542638e+03 1.611978e+03
4.1 1.446238e+03 1.415227e+03 1.554649e+03 1.585660e+03
5.1 1.460124e+03 1.478082e+03 1.537504e+03 1.519546e+03
6.1 1.418685e+03 1.454138e+03 1.514979e+03 1.479526e+03
7.1 1.489478e+03 1.515166e+03 1.500402e+03 1.474713e+03
8.1 1.435004e+03 1.456684e+03 1.509869e+03 1.488188e+03
9.1 1.564340e+03 1.532461e+03 1.540596e+03 1.572475e+03
10.1 1.526749e+03 1.533689e+03 1.550431e+03 1.543491e+03
11.1 1.637590e+03 1.603932e+03 1.533217e+03 1.566875e+03
12.1 1.494465e+03 1.574399e+03 1.511612e+03 1.431679e+03
13.1 1.482525e+03 1.504176e+03 1.498324e+03 1.476674e+03
14.1 1.452528e+03 1.450044e+03 1.509438e+03 1.511922e+03
15.1 1.540553e+03 1.505474e+03 1.540686e+03 1.575765e+03
16.1 1.569664e+03 1.537955e+03 1.549853e+03 1.581563e+03
17.1 1.581021e+03 1.557166e+03 1.532367e+03 1.556222e+03
18.1 1.614844e+03 1.532202e+03 1.514152e+03 1.596795e+03
19.1 1.499785e+03 1.509741e+03 1.523739e+03 1.513784e+03
20.1 1.651910e+03 1.659904e+03 1.548751e+03 1.540757e+03
21.1 1.691053e+03 1.640208e+03 1.548308e+03 1.599153e+03
0.1 1.418685e+03 1.454138e+03 1.514979e+03 1.479526e+03
1.1 1.489478e+03 1.515166e+03 1.500402e+03 1.474713e+03
2.1 1.435004e+03 1.456684e+03 1.509869e+03 1.488188e+03
3.1 1.564340e+03 1.532461e+03 1.540596e+03 1.572475e+03
4.1 1.526749e+03 1.533689e+03 1.550431e+03 1.543491e+03
5.1 1.637590e+03 1.603932e+03 1.533217e+03 1.566875e+03
6.1 1.494465e+03 1.574399e+03 1.511612e+03 1.431679e+03
7.1 1.482525e+03 1.504176e+03 1.498324e+03 1.476674e+03
8.1 1.452528e+03 1.450044e+03 1.509438e+03 1.511922e+03
9.1 1.540553e+03 1.505474e+03 1.540686e+03 1.575765e+03
10.1 1.569664e+03 1.537955e+03 1.549853e+03 1.581563e+03
11.1 1.581021e+03 1.557166e+03 1.532367e+03 1.556222e+03
12.1 1.614844e+03 1.532202e+03 1.514152e+03 1.596795e+03
13.1 1.499785e+03 1.509741e+03 1.523739e+03 1.513784e+03
14.1 1.651910e+03 1.659904e+03 1.548751e+03 1.540757e+03
15.1 1.691053e+03 1.640208e+03 1.548308e+03 1.599153e+03
16.1 1.625978e+03 1.629315e+03 1.536837e+03 1.533500e+03
17.1 1.534266e+03 1.584623e+03 1.548637e+03 1.498280e+03
18.1 1.583248e+03 1.622850e+03 1.558350e+03 1.518748e+03
19.1 1.602239e+03 1.638610e+03 1.543378e+03 1.507007e+03
20.1 1.583687e+03 1.582670e+03 1.538221e+03 1.539238e+03
21.1 1.524609e+03 1.522108e+03 1.554226e+03 1.556728e+03
0.1 1.494465e+03 1.574399e+03 1.511612e+03 1.431679e+03
1.1 1.482525e+03 1.504176e+03 1.498324e+03 1.476674e+03
2.1 1.452528e+03 1.450044e+03 1.509438e+03 1.511922e+03
3.1 1.540553e+03 1.505474e+03 1.540686e+03 1.575765e+03
4.1 1.569664e+03 1.537955e+03 1.549853e+03 1.581563e+03
5.1 1.581021e+03 1.557166e+03 1.532367e+03 1.556222e+03
6.1 1.614844e+03 1.532202e+03 1.514152e+03 1.596795e+03
7.1 1.499785e+03 1.509741e+03 1.523739e+03 1.513784e+03
8.1 1.651910e+03 1.659904e+03 1.548751e+03 1.540757e+03
9.1 1.691053e+03 1.640208e+03 1.548308e+03 1.599153e+03
10.1 1.625978e+03 1.629315e+03 1.536837e+03 1.533500e+03
11.1 1.534266e+03 1.584623e+03 1.548637e+03 1.498280e+03
12.1 1.583248e+03 1.622850e+03 1.558350e+03 1.518748e+03
13.1 1.602239e+03 1.638610e+03 1.543378e+03 1.507007e+03
14.1 1.583687e+03 1.582670e+03 1.538221e+03 1.539238e+03
15.1 1.524609e+03 1.522108e+03 1.554226e+03 1.556728e+03
16.1 1.482043e+03 1.551507e+03 1.552779e+03 1.483315e+03
17.1 1.594811e+03 1.606692e+03 1.529654e+03 1.517773e+03
18.1 1.521482e+03 1.552136e+03 1.506182e+03 1.475528e+03
19.1 1.382889e+03 1.471685e+03 1.493543e+03 1.404748e+03
20.1 1.476465e+03 1.493889e+03 1.507264e+03 1.489840e+03
21.1 1.406541e+03 1.476840e+03 1.539508e+03 1.469210e+03
0.3 1.581021e+03 1.557166e+03 1.532367e+03 1.556222e+03
1.3 1.614844e+03 1.532202e+03 1.514152e+03 1.596795e+03
2.3 1.499785e+03 1.509741e+03 1.523739e+03 1.513784e+03
3.3 1.651910e+03 1.659904e+03 1.548751e+03 1.540757e+03
4.3 1.691053e+03 1.640208e+03 1.548308e+03 1.599153e+03
5.3 1.625978e+03 1.629315e+03 1.536837e+03 1.533500e+03
6.3 1.534266e+03 1.584623e+03 1.548637e+03 1.498280e+03
7.3 1.583248e+03 1.622850e+03 1.558350e+03 1.518748e+03
8.3 1.602239e+03 1.638610e+03 1.543378e+03 1.507007e+03
9.3 1.583687e+03 1.582670e+03 1.538221e+03 1.539238e+03
10.3 1.524609e+03 1.522108e+03 1.554226e+03 1.556728e+03
11.3 1.482043e+03 1.551507e+03 1.552779e+03 1.483315e+03
12.3 1.594811e+03 1.606692e+03 1.529654e+03 1.517773e+03
13.3 1.521482e+03 1.552136e+03 1.506182e+03 1.475528e+03
14.3 1.382889e+03 1.471685e+03 1.493543e+03 1.404748e+03
15.3 1.476465e+03 1.493889e+03 1.507264e+03 1.489840e+03
16.3 1.406541e+03 1.476840e+03 1.539508e+03 1.469210e+03
17.3 1.491825e+03 1.532408e+03 1.547731e+03 1.507148e+03
18.3 1.561310e+03 1.575972e+03 1.530146e+03 1.515485e+03
19.3 1.534469e+03 1.537099e+03 1.509444e+03 1.506814e+03
20.3 1.544069e+03 1.490338e+03 1.497515e+03 1.551247e+03
21.3 1.434248e+03 1.452814e+03 1.510729e+03 1.492163e+03
0.7 1.691053e+03 1.640208e+03 1.548308e+03 1.599153e+03
1.7 1.625978e+03 1.629315e+03 1.536837e+03 1.533500e+03
2.7 1.534266e+03 1.584623e+03 1.548637e+03 1.498280e+03
3.7 1.583248e+03 1.622850e+03 1.558350e+03 1.518748e+03
4.7 1.602239e+03 1.638610e+03 1.543378e+03 1.507007e+03
5.7 1.583687e+03 1.582670e+03 1.538221e+03 1.539238e+03
6.7 1.524609e+03 1.522108e+03 1.554226e+03 1.556728e+03
7.7 1.482043e+03 1.551507e+03 1.552779e+03 1.483315e+03
8.7 1.594811e+03 1.606692e+03 1.529654e+03 1.517773e+03
9.7 1.521482e+03 1.552136e+03 1.506182e+03 1.475528e+03
10.7 1.382889e+03 1.471685e+03 1.493543e+03 1.404748e+03
11.7 1.476465e+03 1.493889e+03 1.507264e+03 1.489840e+03
12.7 1.406541e+03 1.476840e+03 1.539508e+03 1.469210e+03
13.7 1.491825e+03 1.532408e+03 1.547731e+03 1.507148e+03
14.7 1.561310e+03 1.575972e+03 1.530146e+03 1.515485e+03
15.7 1.534469e+03 1.537099e+03 1.509444e+03 1.506814e+03
16.7 1.544069e+03 1.490338e+03 1.497515e+03 1.551247e+03
17.7 1.434248e+03 1.452814e+03 1.510729e+03 1.492163e+03
18.7 1.518436e+03 1.502346e+03 1.542029e+03 1.558119e+03
19.7 1.530800e+03 1.548260e+03 1.549351e+03 1.531891e+03
20.7 1.577929e+03 1.590643e+03 1.531098e+03 1.518384e+03
21.7 1.556963e+03 1.536762e+03 1.513811e+03 1.534011e+03
0.1 1.583248e+03 1.622850e+03 1.558350e+03 1.518748e+03
1.1 1.602239e+03 1.638610e+03 1.543378e+03 1.507007e+03
2.1 1.583687e+03 1.582670e+03 1.538221e+03 1.539238e+03
3.1 1.524609e+03 1.522108e+03 1.554226e+03 1.556728e+03
4.1 1.482043e+03 1.551507e+03 1.552779e+03 1.483315e+03
5.1 1.594811e+03 1.606692e+03 1.529654e+03 1.517773e+03
6.1 1.521482e+03 1.552136e+03 1.506182e+03 1.475528e+03
7.1 1.382889e+03 1.471685e+03 1.493543e+03 1.404748e+03
8.1 1.476465e+03 1.493889e+03 1.507264e+03 1.489840e+03
9.1 1.406541e+03 1.476840e+03 1.539508e+03 1.469210e+03
10.1 1.491825e+03 1.532408e+03 1.547731e+03 1.507148e+03
11.1 1.561310e+03 1.575972e+03 1.530146e+03 1.515485e+03
12.1 1.534469e+03 1.537099e+03 1.509444e+03 1.506814e+03
13.1 1.544069e+03 1.490338e+03 1.497515e+03 1.551247e+03
14.1 1.434248e+03 1.452814e+03 1.510729e+03 1.492163e+03
15.1 1.518436e+03 1.502346e+03 1.542029e+03 1.558119e+03
16.1 1.530800e+03 1.548260e+03 1.549351e+03 1.531891e+03
17.1 1.577929e+03 1.590643e+03 1.531098e+03 1.518384e+03
18.1 1.556963e+03 1.536762e+03 1.513811e+03 1.534011e+03
19.1 1.377047e+03 1.462565e+03 1.525224e+03 1.439706e+03
20.1 1.494212e+03 1.486632e+03 1.549635e+03 1.557215e+03
21.1 1.481820e+03 1.538732e+03 1.547506e+03 1.490594e+03
0.1 1.521482e+03 1.552136e+03 1.506182e+03 1.475528e+03
1.1 1.382889e+03 1.471685e+03 1.493543e+03 1.404748e+03
2.1 1.476465e+03 1.493889e+03 1.507264e+03 1.489840e+03
3.1 1.406541e+03 1.476840e+03 1.539508e+03 1.469210e+03
4.1 1.491825e+03 1.532408e+03 1.547731e+03 1.507148e+03
5.1 1.561310e+03 1.575972e+03 1.530146e+03 1.515485e+03
6.1 1.534469e+03 1.537099e+03 1.509444e+03 1.506814e+03
7.1 1.544069e+03 1.490338e+03 1.497515e+03 1.551247e+03
8.1 1.434248e+03 1.452814e+03 1.510729e+03 1.492163e+03
9.1 1.518436e+03 1.502346e+03 1.542029e+03 1.558119e+03
10.1 1.530800e+03 1.548260e+03 1.549351e+03 1.531891e+03
11.1 1.577929e+03 1.590643e+03 1.531098e+03 1.518384e+03
12.1 1.556963e+03 1.536762e+03 1.513811e+03 1.534011e+03
13.1 1.377047e+03 1.462565e+03 1.525224e+03 1.439706e+03
14.1 1.494212e+03 1.486632e+03 1.549635e+03 1.557215e+03
15.1 1.481820e+03 1.538732e+03 1.547506e+03 1.490594e+03
16.1 1.566192e+03 1.545310e+03 1.536822e+03 1.557704e+03
17.1 1.592311e+03 1.539537e+03 1.549881e+03 1.602655e+03
18.1 1.597409e+03 1.556154e+03 1.558940e+03 1.600194e+03
19.1 1.632165e+03 1.588558e+03 1.541218e+03 1.584826e+03
20.1 1.652016e+03 1.542543e+03 1.516271e+03 1.625744e+03
21.1 1.598473e+03 1.545686e+03 1.513847e+03 1.566635e+03
0.1 1.534469e+03 1.537099e+03 1.509444e+03 1.506814e+03
1.1 1.544069e+03 1.490338e+03 1.497515e+03 1.551247e+03
2.1 1.434248e+03 1.452814e+03 1.510729e+03 1.492163e+03
3.1 1.518436e+03 1.502346e+03 1.542029e+03 1.558119e+03
4.1 1.530800e+03 1.548260e+03 1.549351e+03 1.531891e+03
5.1 1.577929e+03 1.590643e+03 1.531098e+03 1.518384e+03
6.1 1.556963e+03 1.536762e+03 1.513811e+03 1.534011e+03
7.1 1.377047e+03 1.462565e+03 1.525224e+03 1.439706e+03
8.1 1.494212e+03 1.486632e+03 1.549635e+03 1.557215e+03
9.1 1.481820e+03 1.538732e+03 1.547506e+03 1.490594e+03
10.1 1.566192e+03 1.545310e+03 1.536822e+03 1.557704e+03
11.1 1.592311e+03 1.539537e+03 1.549881e+03 1.602655e+03
12.1 1.597409e+03 1.556154e+03 1.558940e+03 1.600194e+03
13.1 1.632165e+03 1.588558e+03 1.541218e+03 1.584826e+03
14.1 1.652016e+03 1.542543e+03 1.516271e+03 1.625744e+03
15.1 1.598473e+03 1.545686e+03 1.513847e+03 1.566635e+03
16.1 1.557839e+03 1.548397e+03 1.538922e+03 1.548365e+03
17.1 1.593630e+03 1.523096e+03 1.549029e+03 1.619563e+03
18.1 1.504564e+03 1.539031e+03 1.536814e+03 1.502347e+03
19.1 1.475491e+03 1.508607e+03 1.541695e+03 1.508579e+03
20.1 1.542131e+03 1.492015e+03 1.557529e+03 1.607645e+03
21.1 1.703102e+03 1.600509e+03 1.548894e+03 1.651487e+03
0.4 1.577929e+03 1.590643e+03 1.531098e+03 1.518384e+03
1.4 1.556963e+03 1.536762e+03 1.513811e+03 1.534011e+03
2.4 1.377047e+03 1.462565e+03 1.525224e+03 1.439706e+03
3.4 1.494212e+03 1.486632e+03 1.549635e+03 1.557215e+03
4.4 1.481820e+03 1.538732e+03 1.547506e+03 1.490594e+03
5.4 1.566192e+03 1.545310e+03 1.536822e+03 1.557704e+03
6.4 1.592311e+03 1.539537e+03 1.549881e+03 1.602655e+03
7.4 1.597409e+03 1.556154e+03 1.558940e+03 1.600194e+03
8.4 1.632165e+03 1.588558e+03 1.541218e+03 1.584826e+03
9.4 1.652016e+03 1.542543e+03 1.516271e+03 1.625744e+03
10.4 1.598473e+03 1.545686e+03 1.513847e+03 1.566635e+03
11.4 1.557839e+03 1.548397e+03 1.538922e+03 1.548365e+03
12.4 1.593630e+03 1.523096e+03 1.549029e+03 1.619563e+03
13.4 1.504564e+03 1.539031e+03 1.536814e+03 1.502347e+03
14.4 1.475491e+03 1.508607e+03 1.541695e+03 1.508579e+03
15.4 1.542131e+03 1.492015e+03 1.557529e+03 1.607645e+03
16.4 1.703102e+03 1.600509e+03 1.548894e+03 1.651487e+03
17.4 1.671789e+03 1.646631e+03 1.535730e+03 1.560888e+03
18.4 1.566033e+03 1.580608e+03 1.547980e+03 1.533405e+03
19.4 1.508274e+03 1.567474e+03 1.555456e+03 1.496256e+03
20.4 1.522530e+03 1.539914e+03 1.539670e+03 1.522286e+03
21.4 1.406716e+03 1.433854e+03 1.536795e+03 1.509656e+03
0.8 1.481820e+03 1.538732e+03 1.547506e+03 1.490594e+03
1.8 1.566192e+03 1.545310e+03 1.536822e+03 1.557704e+03
2.8 1.592311e+03 1.539537e+03 1.549881e+03 1.602655e+03
3.8 1.597409e+03 1.556154e+03 1.558940e+03 1.600194e+03
4.8 1.632165e+03 1.588558e+03 1.541218e+03 1.584826e+03
5.8 1.652016e+03 1.542543e+03 1.516271e+03 1.625744e+03
6.8 1.598473e+03 1.545686e+03 1.513847e+03 1.566635e+03
7.8 1.557839e+03 1.548397e+03 1.538922e+03 1.548365e+03
8.8 1.593630e+03 1.523096e+03 1.549029e+03 1.619563e+03
9.8 1.504564e+03 1.539031e+03 1.536814e+03 1.502347e+03
10.8 1.475491e+03 1.508607e+03 1.541695e+03 1.508579e+03
11.8 1.542131e+03 1.492015e+03 1.557529e+03 1.607645e+03
12.8 1.703102e+03 1.600509e+03 1.548894e+03 1.651487e+03
13.8 1.671789e+03 1.646631e+03 1.535730e+03 1.560888e+03
14.8 1.566033e+03 1.580608e+03 1.547980e+03 1.533405e+03
15.8 1.508274e+03 1.567474e+03 1.555456e+03 1.496256e+03
16.8 1.522530e+03 1.539914e+03 1.539670e+03 1.522286e+03
17.8 1.406716e+03 1.433854e+03 1.536795e+03 1.509656e+03
18.8 1.352774e+03 1.392832e+03 1.553273e+03 1.513215e+03
19.8 1.505289e+03 1.490665e+03 1.550125e+03 1.564750e+03
20.8 1.512309e+03 1.518466e+03 1.526827e+03 1.520670e+03
21.8 1.378571e+03 1.449786e+03 1.504366e+03 1.433151e+03
1.0 1.652016e+03 1.542543e+03 1.516271e+03 1.625744e+03
2.0 1.598473e+03 1.545686e+03 1.513847e+03 1.566635e+03
3.0 1.557839e+03 1.548397e+03 1.538922e+03 1.548365e+03
4.0 1.593630e+03 1.523096e+03 1.549029e+03 1.619563e+03
5.0 1.504564e+03 1.539031e+03 1.536814e+03 1.502347e+03
6.0 1.475491e+03 1.508607e+03 1.541695e+03 1.508579e+03
7.0 1.542131e+03 1.492015e+03 1.557529e+03 1.607645e+03
8.0 1.703102e+03 1.600509e+03 1.548894e+03 1.651487e+03
9.0 1.671789e+03 1.646631e+03 1.535730e+03 1.560888e+03
10.0 1.566033e+03 1.580608e+03 1.547980e+03 1.533405e+03
11.0 1.508274e+03 1.567474e+03 1.555456e+03 1.496256e+03
12.0 1.522530e+03 1.539914e+03 1.539670e+03 1.522286e+03
13.0 1.406716e+03 1.433854e+03 1.536795e+03 1.509656e+03
14.0 1.352774e+03 1.392832e+03 1.553273e+03 1.513215e+03
15.0 1.505289e+03 1.490665e+03 1.550125e+03 1.564750e+03
16.0 1.512309e+03 1.518466e+03 1.526827e+03 1.520670e+03
17.0 1.378571e+03 1.449786e+03 1.504366e+03 1.433151e+03
18.0 1.280270e+03 1.323451e+03 1.493433e+03 1.450252e+03
19.0 1.422735e+03 1.369090e+03 1.509937e+03 1.563583e+03
20.0 1.511988e+03 1.462460e+03 1.541690e+03 1.591218e+03
21.0 1.574337e+03 1.584678e+03 1.547082e+03 1.536742e+03
22.0 1.714867e+03 1.659333e+03 1.536763e+03 1.592297e+03
0.4 1.593630e+03 1.523096e+03 1.549029e+03 1.619563e+03
1.4 1.504564e+03 1.539031e+03 1.536814e+03 1.502347e+03
2.4 1.475491e+03 1.508607e+03 1.541695e+03 1.508579e+03
3.4 1.542131e+03 1.492015e+03 1.557529e+03 1.607645e+03
4.4 1.703102e+03 1.600509e+03 1.548894e+03 1.651487e+03
5.4 1.671789e+03 1.646631e+03 1.535730e+03 1.560888e+03
6.4 1.566033e+03 1.580608e+03 1.547980e+03 1.533405e+03
7.4 1.508274e+03 1.567474e+03 1.555456e+03 1.496256e+03
8.4 1.522530e+03 1.539914e+03 1.539670e+03 1.522286e+03
9.4 1.406716e+03 1.433854e+03 1.536795e+03 1.509656e+03
10.4 1.352774e+03 1.392832e+03 1.553273e+03 1.513215e+03
11.4 1.505289e+03 1.490665e+03 1.550125e+03 1.564750e+03
12.4 1.512309e+03 1.518466e+03 1.526827e+03 1.520670e+03
13.4 1.378571e+03 1.449786e+03 1.504366e+03 1.433151e+03
14.4 1.280270e+03 1.323451e+03 1.493433e+03 1.450252e+03
15.4 1.422735e+03 1.369090e+03 1.509937e+03 1.563583e+03
16.4 1.511988e+03 1.462460e+03 1.541690e+03 1.591218e+03
17.4 1.574337e+03 1.584678e+03 1.547082e+03 1.536742e+03
18.4 1.714867e+03 1.659333e+03 1.536763e+03 1.592297e+03
19.4 1.555718e+03 1.599779e+03 1.547869e+03 1.503808e+03
20.4 1.636050e+03 1.607501e+03 1.559797e+03 1.588346e+03
21.4 1.496506e+03 1.541301e+03 1.544652e+03 1.499857e+03
0.8 1.703102e+03 1.600509e+03 1.548894e+03 1.651487e+03
1.8 1.671789e+03 1.646631e+03 1.535730e+03 1.560888e+03
2.8 1.566033e+03 1.580608e+03 1.547980e+03 1.533405e+03
3.8 1.508274e+03 1.567474e+03 1.555456e+03 1.496256e+03
4.8 1.522530e+03 1.539914e+03 1.539670e+03 1.522286e+03
5.8 1.406716e+03 1.433854e+03 1.536795e+03 1.509656e+03
6.8 1.352774e+03 1.392832e+03 1.553273e+03 1.513215e+03
7.8 1.505289e+03 1.490665e+03 1.550125e+03 1.564750e+03
8.8 1.512309e+03 1.518466e+03 1.526827e+03 1.520670e+03
9.8 1.378571e+03 1.449786e+03 1.504366e+03 1.433151e+03
10.8 1.280270e+03 1.323451e+03 1.493433e+03 1.450252e+03
11.8 1.422735e+03 1.369090e+03 1.509937e+03 1.563583e+03
12.8 1.511988e+03 1.462460e+03 1.541690e+03 1.591218e+03
13.8 1.574337e+03 1.584678e+03 1.547082e+03 1.536742e+03
14.8 1.714867e+03 1.659333e+03 1.536763e+03 1.592297e+03
15.8 1.555718e+03 1.599779e+03 1.547869e+03 1.503808e+03
16.8 1.636050e+03 1.607501e+03 1.559797e+03 1.588346e+03
17.8 1.496506e+03 1.541301e+03 1.544652e+03 1.499857e+03
18.8 1.596708e+03 1.530528e+03 1.519013e+03 1.585193e+03
19.8 1.633579e+03 1.601037e+03 1.511928e+03 1.544470e+03
20.8 1.751889e+03 1.583145e+03 1.535273e+03 1.704017e+03
21.8 1.479942e+03 1.518465e+03 1.549748e+03 1.511226e+03
0.2 1.508274e+03 1.567474e+03 1.555456e+03 1.496256e+03
1.2 1.522530e+03 1.539914e+03 1.539670e+03 1.522286e+03
2.2 1.406716e+03 1.433854e+03 1.536795e+03 1.509656e+03
3.2 1.352774e+03 1.392832e+03 1.553273e+03 1.513215e+03
4.2 1.505289e+03 1.490665e+03 1.550125e+03 1.564750e+03
5.2 1.512309e+03 1.518466e+03 1.526827e+03 1.520670e+03
6.2 1.378571e+03 1.449786e+03 1.504366e+03 1.433151e+03
7.2 1.280270e+03 1.323451e+03 1.493433e+03 1.450252e+03
8.2 1.422735e+03 1.369090e+03 1.509937e+03 1.563583e+03
9.2 1.511988e+03 1.462460e+03 1.541690e+03 1.591218e+03
10.2 1.574337e+03 1.584678e+03 1.547082e+03 1.536742e+03
11.2 1.714867e+03 1.659333e+03 1.536763e+03 1.592297e+03
12.2 1.555718e+03 1.599779e+03 1.547869e+03 1.503808e+03
13.2 1.636050e+03 1.607501e+03 1.559797e+03 1.588346e+03
14.2 1.496506e+03 1.541301e+03 1.544652e+03 1.499857e+03
15.2 1.596708e+03 1.530528e+03 1.519013e+03 1.585193e+03
16.2 1.633579e+03 1.601037e+03 1.511928e+03 1.544470e+03
17.2 1.751889e+03 1.583145e+03 1.535273e+03 1.704017e+03
18.2 1.479942e+03 1.518465e+03 1.549748e+03 1.511226e+03
19.2 1.526755e+03 1.582582e+03 1.535602e+03 1.479776e+03
20.2 1.561819e+03 1.590561e+03 1.513243e+03 1.484500e+03
21.2 1.492634e+03 1.527603e+03 1.497517e+03 1.462547e+03
0.2 1.378571e+03 1.449786e+03 1.504366e+03 1.433151e+03
1.2 1.280270e+03 1.323451e+03 1.493433e+03 1.450252e+03
2.2 1.422735e+03 1.369090e+03 1.509937e+03 1.563583e+03
3.2 1.511988e+03 1.462460e+03 1.541690e+03 1.591218e+03
4.2 1.574337e+03 1.584678e+03 1.547082e+03 1.536742e+03
5.2 1.714867e+03 1.659333e+03 1.536763e+03 1.592297e+03
6.2 1.555718e+03 1.599779e+03 1.547869e+03 1.503808e+03
7.2 1.636050e+03 1.607501e+03 1.559797e+03 1.588346e+03
8.2 1.496506e+03 1.541301e+03 1.544652e+03 1.499857e+03
9.2 1.596708e+03 1.530528e+03 1.519013e+03 1.585193e+03
10.2 1.633579e+03 1.601037e+03 1.511928e+03 1.544470e+03
11.2 1.751889e+03 1.583145e+03 1.535273e+03 1.704017e+03
12.2 1.479942e+03 1.518465e+03 1.549748e+03 1.511226e+03
13.2 1.526755e+03 1.582582e+03 1.535602e+03 1.479776e+03
14.2 1.561819e+03 1.590561e+03 1.513243e+03 1.484500e+03
15.2 1.492634e+03 1.527603e+03 1.497517e+03 1.462547e+03
16.2 1.487076e+03 1.457033e+03 1.501579e+03 1.531622e+03
17.2 1.383050e+03 1.437078e+03 1.531990e+03 1.477963e+03
18.2 1.562791e+03 1.543914e+03 1.550199e+03 1.569076e+03
19.2 1.621349e+03 1.594686e+03 1.537764e+03 1.564427e+03
20.2 1.593400e+03 1.566105e+03 1.515846e+03 1.543140e+03
21.2 1.503506e+03 1.465924e+03 1.499815e+03 1.537397e+03
0.6 1.574337e+03 1.584678e+03 1.547082e+03 1.536742e+03
1.6 1.714867e+03 1.659333e+03 1.536763e+03 1.592297e+03
2.6 1.555718e+03 1.599779e+03 1.547869e+03 1.503808e+03
3.6 1.636050e+03 1.607501e+03 1.559797e+03 1.588346e+03
4.6 1.496506e+03 1.541301e+03 1.544652e+03 1.499857e+03
5.6 1.596708e+03 1.530528e+03 1.519013e+03 1.585193e+03
6.6 1.633579e+03 1.601037e+03 1.511928e+03 1.544470e+03
7.6 1.751889e+03 1.583145e+03 1.535273e+03 1.704017e+03
8.6 1.479942e+03 1.518465e+03 1.549748e+03 1.511226e+03
9.6 1.526755e+03 1.582582e+03 1.535602e+03 1.479776e+03
10.6 1.561819e+03 1.590561e+03 1.513243e+03 1.484500e+03
11.6 1.492634e+03 1.527603e+03 1.497517e+03 1.462547e+03
12.6 1.487076e+03 1.457033e+03 1.501579e+03 1.531622e+03
13.6 1.383050e+03 1.437078e+03 1.531990e+03 1.477963e+03
14.6 1.562791e+03 1.543914e+03 1.550199e+03 1.569076e+03
15.6 1.621349e+03 1.594686e+03 1.537764e+03 1.564427e+03
16.6 1.593400e+03 1.566105e+03 1.515846e+03 1.543140e+03
17.6 1.503506e+03 1.465924e+03 1.499815e+03 1.537397e+03
18.6 1.309895e+03 1.390626e+03 1.503269e+03 1.422538e+03
19.6 1.467207e+03 1.445691e+03 1.533076e+03 1.554592e+03
20.6 1.470453e+03 1.478593e+03 1.550825e+03 1.542685e+03
21.6 1.582773e+03 1.573692e+03 1.540983e+03 1.550064e+03
0.8 1.596708e+03 1.530528e+03 1.519013e+03 1.585193e+03
1.8 1.633579e+03 1.601037e+03 1.511928e+03 1.544470e+03
2.8 1.751889e+03 1.583145e+03 1.535273e+03 1.704017e+03
3.8 1.479942e+03 1.518465e+03 1.549748e+03 1.511226e+03
4.8 1.526755e+03 1.582582e+03 1.535602e+03 1.479776e+03
5.8 1.561819e+03 1.590561e+03 1.513243e+03 1.484500e+03
6.8 1.492634e+03 1.527603e+03 1.497517e+03 1.462547e+03
7.8 1.487076e+03 1.457033e+03 1.501579e+03 1.531622e+03
8.8 1.383050e+03 1.437078e+03 1.531990e+03 1.477963e+03
9.8 1.562791e+03 1.543914e+03 1.550199e+03 1.569076e+03
10.8 1.621349e+03 1.594686e+03 1.537764e+03 1.564427e+03
11.8 1.593400e+03 1.566105e+03 1.515846e+03 1.543140e+03
12.8 1.503506e+03 1.465924e+03 1.499815e+03 1.537397e+03
13.8 1.309895e+03 1.390626e+03 1.503269e+03 1.422538e+03
14.8 1.467207e+03 1.445691e+03 1.533076e+03 1.554592e+03
15.8 1.470453e+03 1.478593e+03 1.550825e+03 1.542685e+03
16.8 1.582773e+03 1.573692e+03 1.540983e+03 1.550064e+03
17.8 1.561563e+03 1.553289e+03 1.542270e+03 1.550544e+03
18.8 1.407032e+03 1.399578e+03 1.558864e+03 1.566318e+03
19.8 1.479689e+03 1.560994e+03 1.553333e+03 1.472028e+03
20.8 1.475708e+03 1.520622e+03 1.537285e+03 1.492371e+03
21.8 1.487691e+03 1.568894e+03 1.546027e+03 1.464824e+03
0.8 1.492634e+03 1.527603e+03 1.497517e+03 1.462547e+03
1.8 1.487076e+03 1.457033e+03 1.501579e+03 1.531622e+03
2.8 1.383050e+03 1.437078e+03 1.531990e+03 1.477963e+03
3.8 1.562791e+03 1.543914e+03 1.550199e+03 1.569076e+03
4.8 1.621349e+03 1.594686e+03 1.537764e+03 1.564427e+03
5.8 1.593400e+03 1.566105e+03 1.515846e+03 1.543140e+03
6.8 1.503506e+03 1.465924e+03 1.499815e+03 1.537397e+03
7.8 1.309895e+03 1.390626e+03 1.503269e+03 1.422538e+03
8.8 1.467207e+03 1.445691e+03 1.533076e+03 1.554592e+03
9.8 1.470453e+03 1.478593e+03 1.550825e+03 1.542685e+03
10.8 1.582773e+03 1.573692e+03 1.540983e+03 1.550064e+03
11.8 1.561563e+03 1.553289e+03 1.542270e+03 1.550544e+03
12.8 1.407032e+03 1.399578e+03 1.558864e+03 1.566318e+03
13.8 1.479689e+03 1.560994e+03 1.553333e+03 1.472028e+03
14.8 1.475708e+03 1.520622e+03 1.537285e+03 1.492371e+03
15.8 1.487691e+03 1.568894e+03 1.546027e+03 1.464824e+03
16.8 1.440019e+03 1.492093e+03 1.556466e+03 1.504392e+03
17.8 1.388710e+03 1.478570e+03 1.541028e+03 1.451168e+03
18.8 1.437174e+03 1.394048e+03 1.515822e+03 1.558949e+03
19.8 1.337511e+03 1.327586e+03 1.497262e+03 1.507187e+03
20.8 1.372203e+03 1.354426e+03 1.496366e+03 1.514143e+03
21.8 1.349802e+03 1.351783e+03 1.524417e+03 1.522436e+03
0.8 1.503506e+03 1.465924e+03 1.499815e+03 1.537397e+03
1.8 1.309895e+03 1.390626e+03 1.503269e+03 1.422538e+03
2.8 1.467207e+03 1.445691e+03 1.533076e+03 1.554592e+03
3.8 1.470453e+03 1.478593e+03 1.550825e+03 1.542685e+03
4.8 1.582773e+03 1.573692e+03 1.540983e+03 1.550064e+03
5.8 1.561563e+03 1.553289e+03 1.542270e+03 1.550544e+03
6.8 1.407032e+03 1.399578e+03 1.558864e+03 1.566318e+03
7.8 1.479689e+03 1.560994e+03 1.553333e+03 1.472028e+03
8.8 1.475708e+03 1.520622e+03 1.537285e+03 1.492371e+03
9.8 1.487691e+03 1.568894e+03 1.546027e+03 1.464824e+03
10.8 1.440019e+03 1.492093e+03 1.556466e+03 1.504392e+03
11.8 1.388710e+03 1.478570e+03 1.541028e+03 1.451168e+03
12.8 1.437174e+03 1.394048e+03 1.515822e+03 1.558949e+03
13.8 1.337511e+03 1.327586e+03 1.497262e+03 1.507187e+03
14.8 1.372203e+03 1.354426e+03 1.496366e+03 1.514143e+03
15.8 1.349802e+03 1.351783e+03 1.524417e+03 1.522436e+03
16.8 1.545422e+03 1.575989e+03 1.548282e+03 1.517715e+03
17.8 1.511227e+03 1.643755e+03 1.541967e+03 1.409440e+03
18.8 1.456833e+03 1.531756e+03 1.539485e+03 1.464562e+03
19.8 1.482639e+03 1.473811e+03 1.556904e+03 1.565731e+03
20.8 1.516241e+03 1.496030e+03 1.557130e+03 1.577341e+03
21.8 1.468832e+03 1.396980e+03 1.533898e+03 1.605750e+03
0.3 1.470453e+03 1.478593e+03 1.550825e+03 1.542685e+03
1.3 1.582773e+03 1.573692e+03 1.540983e+03 1.550064e+03
2.3 1.561563e+03 1.553289e+03 1.542270e+03 1.550544e+03
3.3 1.407032e+03 1.399578e+03 1.558864e+03 1.566318e+03
4.3 1.479689e+03 1.560994e+03 1.553333e+03 1.472028e+03
5.3 1.475708e+03 1.520622e+03 1.537285e+03 1.492371e+03
6.3 1.487691e+03 1.568894e+03 1.546027e+03 1.464824e+03
7.3 1.440019e+03 1.492093e+03 1.556466e+03 1.504392e+03
8.3 1.388710e+03 1.478570e+03 1.541028e+03 1.451168e+03
9.3 1.437174e+03 1.394048e+03 1.515822e+03 1.558949e+03
10.3 1.337511e+03 1.327586e+03 1.497262e+03 1.507187e+03
11.3 1.372203e+03 1.354426e+03 1.496366e+03 1.514143e+03
12.3 1.349802e+03 1.351783e+03 1.524417e+03 1.522436e+03
13.3 1.545422e+03 1.575989e+03 1.548282e+03 1.517715e+03
14.3 1.511227e+03 1.643755e+03 1.541967e+03 1.409440e+03
15.3 1.456833e+03 1.531756e+03 1.539485e+03 1.464562e+03
16.3 1.482639e+03 1.473811e+03 1.556904e+03 1.565731e+03
17.3 1.516241e+03 1.496030e+03 1.557130e+03 1.577341e+03
18.3 1.468832e+03 1.396980e+03 1.533898e+03 1.605750e+03
19.3 1.336352e+03 1.291941e+03 1.512321e+03 1.556732e+03
20.3 1.187679e+03 1.236975e+03 1.520611e+03 1.471315e+03
21.3 1.315501e+03 1.306211e+03 1.545714e+03 1.555004e+03
0.7 1.479689e+03 1.560994e+03 1.553333e+03 1.472028e+03
1.7 1.475708e+03 1.520622e+03 1.537285e+03 1.492371e+03
2.7 1.487691e+03 1.568894e+03 1.546027e+03 1.464824e+03
3.7 1.440019e+03 1.492093e+03 1.556466e+03 1.504392e+03
4.7 1.388710e+03 1.478570e+03 1.541028e+03 1.451168e+03
5.7 1.437174e+03 1.394048e+03 1.515822e+03 1.558949e+03
6.7 1.337511e+03 1.327586e+03 1.497262e+03 1.507187e+03
7.7 1.372203e+03 1.354426e+03 1.496366e+03 1.514143e+03
8.7 1.349802e+03 1.351783e+03 1.524417e+03 1.522436e+03
9.7 1.545422e+03 1.575989e+03 1.548282e+03 1.517715e+03
10.7 1.511227e+03 1.643755e+03 1.541967e+03 1.409440e+03
11.7 1.456833e+03 1.531756e+03 1.539485e+03 1.464562e+03
12.7 1.482639e+03 1.473811e+03 1.556904e+03 1.565731e+03
13.7 1.516241e+03 1.496030e+03 1.557130e+03 1.577341e+03
14.7 1.468832e+03 1.396980e+03 1.533898e+03 1.605750e+03
15.7 1.336352e+03 1.291941e+03 1.512321e+03 1.556732e+03
16.7 1.187679e+03 1.236975e+03 1.520611e+03 1.471315e+03
17.7 1.315501e+03 1.306211e+03 1.545714e+03 1.555004e+03
18.7 1.365951e+03 1.360524e+03 1.545793e+03 1.551220e+03
19.7 1.503093e+03 1.458364e+03 1.524997e+03 1.569726e+03
20.7 1.488042e+03 1.442432e+03 1.504711e+03 1.550321e+03
21.7 1.448627e+03 1.444855e+03 1.492311e+03 1.496083e+03
0.7 1.337511e+03 1.327586e+03 1.497262e+03 1.507187e+03
1.7 1.372203e+03 1.354426e+03 1.496366e+03 1.514143e+03
2.7 1.349802e+03 1.351783e+03 1.524417e+03 1.522436e+03
3.7 1.545422e+03 1.575989e+03 1.548282e+03 1.517715e+03
4.7 1.511227e+03 1.643755e+03 1.541967e+03 1.409440e+03
5.7 1.456833e+03 1.531756e+03 1.539485e+03 1.464562e+03
6.7 1.482639e+03 1.473811e+03 1.556904e+03 1.565731e+03
7.7 1.516241e+03 1.496030e+03 1.557130e+03 1.577341e+03
8.7 1.468832e+03 1.396980e+03 1.533898e+03 1.605750e+03
9.7 1.336352e+03 1.291941e+03 1.512321e+03 1.556732e+03
10.7 1.187679e+03 1.236975e+03 1.520611e+03 1.471315e+03
11.7 1.315501e+03 1.306211e+03 1.545714e+03 1.555004e+03
12.7 1.365951e+03 1.360524e+03 1.545793e+03 1.551220e+03
13.7 1.503093e+03 1.458364e+03 1.524997e+03 1.569726e+03
14.7 1.488042e+03 1.442432e+03 1.504711e+03 1.550321e+03
15.7 1.448627e+03 1.444855e+03 1.492311e+03 1.496083e+03
16.7 1.447381e+03 1.413426e+03 1.487845e+03 1.521801e+03
17.7 1.444409e+03 1.395212e+03 1.504877e+03 1.554074e+03
18.7 1.480865e+03 1.389422e+03 1.539775e+03 1.631218e+03
19.7 1.505848e+03 1.483504e+03 1.550934e+03 1.573279e+03
20.7 1.532116e+03 1.502019e+03 1.540458e+03 1.570555e+03
21.7 1.457047e+03 1.486295e+03 1.548259e+03 1.519010e+03
0.1 1.545422e+03 1.575989e+03 1.548282e+03 1.517715e+03
1.1 1.511227e+03 1.643755e+03 1.541967e+03 1.409440e+03
2.1 1.456833e+03 1.531756e+03 1.539485e+03 1.464562e+03
3.1 1.482639e+03 1.473811e+03 1.556904e+03 1.565731e+03
4.1 1.516241e+03 1.496030e+03 1.557130e+03 1.577341e+03
5.1 1.468832e+03 1.396980e+03 1.533898e+03 1.605750e+03
6.1 1.336352e+03 1.291941e+03 1.512321e+03 1.556732e+03
7.1 1.187679e+03 1.236975e+03 1.520611e+03 1.471315e+03
8.1 1.315501e+03 1.306211e+03 1.545714e+03 1.555004e+03
9.1 1.365951e+03 1.360524e+03 1.545793e+03 1.551220e+03
10.1 1.503093e+03 1.458364e+03 1.524997e+03 1.569726e+03
11.1 1.488042e+03 1.442432e+03 1.504711e+03 1.550321e+03
12.1 1.448627e+03 1.444855e+03 1.492311e+03 1.496083e+03
13.1 1.447381e+03 1.413426e+03 1.487845e+03 1.521801e+03
14.1 1.444409e+03 1.395212e+03 1.504877e+03 1.554074e+03
15.1 1.480865e+03 1.389422e+03 1.539775e+03 1.631218e+03
16.1 1.505848e+03 1.483504e+03 1.550934e+03 1.573279e+03
17.1 1.532116e+03 1.502019e+03 1.540458e+03 1.570555e+03
18.1 1.457047e+03 1.486295e+03 1.548259e+03 1.519010e+03
19.1 1.535328e+03 1.501992e+03 1.561525e+03 1.594861e+03
20.1 1.451019e+03 1.488418e+03 1.549076e+03 1.511677e+03
21.1 1.551602e+03 1.515917e+03 1.537321e+03 1.573006e+03
0.3 1.468832e+03 1.396980e+03 1.533898e+03 1.605750e+03
1.3 1.336352e+03 1.291941e+03 1.512321e+03 1.556732e+03
2.3 1.187679e+03 1.236975e+03 1.520611e+03 1.471315e+03
3.3 1.315501e+03 1.306211e+03 1.545714e+03 1.555004e+03
4.3 1.365951e+03 1.360524e+03 1.545793e+03 1.551220e+03
5.3 1.503093e+03 1.458364e+03 1.524997e+03 1.569726e+03
6.3 1.488042e+03 1.442432e+03 1.504711e+03 1.550321e+03
7.3 1.448627e+03 1.444855e+03 1.492311e+03 1.496083e+03
8.3 1.447381e+03 1.413426e+03 1.487845e+03 1.521801e+03
9.3 1.444409e+03 1.395212e+03 1.504877e+03 1.554074e+03
10.3 1.480865e+03 1.389422e+03 1.539775e+03 1.631218e+03
11.3 1.505848e+03 1.483504e+03 1.550934e+03 1.573279e+03
12.3 1.532116e+03 1.502019e+03 1.540458e+03 1.570555e+03
13.3 1.457047e+03 1.486295e+03 1.548259e+03 1.519010e+03
14.3 1.535328e+03 1.501992e+03 1.561525e+03 1.594861e+03
15.3 1.451019e+03 1.488418e+03 1.549076e+03 1.511677e+03
16.3 1.551602e+03 1.515917e+03 1.537321e+03 1.573006e+03
17.3 1.577868e+03 1.538669e+03 1.550764e+03 1.589963e+03
18.3 1.510438e+03 1.537405e+03 1.554887e+03 1.527919e+03
19.3 1.566491e+03 1.551833e+03 1.538444e+03 1.553102e+03
20.3 1.490613e+03 1.490232e+03 1.539462e+03 1.539843e+03
21.3 1.522874e+03 1.504158e+03 1.555008e+03 1.573723e+03
0.1 1.448627e+03 1.444855e+03 1.492311e+03 1.496083e+03
1.1 1.447381e+03 1.413426e+03 1.487845e+03 1.521801e+03
2.1 1.444409e+03 1.395212e+03 1.504877e+03 1.554074e+03
3.1 1.480865e+03 1.389422e+03 1.539775e+03 1.631218e+03
4.1 1.505848e+03 1.483504e+03 1.550934e+03 1.573279e+03
5.1 1.532116e+03 1.502019e+03 1.540458e+03 1.570555e+03
6.1 1.457047e+03 1.486295e+03 1.548259e+03 1.519010e+03
7.1 1.535328e+03 1.501992e+03 1.561525e+03 1.594861e+03
8.1 1.451019e+03 1.488418e+03 1.549076e+03 1.511677e+03
9.1 1.551602e+03 1.515917e+03 1.537321e+03 1.573006e+03
10.1 1.577868e+03 1.538669e+03 1.550764e+03 1.589963e+03
11.1 1.510438e+03 1.537405e+03 1.554887e+03 1.527919e+03
12.1 1.566491e+03 1.551833e+03 1.538444e+03 1.553102e+03
13.1 1.490613e+03 1.490232e+03 1.539462e+03 1.539843e+03
14.1 1.522874e+03 1.504158e+03 1.555008e+03 1.573723e+03
15.1 1.566244e+03 1.502355e+03 1.547651e+03 1.611540e+03
16.1 1.564656e+03 1.483894e+03 1.523278e+03 1.604039e+03
17.1 1.558007e+03 1.456811e+03 1.508676e+03 1.609872e+03
18.1 1.365237e+03 1.438527e+03 1.526212e+03 1.452922e+03
19.1 1.469197e+03 1.536388e+03 1.548321e+03 1.481130e+03
20.1 1.560122e+03 1.543641e+03 1.541257e+03 1.557738e+03
21.1 1.457497e+03 1.516227e+03 1.519168e+03 1.460437e+03
0.5 1.505848e+03 1.483504e+03 1.550934e+03 1.573279e+03
1.5 1.532116e+03 1.502019e+03 1.540458e+03 1.570555e+03
2.5 1.457047e+03 1.486295e+03 1.548259e+03 1.519010e+03
3.5 1.535328e+03 1.501992e+03 1.561525e+03 1.594861e+03
4.5 1.451019e+03 1.488418e+03 1.549076e+03 1.511677e+03
5.5 1.551602e+03 1.515917e+03 1.537321e+03 1.573006e+03
6.5 1.577868e+03 1.538669e+03 1.550764e+03 1.589963e+03
7.5 1.510438e+03 1.537405e+03 1.554887e+03 1.527919e+03
8.5 1.566491e+03 1.551833e+03 1.538444e+03 1.553102e+03
9.5 1.490613e+03 1.490232e+03 1.539462e+03 1.539843e+03
10.5 1.522874e+03 1.504158e+03 1.555008e+03 1.573723e+03
11.5 1.566244e+03 1.502355e+03 1.547651e+03 1.611540e+03
12.5 1.564656e+03 1.483894e+03 1.523278e+03 1.604039e+03
13.5 1.558007e+03 1.456811e+03 1.508676e+03 1.609872e+03
14.5 1.365237e+03 1.438527e+03 1.526212e+03 1.452922e+03
15.5 1.469197e+03 1.536388e+03 1.548321e+03 1.481130e+03
16.5 1.560122e+03 1.543641e+03 1.541257e+03 1.557738e+03
17.5 1.457497e+03 1.516227e+03 1.519168e+03 1.460437e+03
18.5 1.435191e+03 1.453633e+03 1.500854e+03 1.482413e+03
19.5 1.301135e+03 1.386515e+03 1.497176e+03 1.411795e+03
20.5 1.427990e+03 1.407701e+03 1.522301e+03 1.542590e+03
21.5 1.503213e+03 1.471443e+03 1.548495e+03 1.580265e+03
0.9 1.451019e+03 1.488418e+03 1.549076e+03 1.511677e+03
1.9 1.551602e+03 1.515917e+03 1.537321e+03 1.573006e+03
2.9 1.577868e+03 1.538669e+03 1.550764e+03 1.589963e+03
3.9 1.510438e+03 1.537405e+03 1.554887e+03 1.527919e+03
4.9 1.566491e+03 1.551833e+03 1.538444e+03 1.553102e+03
5.9 1.490613e+03 1.490232e+03 1.539462e+03 1.539843e+03
6.9 1.522874e+03 1.504158e+03 1.555008e+03 1.573723e+03
7.9 1.566244e+03 1.502355e+03 1.547651e+03 1.611540e+03
8.9 1.564656e+03 1.483894e+03 1.523278e+03 1.604039e+03
9.9 1.558007e+03 1.456811e+03 1.508676e+03 1.609872e+03
10.9 1.365237e+03 1.438527e+03 1.526212e+03 1.452922e+03
11.9 1.469197e+03 1.536388e+03 1.548321e+03 1.481130e+03
12.9 1.560122e+03 1.543641e+03 1.541257e+03 1.557738e+03
13.9 1.457497e+03 1.516227e+03 1.519168e+03 1.460437e+03
14.9 1.435191e+03 1.453633e+03 1.500854e+03 1.482413e+03
15.9 1.301135e+03 1.386515e+03 1.497176e+03 1.411795e+03
16.9 1.427990e+03 1.407701e+03 1.522301e+03 1.542590e+03
17.9 1.503213e+03 1.471443e+03 1.548495e+03 1.580265e+03
18.9 1.575428e+03 1.598557e+03 1.543362e+03 1.520233e+03
19.9 1.557307e+03 1.522270e+03 1.521875e+03 1.556913e+03
20.9 1.421491e+03 1.470049e+03 1.503349e+03 1.454791e+03
21.9 1.389678e+03 1.408109e+03 1.499077e+03 1.480646e+03
0.4 1.510438e+03 1.537405e+03 1.554887e+03 1.527919e+03
1.4 1.566491e+03 1.551833e+03 1.538444e+03 1.553102e+03
2.4 1.490613e+03 1.490232e+03 1.539462e+03 1.539843e+03
3.4 1.522874e+03 1.504158e+03 1.555008e+03 1.573723e+03
4.4 1.566244e+03 1.502355e+03 1.547651e+03 1.611540e+03
5.4 1.564656e+03 1.483894e+03 1.523278e+03 1.604039e+03
6.4 1.558007e+03 1.456811e+03 1.508676e+03 1.609872e+03
7.4 1.365237e+03 1.438527e+03 1.526212e+03 1.452922e+03
8.4 1.469197e+03 1.536388e+03 1.548321e+03 1.481130e+03
9.4 1.560122e+03 1.543641e+03 1.541257e+03 1.557738e+03
10.4 1.457497e+03 1.516227e+03 1.519168e+03 1.460437e+03
11.4 1.435191e+03 1.453633e+03 1.500854e+03 1.482413e+03
12.4 1.301135e+03 1.386515e+03 1.497176e+03 1.411795e+03
13.4 1.427990e+03 1.407701e+03 1.522301e+03 1.542590e+03
14.4 1.503213e+03 1.471443e+03 1.548495e+03 1.580265e+03
15.4 1.575428e+03 1.598557e+03 1.543362e+03 1.520233e+03
16.4 1.557307e+03 1.522270e+03 1.521875e+03 1.556913e+03
17.4 1.421491e+03 1.470049e+03 1.503349e+03 1.454791e+03
18.4 1.389678e+03 1.408109e+03 1.499077e+03 1.480646e+03
19.4 1.369528e+03 1.452848e+03 1.523560e+03 1.440241e+03
20.4 1.489955e+03 1.537596e+03 1.549239e+03 1.501598e+03
21.4 1.553213e+03 1.583032e+03 1.543762e+03 1.513943e+03
0.5 1.564656e+03 1.483894e+03 1.523278e+03 1.604039e+03
1.5 1.558007e+03 1.456811e+03 1.508676e+03 1.609872e+03
2.5 1.365237e+03 1.438527e+03 1.526212e+03 1.452922e+03
3.5 1.469197e+03 1.536388e+03 1.548321e+03 1.481130e+03
4.5 1.560122e+03 1.543641e+03 1.541257e+03 1.557738e+03
5.5 1.457497e+03 1.516227e+03 1.519168e+03 1.460437e+03
6.5 1.435191e+03 1.453633e+03 1.500854e+03 1.482413e+03
7.5 1.301135e+03 1.386515e+03 1.497176e+03 1.411795e+03
8.5 1.427990e+03 1.407701e+03 1.522301e+03 1.542590e+03
9.5 1.503213e+03 1.471443e+03 1.548495e+03 1.580265e+03
10.5 1.575428e+03 1.598557e+03 1.543362e+03 1.520233e+03
11.5 1.557307e+03 1.522270e+03 1.521875e+03 1.556913e+03
12.5 1.421491e+03 1.470049e+03 1.503349e+03 1.454791e+03
13.5 1.389678e+03 1.408109e+03 1.499077e+03 1.480646e+03
14.5 1.369528e+03 1.452848e+03 1.523560e+03 1.440241e+03
15.5 1.489955e+03 1.537596e+03 1.549239e+03 1.501598e+03
16.5 1.553213e+03 1.583032e+03 1.543762e+03 1.513943e+03
17.5 1.571660e+03 1.553048e+03 1.522075e+03 1.540687e+03
18.5 1.520528e+03 1.543299e+03 1.503454e+03 1.480684e+03
19.5 1.521149e+03 1.469547e+03 1.499634e+03 1.551235e+03
20.5 1.384776e+03 1.442170e+03 1.524637e+03 1.467243e+03
21.5 1.560926e+03 1.513397e+03 1.549553e+03 1.597082e+03
0.5 1.435191e+03 1.453633e+03 1.500854e+03 1.482413e+03
1.5 1.301135e+03 1.386515e+03 1.497176e+03 1.411795e+03
2.5 1.427990e+03 1.407701e+03 1.522301e+03 1.542590e+03
3.5 1.503213e+03 1.471443e+03 1.548495e+03 1.580265e+03
4.5 1.575428e+03 1.598557e+03 1.543362e+03 1.520233e+03
5.5 1.557307e+03 1.522270e+03 1.521875e+03 1.556913e+03
6.5 1.421491e+03 1.470049e+03 1.503349e+03 1.454791e+03
7.5 1.389678e+03 1.408109e+03 1.499077e+03 1.480646e+03
8.5 1.369528e+03 1.452848e+03 1.523560e+03 1.440241e+03
9.5 1.489955e+03 1.537596e+03 1.549239e+03 1.501598e+03
10.5 1.553213e+03 1.583032e+03 1.543762e+03 1.513943e+03
11.5 1.571660e+03 1.553048e+03 1.522075e+03 1.540687e+03
12.5 1.520528e+03 1.543299e+03 1.503454e+03 1.480684e+03
13.5 1.521149e+03 1.469547e+03 1.499634e+03 1.551235e+03
14.5 1.384776e+03 1.442170e+03 1.524637e+03 1.467243e+03
15.5 1.560926e+03 1.513397e+03 1.549553e+03 1.597082e+03
16.5 1.525448e+03 1.564133e+03 1.543216e+03 1.504532e+03
17.5 1.646381e+03 1.606628e+03 1.521676e+03 1.561429e+03
18.5 1.509624e+03 1.518053e+03 1.514560e+03 1.506131e+03
19.5 1.459343e+03 1.515257e+03 1.537057e+03 1.481143e+03
20.5 1.561741e+03 1.537133e+03 1.552494e+03 1.577101e+03
21.5 1.566127e+03 1.576261e+03 1.540792e+03 1.530658e+03
0.5 1.421491e+03 1.470049e+03 1.503349e+03 1.454791e+03
1.5 1.389678e+03 1.408109e+03 1.499077e+03 1.480646e+03
2.5 1.369528e+03 1.452848e+03 1.523560e+03 1.440241e+03
3.5 1.489955e+03 1.537596e+03 1.549239e+03 1.501598e+03
4.5 1.553213e+03 1.583032e+03 1.543762e+03 1.513943e+03
5.5 1.571660e+03 1.553048e+03 1.522075e+03 1.540687e+03
6.5 1.520528e+03 1.543299e+03 1.503454e+03 1.480684e+03
7.5 1.521149e+03 1.469547e+03 1.499634e+03 1.551235e+03
8.5 1.384776e+03 1.442170e+03 1.524637e+03 1.467243e+03
9.5 1.560926e+03 1.513397e+03 1.549553e+03 1.597082e+03
10.5 1.525448e+03 1.564133e+03 1.543216e+03 1.504532e+03
11.5 1.646381e+03 1.606628e+03 1.521676e+03 1.561429e+03
12.5 1.509624e+03 1.518053e+03 1.514560e+03 1.506131e+03
13.5 1.459343e+03 1.515257e+03 1.537057e+03 1.481143e+03
14.5 1.561741e+03 1.537133e+03 1.552494e+03 1.577101e+03
15.5 1.566127e+03 1.576261e+03 1.540792e+03 1.530658e+03
16.5 1.598038e+03 1.600017e+03 1.538818e+03 1.536839e+03
17.5 1.572206e+03 1.536414e+03 1.555760e+03 1.591552e+03
18.5 1.584190e+03 1.577660e+03 1.553137e+03 1.559667e+03
19.5 1.686074e+03 1.597984e+03 1.529472e+03 1.617562e+03
20.5 1.510189e+03 1.551476e+03 1.510733e+03 1.469446e+03
21.5 1.581741e+03 1.591255e+03 1.523239e+03 1.513725e+03
0.6 1.520528e+03 1.543299e+03 1.503454e+03 1.480684e+03
1.6 1.521149e+03 1.469547e+03 1.499634e+03 1.551235e+03
2.6 1.384776e+03 1.442170e+03 1.524637e+03 1.467243e+03
3.6 1.560926e+03 1.513397e+03 1.549553e+03 1.597082e+03
4.6 1.525448e+03 1.564133e+03 1.543216e+03 1.504532e+03
5.6 1.646381e+03 1.606628e+03 1.521676e+03 1.561429e+03
6.6 1.509624e+03 1.518053e+03 1.514560e+03 1.506131e+03
7.6 1.459343e+03 1.515257e+03 1.537057e+03 1.481143e+03
8.6 1.561741e+03 1.537133e+03 1.552494e+03 1.577101e+03
9.6 1.566127e+03 1.576261e+03 1.540792e+03 1.530658e+03
10.6 1.598038e+03 1.600017e+03 1.538818e+03 1.536839e+03
11.6 1.572206e+03 1.536414e+03 1.555760e+03 1.591552e+03
12.6 1.584190e+03 1.577660e+03 1.553137e+03 1.559667e+03
13.6 1.686074e+03 1.597984e+03 1.529472e+03 1.617562e+03
14.6 1.510189e+03 1.551476e+03 1.510733e+03 1.469446e+03
15.6 1.581741e+03 1.591255e+03 1.523239e+03 1.513725e+03
16.6 1.609617e+03 1.553582e+03 1.547324e+03 1.603359e+03
17.6 1.626668e+03 1.593906e+03 1.544037e+03 1.576799e+03
18.6 1.714729e+03 1.558760e+03 1.522506e+03 1.678475e+03
19.6 1.478703e+03 1.505469e+03 1.510833e+03 1.484067e+03
20.6 1.350765e+03 1.451050e+03 1.530210e+03 1.429924e+03
21.6 1.543292e+03 1.638809e+03 1.550738e+03 1.455221e+03
0.8 1.646381e+03 1.606628e+03 1.521676e+03 1.561429e+03
1.8 1.509624e+03 1.518053e+03 1.514560e+03 1.506131e+03
2.8 1.459343e+03 1.515257e+03 1.537057e+03 1.481143e+03
3.8 1.561741e+03 1.537133e+03 1.552494e+03 1.577101e+03
4.8 1.566127e+03 1.576261e+03 1.540792e+03 1.530658e+03
5.8 1.598038e+03 1.600017e+03 1.538818e+03 1.536839e+03
6.8 1.572206e+03 1.536414e+03 1.555760e+03 1.591552e+03
7.8 1.584190e+03 1.577660e+03 1.553137e+03 1.559667e+03
8.8 1.686074e+03 1.597984e+03 1.529472e+03 1.617562e+03
9.8 1.510189e+03 1.551476e+03 1.510733e+03 1.469446e+03
10.8 1.581741e+03 1.591255e+03 1.523239e+03 1.513725e+03
11.8 1.609617e+03 1.553582e+03 1.547324e+03 1.603359e+03
12.8 1.626668e+03 1.593906e+03 1.544037e+03 1.576799e+03
13.8 1.714729e+03 1.558760e+03 1.522506e+03 1.678475e+03
14.8 1.478703e+03 1.505469e+03 1.510833e+03 1.484067e+03
15.8 1.350765e+03 1.451050e+03 1.530210e+03 1.429924e+03
16.8 1.543292e+03 1.638809e+03 1.550738e+03 1.455221e+03
17.8 1.539733e+03 1.599423e+03 1.542725e+03 1.483035e+03
18.8 1.428619e+03 1.532400e+03 1.537503e+03 1.433721e+03
19.8 1.516800e+03 1.462006e+03 1.553943e+03 1.608737e+03
20.8 1.646444e+03 1.581021e+03 1.555402e+03 1.620825e+03
21.8 1.601377e+03 1.526432e+03 1.538262e+03 1.613207e+03
0.2 1.561741e+03 1.537133e+03 1.552494e+03 1.577101e+03
1.2 1.566127e+03 1.576261e+03 1.540792e+03 1.530658e+03
2.2 1.598038e+03 1.600017e+03 1.538818e+03 1.536839e+03
3.2 1.572206e+03 1.536414e+03 1.555760e+03 1.591552e+03
4.2 1.584190e+03 1.577660e+03 1.553137e+03 1.559667e+03
5.2 1.686074e+03 1.597984e+03 1.529472e+03 1.617562e+03
6.2 1.510189e+03 1.551476e+03 1.510733e+03 1.469446e+03
7.2 1.581741e+03 1.591255e+03 1.523239e+03 1.513725e+03
8.2 1.609617e+03 1.553582e+03 1.547324e+03 1.603359e+03
9.2 1.626668e+03 1.593906e+03 1.544037e+03 1.576799e+03
10.2 1.714729e+03 1.558760e+03 1.522506e+03 1.678475e+03
11.2 1.478703e+03 1.505469e+03 1.510833e+03 1.484067e+03
12.2 1.350765e+03 1.451050e+03 1.530210e+03 1.429924e+03
13.2 1.543292e+03 1.638809e+03 1.550738e+03 1.455221e+03
14.2 1.539733e+03 1.599423e+03 1.542725e+03 1.483035e+03
15.2 1.428619e+03 1.532400e+03 1.537503e+03 1.433721e+03
16.2 1.516800e+03 1.462006e+03 1.553943e+03 1.608737e+03
17.2 1.646444e+03 1.581021e+03 1.555402e+03 1.620825e+03
18.2 1.601377e+03 1.526432e+03 1.538262e+03 1.613207e+03
19.2 1.428397e+03 1.436123e+03 1.541404e+03 1.533678e+03
20.2 1.378595e+03 1.405881e+03 1.555905e+03 1.528619e+03
21.2 1.379067e+03 1.427880e+03 1.546509e+03 1.497696e+03
0.4 1.686074e+03 1.597984e+03 1.529472e+03 1.617562e+03
1.4 1.510189e+03 1.551476e+03 1.510733e+03 1.469446e+03
2.4 1.581741e+03 1.591255e+03 1.523239e+03 1.513725e+03
3.4 1.609617e+03 1.553582e+03 1.547324e+03 1.603359e+03
4.4 1.626668e+03 1.593906e+03 1.544037e+03 1.576799e+03
5.4 1.714729e+03 1.558760e+03 1.522506e+03 1.678475e+03
6.4 1.478703e+03 1.505469e+03 1.510833e+03 1.484067e+03
7.4 1.350765e+03 1.451050e+03 1.530210e+03 1.429924e+03
8.4 1.543292e+03 1.638809e+03 1.550738e+03 1.455221e+03
9.4 1.539733e+03 1.599423e+03 1.542725e+03 1.483035e+03
10.4 1.428619e+03 1.532400e+03 1.537503e+03 1.433721e+03
11.4 1.516800e+03 1.462006e+03 1.553943e+03 1.608737e+03
12.4 1.646444e+03 1.581021e+03 1.555402e+03 1.620825e+03
13.4 1.601377e+03 1.526432e+03 1.538262e+03 1.613207e+03
14.4 1.428397e+03 1.436123e+03 1.541404e+03 1.533678e+03
15.4 1.378595e+03 1.405881e+03 1.555905e+03 1.528619e+03
16.4 1.379067e+03 1.427880e+03 1.546509e+03 1.497696e+03
17.4 1.460571e+03 1.476367e+03 1.534289e+03 1.518492e+03
18.4 1.488725e+03 1.495074e+03 1.547551e+03 1.541202e+03
19.4 1.579217e+03 1.557697e+03 1.554720e+03 1.576240e+03
20.4 1.518955e+03 1.541804e+03 1.536337e+03 1.513488e+03
21.4 1.585659e+03 1.546791e+03 1.511774e+03 1.550642e+03
0.6 1.714729e+03 1.558760e+03 1.522506e+03 1.678475e+03
1.6 1.478703e+03 1.505469e+03 1.510833e+03 1.484067e+03
2.6 1.350765e+03 1.451050e+03 1.530210e+03 1.429924e+03
3.6 1.543292e+03 1.638809e+03 1.550738e+03 1.455221e+03
4.6 1.539733e+03 1.599423e+03 1.542725e+03 1.483035e+03
5.6 1.428619e+03 1.532400e+03 1.537503e+03 1.433721e+03
6.6 1.516800e+03 1.462006e+03 1.553943e+03 1.608737e+03
7.6 1.646444e+03 1.581021e+03 1.555402e+03 1.620825e+03
8.6 1.601377e+03 1.526432e+03 1.538262e+03 1.613207e+03
9.6 1.428397e+03 1.436123e+03 1.541404e+03 1.533678e+03
10.6 1.378595e+03 1.405881e+03 1.555905e+03 1.528619e+03
11.6 1.379067e+03 1.427880e+03 1.546509e+03 1.497696e+03
12.6 1.460571e+03 1.476367e+03 1.534289e+03 1.518492e+03
13.6 1.488725e+03 1.495074e+03 1.547551e+03 1.541202e+03
14.6 1.579217e+03 1.557697e+03 1.554720e+03 1.576240e+03
15.6 1.518955e+03 1.541804e+03 1.536337e+03 1.513488e+03
16.6 1.585659e+03 1.546791e+03 1.511774e+03 1.550642e+03
17.6 1.344915e+03 1.440687e+03 1.495217e+03 1.399445e+03
18.6 1.474461e+03 1.446781e+03 1.499340e+03 1.527020e+03
19.6 1.578044e+03 1.493259e+03 1.530248e+03 1.615033e+03
20.6 1.682871e+03 1.622424e+03 1.549037e+03 1.609484e+03
21.6 1.725058e+03 1.645675e+03 1.537076e+03 1.616459e+03
1.0 1.539733e+03 1.599423e+03 1.542725e+03 1.483035e+03
2.0 1.428619e+03 1.532400e+03 1.537503e+03 1.433721e+03
3.0 1.516800e+03 1.462006e+03 1.553943e+03 1.608737e+03
4.0 1.646444e+03 1.581021e+03 1.555402e+03 1.620825e+03
5.0 1.601377e+03 1.526432e+03 1.538262e+03 1.613207e+03
6.0 1.428397e+03 1.436123e+03 1.541404e+03 1.533678e+03
7.0 1.378595e+03 1.405881e+03 1.555905e+03 1.528619e+03
8.0 1.379067e+03 1.427880e+03 1.546509e+03 1.497696e+03
9.0 1.460571e+03 1.476367e+03 1.534289e+03 1.518492e+03
10.0 1.488725e+03 1.495074e+03 1.547551e+03 1.541202e+03
11.0 1.579217e+03 1.557697e+03 1.554720e+03 1.576240e+03
12.0 1.518955e+03 1.541804e+03 1.536337e+03 1.513488e+03
13.0 1.585659e+03 1.546791e+03 1.511774e+03 1.550642e+03
14.0 1.344915e+03 1.440687e+03 1.495217e+03 1.399445e+03
15.0 1.474461e+03 1.446781e+03 1.499340e+03 1.527020e+03
16.0 1.578044e+03 1.493259e+03 1.530248e+03 1.615033e+03
17.0 1.682871e+03 1.622424e+03 1.549037e+03 1.609484e+03
18.0 1.725058e+03 1.645675e+03 1.537076e+03 1.616459e+03
19.0 1.545876e+03 1.589391e+03 1.515476e+03 1.471960e+03
20.0 1.529580e+03 1.525068e+03 1.499631e+03 1.504143e+03
21.0 1.488252e+03 1.487491e+03 1.503184e+03 1.503945e+03
22.0 1.545942e+03 1.483640e+03 1.533040e+03 1.595343e+03
0.4 1.646444e+03 1.581021e+03 1.555402e+03 1.620825e+03
1.4 1.601377e+03 1.526432e+03 1.538262e+03 1.613207e+03
2.4 1.428397e+03 1.436123e+03 1.541404e+03 1.533678e+03
3.4 1.378595e+03 1.405881e+03 1.555905e+03 1.528619e+03
4.4 1.379067e+03 1.427880e+03 1.546509e+03 1.497696e+03
5.4 1.460571e+03 1.476367e+03 1.534289e+03 1.518492e+03
6.4 1.488725e+03 1.495074e+03 1.547551e+03 1.541202e+03
7.4 1.579217e+03 1.557697e+03 1.554720e+03 1.576240e+03
8.4 1.518955e+03 1.541804e+03 1.536337e+03 1.513488e+03
9.4 1.585659e+03 1.546791e+03 1.511774e+03 1.550642e+03
10.4 1.344915e+03 1.440687e+03 1.495217e+03 1.399445e+03
11.4 1.474461e+03 1.446781e+03 1.499340e+03 1.527020e+03
12.4 1.578044e+03 1.493259e+03 1.530248e+03 1.615033e+03
13.4 1.682871e+03 1.622424e+03 1.549037e+03 1.609484e+03
14.4 1.725058e+03 1.645675e+03 1.537076e+03 1.616459e+03
15.4 1.545876e+03 1.589391e+03 1.515476e+03 1.471960e+03
16.4 1.529580e+03 1.525068e+03 1.499631e+03 1.504143e+03
17.4 1.488252e+03 1.487491e+03 1.503184e+03 1.503945e+03
18.4 1.545942e+03 1.483640e+03 1.533040e+03 1.595343e+03
19.4 1.497532e+03 1.548608e+03 1.550810e+03 1.499734e+03
20.4 1.586993e+03 1.627194e+03 1.538088e+03 1.497887e+03
21.4 1.589785e+03 1.573890e+03 1.516004e+03 1.531900e+03
0.8 1.379067e+03 1.427880e+03 1.546509e+03 1.497696e+03
1.8 1.460571e+03 1.476367e+03 1.534289e+03 1.518492e+03
2.8 1.488725e+03 1.495074e+03 1.547551e+03 1.541202e+03
3.8 1.579217e+03 1.557697e+03 1.554720e+03 1.576240e+03
4.8 1.518955e+03 1.541804e+03 1.536337e+03 1.513488e+03
5.8 1.585659e+03 1.546791e+03 1.511774e+03 1.550642e+03
6.8 1.344915e+03 1.440687e+03 1.495217e+03 1.399445e+03
7.8 1.474461e+03 1.446781e+03 1.499340e+03 1.527020e+03
8.8 1.578044e+03 1.493259e+03 1.530248e+03 1.615033e+03
9.8 1.682871e+03 1.622424e+03 1.549037e+03 1.609484e+03
10.8 1.725058e+03 1.645675e+03 1.537076e+03 1.616459e+03
11.8 1.545876e+03 1.589391e+03 1.515476e+03 1.471960e+03
12.8 1.529580e+03 1.525068e+03 1.499631e+03 1.504143e+03
13.8 1.488252e+03 1.487491e+03 1.503184e+03 1.503945e+03
14.8 1.545942e+03 1.483640e+03 1.533040e+03 1.595343e+03
15.8 1.497532e+03 1.548608e+03 1.550810e+03 1.499734e+03
16.8 1.586993e+03 1.627194e+03 1.538088e+03 1.497887e+03
17.8 1.589785e+03 1.573890e+03 1.516004e+03 1.531900e+03
18.8 1.517606e+03 1.578088e+03 1.499494e+03 1.439012e+03
19.8 1.577060e+03 1.648109e+03 1.490257e+03 1.419209e+03
20.8 1.524469e+03 1.571647e+03 1.486071e+03 1.438893e+03
21.8 1.633428e+03 1.625994e+03 1.485019e+03 1.492452e+03
0.8 1.344915e+03 1.440687e+03 1.495217e+03 1.399445e+03
1.8 1.474461e+03 1.446781e+03 1.499340e+03 1.527020e+03
2.8 1.578044e+03 1.493259e+03 1.530248e+03 1.615033e+03
3.8 1.682871e+03 1.622424e+03 1.549037e+03 1.609484e+03
4.8 1.725058e+03 1.645675e+03 1.537076e+03 1.616459e+03
5.8 1.545876e+03 1.589391e+03 1.515476e+03 1.471960e+03
6.8 1.529580e+03 1.525068e+03 1.499631e+03 1.504143e+03
7.8 1.488252e+03 1.487491e+03 1.503184e+03 1.503945e+03
8.8 1.545942e+03 1.483640e+03 1.533040e+03 1.595343e+03
9.8 1.497532e+03 1.548608e+03 1.550810e+03 1.499734e+03
10.8 1.586993e+03 1.627194e+03 1.538088e+03 1.497887e+03
11.8 1.589785e+03 1.573890e+03 1.516004e+03 1.531900e+03
12.8 1.517606e+03 1.578088e+03 1.499494e+03 1.439012e+03
13.8 1.577060e+03 1.648109e+03 1.490257e+03 1.419209e+03
14.8 1.524469e+03 1.571647e+03 1.486071e+03 1.438893e+03
15.8 1.633428e+03 1.625994e+03 1.485019e+03 1.492452e+03
0.8 1.529580e+03 1.525068e+03 1.499631e+03 1.504143e+03
1.8 1.488252e+03 1.487491e+03 1.503184e+03 1.503945e+03
2.8 1.545942e+03 1.483640e+03 1.533040e+03 1.595343e+03
3.8 1.497532e+03 1.548608e+03 1.550810e+03 1.499734e+03
4.8 1.586993e+03 1.627194e+03 1.538088e+03 1.497887e+03
5.8 1.589785e+03 1.573890e+03 1.516004e+03 1.531900e+03
6.8 1.517606e+03 1.578088e+03 1.499494e+03 1.439012e+03
7.8 1.577060e+03 1.648109e+03 1.490257e+03 1.419209e+03
8.8 1.524469e+03 1.571647e+03 1.486071e+03 1.438893e+03
9.8 1.633428e+03 1.625994e+03 1.485019e+03 1.492452e+03
