0.5 9.608396e+03 9.671970e+03 9.712109e+03 9.648535e+03
1.5 9.418949e+03 9.518666e+03 9.705126e+03 9.605409e+03
2.5 9.519316e+03 9.605244e+03 9.672618e+03 9.586690e+03
3.5 9.668389e+03 9.681881e+03 9.640044e+03 9.626551e+03
4.5 9.766977e+03 9.690269e+03 9.644441e+03 9.721148e+03
5.5 9.673735e+03 9.664982e+03 9.670204e+03 9.678957e+03
6.5 9.727215e+03 9.697554e+03 9.693721e+03 9.723382e+03
7.5 9.821497e+03 9.838956e+03 9.708384e+03 9.690925e+03
8.5 9.903232e+03 9.823494e+03 9.715903e+03 9.795641e+03
9.5 9.819784e+03 9.757957e+03 9.718776e+03 9.780603e+03
10.5 9.737001e+03 9.713995e+03 9.718844e+03 9.741850e+03
11.5 9.827276e+03 9.874089e+03 9.717528e+03 9.670715e+03
12.5 9.871530e+03 9.876485e+03 9.715860e+03 9.710905e+03
13.5 9.813016e+03 9.788297e+03 9.714422e+03 9.739141e+03
14.5 9.789096e+03 9.789407e+03 9.713410e+03 9.713099e+03
15.5 9.837248e+03 9.889368e+03 9.712791e+03 9.660671e+03
16.5 9.705075e+03 9.821111e+03 9.712451e+03 9.596415e+03
17.5 9.714297e+03 9.802637e+03 9.712280e+03 9.623940e+03
18.5 9.870465e+03 9.888016e+03 9.712200e+03 9.694649e+03
19.5 9.933074e+03 9.862077e+03 9.712165e+03 9.783162e+03
20.5 9.849108e+03 9.740335e+03 9.712150e+03 9.820924e+03
21.5 9.741706e+03 9.599752e+03 9.712144e+03 9.854097e+03
