0.2 9.208294e+03 9.233875e+03 9.173183e+03 9.147602e+03
1.2 9.233914e+03 9.214054e+03 9.172807e+03 9.192666e+03
2.2 9.175527e+03 9.175116e+03 9.169290e+03 9.169700e+03
3.2 9.145460e+03 9.157401e+03 9.163875e+03 9.151934e+03
4.2 9.163611e+03 9.179554e+03 9.162975e+03 9.147032e+03
5.2 9.185866e+03 9.178009e+03 9.166199e+03 9.174055e+03
6.2 9.190621e+03 9.181760e+03 9.169789e+03 9.178650e+03
7.2 9.111983e+03 9.149392e+03 9.171820e+03 9.134411e+03
8.2 9.109091e+03 9.139922e+03 9.169602e+03 9.138771e+03
9.2 9.134041e+03 9.118748e+03 9.164744e+03 9.180037e+03
10.2 9.210523e+03 9.187155e+03 9.163928e+03 9.187296e+03
11.2 9.216976e+03 9.207613e+03 9.165662e+03 9.175024e+03
12.2 9.208942e+03 9.225332e+03 9.163983e+03 9.147593e+03
13.2 9.190476e+03 9.186617e+03 9.162147e+03 9.166007e+03
14.2 9.208740e+03 9.230384e+03 9.164438e+03 9.142794e+03
15.2 9.186911e+03 9.185100e+03 9.165824e+03 9.167635e+03
16.2 9.167927e+03 9.167908e+03 9.163432e+03 9.163451e+03
17.2 9.217749e+03 9.198179e+03 9.163256e+03 9.182825e+03
18.2 9.236299e+03 9.198553e+03 9.166757e+03 9.204504e+03
19.2 9.206133e+03 9.196908e+03 9.170112e+03 9.179337e+03
20.2 9.111660e+03 9.129923e+03 9.168799e+03 9.150536e+03
21.2 9.118949e+03 9.140152e+03 9.164649e+03 9.143446e+03
0.2 9.190621e+03 9.181760e+03 9.169789e+03 9.178650e+03
1.2 9.111983e+03 9.149392e+03 9.171820e+03 9.134411e+03
2.2 9.109091e+03 9.139922e+03 9.169602e+03 9.138771e+03
3.2 9.134041e+03 9.118748e+03 9.164744e+03 9.180037e+03
4.2 9.210523e+03 9.187155e+03 9.163928e+03 9.187296e+03
5.2 9.216976e+03 9.207613e+03 9.165662e+03 9.175024e+03
6.2 9.208942e+03 9.225332e+03 9.163983e+03 9.147593e+03
7.2 9.190476e+03 9.186617e+03 9.162147e+03 9.166007e+03
8.2 9.208740e+03 9.230384e+03 9.164438e+03 9.142794e+03
9.2 9.186911e+03 9.185100e+03 9.165824e+03 9.167635e+03
10.2 9.167927e+03 9.167908e+03 9.163432e+03 9.163451e+03
11.2 9.217749e+03 9.198179e+03 9.163256e+03 9.182825e+03
12.2 9.236299e+03 9.198553e+03 9.166757e+03 9.204504e+03
13.2 9.206133e+03 9.196908e+03 9.170112e+03 9.179337e+03
14.2 9.111660e+03 9.129923e+03 9.168799e+03 9.150536e+03
15.2 9.118949e+03 9.140152e+03 9.164649e+03 9.143446e+03
16.2 9.143524e+03 9.153086e+03 9.164444e+03 9.154882e+03
17.2 9.250013e+03 9.222760e+03 9.167715e+03 9.194967e+03
18.2 9.318821e+03 9.218703e+03 9.170989e+03 9.271107e+03
19.2 9.226952e+03 9.171132e+03 9.172548e+03 9.228368e+03
20.2 9.089592e+03 9.118287e+03 9.169778e+03 9.141083e+03
21.2 9.102792e+03 9.130510e+03 9.164801e+03 9.137082e+03
0.6 9.210523e+03 9.187155e+03 9.163928e+03 9.187296e+03
1.6 9.216976e+03 9.207613e+03 9.165662e+03 9.175024e+03
2.6 9.208942e+03 9.225332e+03 9.163983e+03 9.147593e+03
3.6 9.190476e+03 9.186617e+03 9.162147e+03 9.166007e+03
4.6 9.208740e+03 9.230384e+03 9.164438e+03 9.142794e+03
5.6 9.186911e+03 9.185100e+03 9.165824e+03 9.167635e+03
6.6 9.167927e+03 9.167908e+03 9.163432e+03 9.163451e+03
7.6 9.217749e+03 9.198179e+03 9.163256e+03 9.182825e+03
8.6 9.236299e+03 9.198553e+03 9.166757e+03 9.204504e+03
9.6 9.206133e+03 9.196908e+03 9.170112e+03 9.179337e+03
10.6 9.111660e+03 9.129923e+03 9.168799e+03 9.150536e+03
11.6 9.118949e+03 9.140152e+03 9.164649e+03 9.143446e+03
12.6 9.143524e+03 9.153086e+03 9.164444e+03 9.154882e+03
13.6 9.250013e+03 9.222760e+03 9.167715e+03 9.194967e+03
14.6 9.318821e+03 9.218703e+03 9.170989e+03 9.271107e+03
15.6 9.226952e+03 9.171132e+03 9.172548e+03 9.228368e+03
16.6 9.089592e+03 9.118287e+03 9.169778e+03 9.141083e+03
17.6 9.102792e+03 9.130510e+03 9.164801e+03 9.137082e+03
18.6 9.141408e+03 9.144453e+03 9.164183e+03 9.161138e+03
19.6 9.123441e+03 9.146095e+03 9.167289e+03 9.144635e+03
20.6 9.021178e+03 9.050471e+03 9.169623e+03 9.140330e+03
21.6 8.971455e+03 9.029908e+03 9.167126e+03 9.108673e+03
1.0 9.208740e+03 9.230384e+03 9.164438e+03 9.142794e+03
2.0 9.186911e+03 9.185100e+03 9.165824e+03 9.167635e+03
3.0 9.167927e+03 9.167908e+03 9.163432e+03 9.163451e+03
4.0 9.217749e+03 9.198179e+03 9.163256e+03 9.182825e+03
5.0 9.236299e+03 9.198553e+03 9.166757e+03 9.204504e+03
6.0 9.206133e+03 9.196908e+03 9.170112e+03 9.179337e+03
7.0 9.111660e+03 9.129923e+03 9.168799e+03 9.150536e+03
8.0 9.118949e+03 9.140152e+03 9.164649e+03 9.143446e+03
9.0 9.143524e+03 9.153086e+03 9.164444e+03 9.154882e+03
10.0 9.250013e+03 9.222760e+03 9.167715e+03 9.194967e+03
11.0 9.318821e+03 9.218703e+03 9.170989e+03 9.271107e+03
12.0 9.226952e+03 9.171132e+03 9.172548e+03 9.228368e+03
13.0 9.089592e+03 9.118287e+03 9.169778e+03 9.141083e+03
14.0 9.102792e+03 9.130510e+03 9.164801e+03 9.137082e+03
15.0 9.141408e+03 9.144453e+03 9.164183e+03 9.161138e+03
16.0 9.123441e+03 9.146095e+03 9.167289e+03 9.144635e+03
17.0 9.021178e+03 9.050471e+03 9.169623e+03 9.140330e+03
18.0 8.971455e+03 9.029908e+03 9.167126e+03 9.108673e+03
19.0 9.030168e+03 9.022071e+03 9.163579e+03 9.171675e+03
20.0 9.128662e+03 9.123505e+03 9.164652e+03 9.169809e+03
21.0 9.211833e+03 9.176144e+03 9.168297e+03 9.203986e+03
22.0 9.175357e+03 9.184142e+03 9.169892e+03 9.161107e+03
0.3 9.236299e+03 9.198553e+03 9.166757e+03 9.204504e+03
1.3 9.206133e+03 9.196908e+03 9.170112e+03 9.179337e+03
2.3 9.111660e+03 9.129923e+03 9.168799e+03 9.150536e+03
3.3 9.118949e+03 9.140152e+03 9.164649e+03 9.143446e+03
4.3 9.143524e+03 9.153086e+03 9.164444e+03 9.154882e+03
5.3 9.250013e+03 9.222760e+03 9.167715e+03 9.194967e+03
6.3 9.318821e+03 9.218703e+03 9.170989e+03 9.271107e+03
7.3 9.226952e+03 9.171132e+03 9.172548e+03 9.228368e+03
8.3 9.089592e+03 9.118287e+03 9.169778e+03 9.141083e+03
9.3 9.102792e+03 9.130510e+03 9.164801e+03 9.137082e+03
10.3 9.141408e+03 9.144453e+03 9.164183e+03 9.161138e+03
11.3 9.123441e+03 9.146095e+03 9.167289e+03 9.144635e+03
12.3 9.021178e+03 9.050471e+03 9.169623e+03 9.140330e+03
13.3 8.971455e+03 9.029908e+03 9.167126e+03 9.108673e+03
14.3 9.030168e+03 9.022071e+03 9.163579e+03 9.171675e+03
15.3 9.128662e+03 9.123505e+03 9.164652e+03 9.169809e+03
16.3 9.211833e+03 9.176144e+03 9.168297e+03 9.203986e+03
17.3 9.175357e+03 9.184142e+03 9.169892e+03 9.161107e+03
18.3 9.117842e+03 9.170188e+03 9.166519e+03 9.114173e+03
19.3 9.109261e+03 9.112948e+03 9.163598e+03 9.159910e+03
20.3 9.166808e+03 9.169639e+03 9.165159e+03 9.162328e+03
21.3 9.181517e+03 9.155233e+03 9.165668e+03 9.191951e+03
0.3 9.318821e+03 9.218703e+03 9.170989e+03 9.271107e+03
1.3 9.226952e+03 9.171132e+03 9.172548e+03 9.228368e+03
2.3 9.089592e+03 9.118287e+03 9.169778e+03 9.141083e+03
3.3 9.102792e+03 9.130510e+03 9.164801e+03 9.137082e+03
4.3 9.141408e+03 9.144453e+03 9.164183e+03 9.161138e+03
5.3 9.123441e+03 9.146095e+03 9.167289e+03 9.144635e+03
6.3 9.021178e+03 9.050471e+03 9.169623e+03 9.140330e+03
7.3 8.971455e+03 9.029908e+03 9.167126e+03 9.108673e+03
8.3 9.030168e+03 9.022071e+03 9.163579e+03 9.171675e+03
9.3 9.128662e+03 9.123505e+03 9.164652e+03 9.169809e+03
10.3 9.211833e+03 9.176144e+03 9.168297e+03 9.203986e+03
11.3 9.175357e+03 9.184142e+03 9.169892e+03 9.161107e+03
12.3 9.117842e+03 9.170188e+03 9.166519e+03 9.114173e+03
13.3 9.109261e+03 9.112948e+03 9.163598e+03 9.159910e+03
14.3 9.166808e+03 9.169639e+03 9.165159e+03 9.162328e+03
15.3 9.181517e+03 9.155233e+03 9.165668e+03 9.191951e+03
16.3 9.211913e+03 9.184420e+03 9.162970e+03 9.190463e+03
17.3 9.233746e+03 9.204646e+03 9.163133e+03 9.192233e+03
18.3 9.231229e+03 9.230478e+03 9.165834e+03 9.166586e+03
19.3 9.201158e+03 9.169619e+03 9.164949e+03 9.196488e+03
20.3 9.192685e+03 9.180951e+03 9.162812e+03 9.174546e+03
21.3 9.244867e+03 9.218269e+03 9.164609e+03 9.191208e+03
0.5 9.123441e+03 9.146095e+03 9.167289e+03 9.144635e+03
1.5 9.021178e+03 9.050471e+03 9.169623e+03 9.140330e+03
2.5 8.971455e+03 9.029908e+03 9.167126e+03 9.108673e+03
3.5 9.030168e+03 9.022071e+03 9.163579e+03 9.171675e+03
4.5 9.128662e+03 9.123505e+03 9.164652e+03 9.169809e+03
5.5 9.211833e+03 9.176144e+03 9.168297e+03 9.203986e+03
6.5 9.175357e+03 9.184142e+03 9.169892e+03 9.161107e+03
7.5 9.117842e+03 9.170188e+03 9.166519e+03 9.114173e+03
8.5 9.109261e+03 9.112948e+03 9.163598e+03 9.159910e+03
9.5 9.166808e+03 9.169639e+03 9.165159e+03 9.162328e+03
10.5 9.181517e+03 9.155233e+03 9.165668e+03 9.191951e+03
11.5 9.211913e+03 9.184420e+03 9.162970e+03 9.190463e+03
12.5 9.233746e+03 9.204646e+03 9.163133e+03 9.192233e+03
13.5 9.231229e+03 9.230478e+03 9.165834e+03 9.166586e+03
14.5 9.201158e+03 9.169619e+03 9.164949e+03 9.196488e+03
15.5 9.192685e+03 9.180951e+03 9.162812e+03 9.174546e+03
16.5 9.244867e+03 9.218269e+03 9.164609e+03 9.191208e+03
17.5 9.256659e+03 9.239365e+03 9.166162e+03 9.183457e+03
18.5 9.217143e+03 9.214965e+03 9.163805e+03 9.165983e+03
19.5 9.171339e+03 9.191060e+03 9.163179e+03 9.143458e+03
20.5 9.190098e+03 9.216554e+03 9.166451e+03 9.139994e+03
21.5 9.163229e+03 9.163401e+03 9.170022e+03 9.169850e+03
0.7 9.211833e+03 9.176144e+03 9.168297e+03 9.203986e+03
1.7 9.175357e+03 9.184142e+03 9.169892e+03 9.161107e+03
2.7 9.117842e+03 9.170188e+03 9.166519e+03 9.114173e+03
3.7 9.109261e+03 9.112948e+03 9.163598e+03 9.159910e+03
4.7 9.166808e+03 9.169639e+03 9.165159e+03 9.162328e+03
5.7 9.181517e+03 9.155233e+03 9.165668e+03 9.191951e+03
6.7 9.211913e+03 9.184420e+03 9.162970e+03 9.190463e+03
7.7 9.233746e+03 9.204646e+03 9.163133e+03 9.192233e+03
8.7 9.231229e+03 9.230478e+03 9.165834e+03 9.166586e+03
9.7 9.201158e+03 9.169619e+03 9.164949e+03 9.196488e+03
10.7 9.192685e+03 9.180951e+03 9.162812e+03 9.174546e+03
11.7 9.244867e+03 9.218269e+03 9.164609e+03 9.191208e+03
12.7 9.256659e+03 9.239365e+03 9.166162e+03 9.183457e+03
13.7 9.217143e+03 9.214965e+03 9.163805e+03 9.165983e+03
14.7 9.171339e+03 9.191060e+03 9.163179e+03 9.143458e+03
15.7 9.190098e+03 9.216554e+03 9.166451e+03 9.139994e+03
16.7 9.163229e+03 9.163401e+03 9.170022e+03 9.169850e+03
17.7 9.185074e+03 9.202260e+03 9.169292e+03 9.152106e+03
18.7 9.188263e+03 9.167332e+03 9.165042e+03 9.185974e+03
19.7 9.222168e+03 9.199814e+03 9.164224e+03 9.186578e+03
20.7 9.195549e+03 9.202359e+03 9.166113e+03 9.159302e+03
21.7 9.185156e+03 9.161437e+03 9.164614e+03 9.188333e+03
0.1 9.109261e+03 9.112948e+03 9.163598e+03 9.159910e+03
1.1 9.166808e+03 9.169639e+03 9.165159e+03 9.162328e+03
2.1 9.181517e+03 9.155233e+03 9.165668e+03 9.191951e+03
3.1 9.211913e+03 9.184420e+03 9.162970e+03 9.190463e+03
4.1 9.233746e+03 9.204646e+03 9.163133e+03 9.192233e+03
5.1 9.231229e+03 9.230478e+03 9.165834e+03 9.166586e+03
6.1 9.201158e+03 9.169619e+03 9.164949e+03 9.196488e+03
7.1 9.192685e+03 9.180951e+03 9.162812e+03 9.174546e+03
8.1 9.244867e+03 9.218269e+03 9.164609e+03 9.191208e+03
9.1 9.256659e+03 9.239365e+03 9.166162e+03 9.183457e+03
10.1 9.217143e+03 9.214965e+03 9.163805e+03 9.165983e+03
11.1 9.171339e+03 9.191060e+03 9.163179e+03 9.143458e+03
12.1 9.190098e+03 9.216554e+03 9.166451e+03 9.139994e+03
13.1 9.163229e+03 9.163401e+03 9.170022e+03 9.169850e+03
14.1 9.185074e+03 9.202260e+03 9.169292e+03 9.152106e+03
15.1 9.188263e+03 9.167332e+03 9.165042e+03 9.185974e+03
16.1 9.222168e+03 9.199814e+03 9.164224e+03 9.186578e+03
17.1 9.195549e+03 9.202359e+03 9.166113e+03 9.159302e+03
18.1 9.185156e+03 9.161437e+03 9.164614e+03 9.188333e+03
19.1 9.098006e+03 9.164639e+03 9.162497e+03 9.095864e+03
20.1 9.156591e+03 9.132663e+03 9.164644e+03 9.188571e+03
21.1 9.282389e+03 9.208865e+03 9.168747e+03 9.242271e+03
0.5 9.233746e+03 9.204646e+03 9.163133e+03 9.192233e+03
1.5 9.231229e+03 9.230478e+03 9.165834e+03 9.166586e+03
2.5 9.201158e+03 9.169619e+03 9.164949e+03 9.196488e+03
3.5 9.192685e+03 9.180951e+03 9.162812e+03 9.174546e+03
4.5 9.244867e+03 9.218269e+03 9.164609e+03 9.191208e+03
5.5 9.256659e+03 9.239365e+03 9.166162e+03 9.183457e+03
6.5 9.217143e+03 9.214965e+03 9.163805e+03 9.165983e+03
7.5 9.171339e+03 9.191060e+03 9.163179e+03 9.143458e+03
8.5 9.190098e+03 9.216554e+03 9.166451e+03 9.139994e+03
9.5 9.163229e+03 9.163401e+03 9.170022e+03 9.169850e+03
10.5 9.185074e+03 9.202260e+03 9.169292e+03 9.152106e+03
11.5 9.188263e+03 9.167332e+03 9.165042e+03 9.185974e+03
12.5 9.222168e+03 9.199814e+03 9.164224e+03 9.186578e+03
13.5 9.195549e+03 9.202359e+03 9.166113e+03 9.159302e+03
14.5 9.185156e+03 9.161437e+03 9.164614e+03 9.188333e+03
15.5 9.098006e+03 9.164639e+03 9.162497e+03 9.095864e+03
16.5 9.156591e+03 9.132663e+03 9.164644e+03 9.188571e+03
17.5 9.282389e+03 9.208865e+03 9.168747e+03 9.242271e+03
18.5 9.185816e+03 9.219731e+03 9.171936e+03 9.138021e+03
19.5 9.116471e+03 9.192041e+03 9.172508e+03 9.096939e+03
20.5 9.020981e+03 9.108133e+03 9.168349e+03 9.081198e+03
21.5 9.081064e+03 9.134998e+03 9.164188e+03 9.110254e+03
0.9 9.244867e+03 9.218269e+03 9.164609e+03 9.191208e+03
1.9 9.256659e+03 9.239365e+03 9.166162e+03 9.183457e+03
2.9 9.217143e+03 9.214965e+03 9.163805e+03 9.165983e+03
3.9 9.171339e+03 9.191060e+03 9.163179e+03 9.143458e+03
4.9 9.190098e+03 9.216554e+03 9.166451e+03 9.139994e+03
5.9 9.163229e+03 9.163401e+03 9.170022e+03 9.169850e+03
6.9 9.185074e+03 9.202260e+03 9.169292e+03 9.152106e+03
7.9 9.188263e+03 9.167332e+03 9.165042e+03 9.185974e+03
8.9 9.222168e+03 9.199814e+03 9.164224e+03 9.186578e+03
9.9 9.195549e+03 9.202359e+03 9.166113e+03 9.159302e+03
10.9 9.185156e+03 9.161437e+03 9.164614e+03 9.188333e+03
11.9 9.098006e+03 9.164639e+03 9.162497e+03 9.095864e+03
12.9 9.156591e+03 9.132663e+03 9.164644e+03 9.188571e+03
13.9 9.282389e+03 9.208865e+03 9.168747e+03 9.242271e+03
14.9 9.185816e+03 9.219731e+03 9.171936e+03 9.138021e+03
15.9 9.116471e+03 9.192041e+03 9.172508e+03 9.096939e+03
16.9 9.020981e+03 9.108133e+03 9.168349e+03 9.081198e+03
17.9 9.081064e+03 9.134998e+03 9.164188e+03 9.110254e+03
18.9 9.128972e+03 9.140787e+03 9.164911e+03 9.153096e+03
19.9 9.233601e+03 9.234648e+03 9.165623e+03 9.164577e+03
20.9 9.228782e+03 9.227999e+03 9.162962e+03 9.163746e+03
21.9 9.221615e+03 9.249050e+03 9.162636e+03 9.135201e+03
0.2 9.190098e+03 9.216554e+03 9.166451e+03 9.139994e+03
1.2 9.163229e+03 9.163401e+03 9.170022e+03 9.169850e+03
2.2 9.185074e+03 9.202260e+03 9.169292e+03 9.152106e+03
3.2 9.188263e+03 9.167332e+03 9.165042e+03 9.185974e+03
4.2 9.222168e+03 9.199814e+03 9.164224e+03 9.186578e+03
5.2 9.195549e+03 9.202359e+03 9.166113e+03 9.159302e+03
6.2 9.185156e+03 9.161437e+03 9.164614e+03 9.188333e+03
7.2 9.098006e+03 9.164639e+03 9.162497e+03 9.095864e+03
8.2 9.156591e+03 9.132663e+03 9.164644e+03 9.188571e+03
9.2 9.282389e+03 9.208865e+03 9.168747e+03 9.242271e+03
10.2 9.185816e+03 9.219731e+03 9.171936e+03 9.138021e+03
11.2 9.116471e+03 9.192041e+03 9.172508e+03 9.096939e+03
12.2 9.020981e+03 9.108133e+03 9.168349e+03 9.081198e+03
13.1 9.081064e+03 9.134998e+03 9.164188e+03 9.110254e+03
14.1 9.128972e+03 9.140787e+03 9.164911e+03 9.153096e+03
15.1 9.233601e+03 9.234648e+03 9.165623e+03 9.164577e+03
16.1 9.228782e+03 9.227999e+03 9.162962e+03 9.163746e+03
17.1 9.221615e+03 9.249050e+03 9.162636e+03 9.135201e+03
18.1 9.215316e+03 9.253204e+03 9.166195e+03 9.128306e+03
19.1 9.223615e+03 9.216325e+03 9.170188e+03 9.177478e+03
20.1 9.277932e+03 9.262154e+03 9.172628e+03 9.188406e+03
21.1 9.272551e+03 9.215262e+03 9.171202e+03 9.228491e+03
0.6 9.222168e+03 9.199814e+03 9.164224e+03 9.186578e+03
1.6 9.195549e+03 9.202359e+03 9.166113e+03 9.159302e+03
2.6 9.185156e+03 9.161437e+03 9.164614e+03 9.188333e+03
3.6 9.098006e+03 9.164639e+03 9.162497e+03 9.095864e+03
4.6 9.156591e+03 9.132663e+03 9.164644e+03 9.188571e+03
5.6 9.282389e+03 9.208865e+03 9.168747e+03 9.242271e+03
6.6 9.185816e+03 9.219731e+03 9.171936e+03 9.138021e+03
7.6 9.116471e+03 9.192041e+03 9.172508e+03 9.096939e+03
8.6 9.020981e+03 9.108133e+03 9.168349e+03 9.081198e+03
9.6 9.081064e+03 9.134998e+03 9.164188e+03 9.110254e+03
10.6 9.128972e+03 9.140787e+03 9.164911e+03 9.153096e+03
11.6 9.233601e+03 9.234648e+03 9.165623e+03 9.164577e+03
12.6 9.228782e+03 9.227999e+03 9.162962e+03 9.163746e+03
13.6 9.221615e+03 9.249050e+03 9.162636e+03 9.135201e+03
14.6 9.215316e+03 9.253204e+03 9.166195e+03 9.128306e+03
15.6 9.223615e+03 9.216325e+03 9.170188e+03 9.177478e+03
16.6 9.277932e+03 9.262154e+03 9.172628e+03 9.188406e+03
17.6 9.272551e+03 9.215262e+03 9.171202e+03 9.228491e+03
18.6 9.256117e+03 9.233718e+03 9.166065e+03 9.188464e+03
19.6 9.258947e+03 9.219047e+03 9.163983e+03 9.203883e+03
20.6 9.250951e+03 9.240762e+03 9.166456e+03 9.176645e+03
21.6 9.242685e+03 9.238659e+03 9.169453e+03 9.173479e+03
0.6 9.185816e+03 9.219731e+03 9.171936e+03 9.138021e+03
1.6 9.116471e+03 9.192041e+03 9.172508e+03 9.096939e+03
2.6 9.020981e+03 9.108133e+03 9.168349e+03 9.081198e+03
3.6 9.081064e+03 9.134998e+03 9.164188e+03 9.110254e+03
4.6 9.128972e+03 9.140787e+03 9.164911e+03 9.153096e+03
5.6 9.233601e+03 9.234648e+03 9.165623e+03 9.164577e+03
6.6 9.228782e+03 9.227999e+03 9.162962e+03 9.163746e+03
7.6 9.221615e+03 9.249050e+03 9.162636e+03 9.135201e+03
8.6 9.215316e+03 9.253204e+03 9.166195e+03 9.128306e+03
9.6 9.223615e+03 9.216325e+03 9.170188e+03 9.177478e+03
10.6 9.277932e+03 9.262154e+03 9.172628e+03 9.188406e+03
11.6 9.272551e+03 9.215262e+03 9.171202e+03 9.228491e+03
12.6 9.256117e+03 9.233718e+03 9.166065e+03 9.188464e+03
13.6 9.258947e+03 9.219047e+03 9.163983e+03 9.203883e+03
14.6 9.250951e+03 9.240762e+03 9.166456e+03 9.176645e+03
15.6 9.242685e+03 9.238659e+03 9.169453e+03 9.173479e+03
16.6 9.184958e+03 9.155829e+03 9.168215e+03 9.197344e+03
17.6 9.209516e+03 9.196505e+03 9.164146e+03 9.177158e+03
18.6 9.241159e+03 9.208421e+03 9.163967e+03 9.196704e+03
19.6 9.299974e+03 9.272955e+03 9.167348e+03 9.194366e+03
20.6 9.276536e+03 9.218407e+03 9.169965e+03 9.228094e+03
21.6 9.214359e+03 9.191280e+03 9.167690e+03 9.190769e+03
1.0 9.128972e+03 9.140787e+03 9.164911e+03 9.153096e+03
2.0 9.233601e+03 9.234648e+03 9.165623e+03 9.164577e+03
3.0 9.228782e+03 9.227999e+03 9.162962e+03 9.163746e+03
4.0 9.221615e+03 9.249050e+03 9.162636e+03 9.135201e+03
5.0 9.215316e+03 9.253204e+03 9.166195e+03 9.128306e+03
6.0 9.223615e+03 9.216325e+03 9.170188e+03 9.177478e+03
7.0 9.277932e+03 9.262154e+03 9.172628e+03 9.188406e+03
8.0 9.272551e+03 9.215262e+03 9.171202e+03 9.228491e+03
9.0 9.256117e+03 9.233718e+03 9.166065e+03 9.188464e+03
10.0 9.258947e+03 9.219047e+03 9.163983e+03 9.203883e+03
11.0 9.250951e+03 9.240762e+03 9.166456e+03 9.176645e+03
12.0 9.242685e+03 9.238659e+03 9.169453e+03 9.173479e+03
13.0 9.184958e+03 9.155829e+03 9.168215e+03 9.197344e+03
14.0 9.209516e+03 9.196505e+03 9.164146e+03 9.177158e+03
15.0 9.241159e+03 9.208421e+03 9.163967e+03 9.196704e+03
16.0 9.299974e+03 9.272955e+03 9.167348e+03 9.194366e+03
17.0 9.276536e+03 9.218407e+03 9.169965e+03 9.228094e+03
18.0 9.214359e+03 9.191280e+03 9.167690e+03 9.190769e+03
19.0 9.192970e+03 9.210187e+03 9.163895e+03 9.146678e+03
20.0 9.200206e+03 9.215738e+03 9.164617e+03 9.149086e+03
21.0 9.215533e+03 9.242072e+03 9.168160e+03 9.141620e+03
22.0 9.193309e+03 9.197736e+03 9.169880e+03 9.165453e+03
1.0 9.277932e+03 9.262154e+03 9.172628e+03 9.188406e+03
2.0 9.272551e+03 9.215262e+03 9.171202e+03 9.228491e+03
3.0 9.256117e+03 9.233718e+03 9.166065e+03 9.188464e+03
4.0 9.258947e+03 9.219047e+03 9.163983e+03 9.203883e+03
5.0 9.250951e+03 9.240762e+03 9.166456e+03 9.176645e+03
6.0 9.242685e+03 9.238659e+03 9.169453e+03 9.173479e+03
7.0 9.184958e+03 9.155829e+03 9.168215e+03 9.197344e+03
8.0 9.209516e+03 9.196505e+03 9.164146e+03 9.177158e+03
9.0 9.241159e+03 9.208421e+03 9.163967e+03 9.196704e+03
10.0 9.299974e+03 9.272955e+03 9.167348e+03 9.194366e+03
11.0 9.276536e+03 9.218407e+03 9.169965e+03 9.228094e+03
12.0 9.214359e+03 9.191280e+03 9.167690e+03 9.190769e+03
13.0 9.192970e+03 9.210187e+03 9.163895e+03 9.146678e+03
14.0 9.200206e+03 9.215738e+03 9.164617e+03 9.149086e+03
15.0 9.215533e+03 9.242072e+03 9.168160e+03 9.141620e+03
16.0 9.193309e+03 9.197736e+03 9.169880e+03 9.165453e+03
17.0 9.153286e+03 9.167567e+03 9.166625e+03 9.152344e+03
18.0 9.174336e+03 9.191222e+03 9.163601e+03 9.146715e+03
19.0 9.203458e+03 9.231373e+03 9.165329e+03 9.137414e+03
20.0 9.263011e+03 9.268061e+03 9.169007e+03 9.163956e+03
21.0 9.264838e+03 9.220966e+03 9.171872e+03 9.215743e+03
22.0 9.212317e+03 9.219223e+03 9.173463e+03 9.166557e+03
0.2 9.250951e+03 9.240762e+03 9.166456e+03 9.176645e+03
1.2 9.242685e+03 9.238659e+03 9.169453e+03 9.173479e+03
2.2 9.184958e+03 9.155829e+03 9.168215e+03 9.197344e+03
3.2 9.209516e+03 9.196505e+03 9.164146e+03 9.177158e+03
4.2 9.241159e+03 9.208421e+03 9.163967e+03 9.196704e+03
5.2 9.299974e+03 9.272955e+03 9.167348e+03 9.194366e+03
6.2 9.276536e+03 9.218407e+03 9.169965e+03 9.228094e+03
7.2 9.214359e+03 9.191280e+03 9.167690e+03 9.190769e+03
8.2 9.192970e+03 9.210187e+03 9.163895e+03 9.146678e+03
9.2 9.200206e+03 9.215738e+03 9.164617e+03 9.149086e+03
10.2 9.215533e+03 9.242072e+03 9.168160e+03 9.141620e+03
11.2 9.193309e+03 9.197736e+03 9.169880e+03 9.165453e+03
12.2 9.153286e+03 9.167567e+03 9.166625e+03 9.152344e+03
13.2 9.174336e+03 9.191222e+03 9.163601e+03 9.146715e+03
14.2 9.203458e+03 9.231373e+03 9.165329e+03 9.137414e+03
15.2 9.263011e+03 9.268061e+03 9.169007e+03 9.163956e+03
16.2 9.264838e+03 9.220966e+03 9.171872e+03 9.215743e+03
17.2 9.212317e+03 9.219223e+03 9.173463e+03 9.166557e+03
18.2 9.090375e+03 9.120560e+03 9.174163e+03 9.143978e+03
19.2 9.147345e+03 9.141495e+03 9.174329e+03 9.180179e+03
20.2 9.137458e+03 9.143415e+03 9.173989e+03 9.168032e+03
21.2 9.074124e+03 9.119058e+03 9.170805e+03 9.125871e+03
0.4 9.299974e+03 9.272955e+03 9.167348e+03 9.194366e+03
1.4 9.276536e+03 9.218407e+03 9.169965e+03 9.228094e+03
2.4 9.214359e+03 9.191280e+03 9.167690e+03 9.190769e+03
3.4 9.192970e+03 9.210187e+03 9.163895e+03 9.146678e+03
4.4 9.200206e+03 9.215738e+03 9.164617e+03 9.149086e+03
5.4 9.215533e+03 9.242072e+03 9.168160e+03 9.141620e+03
6.4 9.193309e+03 9.197736e+03 9.169880e+03 9.165453e+03
7.4 9.153286e+03 9.167567e+03 9.166625e+03 9.152344e+03
8.4 9.174336e+03 9.191222e+03 9.163601e+03 9.146715e+03
9.4 9.203458e+03 9.231373e+03 9.165329e+03 9.137414e+03
10.4 9.263011e+03 9.268061e+03 9.169007e+03 9.163956e+03
11.4 9.264838e+03 9.220966e+03 9.171872e+03 9.215743e+03
12.4 9.212317e+03 9.219223e+03 9.173463e+03 9.166557e+03
13.4 9.090375e+03 9.120560e+03 9.174163e+03 9.143978e+03
14.4 9.147345e+03 9.141495e+03 9.174329e+03 9.180179e+03
15.4 9.137458e+03 9.143415e+03 9.173989e+03 9.168032e+03
16.4 9.074124e+03 9.119058e+03 9.170805e+03 9.125871e+03
17.4 9.000604e+03 9.023347e+03 9.164985e+03 9.142242e+03
18.4 9.036654e+03 9.067579e+03 9.163059e+03 9.132134e+03
19.4 9.118346e+03 9.127950e+03 9.165808e+03 9.156203e+03
20.4 9.176449e+03 9.157478e+03 9.169420e+03 9.188391e+03
21.4 9.176720e+03 9.184361e+03 9.171758e+03 9.164117e+03
0.7 9.215533e+03 9.242072e+03 9.168160e+03 9.141620e+03
1.7 9.193309e+03 9.197736e+03 9.169880e+03 9.165453e+03
2.7 9.153286e+03 9.167567e+03 9.166625e+03 9.152344e+03
3.7 9.174336e+03 9.191222e+03 9.163601e+03 9.146715e+03
4.7 9.203458e+03 9.231373e+03 9.165329e+03 9.137414e+03
5.7 9.263011e+03 9.268061e+03 9.169007e+03 9.163956e+03
6.7 9.264838e+03 9.220966e+03 9.171872e+03 9.215743e+03
7.7 9.212317e+03 9.219223e+03 9.173463e+03 9.166557e+03
8.7 9.090375e+03 9.120560e+03 9.174163e+03 9.143978e+03
9.7 9.147345e+03 9.141495e+03 9.174329e+03 9.180179e+03
10.7 9.137458e+03 9.143415e+03 9.173989e+03 9.168032e+03
11.7 9.074124e+03 9.119058e+03 9.170805e+03 9.125871e+03
12.7 9.000604e+03 9.023347e+03 9.164985e+03 9.142242e+03
13.7 9.036654e+03 9.067579e+03 9.163059e+03 9.132134e+03
14.7 9.118346e+03 9.127950e+03 9.165808e+03 9.156203e+03
15.7 9.176449e+03 9.157478e+03 9.169420e+03 9.188391e+03
16.7 9.176720e+03 9.184361e+03 9.171758e+03 9.164117e+03
17.7 9.147700e+03 9.150197e+03 9.170240e+03 9.167743e+03
18.7 9.141938e+03 9.149597e+03 9.165312e+03 9.157654e+03
19.7 9.174817e+03 9.169628e+03 9.163735e+03 9.168924e+03
20.7 9.238180e+03 9.241725e+03 9.166496e+03 9.162951e+03
21.7 9.224634e+03 9.231472e+03 9.169960e+03 9.163121e+03
0.1 9.147345e+03 9.141495e+03 9.174329e+03 9.180179e+03
1.1 9.137458e+03 9.143415e+03 9.173989e+03 9.168032e+03
2.1 9.074124e+03 9.119058e+03 9.170805e+03 9.125871e+03
3.1 9.000604e+03 9.023347e+03 9.164985e+03 9.142242e+03
4.1 9.036654e+03 9.067579e+03 9.163059e+03 9.132134e+03
5.1 9.118346e+03 9.127950e+03 9.165808e+03 9.156203e+03
6.1 9.176449e+03 9.157478e+03 9.169420e+03 9.188391e+03
7.1 9.176720e+03 9.184361e+03 9.171758e+03 9.164117e+03
8.1 9.147700e+03 9.150197e+03 9.170240e+03 9.167743e+03
9.1 9.141938e+03 9.149597e+03 9.165312e+03 9.157654e+03
10.1 9.174817e+03 9.169628e+03 9.163735e+03 9.168924e+03
11.1 9.238180e+03 9.241725e+03 9.166496e+03 9.162951e+03
12.1 9.224634e+03 9.231472e+03 9.169960e+03 9.163121e+03
13.1 9.193646e+03 9.196557e+03 9.172091e+03 9.169180e+03
14.1 9.159696e+03 9.134141e+03 9.170309e+03 9.195864e+03
15.1 9.138856e+03 9.153249e+03 9.165298e+03 9.150904e+03
16.1 9.173727e+03 9.186222e+03 9.163828e+03 9.151333e+03
17.1 9.226981e+03 9.243391e+03 9.166632e+03 9.150222e+03
18.1 9.267781e+03 9.206604e+03 9.169553e+03 9.230729e+03
19.1 9.187884e+03 9.186838e+03 9.168015e+03 9.169061e+03
20.1 9.139272e+03 9.167402e+03 9.164005e+03 9.135875e+03
21.1 9.267029e+03 9.187110e+03 9.164076e+03 9.243995e+03
0.1 9.176449e+03 9.157478e+03 9.169420e+03 9.188391e+03
1.1 9.176720e+03 9.184361e+03 9.171758e+03 9.164117e+03
2.1 9.147700e+03 9.150197e+03 9.170240e+03 9.167743e+03
3.1 9.141938e+03 9.149597e+03 9.165312e+03 9.157654e+03
4.1 9.174817e+03 9.169628e+03 9.163735e+03 9.168924e+03
5.1 9.238180e+03 9.241725e+03 9.166496e+03 9.162951e+03
6.1 9.224634e+03 9.231472e+03 9.169960e+03 9.163121e+03
7.1 9.193646e+03 9.196557e+03 9.172091e+03 9.169180e+03
8.1 9.159696e+03 9.134141e+03 9.170309e+03 9.195864e+03
9.1 9.138856e+03 9.153249e+03 9.165298e+03 9.150904e+03
10.1 9.173727e+03 9.186222e+03 9.163828e+03 9.151333e+03
11.1 9.226981e+03 9.243391e+03 9.166632e+03 9.150222e+03
12.1 9.267781e+03 9.206604e+03 9.169553e+03 9.230729e+03
13.1 9.187884e+03 9.186838e+03 9.168015e+03 9.169061e+03
14.1 9.139272e+03 9.167402e+03 9.164005e+03 9.135875e+03
15.1 9.267029e+03 9.187110e+03 9.164076e+03 9.243995e+03
16.1 9.239593e+03 9.213555e+03 9.165915e+03 9.191953e+03
17.1 9.224859e+03 9.207730e+03 9.164023e+03 9.181151e+03
18.1 9.242027e+03 9.231710e+03 9.162465e+03 9.172782e+03
19.1 9.255703e+03 9.244999e+03 9.164866e+03 9.175570e+03
20.1 9.234609e+03 9.218536e+03 9.165693e+03 9.181766e+03
21.1 9.223980e+03 9.164409e+03 9.163127e+03 9.222698e+03
0.1 9.224634e+03 9.231472e+03 9.169960e+03 9.163121e+03
1.1 9.193646e+03 9.196557e+03 9.172091e+03 9.169180e+03
2.1 9.159696e+03 9.134141e+03 9.170309e+03 9.195864e+03
3.1 9.138856e+03 9.153249e+03 9.165298e+03 9.150904e+03
4.1 9.173727e+03 9.186222e+03 9.163828e+03 9.151333e+03
5.1 9.226981e+03 9.243391e+03 9.166632e+03 9.150222e+03
6.1 9.267781e+03 9.206604e+03 9.169553e+03 9.230729e+03
7.1 9.187884e+03 9.186838e+03 9.168015e+03 9.169061e+03
8.1 9.139272e+03 9.167402e+03 9.164005e+03 9.135875e+03
9.1 9.267029e+03 9.187110e+03 9.164076e+03 9.243995e+03
10.1 9.239593e+03 9.213555e+03 9.165915e+03 9.191953e+03
11.1 9.224859e+03 9.207730e+03 9.164023e+03 9.181151e+03
12.1 9.242027e+03 9.231710e+03 9.162465e+03 9.172782e+03
13.1 9.255703e+03 9.244999e+03 9.164866e+03 9.175570e+03
14.1 9.234609e+03 9.218536e+03 9.165693e+03 9.181766e+03
15.1 9.223980e+03 9.164409e+03 9.163127e+03 9.222698e+03
16.1 9.275137e+03 9.235181e+03 9.163359e+03 9.203315e+03
17.1 9.267009e+03 9.287026e+03 9.167067e+03 9.147051e+03
18.1 9.202984e+03 9.232660e+03 9.170831e+03 9.141155e+03
19.1 9.146824e+03 9.171383e+03 9.172857e+03 9.148299e+03
20.1 9.101182e+03 9.132601e+03 9.170657e+03 9.139238e+03
21.1 9.072614e+03 9.111900e+03 9.165487e+03 9.126200e+03
0.3 9.226981e+03 9.243391e+03 9.166632e+03 9.150222e+03
1.3 9.267781e+03 9.206604e+03 9.169553e+03 9.230729e+03
2.3 9.187884e+03 9.186838e+03 9.168015e+03 9.169061e+03
3.3 9.139272e+03 9.167402e+03 9.164005e+03 9.135875e+03
4.3 9.267029e+03 9.187110e+03 9.164076e+03 9.243995e+03
5.3 9.239593e+03 9.213555e+03 9.165915e+03 9.191953e+03
6.3 9.224859e+03 9.207730e+03 9.164023e+03 9.181151e+03
7.3 9.242027e+03 9.231710e+03 9.162465e+03 9.172782e+03
8.3 9.255703e+03 9.244999e+03 9.164866e+03 9.175570e+03
9.3 9.234609e+03 9.218536e+03 9.165693e+03 9.181766e+03
10.3 9.223980e+03 9.164409e+03 9.163127e+03 9.222698e+03
11.3 9.275137e+03 9.235181e+03 9.163359e+03 9.203315e+03
12.3 9.267009e+03 9.287026e+03 9.167067e+03 9.147051e+03
13.3 9.202984e+03 9.232660e+03 9.170831e+03 9.141155e+03
14.3 9.146824e+03 9.171383e+03 9.172857e+03 9.148299e+03
15.3 9.101182e+03 9.132601e+03 9.170657e+03 9.139238e+03
16.3 9.072614e+03 9.111900e+03 9.165487e+03 9.126200e+03
17.3 9.132493e+03 9.175958e+03 9.164168e+03 9.120703e+03
18.3 9.200770e+03 9.209604e+03 9.166988e+03 9.158154e+03
19.3 9.227756e+03 9.221026e+03 9.170308e+03 9.177038e+03
20.3 9.154733e+03 9.141737e+03 9.172220e+03 9.185216e+03
21.3 9.100000e+03 9.128685e+03 9.170102e+03 9.141417e+03
0.7 9.267029e+03 9.187110e+03 9.164076e+03 9.243995e+03
1.7 9.239593e+03 9.213555e+03 9.165915e+03 9.191953e+03
2.7 9.224859e+03 9.207730e+03 9.164023e+03 9.181151e+03
3.7 9.242027e+03 9.231710e+03 9.162465e+03 9.172782e+03
4.7 9.255703e+03 9.244999e+03 9.164866e+03 9.175570e+03
5.7 9.234609e+03 9.218536e+03 9.165693e+03 9.181766e+03
6.7 9.223980e+03 9.164409e+03 9.163127e+03 9.222698e+03
7.7 9.275137e+03 9.235181e+03 9.163359e+03 9.203315e+03
8.7 9.267009e+03 9.287026e+03 9.167067e+03 9.147051e+03
9.7 9.202984e+03 9.232660e+03 9.170831e+03 9.141155e+03
10.7 9.146824e+03 9.171383e+03 9.172857e+03 9.148299e+03
11.7 9.101182e+03 9.132601e+03 9.170657e+03 9.139238e+03
12.7 9.072614e+03 9.111900e+03 9.165487e+03 9.126200e+03
13.7 9.132493e+03 9.175958e+03 9.164168e+03 9.120703e+03
14.7 9.200770e+03 9.209604e+03 9.166988e+03 9.158154e+03
15.7 9.227756e+03 9.221026e+03 9.170308e+03 9.177038e+03
16.7 9.154733e+03 9.141737e+03 9.172220e+03 9.185216e+03
17.7 9.100000e+03 9.128685e+03 9.170102e+03 9.141417e+03
18.7 9.149897e+03 9.164770e+03 9.165083e+03 9.150210e+03
19.7 9.201176e+03 9.179574e+03 9.163908e+03 9.185511e+03
20.7 9.239203e+03 9.239362e+03 9.166835e+03 9.166677e+03
21.7 9.184081e+03 9.178517e+03 9.169607e+03 9.175171e+03
0.1 9.242027e+03 9.231710e+03 9.162465e+03 9.172782e+03
1.1 9.255703e+03 9.244999e+03 9.164866e+03 9.175570e+03
2.1 9.234609e+03 9.218536e+03 9.165693e+03 9.181766e+03
3.1 9.223980e+03 9.164409e+03 9.163127e+03 9.222698e+03
4.1 9.275137e+03 9.235181e+03 9.163359e+03 9.203315e+03
5.1 9.267009e+03 9.287026e+03 9.167067e+03 9.147051e+03
6.1 9.202984e+03 9.232660e+03 9.170831e+03 9.141155e+03
7.1 9.146824e+03 9.171383e+03 9.172857e+03 9.148299e+03
8.1 9.101182e+03 9.132601e+03 9.170657e+03 9.139238e+03
9.1 9.072614e+03 9.111900e+03 9.165487e+03 9.126200e+03
10.1 9.132493e+03 9.175958e+03 9.164168e+03 9.120703e+03
11.1 9.200770e+03 9.209604e+03 9.166988e+03 9.158154e+03
12.1 9.227756e+03 9.221026e+03 9.170308e+03 9.177038e+03
13.1 9.154733e+03 9.141737e+03 9.172220e+03 9.185216e+03
14.1 9.100000e+03 9.128685e+03 9.170102e+03 9.141417e+03
15.1 9.149897e+03 9.164770e+03 9.165083e+03 9.150210e+03
16.1 9.201176e+03 9.179574e+03 9.163908e+03 9.185511e+03
17.1 9.239203e+03 9.239362e+03 9.166835e+03 9.166677e+03
18.1 9.184081e+03 9.178517e+03 9.169607e+03 9.175171e+03
19.1 9.086658e+03 9.119431e+03 9.167777e+03 9.135004e+03
20.1 9.105977e+03 9.108368e+03 9.163863e+03 9.161471e+03
21.1 9.151670e+03 9.173331e+03 9.164204e+03 9.142544e+03
0.1 9.202984e+03 9.232660e+03 9.170831e+03 9.141155e+03
1.1 9.146824e+03 9.171383e+03 9.172857e+03 9.148299e+03
2.1 9.101182e+03 9.132601e+03 9.170657e+03 9.139238e+03
3.1 9.072614e+03 9.111900e+03 9.165487e+03 9.126200e+03
4.1 9.132493e+03 9.175958e+03 9.164168e+03 9.120703e+03
5.1 9.200770e+03 9.209604e+03 9.166988e+03 9.158154e+03
6.1 9.227756e+03 9.221026e+03 9.170308e+03 9.177038e+03
7.1 9.154733e+03 9.141737e+03 9.172220e+03 9.185216e+03
8.1 9.100000e+03 9.128685e+03 9.170102e+03 9.141417e+03
9.1 9.149897e+03 9.164770e+03 9.165083e+03 9.150210e+03
10.1 9.201176e+03 9.179574e+03 9.163908e+03 9.185511e+03
11.1 9.239203e+03 9.239362e+03 9.166835e+03 9.166677e+03
12.1 9.184081e+03 9.178517e+03 9.169607e+03 9.175171e+03
13.1 9.086658e+03 9.119431e+03 9.167777e+03 9.135004e+03
14.1 9.105977e+03 9.108368e+03 9.163863e+03 9.161471e+03
15.1 9.151670e+03 9.173331e+03 9.164204e+03 9.142544e+03
16.1 9.220392e+03 9.198503e+03 9.165917e+03 9.187806e+03
17.1 9.194197e+03 9.174380e+03 9.163823e+03 9.183640e+03
18.1 9.186505e+03 9.190427e+03 9.162371e+03 9.158449e+03
19.1 9.192997e+03 9.221850e+03 9.165213e+03 9.136360e+03
20.1 9.256488e+03 9.205149e+03 9.169213e+03 9.220552e+03
21.1 9.244492e+03 9.206299e+03 9.169602e+03 9.207794e+03
0.1 9.227756e+03 9.221026e+03 9.170308e+03 9.177038e+03
1.1 9.154733e+03 9.141737e+03 9.172220e+03 9.185216e+03
2.1 9.100000e+03 9.128685e+03 9.170102e+03 9.141417e+03
3.1 9.149897e+03 9.164770e+03 9.165083e+03 9.150210e+03
4.1 9.201176e+03 9.179574e+03 9.163908e+03 9.185511e+03
5.1 9.239203e+03 9.239362e+03 9.166835e+03 9.166677e+03
6.1 9.184081e+03 9.178517e+03 9.169607e+03 9.175171e+03
7.1 9.086658e+03 9.119431e+03 9.167777e+03 9.135004e+03
8.1 9.105977e+03 9.108368e+03 9.163863e+03 9.161471e+03
9.1 9.151670e+03 9.173331e+03 9.164204e+03 9.142544e+03
10.1 9.220392e+03 9.198503e+03 9.165917e+03 9.187806e+03
11.1 9.194197e+03 9.174380e+03 9.163823e+03 9.183640e+03
12.1 9.186505e+03 9.190427e+03 9.162371e+03 9.158449e+03
13.1 9.192997e+03 9.221850e+03 9.165213e+03 9.136360e+03
14.1 9.256488e+03 9.205149e+03 9.169213e+03 9.220552e+03
15.1 9.244492e+03 9.206299e+03 9.169602e+03 9.207794e+03
16.1 9.216161e+03 9.185723e+03 9.165581e+03 9.196020e+03
17.1 9.162446e+03 9.134003e+03 9.163960e+03 9.192403e+03
18.1 9.171906e+03 9.166636e+03 9.165919e+03 9.171188e+03
19.1 9.015124e+03 9.106035e+03 9.165136e+03 9.074224e+03
20.1 9.040485e+03 9.034426e+03 9.162597e+03 9.168656e+03
21.1 9.263271e+03 9.150428e+03 9.163982e+03 9.276825e+03
0.4 9.239203e+03 9.239362e+03 9.166835e+03 9.166677e+03
1.4 9.184081e+03 9.178517e+03 9.169607e+03 9.175171e+03
2.4 9.086658e+03 9.119431e+03 9.167777e+03 9.135004e+03
3.4 9.105977e+03 9.108368e+03 9.163863e+03 9.161471e+03
4.4 9.151670e+03 9.173331e+03 9.164204e+03 9.142544e+03
5.4 9.220392e+03 9.198503e+03 9.165917e+03 9.187806e+03
6.4 9.194197e+03 9.174380e+03 9.163823e+03 9.183640e+03
7.4 9.186505e+03 9.190427e+03 9.162371e+03 9.158449e+03
8.4 9.192997e+03 9.221850e+03 9.165213e+03 9.136360e+03
9.4 9.256488e+03 9.205149e+03 9.169213e+03 9.220552e+03
10.4 9.244492e+03 9.206299e+03 9.169602e+03 9.207794e+03
11.4 9.216161e+03 9.185723e+03 9.165581e+03 9.196020e+03
12.4 9.162446e+03 9.134003e+03 9.163960e+03 9.192403e+03
13.4 9.171906e+03 9.166636e+03 9.165919e+03 9.171188e+03
14.4 9.015124e+03 9.106035e+03 9.165136e+03 9.074224e+03
15.4 9.040485e+03 9.034426e+03 9.162597e+03 9.168656e+03
16.4 9.263271e+03 9.150428e+03 9.163982e+03 9.276825e+03
17.4 9.156175e+03 9.166025e+03 9.166093e+03 9.156242e+03
18.4 9.126747e+03 9.160387e+03 9.164128e+03 9.130488e+03
19.4 9.064514e+03 9.141673e+03 9.162929e+03 9.085770e+03
20.4 9.075409e+03 9.145199e+03 9.165461e+03 9.095670e+03
21.4 9.031983e+03 9.054652e+03 9.165922e+03 9.143252e+03
0.8 9.151670e+03 9.173331e+03 9.164204e+03 9.142544e+03
1.8 9.220392e+03 9.198503e+03 9.165917e+03 9.187806e+03
2.8 9.194197e+03 9.174380e+03 9.163823e+03 9.183640e+03
3.8 9.186505e+03 9.190427e+03 9.162371e+03 9.158449e+03
4.8 9.192997e+03 9.221850e+03 9.165213e+03 9.136360e+03
5.8 9.256488e+03 9.205149e+03 9.169213e+03 9.220552e+03
6.8 9.244492e+03 9.206299e+03 9.169602e+03 9.207794e+03
7.8 9.216161e+03 9.185723e+03 9.165581e+03 9.196020e+03
8.8 9.162446e+03 9.134003e+03 9.163960e+03 9.192403e+03
9.8 9.171906e+03 9.166636e+03 9.165919e+03 9.171188e+03
10.8 9.015124e+03 9.106035e+03 9.165136e+03 9.074224e+03
11.8 9.040485e+03 9.034426e+03 9.162597e+03 9.168656e+03
12.8 9.263271e+03 9.150428e+03 9.163982e+03 9.276825e+03
13.8 9.156175e+03 9.166025e+03 9.166093e+03 9.156242e+03
14.8 9.126747e+03 9.160387e+03 9.164128e+03 9.130488e+03
15.8 9.064514e+03 9.141673e+03 9.162929e+03 9.085770e+03
16.8 9.075409e+03 9.145199e+03 9.165461e+03 9.095670e+03
17.8 9.031983e+03 9.054652e+03 9.165922e+03 9.143252e+03
18.8 9.024721e+03 9.035579e+03 9.163280e+03 9.152421e+03
19.8 9.080970e+03 9.128375e+03 9.163784e+03 9.116379e+03
20.8 9.143315e+03 9.171029e+03 9.167520e+03 9.139806e+03
21.8 9.120903e+03 9.144155e+03 9.171122e+03 9.147870e+03
1.0 9.256488e+03 9.205149e+03 9.169213e+03 9.220552e+03
2.0 9.244492e+03 9.206299e+03 9.169602e+03 9.207794e+03
3.0 9.216161e+03 9.185723e+03 9.165581e+03 9.196020e+03
4.0 9.162446e+03 9.134003e+03 9.163960e+03 9.192403e+03
5.0 9.171906e+03 9.166636e+03 9.165919e+03 9.171188e+03
6.0 9.015124e+03 9.106035e+03 9.165136e+03 9.074224e+03
7.0 9.040485e+03 9.034426e+03 9.162597e+03 9.168656e+03
8.0 9.263271e+03 9.150428e+03 9.163982e+03 9.276825e+03
9.0 9.156175e+03 9.166025e+03 9.166093e+03 9.156242e+03
10.0 9.126747e+03 9.160387e+03 9.164128e+03 9.130488e+03
11.0 9.064514e+03 9.141673e+03 9.162929e+03 9.085770e+03
12.0 9.075409e+03 9.145199e+03 9.165461e+03 9.095670e+03
13.0 9.031983e+03 9.054652e+03 9.165922e+03 9.143252e+03
14.0 9.024721e+03 9.035579e+03 9.163280e+03 9.152421e+03
15.0 9.080970e+03 9.128375e+03 9.163784e+03 9.116379e+03
16.0 9.143315e+03 9.171029e+03 9.167520e+03 9.139806e+03
17.0 9.120903e+03 9.144155e+03 9.171122e+03 9.147870e+03
18.0 9.089498e+03 9.065710e+03 9.172875e+03 9.196664e+03
19.0 9.146004e+03 9.092390e+03 9.170229e+03 9.223843e+03
20.0 9.212244e+03 9.132922e+03 9.165137e+03 9.244459e+03
21.0 9.261921e+03 9.240560e+03 9.164272e+03 9.185633e+03
22.0 9.228943e+03 9.221511e+03 9.165927e+03 9.173359e+03
0.4 9.162446e+03 9.134003e+03 9.163960e+03 9.192403e+03
1.4 9.171906e+03 9.166636e+03 9.165919e+03 9.171188e+03
2.4 9.015124e+03 9.106035e+03 9.165136e+03 9.074224e+03
3.4 9.040485e+03 9.034426e+03 9.162597e+03 9.168656e+03
4.4 9.263271e+03 9.150428e+03 9.163982e+03 9.276825e+03
5.4 9.156175e+03 9.166025e+03 9.166093e+03 9.156242e+03
6.4 9.126747e+03 9.160387e+03 9.164128e+03 9.130488e+03
7.4 9.064514e+03 9.141673e+03 9.162929e+03 9.085770e+03
8.4 9.075409e+03 9.145199e+03 9.165461e+03 9.095670e+03
9.4 9.031983e+03 9.054652e+03 9.165922e+03 9.143252e+03
10.4 9.024721e+03 9.035579e+03 9.163280e+03 9.152421e+03
11.4 9.080970e+03 9.128375e+03 9.163784e+03 9.116379e+03
12.4 9.143315e+03 9.171029e+03 9.167520e+03 9.139806e+03
13.4 9.120903e+03 9.144155e+03 9.171122e+03 9.147870e+03
14.4 9.089498e+03 9.065710e+03 9.172875e+03 9.196664e+03
15.4 9.146004e+03 9.092390e+03 9.170229e+03 9.223843e+03
16.4 9.212244e+03 9.132922e+03 9.165137e+03 9.244459e+03
17.4 9.261921e+03 9.240560e+03 9.164272e+03 9.185633e+03
18.4 9.228943e+03 9.221511e+03 9.165927e+03 9.173359e+03
19.4 9.156947e+03 9.181573e+03 9.164146e+03 9.139520e+03
20.4 9.169807e+03 9.184029e+03 9.162233e+03 9.148012e+03
21.4 9.180694e+03 9.165815e+03 9.164662e+03 9.179542e+03
0.8 9.263271e+03 9.150428e+03 9.163982e+03 9.276825e+03
1.8 9.156175e+03 9.166025e+03 9.166093e+03 9.156242e+03
2.8 9.126747e+03 9.160387e+03 9.164128e+03 9.130488e+03
3.8 9.064514e+03 9.141673e+03 9.162929e+03 9.085770e+03
4.8 9.075409e+03 9.145199e+03 9.165461e+03 9.095670e+03
5.8 9.031983e+03 9.054652e+03 9.165922e+03 9.143252e+03
6.8 9.024721e+03 9.035579e+03 9.163280e+03 9.152421e+03
7.8 9.080970e+03 9.128375e+03 9.163784e+03 9.116379e+03
8.8 9.143315e+03 9.171029e+03 9.167520e+03 9.139806e+03
9.8 9.120903e+03 9.144155e+03 9.171122e+03 9.147870e+03
10.8 9.089498e+03 9.065710e+03 9.172875e+03 9.196664e+03
11.8 9.146004e+03 9.092390e+03 9.170229e+03 9.223843e+03
12.8 9.212244e+03 9.132922e+03 9.165137e+03 9.244459e+03
13.8 9.261921e+03 9.240560e+03 9.164272e+03 9.185633e+03
14.8 9.228943e+03 9.221511e+03 9.165927e+03 9.173359e+03
15.8 9.156947e+03 9.181573e+03 9.164146e+03 9.139520e+03
16.8 9.169807e+03 9.184029e+03 9.162233e+03 9.148012e+03
17.8 9.180694e+03 9.165815e+03 9.164662e+03 9.179542e+03
18.8 9.189734e+03 9.189622e+03 9.168773e+03 9.168885e+03
19.8 9.252103e+03 9.195417e+03 9.169909e+03 9.226596e+03
20.8 9.233245e+03 9.230324e+03 9.166166e+03 9.169086e+03
21.8 9.154686e+03 9.216664e+03 9.163845e+03 9.101867e+03
0.2 9.064514e+03 9.141673e+03 9.162929e+03 9.085770e+03
1.2 9.075409e+03 9.145199e+03 9.165461e+03 9.095670e+03
2.2 9.031983e+03 9.054652e+03 9.165922e+03 9.143252e+03
3.2 9.024721e+03 9.035579e+03 9.163280e+03 9.152421e+03
4.2 9.080970e+03 9.128375e+03 9.163784e+03 9.116379e+03
5.2 9.143315e+03 9.171029e+03 9.167520e+03 9.139806e+03
6.2 9.120903e+03 9.144155e+03 9.171122e+03 9.147870e+03
7.2 9.089498e+03 9.065710e+03 9.172875e+03 9.196664e+03
8.2 9.146004e+03 9.092390e+03 9.170229e+03 9.223843e+03
9.2 9.212244e+03 9.132922e+03 9.165137e+03 9.244459e+03
10.2 9.261921e+03 9.240560e+03 9.164272e+03 9.185633e+03
11.2 9.228943e+03 9.221511e+03 9.165927e+03 9.173359e+03
12.2 9.156947e+03 9.181573e+03 9.164146e+03 9.139520e+03
13.2 9.169807e+03 9.184029e+03 9.162233e+03 9.148012e+03
14.2 9.180694e+03 9.165815e+03 9.164662e+03 9.179542e+03
15.2 9.189734e+03 9.189622e+03 9.168773e+03 9.168885e+03
16.2 9.252103e+03 9.195417e+03 9.169909e+03 9.226596e+03
17.2 9.233245e+03 9.230324e+03 9.166166e+03 9.169086e+03
18.2 9.154686e+03 9.216664e+03 9.163845e+03 9.101867e+03
19.2 9.232855e+03 9.266215e+03 9.166113e+03 9.132753e+03
20.2 9.237456e+03 9.255044e+03 9.169698e+03 9.152111e+03
21.2 9.191729e+03 9.215449e+03 9.172220e+03 9.148500e+03
0.2 9.120903e+03 9.144155e+03 9.171122e+03 9.147870e+03
1.2 9.089498e+03 9.065710e+03 9.172875e+03 9.196664e+03
2.2 9.146004e+03 9.092390e+03 9.170229e+03 9.223843e+03
3.2 9.212244e+03 9.132922e+03 9.165137e+03 9.244459e+03
4.2 9.261921e+03 9.240560e+03 9.164272e+03 9.185633e+03
5.2 9.228943e+03 9.221511e+03 9.165927e+03 9.173359e+03
6.2 9.156947e+03 9.181573e+03 9.164146e+03 9.139520e+03
7.2 9.169807e+03 9.184029e+03 9.162233e+03 9.148012e+03
8.2 9.180694e+03 9.165815e+03 9.164662e+03 9.179542e+03
9.2 9.189734e+03 9.189622e+03 9.168773e+03 9.168885e+03
10.2 9.252103e+03 9.195417e+03 9.169909e+03 9.226596e+03
11.2 9.233245e+03 9.230324e+03 9.166166e+03 9.169086e+03
12.2 9.154686e+03 9.216664e+03 9.163845e+03 9.101867e+03
13.2 9.232855e+03 9.266215e+03 9.166113e+03 9.132753e+03
14.2 9.237456e+03 9.255044e+03 9.169698e+03 9.152111e+03
15.2 9.191729e+03 9.215449e+03 9.172220e+03 9.148500e+03
16.2 9.132220e+03 9.125198e+03 9.171569e+03 9.178590e+03
17.2 9.147811e+03 9.125452e+03 9.166692e+03 9.189052e+03
18.2 9.246191e+03 9.190856e+03 9.163772e+03 9.219107e+03
19.2 9.285296e+03 9.250936e+03 9.165766e+03 9.200126e+03
20.2 9.271590e+03 9.242472e+03 9.169281e+03 9.198399e+03
21.2 9.187866e+03 9.175237e+03 9.171852e+03 9.184480e+03
0.6 9.261921e+03 9.240560e+03 9.164272e+03 9.185633e+03
1.6 9.228943e+03 9.221511e+03 9.165927e+03 9.173359e+03
2.6 9.156947e+03 9.181573e+03 9.164146e+03 9.139520e+03
3.6 9.169807e+03 9.184029e+03 9.162233e+03 9.148012e+03
4.6 9.180694e+03 9.165815e+03 9.164662e+03 9.179542e+03
5.6 9.189734e+03 9.189622e+03 9.168773e+03 9.168885e+03
6.6 9.252103e+03 9.195417e+03 9.169909e+03 9.226596e+03
7.6 9.233245e+03 9.230324e+03 9.166166e+03 9.169086e+03
8.6 9.154686e+03 9.216664e+03 9.163845e+03 9.101867e+03
9.6 9.232855e+03 9.266215e+03 9.166113e+03 9.132753e+03
10.6 9.237456e+03 9.255044e+03 9.169698e+03 9.152111e+03
11.6 9.191729e+03 9.215449e+03 9.172220e+03 9.148500e+03
12.6 9.132220e+03 9.125198e+03 9.171569e+03 9.178590e+03
13.6 9.147811e+03 9.125452e+03 9.166692e+03 9.189052e+03
14.6 9.246191e+03 9.190856e+03 9.163772e+03 9.219107e+03
15.6 9.285296e+03 9.250936e+03 9.165766e+03 9.200126e+03
16.6 9.271590e+03 9.242472e+03 9.169281e+03 9.198399e+03
17.6 9.187866e+03 9.175237e+03 9.171852e+03 9.184480e+03
18.6 9.173002e+03 9.140664e+03 9.171298e+03 9.203636e+03
19.6 9.191949e+03 9.130784e+03 9.166518e+03 9.227683e+03
20.6 9.237522e+03 9.158088e+03 9.163672e+03 9.243106e+03
21.6 9.219729e+03 9.241265e+03 9.165250e+03 9.143714e+03
0.8 9.189734e+03 9.189622e+03 9.168773e+03 9.168885e+03
1.8 9.252103e+03 9.195417e+03 9.169909e+03 9.226596e+03
2.8 9.233245e+03 9.230324e+03 9.166166e+03 9.169086e+03
3.8 9.154686e+03 9.216664e+03 9.163845e+03 9.101867e+03
4.8 9.232855e+03 9.266215e+03 9.166113e+03 9.132753e+03
5.8 9.237456e+03 9.255044e+03 9.169698e+03 9.152111e+03
6.8 9.191729e+03 9.215449e+03 9.172220e+03 9.148500e+03
7.8 9.132220e+03 9.125198e+03 9.171569e+03 9.178590e+03
8.8 9.147811e+03 9.125452e+03 9.166692e+03 9.189052e+03
9.8 9.246191e+03 9.190856e+03 9.163772e+03 9.219107e+03
10.8 9.285296e+03 9.250936e+03 9.165766e+03 9.200126e+03
11.8 9.271590e+03 9.242472e+03 9.169281e+03 9.198399e+03
12.8 9.187866e+03 9.175237e+03 9.171852e+03 9.184480e+03
13.8 9.173002e+03 9.140664e+03 9.171298e+03 9.203636e+03
14.8 9.191949e+03 9.130784e+03 9.166518e+03 9.227683e+03
15.8 9.237522e+03 9.158088e+03 9.163672e+03 9.243106e+03
16.8 9.219729e+03 9.241265e+03 9.165250e+03 9.143714e+03
17.8 9.213918e+03 9.189195e+03 9.165044e+03 9.189767e+03
18.8 9.061666e+03 9.145581e+03 9.162383e+03 9.078468e+03
19.8 9.093212e+03 9.167734e+03 9.163270e+03 9.088748e+03
20.8 9.218691e+03 9.157455e+03 9.165843e+03 9.227079e+03
21.8 9.102916e+03 9.178819e+03 9.164441e+03 9.088538e+03
0.8 9.191729e+03 9.215449e+03 9.172220e+03 9.148500e+03
1.8 9.132220e+03 9.125198e+03 9.171569e+03 9.178590e+03
2.8 9.147811e+03 9.125452e+03 9.166692e+03 9.189052e+03
3.8 9.246191e+03 9.190856e+03 9.163772e+03 9.219107e+03
4.8 9.285296e+03 9.250936e+03 9.165766e+03 9.200126e+03
5.8 9.271590e+03 9.242472e+03 9.169281e+03 9.198399e+03
6.8 9.187866e+03 9.175237e+03 9.171852e+03 9.184480e+03
7.8 9.173002e+03 9.140664e+03 9.171298e+03 9.203636e+03
8.8 9.191949e+03 9.130784e+03 9.166518e+03 9.227683e+03
9.8 9.237522e+03 9.158088e+03 9.163672e+03 9.243106e+03
10.8 9.219729e+03 9.241265e+03 9.165250e+03 9.143714e+03
11.8 9.213918e+03 9.189195e+03 9.165044e+03 9.189767e+03
12.8 9.061666e+03 9.145581e+03 9.162383e+03 9.078468e+03
13.8 9.093212e+03 9.167734e+03 9.163270e+03 9.088748e+03
14.8 9.218691e+03 9.157455e+03 9.165843e+03 9.227079e+03
15.8 9.102916e+03 9.178819e+03 9.164441e+03 9.088538e+03
16.8 9.063619e+03 9.109479e+03 9.162767e+03 9.116907e+03
17.8 9.093179e+03 9.147038e+03 9.165243e+03 9.111384e+03
18.8 9.140876e+03 9.093029e+03 9.169285e+03 9.217132e+03
19.8 9.142243e+03 9.082844e+03 9.172261e+03 9.231660e+03
20.8 9.127946e+03 9.087999e+03 9.172405e+03 9.212352e+03
21.8 9.115386e+03 9.107258e+03 9.167907e+03 9.176035e+03
0.8 9.187866e+03 9.175237e+03 9.171852e+03 9.184480e+03
1.8 9.173002e+03 9.140664e+03 9.171298e+03 9.203636e+03
2.8 9.191949e+03 9.130784e+03 9.166518e+03 9.227683e+03
3.8 9.237522e+03 9.158088e+03 9.163672e+03 9.243106e+03
4.8 9.219729e+03 9.241265e+03 9.165250e+03 9.143714e+03
5.8 9.213918e+03 9.189195e+03 9.165044e+03 9.189767e+03
6.8 9.061666e+03 9.145581e+03 9.162383e+03 9.078468e+03
7.8 9.093212e+03 9.167734e+03 9.163270e+03 9.088748e+03
8.8 9.218691e+03 9.157455e+03 9.165843e+03 9.227079e+03
9.8 9.102916e+03 9.178819e+03 9.164441e+03 9.088538e+03
10.8 9.063619e+03 9.109479e+03 9.162767e+03 9.116907e+03
11.8 9.093179e+03 9.147038e+03 9.165243e+03 9.111384e+03
12.8 9.140876e+03 9.093029e+03 9.169285e+03 9.217132e+03
13.8 9.142243e+03 9.082844e+03 9.172261e+03 9.231660e+03
14.8 9.127946e+03 9.087999e+03 9.172405e+03 9.212352e+03
15.8 9.115386e+03 9.107258e+03 9.167907e+03 9.176035e+03
16.8 9.201441e+03 9.192278e+03 9.164080e+03 9.173242e+03
17.8 9.134756e+03 9.198944e+03 9.165092e+03 9.100904e+03
18.8 9.100615e+03 9.144161e+03 9.165490e+03 9.121944e+03
19.8 9.086221e+03 9.094941e+03 9.162697e+03 9.153977e+03
20.8 9.057321e+03 9.099408e+03 9.162661e+03 9.120573e+03
21.8 9.006268e+03 9.048670e+03 9.166386e+03 9.123985e+03
0.3 9.237522e+03 9.158088e+03 9.163672e+03 9.243106e+03
1.3 9.219729e+03 9.241265e+03 9.165250e+03 9.143714e+03
2.3 9.213918e+03 9.189195e+03 9.165044e+03 9.189767e+03
3.3 9.061666e+03 9.145581e+03 9.162383e+03 9.078468e+03
4.3 9.093212e+03 9.167734e+03 9.163270e+03 9.088748e+03
5.3 9.218691e+03 9.157455e+03 9.165843e+03 9.227079e+03
6.3 9.102916e+03 9.178819e+03 9.164441e+03 9.088538e+03
7.3 9.063619e+03 9.109479e+03 9.162767e+03 9.116907e+03
8.3 9.093179e+03 9.147038e+03 9.165243e+03 9.111384e+03
9.3 9.140876e+03 9.093029e+03 9.169285e+03 9.217132e+03
10.3 9.142243e+03 9.082844e+03 9.172261e+03 9.231660e+03
11.3 9.127946e+03 9.087999e+03 9.172405e+03 9.212352e+03
12.3 9.115386e+03 9.107258e+03 9.167907e+03 9.176035e+03
13.3 9.201441e+03 9.192278e+03 9.164080e+03 9.173242e+03
14.3 9.134756e+03 9.198944e+03 9.165092e+03 9.100904e+03
15.3 9.100615e+03 9.144161e+03 9.165490e+03 9.121944e+03
16.3 9.086221e+03 9.094941e+03 9.162697e+03 9.153977e+03
17.3 9.057321e+03 9.099408e+03 9.162661e+03 9.120573e+03
18.3 9.006268e+03 9.048670e+03 9.166386e+03 9.123985e+03
19.3 8.956515e+03 8.994193e+03 9.169846e+03 9.132169e+03
20.3 8.925952e+03 8.964613e+03 9.168517e+03 9.129856e+03
21.3 9.027839e+03 8.992179e+03 9.164492e+03 9.200151e+03
0.7 9.093212e+03 9.167734e+03 9.163270e+03 9.088748e+03
1.7 9.218691e+03 9.157455e+03 9.165843e+03 9.227079e+03
2.7 9.102916e+03 9.178819e+03 9.164441e+03 9.088538e+03
3.7 9.063619e+03 9.109479e+03 9.162767e+03 9.116907e+03
4.7 9.093179e+03 9.147038e+03 9.165243e+03 9.111384e+03
5.7 9.140876e+03 9.093029e+03 9.169285e+03 9.217132e+03
6.7 9.142243e+03 9.082844e+03 9.172261e+03 9.231660e+03
7.7 9.127946e+03 9.087999e+03 9.172405e+03 9.212352e+03
8.7 9.115386e+03 9.107258e+03 9.167907e+03 9.176035e+03
9.7 9.201441e+03 9.192278e+03 9.164080e+03 9.173242e+03
10.7 9.134756e+03 9.198944e+03 9.165092e+03 9.100904e+03
11.7 9.100615e+03 9.144161e+03 9.165490e+03 9.121944e+03
12.7 9.086221e+03 9.094941e+03 9.162697e+03 9.153977e+03
13.7 9.057321e+03 9.099408e+03 9.162661e+03 9.120573e+03
14.7 9.006268e+03 9.048670e+03 9.166386e+03 9.123985e+03
15.7 8.956515e+03 8.994193e+03 9.169846e+03 9.132169e+03
16.7 8.925952e+03 8.964613e+03 9.168517e+03 9.129856e+03
17.7 9.027839e+03 8.992179e+03 9.164492e+03 9.200151e+03
18.7 9.112264e+03 9.063622e+03 9.164479e+03 9.213120e+03
19.7 9.220427e+03 9.148460e+03 9.167814e+03 9.239781e+03
20.7 9.170345e+03 9.141843e+03 9.171067e+03 9.199569e+03
21.7 9.142653e+03 9.140395e+03 9.173055e+03 9.175313e+03
0.7 9.142243e+03 9.082844e+03 9.172261e+03 9.231660e+03
1.7 9.127946e+03 9.087999e+03 9.172405e+03 9.212352e+03
2.7 9.115386e+03 9.107258e+03 9.167907e+03 9.176035e+03
3.7 9.201441e+03 9.192278e+03 9.164080e+03 9.173242e+03
4.7 9.134756e+03 9.198944e+03 9.165092e+03 9.100904e+03
5.7 9.100615e+03 9.144161e+03 9.165490e+03 9.121944e+03
6.7 9.086221e+03 9.094941e+03 9.162697e+03 9.153977e+03
7.7 9.057321e+03 9.099408e+03 9.162661e+03 9.120573e+03
8.7 9.006268e+03 9.048670e+03 9.166386e+03 9.123985e+03
9.7 8.956515e+03 8.994193e+03 9.169846e+03 9.132169e+03
10.7 8.925952e+03 8.964613e+03 9.168517e+03 9.129856e+03
11.7 9.027839e+03 8.992179e+03 9.164492e+03 9.200151e+03
12.7 9.112264e+03 9.063622e+03 9.164479e+03 9.213120e+03
13.7 9.220427e+03 9.148460e+03 9.167814e+03 9.239781e+03
14.7 9.170345e+03 9.141843e+03 9.171067e+03 9.199569e+03
15.7 9.142653e+03 9.140395e+03 9.173055e+03 9.175313e+03
16.7 9.086583e+03 9.112219e+03 9.173771e+03 9.148135e+03
17.7 9.083059e+03 9.106189e+03 9.171040e+03 9.147910e+03
18.7 9.093021e+03 9.076719e+03 9.165444e+03 9.181747e+03
19.7 9.142386e+03 9.166729e+03 9.163654e+03 9.139311e+03
20.7 9.146823e+03 9.170038e+03 9.165334e+03 9.142119e+03
21.7 9.130057e+03 9.165067e+03 9.164084e+03 9.129074e+03
0.1 9.201441e+03 9.192278e+03 9.164080e+03 9.173242e+03
1.1 9.134756e+03 9.198944e+03 9.165092e+03 9.100904e+03
2.1 9.100615e+03 9.144161e+03 9.165490e+03 9.121944e+03
3.1 9.086221e+03 9.094941e+03 9.162697e+03 9.153977e+03
4.1 9.057321e+03 9.099408e+03 9.162661e+03 9.120573e+03
5.1 9.006268e+03 9.048670e+03 9.166386e+03 9.123985e+03
6.1 8.956515e+03 8.994193e+03 9.169846e+03 9.132169e+03
7.1 8.925952e+03 8.964613e+03 9.168517e+03 9.129856e+03
8.1 9.027839e+03 8.992179e+03 9.164492e+03 9.200151e+03
9.1 9.112264e+03 9.063622e+03 9.164479e+03 9.213120e+03
10.1 9.220427e+03 9.148460e+03 9.167814e+03 9.239781e+03
11.1 9.170345e+03 9.141843e+03 9.171067e+03 9.199569e+03
12.1 9.142653e+03 9.140395e+03 9.173055e+03 9.175313e+03
13.1 9.086583e+03 9.112219e+03 9.173771e+03 9.148135e+03
14.1 9.083059e+03 9.106189e+03 9.171040e+03 9.147910e+03
15.1 9.093021e+03 9.076719e+03 9.165444e+03 9.181747e+03
16.1 9.142386e+03 9.166729e+03 9.163654e+03 9.139311e+03
17.1 9.146823e+03 9.170038e+03 9.165334e+03 9.142119e+03
18.1 9.130057e+03 9.165067e+03 9.164084e+03 9.129074e+03
19.1 9.148348e+03 9.127903e+03 9.161956e+03 9.182400e+03
20.1 9.182635e+03 9.157778e+03 9.163952e+03 9.188809e+03
21.1 9.197685e+03 9.198286e+03 9.165837e+03 9.165236e+03
0.3 9.006268e+03 9.048670e+03 9.166386e+03 9.123985e+03
1.3 8.956515e+03 8.994193e+03 9.169846e+03 9.132169e+03
2.3 8.925952e+03 8.964613e+03 9.168517e+03 9.129856e+03
3.3 9.027839e+03 8.992179e+03 9.164492e+03 9.200151e+03
4.3 9.112264e+03 9.063622e+03 9.164479e+03 9.213120e+03
5.3 9.220427e+03 9.148460e+03 9.167814e+03 9.239781e+03
6.3 9.170345e+03 9.141843e+03 9.171067e+03 9.199569e+03
7.3 9.142653e+03 9.140395e+03 9.173055e+03 9.175313e+03
8.3 9.086583e+03 9.112219e+03 9.173771e+03 9.148135e+03
9.3 9.083059e+03 9.106189e+03 9.171040e+03 9.147910e+03
10.3 9.093021e+03 9.076719e+03 9.165444e+03 9.181747e+03
11.3 9.142386e+03 9.166729e+03 9.163654e+03 9.139311e+03
12.3 9.146823e+03 9.170038e+03 9.165334e+03 9.142119e+03
13.3 9.130057e+03 9.165067e+03 9.164084e+03 9.129074e+03
14.3 9.148348e+03 9.127903e+03 9.161956e+03 9.182400e+03
15.3 9.182635e+03 9.157778e+03 9.163952e+03 9.188809e+03
16.3 9.197685e+03 9.198286e+03 9.165837e+03 9.165236e+03
17.3 9.163634e+03 9.179059e+03 9.163682e+03 9.148258e+03
18.3 9.159623e+03 9.191846e+03 9.163021e+03 9.130798e+03
19.3 9.192199e+03 9.172103e+03 9.165657e+03 9.185754e+03
20.3 9.163600e+03 9.140850e+03 9.165494e+03 9.188244e+03
21.3 9.177828e+03 9.145400e+03 9.163001e+03 9.195429e+03
0.1 9.142653e+03 9.140395e+03 9.173055e+03 9.175313e+03
1.1 9.086583e+03 9.112219e+03 9.173771e+03 9.148135e+03
2.1 9.083059e+03 9.106189e+03 9.171040e+03 9.147910e+03
3.1 9.093021e+03 9.076719e+03 9.165444e+03 9.181747e+03
4.1 9.142386e+03 9.166729e+03 9.163654e+03 9.139311e+03
5.1 9.146823e+03 9.170038e+03 9.165334e+03 9.142119e+03
6.1 9.130057e+03 9.165067e+03 9.164084e+03 9.129074e+03
7.1 9.148348e+03 9.127903e+03 9.161956e+03 9.182400e+03
8.1 9.182635e+03 9.157778e+03 9.163952e+03 9.188809e+03
9.1 9.197685e+03 9.198286e+03 9.165837e+03 9.165236e+03
10.1 9.163634e+03 9.179059e+03 9.163682e+03 9.148258e+03
11.1 9.159623e+03 9.191846e+03 9.163021e+03 9.130798e+03
12.1 9.192199e+03 9.172103e+03 9.165657e+03 9.185754e+03
13.1 9.163600e+03 9.140850e+03 9.165494e+03 9.188244e+03
14.1 9.177828e+03 9.145400e+03 9.163001e+03 9.195429e+03
15.1 9.149440e+03 9.157435e+03 9.164181e+03 9.156186e+03
16.1 9.171005e+03 9.192049e+03 9.168089e+03 9.147044e+03
17.1 9.160870e+03 9.158137e+03 9.170431e+03 9.173164e+03
18.1 9.168723e+03 9.161305e+03 9.167619e+03 9.175036e+03
19.1 9.191294e+03 9.199403e+03 9.164073e+03 9.155964e+03
20.1 9.161201e+03 9.168386e+03 9.165206e+03 9.158021e+03
21.1 9.162244e+03 9.182722e+03 9.168748e+03 9.148271e+03
0.5 9.142386e+03 9.166729e+03 9.163654e+03 9.139311e+03
1.5 9.146823e+03 9.170038e+03 9.165334e+03 9.142119e+03
2.5 9.130057e+03 9.165067e+03 9.164084e+03 9.129074e+03
3.5 9.148348e+03 9.127903e+03 9.161956e+03 9.182400e+03
4.5 9.182635e+03 9.157778e+03 9.163952e+03 9.188809e+03
5.5 9.197685e+03 9.198286e+03 9.165837e+03 9.165236e+03
6.5 9.163634e+03 9.179059e+03 9.163682e+03 9.148258e+03
7.5 9.159623e+03 9.191846e+03 9.163021e+03 9.130798e+03
8.5 9.192199e+03 9.172103e+03 9.165657e+03 9.185754e+03
9.5 9.163600e+03 9.140850e+03 9.165494e+03 9.188244e+03
10.5 9.177828e+03 9.145400e+03 9.163001e+03 9.195429e+03
11.5 9.149440e+03 9.157435e+03 9.164181e+03 9.156186e+03
12.5 9.171005e+03 9.192049e+03 9.168089e+03 9.147044e+03
13.5 9.160870e+03 9.158137e+03 9.170431e+03 9.173164e+03
14.5 9.168723e+03 9.161305e+03 9.167619e+03 9.175036e+03
15.5 9.191294e+03 9.199403e+03 9.164073e+03 9.155964e+03
16.5 9.161201e+03 9.168386e+03 9.165206e+03 9.158021e+03
17.5 9.162244e+03 9.182722e+03 9.168748e+03 9.148271e+03
18.5 9.107002e+03 9.120585e+03 9.171685e+03 9.158102e+03
19.5 9.075314e+03 9.118581e+03 9.172275e+03 9.129007e+03
20.5 9.146506e+03 9.093734e+03 9.168246e+03 9.221018e+03
21.5 9.203030e+03 9.158417e+03 9.164046e+03 9.208658e+03
0.9 9.182635e+03 9.157778e+03 9.163952e+03 9.188809e+03
1.9 9.197685e+03 9.198286e+03 9.165837e+03 9.165236e+03
2.9 9.163634e+03 9.179059e+03 9.163682e+03 9.148258e+03
3.9 9.159623e+03 9.191846e+03 9.163021e+03 9.130798e+03
4.9 9.192199e+03 9.172103e+03 9.165657e+03 9.185754e+03
5.9 9.163600e+03 9.140850e+03 9.165494e+03 9.188244e+03
6.9 9.177828e+03 9.145400e+03 9.163001e+03 9.195429e+03
7.9 9.149440e+03 9.157435e+03 9.164181e+03 9.156186e+03
8.9 9.171005e+03 9.192049e+03 9.168089e+03 9.147044e+03
9.9 9.160870e+03 9.158137e+03 9.170431e+03 9.173164e+03
10.9 9.168723e+03 9.161305e+03 9.167619e+03 9.175036e+03
11.9 9.191294e+03 9.199403e+03 9.164073e+03 9.155964e+03
12.9 9.161201e+03 9.168386e+03 9.165206e+03 9.158021e+03
13.9 9.162244e+03 9.182722e+03 9.168748e+03 9.148271e+03
14.9 9.107002e+03 9.120585e+03 9.171685e+03 9.158102e+03
15.9 9.075314e+03 9.118581e+03 9.172275e+03 9.129007e+03
16.9 9.146506e+03 9.093734e+03 9.168246e+03 9.221018e+03
17.9 9.203030e+03 9.158417e+03 9.164046e+03 9.208658e+03
18.9 9.215347e+03 9.214143e+03 9.164869e+03 9.166073e+03
19.9 9.168156e+03 9.151705e+03 9.168314e+03 9.184765e+03
20.9 9.161247e+03 9.158826e+03 9.171285e+03 9.173706e+03
21.9 9.145055e+03 9.105832e+03 9.171970e+03 9.211193e+03
0.4 9.159623e+03 9.191846e+03 9.163021e+03 9.130798e+03
1.4 9.192199e+03 9.172103e+03 9.165657e+03 9.185754e+03
2.4 9.163600e+03 9.140850e+03 9.165494e+03 9.188244e+03
3.4 9.177828e+03 9.145400e+03 9.163001e+03 9.195429e+03
4.4 9.149440e+03 9.157435e+03 9.164181e+03 9.156186e+03
5.4 9.171005e+03 9.192049e+03 9.168089e+03 9.147044e+03
6.4 9.160870e+03 9.158137e+03 9.170431e+03 9.173164e+03
7.4 9.168723e+03 9.161305e+03 9.167619e+03 9.175036e+03
8.4 9.191294e+03 9.199403e+03 9.164073e+03 9.155964e+03
9.4 9.161201e+03 9.168386e+03 9.165206e+03 9.158021e+03
10.4 9.162244e+03 9.182722e+03 9.168748e+03 9.148271e+03
11.4 9.107002e+03 9.120585e+03 9.171685e+03 9.158102e+03
12.4 9.075314e+03 9.118581e+03 9.172275e+03 9.129007e+03
13.4 9.146506e+03 9.093734e+03 9.168246e+03 9.221018e+03
14.4 9.203030e+03 9.158417e+03 9.164046e+03 9.208658e+03
15.4 9.215347e+03 9.214143e+03 9.164869e+03 9.166073e+03
16.4 9.168156e+03 9.151705e+03 9.168314e+03 9.184765e+03
17.4 9.161247e+03 9.158826e+03 9.171285e+03 9.173706e+03
18.4 9.145055e+03 9.105832e+03 9.171970e+03 9.211193e+03
19.4 9.170003e+03 9.152873e+03 9.168044e+03 9.185174e+03
20.4 9.159164e+03 9.156650e+03 9.163926e+03 9.166440e+03
21.4 9.185260e+03 9.202183e+03 9.164805e+03 9.147881e+03
0.5 9.171005e+03 9.192049e+03 9.168089e+03 9.147044e+03
1.5 9.160870e+03 9.158137e+03 9.170431e+03 9.173164e+03
2.5 9.168723e+03 9.161305e+03 9.167619e+03 9.175036e+03
3.5 9.191294e+03 9.199403e+03 9.164073e+03 9.155964e+03
4.5 9.161201e+03 9.168386e+03 9.165206e+03 9.158021e+03
5.5 9.162244e+03 9.182722e+03 9.168748e+03 9.148271e+03
6.5 9.107002e+03 9.120585e+03 9.171685e+03 9.158102e+03
7.5 9.075314e+03 9.118581e+03 9.172275e+03 9.129007e+03
8.5 9.146506e+03 9.093734e+03 9.168246e+03 9.221018e+03
9.5 9.203030e+03 9.158417e+03 9.164046e+03 9.208658e+03
10.5 9.215347e+03 9.214143e+03 9.164869e+03 9.166073e+03
11.5 9.168156e+03 9.151705e+03 9.168314e+03 9.184765e+03
12.5 9.161247e+03 9.158826e+03 9.171285e+03 9.173706e+03
13.5 9.145055e+03 9.105832e+03 9.171970e+03 9.211193e+03
14.5 9.170003e+03 9.152873e+03 9.168044e+03 9.185174e+03
15.5 9.159164e+03 9.156650e+03 9.163926e+03 9.166440e+03
16.5 9.185260e+03 9.202183e+03 9.164805e+03 9.147881e+03
17.5 9.218564e+03 9.198654e+03 9.168282e+03 9.188192e+03
18.5 9.230694e+03 9.214476e+03 9.171268e+03 9.187486e+03
19.5 9.156217e+03 9.118787e+03 9.171881e+03 9.209311e+03
20.5 9.128316e+03 9.133441e+03 9.167871e+03 9.162746e+03
21.5 9.177509e+03 9.144652e+03 9.163876e+03 9.196734e+03
0.5 9.107002e+03 9.120585e+03 9.171685e+03 9.158102e+03
1.5 9.075314e+03 9.118581e+03 9.172275e+03 9.129007e+03
2.5 9.146506e+03 9.093734e+03 9.168246e+03 9.221018e+03
3.5 9.203030e+03 9.158417e+03 9.164046e+03 9.208658e+03
4.5 9.215347e+03 9.214143e+03 9.164869e+03 9.166073e+03
5.5 9.168156e+03 9.151705e+03 9.168314e+03 9.184765e+03
6.5 9.161247e+03 9.158826e+03 9.171285e+03 9.173706e+03
7.5 9.145055e+03 9.105832e+03 9.171970e+03 9.211193e+03
8.5 9.170003e+03 9.152873e+03 9.168044e+03 9.185174e+03
9.5 9.159164e+03 9.156650e+03 9.163926e+03 9.166440e+03
10.5 9.185260e+03 9.202183e+03 9.164805e+03 9.147881e+03
11.5 9.218564e+03 9.198654e+03 9.168282e+03 9.188192e+03
12.5 9.230694e+03 9.214476e+03 9.171268e+03 9.187486e+03
13.5 9.156217e+03 9.118787e+03 9.171881e+03 9.209311e+03
14.5 9.128316e+03 9.133441e+03 9.167871e+03 9.162746e+03
15.5 9.177509e+03 9.144652e+03 9.163876e+03 9.196734e+03
16.5 9.207837e+03 9.217950e+03 9.164892e+03 9.154779e+03
17.5 9.232406e+03 9.250912e+03 9.168346e+03 9.149841e+03
18.5 9.168384e+03 9.166682e+03 9.169487e+03 9.171190e+03
19.5 9.128704e+03 9.175570e+03 9.165880e+03 9.119013e+03
20.5 9.155674e+03 9.161420e+03 9.163404e+03 9.157658e+03
21.5 9.203159e+03 9.230378e+03 9.165281e+03 9.138062e+03
0.5 9.161247e+03 9.158826e+03 9.171285e+03 9.173706e+03
1.5 9.145055e+03 9.105832e+03 9.171970e+03 9.211193e+03
2.5 9.170003e+03 9.152873e+03 9.168044e+03 9.185174e+03
3.5 9.159164e+03 9.156650e+03 9.163926e+03 9.166440e+03
4.5 9.185260e+03 9.202183e+03 9.164805e+03 9.147881e+03
5.5 9.218564e+03 9.198654e+03 9.168282e+03 9.188192e+03
6.5 9.230694e+03 9.214476e+03 9.171268e+03 9.187486e+03
7.5 9.156217e+03 9.118787e+03 9.171881e+03 9.209311e+03
8.5 9.128316e+03 9.133441e+03 9.167871e+03 9.162746e+03
9.5 9.177509e+03 9.144652e+03 9.163876e+03 9.196734e+03
10.5 9.207837e+03 9.217950e+03 9.164892e+03 9.154779e+03
11.5 9.232406e+03 9.250912e+03 9.168346e+03 9.149841e+03
12.5 9.168384e+03 9.166682e+03 9.169487e+03 9.171190e+03
13.5 9.128704e+03 9.175570e+03 9.165880e+03 9.119013e+03
14.5 9.155674e+03 9.161420e+03 9.163404e+03 9.157658e+03
15.5 9.203159e+03 9.230378e+03 9.165281e+03 9.138062e+03
16.5 9.215696e+03 9.217442e+03 9.165597e+03 9.163852e+03
17.5 9.176839e+03 9.135328e+03 9.162881e+03 9.204392e+03
18.5 9.203671e+03 9.180937e+03 9.163301e+03 9.186035e+03
19.5 9.262295e+03 9.207120e+03 9.167096e+03 9.222271e+03
20.5 9.198057e+03 9.210820e+03 9.170101e+03 9.157337e+03
21.5 9.166711e+03 9.214428e+03 9.168096e+03 9.120378e+03
0.6 9.230694e+03 9.214476e+03 9.171268e+03 9.187486e+03
1.6 9.156217e+03 9.118787e+03 9.171881e+03 9.209311e+03
2.6 9.128316e+03 9.133441e+03 9.167871e+03 9.162746e+03
3.6 9.177509e+03 9.144652e+03 9.163876e+03 9.196734e+03
4.6 9.207837e+03 9.217950e+03 9.164892e+03 9.154779e+03
5.6 9.232406e+03 9.250912e+03 9.168346e+03 9.149841e+03
6.6 9.168384e+03 9.166682e+03 9.169487e+03 9.171190e+03
7.6 9.128704e+03 9.175570e+03 9.165880e+03 9.119013e+03
8.6 9.155674e+03 9.161420e+03 9.163404e+03 9.157658e+03
9.6 9.203159e+03 9.230378e+03 9.165281e+03 9.138062e+03
10.6 9.215696e+03 9.217442e+03 9.165597e+03 9.163852e+03
11.6 9.176839e+03 9.135328e+03 9.162881e+03 9.204392e+03
12.6 9.203671e+03 9.180937e+03 9.163301e+03 9.186035e+03
13.6 9.262295e+03 9.207120e+03 9.167096e+03 9.222271e+03
14.6 9.198057e+03 9.210820e+03 9.170101e+03 9.157337e+03
15.6 9.166711e+03 9.214428e+03 9.168096e+03 9.120378e+03
16.6 9.134136e+03 9.149913e+03 9.164233e+03 9.148457e+03
17.6 9.180804e+03 9.213736e+03 9.164760e+03 9.131829e+03
18.6 9.237470e+03 9.198583e+03 9.168213e+03 9.207099e+03
19.6 9.132555e+03 9.162767e+03 9.170085e+03 9.139873e+03
20.6 9.081092e+03 9.121811e+03 9.166978e+03 9.126259e+03
21.6 9.141949e+03 9.146326e+03 9.163686e+03 9.159309e+03
0.8 9.232406e+03 9.250912e+03 9.168346e+03 9.149841e+03
1.8 9.168384e+03 9.166682e+03 9.169487e+03 9.171190e+03
2.8 9.128704e+03 9.175570e+03 9.165880e+03 9.119013e+03
3.8 9.155674e+03 9.161420e+03 9.163404e+03 9.157658e+03
4.8 9.203159e+03 9.230378e+03 9.165281e+03 9.138062e+03
5.8 9.215696e+03 9.217442e+03 9.165597e+03 9.163852e+03
6.8 9.176839e+03 9.135328e+03 9.162881e+03 9.204392e+03
7.8 9.203671e+03 9.180937e+03 9.163301e+03 9.186035e+03
8.8 9.262295e+03 9.207120e+03 9.167096e+03 9.222271e+03
9.8 9.198057e+03 9.210820e+03 9.170101e+03 9.157337e+03
10.8 9.166711e+03 9.214428e+03 9.168096e+03 9.120378e+03
11.8 9.134136e+03 9.149913e+03 9.164233e+03 9.148457e+03
12.8 9.180804e+03 9.213736e+03 9.164760e+03 9.131829e+03
13.8 9.237470e+03 9.198583e+03 9.168213e+03 9.207099e+03
14.8 9.132555e+03 9.162767e+03 9.170085e+03 9.139873e+03
15.8 9.081092e+03 9.121811e+03 9.166978e+03 9.126259e+03
16.8 9.141949e+03 9.146326e+03 9.163686e+03 9.159309e+03
17.8 9.070198e+03 9.145707e+03 9.164971e+03 9.089462e+03
18.8 9.052554e+03 9.137984e+03 9.165808e+03 9.080379e+03
19.8 9.080138e+03 9.060781e+03 9.163172e+03 9.182529e+03
20.8 9.144687e+03 9.142302e+03 9.162938e+03 9.165324e+03
21.8 9.062376e+03 9.104515e+03 9.165687e+03 9.123547e+03
0.2 9.155674e+03 9.161420e+03 9.163404e+03 9.157658e+03
1.2 9.203159e+03 9.230378e+03 9.165281e+03 9.138062e+03
2.2 9.215696e+03 9.217442e+03 9.165597e+03 9.163852e+03
3.2 9.176839e+03 9.135328e+03 9.162881e+03 9.204392e+03
4.2 9.203671e+03 9.180937e+03 9.163301e+03 9.186035e+03
5.2 9.262295e+03 9.207120e+03 9.167096e+03 9.222271e+03
6.2 9.198057e+03 9.210820e+03 9.170101e+03 9.157337e+03
7.2 9.166711e+03 9.214428e+03 9.168096e+03 9.120378e+03
8.2 9.134136e+03 9.149913e+03 9.164233e+03 9.148457e+03
9.2 9.180804e+03 9.213736e+03 9.164760e+03 9.131829e+03
10.2 9.237470e+03 9.198583e+03 9.168213e+03 9.207099e+03
11.2 9.132555e+03 9.162767e+03 9.170085e+03 9.139873e+03
12.2 9.081092e+03 9.121811e+03 9.166978e+03 9.126259e+03
13.2 9.141949e+03 9.146326e+03 9.163686e+03 9.159309e+03
14.2 9.070198e+03 9.145707e+03 9.164971e+03 9.089462e+03
15.2 9.052554e+03 9.137984e+03 9.165808e+03 9.080379e+03
16.2 9.080138e+03 9.060781e+03 9.163172e+03 9.182529e+03
17.2 9.144687e+03 9.142302e+03 9.162938e+03 9.165324e+03
18.2 9.062376e+03 9.104515e+03 9.165687e+03 9.123547e+03
19.2 8.974403e+03 9.023536e+03 9.165183e+03 9.116050e+03
20.2 8.979331e+03 9.014226e+03 9.162857e+03 9.127962e+03
21.2 9.065778e+03 9.055529e+03 9.164364e+03 9.174613e+03
0.4 9.262295e+03 9.207120e+03 9.167096e+03 9.222271e+03
1.4 9.198057e+03 9.210820e+03 9.170101e+03 9.157337e+03
2.4 9.166711e+03 9.214428e+03 9.168096e+03 9.120378e+03
3.4 9.134136e+03 9.149913e+03 9.164233e+03 9.148457e+03
4.4 9.180804e+03 9.213736e+03 9.164760e+03 9.131829e+03
5.4 9.237470e+03 9.198583e+03 9.168213e+03 9.207099e+03
6.4 9.132555e+03 9.162767e+03 9.170085e+03 9.139873e+03
7.4 9.081092e+03 9.121811e+03 9.166978e+03 9.126259e+03
8.4 9.141949e+03 9.146326e+03 9.163686e+03 9.159309e+03
9.4 9.070198e+03 9.145707e+03 9.164971e+03 9.089462e+03
10.4 9.052554e+03 9.137984e+03 9.165808e+03 9.080379e+03
11.4 9.080138e+03 9.060781e+03 9.163172e+03 9.182529e+03
12.4 9.144687e+03 9.142302e+03 9.162938e+03 9.165324e+03
13.4 9.062376e+03 9.104515e+03 9.165687e+03 9.123547e+03
14.4 8.974403e+03 9.023536e+03 9.165183e+03 9.116050e+03
15.4 8.979331e+03 9.014226e+03 9.162857e+03 9.127962e+03
16.4 9.065778e+03 9.055529e+03 9.164364e+03 9.174613e+03
17.4 9.182551e+03 9.122504e+03 9.166324e+03 9.226370e+03
18.4 9.226990e+03 9.139191e+03 9.164197e+03 9.251996e+03
19.4 9.221151e+03 9.152022e+03 9.163047e+03 9.232177e+03
20.4 9.200179e+03 9.164865e+03 9.165995e+03 9.201308e+03
21.4 9.147751e+03 9.163080e+03 9.169934e+03 9.154605e+03
0.6 9.237470e+03 9.198583e+03 9.168213e+03 9.207099e+03
1.6 9.132555e+03 9.162767e+03 9.170085e+03 9.139873e+03
2.6 9.081092e+03 9.121811e+03 9.166978e+03 9.126259e+03
3.6 9.141949e+03 9.146326e+03 9.163686e+03 9.159309e+03
4.6 9.070198e+03 9.145707e+03 9.164971e+03 9.089462e+03
5.6 9.052554e+03 9.137984e+03 9.165808e+03 9.080379e+03
6.6 9.080138e+03 9.060781e+03 9.163172e+03 9.182529e+03
7.6 9.144687e+03 9.142302e+03 9.162938e+03 9.165324e+03
8.6 9.062376e+03 9.104515e+03 9.165687e+03 9.123547e+03
9.6 8.974403e+03 9.023536e+03 9.165183e+03 9.116050e+03
10.6 8.979331e+03 9.014226e+03 9.162857e+03 9.127962e+03
11.6 9.065778e+03 9.055529e+03 9.164364e+03 9.174613e+03
12.6 9.182551e+03 9.122504e+03 9.166324e+03 9.226370e+03
13.6 9.226990e+03 9.139191e+03 9.164197e+03 9.251996e+03
14.6 9.221151e+03 9.152022e+03 9.163047e+03 9.232177e+03
15.6 9.200179e+03 9.164865e+03 9.165995e+03 9.201308e+03
16.6 9.147751e+03 9.163080e+03 9.169934e+03 9.154605e+03
17.6 9.044965e+03 9.073453e+03 9.172589e+03 9.144100e+03
18.6 9.087064e+03 9.101854e+03 9.171928e+03 9.157138e+03
19.6 9.173001e+03 9.130987e+03 9.166972e+03 9.208986e+03
20.6 9.265161e+03 9.221259e+03 9.163959e+03 9.207860e+03
21.6 9.236223e+03 9.214518e+03 9.165877e+03 9.187582e+03
1.0 9.070198e+03 9.145707e+03 9.164971e+03 9.089462e+03
2.0 9.052554e+03 9.137984e+03 9.165808e+03 9.080379e+03
3.0 9.080138e+03 9.060781e+03 9.163172e+03 9.182529e+03
4.0 9.144687e+03 9.142302e+03 9.162938e+03 9.165324e+03
5.0 9.062376e+03 9.104515e+03 9.165687e+03 9.123547e+03
6.0 8.974403e+03 9.023536e+03 9.165183e+03 9.116050e+03
7.0 8.979331e+03 9.014226e+03 9.162857e+03 9.127962e+03
8.0 9.065778e+03 9.055529e+03 9.164364e+03 9.174613e+03
9.0 9.182551e+03 9.122504e+03 9.166324e+03 9.226370e+03
10.0 9.226990e+03 9.139191e+03 9.164197e+03 9.251996e+03
11.0 9.221151e+03 9.152022e+03 9.163047e+03 9.232177e+03
12.0 9.200179e+03 9.164865e+03 9.165995e+03 9.201308e+03
13.0 9.147751e+03 9.163080e+03 9.169934e+03 9.154605e+03
14.0 9.044965e+03 9.073453e+03 9.172589e+03 9.144100e+03
15.0 9.087064e+03 9.101854e+03 9.171928e+03 9.157138e+03
16.0 9.173001e+03 9.130987e+03 9.166972e+03 9.208986e+03
17.0 9.265161e+03 9.221259e+03 9.163959e+03 9.207860e+03
18.0 9.236223e+03 9.214518e+03 9.165877e+03 9.187582e+03
19.0 9.183655e+03 9.185700e+03 9.169340e+03 9.167295e+03
20.0 9.145875e+03 9.143642e+03 9.171881e+03 9.174114e+03
21.0 9.148761e+03 9.140942e+03 9.171311e+03 9.179131e+03
22.0 9.146853e+03 9.092346e+03 9.166524e+03 9.221031e+03
0.4 9.144687e+03 9.142302e+03 9.162938e+03 9.165324e+03
1.4 9.062376e+03 9.104515e+03 9.165687e+03 9.123547e+03
2.4 8.974403e+03 9.023536e+03 9.165183e+03 9.116050e+03
3.4 8.979331e+03 9.014226e+03 9.162857e+03 9.127962e+03
4.4 9.065778e+03 9.055529e+03 9.164364e+03 9.174613e+03
5.4 9.182551e+03 9.122504e+03 9.166324e+03 9.226370e+03
6.4 9.226990e+03 9.139191e+03 9.164197e+03 9.251996e+03
7.4 9.221151e+03 9.152022e+03 9.163047e+03 9.232177e+03
8.4 9.200179e+03 9.164865e+03 9.165995e+03 9.201308e+03
9.4 9.147751e+03 9.163080e+03 9.169934e+03 9.154605e+03
10.4 9.044965e+03 9.073453e+03 9.172589e+03 9.144100e+03
11.4 9.087064e+03 9.101854e+03 9.171928e+03 9.157138e+03
12.4 9.173001e+03 9.130987e+03 9.166972e+03 9.208986e+03
13.4 9.265161e+03 9.221259e+03 9.163959e+03 9.207860e+03
14.4 9.236223e+03 9.214518e+03 9.165877e+03 9.187582e+03
15.4 9.183655e+03 9.185700e+03 9.169340e+03 9.167295e+03
16.4 9.145875e+03 9.143642e+03 9.171881e+03 9.174114e+03
17.4 9.148761e+03 9.140942e+03 9.171311e+03 9.179131e+03
18.4 9.146853e+03 9.092346e+03 9.166524e+03 9.221031e+03
19.4 9.179129e+03 9.147721e+03 9.163674e+03 9.195083e+03
20.4 9.188778e+03 9.195503e+03 9.165714e+03 9.158990e+03
21.4 9.152317e+03 9.146054e+03 9.169256e+03 9.175519e+03
0.8 9.065778e+03 9.055529e+03 9.164364e+03 9.174613e+03
1.8 9.182551e+03 9.122504e+03 9.166324e+03 9.226370e+03
2.8 9.226990e+03 9.139191e+03 9.164197e+03 9.251996e+03
3.8 9.221151e+03 9.152022e+03 9.163047e+03 9.232177e+03
4.8 9.200179e+03 9.164865e+03 9.165995e+03 9.201308e+03
5.8 9.147751e+03 9.163080e+03 9.169934e+03 9.154605e+03
6.8 9.044965e+03 9.073453e+03 9.172589e+03 9.144100e+03
7.8 9.087064e+03 9.101854e+03 9.171928e+03 9.157138e+03
8.8 9.173001e+03 9.130987e+03 9.166972e+03 9.208986e+03
9.8 9.265161e+03 9.221259e+03 9.163959e+03 9.207860e+03
10.8 9.236223e+03 9.214518e+03 9.165877e+03 9.187582e+03
11.8 9.183655e+03 9.185700e+03 9.169340e+03 9.167295e+03
12.8 9.145875e+03 9.143642e+03 9.171881e+03 9.174114e+03
13.8 9.148761e+03 9.140942e+03 9.171311e+03 9.179131e+03
14.8 9.146853e+03 9.092346e+03 9.166524e+03 9.221031e+03
15.8 9.179129e+03 9.147721e+03 9.163674e+03 9.195083e+03
16.8 9.188778e+03 9.195503e+03 9.165714e+03 9.158990e+03
17.8 9.152317e+03 9.146054e+03 9.169256e+03 9.175519e+03
18.8 9.127966e+03 9.192503e+03 9.171903e+03 9.107366e+03
19.8 9.159500e+03 9.186090e+03 9.173384e+03 9.146795e+03
20.8 9.180526e+03 9.191189e+03 9.174056e+03 9.163392e+03
21.8 9.184263e+03 9.227118e+03 9.174224e+03 9.131370e+03
0.8 9.044965e+03 9.073453e+03 9.172589e+03 9.144100e+03
1.8 9.087064e+03 9.101854e+03 9.171928e+03 9.157138e+03
2.8 9.173001e+03 9.130987e+03 9.166972e+03 9.208986e+03
3.8 9.265161e+03 9.221259e+03 9.163959e+03 9.207860e+03
4.8 9.236223e+03 9.214518e+03 9.165877e+03 9.187582e+03
5.8 9.183655e+03 9.185700e+03 9.169340e+03 9.167295e+03
6.8 9.145875e+03 9.143642e+03 9.171881e+03 9.174114e+03
7.8 9.148761e+03 9.140942e+03 9.171311e+03 9.179131e+03
8.8 9.146853e+03 9.092346e+03 9.166524e+03 9.221031e+03
9.8 9.179129e+03 9.147721e+03 9.163674e+03 9.195083e+03
10.8 9.188778e+03 9.195503e+03 9.165714e+03 9.158990e+03
11.8 9.152317e+03 9.146054e+03 9.169256e+03 9.175519e+03
12.8 9.127966e+03 9.192503e+03 9.171903e+03 9.107366e+03
13.8 9.159500e+03 9.186090e+03 9.173384e+03 9.146795e+03
14.8 9.180526e+03 9.191189e+03 9.174056e+03 9.163392e+03
15.8 9.184263e+03 9.227118e+03 9.174224e+03 9.131370e+03
0.8 9.145875e+03 9.143642e+03 9.171881e+03 9.174114e+03
1.8 9.148761e+03 9.140942e+03 9.171311e+03 9.179131e+03
2.8 9.146853e+03 9.092346e+03 9.166524e+03 9.221031e+03
3.8 9.179129e+03 9.147721e+03 9.163674e+03 9.195083e+03
4.8 9.188778e+03 9.195503e+03 9.165714e+03 9.158990e+03
5.8 9.152317e+03 9.146054e+03 9.169256e+03 9.175519e+03
6.8 9.127966e+03 9.192503e+03 9.171903e+03 9.107366e+03
7.8 9.159500e+03 9.186090e+03 9.173384e+03 9.146795e+03
8.8 9.180526e+03 9.191189e+03 9.174056e+03 9.163392e+03
9.8 9.184263e+03 9.227118e+03 9.174224e+03 9.131370e+03
