0.2 9.974670e+03 1.000437e+04 9.970909e+03 9.941206e+03
1.2 1.001646e+04 1.004153e+04 9.967336e+03 9.942263e+03
2.2 1.001464e+04 1.001413e+04 9.943826e+03 9.944335e+03
3.2 9.950702e+03 9.935746e+03 9.929834e+03 9.944790e+03
4.2 9.901700e+03 9.914811e+03 9.938576e+03 9.925466e+03
5.2 9.897036e+03 9.896734e+03 9.953424e+03 9.953726e+03
6.2 9.955560e+03 9.949251e+03 9.964396e+03 9.970705e+03
7.2 1.001576e+04 9.996928e+03 9.970646e+03 9.989481e+03
8.2 1.004505e+04 1.001981e+04 9.973638e+03 9.998883e+03
9.2 1.000225e+04 9.980440e+03 9.974562e+03 9.996373e+03
10.2 1.000283e+04 1.003737e+04 9.974149e+03 9.939610e+03
11.2 1.004727e+04 1.003533e+04 9.961608e+03 9.973549e+03
12.2 1.000940e+04 1.000555e+04 9.936296e+03 9.940142e+03
13.2 9.983063e+03 9.955632e+03 9.932652e+03 9.960083e+03
14.2 1.001630e+04 1.000499e+04 9.943858e+03 9.955169e+03
15.2 1.001347e+04 1.002346e+04 9.936506e+03 9.926513e+03
16.2 9.938486e+03 9.951196e+03 9.927100e+03 9.914390e+03
17.2 9.872141e+03 9.928773e+03 9.937560e+03 9.880929e+03
18.2 9.929410e+03 9.923358e+03 9.954383e+03 9.960435e+03
19.2 9.999178e+03 1.000845e+04 9.966526e+03 9.957259e+03
20.2 1.003838e+04 9.982528e+03 9.972893e+03 1.002875e+04
0.6 1.000283e+04 1.003737e+04 9.974149e+03 9.939610e+03
1.6 1.004727e+04 1.003533e+04 9.961608e+03 9.973549e+03
2.6 1.000940e+04 1.000555e+04 9.936296e+03 9.940142e+03
3.6 9.983063e+03 9.955632e+03 9.932652e+03 9.960083e+03
4.6 1.001630e+04 1.000499e+04 9.943858e+03 9.955169e+03
5.6 1.001347e+04 1.002346e+04 9.936506e+03 9.926513e+03
6.6 9.938486e+03 9.951196e+03 9.927100e+03 9.914390e+03
7.6 9.872141e+03 9.928773e+03 9.937560e+03 9.880929e+03
8.6 9.929410e+03 9.923358e+03 9.954383e+03 9.960435e+03
9.6 9.999178e+03 1.000845e+04 9.966526e+03 9.957259e+03
10.6 1.003838e+04 9.982528e+03 9.972893e+03 1.002875e+04
11.6 1.000591e+04 9.964672e+03 9.975459e+03 1.001669e+04
12.6 9.958124e+03 9.954412e+03 9.975862e+03 9.979574e+03
13.6 9.937313e+03 9.941976e+03 9.975138e+03 9.970475e+03
14.6 9.952858e+03 9.947896e+03 9.974002e+03 9.978965e+03
15.6 1.002294e+04 1.001516e+04 9.972913e+03 9.980685e+03
16.6 1.000285e+04 9.985082e+03 9.972081e+03 9.989852e+03
17.6 9.871171e+03 9.910465e+03 9.971537e+03 9.932243e+03
18.6 9.745108e+03 9.813840e+03 9.971221e+03 9.902488e+03
19.6 9.806086e+03 9.867019e+03 9.971028e+03 9.910095e+03
20.6 9.895793e+03 9.914367e+03 9.962420e+03 9.943846e+03
1.0 1.001630e+04 1.000499e+04 9.943858e+03 9.955169e+03
2.0 1.001347e+04 1.002346e+04 9.936506e+03 9.926513e+03
3.0 9.938486e+03 9.951196e+03 9.927100e+03 9.914390e+03
4.0 9.872141e+03 9.928773e+03 9.937560e+03 9.880929e+03
5.0 9.929410e+03 9.923358e+03 9.954383e+03 9.960435e+03
6.0 9.999178e+03 1.000845e+04 9.966526e+03 9.957259e+03
7.0 1.003838e+04 9.982528e+03 9.972893e+03 1.002875e+04
8.0 1.000591e+04 9.964672e+03 9.975459e+03 1.001669e+04
9.0 9.958124e+03 9.954412e+03 9.975862e+03 9.979574e+03
10.0 9.937313e+03 9.941976e+03 9.975138e+03 9.970475e+03
11.0 9.952858e+03 9.947896e+03 9.974002e+03 9.978965e+03
12.0 1.002294e+04 1.001516e+04 9.972913e+03 9.980685e+03
13.0 1.000285e+04 9.985082e+03 9.972081e+03 9.989852e+03
14.0 9.871171e+03 9.910465e+03 9.971537e+03 9.932243e+03
15.0 9.745108e+03 9.813840e+03 9.971221e+03 9.902488e+03
16.0 9.806086e+03 9.867019e+03 9.971028e+03 9.910095e+03
17.0 9.895793e+03 9.914367e+03 9.962420e+03 9.943846e+03
18.0 9.973827e+03 9.939031e+03 9.937253e+03 9.972050e+03
19.0 9.963547e+03 9.930319e+03 9.930642e+03 9.963871e+03
20.0 9.960246e+03 9.945870e+03 9.942881e+03 9.957257e+03
21.0 1.002365e+04 1.001483e+04 9.957093e+03 9.965912e+03
0.5 9.806086e+03 9.867019e+03 9.971028e+03 9.910095e+03
1.5 9.895793e+03 9.914367e+03 9.962420e+03 9.943846e+03
2.5 9.973827e+03 9.939031e+03 9.937253e+03 9.972050e+03
3.5 9.963547e+03 9.930319e+03 9.930642e+03 9.963871e+03
4.5 9.960246e+03 9.945870e+03 9.942881e+03 9.957257e+03
5.5 1.002365e+04 1.001483e+04 9.957093e+03 9.965912e+03
6.5 1.003212e+04 9.982708e+03 9.966603e+03 1.001601e+04
7.5 9.976367e+03 9.963480e+03 9.971772e+03 9.984658e+03
8.5 9.944560e+03 9.938648e+03 9.974072e+03 9.979985e+03
9.5 9.998147e+03 1.002689e+04 9.972018e+03 9.943273e+03
10.5 1.002792e+04 1.001858e+04 9.949228e+03 9.958567e+03
11.5 9.993218e+03 9.982999e+03 9.932265e+03 9.942484e+03
12.5 9.979913e+03 9.969214e+03 9.938766e+03 9.949466e+03
13.5 9.990931e+03 1.002302e+04 9.943905e+03 9.911816e+03
14.5 9.978090e+03 1.000202e+04 9.929851e+03 9.905920e+03
15.5 9.973351e+03 9.998998e+03 9.930370e+03 9.904723e+03
16.5 1.004060e+04 1.004438e+04 9.945980e+03 9.942198e+03
17.5 1.005750e+04 1.001780e+04 9.961110e+03 1.000081e+04
18.5 9.995707e+03 9.969917e+03 9.970237e+03 9.996027e+03
19.5 9.920693e+03 9.892030e+03 9.974500e+03 1.000316e+04
20.5 9.971257e+03 9.974742e+03 9.975853e+03 9.972368e+03
0.1 9.944560e+03 9.938648e+03 9.974072e+03 9.979985e+03
1.1 9.998147e+03 1.002689e+04 9.972018e+03 9.943273e+03
2.1 1.002792e+04 1.001858e+04 9.949228e+03 9.958567e+03
3.1 9.993218e+03 9.982999e+03 9.932265e+03 9.942484e+03
4.1 9.979913e+03 9.969214e+03 9.938766e+03 9.949466e+03
5.1 9.990931e+03 1.002302e+04 9.943905e+03 9.911816e+03
6.1 9.978090e+03 1.000202e+04 9.929851e+03 9.905920e+03
7.1 9.973351e+03 9.998998e+03 9.930370e+03 9.904723e+03
8.1 1.004060e+04 1.004438e+04 9.945980e+03 9.942198e+03
9.1 1.005750e+04 1.001780e+04 9.961110e+03 1.000081e+04
10.1 9.995707e+03 9.969917e+03 9.970237e+03 9.996027e+03
11.1 9.920693e+03 9.892030e+03 9.974500e+03 1.000316e+04
12.1 9.971257e+03 9.974742e+03 9.975853e+03 9.972368e+03
13.1 1.002326e+04 1.002479e+04 9.975601e+03 9.974074e+03
14.1 1.003276e+04 1.001797e+04 9.974603e+03 9.989395e+03
15.1 9.945973e+03 9.968191e+03 9.973449e+03 9.951231e+03
16.1 9.986944e+03 9.962673e+03 9.972402e+03 9.996673e+03
17.1 9.928592e+03 1.000324e+04 9.961309e+03 9.886660e+03
18.1 9.958088e+03 9.943226e+03 9.936052e+03 9.950914e+03
19.1 9.981554e+03 9.933215e+03 9.931425e+03 9.979764e+03
20.1 9.901395e+03 9.936799e+03 9.944292e+03 9.908888e+03
0.5 9.979913e+03 9.969214e+03 9.938766e+03 9.949466e+03
1.5 9.990931e+03 1.002302e+04 9.943905e+03 9.911816e+03
2.5 9.978090e+03 1.000202e+04 9.929851e+03 9.905920e+03
3.5 9.973351e+03 9.998998e+03 9.930370e+03 9.904723e+03
4.5 1.004060e+04 1.004438e+04 9.945980e+03 9.942198e+03
5.5 1.005750e+04 1.001780e+04 9.961110e+03 1.000081e+04
6.5 9.995707e+03 9.969917e+03 9.970237e+03 9.996027e+03
7.5 9.920693e+03 9.892030e+03 9.974500e+03 1.000316e+04
8.5 9.971257e+03 9.974742e+03 9.975853e+03 9.972368e+03
9.5 1.002326e+04 1.002479e+04 9.975601e+03 9.974074e+03
10.5 1.003276e+04 1.001797e+04 9.974603e+03 9.989395e+03
11.5 9.945973e+03 9.968191e+03 9.973449e+03 9.951231e+03
12.5 9.986944e+03 9.962673e+03 9.972402e+03 9.996673e+03
13.5 9.928592e+03 1.000324e+04 9.961309e+03 9.886660e+03
14.5 9.958088e+03 9.943226e+03 9.936052e+03 9.950914e+03
15.5 9.981554e+03 9.933215e+03 9.931425e+03 9.979764e+03
16.5 9.901395e+03 9.936799e+03 9.944292e+03 9.908888e+03
17.5 9.922222e+03 9.941578e+03 9.958152e+03 9.938796e+03
18.5 9.927966e+03 9.935490e+03 9.967141e+03 9.959617e+03
19.5 9.957364e+03 9.992937e+03 9.961595e+03 9.926022e+03
20.5 9.995495e+03 9.923692e+03 9.938867e+03 1.001067e+04
0.5 9.986944e+03 9.962673e+03 9.972402e+03 9.996673e+03
1.5 9.928592e+03 1.000324e+04 9.961309e+03 9.886660e+03
2.5 9.958088e+03 9.943226e+03 9.936052e+03 9.950914e+03
3.5 9.981554e+03 9.933215e+03 9.931425e+03 9.979764e+03
4.5 9.901395e+03 9.936799e+03 9.944292e+03 9.908888e+03
5.5 9.922222e+03 9.941578e+03 9.958152e+03 9.938796e+03
6.5 9.927966e+03 9.935490e+03 9.967141e+03 9.959617e+03
7.5 9.957364e+03 9.992937e+03 9.961595e+03 9.926022e+03
8.5 9.995495e+03 9.923692e+03 9.938867e+03 1.001067e+04
9.5 1.004788e+04 9.989971e+03 9.934855e+03 9.992760e+03
10.5 1.008132e+04 1.005269e+04 9.945766e+03 9.974394e+03
11.5 1.002715e+04 1.005128e+04 9.938578e+03 9.914441e+03
12.5 9.907519e+03 9.974697e+03 9.928152e+03 9.860974e+03
13.5 9.899441e+03 9.908102e+03 9.937733e+03 9.929073e+03
14.5 9.943028e+03 9.965080e+03 9.954302e+03 9.932250e+03
15.5 9.999977e+03 9.975322e+03 9.966463e+03 9.991118e+03
16.5 1.003759e+04 1.006601e+04 9.971364e+03 9.942946e+03
17.5 1.003159e+04 1.003522e+04 9.953742e+03 9.950119e+03
18.5 9.954758e+03 9.972573e+03 9.935472e+03 9.917658e+03
19.5 9.896235e+03 9.944520e+03 9.940067e+03 9.891782e+03
20.5 9.928462e+03 9.916899e+03 9.953764e+03 9.965327e+03
0.5 9.927966e+03 9.935490e+03 9.967141e+03 9.959617e+03
1.5 9.957364e+03 9.992937e+03 9.961595e+03 9.926022e+03
2.5 9.995495e+03 9.923692e+03 9.938867e+03 1.001067e+04
3.5 1.004788e+04 9.989971e+03 9.934855e+03 9.992760e+03
4.5 1.008132e+04 1.005269e+04 9.945766e+03 9.974394e+03
5.5 1.002715e+04 1.005128e+04 9.938578e+03 9.914441e+03
6.5 9.907519e+03 9.974697e+03 9.928152e+03 9.860974e+03
7.5 9.899441e+03 9.908102e+03 9.937733e+03 9.929073e+03
8.5 9.943028e+03 9.965080e+03 9.954302e+03 9.932250e+03
9.5 9.999977e+03 9.975322e+03 9.966463e+03 9.991118e+03
10.5 1.003759e+04 1.006601e+04 9.971364e+03 9.942946e+03
11.5 1.003159e+04 1.003522e+04 9.953742e+03 9.950119e+03
12.5 9.954758e+03 9.972573e+03 9.935472e+03 9.917658e+03
13.5 9.896235e+03 9.944520e+03 9.940067e+03 9.891782e+03
14.5 9.928462e+03 9.916899e+03 9.953764e+03 9.965327e+03
15.5 9.988432e+03 1.002018e+04 9.960692e+03 9.928939e+03
16.5 1.002063e+04 9.991095e+03 9.943088e+03 9.972618e+03
17.5 9.978163e+03 9.976141e+03 9.932797e+03 9.934819e+03
18.5 9.898015e+03 9.926577e+03 9.942903e+03 9.914341e+03
19.5 9.955199e+03 9.962087e+03 9.957428e+03 9.950540e+03
20.5 1.002523e+04 1.003629e+04 9.960052e+03 9.948995e+03
1.0 1.008132e+04 1.005269e+04 9.945766e+03 9.974394e+03
2.0 1.002715e+04 1.005128e+04 9.938578e+03 9.914441e+03
3.0 9.907519e+03 9.974697e+03 9.928152e+03 9.860974e+03
4.0 9.899441e+03 9.908102e+03 9.937733e+03 9.929073e+03
5.0 9.943028e+03 9.965080e+03 9.954302e+03 9.932250e+03
6.0 9.999977e+03 9.975322e+03 9.966463e+03 9.991118e+03
7.0 1.003759e+04 1.006601e+04 9.971364e+03 9.942946e+03
8.0 1.003159e+04 1.003522e+04 9.953742e+03 9.950119e+03
9.0 9.954758e+03 9.972573e+03 9.935472e+03 9.917658e+03
10.0 9.896235e+03 9.944520e+03 9.940067e+03 9.891782e+03
11.0 9.928462e+03 9.916899e+03 9.953764e+03 9.965327e+03
12.0 9.988432e+03 1.002018e+04 9.960692e+03 9.928939e+03
13.0 1.002063e+04 9.991095e+03 9.943088e+03 9.972618e+03
14.0 9.978163e+03 9.976141e+03 9.932797e+03 9.934819e+03
15.0 9.898015e+03 9.926577e+03 9.942903e+03 9.914341e+03
16.0 9.955199e+03 9.962087e+03 9.957428e+03 9.950540e+03
17.0 1.002523e+04 1.003629e+04 9.960052e+03 9.948995e+03
18.0 1.001004e+04 9.981234e+03 9.940137e+03 9.968941e+03
19.0 9.916844e+03 9.942271e+03 9.934223e+03 9.908796e+03
20.0 9.907937e+03 9.915800e+03 9.946267e+03 9.938404e+03
21.0 9.982923e+03 9.961937e+03 9.959881e+03 9.980868e+03
1.0 1.003759e+04 1.006601e+04 9.971364e+03 9.942946e+03
2.0 1.003159e+04 1.003522e+04 9.953742e+03 9.950119e+03
3.0 9.954758e+03 9.972573e+03 9.935472e+03 9.917658e+03
4.0 9.896235e+03 9.944520e+03 9.940067e+03 9.891782e+03
5.0 9.928462e+03 9.916899e+03 9.953764e+03 9.965327e+03
6.0 9.988432e+03 1.002018e+04 9.960692e+03 9.928939e+03
7.0 1.002063e+04 9.991095e+03 9.943088e+03 9.972618e+03
8.0 9.978163e+03 9.976141e+03 9.932797e+03 9.934819e+03
9.0 9.898015e+03 9.926577e+03 9.942903e+03 9.914341e+03
10.0 9.955199e+03 9.962087e+03 9.957428e+03 9.950540e+03
11.0 1.002523e+04 1.003629e+04 9.960052e+03 9.948995e+03
12.0 1.001004e+04 9.981234e+03 9.940137e+03 9.968941e+03
13.0 9.916844e+03 9.942271e+03 9.934223e+03 9.908796e+03
14.0 9.907937e+03 9.915800e+03 9.946267e+03 9.938404e+03
15.0 9.982923e+03 9.961937e+03 9.959881e+03 9.980868e+03
16.0 1.005672e+04 1.001654e+04 9.956299e+03 9.996483e+03
17.0 1.004579e+04 9.968197e+03 9.936536e+03 1.001413e+04
18.0 9.927772e+03 9.947561e+03 9.936001e+03 9.916212e+03
19.0 9.982963e+03 9.916032e+03 9.949705e+03 1.001664e+04
20.0 9.959734e+03 9.943257e+03 9.962552e+03 9.979029e+03
21.0 9.849437e+03 9.863267e+03 9.970211e+03 9.956381e+03
0.2 9.928462e+03 9.916899e+03 9.953764e+03 9.965327e+03
1.2 9.988432e+03 1.002018e+04 9.960692e+03 9.928939e+03
2.2 1.002063e+04 9.991095e+03 9.943088e+03 9.972618e+03
3.2 9.978163e+03 9.976141e+03 9.932797e+03 9.934819e+03
4.2 9.898015e+03 9.926577e+03 9.942903e+03 9.914341e+03
5.2 9.955199e+03 9.962087e+03 9.957428e+03 9.950540e+03
6.2 1.002523e+04 1.003629e+04 9.960052e+03 9.948995e+03
7.2 1.001004e+04 9.981234e+03 9.940137e+03 9.968941e+03
8.2 9.916844e+03 9.942271e+03 9.934223e+03 9.908796e+03
9.2 9.907937e+03 9.915800e+03 9.946267e+03 9.938404e+03
10.2 9.982923e+03 9.961937e+03 9.959881e+03 9.980868e+03
11.2 1.005672e+04 1.001654e+04 9.956299e+03 9.996483e+03
12.2 1.004579e+04 9.968197e+03 9.936536e+03 1.001413e+04
13.2 9.927772e+03 9.947561e+03 9.936001e+03 9.916212e+03
14.2 9.982963e+03 9.916032e+03 9.949705e+03 1.001664e+04
15.2 9.959734e+03 9.943257e+03 9.962552e+03 9.979029e+03
16.2 9.849437e+03 9.863267e+03 9.970211e+03 9.956381e+03
17.2 9.885867e+03 9.881216e+03 9.973883e+03 9.978534e+03
18.2 9.870404e+03 9.889924e+03 9.975144e+03 9.955624e+03
19.2 9.863874e+03 9.904558e+03 9.974996e+03 9.934312e+03
20.2 9.833145e+03 9.882839e+03 9.974153e+03 9.924459e+03
0.4 9.955199e+03 9.962087e+03 9.957428e+03 9.950540e+03
1.4 1.002523e+04 1.003629e+04 9.960052e+03 9.948995e+03
2.4 1.001004e+04 9.981234e+03 9.940137e+03 9.968941e+03
3.4 9.916844e+03 9.942271e+03 9.934223e+03 9.908796e+03
4.4 9.907937e+03 9.915800e+03 9.946267e+03 9.938404e+03
5.4 9.982923e+03 9.961937e+03 9.959881e+03 9.980868e+03
6.4 1.005672e+04 1.001654e+04 9.956299e+03 9.996483e+03
7.4 1.004579e+04 9.968197e+03 9.936536e+03 1.001413e+04
8.4 9.927772e+03 9.947561e+03 9.936001e+03 9.916212e+03
9.4 9.982963e+03 9.916032e+03 9.949705e+03 1.001664e+04
10.4 9.959734e+03 9.943257e+03 9.962552e+03 9.979029e+03
11.4 9.849437e+03 9.863267e+03 9.970211e+03 9.956381e+03
12.4 9.885867e+03 9.881216e+03 9.973883e+03 9.978534e+03
13.4 9.870404e+03 9.889924e+03 9.975144e+03 9.955624e+03
14.4 9.863874e+03 9.904558e+03 9.974996e+03 9.934312e+03
15.4 9.833145e+03 9.882839e+03 9.974153e+03 9.924459e+03
16.4 9.833759e+03 9.885680e+03 9.973143e+03 9.921222e+03
17.4 9.841711e+03 9.868349e+03 9.972283e+03 9.945646e+03
18.4 9.899630e+03 9.865490e+03 9.971676e+03 1.000582e+04
19.4 9.952842e+03 9.908507e+03 9.971303e+03 1.001564e+04
20.4 1.000770e+04 9.921285e+03 9.971097e+03 1.005751e+04
0.6 9.982923e+03 9.961937e+03 9.959881e+03 9.980868e+03
1.6 1.005672e+04 1.001654e+04 9.956299e+03 9.996483e+03
2.6 1.004579e+04 9.968197e+03 9.936536e+03 1.001413e+04
3.6 9.927772e+03 9.947561e+03 9.936001e+03 9.916212e+03
4.6 9.982963e+03 9.916032e+03 9.949705e+03 1.001664e+04
5.6 9.959734e+03 9.943257e+03 9.962552e+03 9.979029e+03
6.6 9.849437e+03 9.863267e+03 9.970211e+03 9.956381e+03
7.6 9.885867e+03 9.881216e+03 9.973883e+03 9.978534e+03
8.6 9.870404e+03 9.889924e+03 9.975144e+03 9.955624e+03
9.6 9.863874e+03 9.904558e+03 9.974996e+03 9.934312e+03
10.6 9.833145e+03 9.882839e+03 9.974153e+03 9.924459e+03
11.6 9.833759e+03 9.885680e+03 9.973143e+03 9.921222e+03
12.6 9.841711e+03 9.868349e+03 9.972283e+03 9.945646e+03
13.6 9.899630e+03 9.865490e+03 9.971676e+03 1.000582e+04
14.6 9.952842e+03 9.908507e+03 9.971303e+03 1.001564e+04
15.6 1.000770e+04 9.921285e+03 9.971097e+03 1.005751e+04
16.6 1.002759e+04 1.000036e+04 9.969003e+03 9.996232e+03
17.6 1.001745e+04 9.983851e+03 9.947643e+03 9.981238e+03
18.6 9.964286e+03 9.973113e+03 9.930197e+03 9.921369e+03
19.6 9.900886e+03 9.931068e+03 9.936562e+03 9.906380e+03
20.6 9.894263e+03 9.914700e+03 9.951445e+03 9.931009e+03
1.0 1.002759e+04 1.000036e+04 9.969003e+03 9.996232e+03
2.0 1.001745e+04 9.983851e+03 9.947643e+03 9.981238e+03
3.0 9.964286e+03 9.973113e+03 9.930197e+03 9.921369e+03
4.0 9.900886e+03 9.931068e+03 9.936562e+03 9.906380e+03
5.0 9.894263e+03 9.914700e+03 9.951445e+03 9.931009e+03
6.0 9.960099e+03 9.904344e+03 9.963147e+03 1.001890e+04
7.0 1.000649e+04 1.000054e+04 9.969986e+03 9.975933e+03
8.0 1.003334e+04 1.000194e+04 9.973360e+03 1.000477e+04
9.0 1.000533e+04 9.981649e+03 9.974522e+03 9.998200e+03
10.0 9.972839e+03 9.934760e+03 9.974359e+03 1.001244e+04
11.0 9.968588e+03 9.973946e+03 9.973582e+03 9.968224e+03
12.0 1.000075e+04 1.005925e+04 9.972699e+03 9.914195e+03
13.0 1.004611e+04 1.001023e+04 9.971978e+03 1.000786e+04
14.0 9.972474e+03 9.982588e+03 9.971490e+03 9.961375e+03
15.0 9.998900e+03 1.002069e+04 9.971200e+03 9.949410e+03
16.0 1.002272e+04 1.006117e+04 9.971045e+03 9.932595e+03
17.0 9.980954e+03 1.000430e+04 9.970969e+03 9.947627e+03
18.0 9.923258e+03 9.983923e+03 9.970934e+03 9.910269e+03
19.0 9.946353e+03 9.991958e+03 9.968367e+03 9.922762e+03
20.0 1.000327e+04 1.003047e+04 9.946074e+03 9.918868e+03
21.0 9.992033e+03 1.001220e+04 9.929979e+03 9.909809e+03
0.1 9.923258e+03 9.983923e+03 9.970934e+03 9.910269e+03
1.1 9.946353e+03 9.991958e+03 9.968367e+03 9.922762e+03
2.1 1.000327e+04 1.003047e+04 9.946074e+03 9.918868e+03
3.1 9.992033e+03 1.001220e+04 9.929979e+03 9.909809e+03
4.1 9.905601e+03 9.940670e+03 9.937349e+03 9.902279e+03
5.1 9.886376e+03 9.905344e+03 9.952246e+03 9.933277e+03
6.1 9.953708e+03 9.935828e+03 9.963659e+03 9.981539e+03
7.1 9.991495e+03 9.989322e+03 9.970258e+03 9.972431e+03
8.1 1.000308e+04 1.001208e+04 9.973477e+03 9.964473e+03
9.1 9.983083e+03 9.962822e+03 9.974541e+03 9.994803e+03
10.1 9.933877e+03 9.948582e+03 9.974325e+03 9.959620e+03
11.1 9.911320e+03 9.897528e+03 9.973531e+03 9.987323e+03
12.1 9.936562e+03 9.930618e+03 9.972652e+03 9.978596e+03
13.1 1.000238e+04 1.003303e+04 9.969077e+03 9.938425e+03
14.1 1.002113e+04 1.000365e+04 9.945872e+03 9.963357e+03
15.1 9.961231e+03 9.983860e+03 9.930188e+03 9.907560e+03
16.1 9.888284e+03 9.917742e+03 9.937883e+03 9.908425e+03
17.1 9.914598e+03 9.923804e+03 9.952699e+03 9.943493e+03
18.1 9.972888e+03 9.974893e+03 9.963932e+03 9.961927e+03
19.1 9.995985e+03 9.985956e+03 9.970399e+03 9.980428e+03
20.1 9.997605e+03 9.967013e+03 9.973536e+03 1.000413e+04
0.1 9.936562e+03 9.930618e+03 9.972652e+03 9.978596e+03
1.1 1.000238e+04 1.003303e+04 9.969077e+03 9.938425e+03
2.1 1.002113e+04 1.000365e+04 9.945872e+03 9.963357e+03
3.1 9.961231e+03 9.983860e+03 9.930188e+03 9.907560e+03
4.1 9.888284e+03 9.917742e+03 9.937883e+03 9.908425e+03
5.1 9.914598e+03 9.923804e+03 9.952699e+03 9.943493e+03
6.1 9.972888e+03 9.974893e+03 9.963932e+03 9.961927e+03
7.1 9.995985e+03 9.985956e+03 9.970399e+03 9.980428e+03
8.1 9.997605e+03 9.967013e+03 9.973536e+03 1.000413e+04
9.1 1.001084e+04 9.991295e+03 9.974158e+03 9.993702e+03
10.1 1.003608e+04 1.001824e+04 9.958796e+03 9.976631e+03
11.1 9.995152e+03 9.979671e+03 9.935161e+03 9.950642e+03
12.1 9.955710e+03 9.931379e+03 9.934762e+03 9.959093e+03
13.1 1.002494e+04 9.976129e+03 9.948267e+03 9.997077e+03
14.1 1.009366e+04 1.003057e+04 9.960885e+03 1.002397e+04
15.1 1.006150e+04 9.978158e+03 9.968727e+03 1.005207e+04
16.1 9.997833e+03 9.939407e+03 9.972795e+03 1.003122e+04
17.1 9.873790e+03 9.910772e+03 9.974416e+03 9.937435e+03
18.1 9.892804e+03 9.911743e+03 9.974519e+03 9.955580e+03
19.1 1.002993e+04 9.969540e+03 9.973842e+03 1.003423e+04
20.1 9.965748e+03 9.968715e+03 9.972946e+03 9.969978e+03
0.7 1.001084e+04 9.991295e+03 9.974158e+03 9.993702e+03
1.7 1.003608e+04 1.001824e+04 9.958796e+03 9.976631e+03
2.7 9.995152e+03 9.979671e+03 9.935161e+03 9.950642e+03
3.7 9.955710e+03 9.931379e+03 9.934762e+03 9.959093e+03
4.7 1.002494e+04 9.976129e+03 9.948267e+03 9.997077e+03
5.7 1.009366e+04 1.003057e+04 9.960885e+03 1.002397e+04
6.7 1.006150e+04 9.978158e+03 9.968727e+03 1.005207e+04
7.7 9.997833e+03 9.939407e+03 9.972795e+03 1.003122e+04
8.7 9.873790e+03 9.910772e+03 9.974416e+03 9.937435e+03
9.7 9.892804e+03 9.911743e+03 9.974519e+03 9.955580e+03
10.7 1.002993e+04 9.969540e+03 9.973842e+03 1.003423e+04
11.7 9.965748e+03 9.968715e+03 9.972946e+03 9.969978e+03
12.7 9.961776e+03 9.996983e+03 9.972161e+03 9.936955e+03
13.7 9.935162e+03 9.976683e+03 9.971607e+03 9.930086e+03
14.7 9.831096e+03 9.915733e+03 9.971266e+03 9.886630e+03
15.7 9.781894e+03 9.836824e+03 9.971079e+03 9.916150e+03
16.7 9.887057e+03 9.880891e+03 9.967412e+03 9.973579e+03
17.7 9.939135e+03 9.920926e+03 9.943859e+03 9.962068e+03
18.7 9.883571e+03 9.895015e+03 9.929847e+03 9.918403e+03
19.7 9.806448e+03 9.858706e+03 9.938581e+03 9.886323e+03
20.7 9.842345e+03 9.803999e+03 9.953425e+03 9.991771e+03
0.2 9.781894e+03 9.836824e+03 9.971079e+03 9.916150e+03
1.2 9.887057e+03 9.880891e+03 9.967412e+03 9.973579e+03
2.2 9.939135e+03 9.920926e+03 9.943859e+03 9.962068e+03
3.2 9.883571e+03 9.895015e+03 9.929847e+03 9.918403e+03
4.2 9.806448e+03 9.858706e+03 9.938581e+03 9.886323e+03
5.2 9.842345e+03 9.803999e+03 9.953425e+03 9.991771e+03
6.2 9.947303e+03 9.890854e+03 9.964396e+03 1.002085e+04
7.2 1.003673e+04 9.995628e+03 9.970646e+03 1.001175e+04
8.2 1.003200e+04 1.004842e+04 9.973638e+03 9.957212e+03
9.2 9.985852e+03 9.997388e+03 9.974562e+03 9.963025e+03
10.2 9.983652e+03 9.998121e+03 9.974271e+03 9.959802e+03
11.2 9.990817e+03 1.002662e+04 9.973453e+03 9.937650e+03
12.2 9.948106e+03 9.930464e+03 9.972583e+03 9.990224e+03
13.2 9.917766e+03 9.909271e+03 9.971894e+03 9.980389e+03
14.2 1.001410e+04 9.954775e+03 9.971438e+03 1.003076e+04
15.2 1.001932e+04 1.005279e+04 9.970595e+03 9.937130e+03
16.2 9.961264e+03 1.002570e+04 9.953983e+03 9.889545e+03
17.2 9.983856e+03 1.000922e+04 9.931956e+03 9.906597e+03
18.2 9.933551e+03 9.961200e+03 9.933694e+03 9.906045e+03
19.2 9.900323e+03 9.935789e+03 9.948116e+03 9.912650e+03
20.2 9.893132e+03 9.894779e+03 9.960935e+03 9.959288e+03
0.8 1.001932e+04 1.005279e+04 9.970595e+03 9.937130e+03
1.8 9.961264e+03 1.002570e+04 9.953983e+03 9.889545e+03
2.8 9.983856e+03 1.000922e+04 9.931956e+03 9.906597e+03
3.8 9.933551e+03 9.961200e+03 9.933694e+03 9.906045e+03
4.8 9.900323e+03 9.935789e+03 9.948116e+03 9.912650e+03
5.8 9.893132e+03 9.894779e+03 9.960935e+03 9.959288e+03
6.8 9.969058e+03 9.965982e+03 9.968784e+03 9.971860e+03
7.8 1.006339e+04 1.003239e+04 9.972821e+03 1.000383e+04
8.8 1.006148e+04 1.001295e+04 9.974402e+03 1.002293e+04
9.8 9.968821e+03 9.958572e+03 9.974474e+03 9.984722e+03
10.8 9.877500e+03 9.901343e+03 9.973783e+03 9.949941e+03
11.8 9.918936e+03 9.901675e+03 9.972893e+03 9.990154e+03
12.8 9.991685e+03 9.975777e+03 9.971547e+03 9.987454e+03
13.8 1.003816e+04 9.997392e+03 9.954535e+03 9.995306e+03
14.8 1.001126e+04 1.000164e+04 9.932246e+03 9.941871e+03
15.8 1.000155e+04 9.956923e+03 9.933835e+03 9.978463e+03
16.8 9.945864e+03 1.000586e+04 9.948180e+03 9.888180e+03
17.8 9.940541e+03 9.999298e+03 9.960963e+03 9.902206e+03
18.8 9.974873e+03 9.928094e+03 9.968796e+03 1.001557e+04
19.8 9.966228e+03 9.993448e+03 9.972826e+03 9.945606e+03
20.8 9.971394e+03 9.954871e+03 9.974403e+03 9.990927e+03
0.8 9.991685e+03 9.975777e+03 9.971547e+03 9.987454e+03
1.8 1.003816e+04 9.997392e+03 9.954535e+03 9.995306e+03
2.8 1.001126e+04 1.000164e+04 9.932246e+03 9.941871e+03
3.8 1.000155e+04 9.956923e+03 9.933835e+03 9.978463e+03
4.8 9.945864e+03 1.000586e+04 9.948180e+03 9.888180e+03
5.8 9.940541e+03 9.999298e+03 9.960963e+03 9.902206e+03
6.8 9.974873e+03 9.928094e+03 9.968796e+03 1.001557e+04
7.8 9.966228e+03 9.993448e+03 9.972826e+03 9.945606e+03
8.8 9.971394e+03 9.954871e+03 9.974403e+03 9.990927e+03
9.8 9.912658e+03 9.922439e+03 9.974474e+03 9.964693e+03
10.8 9.862796e+03 9.839155e+03 9.973783e+03 9.997424e+03
11.8 9.830860e+03 9.828943e+03 9.972893e+03 9.974809e+03
12.8 9.895714e+03 9.868238e+03 9.972123e+03 9.999599e+03
13.8 9.998988e+03 9.955544e+03 9.971582e+03 1.001503e+04
14.8 1.009081e+04 1.008319e+04 9.971252e+03 9.978864e+03
15.8 9.944163e+03 1.001997e+04 9.971072e+03 9.895268e+03
16.8 9.892141e+03 9.954874e+03 9.970981e+03 9.908249e+03
17.8 9.980934e+03 9.958459e+03 9.970939e+03 9.993414e+03
18.8 9.965912e+03 9.943862e+03 9.970921e+03 9.992971e+03
19.8 9.792687e+03 9.820812e+03 9.970914e+03 9.942789e+03
20.8 9.682974e+03 9.757687e+03 9.970910e+03 9.896198e+03
0.3 9.747601e+03 9.789652e+03 9.970908e+03 9.928857e+03
1.3 9.857960e+03 9.887816e+03 9.966093e+03 9.936237e+03
2.3 9.924445e+03 9.896202e+03 9.941684e+03 9.969928e+03
3.3 9.938472e+03 9.912053e+03 9.929876e+03 9.956294e+03
4.3 9.900470e+03 9.886332e+03 9.939841e+03 9.953979e+03
5.3 9.898976e+03 9.900142e+03 9.954567e+03 9.953401e+03
6.3 9.906370e+03 9.894908e+03 9.965098e+03 9.976561e+03
7.3 9.957504e+03 9.937578e+03 9.971009e+03 9.990935e+03
8.3 1.000065e+04 9.971097e+03 9.973785e+03 1.000334e+04
9.3 1.002048e+04 1.001903e+04 9.974574e+03 9.976021e+03
10.3 9.993135e+03 9.963890e+03 9.974214e+03 1.000346e+04
11.3 9.971069e+03 9.986188e+03 9.973339e+03 9.958221e+03
12.3 9.958026e+03 9.993180e+03 9.963341e+03 9.928188e+03
13.3 9.951936e+03 9.958827e+03 9.937603e+03 9.930712e+03
14.3 1.000549e+04 9.970170e+03 9.931308e+03 9.966630e+03
15.3 1.004975e+04 1.001421e+04 9.943562e+03 9.979107e+03
16.3 1.004502e+04 1.002862e+04 9.957550e+03 9.973949e+03
17.3 9.987615e+03 9.961383e+03 9.966853e+03 9.993085e+03
18.3 9.960102e+03 9.946195e+03 9.971891e+03 9.985798e+03
19.3 1.000440e+04 1.000142e+04 9.974115e+03 9.977101e+03
20.3 1.001081e+04 9.970709e+03 9.974568e+03 1.001467e+04
0.5 9.971069e+03 9.986188e+03 9.973339e+03 9.958221e+03
1.5 9.958026e+03 9.993180e+03 9.963341e+03 9.928188e+03
2.5 9.951936e+03 9.958827e+03 9.937603e+03 9.930712e+03
3.5 1.000549e+04 9.970170e+03 9.931308e+03 9.966630e+03
4.5 1.004975e+04 1.001421e+04 9.943562e+03 9.979107e+03
5.5 1.004502e+04 1.002862e+04 9.957550e+03 9.973949e+03
6.5 9.987615e+03 9.961383e+03 9.966853e+03 9.993085e+03
7.5 9.960102e+03 9.946195e+03 9.971891e+03 9.985798e+03
8.5 1.000440e+04 1.000142e+04 9.974115e+03 9.977101e+03
9.5 1.001081e+04 9.970709e+03 9.974568e+03 1.001467e+04
10.5 9.975229e+03 9.940619e+03 9.974044e+03 1.000865e+04
11.5 9.898432e+03 9.918028e+03 9.973170e+03 9.953574e+03
12.5 9.979284e+03 9.986218e+03 9.972342e+03 9.965408e+03
13.5 1.006706e+04 1.006731e+04 9.971727e+03 9.971482e+03
14.5 1.002489e+04 9.978992e+03 9.971336e+03 1.001723e+04
15.5 9.900722e+03 9.930865e+03 9.971116e+03 9.940973e+03
16.5 9.814806e+03 9.871844e+03 9.971003e+03 9.913965e+03
17.5 9.835636e+03 9.893881e+03 9.970949e+03 9.912704e+03
18.5 9.966970e+03 9.948988e+03 9.970925e+03 9.988907e+03
19.5 1.006183e+04 1.004085e+04 9.970915e+03 9.991897e+03
20.5 1.003975e+04 1.002342e+04 9.970911e+03 9.987238e+03
0.5 9.957653e+03 9.973105e+03 9.970839e+03 9.955387e+03
1.5 1.002814e+04 1.002273e+04 9.960434e+03 9.965850e+03
2.5 1.002558e+04 1.000488e+04 9.935601e+03 9.956298e+03
3.5 9.952803e+03 9.983954e+03 9.931209e+03 9.900057e+03
4.5 9.922610e+03 9.922439e+03 9.944194e+03 9.944365e+03
5.5 9.984101e+03 1.000727e+04 9.957720e+03 9.934553e+03
6.5 1.005259e+04 1.000717e+04 9.951682e+03 9.997101e+03
7.5 1.004669e+04 9.996148e+03 9.933720e+03 9.984262e+03
8.5 1.001564e+04 9.998031e+03 9.936306e+03 9.953914e+03
9.5 9.988268e+03 9.984386e+03 9.950895e+03 9.954776e+03
10.5 9.973622e+03 9.991297e+03 9.963425e+03 9.945750e+03
11.5 9.998294e+03 9.953977e+03 9.970663e+03 1.001498e+04
12.5 9.967998e+03 9.942506e+03 9.974059e+03 9.999552e+03
13.5 1.001710e+04 1.001470e+04 9.975143e+03 9.977542e+03
14.5 1.002609e+04 1.000580e+04 9.968094e+03 9.988386e+03
15.5 9.985181e+03 1.000253e+04 9.942155e+03 9.924806e+03
16.5 9.938365e+03 9.935778e+03 9.932324e+03 9.934912e+03
17.5 9.900499e+03 9.927302e+03 9.942856e+03 9.916053e+03
18.5 9.979335e+03 9.965827e+03 9.956656e+03 9.970164e+03
19.5 1.003587e+04 1.003158e+04 9.955192e+03 9.959485e+03
20.5 9.958212e+03 9.947067e+03 9.935823e+03 9.946968e+03
0.7 9.984101e+03 1.000727e+04 9.957720e+03 9.934553e+03
1.7 1.005259e+04 1.000717e+04 9.951682e+03 9.997101e+03
2.7 1.004669e+04 9.996148e+03 9.933720e+03 9.984262e+03
3.7 1.001564e+04 9.998031e+03 9.936306e+03 9.953914e+03
4.7 9.988268e+03 9.984386e+03 9.950895e+03 9.954776e+03
5.7 9.973622e+03 9.991297e+03 9.963425e+03 9.945750e+03
6.7 9.998294e+03 9.953977e+03 9.970663e+03 1.001498e+04
7.7 9.967998e+03 9.942506e+03 9.974059e+03 9.999552e+03
8.7 1.001710e+04 1.001470e+04 9.975143e+03 9.977542e+03
9.7 1.002609e+04 1.000580e+04 9.968094e+03 9.988386e+03
10.7 9.985181e+03 1.000253e+04 9.942155e+03 9.924806e+03
11.7 9.938365e+03 9.935778e+03 9.932324e+03 9.934912e+03
12.7 9.900499e+03 9.927302e+03 9.942856e+03 9.916053e+03
13.7 9.979335e+03 9.965827e+03 9.956656e+03 9.970164e+03
14.7 1.003587e+04 1.003158e+04 9.955192e+03 9.959485e+03
15.7 9.958212e+03 9.947067e+03 9.935823e+03 9.946968e+03
16.7 9.926709e+03 9.921046e+03 9.934556e+03 9.940220e+03
17.7 9.983842e+03 9.941449e+03 9.946590e+03 9.988983e+03
18.7 9.984975e+03 9.977209e+03 9.939153e+03 9.946919e+03
19.7 9.816786e+03 9.872082e+03 9.929161e+03 9.873865e+03
20.7 9.768447e+03 9.831348e+03 9.938925e+03 9.876024e+03
0.4 1.001710e+04 1.001470e+04 9.975143e+03 9.977542e+03
1.4 1.002609e+04 1.000580e+04 9.968094e+03 9.988386e+03
2.4 9.985181e+03 1.000253e+04 9.942155e+03 9.924806e+03
3.4 9.938365e+03 9.935778e+03 9.932324e+03 9.934912e+03
4.4 9.900499e+03 9.927302e+03 9.942856e+03 9.916053e+03
5.4 9.979335e+03 9.965827e+03 9.956656e+03 9.970164e+03
6.4 1.003587e+04 1.003158e+04 9.955192e+03 9.959485e+03
7.4 9.958212e+03 9.947067e+03 9.935823e+03 9.946968e+03
8.4 9.926709e+03 9.921046e+03 9.934556e+03 9.940220e+03
9.4 9.983842e+03 9.941449e+03 9.946590e+03 9.988983e+03
10.4 9.984975e+03 9.977209e+03 9.939153e+03 9.946919e+03
11.4 9.816786e+03 9.872082e+03 9.929161e+03 9.873865e+03
12.4 9.768447e+03 9.831348e+03 9.938925e+03 9.876024e+03
13.4 9.801591e+03 9.872775e+03 9.947837e+03 9.876653e+03
14.4 9.851479e+03 9.857073e+03 9.934491e+03 9.928896e+03
15.4 9.909220e+03 9.886993e+03 9.932558e+03 9.954785e+03
16.4 9.971386e+03 9.972198e+03 9.946104e+03 9.945292e+03
17.4 9.970895e+03 9.991116e+03 9.944363e+03 9.924142e+03
18.4 9.939390e+03 9.934060e+03 9.931447e+03 9.936777e+03
19.4 9.893801e+03 9.900415e+03 9.937438e+03 9.930824e+03
20.4 9.886790e+03 9.824639e+03 9.953207e+03 1.001536e+04
0.6 9.979335e+03 9.965827e+03 9.956656e+03 9.970164e+03
1.6 1.003587e+04 1.003158e+04 9.955192e+03 9.959485e+03
2.6 9.958212e+03 9.947067e+03 9.935823e+03 9.946968e+03
3.6 9.926709e+03 9.921046e+03 9.934556e+03 9.940220e+03
4.6 9.983842e+03 9.941449e+03 9.946590e+03 9.988983e+03
5.6 9.984975e+03 9.977209e+03 9.939153e+03 9.946919e+03
6.6 9.816786e+03 9.872082e+03 9.929161e+03 9.873865e+03
7.6 9.768447e+03 9.831348e+03 9.938925e+03 9.876024e+03
8.6 9.801591e+03 9.872775e+03 9.947837e+03 9.876653e+03
9.6 9.851479e+03 9.857073e+03 9.934491e+03 9.928896e+03
10.6 9.909220e+03 9.886993e+03 9.932558e+03 9.954785e+03
11.6 9.971386e+03 9.972198e+03 9.946104e+03 9.945292e+03
12.6 9.970895e+03 9.991116e+03 9.944363e+03 9.924142e+03
13.6 9.939390e+03 9.934060e+03 9.931447e+03 9.936777e+03
14.6 9.893801e+03 9.900415e+03 9.937438e+03 9.930824e+03
15.6 9.886790e+03 9.824639e+03 9.953207e+03 1.001536e+04
16.6 9.960684e+03 9.893826e+03 9.965773e+03 1.003263e+04
17.6 1.006105e+04 9.998681e+03 9.972038e+03 1.003441e+04
18.6 1.008403e+04 1.007877e+04 9.958425e+03 9.963683e+03
19.6 9.958649e+03 9.988582e+03 9.937038e+03 9.907105e+03
20.6 9.873857e+03 9.923786e+03 9.938162e+03 9.888232e+03
1.0 9.983842e+03 9.941449e+03 9.946590e+03 9.988983e+03
2.0 9.984975e+03 9.977209e+03 9.939153e+03 9.946919e+03
3.0 9.816786e+03 9.872082e+03 9.929161e+03 9.873865e+03
4.0 9.768447e+03 9.831348e+03 9.938925e+03 9.876024e+03
5.0 9.801591e+03 9.872775e+03 9.947837e+03 9.876653e+03
6.0 9.851479e+03 9.857073e+03 9.934491e+03 9.928896e+03
7.0 9.909220e+03 9.886993e+03 9.932558e+03 9.954785e+03
8.0 9.971386e+03 9.972198e+03 9.946104e+03 9.945292e+03
9.0 9.970895e+03 9.991116e+03 9.944363e+03 9.924142e+03
10.0 9.939390e+03 9.934060e+03 9.931447e+03 9.936777e+03
11.0 9.893801e+03 9.900415e+03 9.937438e+03 9.930824e+03
12.0 9.886790e+03 9.824639e+03 9.953207e+03 1.001536e+04
13.0 9.960684e+03 9.893826e+03 9.965773e+03 1.003263e+04
14.0 1.006105e+04 9.998681e+03 9.972038e+03 1.003441e+04
15.0 1.008403e+04 1.007877e+04 9.958425e+03 9.963683e+03
16.0 9.958649e+03 9.988582e+03 9.937038e+03 9.907105e+03
17.0 9.873857e+03 9.923786e+03 9.938162e+03 9.888232e+03
18.0 9.875444e+03 9.893562e+03 9.951461e+03 9.933342e+03
19.0 9.908187e+03 9.928482e+03 9.963147e+03 9.942852e+03
20.0 9.969841e+03 9.965215e+03 9.970103e+03 9.974729e+03
21.0 1.001038e+04 1.001550e+04 9.973538e+03 9.968427e+03
0.4 9.768447e+03 9.831348e+03 9.938925e+03 9.876024e+03
1.4 9.801591e+03 9.872775e+03 9.947837e+03 9.876653e+03
2.4 9.851479e+03 9.857073e+03 9.934491e+03 9.928896e+03
3.4 9.909220e+03 9.886993e+03 9.932558e+03 9.954785e+03
4.4 9.971386e+03 9.972198e+03 9.946104e+03 9.945292e+03
5.4 9.970895e+03 9.991116e+03 9.944363e+03 9.924142e+03
6.4 9.939390e+03 9.934060e+03 9.931447e+03 9.936777e+03
7.4 9.893801e+03 9.900415e+03 9.937438e+03 9.930824e+03
8.4 9.886790e+03 9.824639e+03 9.953207e+03 1.001536e+04
9.4 9.960684e+03 9.893826e+03 9.965773e+03 1.003263e+04
10.4 1.006105e+04 9.998681e+03 9.972038e+03 1.003441e+04
11.4 1.008403e+04 1.007877e+04 9.958425e+03 9.963683e+03
12.4 9.958649e+03 9.988582e+03 9.937038e+03 9.907105e+03
13.4 9.873857e+03 9.923786e+03 9.938162e+03 9.888232e+03
14.4 9.875444e+03 9.893562e+03 9.951461e+03 9.933342e+03
15.4 9.908187e+03 9.928482e+03 9.963147e+03 9.942852e+03
16.4 9.969841e+03 9.965215e+03 9.970103e+03 9.974729e+03
17.4 1.001038e+04 1.001550e+04 9.973538e+03 9.968427e+03
18.4 9.980838e+03 9.980934e+03 9.974763e+03 9.974667e+03
19.4 9.906709e+03 9.892383e+03 9.974643e+03 9.988969e+03
20.4 9.882728e+03 9.936053e+03 9.973858e+03 9.920534e+03
0.8 9.971386e+03 9.972198e+03 9.946104e+03 9.945292e+03
1.8 9.970895e+03 9.991116e+03 9.944363e+03 9.924142e+03
2.8 9.939390e+03 9.934060e+03 9.931447e+03 9.936777e+03
3.8 9.893801e+03 9.900415e+03 9.937438e+03 9.930824e+03
4.8 9.886790e+03 9.824639e+03 9.953207e+03 1.001536e+04
5.8 9.960684e+03 9.893826e+03 9.965773e+03 1.003263e+04
6.8 1.006105e+04 9.998681e+03 9.972038e+03 1.003441e+04
7.8 1.008403e+04 1.007877e+04 9.958425e+03 9.963683e+03
8.8 9.958649e+03 9.988582e+03 9.937038e+03 9.907105e+03
9.8 9.873857e+03 9.923786e+03 9.938162e+03 9.888232e+03
10.8 9.875444e+03 9.893562e+03 9.951461e+03 9.933342e+03
11.8 9.908187e+03 9.928482e+03 9.963147e+03 9.942852e+03
12.8 9.969841e+03 9.965215e+03 9.970103e+03 9.974729e+03
13.8 1.001038e+04 1.001550e+04 9.973538e+03 9.968427e+03
14.8 9.980838e+03 9.980934e+03 9.974763e+03 9.974667e+03
15.8 9.906709e+03 9.892383e+03 9.974643e+03 9.988969e+03
16.8 9.882728e+03 9.936053e+03 9.973858e+03 9.920534e+03
17.8 9.928165e+03 9.961476e+03 9.972923e+03 9.939613e+03
18.8 9.974572e+03 9.968042e+03 9.972135e+03 9.978665e+03
19.8 1.000626e+04 1.000597e+04 9.971587e+03 9.971871e+03
0.8 1.006105e+04 9.998681e+03 9.972038e+03 1.003441e+04
1.8 1.008403e+04 1.007877e+04 9.958425e+03 9.963683e+03
2.8 9.958649e+03 9.988582e+03 9.937038e+03 9.907105e+03
3.8 9.873857e+03 9.923786e+03 9.938162e+03 9.888232e+03
4.8 9.875444e+03 9.893562e+03 9.951461e+03 9.933342e+03
5.8 9.908187e+03 9.928482e+03 9.963147e+03 9.942852e+03
6.8 9.969841e+03 9.965215e+03 9.970103e+03 9.974729e+03
7.8 1.001038e+04 1.001550e+04 9.973538e+03 9.968427e+03
8.8 9.980838e+03 9.980934e+03 9.974763e+03 9.974667e+03
9.8 9.906709e+03 9.892383e+03 9.974643e+03 9.988969e+03
10.8 9.882728e+03 9.936053e+03 9.973858e+03 9.920534e+03
11.8 9.928165e+03 9.961476e+03 9.972923e+03 9.939613e+03
12.8 9.974572e+03 9.968042e+03 9.972135e+03 9.978665e+03
13.8 1.000626e+04 1.000597e+04 9.971587e+03 9.971871e+03
