9.873175e+03 9.860755e+03 9.898585e+03 9.835345e+03
9.919094e+03 9.860755e+03 9.897735e+03 9.882114e+03
9.901734e+03 9.860755e+03 9.894745e+03 9.867744e+03
9.915673e+03 9.861102e+03 9.892967e+03 9.883808e+03
9.883417e+03 9.863387e+03 9.891509e+03 9.855295e+03
9.845128e+03 9.864747e+03 9.881365e+03 9.828510e+03
9.848818e+03 9.863897e+03 9.875873e+03 9.836843e+03
9.859827e+03 9.862454e+03 9.865005e+03 9.857277e+03
9.817688e+03 9.861388e+03 9.883662e+03 9.795415e+03
9.879288e+03 9.861941e+03 9.869929e+03 9.871299e+03
9.852853e+03 9.869282e+03 9.870429e+03 9.851705e+03
9.810354e+03 9.873734e+03 9.844910e+03 9.839179e+03
9.893846e+03 9.870937e+03 9.871596e+03 9.893187e+03
9.917562e+03 9.867335e+03 9.876548e+03 9.908349e+03
9.927924e+03 9.866233e+03 9.891803e+03 9.902354e+03
9.881445e+03 9.864558e+03 9.889414e+03 9.856589e+03
9.919656e+03 9.862498e+03 9.886161e+03 9.895993e+03
9.877656e+03 9.862913e+03 9.895776e+03 9.844792e+03
9.861288e+03 9.863921e+03 9.882461e+03 9.842748e+03
9.874459e+03 9.863170e+03 9.876444e+03 9.861185e+03
9.829364e+03 9.861818e+03 9.863406e+03 9.827776e+03
9.879129e+03 9.862282e+03 9.871599e+03 9.869812e+03
9.872214e+03 9.869650e+03 9.854137e+03 9.887728e+03
9.849515e+03 9.873560e+03 9.849569e+03 9.873505e+03
9.893069e+03 9.870458e+03 9.855976e+03 9.907552e+03
9.899920e+03 9.865754e+03 9.883968e+03 9.881706e+03
9.934682e+03 9.862409e+03 9.869007e+03 9.928083e+03
9.896070e+03 9.861984e+03 9.881841e+03 9.876213e+03
9.878923e+03 9.868981e+03 9.850651e+03 9.897253e+03
9.813747e+03 9.872837e+03 9.852267e+03 9.834317e+03
9.852446e+03 9.869869e+03 9.838674e+03 9.883642e+03
9.829999e+03 9.865362e+03 9.861466e+03 9.833895e+03
9.890294e+03 9.863012e+03 9.867913e+03 9.885393e+03
9.863414e+03 9.863722e+03 9.887470e+03 9.839666e+03
9.901308e+03 9.863585e+03 9.889190e+03 9.875702e+03
9.878573e+03 9.862209e+03 9.886473e+03 9.854309e+03
9.909856e+03 9.861047e+03 9.892244e+03 9.878659e+03
9.889188e+03 9.864658e+03 9.876462e+03 9.877384e+03
9.861138e+03 9.872205e+03 9.857166e+03 9.876177e+03
9.875550e+03 9.872708e+03 9.843665e+03 9.904593e+03
9.855271e+03 9.868585e+03 9.867555e+03 9.856301e+03
9.881688e+03 9.866514e+03 9.878437e+03 9.869764e+03
9.892616e+03 9.865439e+03 9.889118e+03 9.868937e+03
9.843637e+03 9.863371e+03 9.885927e+03 9.821081e+03
9.929601e+03 9.862276e+03 9.887853e+03 9.904023e+03
9.857323e+03 9.863568e+03 9.899732e+03 9.821160e+03
9.888958e+03 9.863721e+03 9.897351e+03 9.855328e+03
9.893938e+03 9.862860e+03 9.892136e+03 9.864662e+03
9.871644e+03 9.867831e+03 9.876485e+03 9.862989e+03
9.842811e+03 9.873583e+03 9.862710e+03 9.853684e+03
9.796675e+03 9.871924e+03 9.841118e+03 9.827481e+03
9.845312e+03 9.867069e+03 9.869342e+03 9.843039e+03
9.889855e+03 9.864072e+03 9.875736e+03 9.878191e+03
9.890143e+03 9.869181e+03 9.868551e+03 9.890773e+03
9.852194e+03 9.873100e+03 9.852479e+03 9.872815e+03
9.921784e+03 9.870215e+03 9.861246e+03 9.930753e+03
9.845966e+03 9.866477e+03 9.852143e+03 9.860300e+03
9.789370e+03 9.865514e+03 9.763184e+03 9.891701e+03
9.874548e+03 9.864148e+03 9.868862e+03 9.869834e+03
9.872831e+03 9.862120e+03 9.901003e+03 9.833948e+03
9.889140e+03 9.860610e+03 9.892897e+03 9.856853e+03
9.800986e+03 9.859915e+03 9.868658e+03 9.792243e+03
9.896545e+03 9.860769e+03 9.875278e+03 9.882036e+03
9.877771e+03 9.863289e+03 9.873319e+03 9.867742e+03
9.905180e+03 9.863919e+03 9.888497e+03 9.880602e+03
9.958082e+03 9.863017e+03 9.928598e+03 9.892501e+03
9.887634e+03 9.863807e+03 9.898822e+03 9.852619e+03
9.863625e+03 9.864869e+03 9.879736e+03 9.848757e+03
9.860310e+03 9.863961e+03 9.866411e+03 9.857859e+03
9.860435e+03 9.862362e+03 9.884252e+03 9.838544e+03
9.888580e+03 9.861184e+03 9.879535e+03 9.870229e+03
9.868595e+03 9.860710e+03 9.893966e+03 9.835339e+03
9.835302e+03 9.862423e+03 9.893208e+03 9.804517e+03
9.896172e+03 9.864199e+03 9.884590e+03 9.875781e+03
9.834502e+03 9.863752e+03 9.873730e+03 9.824524e+03
9.855756e+03 9.862421e+03 9.850397e+03 9.867780e+03
9.885197e+03 9.861748e+03 9.869975e+03 9.876970e+03
9.873510e+03 9.863459e+03 9.876623e+03 9.860346e+03
9.896267e+03 9.864459e+03 9.878917e+03 9.881808e+03
9.906834e+03 9.863477e+03 9.869854e+03 9.900457e+03
9.857645e+03 9.862065e+03 9.857805e+03 9.861905e+03
9.883925e+03 9.861810e+03 9.871128e+03 9.874607e+03
9.904778e+03 9.863746e+03 9.871683e+03 9.896840e+03
9.887544e+03 9.864320e+03 9.870471e+03 9.881393e+03
9.841749e+03 9.863150e+03 9.863794e+03 9.841105e+03
9.857185e+03 9.861827e+03 9.854681e+03 9.864331e+03
9.867016e+03 9.862175e+03 9.865336e+03 9.863854e+03
9.851556e+03 9.864095e+03 9.862430e+03 9.853221e+03
9.909107e+03 9.864147e+03 9.869468e+03 9.903787e+03
9.889126e+03 9.862816e+03 9.872824e+03 9.879118e+03
9.881800e+03 9.861567e+03 9.876639e+03 9.866728e+03
9.859013e+03 9.860823e+03 9.866013e+03 9.853822e+03
9.887900e+03 9.860466e+03 9.869636e+03 9.878731e+03
9.912810e+03 9.860344e+03 9.854027e+03 9.919126e+03
9.748814e+03 9.860358e+03 9.853638e+03 9.755534e+03
9.786792e+03 9.861086e+03 9.825917e+03 9.821961e+03
9.846553e+03 9.868102e+03 9.834014e+03 9.880641e+03
9.849266e+03 9.873843e+03 9.833483e+03 9.889626e+03
9.874876e+03 9.871833e+03 9.846549e+03 9.900159e+03
9.830364e+03 9.867036e+03 9.863310e+03 9.834091e+03
9.912969e+03 9.863257e+03 9.859279e+03 9.916946e+03
9.868652e+03 9.861240e+03 9.863927e+03 9.865965e+03
9.842312e+03 9.862220e+03 9.862133e+03 9.842400e+03
9.877072e+03 9.863539e+03 9.875061e+03 9.865549e+03
9.850130e+03 9.862973e+03 9.857473e+03 9.855629e+03
9.847921e+03 9.861779e+03 9.858524e+03 9.851176e+03
9.844885e+03 9.860928e+03 9.835164e+03 9.870649e+03
9.827044e+03 9.861231e+03 9.849912e+03 9.838363e+03
9.840350e+03 9.868143e+03 9.839030e+03 9.869463e+03
9.809519e+03 9.873567e+03 9.844840e+03 9.838246e+03
9.871225e+03 9.871400e+03 9.845562e+03 9.897063e+03
9.833870e+03 9.866665e+03 9.858504e+03 9.842031e+03
9.821498e+03 9.864572e+03 9.848305e+03 9.837766e+03
9.878487e+03 9.870390e+03 9.840946e+03 9.907932e+03
9.890539e+03 9.873203e+03 9.886847e+03 9.876895e+03
9.878228e+03 9.869719e+03 9.867784e+03 9.880162e+03
9.862336e+03 9.869480e+03 9.869494e+03 9.862322e+03
9.785760e+03 9.873979e+03 9.845373e+03 9.814366e+03
9.864097e+03 9.872630e+03 9.852985e+03 9.883741e+03
9.898470e+03 9.867689e+03 9.853982e+03 9.912177e+03
9.858222e+03 9.865425e+03 9.878249e+03 9.845398e+03
9.913388e+03 9.864476e+03 9.894207e+03 9.883656e+03
9.900192e+03 9.862654e+03 9.873943e+03 9.888904e+03
9.852578e+03 9.860923e+03 9.865116e+03 9.848386e+03
9.868033e+03 9.859976e+03 9.869962e+03 9.858047e+03
9.895729e+03 9.860619e+03 9.859856e+03 9.896493e+03
9.899829e+03 9.868058e+03 9.869008e+03 9.898878e+03
9.854307e+03 9.873256e+03 9.851671e+03 9.875892e+03
9.839427e+03 9.870936e+03 9.852869e+03 9.857493e+03
9.873195e+03 9.866303e+03 9.850160e+03 9.889338e+03
9.857423e+03 9.862798e+03 9.857104e+03 9.863117e+03
9.889964e+03 9.861075e+03 9.874028e+03 9.877011e+03
9.866531e+03 9.862326e+03 9.872820e+03 9.856037e+03
9.871888e+03 9.863526e+03 9.888562e+03 9.846852e+03
9.843178e+03 9.862859e+03 9.871667e+03 9.834370e+03
9.936545e+03 9.861682e+03 9.866513e+03 9.931714e+03
9.803868e+03 9.862747e+03 9.865160e+03 9.801455e+03
9.853205e+03 9.870402e+03 9.864845e+03 9.858762e+03
9.823152e+03 9.873601e+03 9.858885e+03 9.837869e+03
9.852397e+03 9.870158e+03 9.861392e+03 9.861163e+03
9.824040e+03 9.866955e+03 9.861879e+03 9.829116e+03
9.885289e+03 9.865952e+03 9.876371e+03 9.874869e+03
9.905752e+03 9.864153e+03 9.881419e+03 9.888486e+03
9.857780e+03 9.861990e+03 9.898997e+03 9.820773e+03
9.903618e+03 9.860964e+03 9.885608e+03 9.878974e+03
9.866618e+03 9.866712e+03 9.868472e+03 9.864858e+03
9.828473e+03 9.872855e+03 9.857223e+03 9.844105e+03
9.868769e+03 9.871432e+03 9.852227e+03 9.887973e+03
9.827402e+03 9.869040e+03 9.836143e+03 9.860300e+03
9.869689e+03 9.873441e+03 9.845178e+03 9.897953e+03
9.875150e+03 9.874134e+03 9.887737e+03 9.861548e+03
9.869632e+03 9.869544e+03 9.866719e+03 9.872457e+03
9.860862e+03 9.869623e+03 9.853304e+03 9.877182e+03
9.784716e+03 9.873738e+03 9.845958e+03 9.812496e+03
9.818701e+03 9.871857e+03 9.834328e+03 9.856231e+03
9.876421e+03 9.867041e+03 9.835859e+03 9.907603e+03
9.837562e+03 9.865164e+03 9.877776e+03 9.824949e+03
9.890873e+03 9.864243e+03 9.862562e+03 9.892554e+03
9.884874e+03 9.862433e+03 9.868822e+03 9.878485e+03
9.860943e+03 9.860787e+03 9.850853e+03 9.870877e+03
9.872868e+03 9.859922e+03 9.870697e+03 9.862093e+03
9.884485e+03 9.860967e+03 9.870468e+03 9.874984e+03
9.921963e+03 9.868789e+03 9.881101e+03 9.909651e+03
9.874422e+03 9.873301e+03 9.867322e+03 9.880401e+03
9.883570e+03 9.870592e+03 9.866583e+03 9.887579e+03
9.874752e+03 9.869785e+03 9.857824e+03 9.886713e+03
9.850456e+03 9.874353e+03 9.846501e+03 9.878308e+03
9.892134e+03 9.873419e+03 9.862155e+03 9.903397e+03
9.872239e+03 9.868179e+03 9.876635e+03 9.863783e+03
9.843656e+03 9.863535e+03 9.870168e+03 9.837024e+03
9.818358e+03 9.862397e+03 9.864888e+03 9.815867e+03
9.912901e+03 9.863288e+03 9.887153e+03 9.889037e+03
9.875346e+03 9.862756e+03 9.877621e+03 9.860481e+03
9.836235e+03 9.861476e+03 9.875789e+03 9.821922e+03
9.916315e+03 9.860568e+03 9.856931e+03 9.919953e+03
9.883796e+03 9.860364e+03 9.882112e+03 9.862048e+03
9.925922e+03 9.865626e+03 9.886357e+03 9.905191e+03
9.868600e+03 9.872814e+03 9.867802e+03 9.873612e+03
9.863960e+03 9.872362e+03 9.870334e+03 9.865988e+03
9.856057e+03 9.867814e+03 9.860547e+03 9.863323e+03
9.866626e+03 9.863772e+03 9.865854e+03 9.864544e+03
9.881401e+03 9.861371e+03 9.873926e+03 9.868846e+03
9.892600e+03 9.861721e+03 9.877451e+03 9.876869e+03
9.853846e+03 9.863376e+03 9.887962e+03 9.829261e+03
9.899989e+03 9.863200e+03 9.867498e+03 9.895691e+03
9.800307e+03 9.863452e+03 9.843805e+03 9.819953e+03
9.890230e+03 9.870337e+03 9.907057e+03 9.853511e+03
9.883755e+03 9.873898e+03 9.887645e+03 9.870008e+03
9.866537e+03 9.870626e+03 9.868988e+03 9.868174e+03
9.866913e+03 9.869807e+03 9.841774e+03 9.894946e+03
9.838748e+03 9.874245e+03 9.849215e+03 9.863779e+03
9.801879e+03 9.873116e+03 9.832430e+03 9.842565e+03
9.831457e+03 9.867880e+03 9.845242e+03 9.854095e+03
9.836399e+03 9.863281e+03 9.870058e+03 9.829623e+03
9.883383e+03 9.860685e+03 9.871749e+03 9.872319e+03
9.866182e+03 9.863524e+03 9.891889e+03 9.837817e+03
9.872568e+03 9.871050e+03 9.883920e+03 9.859699e+03
9.858641e+03 9.871920e+03 9.873246e+03 9.857314e+03
9.889471e+03 9.868585e+03 9.856694e+03 9.901362e+03
9.829409e+03 9.871631e+03 9.850206e+03 9.850834e+03
9.799083e+03 9.874567e+03 9.823219e+03 9.850431e+03
9.805324e+03 9.871057e+03 9.811389e+03 9.864992e+03
9.825169e+03 9.865723e+03 9.824049e+03 9.866843e+03
9.876726e+03 9.862419e+03 9.846820e+03 9.892325e+03
9.850931e+03 9.862842e+03 9.860089e+03 9.853684e+03
9.921994e+03 9.863223e+03 9.881008e+03 9.904210e+03
9.902778e+03 9.862161e+03 9.865625e+03 9.899315e+03
9.894072e+03 9.860983e+03 9.876588e+03 9.878467e+03
9.876947e+03 9.860334e+03 9.855609e+03 9.881672e+03
9.805478e+03 9.860111e+03 9.857069e+03 9.808520e+03
9.861775e+03 9.860840e+03 9.854570e+03 9.868046e+03
9.847573e+03 9.868017e+03 9.872833e+03 9.842758e+03
9.817560e+03 9.873595e+03 9.853846e+03 9.837308e+03
9.907229e+03 9.871498e+03 9.867442e+03 9.911285e+03
9.838338e+03 9.867659e+03 9.864503e+03 9.841494e+03
9.933571e+03 9.866420e+03 9.879472e+03 9.920519e+03
9.918849e+03 9.864855e+03 9.884684e+03 9.899020e+03
9.837058e+03 9.862910e+03 9.875746e+03 9.824222e+03
9.868137e+03 9.867171e+03 9.875499e+03 9.859809e+03
9.873024e+03 9.872963e+03 9.858175e+03 9.887813e+03
9.838008e+03 9.871558e+03 9.849024e+03 9.860542e+03
9.849495e+03 9.868731e+03 9.863701e+03 9.854526e+03
9.865138e+03 9.872945e+03 9.847784e+03 9.890299e+03
9.865747e+03 9.874082e+03 9.861724e+03 9.878105e+03
9.853759e+03 9.869559e+03 9.861013e+03 9.862305e+03
9.877680e+03 9.864502e+03 9.869934e+03 9.872247e+03
9.876785e+03 9.864439e+03 9.865954e+03 9.875270e+03
9.884481e+03 9.870982e+03 9.851859e+03 9.903605e+03
9.839865e+03 9.872104e+03 9.851582e+03 9.860387e+03
9.855840e+03 9.867993e+03 9.839851e+03 9.883981e+03
9.832769e+03 9.863748e+03 9.860446e+03 9.836070e+03
9.872894e+03 9.861150e+03 9.865213e+03 9.868830e+03
9.893479e+03 9.863040e+03 9.878802e+03 9.877718e+03
9.864765e+03 9.870682e+03 9.866540e+03 9.868907e+03
9.828448e+03 9.872360e+03 9.840358e+03 9.860450e+03
9.850111e+03 9.868480e+03 9.846639e+03 9.871951e+03
9.835369e+03 9.864256e+03 9.845351e+03 9.854274e+03
9.904445e+03 9.861567e+03 9.873162e+03 9.892850e+03
9.840356e+03 9.863330e+03 9.872801e+03 9.830886e+03
9.850583e+03 9.870860e+03 9.856530e+03 9.864913e+03
9.850296e+03 9.872458e+03 9.840924e+03 9.881830e+03
9.849353e+03 9.868530e+03 9.852229e+03 9.865654e+03
9.853318e+03 9.864280e+03 9.842486e+03 9.875113e+03
9.851039e+03 9.861567e+03 9.869263e+03 9.843343e+03
9.867668e+03 9.861166e+03 9.881711e+03 9.847123e+03
9.871771e+03 9.863000e+03 9.875445e+03 9.859327e+03
9.876035e+03 9.863362e+03 9.881307e+03 9.858090e+03
9.842722e+03 9.862311e+03 9.854550e+03 9.850483e+03
9.841563e+03 9.861298e+03 9.868413e+03 9.834449e+03
9.861350e+03 9.862160e+03 9.869200e+03 9.854309e+03
9.902868e+03 9.864106e+03 9.875731e+03 9.891243e+03
9.871093e+03 9.863981e+03 9.879220e+03 9.855854e+03
9.834465e+03 9.863676e+03 9.861746e+03 9.836395e+03
9.866136e+03 9.870005e+03 9.865051e+03 9.871089e+03
9.879337e+03 9.874092e+03 9.862733e+03 9.890695e+03
9.839059e+03 9.871074e+03 9.855639e+03 9.854494e+03
9.891325e+03 9.866144e+03 9.869482e+03 9.887988e+03
9.876362e+03 9.863221e+03 9.859065e+03 9.880518e+03
9.877202e+03 9.863676e+03 9.878700e+03 9.862178e+03
9.891468e+03 9.863636e+03 9.872541e+03 9.882562e+03
9.892845e+03 9.862297e+03 9.858066e+03 9.897076e+03
9.814533e+03 9.861043e+03 9.824445e+03 9.851131e+03
9.859633e+03 9.861448e+03 9.856641e+03 9.864440e+03
9.883811e+03 9.863614e+03 9.855747e+03 9.891677e+03
9.841273e+03 9.863963e+03 9.863204e+03 9.842032e+03
9.915176e+03 9.862944e+03 9.889984e+03 9.888136e+03
9.854786e+03 9.863754e+03 9.881264e+03 9.837276e+03
9.893329e+03 9.864772e+03 9.853513e+03 9.904588e+03
9.810360e+03 9.863846e+03 9.840467e+03 9.833739e+03
9.787351e+03 9.862990e+03 9.840363e+03 9.809978e+03
9.844096e+03 9.864291e+03 9.855320e+03 9.853067e+03
9.847096e+03 9.864481e+03 9.863545e+03 9.848032e+03
9.889211e+03 9.863166e+03 9.866981e+03 9.885395e+03
9.873179e+03 9.863335e+03 9.870684e+03 9.865830e+03
9.911425e+03 9.864590e+03 9.873373e+03 9.902642e+03
9.872784e+03 9.864008e+03 9.867480e+03 9.869312e+03
9.833593e+03 9.862475e+03 9.852468e+03 9.843600e+03
9.836262e+03 9.861254e+03 9.846097e+03 9.851419e+03
9.882504e+03 9.860645e+03 9.862802e+03 9.880348e+03
9.864392e+03 9.861968e+03 9.888846e+03 9.837514e+03
9.799869e+03 9.864047e+03 9.858683e+03 9.805233e+03
9.902394e+03 9.863938e+03 9.865269e+03 9.901062e+03
9.845905e+03 9.862645e+03 9.853644e+03 9.854907e+03
9.869478e+03 9.861509e+03 9.872858e+03 9.858129e+03
9.868158e+03 9.861021e+03 9.870398e+03 9.858781e+03
9.869599e+03 9.866034e+03 9.869494e+03 9.866138e+03
9.895867e+03 9.873043e+03 9.857894e+03 9.911016e+03
9.833994e+03 9.872481e+03 9.830654e+03 9.875821e+03
9.885319e+03 9.867871e+03 9.866497e+03 9.886693e+03
9.868385e+03 9.863798e+03 9.827931e+03 9.904252e+03
9.745941e+03 9.861326e+03 9.804840e+03 9.802428e+03
9.844833e+03 9.860068e+03 9.878974e+03 9.825927e+03
9.896281e+03 9.859588e+03 9.861687e+03 9.894182e+03
