9.703578e+03 9.736731e+03 9.738804e+03 9.701505e+03
9.749727e+03 9.736731e+03 9.718671e+03 9.767787e+03
9.724206e+03 9.736731e+03 9.732974e+03 9.727963e+03
9.712606e+03 9.748119e+03 9.727847e+03 9.732878e+03
9.756081e+03 9.823050e+03 9.788114e+03 9.791017e+03
9.807713e+03 9.867648e+03 9.770388e+03 9.904972e+03
9.859504e+03 9.839784e+03 9.761550e+03 9.937738e+03
9.711771e+03 9.792460e+03 9.674152e+03 9.830079e+03
9.579101e+03 9.757488e+03 9.661376e+03 9.675213e+03
9.580117e+03 9.737570e+03 9.626401e+03 9.691287e+03
9.704522e+03 9.728031e+03 9.755292e+03 9.677261e+03
9.683085e+03 9.725088e+03 9.777999e+03 9.630174e+03
9.735704e+03 9.726404e+03 9.816952e+03 9.645156e+03
9.739947e+03 9.766375e+03 9.801217e+03 9.705105e+03
9.883227e+03 9.847052e+03 9.849129e+03 9.881150e+03
9.835644e+03 9.858665e+03 9.819324e+03 9.874985e+03
9.769589e+03 9.822951e+03 9.740859e+03 9.851681e+03
9.755843e+03 9.846381e+03 9.799203e+03 9.803021e+03
9.806090e+03 9.876361e+03 9.802239e+03 9.880212e+03
9.762817e+03 9.843023e+03 9.781259e+03 9.824582e+03
9.645375e+03 9.789404e+03 9.688606e+03 9.746173e+03
9.720453e+03 9.750699e+03 9.690741e+03 9.780411e+03
9.749572e+03 9.730408e+03 9.713790e+03 9.766191e+03
9.884976e+03 9.722230e+03 9.752072e+03 9.855133e+03
1.005933e+04 9.720945e+03 9.799903e+03 9.980375e+03
9.859477e+03 9.723251e+03 9.738919e+03 9.843809e+03
9.543876e+03 9.726871e+03 9.693256e+03 9.577491e+03
9.652083e+03 9.730343e+03 9.698466e+03 9.683960e+03
9.744216e+03 9.732994e+03 9.743466e+03 9.733744e+03
9.751854e+03 9.734728e+03 9.768416e+03 9.718166e+03
9.571818e+03 9.735737e+03 9.618302e+03 9.689253e+03
9.542858e+03 9.736351e+03 9.566851e+03 9.712359e+03
9.551168e+03 9.763788e+03 9.575117e+03 9.739839e+03
9.639294e+03 9.844000e+03 9.679465e+03 9.803829e+03
9.780814e+03 9.865071e+03 9.765237e+03 9.880649e+03
9.843070e+03 9.826063e+03 9.746732e+03 9.922401e+03
9.877955e+03 9.780765e+03 9.742130e+03 9.916590e+03
9.843576e+03 9.750454e+03 9.729088e+03 9.864942e+03
9.864332e+03 9.733981e+03 9.773409e+03 9.824904e+03
9.837253e+03 9.726648e+03 9.745783e+03 9.818118e+03
9.854516e+03 9.733196e+03 9.775987e+03 9.811725e+03
9.752249e+03 9.805835e+03 9.812850e+03 9.745235e+03
9.781302e+03 9.859900e+03 9.856412e+03 9.784789e+03
9.780471e+03 9.839178e+03 9.775447e+03 9.844201e+03
9.768646e+03 9.822801e+03 9.751408e+03 9.840040e+03
9.847789e+03 9.867594e+03 9.836785e+03 9.878598e+03
9.827114e+03 9.865940e+03 9.822322e+03 9.870732e+03
9.718224e+03 9.816185e+03 9.812847e+03 9.721562e+03
9.709889e+03 9.767963e+03 9.807290e+03 9.670562e+03
9.718839e+03 9.738872e+03 9.834921e+03 9.622790e+03
9.566176e+03 9.725286e+03 9.741057e+03 9.550405e+03
9.651007e+03 9.720972e+03 9.739632e+03 9.632347e+03
9.721354e+03 9.721776e+03 9.729154e+03 9.713977e+03
9.814297e+03 9.724955e+03 9.783765e+03 9.755486e+03
9.755146e+03 9.728635e+03 9.814145e+03 9.669635e+03
9.710528e+03 9.731971e+03 9.763382e+03 9.679117e+03
9.697087e+03 9.767329e+03 9.775078e+03 9.689338e+03
9.756392e+03 9.847830e+03 9.757266e+03 9.846955e+03
9.949767e+03 9.862577e+03 9.820767e+03 9.991576e+03
9.884361e+03 9.821566e+03 9.816767e+03 9.889161e+03
9.816712e+03 9.777391e+03 9.777077e+03 9.817026e+03
9.629548e+03 9.748741e+03 9.700854e+03 9.677434e+03
9.680156e+03 9.766417e+03 9.723675e+03 9.722898e+03
9.691094e+03 9.838856e+03 9.716251e+03 9.813699e+03
9.836177e+03 9.851645e+03 9.791749e+03 9.896073e+03
9.906828e+03 9.816869e+03 9.838121e+03 9.885576e+03
9.914463e+03 9.839778e+03 9.834947e+03 9.919294e+03
9.861079e+03 9.873009e+03 9.859418e+03 9.874670e+03
9.763606e+03 9.842470e+03 9.766068e+03 9.840009e+03
9.731591e+03 9.789662e+03 9.788610e+03 9.732643e+03
9.732675e+03 9.750900e+03 9.762088e+03 9.721487e+03
9.776431e+03 9.735279e+03 9.788873e+03 9.722837e+03
9.783706e+03 9.791447e+03 9.838408e+03 9.736745e+03
9.829337e+03 9.849677e+03 9.855424e+03 9.823590e+03
9.847494e+03 9.835032e+03 9.836654e+03 9.845873e+03
9.692676e+03 9.791377e+03 9.708603e+03 9.775450e+03
9.741453e+03 9.769294e+03 9.761986e+03 9.748761e+03
9.794308e+03 9.825403e+03 9.782474e+03 9.837237e+03
9.882388e+03 9.858204e+03 9.835165e+03 9.905426e+03
9.934091e+03 9.825993e+03 9.794347e+03 9.965736e+03
9.897042e+03 9.779698e+03 9.731534e+03 9.945206e+03
9.832342e+03 9.771335e+03 9.777289e+03 9.826388e+03
9.784312e+03 9.834808e+03 9.823939e+03 9.795182e+03
9.788120e+03 9.853659e+03 9.827510e+03 9.814269e+03
9.750861e+03 9.815272e+03 9.764768e+03 9.801365e+03
9.722537e+03 9.771879e+03 9.705874e+03 9.788542e+03
9.844092e+03 9.783296e+03 9.765384e+03 9.862004e+03
9.839832e+03 9.846285e+03 9.848094e+03 9.838024e+03
9.841694e+03 9.847991e+03 9.838999e+03 9.850686e+03
9.865127e+03 9.804314e+03 9.837217e+03 9.832225e+03
9.776904e+03 9.763365e+03 9.852327e+03 9.687943e+03
9.586522e+03 9.738955e+03 9.711060e+03 9.614418e+03
9.638562e+03 9.727250e+03 9.688784e+03 9.677028e+03
9.730882e+03 9.723233e+03 9.715758e+03 9.738356e+03
9.812387e+03 9.723704e+03 9.696303e+03 9.839787e+03
9.771114e+03 9.726392e+03 9.604899e+03 9.892607e+03
9.717791e+03 9.729609e+03 9.636350e+03 9.811050e+03
9.675740e+03 9.732351e+03 9.728772e+03 9.679319e+03
9.597821e+03 9.734286e+03 9.727611e+03 9.604496e+03
9.660696e+03 9.735475e+03 9.771430e+03 9.624741e+03
9.733389e+03 9.736131e+03 9.714712e+03 9.754807e+03
9.789234e+03 9.742806e+03 9.750409e+03 9.781632e+03
9.814652e+03 9.810886e+03 9.783560e+03 9.841978e+03
9.868716e+03 9.866492e+03 9.879716e+03 9.855492e+03
9.769341e+03 9.846204e+03 9.843333e+03 9.772211e+03
9.675036e+03 9.798767e+03 9.789500e+03 9.684304e+03
9.628869e+03 9.761471e+03 9.706397e+03 9.683943e+03
9.733098e+03 9.739672e+03 9.740732e+03 9.732037e+03
9.743428e+03 9.728917e+03 9.789630e+03 9.682715e+03
9.842998e+03 9.725215e+03 9.850334e+03 9.717879e+03
9.910679e+03 9.725734e+03 9.810221e+03 9.826191e+03
9.902890e+03 9.728211e+03 9.770330e+03 9.860771e+03
9.836966e+03 9.731024e+03 9.797039e+03 9.770951e+03
9.878579e+03 9.733322e+03 9.854942e+03 9.756959e+03
9.888626e+03 9.734879e+03 9.892399e+03 9.731107e+03
9.886855e+03 9.735803e+03 9.859909e+03 9.762750e+03
9.932228e+03 9.736298e+03 9.920601e+03 9.747925e+03
9.877366e+03 9.736541e+03 9.944122e+03 9.669785e+03
9.871078e+03 9.736652e+03 9.884215e+03 9.723515e+03
9.793103e+03 9.744832e+03 9.813778e+03 9.724156e+03
9.874763e+03 9.815887e+03 9.883079e+03 9.807570e+03
9.920751e+03 9.867187e+03 9.973133e+03 9.814804e+03
9.934262e+03 9.843696e+03 9.898297e+03 9.879660e+03
9.803240e+03 9.796214e+03 9.795544e+03 9.803911e+03
9.744647e+03 9.759839e+03 9.748897e+03 9.755590e+03
9.697969e+03 9.738805e+03 9.733949e+03 9.702825e+03
9.746211e+03 9.728546e+03 9.822519e+03 9.652238e+03
9.824502e+03 9.725154e+03 9.896307e+03 9.653349e+03
9.908769e+03 9.725841e+03 9.869880e+03 9.764730e+03
9.848892e+03 9.728375e+03 9.762257e+03 9.815009e+03
9.722603e+03 9.731174e+03 9.732377e+03 9.721399e+03
9.802735e+03 9.742571e+03 9.780402e+03 9.764904e+03
9.796006e+03 9.816529e+03 9.838017e+03 9.774518e+03
9.949371e+03 9.866519e+03 9.913483e+03 9.902407e+03
9.915458e+03 9.841993e+03 9.843698e+03 9.913753e+03
9.722709e+03 9.794770e+03 9.740876e+03 9.776603e+03
9.693354e+03 9.758967e+03 9.746106e+03 9.706215e+03
9.730556e+03 9.738355e+03 9.804948e+03 9.663963e+03
9.851617e+03 9.728358e+03 9.841563e+03 9.738412e+03
9.821172e+03 9.726375e+03 9.835510e+03 9.712037e+03
9.923834e+03 9.775338e+03 9.857034e+03 9.842138e+03
9.920454e+03 9.850669e+03 9.880263e+03 9.890860e+03
9.872551e+03 9.851942e+03 9.816446e+03 9.908047e+03
9.836975e+03 9.808898e+03 9.800737e+03 9.845136e+03
9.887508e+03 9.768680e+03 9.833731e+03 9.822457e+03
9.812747e+03 9.743686e+03 9.818802e+03 9.737631e+03
9.783170e+03 9.730721e+03 9.835607e+03 9.678284e+03
9.663146e+03 9.725554e+03 9.785011e+03 9.603689e+03
9.541598e+03 9.725223e+03 9.555582e+03 9.711239e+03
9.766518e+03 9.727384e+03 9.714897e+03 9.779004e+03
9.740565e+03 9.730239e+03 9.758227e+03 9.712578e+03
9.736110e+03 9.732740e+03 9.755828e+03 9.713022e+03
9.840707e+03 9.734507e+03 9.806739e+03 9.768475e+03
9.820122e+03 9.735592e+03 9.790305e+03 9.765410e+03
9.800329e+03 9.736189e+03 9.689506e+03 9.847012e+03
9.720364e+03 9.747877e+03 9.607377e+03 9.860864e+03
9.739000e+03 9.822948e+03 9.765088e+03 9.796860e+03
9.685735e+03 9.867606e+03 9.788238e+03 9.765104e+03
9.587077e+03 9.839768e+03 9.733255e+03 9.693591e+03
9.554291e+03 9.792456e+03 9.605812e+03 9.740935e+03
9.685412e+03 9.757488e+03 9.624456e+03 9.818445e+03
9.683784e+03 9.737570e+03 9.710938e+03 9.710416e+03
9.844293e+03 9.728031e+03 9.870609e+03 9.701715e+03
9.848126e+03 9.725088e+03 9.852042e+03 9.721172e+03
9.806302e+03 9.726014e+03 9.782152e+03 9.750163e+03
9.797690e+03 9.728621e+03 9.815321e+03 9.710990e+03
9.818291e+03 9.731395e+03 9.809184e+03 9.740501e+03
9.828543e+03 9.733590e+03 9.805414e+03 9.756719e+03
9.924925e+03 9.735046e+03 9.800938e+03 9.859032e+03
9.907846e+03 9.737732e+03 9.845830e+03 9.799748e+03
9.795502e+03 9.790678e+03 9.809786e+03 9.776394e+03
9.880927e+03 9.860884e+03 9.909344e+03 9.832466e+03
9.845438e+03 9.855345e+03 9.930223e+03 9.770560e+03
9.838173e+03 9.809378e+03 9.843026e+03 9.804525e+03
9.740256e+03 9.768519e+03 9.732032e+03 9.776743e+03
9.729672e+03 9.743503e+03 9.726410e+03 9.746765e+03
9.859718e+03 9.730635e+03 9.850567e+03 9.739786e+03
9.906536e+03 9.725597e+03 9.920667e+03 9.711466e+03
1.003337e+04 9.725369e+03 9.914717e+03 9.844020e+03
9.905585e+03 9.727569e+03 9.796803e+03 9.836351e+03
9.783996e+03 9.730408e+03 9.730866e+03 9.783538e+03
9.767284e+03 9.734698e+03 9.743202e+03 9.758780e+03
9.852715e+03 9.788920e+03 9.805017e+03 9.836618e+03
9.895818e+03 9.859959e+03 9.928080e+03 9.827697e+03
9.901294e+03 9.854896e+03 9.867773e+03 9.888417e+03
9.601853e+03 9.809175e+03 9.680531e+03 9.730496e+03
9.595381e+03 9.768433e+03 9.754781e+03 9.609033e+03
9.750544e+03 9.743464e+03 9.797981e+03 9.696027e+03
9.696200e+03 9.730620e+03 9.840616e+03 9.586204e+03
9.672229e+03 9.725593e+03 9.759194e+03 9.638628e+03
9.724290e+03 9.725369e+03 9.800835e+03 9.648824e+03
9.793734e+03 9.727569e+03 9.697893e+03 9.823410e+03
9.818788e+03 9.730408e+03 9.644731e+03 9.904465e+03
9.621163e+03 9.732861e+03 9.650046e+03 9.703979e+03
9.687961e+03 9.734586e+03 9.661436e+03 9.761111e+03
9.867296e+03 9.735637e+03 9.836545e+03 9.766388e+03
9.731495e+03 9.736212e+03 9.895603e+03 9.572104e+03
9.764524e+03 9.736500e+03 9.791214e+03 9.709811e+03
9.736211e+03 9.736634e+03 9.749906e+03 9.722939e+03
9.838483e+03 9.736692e+03 9.759973e+03 9.815203e+03
9.734822e+03 9.736716e+03 9.693225e+03 9.778314e+03
9.532902e+03 9.736727e+03 9.560368e+03 9.709261e+03
9.384010e+03 9.736733e+03 9.494170e+03 9.626573e+03
9.476409e+03 9.752080e+03 9.552573e+03 9.675916e+03
9.515972e+03 9.829878e+03 9.646010e+03 9.699840e+03
9.768091e+03 9.867515e+03 9.769529e+03 9.866077e+03
9.818412e+03 9.835754e+03 9.756865e+03 9.897302e+03
9.845089e+03 9.788816e+03 9.736168e+03 9.897737e+03
9.568784e+03 9.755251e+03 9.683364e+03 9.640671e+03
9.652074e+03 9.736410e+03 9.657452e+03 9.731033e+03
9.717722e+03 9.727563e+03 9.637868e+03 9.807417e+03
9.789159e+03 9.725051e+03 9.780824e+03 9.733386e+03
9.813386e+03 9.726198e+03 9.816261e+03 9.723323e+03
9.838211e+03 9.728984e+03 9.800835e+03 9.766360e+03
9.824305e+03 9.760851e+03 9.782887e+03 9.802269e+03
9.864717e+03 9.842887e+03 9.792350e+03 9.915254e+03
9.884584e+03 9.862949e+03 9.847483e+03 9.900050e+03
9.891312e+03 9.823892e+03 9.846321e+03 9.868884e+03
9.900661e+03 9.779310e+03 9.843233e+03 9.836738e+03
9.918750e+03 9.749659e+03 9.847263e+03 9.821146e+03
9.847025e+03 9.733599e+03 9.775156e+03 9.805469e+03
9.831469e+03 9.726511e+03 9.804181e+03 9.753799e+03
9.868179e+03 9.725067e+03 9.791893e+03 9.801352e+03
9.890516e+03 9.726739e+03 9.827331e+03 9.789924e+03
9.919849e+03 9.729524e+03 9.768404e+03 9.880969e+03
9.728514e+03 9.732163e+03 9.745322e+03 9.715355e+03
9.697186e+03 9.734124e+03 9.805381e+03 9.625928e+03
9.741910e+03 9.735368e+03 9.803671e+03 9.673608e+03
9.773468e+03 9.736071e+03 9.817245e+03 9.692294e+03
9.674377e+03 9.736431e+03 9.738734e+03 9.672074e+03
9.537771e+03 9.736603e+03 9.669232e+03 9.605142e+03
9.674494e+03 9.736679e+03 9.660898e+03 9.750274e+03
9.754424e+03 9.736711e+03 9.747782e+03 9.743353e+03
9.921305e+03 9.736724e+03 9.895132e+03 9.762896e+03
9.892215e+03 9.736731e+03 9.800279e+03 9.828667e+03
9.786495e+03 9.736731e+03 9.772461e+03 9.750765e+03
9.623027e+03 9.736731e+03 9.676281e+03 9.683477e+03
9.603721e+03 9.736731e+03 9.736853e+03 9.603598e+03
9.700479e+03 9.736731e+03 9.801642e+03 9.635568e+03
9.812971e+03 9.736731e+03 9.850402e+03 9.699300e+03
9.880647e+03 9.736731e+03 9.837776e+03 9.779603e+03
9.925579e+03 9.736731e+03 9.821367e+03 9.840943e+03
9.708723e+03 9.736731e+03 9.720284e+03 9.725169e+03
9.576212e+03 9.736953e+03 9.713042e+03 9.600123e+03
9.691424e+03 9.770117e+03 9.768505e+03 9.693036e+03
9.716716e+03 9.849268e+03 9.862786e+03 9.703198e+03
9.873892e+03 9.863267e+03 9.921063e+03 9.816096e+03
9.821557e+03 9.821877e+03 9.791137e+03 9.852297e+03
9.846183e+03 9.778767e+03 9.789296e+03 9.835654e+03
9.827743e+03 9.798012e+03 9.803987e+03 9.821768e+03
9.861728e+03 9.855263e+03 9.876985e+03 9.840006e+03
9.923092e+03 9.847021e+03 9.863884e+03 9.906228e+03
9.838418e+03 9.800522e+03 9.773765e+03 9.865175e+03
9.843778e+03 9.760583e+03 9.818625e+03 9.785736e+03
9.937341e+03 9.737514e+03 9.846373e+03 9.828481e+03
9.889164e+03 9.726690e+03 9.826408e+03 9.789447e+03
9.880768e+03 9.723236e+03 9.840970e+03 9.763034e+03
9.856842e+03 9.745703e+03 9.808766e+03 9.793778e+03
9.860232e+03 9.828378e+03 9.877122e+03 9.811488e+03
9.891184e+03 9.859710e+03 9.828322e+03 9.922572e+03
9.696930e+03 9.826142e+03 9.739210e+03 9.783862e+03
9.708751e+03 9.782160e+03 9.686137e+03 9.804773e+03
9.772826e+03 9.786825e+03 9.780288e+03 9.779363e+03
9.548324e+03 9.848558e+03 9.789470e+03 9.607413e+03
9.543508e+03 9.852597e+03 9.741523e+03 9.654582e+03
9.778159e+03 9.814242e+03 9.671047e+03 9.921355e+03
9.897273e+03 9.837945e+03 9.812647e+03 9.922571e+03
9.948373e+03 9.869792e+03 9.766266e+03 1.005190e+04
9.758974e+03 9.838672e+03 9.636502e+03 9.961144e+03
9.522665e+03 9.810269e+03 9.613124e+03 9.719809e+03
9.532382e+03 9.852805e+03 9.659710e+03 9.725477e+03
9.645312e+03 9.858967e+03 9.740014e+03 9.764264e+03
9.794568e+03 9.815790e+03 9.739549e+03 9.870810e+03
9.837077e+03 9.821341e+03 9.803557e+03 9.854861e+03
9.889688e+03 9.862506e+03 9.803202e+03 9.948992e+03
9.828343e+03 9.843412e+03 9.809436e+03 9.862319e+03
9.580595e+03 9.793151e+03 9.688012e+03 9.685733e+03
9.569845e+03 9.753101e+03 9.649188e+03 9.673759e+03
9.686770e+03 9.733131e+03 9.693479e+03 9.726422e+03
9.895757e+03 9.776521e+03 9.839162e+03 9.833116e+03
9.934482e+03 9.844686e+03 9.879385e+03 9.899783e+03
9.944734e+03 9.841105e+03 9.818551e+03 9.967288e+03
9.806347e+03 9.798718e+03 9.735179e+03 9.869885e+03
9.683296e+03 9.761470e+03 9.713505e+03 9.731260e+03
9.686779e+03 9.739300e+03 9.683864e+03 9.742215e+03
9.719753e+03 9.728350e+03 9.753394e+03 9.694709e+03
9.815482e+03 9.724447e+03 9.857142e+03 9.682788e+03
9.813839e+03 9.724828e+03 9.784254e+03 9.754413e+03
9.723180e+03 9.727330e+03 9.806367e+03 9.644143e+03
9.618002e+03 9.730311e+03 9.624896e+03 9.723417e+03
9.568056e+03 9.732822e+03 9.618004e+03 9.682874e+03
9.660887e+03 9.734571e+03 9.716667e+03 9.678791e+03
9.760872e+03 9.735634e+03 9.718655e+03 9.777850e+03
