9.208294e+03 9.145231e+03 9.233875e+03 9.119650e+03
9.233914e+03 9.145231e+03 9.214054e+03 9.165091e+03
9.175527e+03 9.145231e+03 9.175116e+03 9.145642e+03
9.145460e+03 9.151945e+03 9.157401e+03 9.140005e+03
9.163611e+03 9.196123e+03 9.179554e+03 9.180181e+03
9.185866e+03 9.222417e+03 9.178009e+03 9.230274e+03
9.190621e+03 9.205989e+03 9.181760e+03 9.214850e+03
9.111983e+03 9.178088e+03 9.149392e+03 9.140679e+03
9.109091e+03 9.157469e+03 9.139922e+03 9.126638e+03
9.134041e+03 9.145726e+03 9.118748e+03 9.161019e+03
9.210523e+03 9.140102e+03 9.187155e+03 9.163470e+03
9.216976e+03 9.138367e+03 9.207613e+03 9.147729e+03
9.208942e+03 9.139143e+03 9.225332e+03 9.122753e+03
9.190476e+03 9.162709e+03 9.186617e+03 9.166568e+03
9.208740e+03 9.210274e+03 9.230384e+03 9.188630e+03
9.186911e+03 9.217121e+03 9.185100e+03 9.218931e+03
9.167927e+03 9.196065e+03 9.167908e+03 9.196084e+03
9.217749e+03 9.209879e+03 9.198179e+03 9.229448e+03
9.236299e+03 9.227554e+03 9.198553e+03 9.265300e+03
9.206133e+03 9.207899e+03 9.196908e+03 9.217124e+03
9.111660e+03 9.176286e+03 9.129923e+03 9.158023e+03
9.118949e+03 9.153466e+03 9.140152e+03 9.132263e+03
9.143524e+03 9.141503e+03 9.153086e+03 9.131941e+03
9.250013e+03 9.136682e+03 9.222760e+03 9.163934e+03
9.318821e+03 9.135924e+03 9.218703e+03 9.236042e+03
9.226952e+03 9.137284e+03 9.171132e+03 9.193103e+03
9.089592e+03 9.139418e+03 9.118287e+03 9.110723e+03
9.102792e+03 9.141465e+03 9.130510e+03 9.113746e+03
9.141408e+03 9.143028e+03 9.144453e+03 9.139983e+03
9.123441e+03 9.144051e+03 9.146095e+03 9.121396e+03
9.021178e+03 9.144645e+03 9.050471e+03 9.115352e+03
8.971455e+03 9.145007e+03 9.029908e+03 9.086554e+03
9.030168e+03 9.161183e+03 9.022071e+03 9.169280e+03
9.128662e+03 9.208475e+03 9.123505e+03 9.213632e+03
9.211833e+03 9.220898e+03 9.176144e+03 9.256587e+03
9.175357e+03 9.197899e+03 9.184142e+03 9.189114e+03
9.117842e+03 9.171193e+03 9.170188e+03 9.118846e+03
9.109261e+03 9.153322e+03 9.112948e+03 9.149635e+03
9.166808e+03 9.143610e+03 9.169639e+03 9.140778e+03
9.181517e+03 9.139287e+03 9.155233e+03 9.165570e+03
9.211913e+03 9.143147e+03 9.184420e+03 9.170640e+03
9.233746e+03 9.185974e+03 9.204646e+03 9.215073e+03
9.231229e+03 9.217849e+03 9.230478e+03 9.218601e+03
9.201158e+03 9.205632e+03 9.169619e+03 9.237171e+03
9.192685e+03 9.195976e+03 9.180951e+03 9.207710e+03
9.244867e+03 9.222385e+03 9.218269e+03 9.248984e+03
9.256659e+03 9.221410e+03 9.239365e+03 9.238704e+03
9.217143e+03 9.192075e+03 9.214965e+03 9.194253e+03
9.171339e+03 9.163645e+03 9.191060e+03 9.143923e+03
9.190098e+03 9.146493e+03 9.216554e+03 9.120037e+03
9.163229e+03 9.138484e+03 9.163401e+03 9.138311e+03
9.185074e+03 9.135940e+03 9.202260e+03 9.118754e+03
9.188263e+03 9.136414e+03 9.167332e+03 9.157346e+03
9.222168e+03 9.138288e+03 9.199814e+03 9.160642e+03
9.195549e+03 9.140458e+03 9.202359e+03 9.133647e+03
9.185156e+03 9.142425e+03 9.161437e+03 9.166144e+03
9.098006e+03 9.163271e+03 9.164639e+03 9.096638e+03
9.156591e+03 9.210733e+03 9.132663e+03 9.234660e+03
9.282389e+03 9.219427e+03 9.208865e+03 9.292951e+03
9.185816e+03 9.195248e+03 9.219731e+03 9.161333e+03
9.116471e+03 9.169204e+03 9.192041e+03 9.093634e+03
9.020981e+03 9.152312e+03 9.108133e+03 9.065160e+03
9.081064e+03 9.162733e+03 9.134998e+03 9.108799e+03
9.128972e+03 9.205442e+03 9.140787e+03 9.193627e+03
9.233601e+03 9.212982e+03 9.234648e+03 9.211935e+03
9.228782e+03 9.192479e+03 9.227999e+03 9.193263e+03
9.221615e+03 9.205986e+03 9.249050e+03 9.178550e+03
9.215316e+03 9.225578e+03 9.253204e+03 9.187689e+03
9.223615e+03 9.207573e+03 9.216325e+03 9.214863e+03
9.277932e+03 9.176438e+03 9.262154e+03 9.192216e+03
9.272551e+03 9.153585e+03 9.215262e+03 9.210874e+03
9.256117e+03 9.144375e+03 9.233718e+03 9.166774e+03
9.258947e+03 9.177490e+03 9.219047e+03 9.217391e+03
9.250951e+03 9.211822e+03 9.240762e+03 9.222011e+03
9.242685e+03 9.203187e+03 9.238659e+03 9.207213e+03
9.184958e+03 9.177449e+03 9.155829e+03 9.206578e+03
9.209516e+03 9.164429e+03 9.196505e+03 9.177441e+03
9.241159e+03 9.197511e+03 9.208421e+03 9.230248e+03
9.299974e+03 9.216849e+03 9.272955e+03 9.243867e+03
9.276536e+03 9.197858e+03 9.218407e+03 9.255987e+03
9.214359e+03 9.170564e+03 9.191280e+03 9.193642e+03
9.192970e+03 9.165633e+03 9.210187e+03 9.148416e+03
9.200206e+03 9.203056e+03 9.215738e+03 9.187524e+03
9.215533e+03 9.214169e+03 9.242072e+03 9.187629e+03
9.193309e+03 9.191538e+03 9.197736e+03 9.187111e+03
9.153286e+03 9.165954e+03 9.167567e+03 9.151673e+03
9.174336e+03 9.172685e+03 9.191222e+03 9.155799e+03
9.203458e+03 9.209822e+03 9.231373e+03 9.181907e+03
9.263011e+03 9.210828e+03 9.268061e+03 9.205777e+03
9.264838e+03 9.185077e+03 9.220966e+03 9.228948e+03
9.212317e+03 9.160934e+03 9.219223e+03 9.154028e+03
9.090375e+03 9.146543e+03 9.120560e+03 9.116358e+03
9.147345e+03 9.139642e+03 9.141495e+03 9.145492e+03
9.137458e+03 9.137273e+03 9.143415e+03 9.131316e+03
9.074124e+03 9.137551e+03 9.119058e+03 9.092617e+03
9.000604e+03 9.139135e+03 9.023347e+03 9.116392e+03
9.036654e+03 9.141032e+03 9.067579e+03 9.110108e+03
9.118346e+03 9.142649e+03 9.127950e+03 9.133044e+03
9.176449e+03 9.143790e+03 9.157478e+03 9.162761e+03
9.176720e+03 9.144491e+03 9.184361e+03 9.136850e+03
9.147700e+03 9.144877e+03 9.150197e+03 9.142380e+03
9.141938e+03 9.148813e+03 9.149597e+03 9.141155e+03
9.174817e+03 9.188952e+03 9.169628e+03 9.194141e+03
9.238180e+03 9.221736e+03 9.241725e+03 9.218191e+03
9.224634e+03 9.209774e+03 9.231472e+03 9.202936e+03
9.193646e+03 9.181806e+03 9.196557e+03 9.178896e+03
9.159696e+03 9.159817e+03 9.134141e+03 9.185372e+03
9.138856e+03 9.146965e+03 9.153249e+03 9.132571e+03
9.173727e+03 9.140624e+03 9.186222e+03 9.128129e+03
9.226981e+03 9.138441e+03 9.243391e+03 9.122031e+03
9.267781e+03 9.138747e+03 9.206604e+03 9.199924e+03
9.187884e+03 9.140208e+03 9.186838e+03 9.141254e+03
9.139272e+03 9.141867e+03 9.167402e+03 9.113737e+03
9.267029e+03 9.143221e+03 9.187110e+03 9.223140e+03
9.239593e+03 9.144140e+03 9.213555e+03 9.170178e+03
9.224859e+03 9.144684e+03 9.207730e+03 9.161813e+03
9.242027e+03 9.144976e+03 9.231710e+03 9.155293e+03
9.255703e+03 9.145119e+03 9.244999e+03 9.155823e+03
9.234609e+03 9.145185e+03 9.218536e+03 9.161257e+03
9.223980e+03 9.150007e+03 9.164409e+03 9.209578e+03
9.275137e+03 9.191900e+03 9.235181e+03 9.231856e+03
9.267009e+03 9.222145e+03 9.287026e+03 9.202129e+03
9.202984e+03 9.208296e+03 9.232660e+03 9.178620e+03
9.146824e+03 9.180301e+03 9.171383e+03 9.155742e+03
9.101182e+03 9.158855e+03 9.132601e+03 9.127436e+03
9.072614e+03 9.146454e+03 9.111900e+03 9.107168e+03
9.132493e+03 9.140406e+03 9.175958e+03 9.096940e+03
9.200770e+03 9.138406e+03 9.209604e+03 9.129572e+03
9.227756e+03 9.138811e+03 9.221026e+03 9.145541e+03
9.154733e+03 9.140305e+03 9.141737e+03 9.153300e+03
9.100000e+03 9.141955e+03 9.128685e+03 9.113271e+03
9.149897e+03 9.148674e+03 9.164770e+03 9.133802e+03
9.201176e+03 9.192278e+03 9.179574e+03 9.213881e+03
9.239203e+03 9.221752e+03 9.239362e+03 9.221593e+03
9.184081e+03 9.207292e+03 9.178517e+03 9.212855e+03
9.086658e+03 9.179450e+03 9.119431e+03 9.146677e+03
9.105977e+03 9.158341e+03 9.108368e+03 9.155950e+03
9.151670e+03 9.146189e+03 9.173331e+03 9.124528e+03
9.220392e+03 9.140295e+03 9.198503e+03 9.162183e+03
9.194197e+03 9.139126e+03 9.174380e+03 9.158943e+03
9.186505e+03 9.167993e+03 9.190427e+03 9.164071e+03
9.192997e+03 9.212407e+03 9.221850e+03 9.183554e+03
9.256488e+03 9.213157e+03 9.205149e+03 9.264496e+03
9.244492e+03 9.187779e+03 9.206299e+03 9.225972e+03
9.216161e+03 9.164068e+03 9.185723e+03 9.194507e+03
9.162446e+03 9.149332e+03 9.134003e+03 9.177775e+03
9.171906e+03 9.141688e+03 9.166636e+03 9.146957e+03
9.015124e+03 9.138641e+03 9.106035e+03 9.047729e+03
9.040485e+03 9.138446e+03 9.034426e+03 9.144505e+03
9.263271e+03 9.139720e+03 9.150428e+03 9.252564e+03
9.156175e+03 9.141404e+03 9.166025e+03 9.131553e+03
9.126747e+03 9.142878e+03 9.160387e+03 9.109238e+03
9.064514e+03 9.143920e+03 9.141673e+03 9.066761e+03
9.075409e+03 9.144560e+03 9.145199e+03 9.074769e+03
9.031983e+03 9.144912e+03 9.054652e+03 9.122242e+03
9.024721e+03 9.151802e+03 9.035579e+03 9.140944e+03
9.080970e+03 9.196063e+03 9.128375e+03 9.148657e+03
9.143315e+03 9.222393e+03 9.171029e+03 9.194678e+03
9.120903e+03 9.205980e+03 9.144155e+03 9.182728e+03
9.089498e+03 9.178085e+03 9.065710e+03 9.201874e+03
9.146004e+03 9.157469e+03 9.092390e+03 9.211083e+03
9.212244e+03 9.145726e+03 9.132922e+03 9.225048e+03
9.261921e+03 9.140102e+03 9.240560e+03 9.161463e+03
9.228943e+03 9.138367e+03 9.221511e+03 9.145799e+03
9.156947e+03 9.138913e+03 9.181573e+03 9.114286e+03
9.169807e+03 9.140450e+03 9.184029e+03 9.126228e+03
9.180694e+03 9.142085e+03 9.165815e+03 9.156965e+03
9.189734e+03 9.143379e+03 9.189622e+03 9.143491e+03
9.252103e+03 9.144238e+03 9.195417e+03 9.200924e+03
9.233245e+03 9.145821e+03 9.230324e+03 9.148742e+03
9.154686e+03 9.177037e+03 9.216664e+03 9.115059e+03
9.232855e+03 9.218429e+03 9.266215e+03 9.185069e+03
9.237456e+03 9.215163e+03 9.255044e+03 9.197576e+03
9.191729e+03 9.188063e+03 9.215449e+03 9.164343e+03
9.132220e+03 9.163973e+03 9.125198e+03 9.170995e+03
9.147811e+03 9.149224e+03 9.125452e+03 9.171583e+03
9.246191e+03 9.141637e+03 9.190856e+03 9.196972e+03
9.285296e+03 9.138667e+03 9.250936e+03 9.173026e+03
9.271590e+03 9.138532e+03 9.242472e+03 9.167650e+03
9.187866e+03 9.139830e+03 9.175237e+03 9.152458e+03
9.173002e+03 9.141503e+03 9.140664e+03 9.173841e+03
9.191949e+03 9.144032e+03 9.130784e+03 9.205197e+03
9.237522e+03 9.176001e+03 9.158088e+03 9.255435e+03
9.219729e+03 9.217884e+03 9.241265e+03 9.196348e+03
9.213918e+03 9.214899e+03 9.189195e+03 9.239622e+03
9.061666e+03 9.187943e+03 9.145581e+03 9.104028e+03
9.093212e+03 9.163922e+03 9.167734e+03 9.089400e+03
9.218691e+03 9.149201e+03 9.157455e+03 9.210437e+03
9.102916e+03 9.141628e+03 9.178819e+03 9.065725e+03
9.063619e+03 9.138665e+03 9.109479e+03 9.092804e+03
9.093179e+03 9.138532e+03 9.147038e+03 9.084673e+03
9.140876e+03 9.139830e+03 9.093029e+03 9.187677e+03
9.142243e+03 9.141503e+03 9.082844e+03 9.200902e+03
9.127946e+03 9.142950e+03 9.087999e+03 9.182897e+03
9.115386e+03 9.143967e+03 9.107258e+03 9.152095e+03
9.201441e+03 9.144587e+03 9.192278e+03 9.153749e+03
9.134756e+03 9.144925e+03 9.198944e+03 9.080737e+03
9.100615e+03 9.145095e+03 9.144161e+03 9.101549e+03
9.086221e+03 9.145174e+03 9.094941e+03 9.136453e+03
9.057321e+03 9.145208e+03 9.099408e+03 9.103121e+03
9.006268e+03 9.145222e+03 9.048670e+03 9.102821e+03
8.956515e+03 9.145229e+03 8.994193e+03 9.107552e+03
8.925952e+03 9.145232e+03 8.964613e+03 9.106572e+03
9.027839e+03 9.154281e+03 8.992179e+03 9.189940e+03
9.112264e+03 9.200149e+03 9.063622e+03 9.248790e+03
9.220427e+03 9.222339e+03 9.148460e+03 9.294306e+03
9.170345e+03 9.203613e+03 9.141843e+03 9.232115e+03
9.142653e+03 9.175939e+03 9.140395e+03 9.178198e+03
9.086583e+03 9.156150e+03 9.112219e+03 9.130514e+03
9.083059e+03 9.145042e+03 9.106189e+03 9.121912e+03
9.093021e+03 9.139826e+03 9.076719e+03 9.156129e+03
9.142386e+03 9.138345e+03 9.166729e+03 9.114002e+03
9.146823e+03 9.139021e+03 9.170038e+03 9.115806e+03
9.130057e+03 9.140664e+03 9.165067e+03 9.105654e+03
9.148348e+03 9.159452e+03 9.127903e+03 9.179896e+03
9.182635e+03 9.207819e+03 9.157778e+03 9.232675e+03
9.197685e+03 9.219647e+03 9.198286e+03 9.219045e+03
9.163634e+03 9.196620e+03 9.179059e+03 9.181196e+03
9.159623e+03 9.170335e+03 9.191846e+03 9.138113e+03
9.192199e+03 9.152853e+03 9.172103e+03 9.172950e+03
9.163600e+03 9.143385e+03 9.140850e+03 9.166134e+03
9.177828e+03 9.139206e+03 9.145400e+03 9.171634e+03
9.149440e+03 9.138354e+03 9.157435e+03 9.130359e+03
9.171005e+03 9.139340e+03 9.192049e+03 9.118295e+03
9.160870e+03 9.140982e+03 9.158137e+03 9.143716e+03
9.168723e+03 9.142538e+03 9.161305e+03 9.149956e+03
9.191294e+03 9.143694e+03 9.199403e+03 9.135585e+03
9.161201e+03 9.144428e+03 9.168386e+03 9.137243e+03
9.162244e+03 9.144842e+03 9.182722e+03 9.124364e+03
9.107002e+03 9.145055e+03 9.120585e+03 9.131472e+03
9.075314e+03 9.145156e+03 9.118581e+03 9.101888e+03
9.146506e+03 9.145200e+03 9.093734e+03 9.197973e+03
9.203030e+03 9.145219e+03 9.158417e+03 9.189832e+03
9.215347e+03 9.145227e+03 9.214143e+03 9.146431e+03
9.168156e+03 9.145231e+03 9.151705e+03 9.161683e+03
9.161247e+03 9.145231e+03 9.158826e+03 9.147652e+03
9.145055e+03 9.145231e+03 9.105832e+03 9.184454e+03
9.170003e+03 9.145231e+03 9.152873e+03 9.162361e+03
9.159164e+03 9.145231e+03 9.156650e+03 9.147745e+03
9.185260e+03 9.145231e+03 9.202183e+03 9.128307e+03
9.218564e+03 9.145231e+03 9.198654e+03 9.165141e+03
9.230694e+03 9.145231e+03 9.214476e+03 9.161449e+03
9.156217e+03 9.145231e+03 9.118787e+03 9.182661e+03
9.128316e+03 9.145362e+03 9.133441e+03 9.140236e+03
9.177509e+03 9.164915e+03 9.144652e+03 9.197773e+03
9.207837e+03 9.211580e+03 9.217950e+03 9.201468e+03
9.232406e+03 9.219834e+03 9.250912e+03 9.201329e+03
9.168384e+03 9.195432e+03 9.166682e+03 9.197134e+03
9.128704e+03 9.170015e+03 9.175570e+03 9.123148e+03
9.155674e+03 9.181361e+03 9.161420e+03 9.175615e+03
9.203159e+03 9.215115e+03 9.230378e+03 9.187896e+03
9.215696e+03 9.210256e+03 9.217442e+03 9.208510e+03
9.176839e+03 9.182841e+03 9.135328e+03 9.224352e+03
9.203671e+03 9.159294e+03 9.180937e+03 9.182028e+03
9.262295e+03 9.145693e+03 9.207120e+03 9.200867e+03
9.198057e+03 9.139312e+03 9.210820e+03 9.126548e+03
9.166711e+03 9.137275e+03 9.214428e+03 9.089557e+03
9.134136e+03 9.150521e+03 9.149913e+03 9.134744e+03
9.180804e+03 9.199264e+03 9.213736e+03 9.166332e+03
9.237470e+03 9.217737e+03 9.198583e+03 9.256623e+03
9.132555e+03 9.197946e+03 9.162767e+03 9.167734e+03
9.081092e+03 9.172015e+03 9.121811e+03 9.131296e+03
9.141949e+03 9.174766e+03 9.146326e+03 9.170388e+03
9.070198e+03 9.211162e+03 9.145707e+03 9.135653e+03
9.052554e+03 9.213543e+03 9.137984e+03 9.128114e+03
9.080138e+03 9.190930e+03 9.060781e+03 9.210287e+03
9.144687e+03 9.204905e+03 9.142302e+03 9.207291e+03
9.062376e+03 9.223681e+03 9.104515e+03 9.181542e+03
8.974403e+03 9.205334e+03 9.023536e+03 9.156201e+03
8.979331e+03 9.188587e+03 9.014226e+03 9.153692e+03
9.065778e+03 9.213666e+03 9.055529e+03 9.223915e+03
9.182551e+03 9.217299e+03 9.122504e+03 9.277345e+03
9.226990e+03 9.191843e+03 9.139191e+03 9.279641e+03
9.221151e+03 9.195115e+03 9.152022e+03 9.264244e+03
9.200179e+03 9.219385e+03 9.164865e+03 9.254699e+03
9.147751e+03 9.208128e+03 9.163080e+03 9.192799e+03
9.044965e+03 9.178495e+03 9.073453e+03 9.150006e+03
9.087064e+03 9.154883e+03 9.101854e+03 9.140093e+03
9.173001e+03 9.143109e+03 9.130987e+03 9.185123e+03
9.265161e+03 9.168691e+03 9.221259e+03 9.212592e+03
9.236223e+03 9.208879e+03 9.214518e+03 9.230585e+03
9.183655e+03 9.206768e+03 9.185700e+03 9.204723e+03
9.145875e+03 9.181777e+03 9.143642e+03 9.184010e+03
9.148761e+03 9.159817e+03 9.140942e+03 9.167636e+03
9.146853e+03 9.146746e+03 9.092346e+03 9.201253e+03
9.179129e+03 9.140290e+03 9.147721e+03 9.171698e+03
9.188778e+03 9.137989e+03 9.195503e+03 9.131264e+03
9.152317e+03 9.138214e+03 9.146054e+03 9.144477e+03
9.127966e+03 9.139689e+03 9.192503e+03 9.075151e+03
9.159500e+03 9.141446e+03 9.186090e+03 9.114856e+03
9.180526e+03 9.142927e+03 9.191189e+03 9.132264e+03
9.184263e+03 9.143958e+03 9.227118e+03 9.101103e+03
9.181305e+03 9.144584e+03 9.183727e+03 9.142162e+03
