-0.977306186  
-0.6563303059  
-0.990734023  
-0.4432853871  
-0.3231090456  
-0.1947062331  
-0.7026523952  
-0.2377145459  
-0.09454950516  
1.156538282  
-0.1364216122  
-0.04845773552  
-0.274824429  
-0.008964760226  
2.027927664  
-0.1440956842  
0.02771244156  
0.7746933671  
2.06037304  
-0.3068920735  
0.6139985578  
-0.0668895846  
0.07579688989  
-0.1570641404  
0.1801269208  
-0.06836575502  
0.3503044748  
-0.1237494671  
-0.01525512163  
-0.2035308418  
0.04532490932  
-0.4862613273  
0.6631353134  
0.5227288529  
0.1742519783  
-0.01581977009  
0.1854365184  
-0.3127168243  
0.006249200647  
-0.1989746567  
0.2294563695  
0.02801047442  
0.05249176802  
-0.1895383347  
0.3319572023  
2.256057746  
1.283726619  
-0.5846541407  
0.5148905379  
-0.4796179078  
0.4561313012  
-0.676827489  
2.944170655  
13.13265317  
1.699999678  
2.86118744  
-0.9188313596  
0.2741022436  
-0.9305731118  
-0.111870874  
-0.6344314593  
-0.1526807591  
-0.481759694  
0.5071041119  
0.0516652943  
-0.03534516012  
-0.1676894962  
0.2371465767  
-0.03556048083  
0.01650929487  
0.1861419205  
-0.04537341541  
-0.4088331443  
-0.08785502624  
-0.2140495213  
-0.207882714  
-0.5496476212  
0.3595060249  
1.16724022  
-0.253881823  
-0.1018720148  
-0.2964441324  
0.0371063181  
-0.1911771603  
0.4129350219  
0.1435573419  
-0.2015797802  
-0.03713417809  
-0.349564464  
0.1263549815  
0.08984205365  
0.08846344245  
1.080981326  
1.310723608  
-0.3466217896  
-0.1045053394  
0.4575674555  
0.5468383512  
0.07664545243  
0.606875398  
0.0675388306  
-0.0785502143  
0.3242264219  
0.4906552639  
0.2455399774  
0.4108622672  
0.04856297104  
-0.007112926529  
0.5337207596  
0.139098792  
0.0954517282  
0.382984751  
-0.1948818993  
-0.1988496478  
0.2377164455  
-0.2674302264  
-0.2131568366  
-0.259226552  
0.1166428456  
0.2701734134  
-0.3307561415  
-0.1320865554  
-0.09309017492  
-0.01600384563  
0.01082543603  
0.05003343472  
-0.07620927128  
-0.07299371281  
-0.06646823514  
-0.1997529285  
0.1262694665  
0.3559778827  
-0.4840588167  
-0.07151023527  
-0.383077108  
-0.1828201865  
-0.3697193673  
-0.1001950546  
-0.1555908377  
-0.1371565487  
-0.3121062151  
-0.4267381412  
-0.05470187594  
-0.2398664684  
-0.1487550616  
-0.1638332148  
0.09477459379  
-0.068259646  
-0.04174060475  
-0.3365176065  
-0.07643403255  
-0.2183995411  
-0.4146885811  
2.604529519  
0.02266862477  
-0.2153638522  
-0.230537312  
-0.6960368974  
-0.3176302567  
-0.4007163347  
-0.4081368922  
-0.2731044074  
-0.2939396882  
-0.03663600081  
0.4146064344  
-0.2312831551  
-0.1857331754  
-0.368707684  
-0.2143045017  
-0.43323383  
0.1798264755  
-0.1389332136  
-0.09701066452  
-0.5996980725  
0.09697327823  
0.1030205132  
-0.8190778757  
-0.4146543117  
-0.6147237765  
-0.7227900465  
-0.5716697796  
-0.6119953543  
-0.4703922726  
-0.5877328208  
-0.1241657679  
-0.3261896386  
-0.2762514504  
-0.2343139266  
0.07244654105  
0.3472899207  
-0.6857903548  
-0.3479867996  
-0.5004833766  
-0.3221685766  
-0.3610010421  
-0.6522305672  
-0.3577127462  
-0.03138545302  
-0.2173345305  
-0.556088579  
-0.7502984626  
-0.2924560427  
-0.7709488209  
-0.3204952704  
-0.5527030957  
0.2350909614  
0.4637249237  
-0.133303893  
-0.108684318  
-0.2768607417  
-0.2324000913  
-0.5800690221  
-0.471291885  
-0.3231972735  
-0.449919628  
-0.7760769199  
-0.5573732337  
-0.6709154798  
-0.5200018839  
-0.6428462362  
-0.3682687  
-0.5086624333  
-0.4386171177  
-0.6264017771  
-0.003942058503  
0.4438489783  
-0.3125567182  
-0.146709256  
0.1902079097  
0.0003517226356  
-0.1632163751  
-0.02317804409  
-0.4077113617  
-0.09274953293  
0.6454871989  
-0.2882855504  
-0.2079349349  
-0.6969245993  
2.860318656  
1.223323973  
0.08592935481  
0.01285196596  
-0.5564601866  
-0.4860925575  
-0.5793804859  
0.3018836235  
-0.3569854238  
-0.4103109432  
-0.5535610223  
-0.4997791948  
-0.5226255546  
-0.4970848115  
-0.05967032019  
0.1065273898  
-0.03458349165  
0.8598537246  
-0.7279859581  
-0.1315338456  
-0.1653575735  
-0.02155290115  
-0.09025018394  
-0.221415989  
-0.3180287109  
-0.722701315  
-0.5097364587  
