3414.928644  
3805.544744  
3713.724242  
3701.637268  
3691.214418  
3687.209577  
3616.425947  
3686.507134  
3611.83142  
3558.373825  
3625.506741  
3585.427956  
3609.846119  
3660.202898  
3662.132993  
3601.061325  
3578.522402  
3595.520021  
3592.317235  
3640.297576  
3575.264557  
3549.562662  
3632.215401  
3685.214088  
3626.648546  
3608.527955  
3673.321546  
3671.133939  
3623.304429  
3625.213195  
3694.298387  
3637.685421  
3614.06902  
3598.67263  
3633.824967  
3784.931675  
3618.394708  
3587.928309  
3557.081474  
3606.298584  
3784.165666  
3586.168273  
3590.501672  
3635.067668  
3619.754388  
3599.604743  
3598.454824  
3608.959623  
3668.510345  
3636.357905  
3576.769775  
3616.405928  
3613.334315  
3604.123306  
3690.030511  
3631.864255  
3574.459239  
3633.810123  
3658.429314  
3621.35607  
3650.482276  
3597.783541  
3558.374456  
3557.621011  
3639.521292  
3582.345182  
3692.19139  
3768.153066  
3548.102576  
3753.360991  
3656.6574  
3758.099124  
3705.787245  
3644.622291  
3616.217045  
3691.684732  
3627.285929  
3604.972647  
3608.506998  
3710.428306  
3610.943991  
3596.904021  
3667.310675  
3678.358502  
3616.135172  
3583.052535  
3627.839557  
3641.670306  
3559.332079  
3631.535095  
3646.567126  
3587.598156  
3583.474112  
3591.797386  
3666.680566  
3738.766307  
3585.58017  
3659.576067  
3615.069644  
3663.074357  
3641.070902  
3616.224294  
3616.962562  
3620.333879  
3703.41904  
3638.148917  
3593.791221  
3633.295933  
3750.38941  
3658.429788  
3616.384025  
3693.139176  
3644.362515  
3645.212256  
3641.177623  
3632.351953  
3655.742256  
3702.481301  
3715.454897  
3626.571328  
3638.164016  
3636.833261  
3629.041872  
3678.240138  
3697.389284  
3636.856348  
3596.985837  
3620.042112  
3671.604083  
3778.080349  
3654.232154  
3640.371486  
3678.777834  
3661.198332  
3609.59911  
3650.467254  
3636.478202  
3586.879635  
3596.765136  
3577.524694  
3607.695581  
3590.042819  
3622.979793  
3606.275385  
3591.684718  
3672.907625  
3669.341226  
3582.052349  
3640.846201  
3607.480111  
3578.596475  
3602.065554  
3598.001856  
3614.06163  
3654.532637  
3594.810857  
3571.092422  
3577.70087  
3695.127435  
3625.005013  
3655.65207  
3564.136896  
3612.922898  
3706.719012  
3502.797478  
3551.071699  
3514.159184  
3555.599661  
3598.259868  
3683.865105  
3578.321505  
3612.504078  
3569.528242  
3579.886658  
3645.782545  
3649.676066  
3583.097767  
3551.220609  
3629.434114  
3613.878203  
3521.793835  
3596.295746  
3580.845764  
3591.12151  
3545.646519  
3517.298769  
3582.888208  
3672.070473  
3590.161955  
3617.529888  
3574.652605  
3630.057781  
3574.250778  
3646.254331  
3602.722849  
3586.501025  
3562.712618  
3601.002154  
3591.697126  
3558.04463  
3554.922659  
3554.422722  
3580.436718  
3586.913033  
3598.937447  
3619.233916  
3637.469096  
3645.032339  
3620.906923  
3686.374718  
3567.563287  
3588.234585  
3556.171676  
3569.125298  
3555.645336  
3518.843723  
3577.614281  
3588.225896  
3631.433183  
3675.944993  
3606.463065  
3628.041513  
3598.890092  
3630.536297  
3565.210006  
3553.912649  
3560.428353  
3561.303339  
3622.985346  
3657.266031  
3654.683541  
3587.08404  
3612.397035  
3663.836381  
3599.935547  
3578.159914  
3562.656378  
3576.843754  
3597.790968  
3622.348925  
3611.451011  
3528.694459  
3619.469855  
3582.654128  
3558.337669  
3542.405249  
3553.135409  
3571.715651  
3650.164514  
3550.585704  
3584.459674  
3606.005645  
3642.447192  
3542.735192  
3590.074454  
3677.660388  
3583.870202  
3553.786076  
3576.722599  
3677.844696  
3577.357142  
3539.106024  
3536.6405  
3604.010794  
3554.649207  
3493.187729  
3555.605304  
3506.289534  
3628.407564  
3562.538804  
3563.95624  
3542.998362  
3537.40854  
3520.5994  
3571.942577  
3706.726101  
3521.438759  
3548.162374  
3473.258789  
3634.967614  
3683.462905  
3532.00213  
3553.63784  
3609.637104  
3614.35261  
3557.26344  
3578.991908  
3543.694543  
3566.682764  
3521.411422  
3508.489588  
3566.718142  
3690.997691  
