3533.439064  
3560.081072  
3455.552731  
3431.490005  
3436.791549  
3388.564248  
3488.531905  
3553.413873  
3460.588416  
3404.518406  
3437.957707  
3408.810958  
3420.396365  
3476.69522  
3451.588351  
3432.665477  
3429.279385  
3400.293804  
3436.689913  
3566.116864  
3494.79728  
3402.738244  
3473.399369  
3436.378807  
3419.855276  
3451.093554  
3486.73553  
3477.657514  
3367.860033  
3458.925894  
3451.478974  
3429.501184  
3435.798143  
3409.25467  
3489.13794  
3559.818897  
3417.982814  
3410.702777  
3399.663108  
3488.95435  
3442.478295  
3441.416679  
3369.909371  
3526.395626  
3489.394154  
3372.845545  
3406.481751  
3420.767038  
3450.305671  
3476.069201  
3421.832967  
3386.870048  
3411.519748  
3442.16197  
3504.031891  
3419.472117  
3414.949332  
3397.502012  
3397.939005  
3415.231002  
3474.409964  
3495.629299  
3364.783652  
3394.130309  
3393.859013  
3375.276561  
3413.870292  
3431.454953  
3381.210191  
3365.737603  
3345.723078  
3507.181164  
3459.869998  
3409.361993  
3455.627228  
3459.440248  
3443.878691  
3408.291041  
3425.568217  
3503.893715  
3445.302481  
3401.255334  
3502.112327  
3450.938843  
3363.872265  
3430.203983  
3378.19856  
3418.380684  
3404.780707  
3511.429005  
3498.162087  
3412.228691  
3363.201781  
3365.102868  
3426.311743  
3476.736346  
3388.692036  
3423.117776  
3458.772373  
3369.836643  
3358.791346  
3386.686119  
3367.25156  
3430.032496  
3520.510858  
3431.664017  
3382.253218  
3448.317702  
3479.035965  
3403.674512  
3426.416234  
3511.746912  
3422.758036  
3415.987539  
3412.258789  
3408.369757  
3394.828465  
3477.576686  
3465.841132  
3373.382204  
3381.506015  
3409.721727  
3380.620303  
3462.249901  
3430.149013  
3381.120541  
3385.91753  
3415.441978  
3453.060194  
3413.329548  
3372.909432  
3402.559766  
3498.732369  
3379.999067  
3389.527309  
3412.058702  
3405.2256  
3460.849582  
3476.617897  
3365.988572  
3395.811652  
3432.481388  
3425.517389  
3394.783696  
3386.840057  
3422.519621  
3381.530756  
3394.605013  
3417.147377  
3455.386127  
3398.513625  
3354.618951  
3378.227569  
3435.603495  
3440.38949  
3344.612996  
3380.576983  
3438.0643  
3432.021877  
3361.527657  
3398.605794  
3361.888395  
3444.63509  
3464.665634  
3384.414529  
3387.671705  
3386.459656  
3406.797639  
3440.478871  
3501.228188  
3396.243019  
3356.887944  
3343.41211  
3410.338613  
3419.57089  
3546.46894  
3386.212459  
3433.742355  
3430.637386  
3460.771778  
3385.598122  
3471.759166  
3479.743317  
3387.86427  
3414.050815  
3416.527774  
3461.557012  
3590.238031  
3524.86502  
3454.006156  
3437.284226  
3443.409327  
3448.472859  
3422.247171  
3361.861111  
3385.057498  
3381.210805  
3418.430312  
3434.747568  
3554.65827  
3448.948329  
3457.560451  
3409.539898  
3386.372668  
3382.09607  
3422.807664  
3450.482244  
3417.929606  
3506.62552  
3518.793021  
3417.581609  
3425.150028  
3393.608281  
3496.715421  
3453.450899  
3412.472446  
3386.11618  
3390.061061  
3468.91881  
3447.35302  
3343.521826  
3403.554165  
3400.59348  
3498.404209  
3371.957584  
3371.142942  
3332.130057  
3453.334797  
3314.941447  
3635.485412  
3304.486774  
3652.4145  
3669.83642  
4127.3411  
3833.01574  
3390.106461  
3597.607908  
3412.257164  
3506.616722  
3452.979532  
3471.352192  
3374.630148  
3471.435407  
3399.403239  
3372.377057  
3400.511392  
3463.207251  
3488.190542  
3551.250663  
3452.451476  
3429.73211  
3543.225848  
3520.483235  
3403.972986  
3534.40774  
3499.699943  
3482.323161  
3425.898256  
3536.216206  
3444.012006  
3425.664379  
3516.017354  
3526.515782  
3478.188488  
3391.253066  
3442.55402  
3464.513193  
3451.371414  
3565.458658  
3448.491541  
3459.938857  
3423.898817  
3468.480457  
3546.013278  
3516.652523  
3394.666117  
3478.450333  
3400.591729  
3509.076904  
3557.083522  
3494.727843  
3393.517773  
3503.25248  
3431.351266  
3287.817948  
3399.828014  
3429.394706  
3454.003372  
3451.982719  
3476.620243  
3525.004677  
3512.300566  
3456.536966  
