-0.5762959664  
-0.5537869184  
-1.169677994  
-0.8496012283  
-0.5811529807  
-0.2280035967  
-0.7843262626  
-0.5581458083  
-0.3330944098  
2.527635016  
-0.0546057213  
0.1755253951  
-0.1416810511  
0.244077387  
4.801853379  
-0.1244791856  
0.2709531813  
0.6445457346  
1.973835729  
-0.159642654  
0.6546636317  
0.1313968579  
-0.04655219528  
-0.1606009605  
0.2374753801  
0.2638250671  
0.2450534168  
0.06704430445  
0.1605587314  
-0.232620999  
0.2600120283  
-0.526866624  
1.013330382  
0.9332471675  
0.1166867418  
0.1163243687  
0.2029034167  
-0.3755621056  
0.05546426637  
-0.1157508338  
0.4140124241  
0.114435837  
0.3143900684  
-0.2018111105  
0.324163096  
3.806654017  
1.554714622  
-0.4522948551  
0.3365304194  
-0.35399104  
0.1561565675  
-0.4966151439  
2.330757238  
9.388913362  
1.278782793  
4.903428281  
-0.8689078645  
0.2169007099  
-0.9207339813  
-0.5840936757  
-0.8425078229  
-0.6881796811  
-0.5200702241  
0.5818795682  
0.01994578016  
-0.1157044148  
-0.1823393642  
0.08553184959  
0.08917993239  
-0.08364365865  
0.3835682154  
-0.1907336087  
-0.2677637711  
-0.02002164832  
-0.2516994154  
-0.3894277935  
-0.1983764333  
0.06133341778  
1.287168528  
-0.0340693628  
-0.256838704  
-0.27850525  
-0.2072699462  
-0.4561423321  
0.4817532268  
0.2868055422  
-0.3564681733  
-0.1841355505  
-0.2623902269  
-0.0514109552  
-0.1895136466  
0.4802001509  
0.5774098539  
0.7962113481  
-0.5200695126  
-0.436316905  
0.5929393079  
0.3548917676  
0.001388501698  
0.3283455462  
0.09739847108  
-0.155347955  
0.1143077388  
0.3738739236  
0.4537690565  
0.4329682784  
-0.1239765834  
-0.5225646521  
0.5894309249  
0.1483417536  
-0.1395301417  
0.1574256011  
-0.4818051282  
-0.197186229  
0.3211446365  
-0.5368434795  
-0.3731124074  
-0.5227235148  
-0.08281454479  
0.5405001881  
-0.2197844603  
-0.05034632056  
-0.1177821403  
-0.1242284372  
0.1957828319  
-0.08800902621  
0.02565033893  
-0.04452973575  
-0.1313648954  
-0.2782405894  
0.2108397011  
1.02046065  
-0.6116558616  
-0.03121261653  
-0.3127296289  
-0.2850121875  
-0.3306646739  
0.5855510567  
-0.1526275697  
0.09928378642  
-0.2329723863  
-0.3610251466  
-0.03762485024  
-0.08696403031  
-0.1127551199  
-0.2508134664  
0.3985332408  
-0.06611514573  
0.04249928517  
-0.3894191569  
-0.3139816499  
-0.2213577797  
-0.0900009074  
4.234660129  
0.2456840603  
0.1378059121  
-0.241357429  
-0.5381220982  
-0.4791694454  
-0.2385075939  
-0.373332801  
-0.3679495728  
-0.3279612057  
0.1847539138  
0.9276794643  
-0.2539471071  
-0.2450491766  
-0.1632065784  
-0.05718456526  
-0.5562681942  
0.2904853506  
-0.03906558576  
0.00127753796  
-0.5675770131  
0.3462314412  
0.6648222625  
-0.7325875411  
-0.171116589  
-0.7340456855  
-0.5915609879  
-0.4509877728  
-0.574669828  
-0.4849943835  
-0.3437154647  
-0.1296730224  
-0.5749377348  
-0.3895529317  
-0.3215922398  
-0.05161470861  
0.8473510494  
-0.9187309357  
-0.2027057481  
-0.7066278593  
-0.2823051792  
-0.4914267458  
-0.880320637  
-0.4654763516  
0.05954482927  
-0.3274024043  
-0.8012897147  
-1.228916528  
-0.4654664472  
-0.9733417089  
-0.3299662608  
-0.5722081572  
-0.1435914264  
0.4748478555  
0.03049497764  
-0.1149299015  
-0.4173539923  
-0.3229543726  
-0.4419556772  
-0.577470269  
-0.4388537317  
-0.4018542592  
-0.6590040181  
-0.9039746756  
-0.9121925142  
-0.6019479899  
-0.8307143064  
-0.4512460484  
-0.4454612123  
-0.4938141108  
-0.8922631126  
-0.05706540168  
0.5533584586  
-0.1228516553  
-0.3658584197  
0.3765846147  
-0.02802669979  
-0.1820238554  
0.1021949894  
-0.3836205314  
-0.2523843716  
1.014793019  
-0.3545863015  
-0.1888331273  
-0.9640043283  
4.275437227  
1.678126161  
0.00424128562  
-0.07276758697  
-0.7420958792  
-0.4348305279  
-0.7187612261  
0.8088454301  
-0.6425632766  
-0.507933471  
-0.8948592071  
-0.757041151  
-0.7619988774  
-0.6558578474  
-0.4026994196  
0.01805559584  
-0.6145066243  
0.2989373491  
-0.9674772062  
-0.5407452477  
-0.5087825961  
-0.286400473  
-0.5175655519  
-0.5075598552  
-0.5912955834  
-1.011907521  
-0.784744575  
