3948.943187  
4090.277044  
4024.922009  
3954.857811  
3981.123975  
3994.9411  
3889.196773  
3986.473322  
3898.987493  
3922.013835  
4023.749948  
3977.607416  
4009.618318  
4014.650776  
4064.031653  
3913.131673  
3946.450238  
3942.295491  
3943.783602  
4021.237387  
3953.724223  
3903.711104  
3982.745212  
4035.455146  
4027.016712  
3984.10477  
4024.741687  
4023.430793  
4017.885893  
3989.398  
4061.95572  
3995.317522  
3990.808117  
3981.658669  
3976.15086  
4123.40144  
4004.066191  
3961.58683  
3955.054664  
3983.837848  
4089.124588  
3931.313383  
3950.173917  
4012.49982  
4028.88013  
3946.110773  
3983.927655  
3967.761009  
4076.75843  
4082.634161  
3933.070726  
4000.230864  
4002.012966  
3967.610323  
4067.5575  
4052.309186  
3947.96512  
4037.662364  
4062.064439  
3987.019281  
4036.423404  
3997.299562  
3959.70156  
3958.709484  
3963.077767  
3977.031133  
4005.339412  
4167.880442  
4041.166123  
4079.837822  
4057.216334  
4142.087286  
4109.477307  
4039.781424  
4010.30101  
4058.255683  
4011.52091  
3992.455885  
3989.584216  
4109.842778  
4020.28148  
3977.56101  
4083.680699  
4103.130379  
4027.080801  
3964.585831  
4052.505815  
4047.017186  
3963.113414  
4023.612913  
3982.514867  
3961.953073  
3943.336091  
3975.567809  
4045.287337  
4098.492165  
3963.246912  
4038.24103  
3971.014207  
4076.285781  
4011.262125  
3989.073966  
3959.846187  
3974.784825  
4048.665898  
4001.742867  
3934.090705  
3989.119729  
4099.410804  
4015.161137  
3972.327002  
4082.683981  
3994.032212  
3997.699552  
3989.470403  
3998.179189  
4046.041569  
4050.049373  
4046.729623  
3992.532117  
4012.374826  
3966.569417  
4009.224117  
4048.889505  
4076.063346  
4026.749021  
3951.104827  
4019.031481  
4036.196846  
4118.092386  
4019.124467  
3997.571492  
4055.383853  
4002.840893  
3995.634877  
4039.412661  
3994.13685  
3942.813822  
4005.186761  
3969.63969  
4003.330276  
3938.113932  
4005.584591  
4007.32456  
3985.136616  
4066.085324  
4045.07415  
4002.113886  
4011.784588  
4029.193007  
4015.321744  
3993.931339  
4030.650281  
3999.709547  
4037.866523  
4012.765649  
3988.677385  
3971.970115  
4097.012442  
4041.94768  
4029.46029  
3991.787426  
3989.437019  
4103.486036  
3910.30259  
3952.212274  
3923.104392  
3954.798964  
4013.373616  
4055.538335  
3990.281155  
3999.86697  
3950.135785  
3974.866157  
4019.129604  
4025.062125  
3962.795379  
3936.876741  
4058.040845  
3991.360672  
3926.314356  
4011.078681  
4032.069536  
4009.111831  
3928.06458  
3931.551884  
3993.649577  
4080.062764  
3982.687531  
4027.346266  
3967.323866  
4046.784558  
3931.719901  
4065.441867  
4011.233706  
4005.937643  
3977.427092  
3984.58274  
3989.955642  
3987.968141  
3958.85943  
3952.88339  
4014.725221  
3999.098108  
4027.872277  
4020.389472  
4032.596215  
4083.377103  
4027.636467  
4051.541312  
3969.449371  
3989.198853  
3950.237466  
3995.950216  
3960.176078  
3929.507614  
3969.497157  
4010.08966  
4023.160062  
4059.79042  
4010.569591  
4034.184559  
3973.632031  
4057.043847  
3956.564062  
3988.669911  
3968.501655  
3979.673866  
4056.790764  
4065.406193  
4064.445259  
4036.817032  
4041.44389  
4072.897541  
4029.104182  
3984.96474  
3976.279417  
4011.87274  
4012.798788  
4018.244633  
4041.699939  
3981.898698  
4072.818322  
3981.362396  
3979.029752  
3930.927273  
3951.158392  
3992.419488  
4083.989704  
3960.286458  
4003.983138  
4040.013035  
4107.36808  
3910.337811  
4029.687634  
4080.217144  
4019.075224  
3977.72447  
4007.562235  
4119.352786  
3977.729521  
3965.016912  
3943.544762  
4005.521626  
3965.907594  
3939.135758  
3982.471816  
3908.966889  
4074.80711  
3978.261542  
3999.421283  
3942.698672  
3969.312239  
3944.94776  
3979.942272  
4106.831035  
3950.815015  
3964.899437  
3847.53133  
4034.107194  
4042.837086  
3965.908677  
3962.686199  
3995.058127  
4023.761372  
3961.578039  
4002.258009  
3967.620908  
4001.795037  
3959.451823  
3940.534826  
3999.743059  
4088.186679  
