2617.657716  
3414.982324  
3085.508301  
3195.174397  
3142.981917  
3138.219687  
3216.985972  
3187.563308  
3053.33758  
3038.971401  
3143.862505  
2859.231574  
3080.55848  
3302.322762  
3154.113604  
3092.822019  
3285.34826  
3226.881346  
3243.762002  
3151.296907  
3154.73081  
3224.117914  
3077.325692  
3152.476493  
3240.920504  
3096.053121  
3187.929176  
2948.094563  
3173.180452  
3123.650861  
2905.954945  
3106.375234  
3197.38393  
3339.749786  
3263.294503  
3056.886995  
2907.563052  
3319.446357  
3066.79685  
3044.899075  
3275.886195  
3232.409922  
3237.63075  
3041.575399  
3214.977408  
3229.112943  
3186.306703  
3235.819209  
3130.97981  
3340.005844  
3169.592359  
2995.182966  
3165.57407  
3186.341435  
3004.427711  
3144.624096  
3096.227377  
3276.427189  
3278.742878  
3300.744137  
3031.975939  
2683.376721  
3299.228928  
3135.1361  
3151.861856  
3102.635116  
3141.552231  
3139.292829  
3373.903079  
3195.018503  
2889.637396  
3087.088492  
3311.781737  
3261.166956  
3145.345497  
3187.875786  
3217.47001  
3102.802649  
3395.331967  
3099.408636  
3070.738068  
3171.129559  
3236.662564  
3202.382133  
3027.158231  
3050.906176  
3279.060547  
3305.195111  
3331.029844  
3327.887918  
3253.513267  
3121.982036  
3299.011448  
3128.111179  
3226.12693  
3148.166256  
2964.992256  
3114.349731  
3373.459318  
3199.817846  
3094.916291  
2920.542072  
2804.545359  
3187.465229  
3348.97581  
3123.877413  
2945.741045  
3172.532117  
3368.483404  
3336.88611  
3257.562673  
3165.39476  
3310.124455  
3211.447035  
2985.719945  
3136.423175  
3329.201882  
3222.340727  
2997.640334  
3294.335358  
3214.004682  
3337.783365  
3243.880403  
3300.971768  
3091.564911  
2936.748708  
3292.746304  
3193.262268  
3244.577698  
3193.184193  
3038.954081  
3037.692453  
3179.951919  
3307.135207  
3230.309993  
3115.515699  
3101.520529  
3301.425997  
2636.038531  
3409.089901  
3310.179121  
3256.09397  
3167.105568  
2907.059993  
2660.692433  
3415.025689  
3239.029917  
3087.301475  
3275.705125  
3313.356489  
2578.865283  
3306.398636  
3319.94471  
3256.716997  
3219.588915  
3395.982985  
3358.18728  
3195.05078  
3358.393313  
3206.789809  
3230.788739  
3334.132961  
3236.364017  
3031.078267  
3292.466125  
3302.037624  
3130.156417  
3301.244173  
3099.158581  
3081.847376  
3338.166469  
3139.633252  
3194.678527  
3359.379316  
3181.301887  
3141.731015  
3330.140564  
3203.772959  
3234.273431  
3201.261762  
2998.127127  
3259.210636  
3389.525963  
3183.840427  
3185.059023  
3116.915753  
3294.703606  
3186.790613  
3052.120075  
3252.958042  
3229.461377  
3356.291616  
3303.009102  
3019.66798  
2992.256558  
3286.552284  
3178.785727  
3152.865211  
3018.835969  
3372.236313  
3351.527775  
3218.143339  
3049.451399  
3113.832225  
3388.503994  
3203.558281  
3207.727917  
3337.165965  
3257.175187  
3162.413109  
3401.210668  
3274.068492  
3137.786656  
3385.473602  
3393.697043  
3257.18197  
3344.887332  
3200.693882  
3292.353691  
3082.981226  
3087.873834  
3087.159736  
3160.121419  
3303.716187  
3121.924184  
3365.483781  
3293.09162  
3171.063371  
3259.8633  
3232.591462  
2695.690671  
3450.278096  
3373.111463  
3277.390607  
3095.14822  
3352.263071  
3084.757357  
3406.654839  
3009.919576  
3102.898232  
3191.70098  
3414.086566  
3158.07046  
2862.663158  
3412.156026  
3582.358453  
3092.774777  
3075.701694  
3279.862438  
3307.053326  
3060.978891  
3424.128142  
3266.339716  
3132.172249  
3208.951659  
3058.405796  
3126.079465  
3262.245111  
3027.765284  
3169.076907  
2753.964233  
3216.934152  
3207.699971  
3137.296337  
3142.702524  
3218.987574  
3175.311219  
2854.745009  
2852.101294  
3300.333194  
3024.493634  
3076.52682  
3014.439219  
3315.280792  
3203.918673  
3235.923854  
3182.992882  
2840.278011  
3186.77659  
3283.782767  
3324.696653  
3240.194076  
3297.824494  
3199.903561  
3121.005334  
3246.026482  
2984.365009  
3256.823312  
2779.56639  
3047.346979  
3111.055621  
2799.720823  
2570.311511  
