2693.329452  
3060.583073  
2698.322337  
3043.339854  
3096.301226  
3073.162004  
3187.847972  
2961.704303  
2867.044609  
2817.164913  
2974.37724  
2888.286179  
2928.357148  
3167.089024  
2997.126753  
2809.48579  
2821.167417  
3105.545471  
2979.165106  
3079.490889  
2831.13131  
3105.226655  
2771.855844  
2944.956485  
3028.246779  
3097.044712  
2867.86376  
2863.947385  
3108.300309  
3007.414529  
2995.478535  
2870.442398  
2876.86076  
3104.01456  
3102.28422  
2824.107103  
2819.192105  
3175.555403  
2949.341195  
2695.714118  
3019.860397  
3111.274333  
2985.438772  
2883.931982  
3013.849508  
3008.198813  
2913.38646  
3021.023757  
2992.542727  
3175.065453  
2900.255312  
2795.460714  
2926.296014  
3150.463979  
2896.096549  
2826.220233  
2641.082125  
3027.990966  
3022.509461  
3147.898529  
2646.080394  
2403.023392  
3253.371735  
2917.715584  
3039.832111  
2954.752766  
3110.334947  
3024.182761  
3240.76581  
2926.237867  
2662.650734  
3013.125346  
3027.053454  
3128.677918  
2906.386836  
2883.754319  
3001.120015  
2908.534795  
3295.340384  
2778.336511  
2887.336397  
2962.875058  
2966.799286  
2980.115471  
3090.644846  
2795.397283  
2993.585631  
3047.520904  
3176.863629  
2991.848161  
3107.944605  
2997.181913  
3152.315709  
2924.886455  
2924.361029  
3011.556225  
2995.084182  
3062.228148  
3196.578522  
2919.936828  
2916.049077  
2603.180433  
2616.434965  
3290.48742  
3237.665942  
2854.364829  
2581.578833  
3248.917821  
2991.583064  
3313.790956  
2772.764337  
2847.59472  
2977.180274  
2982.425569  
2972.489183  
3015.769686  
3207.086611  
2970.667942  
2688.135897  
2793.964568  
2996.192526  
3075.01962  
3103.560196  
3158.276517  
2751.522443  
2997.202741  
3107.74131  
2999.571704  
3254.600076  
3082.766964  
2920.648819  
2822.986122  
3137.022684  
3151.186703  
3175.955096  
2876.93976  
3009.955  
3164.821594  
2573.130715  
2979.095699  
3100.052315  
3127.062443  
3052.389732  
2941.198055  
2676.996698  
3229.313813  
2874.72816  
2880.611303  
3223.434358  
3057.444775  
2755.954583  
3099.225606  
3063.619771  
3101.754447  
2825.727572  
2999.592577  
3318.300526  
3128.262209  
3241.889053  
2922.278994  
2767.562357  
3116.809173  
3102.864173  
2985.427016  
3123.810255  
3112.182707  
2920.66013  
3209.076217  
2999.912515  
2934.63905  
3273.702662  
2833.773872  
3082.261802  
3203.595458  
3075.023097  
2724.245511  
2873.007438  
3194.66733  
3203.835153  
3116.425798  
3090.851184  
2908.315832  
3183.799727  
3039.510153  
2884.644752  
3100.764149  
2893.469105  
2967.723051  
3141.98321  
2983.064948  
2883.912364  
3210.971478  
3143.855876  
3102.531503  
2852.862839  
3234.218336  
2915.3748  
2884.242555  
3153.610852  
3248.037784  
3339.73297  
3144.473576  
3083.294014  
3093.393145  
3277.873669  
3099.191722  
3175.879222  
3354.826035  
3010.030585  
2719.149105  
3042.597573  
2974.835287  
3174.505258  
3285.637947  
3374.400769  
2983.024855  
2833.790855  
2897.242557  
3274.549274  
3144.652148  
3001.077949  
3244.756264  
2961.994293  
3032.528613  
3090.528174  
2944.362225  
3337.820247  
2974.852911  
3281.10149  
3082.956697  
2576.253432  
3353.052175  
3134.483412  
3000.915939  
3117.60461  
3116.0013  
2669.390755  
3025.54476  
2987.758508  
2934.924256  
3248.116315  
2993.825702  
3155.718432  
2753.054686  
2684.46359  
3355.530331  
2922.871986  
2971.405041  
3157.632361  
3127.430488  
3178.854224  
2973.506408  
2997.771864  
3187.703414  
3034.87989  
2825.147104  
3169.752671  
3084.795534  
3164.897382  
2750.480157  
2767.85271  
2987.288244  
2923.527601  
3044.688819  
2604.258135  
2977.127381  
3116.89954  
2443.505771  
2882.562073  
3281.149575  
2834.32395  
2975.295416  
2866.814417  
3232.57062  
3092.552315  
3132.272421  
2966.225155  
2773.84304  
3246.10937  
3305.704874  
3078.082308  
2983.215526  
3186.143622  
2848.761837  
3012.19634  
3074.184224  
3123.911771  
2941.076142  
2733.808155  
2906.782165  
2896.993755  
3069.634566  
2585.12488  
