9199.435964  
9139.615808  
8944.509446  
8962.747044  
8909.678256  
9089.355642  
8970.161641  
8853.456345  
8910.796888  
8948.760237  
8965.096432  
8972.667074  
8859.681566  
8716.103484  
9010.586252  
8987.218903  
8790.37572  
8901.884105  
8734.670958  
8804.002604  
9019.166666  
8990.814951  
8696.039142  
8912.58306  
8754.797361  
8642.438436  
9110.29253  
8953.755406  
8875.95061  
8837.012626  
8893.23878  
8775.553463  
8699.656179  
8656.243273  
8736.027324  
8846.423277  
8942.636543  
8785.320409  
8714.008435  
8700.281433  
8943.670169  
8958.030393  
8678.875707  
8620.737  
8986.149956  
8883.698664  
9015.946111  
8877.747095  
8632.020003  
8813.318889  
8933.137883  
8954.152111  
8869.395031  
8902.695886  
8975.714969  
9036.23228  
9019.270603  
8670.694993  
9221.539776  
8784.847489  
8920.717674  
8826.251397  
8867.208643  
8950.922187  
9085.455768  
8896.983317  
8958.317663  
8641.31098  
8879.812065  
9169.140907  
8785.052412  
9033.413731  
8781.252641  
8777.3553  
8716.50788  
8985.564781  
8769.856302  
8861.960337  
8912.579701  
8914.023297  
9122.744981  
8720.035769  
8783.331937  
8905.62169  
8800.742942  
8984.508998  
8950.483594  
8948.77915  
8800.136318  
8567.374892  
9601.907033  
9006.160378  
8351.643063  
9020.691622  
9182.217722  
8859.741983  
8709.816183  
8789.378304  
9061.674674  
8921.346319  
8823.699553  
8707.017006  
8761.032128  
8824.564438  
9026.632777  
9032.351506  
8853.135059  
8829.52264  
8755.487704  
8813.39308  
8677.274813  
9091.817021  
8868.620786  
8847.74258  
8933.421315  
8859.205511  
8801.183634  
8942.535265  
8879.630956  
8848.132122  
8924.772325  
8809.899293  
8586.087801  
9021.955183  
8928.87372  
9025.102534  
8890.681154  
8842.051565  
8920.590605  
8883.597417  
8859.666167  
8882.995316  
8811.566703  
8986.60174  
8560.128158  
8836.273754  
8673.092428  
8771.987795  
8948.21963  
8621.819034  
9311.311662  
9103.083637  
8935.876325  
9005.805486  
8976.873381  
8889.453157  
8817.530522  
8873.042517  
8859.603574  
9211.250156  
9155.913059  
8969.926906  
8791.767015  
8892.358797  
8980.948372  
8832.450858  
8962.710545  
9026.823715  
8923.808497  
9022.021841  
8700.914341  
8809.691814  
8985.945887  
8732.476624  
9100.84423  
8597.349492  
8538.566736  
9297.39849  
8684.617631  
8958.643003  
9060.727229  
8710.087848  
8790.06935  
8992.419885  
8957.543229  
8956.408736  
8774.281607  
8940.228824  
9003.959656  
8878.715422  
8952.290544  
9045.618932  
8978.489747  
8955.135491  
8682.474549  
8938.383129  
8946.234573  
9013.759801  
8908.267994  
9148.595332  
8839.197018  
8905.120877  
8851.502268  
8707.934076  
8752.235157  
8648.820754  
8673.943958  
8882.837965  
8940.223229  
8789.212344  
8912.946868  
8528.202047  
8473.927796  
8711.88468  
8885.613397  
8807.428452  
8781.512598  
8795.456699  
9023.041431  
8902.732634  
8905.573744  
8733.736002  
9391.938269  
8865.875143  
8854.977356  
8809.605148  
8831.468216  
9183.707565  
8847.847118  
8414.777785  
8947.877865  
8827.687165  
9105.241251  
8904.239063  
9100.181001  
8838.368007  
8868.003266  
8782.976399  
9080.671284  
9082.940617  
9437.396281  
8349.430887  
8917.112165  
8969.443859  
8891.094235  
8713.597378  
8926.034044  
9075.867287  
8685.230436  
8817.399563  
9035.333185  
9039.260326  
8721.773639  
8930.566782  
8818.692037  
8962.80649  
9113.469663  
8791.204333  
8911.811996  
8991.389524  
8469.702577  
9207.098548  
9079.731089  
9232.110285  
8742.07081  
8957.116637  
9015.534382  
9185.703678  
8691.85189  
9088.164284  
8946.373436  
8879.908781  
8949.425645  
9018.050703  
8845.322869  
9005.889895  
8975.113463  
8819.079514  
9245.035717  
9074.50862  
8849.336627  
8941.115468  
9180.287466  
9201.981574  
8964.29538  
8771.496014  
8730.318921  
9306.977723  
8976.808733  
8936.476929  
8886.450819  
8825.938696  
9088.437532  
9092.865693  
9006.081206  
8982.307544  
8990.952215  
8848.643172  
9507.271099  
9425.016499  
9382.123656  
8883.812892  
9389.227835  
