-0.4051220718  
-0.03934270966  
0.1431936604  
0.6432508146  
0.1500093939  
-0.1376704808  
0.4878073676  
-0.2468321647  
-0.04140962338  
1.391043221  
1.157810003  
-0.1835870484  
-0.162024469  
-0.3170452508  
-0.391528791  
1.003906266  
-0.05068931243  
-0.1271284097  
-0.1962287435  
-0.1952544183  
-0.453713177  
1.048660936  
-0.3648554941  
1.814372507  
-0.06587976427  
-1.725415903  
0.5737521908  
-1.007709273  
-0.2253274307  
0.2107979156  
0.346495338  
-0.5717285248  
-0.8931515421  
-0.6158113122  
-0.1963591598  
0.7619042076  
0.2872865769  
-0.2458450648  
0.03267855296  
0.06448219623  
0.7110969535  
-0.9479048815  
-0.2946628318  
-0.5350424844  
-1.342446079  
0.1152414591  
-0.7019801821  
0.4396965705  
0.1068788993  
-0.6214959127  
-0.8823226399  
0.368923229  
-0.5228311704  
0.3880683529  
0.9305586237  
0.4770747465  
1.242991304  
1.404876572  
2.503414028  
2.839906503  
-0.1403584501  
-1.649745148  
-0.8188182688  
0.457318799  
0.4994275913  
-0.04455039261  
0.00877881503  
-1.366892272  
-1.595353506  
0.8668253762  
0.02023827184  
1.000258424  
0.6570670079  
0.4096665162  
-0.698803788  
-0.7585678581  
-0.7540217067  
0.1824894505  
1.157523111  
1.172040917  
-0.2224124573  
0.3307631461  
-0.002749937532  
-0.1687474835  
-0.02494191022  
0.2453760729  
-1.24789008  
-0.2870561887  
0.07616955436  
-0.7411291815  
-0.7786503423  
2.430662885  
-0.0002589561609  
-2.70351837  
-0.4214107096  
-0.2526512421  
-0.4216539774  
-0.4757958797  
-1.366746  
-0.7794985783  
-0.2385680831  
-0.9319641884  
0.1591686324  
0.006831731204  
-0.3182428479  
1.695141765  
-0.5292331627  
-0.2946549864  
-0.4867062372  
-0.9148584847  
-0.2167401208  
-0.4726753256  
1.642556354  
-0.1415183045  
0.09996589742  
0.319283119  
-0.07331250917  
-1.038519353  
-0.8610787968  
-1.231830499  
-0.4246197859  
-0.1033894743  
-0.6986848642  
-1.477572654  
-0.7018791985  
1.179667777  
0.1518376969  
-0.06133729792  
-1.246244364  
-0.8792896787  
-0.1646155524  
-0.1400254078  
-0.5693718791  
-0.6557356517  
-1.160040183  
-0.1323942381  
-1.317084469  
0.06131892823  
-1.621325029  
-1.61335447  
2.177832445  
-1.615255806  
1.559255218  
1.176184393  
0.7974553986  
1.257963065  
1.754514295  
0.3969107106  
-0.7356781475  
-1.244246483  
2.09437246  
1.047816125  
-0.03798759923  
-0.7123581083  
-0.2689369934  
0.1752914698  
1.033925683  
2.133472143  
0.9328509591  
-1.249529616  
-0.2681489635  
0.08188554303  
-0.4300668901  
-1.102964985  
-0.03497771924  
0.09592555089  
-1.525186226  
0.8516877468  
1.812801091  
0.04583604767  
0.53065755  
-0.289714843  
0.4120049009  
1.994683307  
2.781701623  
1.550907276  
0.2000105868  
-0.1693628621  
-0.7939374783  
0.1877595355  
-0.1417114783  
-0.3291388156  
0.2141246128  
-0.3787114954  
-1.251579945  
-0.8434334705  
-0.5707292446  
0.2367451726  
-0.4921461875  
0.7252712822  
-0.3499583846  
0.465409404  
1.296608166  
-1.236079818  
-1.37612656  
-0.7637712567  
-0.2126417541  
0.4350819816  
-0.1241559478  
0.1974084519  
-0.5041991614  
0.1017272788  
-0.9600864139  
0.319338081  
-0.5726999798  
0.08664172789  
1.741344892  
-0.7376688756  
-0.5290236879  
-0.490176323  
-0.04339038177  
-0.590267919  
1.148610722  
2.604041499  
0.7105637559  
0.3072677942  
0.6628903653  
1.632855482  
0.2505345055  
0.8428685891  
-0.2258024042  
-0.09780571915  
0.2296396206  
0.1783825622  
0.572273648  
0.1390721703  
-0.3652739008  
-0.3707554313  
-0.3114649003  
0.5231877228  
-1.671370124  
-4.48679863  
-2.829350475  
0.2027956767  
0.1109457623  
1.165375595  
0.1951082728  
-0.8065055957  
-0.415461864  
-0.4991192593  
1.82097004  
1.147765371  
0.06313134997  
-0.3733913221  
-0.04782293278  
-0.5019989898  
1.86726308  
0.6277211895  
0.8513281975  
-2.457704265  
-3.314083313  
-0.7288754549  
0.5132517663  
1.918062075  
1.236196662  
0.2954045622  
-1.78663819  
-0.6534000614  
-1.88292029  
-0.2490194717  
-0.1556001806  
-0.8617122639  
-0.3713293429  
0.3771929567  
-0.6659632495  
0.5297742566  
0.4065712402  
-1.702453322  
0.3436497185  
0.8857962671  
0.05664851696  
1.492230133  
0.8670704731  
1.273819791  
-0.005735126788  
0.5584502468  
-0.4775920084  
1.126431744  
1.5378494  
-0.5177003004  
-2.175934138  
-0.1336902137  
0.7783855651  
-0.3644745971  
1.140177366  
1.060029002  
0.149339547  
0.1395883979  
1.600563622  
-0.7322824532  
0.3514328106  
1.250102243  
1.240941975  
