9232.601731  
9045.56772  
8842.152228  
8917.395731  
8743.901418  
8924.312808  
9120.80721  
8899.534006  
8872.145958  
8871.186929  
8957.753755  
8947.204421  
8918.723519  
8860.423788  
8954.795139  
8999.932542  
8945.383542  
8934.854748  
8881.256754  
8863.474262  
8997.287328  
8964.606368  
8820.810995  
8740.511671  
8883.794736  
8723.974164  
8999.031884  
9169.566842  
8715.866128  
8839.915371  
9016.289326  
8889.486223  
8924.288726  
8758.951782  
8786.656775  
8803.80581  
8830.775878  
9039.402898  
8955.181364  
8743.047457  
8811.969752  
8887.592449  
8680.135378  
8727.92064  
8748.918355  
8806.325129  
8802.613896  
8849.52406  
8656.675689  
8891.47834  
8931.047693  
8905.418171  
8906.391603  
8789.68711  
8890.104374  
8975.886229  
8811.252301  
8525.646306  
8962.804154  
8048.680956  
9003.643941  
8965.104461  
8930.902191  
8864.075521  
8998.016495  
8815.165205  
8917.227934  
8888.513153  
8885.549925  
8902.027636  
8802.397445  
8782.313417  
8755.042225  
8793.007588  
8778.856852  
8726.775132  
8772.02944  
8772.835655  
8535.118632  
8822.348994  
8944.635009  
8619.606852  
8537.506155  
8769.176356  
8714.594775  
8948.3376  
8959.633639  
8816.574099  
8760.941569  
8474.505782  
8992.975988  
8411.518575  
8216.668234  
8957.160958  
9145.347221  
8699.355177  
8761.192894  
8541.218747  
8927.394123  
9023.530111  
8815.522165  
8818.999818  
8599.818829  
8834.034823  
8791.948747  
8728.275511  
8689.283815  
8722.300824  
8529.990214  
8747.240754  
8903.381154  
8853.486896  
8696.099315  
8759.157873  
8934.788394  
8833.434564  
8721.32719  
8761.907257  
8872.183839  
8811.45517  
9000.532363  
8843.069442  
8781.264762  
8932.371296  
9016.655292  
8834.805008  
8916.620663  
8812.890518  
8963.695284  
8841.28229  
8885.680735  
8880.344028  
8806.16892  
8787.557799  
8648.0217  
8932.540873  
8750.377012  
8845.794814  
8925.176388  
8327.544736  
9068.366636  
8995.032693  
8513.470705  
8863.52382  
8737.011808  
8773.904301  
8735.415155  
8709.158449  
8899.765189  
8996.881645  
8889.875224  
8811.791249  
8777.492414  
8926.271389  
8763.274142  
8813.280106  
8574.98054  
8559.692381  
8933.84962  
8839.972739  
8611.439494  
8624.879825  
8834.960671  
8419.256443  
9053.168691  
8385.941615  
8619.258568  
8927.414218  
8172.684099  
8876.778537  
8830.085713  
8896.841038  
8743.999719  
8491.233269  
8427.997468  
8921.137111  
8761.643335  
8893.436114  
8821.265225  
8830.541729  
8752.654297  
8704.51205  
8784.360105  
8835.491352  
8529.691306  
8871.028182  
8794.665663  
8954.091735  
8753.658046  
9005.194319  
8818.848445  
8718.572095  
8447.595591  
8553.821811  
8629.647164  
8693.851382  
8645.922062  
8698.107591  
8871.039117  
8819.036257  
9048.945871  
8510.783391  
8692.894261  
8371.001238  
8474.228098  
8853.121034  
8668.913053  
8620.469643  
8776.422948  
8784.251401  
8709.990639  
8781.666197  
8708.984676  
8408.737465  
9122.247547  
8948.445274  
8464.957299  
8947.81801  
8780.866431  
8192.94792  
8926.614363  
8524.700748  
8808.90679  
8665.691951  
9082.162076  
8782.798004  
8888.847672  
8643.193039  
8976.131709  
8963.479029  
8902.701783  
8575.195924  
9094.093872  
8788.842046  
8908.106261  
8294.607391  
8814.639548  
8958.321067  
8352.257585  
8903.295269  
8762.825256  
8395.704892  
8889.992054  
8661.689531  
8816.041151  
8718.741219  
8638.08088  
8839.476618  
8714.553431  
9193.466602  
8495.333422  
9140.777081  
8846.244024  
8821.453286  
8763.649098  
8788.393872  
8841.476215  
9048.374608  
8580.804785  
8983.469333  
8524.038845  
9128.912026  
9095.988418  
8933.88932  
8892.254047  
8933.192259  
8662.776935  
8822.881434  
9125.830932  
9018.117055  
8795.92599  
8690.208079  
8624.593233  
9067.853232  
9168.043216  
8860.693971  
8613.569501  
8747.080601  
8948.807966  
8789.836256  
8705.558351  
8462.365318  
8999.653858  
8870.49116  
8301.305631  
8906.108771  
9284.764126  
8730.983283  
8877.295679  
9526.39115  
9103.003039  
8750.208702  
9142.608714  
