8458.735194  
8059.15708  
7877.826819  
8085.399214  
7809.437691  
8018.476662  
7770.836498  
7961.574428  
8101.937237  
8271.081849  
8198.049908  
7755.463247  
7673.008451  
7723.540762  
8128.821023  
8033.502145  
7831.568961  
8007.601039  
7940.69558  
8282.084388  
8055.551315  
7872.582281  
7776.725056  
8026.516738  
8149.306562  
7865.634853  
7650.81491  
7765.836709  
7976.488965  
7885.119823  
7536.658396  
7863.101944  
7877.536955  
7812.153689  
7789.093647  
7929.111808  
8167.573337  
7761.602419  
7859.872297  
7663.347171  
7938.754514  
8314.36964  
8135.741311  
7652.690294  
7909.051885  
7904.475734  
8000.553756  
7888.285124  
7756.342151  
7962.367438  
7954.165636  
7959.431934  
7809.808262  
7973.112652  
7678.462778  
7764.281829  
7878.672859  
7970.270508  
7883.88663  
8102.043808  
7868.250379  
7943.776915  
7949.745385  
7984.071936  
7849.689523  
8387.553897  
7906.634802  
7956.067362  
7891.948604  
8103.937774  
7986.114827  
8010.995395  
7996.748822  
8101.991817  
7923.785848  
7928.357773  
8412.998562  
8071.672121  
7620.882408  
7917.448119  
8084.252304  
7930.403994  
8064.793119  
8278.308409  
7967.848939  
8226.894264  
8187.625917  
8106.538484  
8254.757828  
7799.14372  
8062.177056  
8150.262484  
8243.040883  
8219.975969  
7791.5538  
7745.289944  
8124.926877  
8007.741858  
7963.946988  
8377.333994  
8245.703134  
8054.72548  
7954.041724  
8000.536543  
7622.261611  
8086.896825  
8325.326974  
7745.777369  
7967.444409  
8177.855566  
8241.568518  
7621.765303  
7736.607335  
8225.974924  
8328.821008  
8078.929461  
8076.482706  
7684.176817  
8052.087774  
8324.060773  
8082.717988  
7964.988513  
8032.996291  
7728.821464  
7978.68612  
8201.789048  
8326.822256  
8101.727541  
8009.297677  
8155.500326  
8123.266047  
7979.489434  
8154.18322  
8358.220324  
8073.59114  
8028.743705  
8175.541816  
8077.650288  
7939.050344  
8230.70543  
8002.954953  
7612.815646  
7874.083924  
8104.350311  
7999.176466  
7642.3687  
7790.395334  
8090.385129  
7868.84549  
7806.781683  
8204.358233  
7992.467247  
7854.245025  
7920.923322  
7789.132058  
8222.208099  
8090.132452  
7911.366888  
7961.872673  
8059.740986  
7991.762436  
7880.114794  
8090.397103  
8216.355038  
8026.258392  
8382.056029  
7764.833602  
7994.755368  
7778.424683  
8045.995197  
7837.390849  
8020.099424  
7830.066944  
8087.029071  
7523.479181  
7962.4316  
8283.97022  
8023.247745  
7601.69629  
8147.377701  
8238.528101  
7734.857255  
7799.591299  
8013.925714  
8236.093756  
8368.046941  
7748.496178  
8060.975895  
8109.771733  
8148.655375  
7987.220983  
7974.232683  
7777.771894  
8206.812336  
8101.146408  
7894.159613  
8132.106193  
8320.041079  
8018.103336  
8060.053641  
8344.07372  
8092.850441  
7888.629407  
8227.334589  
8149.458048  
8007.241982  
8341.295687  
8623.118841  
8480.546021  
8088.3423  
8087.621676  
8320.08891  
8258.722645  
7802.344181  
8036.921264  
8404.336664  
8261.698259  
7901.397846  
8278.136557  
8250.088219  
8424.750018  
8144.250924  
8020.900498  
7854.450056  
8531.066856  
8189.597034  
8299.153195  
8346.48125  
8024.367864  
7926.672877  
8170.892047  
8423.998874  
8006.7836  
8159.119442  
8020.835295  
8282.650302  
8028.354767  
8245.71924  
7737.111968  
7363.616069  
8189.130337  
8010.621713  
7599.234564  
7885.284347  
7715.399555  
7947.672192  
7876.52837  
7623.148105  
8500.957471  
8309.454402  
7946.480186  
7928.294099  
8429.294439  
8209.640251  
8156.778028  
7930.917799  
8032.244088  
7953.028782  
7742.452602  
8146.62937  
8131.62919  
8063.624848  
7801.845723  
8237.046601  
8481.095395  
8193.773422  
7995.954305  
7972.132319  
8009.831337  
8541.814526  
7958.601257  
8368.862355  
8623.793816  
8391.430647  
8088.842491  
7436.687932  
7487.964517  
8105.743757  
7810.955997  
7793.105652  
8170.968321  
7875.638322  
7903.973748  
7961.815797  
8324.351069  
7918.920828  
8035.982689  
7886.888209  
7846.50534  
7836.365612  
7741.197142  
8039.144996  
8114.349389  
