8806.560159  
8909.885552  
8795.292279  
8417.890045  
8122.259125  
8146.643206  
8257.074303  
8232.993338  
8072.520548  
8431.649607  
8158.265433  
8514.43427  
8076.681767  
8179.179161  
8748.402933  
8251.532107  
8541.873057  
8290.148266  
8284.785896  
8733.907901  
8139.817043  
8374.251654  
8359.581797  
8376.100738  
8639.600568  
8435.0165  
8557.544569  
8370.071203  
8083.838113  
8019.86439  
8163.73949  
8521.782928  
8163.424478  
8339.123269  
8316.59647  
8324.329114  
8581.448762  
8372.911722  
8124.868763  
7761.627732  
8239.275046  
8121.197388  
7965.373549  
8528.73619  
8610.340208  
8134.631542  
8601.86661  
8503.750478  
8453.019575  
8675.075552  
8580.156923  
8469.029076  
8056.310553  
8323.36633  
8300.503383  
8490.746161  
8514.167449  
8623.399825  
8799.151636  
8537.681083  
8451.519219  
8163.36507  
8520.354768  
8841.404341  
8607.252655  
8739.431023  
8658.613266  
8617.181736  
8746.387616  
8564.382654  
8701.20912  
8748.194286  
8800.363712  
8754.432758  
8616.456534  
8552.315175  
8668.724373  
8783.814883  
9281.12799  
8546.117748  
8668.229154  
8680.637649  
8645.119885  
8679.258133  
8515.586749  
8927.628863  
8474.567984  
8382.690846  
8735.142249  
8479.90505  
8606.386319  
8608.417295  
8575.379139  
8766.119498  
8556.861829  
8916.822725  
8555.33804  
8461.25705  
8539.24175  
8337.392956  
8662.59422  
8358.016265  
8444.075041  
8415.676355  
8455.290267  
8569.37889  
8557.354901  
8929.212742  
8575.571701  
8346.438437  
8636.789017  
8564.194688  
8614.693776  
8553.23051  
8540.030593  
8615.999127  
8546.532238  
8505.79729  
8619.828306  
8633.105759  
8567.746789  
8844.358431  
8765.984353  
8636.517921  
8585.036494  
8306.820865  
9083.216338  
8468.300844  
8038.719137  
8638.800122  
8527.576375  
8914.260724  
8512.322768  
8817.633427  
8836.242737  
8658.030438  
8717.957756  
8482.826003  
8789.514838  
8653.565612  
8436.369157  
8951.931024  
8298.094336  
8721.517973  
8458.600491  
8622.737193  
8505.50403  
8616.850604  
8195.944048  
8145.732262  
8673.387107  
8574.682176  
8832.082159  
8408.637856  
8432.83292  
8288.698746  
8327.644311  
8209.975444  
8866.689203  
8455.920397  
8431.236453  
8486.161321  
8362.434857  
8597.740964  
8242.06771  
8453.424509  
8679.227468  
8926.283584  
8667.483078  
8585.863104  
8426.785313  
8582.586684  
8503.551019  
8690.664018  
8624.934413  
8864.12397  
8710.679706  
8713.790346  
7835.963368  
8193.455836  
9126.31605  
9153.982519  
8802.91991  
8832.854472  
8562.98401  
8863.92706  
8638.574797  
8632.785384  
8899.29822  
8611.459605  
8580.213824  
8766.195403  
8791.233985  
8556.803304  
8601.828066  
8556.141551  
8889.412044  
8411.435287  
8679.876838  
8960.469257  
8969.095675  
8600.244639  
8686.214825  
8523.610321  
8914.79457  
8783.543289  
8903.497793  
8560.810263  
7946.898586  
8453.213042  
8530.057351  
8533.163232  
8688.494205  
8532.054119  
8544.384017  
8672.784049  
8361.96123  
8597.691322  
8677.090899  
8780.441358  
8650.635009  
8770.035112  
8452.474696  
8050.036628  
8584.975958  
8533.137407  
8137.577597  
8410.838525  
8778.500209  
8677.371879  
8950.634387  
8494.930091  
8594.311936  
8091.769502  
7894.170683  
8957.321496  
8966.336716  
