2.345749133  
2.596862625  
1.638834593  
-0.8068950569  
-0.4445127435  
-1.189230586  
0.3003765062  
2.142718105  
1.113248113  
-0.08424190974  
-1.006720588  
-0.01225347935  
1.521997193  
-0.8477923517  
-0.001773575566  
-0.8802246131  
-0.363003822  
-0.2445669911  
0.6096466285  
0.6340381252  
2.289327281  
-0.6202670137  
-0.6694589029  
-0.3064114469  
1.109494004  
-0.05662236931  
0.9368031873  
1.620006028  
-0.6590842568  
-0.9475471016  
-0.4238448876  
0.1561886806  
1.621661067  
-0.8288314447  
-0.5629313708  
0.7337180776  
1.530405796  
-0.5291547622  
-0.3671548981  
-0.982458439  
-0.7771090902  
-0.1842167935  
1.683095163  
-1.059422216  
0.185602486  
0.5852689513  
-0.07599303865  
0.3533907618  
1.547656244  
1.7471855  
-0.08283620416  
-0.4577757723  
1.579179702  
-0.5640387426  
1.326636364  
1.13300733  
0.2642696605  
-0.4016202439  
1.308409336  
1.360977098  
0.2584306063  
0.709756883  
0.09505865246  
-0.1124588863  
-0.3913989554  
0.01842564992  
-0.04267629811  
-0.07115398119  
0.172849371  
-1.29586248  
0.3178281614  
0.2406876783  
-0.4895544178  
-1.400691973  
-0.8308514768  
-1.681169862  
-0.9083717587  
1.059496229  
-0.06096263627  
-1.377960168  
-1.740828048  
-1.549812124  
-0.7114362267  
-1.568242611  
0.02577302913  
-0.8123684779  
0.1441025989  
1.282791773  
-0.7609446062  
1.877485623  
-0.890932127  
-0.7481066954  
0.5044356146  
0.3477086691  
-1.094396858  
-1.229403949  
-1.012524718  
1.62098406  
-1.48151953  
-0.4676592915  
-1.164829855  
0.04762376658  
-1.103531415  
-0.5591390092  
-0.8494272347  
2.574159302  
0.664851721  
-0.5017990921  
-0.5958044185  
-0.9843537896  
-0.9394660704  
-1.235223905  
-0.2058415535  
-0.6789148046  
1.55160542  
-0.9789361944  
0.003590973355  
0.8015527866  
0.1035045631  
0.6495552468  
-0.7354997256  
1.823762298  
0.4377037877  
-0.3450526301  
-0.5860129049  
-0.5849704518  
-0.4032285096  
2.187445649  
-0.734662479  
0.7403668405  
0.2111119386  
-1.127290273  
-0.1045190511  
1.216135706  
-0.3777510166  
0.2527383359  
-0.8246933227  
-0.2915637088  
0.8712364065  
-0.6398759744  
-0.2180390138  
-0.8447167159  
-0.5125930528  
2.189882857  
-0.7504864658  
-0.3067487338  
-1.210119438  
0.9211422381  
0.810588871  
0.9669592816  
0.06727655101  
-0.4373279246  
1.671770452  
-1.304182459  
0.5971555899  
0.9911666187  
-0.9373490261  
-0.447608959  
1.253550327  
-0.9120151957  
0.2447971465  
-0.7322852267  
-0.1596127838  
1.76166796  
-1.173712387  
1.502098884  
-1.601127123  
-0.8038086534  
-1.287436324  
-0.4871448902  
0.851015785  
-0.898238576  
-0.5465848888  
-1.153085299  
-0.3342887234  
-0.9088465999  
1.310236111  
0.01441161294  
-0.7077851091  
-0.6277760946  
0.1734089065  
-1.068817535  
-0.2346480694  
0.9831300956  
-0.8738392122  
-0.4323382366  
-0.05061344869  
0.6095699179  
0.5478316223  
1.01138132  
0.07012147723  
-0.9712920492  
-1.402720784  
1.247420008  
-1.887528913  
0.03206236727  
-0.5051776574  
-0.2624788735  
-0.8694196865  
-0.0928656405  
0.9366631561  
-1.059146953  
-1.039962398  
-0.2542911094  
-1.404856301  
0.04170359434  
1.071661756  
-0.4132446475  
0.5645702152  
-0.4508088497  
1.379894746  
-0.7469173068  
0.5884178038  
-1.06324659  
-0.4199323377  
-1.538661315  
0.371232764  
1.493816795  
1.23463547  
-0.9202786923  
0.1372124491  
1.398512897  
1.980514686  
1.916519812  
1.255161297  
