-0.07610116682  
-0.8420704021  
1.382443738  
-0.3916108898  
0.5260424033  
0.6407272631  
-1.039352603  
1.472592162  
-0.06084268395  
-0.7694082061  
-0.6219269713  
-0.641006712  
-0.550241195  
-1.058194191  
-1.139199628  
-0.277242957  
1.867773514  
2.36147623  
0.2210652688  
-1.180403303  
0.5479719869  
-0.7846823503  
0.2185989319  
-0.9797410555  
0.7333918493  
-0.142289646  
-0.7515991255  
-0.2062963342  
-1.091971064  
0.6653168117  
-0.1885749507  
-0.2689526784  
-0.4257550372  
-1.047075931  
0.8696935006  
1.844785611  
0.08110960611  
-1.171458642  
1.597769746  
-0.1168581766  
-0.04861762146  
0.1182652679  
-1.500163018  
1.287141973  
0.02105071716  
-1.022654301  
-1.250027091  
1.576130065  
0.443400932  
-1.222663627  
1.780094271  
0.2444415991  
-1.300085806  
-0.889857889  
-0.7488655223  
-0.5170605973  
-0.7473335195  
-0.5749797743  
-1.329184413  
-0.6002514087  
-1.085810485  
1.049406573  
0.07575814511  
-0.9434944711  
-1.210431933  
1.221995325  
0.06594459435  
-1.33265398  
-0.7829808358  
-1.111384916  
-0.9672095809  
-1.315403325  
-1.142401446  
-1.334186452  
-1.23413504  
-1.084983933  
-1.224105619  
0.05372096055  
-0.07536136332  
-1.427084007  
-0.4682229295  
-1.230515415  
-0.05825519525  
-0.4630606039  
-0.975608964  
0.3445690594  
2.201634797  
-0.6176893764  
-0.7598460674  
-1.184337772  
0.474750334  
-1.006789692  
1.313862344  
1.257157294  
-0.4626104001  
-1.143132847  
1.238360017  
-0.1644315097  
-1.663001464  
0.635371868  
-0.8298426966  
-0.4943184931  
-0.903466046  
0.5800970107  
-0.6882231586  
-0.9032721112  
-0.2865712067  
-0.140144681  
-1.373962888  
1.750833793  
0.1534970393  
-1.124852991  
-0.7279208652  
-0.6646951828  
-0.5923969613  
-0.04368405372  
-0.4980446042  
-0.607627041  
0.656027211  
-0.5718978706  
1.347970143  
0.3159119909  
-1.384375348  
1.1571857  
1.905402412  
0.02694364161  
-0.2740581507  
-0.376553358  
-1.217974398  
1.27688057  
0.4285479234  
-1.151204972  
0.04985034042  
-1.459671606  
1.675447919  
-0.4529018477  
1.441427256  
-0.07897545061  
0.2100833547  
0.631994158  
-1.161171335  
1.216977214  
2.528718081  
0.69580453  
-1.080549028  
-0.743287058  
-0.06322125549  
2.677879399  
-0.2525312082  
0.1452040819  
-1.073067775  
1.525595658  
0.6415470514  
-1.298424092  
1.85293505  
0.6790021215  
-1.217737492  
1.683689598  
-0.03171134534  
-0.5263049589  
-0.3372478286  
1.008541602  
0.2085892413  
-0.5585682618  
0.1275487161  
-1.335019411  
1.442316031  
-0.3017275127  
0.8450162627  
0.05870915574  
-1.039285117  
0.9269789991  
1.241383855  
-0.2042498108  
1.867715215  
0.4217801556  
-0.7652974303  
2.3715243  
0.5240303379  
-0.8961142427  
-0.3220410825  
-0.8872648839  
-0.07037883981  
-0.5930893545  
1.660870892  
0.9444884954  
-0.6291989574  
-0.1090271428  
-0.614702532  
0.5090706381  
0.07860205732  
1.751325787  
0.3175373785  
0.7277510685  
-0.6560105626  
1.289886302  
-0.7293728329  
-0.9285466756  
-0.6031834126  
0.7436423512  
1.311375156  
-1.067263138  
0.6334320148  
-0.6553406225  
-0.3460244824  
-0.009726939451  
-0.02985195683  
1.776839974  
0.3929085271  
-1.108694485  
-0.2790658976  
-1.045701605  
-0.7921043765  
-0.8394057261  
-0.523348672  
-0.79202721  
0.6433490577  
0.9999580798  
2.568857809  
-0.09799078982  
1.180133766  
0.4690881156  
0.8548671819  
-0.4550070352  
0.1724097833  
-0.6185648819  
0.03112604238  
-1.160689102  
1.84911407  
-0.02719566163  
1.844234728  
-0.5348061068  
1.03886549  
0.2078432721  
-0.9295345607  
-0.6003005988  
1.789624728  
0.3292974675  
1.054936094  
0.8030714134  
-1.112227372  
-0.1231626281  
-1.093692889  
-0.153425292  
-0.5165321191  
-0.182519423  
0.3776703633  
0.2236969681  
-1.225868155  
0.07619360784  
-1.496999716  
1.503092224  
1.792007995  
1.429663303  
-1.274134367  
1.446647219  
-0.7675024584  
0.8918499741  
0.7442098775  
1.363069374  
0.5790487528  
0.6246573499  
1.898130048  
0.5313190532  
-0.4117599247  
