1.239383514  
1.060481664  
0.8326572521  
-0.869713588  
0.3509646543  
0.9004365376  
0.8012080713  
-0.2461659419  
0.1122264412  
0.8683006868  
0.8782780873  
-0.4216073221  
-0.5751570469  
0.3066724047  
0.8370846929  
2.101690288  
0.1431608206  
-0.5536710405  
0.5823978227  
-0.3617736742  
0.6510780226  
0.9102705469  
0.4703220102  
0.9179104206  
-1.218394564  
1.271600523  
-0.1499457293  
0.678767982  
1.341842828  
-0.6276800858  
-0.08571348388  
-0.04330488224  
1.825996019  
0.8963096753  
-1.204811283  
0.5613770642  
1.255483538  
-0.02268496128  
0.7197824759  
0.2106756299  
-1.047808285  
1.169487351  
-0.1108657866  
-0.2013564816  
-0.1937972177  
-0.2943191928  
0.0598986982  
-0.6658762247  
0.2576015711  
-0.2448821167  
0.06204840108  
-0.1292506751  
-0.007386853761  
-0.2157695388  
1.625581955  
-0.05360497902  
0.6579045346  
1.792153682  
0.23088146  
-0.2155907837  
0.9370300955  
1.315511087  
-1.427450679  
0.9327049689  
-0.3862873745  
0.8829782212  
-0.2120037513  
0.8278272747  
0.09467737401  
0.8719403944  
1.596816272  
-0.3708933561  
0.7691131411  
-0.7084108005  
0.2674108222  
-0.9667300939  
0.7270438954  
1.176076314  
-0.4993316594  
0.006472974095  
-0.08488216157  
0.04627723985  
-0.2035442988  
-0.7347548525  
0.3753708428  
-0.9572620997  
1.573417293  
2.007445112  
-0.1305390944  
0.6101724008  
-1.230458008  
2.157880417  
2.421543289  
-1.359347  
-0.04176300929  
-0.6869656059  
0.5872734687  
-0.9402316968  
1.139441764  
0.4271087785  
-0.2438485025  
-0.7273523384  
0.5771741574  
0.2860672711  
1.098348083  
1.473196411  
-0.608847836  
-0.7882021159  
1.029642904  
1.838594658  
-0.04787607963  
2.415544202  
0.9999654663  
0.5144420448  
-0.2908251169  
0.7362552427  
-1.242407862  
0.3822906309  
-1.002219192  
1.366343152  
1.729509345  
-1.070139138  
1.211373477  
1.059114999  
-1.176459207  
0.6056298612  
1.958933736  
2.579125497  
0.289789903  
0.3989167732  
-0.008894994673  
-0.2822632342  
-0.4705887291  
-0.4007958383  
-0.06022387389  
-0.5199618623  
-0.2216464388  
-1.177710164  
-0.1980017724  
-0.5623625783  
-0.79004323  
-0.3951403512  
-0.7821687833  
2.109078989  
2.419956984  
-1.03670455  
1.013684231  
1.176523722  
-0.989010025  
-0.4731316489  
-0.4372958468  
-1.09387198  
0.8414038753  
2.301151423  
-1.503278036  
1.095657559  
0.9106468815  
-1.079256352  
-0.434632528  
-0.9284132317  
-0.4616388058  
-0.9149514798  
0.8793750694  
0.8874174464  
-1.182021579  
-0.1119835279  
-1.222334999  
0.6633439657  
1.711331629  
-1.235556911  
1.352721285  
1.508090561  
-1.556944564  
0.3914103816  
1.677575369  
-0.7661546043  
-1.215035016  
-1.458972949  
-1.041913086  
-1.260589586  
-0.02995130712  
-0.2283089538  
-0.5741913798  
-0.7012229385  
-0.6479024469  
-1.131552358  
-1.479997814  
-1.175209291  
-0.5633031811  
-1.163463981  
0.02695866405  
-0.8459585322  
-0.308494068  
-0.8354679545  
-0.3633063566  
0.3683250529  
-1.10585439  
-0.6165346276  
-0.6679002121  
-1.085946623  
-0.294566205  
-1.427309012  
0.8080134421  
0.9118616013  
0.3449533155  
2.202685713  
-1.569317374  
-0.2278255604  
-1.431113826  
-0.3902058897  
-1.462152111  
0.002764621893  
0.8479125145  
0.5078097901  
-1.148401148  
-0.7437817317  
-0.09561029205  
0.7248337196  
-1.793880906  
0.3229756742  
0.6486348819  
-0.8544858103  
-0.7874801821  
-1.221248782  
0.2378000011  
-1.277417805  
-0.7655685774  
-0.4590903837  
0.1971693597  
1.037044242  
-1.819477415  
-0.4910401552  
-1.202945019  
-0.108874563  
-1.627964013  
0.5070661141  
0.311375797  
0.5178500541  
1.608065823  
-1.830973599  
0.7695063619  
0.8037459012  
-1.189494445  
-0.4927445518  
0.5575239243  
-0.2070719038  
-1.44649804  
-0.9894467342  
-1.42741793  
-0.4705186254  
-1.130612872  
-1.295368617  
-1.146702242  
-1.268065702  
-0.8459656335  
-1.172604504  
-1.350492555  
-1.03526671  
0.3086674034  
-1.996363743  
1.080273644  
0.2587473845  
-0.5809110514  
0.6104109288  
-1.571553422  
