8640.490497  
8289.312813  
8133.778809  
8029.265128  
7848.067223  
7733.134921  
8236.886561  
8117.341067  
7778.050714  
7894.546893  
7775.127841  
8209.182614  
7903.910935  
7976.492711  
8159.996886  
7791.135182  
8233.263256  
8114.277162  
7838.736926  
8228.856953  
8023.020868  
7705.541588  
8155.056812  
7960.298124  
8070.506314  
7757.586159  
8362.692737  
8030.746599  
7494.034059  
7741.493769  
7760.668681  
8133.777537  
7865.395791  
8343.054656  
8100.340956  
8251.487561  
8151.109994  
7978.846645  
8005.523943  
7617.470607  
7829.749135  
7620.092949  
7882.117896  
8012.650027  
8292.614112  
8038.962304  
7940.659567  
8077.604976  
7834.943137  
8372.656522  
8236.186278  
8153.861203  
7581.781068  
7844.117528  
8108.409145  
8324.222129  
8100.737536  
7934.094511  
8204.334219  
8102.331113  
7999.023687  
7668.451428  
7746.583696  
8234.409431  
8237.871688  
8244.329864  
8302.345309  
8164.583779  
8310.805736  
8181.184876  
8247.206801  
8707.902274  
8358.393456  
8385.092882  
8265.440465  
8068.913383  
8388.289869  
8635.573434  
8651.7194  
8192.489241  
8377.634305  
8274.949898  
8235.830831  
8494.084387  
8183.591912  
8150.539603  
8205.853183  
8193.610471  
8086.978291  
8046.723215  
8256.614704  
8364.165935  
8066.294544  
8439.308588  
8033.951151  
8223.722035  
8264.248049  
8381.428714  
8169.391578  
8210.045264  
8138.415787  
8429.144204  
8049.147037  
8139.98275  
7873.578558  
8134.933479  
8040.491636  
8408.928695  
8323.830835  
8132.336551  
8378.28498  
8477.98959  
8316.63583  
8251.047286  
7905.728164  
8298.421933  
8322.419296  
8193.083046  
8640.60412  
8017.157266  
8271.931442  
8222.862042  
8214.361116  
8044.518249  
8221.160201  
8138.163261  
8722.709399  
8353.595874  
7975.481597  
8341.349207  
8261.397792  
8234.939587  
8103.578462  
8498.601162  
8429.018476  
8247.060034  
8543.598382  
8193.845462  
8327.753555  
8410.477068  
7998.514792  
8196.116847  
7868.566092  
8348.800338  
8116.371982  
8423.731995  
7916.820505  
7814.834039  
7466.183439  
7836.218936  
8350.816823  
8184.853737  
8358.215675  
8170.469518  
7928.607578  
8036.646219  
7999.065452  
7884.4942  
8247.383562  
7948.670344  
7879.376772  
7946.540419  
8012.107486  
7943.504211  
7856.490572  
8122.797281  
8381.97912  
8002.577586  
8217.38102  
8118.150926  
8336.229034  
8035.024866  
8038.539522  
7947.24176  
8210.195018  
8019.808229  
8119.905252  
8276.870492  
7563.270102  
7798.754663  
8541.87763  
8410.308639  
7969.096872  
7962.699549  
8227.851798  
8219.079924  
8120.386227  
8346.353871  
8359.545956  
8217.314449  
8047.060703  
8049.821963  
8087.463635  
8324.822344  
8221.720122  
8495.946261  
8613.170683  
7984.548179  
8247.211819  
8236.642123  
8112.590806  
8354.86425  
8533.978433  
8193.375918  
8513.890329  
7954.848017  
8129.835371  
8089.356429  
7910.072807  
7558.456754  
8049.488095  
8137.148487  
8140.506654  
7986.632328  
8021.425068  
8088.977849  
7942.48802  
8071.119205  
8047.061479  
8154.405207  
8040.076604  
8147.846783  
7969.596285  
7859.051139  
8049.335731  
8266.952798  
7815.387199  
8121.267548  
8457.104406  
7903.764756  
8432.937948  
8027.804117  
8207.965004  
8027.735601  
7508.954046  
8150.255862  
8309.683276  
