2.171514412  
2.222760658  
0.4191204082  
0.7600899625  
-0.4085935883  
0.4411696912  
1.829860193  
0.07563971626  
0.2637424583  
1.515417639  
-0.8231043002  
1.78217043  
-0.1180218524  
0.8658210031  
-0.2450267243  
-0.7406367742  
-0.414062521  
-0.3678996987  
0.377997436  
0.1673349259  
1.388902801  
-0.06959341013  
-0.5615450243  
1.588237981  
-0.03623258029  
1.533489177  
2.158073654  
1.571116055  
-0.3340546833  
-0.9095054993  
1.503424767  
-0.2052875288  
0.5544306525  
-0.1524737252  
-0.7371053997  
-0.5297201426  
0.4226581716  
-0.5454532691  
-0.5356600911  
-0.8441188782  
1.692367084  
-0.4591449085  
0.1419783767  
0.1174462812  
0.5635675734  
-0.1871558139  
0.5450860365  
-0.08932130887  
0.01518503762  
0.7031408787  
0.1190106284  
-0.550709021  
-0.427521799  
-0.5605105165  
0.06935271255  
1.558124425  
-0.02207492331  
-0.346538131  
0.1694742322  
1.680546409  
-0.01205825324  
0.2451269344  
-0.1126324604  
-0.5308410513  
-0.9514184011  
-0.6886493667  
-0.6332702719  
-0.7406202516  
-0.2775871359  
-0.4618641718  
1.454551927  
1.579184391  
-0.5775135285  
1.50696502  
-1.104334795  
-1.366022347  
-1.210016457  
1.407206573  
-1.239622819  
-1.283012752  
-1.344571175  
-0.9881214317  
-0.9509193334  
-1.20732362  
0.8088299178  
-0.6792961108  
-0.1586799752  
1.817692213  
-0.8435056995  
1.816881176  
-0.6613864326  
-0.9940850272  
-0.6643749002  
-0.5391003057  
-1.157327666  
-1.219614093  
-1.365467497  
1.922036496  
-1.155892064  
1.151841285  
-1.082477728  
1.683550494  
-0.6457789044  
-0.9394314514  
-1.061228208  
1.938712401  
-0.4071171182  
-0.8923995828  
-0.8085048456  
-0.8365297847  
-1.006109846  
-1.303811741  
1.464486289  
-0.980416754  
-0.182731753  
-0.495215504  
0.9448955803  
-0.4747994303  
-0.6009381855  
1.508044345  
-0.6771340149  
-0.3852431291  
1.676826978  
-0.547838294  
0.5871391065  
1.212567676  
-0.8736462311  
1.905276065  
-0.6041523019  
1.786359832  
-0.2600886898  
-0.6327142196  
-0.8963502745  
-0.4456910953  
1.619913284  
0.05657837729  
-0.455356573  
-0.6355713477  
0.4492709797  
-0.9310822184  
-0.8264200929  
0.9141543021  
-0.8110320297  
1.785979707  
-0.7527027557  
-0.09455617068  
-0.9083335472  
0.02240752227  
0.08853645284  
1.716614624  
-0.200454383  
-0.5662128585  
1.987364565  
-1.07527611  
-0.4031080983  
0.1566430568  
-0.9421489668  
-0.8854060779  
-0.5289312284  
-1.136721152  
-0.4940141011  
-0.7464201787  
-1.006193498  
1.742857897  
-1.166109052  
1.558931775  
-0.9818481017  
-1.225698465  
1.359649502  
-0.9595560903  
-0.09027008132  
-1.110235795  
1.56175453  
-1.053953397  
-0.8850676576  
-1.106513985  
-0.4079643126  
-0.8797088029  
-1.041345528  
0.9532092598  
-0.4210244955  
1.296965989  
-0.213817997  
-0.01368086775  
-0.7174004718  
-0.03625886797  
1.021361288  
0.1121228118  
1.795696007  
0.5907926855  
-0.1363425596  
-0.7690174108  
-1.294269034  
1.580054076  
0.2537697186  
0.2316852059  
-0.5300850785  
-0.7562078934  
-0.8577249444  
-0.7570283525  
-0.1105634808  
-0.4589440822  
-1.072853347  
1.632941544  
-0.8445598177  
-0.6440053061  
0.5422312475  
0.3095499163  
-0.5314863711  
-1.004224301  
1.936046115  
-1.118915597  
0.7185933529  
0.6527208986  
-0.8970922836  
-1.189195201  
-0.8736584457  
-0.4545575873  
-0.4563888211  
0.09938280377  
1.657048736  
1.90447664  
2.211941948  
0.143324195  
-0.2229317122  
