8407.192572  
8247.589262  
7911.024556  
8000.848562  
8088.918718  
7854.770777  
8136.102139  
7970.308472  
7912.943088  
8171.621321  
7690.993064  
8033.786979  
8102.346691  
8105.504628  
8066.240586  
8076.414335  
8284.95513  
8254.019072  
7752.17205  
7947.952104  
7774.08526  
8056.997016  
8012.923502  
8040.606706  
8134.263513  
7799.674703  
7652.216322  
8169.08632  
8320.864027  
8004.385726  
7963.342443  
8420.260638  
8003.763825  
8281.800405  
8295.521858  
8266.280695  
8222.704403  
7939.905422  
7989.417945  
8189.904812  
8152.621718  
8139.553025  
7937.575426  
8172.33673  
8186.315181  
8256.757246  
8011.184992  
8302.384226  
8202.16037  
7945.973155  
8124.252561  
8225.974834  
8141.372864  
8052.525578  
8075.057009  
8407.434295  
8160.542352  
7994.803587  
8156.850772  
7928.268265  
7984.292087  
7824.170427  
8191.908782  
8201.162924  
7944.208895  
8315.37185  
8096.278096  
8043.242888  
8227.952554  
8161.410585  
8360.061361  
7910.893374  
8153.459092  
7296.856611  
7989.867464  
8179.030611  
7830.533459  
8109.503853  
8076.340405  
8152.144044  
8326.379665  
8498.744179  
7920.823468  
8050.824568  
7902.617178  
8114.822872  
8083.003945  
8154.192696  
8125.141444  
8185.72669  
8050.430143  
7994.240335  
7826.12082  
8047.793878  
7739.427057  
8128.760773  
7955.599356  
8171.997479  
8162.094093  
7916.156703  
8041.307521  
8349.746824  
8103.643534  
7945.306777  
8335.5616  
7835.716159  
7891.335041  
7902.276277  
8072.423664  
8137.523154  
8070.48735  
8061.178173  
8050.524222  
8022.227389  
7928.822901  
7998.576918  
7765.560614  
7453.8593  
8175.532626  
8164.915557  
8106.178902  
8306.662867  
8337.077434  
8344.766784  
8729.487972  
8112.508949  
8315.78713  
8272.494852  
8076.767838  
8274.654631  
8135.912774  
7773.445535  
8085.148257  
8036.693595  
7992.730695  
7780.207472  
7960.274962  
7961.718247  
7951.790696  
7771.243707  
8115.145261  
8006.553529  
7840.282352  
8073.446698  
8135.214432  
8183.793463  
8383.94222  
8027.673542  
7929.029021  
7836.824235  
8075.507384  
8089.522579  
8182.136849  
8167.309818  
7806.748995  
7955.868613  
7904.541107  
7995.336558  
7877.823231  
8210.248162  
7500.372844  
7676.068326  
8173.159846  
7610.209756  
8079.476587  
7885.469832  
8011.601376  
7936.353506  
8078.400566  
8110.145403  
8104.777861  
7873.892607  
8094.671041  
8135.015873  
8034.490214  
7891.344458  
8079.822659  
7786.895984  
7997.48521  
8030.622704  
8097.596691  
7697.81826  
7683.4258  
8071.482338  
7823.175755  
7852.919299  
8115.498123  
8468.872843  
7905.985325  
8305.068502  
7960.448122  
7962.733157  
7799.353759  
7969.20257  
7970.822394  
7994.384087  
8355.857889  
7861.070587  
7971.012645  
7983.358422  
7843.698715  
7859.132988  
8031.591009  
7758.826347  
8118.282719  
7673.58736  
7914.507087  
8019.303684  
7699.979742  
7857.215157  
7970.475722  
7728.179511  
7940.638909  
7780.190196  
7774.413186  
7990.735425  
7590.257182  
7879.498076  
7822.688617  
7865.239739  
7948.727171  
7941.903174  
7984.304698  
8089.733765  
8011.817364  
8156.566389  
8132.937926  
8127.020693  
7743.055467  
8310.547216  
8071.340121  
7932.021717  
8035.936749  
8366.587155  
8292.401127  
7787.254138  
7907.3289  
