8695.089629  
8256.565015  
8198.590366  
8242.619026  
8121.884721  
8423.327376  
8107.849547  
8089.556371  
8221.857098  
8319.470666  
8362.176494  
8551.193828  
7974.085611  
7952.641679  
7992.518914  
8183.011894  
8163.386444  
8356.209592  
8567.947284  
8159.591097  
8628.942396  
8500.328445  
8151.274994  
8323.371481  
8611.974957  
8075.979976  
8102.79314  
8494.559767  
8633.51583  
8280.924072  
8003.94319  
8332.449526  
8160.974191  
8185.553595  
8109.849204  
7968.803475  
8237.943335  
8201.39575  
8453.078112  
8191.385332  
7925.146865  
8504.802472  
8264.177398  
7953.609911  
8476.709528  
8422.372761  
8144.399706  
8142.662724  
7995.942026  
8329.963181  
8465.213018  
8162.161424  
8369.208564  
8221.597871  
8136.03653  
8353.602807  
8529.060741  
8452.625921  
8252.190361  
8625.509404  
8105.523577  
8536.706144  
8441.259536  
8350.090665  
8452.493506  
8385.349901  
8163.162778  
8445.587289  
8472.436984  
8480.129522  
8185.720045  
8210.959968  
8819.134069  
8472.381099  
8476.805892  
8013.195466  
8361.948645  
8302.135793  
8089.465777  
8194.463506  
8581.646446  
8134.07477  
8074.909747  
8332.769256  
8271.401833  
8268.97281  
8372.3565  
8541.107101  
8509.501599  
8115.305918  
8768.922686  
8522.958801  
8250.611604  
8239.103719  
8161.512801  
8337.028879  
8504.269948  
8069.585337  
8196.611368  
8395.171555  
8543.670608  
8641.765765  
8280.162904  
8453.050278  
8048.531784  
8642.86244  
8466.787906  
8296.922242  
8436.500186  
8593.928652  
8284.423981  
8127.138393  
8308.908759  
8544.446875  
8161.572429  
8265.563808  
8484.96459  
8068.768877  
8625.689148  
8733.84103  
8307.748767  
8337.270892  
8250.815815  
8085.138854  
8346.671584  
8090.051148  
8244.640288  
8194.811395  
8110.818749  
8334.543716  
8285.503447  
8259.168697  
8039.845166  
8477.833794  
8434.866352  
8241.829132  
8366.240476  
8546.872799  
8187.638639  
8073.437486  
8345.661653  
8093.154009  
8262.319525  
8589.785943  
8218.923117  
8007.933838  
8478.82842  
8419.306066  
8134.588412  
7831.248935  
8063.805017  
8246.358164  
8231.214866  
8079.469364  
8237.337666  
8369.514132  
8150.096546  
8054.213094  
8311.257156  
8658.228002  
8178.933526  
8185.037435  
8022.90091  
8357.42318  
8279.908591  
7996.387759  
7860.337354  
8243.046603  
8026.455255  
8301.994206  
8064.638095  
8393.434432  
8099.716986  
8371.803183  
7824.909613  
8255.697809  
8411.971396  
8059.801986  
7972.589531  
8193.982238  
8626.512885  
8030.568639  
7900.389464  
8494.359975  
8141.953324  
8272.813276  
7960.449212  
7971.575975  
8621.5372  
8170.519872  
8082.384926  
8382.138937  
8223.69789  
8460.670412  
8440.532068  
8222.115679  
8551.817412  
8400.87439  
8192.791478  
8347.60533  
8554.956139  
8200.538852  
8181.883342  
8197.058361  
8251.896111  
8327.403505  
8566.928545  
8824.046151  
8530.921517  
8389.275552  
8517.249449  
8289.4846  
8435.31388  
8050.991933  
8449.575695  
8313.419636  
8431.419165  
8312.860307  
8539.422533  
8637.492253  
8405.982987  
8581.601294  
8333.096584  
8115.770239  
8385.645409  
8581.460009  
8319.255463  
8282.156524  
8398.27011  
8246.024939  
8374.056737  
8295.33775  
8285.495892  
8609.457158  
8669.511098  
8347.849506  
8238.839946  
8435.20912  
7733.518654  
7921.341413  
8199.035893  
8034.366016  
7898.897866  
8201.839301  
8088.39859  
8149.935793  
7893.160276  
7988.541585  
8465.463213  
7979.069846  
8322.700933  
7910.172083  
8248.734255  
8041.266785  
8144.83582  
8209.056537  
8672.026137  
8093.961976  
7955.474925  
8220.036374  
8431.858718  
8433.341007  
8142.498638  
7973.906852  
8497.83833  
8301.596317  
8187.48187  
8264.279739  
8357.706095  
8527.086576  
8305.499987  
8491.286784  
8931.620183  
9354.471167  
8939.878279  
7815.001084  
8493.340874  
8132.224946  
8225.525841  
7791.701539  
8621.064742  
8125.824746  
8236.124934  
8486.308841  
8588.045497  
8290.968051  
8368.479527  
8310.989547  
8113.286931  
8501.288077  
8142.809183  
8669.022574  
8489.621294  
