-0.3029658608  
0.8389088768  
1.675934397  
0.1055263863  
-0.2577581218  
-0.2826527063  
-0.6686367235  
-0.3986003652  
-0.775796649  
-0.4074109316  
-1.010367149  
0.2607098101  
2.972927481  
0.1153777248  
-0.3283234712  
-0.5052254838  
0.4736457145  
-0.389829828  
-0.710416174  
-0.1373715763  
1.157932093  
0.5437698356  
-0.7937373048  
-0.1102750577  
2.730388631  
-0.7806838073  
0.3424867509  
-0.3468322982  
-0.1608023219  
-0.2424991749  
-0.2367130731  
-0.75004119  
-0.4519774246  
-0.4721992694  
-0.6877888635  
-0.24328485  
2.219747202  
-1.065428101  
0.03196063648  
-0.5777864303  
0.1318083929  
-0.1250753933  
0.7375340759  
-0.3503979424  
-0.1968367996  
-0.1693359058  
-0.1412635956  
-0.4428972792  
-0.01323730755  
-0.3529828291  
-0.3713785809  
-0.7152926647  
-0.4907717  
-0.5205492488  
-0.05270692668  
-0.7438954105  
0.4820808995  
3.205725824  
-0.4755950611  
-0.08694642137  
-0.807635947  
-0.3422284579  
-0.8132471827  
-0.5283642131  
-0.8626474887  
-0.1549106433  
-1.034325542  
0.3641589932  
1.674795829  
0.2625588561  
3.038948067  
-0.09639373638  
0.005565871447  
-0.628983718  
-0.5608267443  
-0.3313103357  
-0.4663930655  
0.3399414429  
3.119639025  
-0.1825119034  
0.5873467337  
-1.08357533  
0.7652783308  
2.5142185  
-0.8533416165  
-0.1996815951  
-0.3927084829  
-0.9112087026  
-0.4876841637  
-0.819542316  
-0.5826072414  
-1.050552105  
-0.906823018  
-0.5633093828  
-0.5924821725  
-0.5302961829  
-0.6319836232  
-0.4242989634  
-0.6776062712  
-0.3472848662  
-0.4869929231  
-0.1800582368  
-0.3368325516  
0.233672034  
1.063200951  
-0.365536725  
-0.3163501901  
-0.7421416951  
-0.5414091293  
-0.679570381  
-0.5873456502  
-0.987559763  
-0.2996481468  
-0.04488718642  
-0.06404213842  
-0.7305318102  
0.5263829351  
2.791268212  
-0.3953534417  
-0.111003337  
-0.6001011897  
-0.151995612  
-0.9309578408  
-0.6718368173  
-0.1205599925  
0.04464518606  
-0.08701773543  
0.138933375  
-0.9494011716  
-0.4915515994  
-0.6043842247  
-0.2929354255  
-0.6398222085  
-0.05984223661  
-0.6018101554  
0.8682339262  
2.941628593  
-0.8889332308  
-0.2328274087  
-0.3818423769  
2.254053327  
2.311836636  
-0.1200632307  
-0.5323759905  
-0.374353118  
-0.3658619408  
-0.7869337895  
0.7998995862  
2.879748052  
-0.5952643954  
-0.05451772355  
-0.6138143815  
-0.393639254  
-0.7629882686  
-0.3517673972  
-0.6728008474  
-0.650534572  
-0.7092795273  
-0.572870487  
-0.7164018284  
-0.2506876408  
-0.2785604262  
-0.7247391158  
-0.5026060061  
0.06043957219  
-0.2451073215  
3.520521816  
-0.5011995223  
1.124998801  
2.246668828  
0.1089905404  
-0.6798667585  
-0.04385020456  
1.455054688  
0.1935839992  
-0.8132456376  
0.2112631785  
1.722714681  
-0.9377580835  
-0.2485159595  
-0.9832037096  
-0.6759334076  
-0.418591665  
-0.3810383037  
-0.7197532876  
-0.2740168062  
-0.5527655062  
-0.3474577772  
-0.312156474  
-0.3402799846  
-0.5256670107  
-0.3098991393  
-0.5285253055  
-0.6672617701  
0.4712588552  
0.4205571574  
0.5614650746  
3.191890958  
-0.01037173062  
-0.06718104095  
-0.7182769945  
-0.2378473128  
-0.8607507241  
0.9878566499  
2.234120135  
-0.9186089046  
-0.3380122254  
-0.7563489406  
1.209817697  
1.447045442  
-0.4834652307  
0.2680485668  
-0.6435903921  
-0.1105009288  
-0.6638954275  
-0.2098525135  
-0.3654940876  
0.005181709136  
0.2806865128  
-0.03766687062  
-0.6682563586  
-0.3651702607  
-0.969084547  
-0.6417267962  
-0.9249586057  
-0.2531120684  
-0.9592131058  
0.1094295477  
1.684331801  
-0.6924605904  
-0.7636399572  
0.3018200032  
3.136423031  
-0.2697428001  
2.998733548  
-0.8395806259  
0.1464671371  
-0.8753726889  
0.3312309004  
-0.390016982  
-0.1525736297  
-0.915403931  
0.6807557547  
2.416819989  
-0.2310217785  
-0.1643627181  
0.6551461181  
2.944811319  
-0.2633139555  
-0.2031865967  
-0.9021476869  
0.09485339514  
-0.5742079862  
-0.4477350925  
-0.5132832732  
-0.3485455789  
-0.07667600561  
3.186373754  
-0.513375166  
0.9956165762  
2.505105353  
-0.6861088143  
0.4607322427  
0.9360192612  
-0.5125444686  
