9686.947185  
9504.657203  
9296.433525  
9198.10989  
9184.948769  
9236.012611  
9288.417201  
9208.446682  
9211.348541  
9203.682215  
9304.848744  
9171.856817  
9178.440925  
9200.523985  
9263.631092  
9187.931612  
9246.952313  
9198.202404  
9254.953913  
9149.213011  
9168.737013  
9233.000687  
9248.428125  
9260.606694  
9167.45088  
9275.313398  
9123.208622  
9234.200986  
9169.161139  
9081.368772  
9107.182305  
9149.063473  
9338.624553  
9258.491434  
9202.151551  
9180.146629  
9241.349  
9222.996728  
9132.493215  
9098.826546  
9145.736236  
9178.736032  
9176.262499  
9359.606803  
9209.911003  
9160.130844  
9192.04179  
9173.65799  
9195.917321  
9195.64663  
9143.398281  
9265.522972  
9193.182878  
9096.717746  
9100.042846  
9026.581213  
9084.427949  
9127.781851  
9193.499943  
8952.000859  
9306.888921  
9222.21682  
9194.320072  
9186.042607  
9312.337034  
9236.38772  
9306.929591  
9231.434781  
9216.090334  
9277.894627  
9242.093256  
9282.939239  
9295.193372  
9100.800638  
9116.286592  
9139.695107  
9256.82948  
9301.206654  
9282.591659  
9314.416855  
9254.619467  
9410.325339  
9347.474705  
9280.894482  
9351.035106  
9269.260923  
9227.649256  
9127.381325  
9281.233772  
9201.114941  
9231.84024  
9234.247553  
9396.946717  
9329.700261  
9208.973409  
9226.899194  
9478.663755  
9383.668563  
9221.606141  
9459.778768  
9256.715734  
9551.803402  
9161.962536  
9598.194377  
9388.008516  
9188.580961  
9212.481872  
9224.676145  
9258.389034  
9251.736584  
9309.051485  
9282.593843  
9275.083895  
9262.792629  
9279.336887  
9371.982348  
9316.244731  
9195.592014  
9216.104767  
9403.591663  
9159.429775  
9263.335069  
9293.59386  
9357.12028  
9246.218935  
9308.268837  
9216.86768  
8817.792413  
8840.963812  
9093.463787  
9289.473824  
9250.015182  
9219.716769  
9111.214251  
9196.513865  
9151.121191  
9232.86698  
9222.021119  
9274.313247  
9211.85666  
9417.621767  
9309.754305  
9210.619324  
9163.499104  
9108.655244  
9316.746784  
9205.28303  
9204.35252  
9138.51135  
9341.763839  
9267.236615  
9394.996848  
9334.635032  
9397.157932  
9344.982288  
9259.707668  
9453.020414  
9247.11631  
9412.851944  
9427.455998  
9318.760157  
9183.038448  
9439.790391  
9319.836168  
9269.285584  
9295.694821  
9285.7761  
9261.382915  
9323.107803  
9228.903567  
9287.568498  
9301.501295  
9242.502614  
9316.436432  
9275.840483  
9363.389969  
9254.793373  
9362.995347  
9443.587302  
9344.653299  
9463.468612  
9342.210256  
9202.562796  
9327.919572  
9281.487104  
9401.566811  
9207.814922  
9263.392864  
9309.324731  
9375.468803  
9320.630914  
9220.734961  
9253.28797  
9176.703049  
9134.464513  
9148.323919  
9219.564554  
9145.250207  
9404.961887  
9382.093698  
9496.779909  
9386.972189  
9494.472345  
9423.046732  
9403.990735  
9356.820442  
9386.276887  
9271.924757  
9274.98496  
9212.880484  
9266.749835  
9252.202222  
9269.484543  
9257.947914  
9316.962304  
9102.344428  
9225.77579  
9337.627262  
9159.797623  
9271.601022  
9193.0762  
9207.033349  
9188.786015  
9358.082189  
9157.185027  
9259.220989  
9169.451471  
9409.908595  
9050.29134  
9195.481995  
9483.448257  
9301.838996  
9400.63726  
9162.458268  
9034.353883  
8992.334426  
8705.649084  
