-1.102298885  
0.4124200391  
1.402562467  
-1.373175428  
0.3425668384  
2.31816183  
-1.074195205  
-0.1958044567  
-1.335687014  
-0.6683350641  
-1.293168812  
-0.6809862726  
-1.460870756  
0.1261333454  
1.628260996  
-0.7274680283  
-0.4103894881  
-0.1999864617  
2.086467041  
-1.028978759  
-0.7740267162  
-0.9744141255  
-1.199075248  
-0.3700886137  
1.900261206  
-0.5032515992  
2.343288861  
-1.062978607  
-0.1018993166  
-1.216601224  
-0.3271256724  
-1.248709129  
-0.307996698  
-1.234852756  
0.4182463904  
2.026956326  
-0.9236674918  
-0.6703701031  
-0.449600619  
-0.996895249  
0.3147816365  
2.067725809  
-1.088295377  
-0.3901339761  
-1.06443027  
-0.7541336223  
-0.8032221128  
-0.8851228947  
-0.9525990445  
-0.6234707862  
-1.265273775  
0.251571883  
2.733143313  
-0.2952195602  
-0.006274610846  
-0.7150568597  
-1.141513296  
-0.3557236957  
0.010943303  
-0.4225342238  
-0.5041146248  
-0.1083944295  
0.09465900734  
-0.5257062735  
-0.9149514711  
-0.1997838628  
3.018765648  
1.390954473  
-0.3253727246  
-0.7992149515  
-0.4097375403  
-0.7612057916  
-0.7308013475  
-0.4382129189  
0.07112339705  
-0.7109231582  
0.01775189864  
-0.88056148  
0.009976877559  
-0.2426772297  
-0.03702938765  
-0.591476532  
0.1304436223  
1.406869314  
1.494411214  
-0.1685054417  
0.3958652086  
-0.6761734949  
0.7020310897  
2.153355128  
0.4531006323  
1.033207734  
0.9269854201  
2.204121251  
0.4864041862  
2.266644544  
-0.8894822041  
-0.3551200981  
-0.6972407504  
2.084933467  
1.396012596  
0.007997060824  
-0.3932424578  
-0.7508636314  
0.1925696614  
2.276548779  
-0.7136482263  
-0.7251036113  
-0.3859905558  
2.127314363  
-0.680482675  
0.06876395406  
-0.9807263337  
-0.109713453  
-0.9356963336  
-0.1395784595  
-0.9772197053  
0.9563864304  
2.03740697  
-0.3860160183  
-0.8033663013  
0.378329919  
2.430204563  
-0.7546894309  
-0.4407478442  
0.3134199883  
2.669987589  
-0.7271047003  
0.8612437232  
2.229040579  
-0.1666443194  
-0.4552232013  
-0.6035713397  
-0.8313673619  
-0.6860370312  
-0.5311085542  
-0.7981963673  
0.1236720097  
-0.7068698946  
-0.1073005192  
2.252704188  
1.772273239  
-0.2865976798  
-0.1835544469  
-0.544331495  
-0.2907172573  
-0.8390120752  
-0.1992384213  
-0.1578181137  
-0.4828529377  
-0.9023940999  
-0.6072857257  
-0.6889757848  
-0.2575415747  
-0.7273388432  
-0.4079972545  
-0.807877033  
-0.415418158  
-0.6871816981  
0.2928301109  
2.455421747  
0.4241256999  
-0.03984175786  
-0.05398053022  
-0.3492376112  
0.2905041846  
-0.3777166887  
0.3371385072  
2.51976178  
0.3055041526  
0.2054994336  
0.1746660715  
-0.3463780357  
-0.1541354952  
-0.2439975965  
-0.2272018677  
0.1533401385  
-0.4858650005  
-0.5034695472  
-0.4940595079  
0.2606473891  
-0.3530744086  
1.807187332  
-0.6370505562  
-0.2019139768  
-0.9216119502  
0.2911836909  
2.487545899  
-0.3150345668  
0.95183492  
2.468926517  
-0.6557275332  
-0.2314906701  
-0.6016276041  
-0.1724251155  
-0.3723969732  
-0.1306161771  
0.40239079  
-0.3472431227  
0.2846651352  
-0.06338353322  
-0.5758740396  
-0.1818657475  
-0.490083824  
-0.249599241  
-0.2904845409  
-0.4100290373  
-0.628386157  
-0.06462713548  
1.439747602  
-0.6331177919  
-0.388715533  
0.6343147407  
-0.183085953  
-0.1781708042  
-0.5231546726  
-0.3763171454  
0.3022133451  
-0.8786047453  
0.4596813201  
2.534245672  
-0.1897846677  
0.299185821  
-0.5338151985  
-0.6271084039  
