-0.3063478879  
-1.031074885  
-0.9491804141  
-0.9906667198  
-1.024725533  
-0.9642813353  
-0.1186921802  
-1.623531533  
-0.0710010163  
2.064339638  
-1.291525288  
-0.4517039257  
-1.16415313  
-0.5880913227  
-1.607241276  
-0.7028910719  
-1.370335636  
0.3516718222  
2.203274667  
-1.371443337  
-0.2738825026  
0.2419202379  
-0.4241710842  
-0.6244610904  
-0.8808523945  
-0.9581920722  
-1.139913076  
0.3858015775  
0.8971088121  
0.1106038325  
2.22322567  
-0.6897060622  
0.1015564227  
-0.7353326217  
-0.9968137146  
-0.2519276065  
2.226256569  
-0.7423931789  
-0.5992966875  
0.09881376265  
2.148572928  
-1.274207202  
0.5803719913  
-1.193608011  
-0.1355655472  
-1.615632319  
0.322812834  
1.738040391  
-0.1101101258  
1.514572929  
-1.198845488  
-0.7997006816  
-0.617756559  
-0.9139327638  
-1.222553628  
-0.9066002231  
-0.9771325714  
-0.6623329675  
-1.100559186  
-0.891526061  
-0.7960492919  
-0.5077170318  
-0.7296595582  
-1.041276262  
-0.7803953233  
-0.780943014  
0.3921968642  
2.128185568  
-0.55061675  
-0.9003613949  
-0.06872784445  
1.926085665  
-0.4022366899  
1.495275439  
-1.503321756  
0.3688964513  
1.77041613  
-0.07391625536  
-0.6335570282  
-0.5752422639  
-1.078075332  
-0.7106126879  
-0.7094987524  
-0.7753085528  
-1.076905571  
-0.9503835112  
-0.6583710898  
-0.719482165  
0.2043078259  
2.53998534  
1.734386841  
0.6161166329  
-0.2367465187  
-0.3154464837  
-0.7829656887  
0.2149852971  
-0.7723932543  
0.651729386  
0.954045986  
-0.5014355357  
-1.15630863  
-0.2101131847  
1.599629666  
1.239924808  
1.236540072  
-0.2640312466  
-0.2390162593  
-0.155186969  
-0.6666311342  
0.06145354245  
0.65298971  
-0.6799914549  
-0.6595370451  
-0.632986398  
-0.6404560764  
-0.4334675263  
-0.59562377  
-0.3506522523  
-0.6830861833  
-0.336370476  
0.8292531984  
-0.764530182  
1.413753807  
-0.8407030849  
-0.9296798355  
0.5460037696  
2.001200027  
0.2466496485  
0.618728706  
-0.9636367813  
0.3051606345  
2.035560211  
-0.1869126665  
0.5693346321  
1.217656403  
0.03036468839  
2.011156681  
-0.5030614918  
-0.7579165884  
0.09702024438  
-0.2111113737  
-0.2314711426  
-0.7632232973  
0.1386832985  
1.155394278  
0.05373905288  
1.686268547  
-0.4792749676  
2.581873865  
-1.405706696  
0.7409451635  
1.335748827  
-0.02438481172  
-1.298886629  
0.4959150078  
1.625203154  
0.1136343253  
-0.3774755871  
-0.4298971935  
-0.6306780402  
-1.03797127  
-1.982123561  
0.3061631935  
1.817955202  
-0.475588598  
-0.6711609056  
-0.2680942492  
-0.9387527886  
0.4264609232  
2.063139426  
0.05072502434  
1.710584404  
-0.1479412088  
-1.120177056  
0.5076451785  
2.003941274  
0.3940856749  
2.13133415  
-0.5101454296  
-0.5868336526  
-0.3993373221  
2.59248454  
0.5143148374  
0.6072033868  
-0.9479373258  
-0.2157921892  
-1.103359041  
-0.2507344287  
1.241896813  
-1.746269711  
-0.5658519274  
1.735509182  
-1.485302429  
1.053801153  
1.871578401  
0.4075573269  
1.936637988  
-0.7843663603  
0.2804924147  
-0.901813166  
0.3002812343  
2.268620821  
-0.04605154787  
-0.3694435989  
-0.1733636148  
2.398486303  
0.6859360152  
0.867132638  
1.630098197  
1.566175566  
-0.3230707193  
0.09973557771  
-0.5011586611  
-0.3706592542  
-0.4899824003  
-0.3691020535  
-0.7740780106  
0.3108567598  
1.641601145  
-0.549375043  
0.1117323924  
-0.01702523446  
-0.08373991725  
-0.8514759533  
-0.5411607186  
-0.7038256381  
-0.5603259138  
-0.6908037099  
-0.158791581  
-0.7611993266  
-0.7621646877  
0.4318952407  
0.02358672338  
1.508908826  
-0.4746834767  
0.242366866  
2.162911399  
-0.5044431015  
-0.002191354693  
-0.442380188  
-0.523591787  
0.02653413774  
2.409734969  
0.002820901219  
-0.6171847018  
-1.18942091  
-0.6223001366  
-0.3523225387  
0.1192973576  
0.750655374  
-0.6665125161  
-0.4510346353  
-0.5904565994  
-0.9230502294  
0.09055366358  
1.867811164  
-0.347775061  
0.03292058457  
0.08091797934  
-0.5731287764  
0.5191974137  
2.022225392  
-1.036393557  
-0.2241062257  
-0.874034181  
0.002133083982  
-1.152082703  
0.229027648  
1.439403187  
-0.567761838  
-0.2425810793  
-0.4742569797  
-0.6126115566  
-0.1431599853  
-0.08312029192  
1.114760021  
-0.9330388665  
0.3037920325  
2.146825379  
-0.1764214765  
-0.07771694166  
0.2568732987  
-0.7182777151  
0.1280804353  
0.3228505483  
0.5548929217  
0.9195760564  
0.09314063126  
0.09696815354  
-0.3157184323  
0.8027530451  
-0.5574422355  
1.320171726  
