10123.20715  
9884.739707  
9594.679939  
9568.578838  
9436.768926  
9537.443672  
9481.924905  
9555.066045  
9559.873294  
9612.637924  
9581.215769  
9491.565602  
9522.727595  
9488.623655  
9378.036204  
9462.457776  
9623.411885  
9574.008261  
9338.376299  
9487.207162  
9522.217566  
9527.512434  
9571.343561  
9567.863749  
9562.353315  
9685.469268  
9618.271971  
9680.59935  
9444.853608  
9542.52614  
9498.910924  
9561.345494  
9476.934821  
9562.390071  
9705.625992  
9538.043987  
9695.643376  
9548.031602  
9485.13131  
9509.301796  
9594.55258  
9457.585313  
9640.706184  
9563.603529  
9618.140577  
9560.201214  
9570.95936  
9675.074166  
9571.967415  
9562.405661  
9688.030964  
9701.512627  
9642.215108  
9619.139632  
9593.025526  
9683.338482  
9518.547059  
9599.218937  
9565.970471  
9633.76217  
9654.559884  
9427.220847  
9665.335501  
9593.371761  
9625.581097  
9569.279595  
9673.307451  
9663.80814  
9411.785392  
9576.947858  
9664.103755  
9555.836634  
9648.884363  
9554.331011  
9849.157588  
9463.344714  
9557.341023  
9742.657568  
9663.799847  
9766.599224  
9525.357824  
9778.588854  
9640.95036  
9316.591713  
9728.479579  
9646.401316  
9572.400379  
9540.665761  
9487.396396  
9819.833488  
9755.678441  
9637.739986  
9598.112148  
9818.397813  
9614.856225  
9524.227545  
9885.384173  
9700.247741  
9665.657111  
9490.801641  
9267.905483  
9777.874526  
9696.833892  
9768.506291  
9645.86845  
9557.757132  
9540.392227  
9597.211059  
9447.9777  
9682.685527  
9572.447222  
9643.68554  
9665.946584  
9783.501252  
9668.781553  
9892.805528  
9733.66011  
9745.166333  
9640.371903  
9817.39995  
9666.680455  
9727.092498  
9653.619172  
9594.193569  
9842.495289  
9866.872354  
9727.731823  
9757.801028  
9902.061551  
9463.151848  
9645.358469  
9720.347062  
9713.826135  
9594.5097  
9828.531147  
9828.471104  
9752.728855  
9722.570544  
9614.422753  
9686.780387  
9676.427432  
9733.677526  
9614.507701  
9841.193728  
9721.083785  
9764.169084  
9721.185821  
9709.377021  
9658.157551  
9897.304233  
9714.401966  
9663.624443  
9754.41111  
9700.97177  
9701.420927  
9712.089232  
9747.253247  
9609.495152  
9826.393406  
9818.139286  
9695.45106  
9691.462044  
9773.629725  
9674.272238  
9846.403739  
9967.52388  
9851.799336  
9643.699686  
9952.838044  
9871.250276  
9758.285893  
9846.635471  
10009.86745  
9829.869085  
9794.011254  
9647.876407  
9827.058363  
9611.922221  
9867.211045  
9863.853417  
9687.827871  
9765.610666  
9632.201214  
9752.67078  
9703.143649  
9778.181987  
9690.522751  
9633.102157  
9648.464645  
9824.135427  
9610.60449  
9954.810713  
9830.872865  
9766.661279  
9655.514788  
9793.58357  
9650.69573  
9669.793006  
9580.215279  
9800.165597  
9621.828909  
9828.453567  
9312.903163  
9498.477171  
9670.903315  
9564.071841  
9727.672766  
9543.501419  
9632.945073  
9645.797003  
9690.794433  
9707.400841  
9780.715739  
9626.930694  
9775.340577  
9764.199913  
9728.123243  
9644.892578  
9768.773297  
9621.679978  
9755.849579  
9706.250921  
9772.097479  
9750.64285  
9719.535239  
9896.106492  
9878.143118  
9787.889905  
9738.152575  
9747.546481  
9331.120279  
9634.671074  
10044.37919  
9699.133892  
9466.415712  
9672.472746  
9785.746623  
