-0.8313272489  
0.3066476287  
-0.1259266902  
-1.136985454  
-0.961595992  
-0.5387949128  
-1.108712826  
-1.12674978  
-1.758718777  
-0.5234665478  
-0.551466122  
-1.435911872  
-1.171378346  
-0.654072937  
-0.722642849  
-0.9205723924  
-0.842738608  
-0.9333362025  
-0.9083450069  
-0.4840802478  
-0.3077392095  
-0.9931765546  
-1.107568126  
-1.028845154  
-0.3072734119  
-0.6108910858  
-0.05651324704  
-1.111621329  
-0.6496677093  
-1.500765698  
0.9157916666  
0.9587890336  
-1.724395449  
-0.3551836655  
-1.33003789  
0.4036396834  
-1.84553161  
0.2236793513  
0.3984088584  
-1.277023351  
-0.7442615299  
-0.4522024073  
-0.9295387888  
-0.5249544266  
-1.080309692  
-0.3530798965  
-1.333062132  
-0.5182751096  
-1.687726314  
1.416112644  
0.7906345489  
-0.6652709347  
0.6706383655  
0.3004787724  
-1.13872617  
2.067186766  
1.718525785  
-0.8167771812  
0.2843358579  
-0.6614755348  
1.159204952  
0.5827270759  
-0.06747553433  
-0.769661934  
-1.020075672  
-0.2480426615  
-0.6257517313  
2.071268873  
0.828585744  
0.5703575402  
3.627646228  
-0.6271123756  
0.07315882061  
-1.399982417  
2.577836198  
2.200656645  
-0.5670795062  
-0.4421734858  
-0.3612566832  
-0.3664934244  
-0.4467940148  
-0.2423527831  
-0.9216201517  
2.053941967  
2.659676018  
-0.8962107589  
0.8273197982  
-1.236090469  
1.897472272  
2.264304804  
-0.07142069521  
0.3376150224  
-0.555362835  
0.1144425169  
-0.2721613697  
0.4664254076  
-0.5231386445  
-0.8448459085  
-1.089657451  
-0.07143023079  
-0.2373468101  
-0.07548560594  
-0.7236256298  
-0.27795115  
-0.2468621954  
0.6087659666  
-0.3997834047  
-0.471712743  
-0.7915097575  
0.3395375729  
-0.4760615857  
0.1824659302  
-0.1134443914  
-0.3465586065  
-0.7609211858  
-0.6748751015  
-0.9725280926  
-0.008214246811  
0.1183417738  
0.6084280926  
0.4963759284  
-0.5460184454  
0.9195335975  
-0.8903879793  
0.6873499507  
1.225813718  
0.1870414282  
-0.1238687122  
-0.4336560641  
0.9448549647  
-0.8960823871  
1.825515727  
1.589902183  
-0.9181626635  
-0.407248301  
1.453863978  
2.29036911  
-0.6910481135  
0.1818884596  
-0.7170194338  
0.8694927971  
0.01541516515  
0.197321014  
-0.8133826648  
0.6459129622  
0.1999278744  
-0.6242909546  
-0.4682584063  
-0.2499673024  
-0.1314097333  
-0.5675251149  
-0.8372300635  
-0.5093483165  
-0.3272903468  
-0.2075189513  
-0.1401108117  
-0.317947848  
0.02516812332  
0.340149244  
0.01669621661  
1.688246424  
-0.2573349776  
0.6547288197  
0.2107385063  
0.3223872393  
-0.2051927608  
0.1042968955  
-0.4504239377  
2.74544392  
1.918286031  
0.171332194  
0.2079936165  
-0.0892091854  
-0.6696091547  
1.749615728  
2.363638456  
-0.7299896508  
0.767738512  
-1.016886284  
1.8966815  
1.987976236  
-0.6898793206  
0.8861431815  
-0.3228200329  
-0.003301736602  
-0.2730212263  
0.1518756432  
0.791182759  
-0.05882921905  
0.1269066497  
1.109448896  
-0.3202159582  
-0.03839679873  
-0.2369800306  
-0.141008608  
-0.04923643342  
-0.05100212582  
-0.7764127644  
-0.6250517365  
0.6735306091  
-0.4540846716  
-0.6266311512  
-0.1079513568  
0.03308442469  
-0.1296345549  
0.2248161241  
-0.7462279747  
-0.3320292464  
-0.4675420235  
1.191231644  
-0.7392203111  
1.784305318  
2.572893157  
-0.6485346424  
0.6198733099  
-0.896588463  
1.874162143  
1.868314988  
-0.6569297227  
0.342266129  
0.5217699883  
0.1012369278  
-0.7684262915  
1.207068188  
2.881307853  
