0.1858558526  
-0.18233179  
-0.5162479972  
-0.2291436402  
-0.6872197633  
-0.4448726553  
-0.5387953726  
-0.1484433987  
-0.2298259601  
2.719457619  
0.1703313629  
-0.4978451387  
-0.4821083057  
-0.7115917667  
-0.1568687198  
-0.07376779778  
-0.4622937801  
-0.3147431683  
-0.5067761961  
-0.7043523892  
-0.2683046674  
-0.7835944809  
-0.3659128446  
2.888020557  
-0.2293519269  
-0.3315749785  
0.09108917706  
2.836642475  
0.2019595644  
-0.06070977643  
-0.2362925037  
-0.5412127518  
-0.304307781  
-0.3468157101  
0.4083182754  
-0.5579502612  
-0.4674101082  
-0.2539772727  
-0.5648640117  
-0.4648926873  
-0.2610367964  
-0.4895771291  
3.045853836  
-0.160345528  
-0.3457451657  
-0.3901322692  
-0.623067911  
0.01765718172  
-0.4064144815  
-0.3243153412  
-0.2792346522  
-0.5328493855  
1.726117201  
-0.3776664234  
-0.003740783349  
-0.4394339746  
-0.2329228967  
-0.3874613836  
-0.3851246356  
-0.2752747849  
-0.4123216986  
-0.1648812118  
-1.143711856  
3.033366847  
-0.0772328677  
-0.5281897646  
0.4640513043  
-0.5763841342  
2.493151811  
0.4940332682  
-0.1203524759  
-0.2097369713  
0.8838813723  
-0.5159088178  
-0.8175218828  
-0.5852283143  
-0.2238527556  
-0.4511346598  
-0.5293565947  
-0.1643291334  
-0.3050968868  
-0.2452667809  
-0.1081138966  
-0.05935550184  
-0.4711138473  
-0.5872192396  
0.003867405213  
-0.1550558111  
2.754031002  
0.2145556279  
-0.3879879382  
-0.6916771234  
-0.5052756244  
0.3234666817  
-0.3251353674  
-0.497791902  
-0.6514625976  
-0.5911165876  
-1.09595062  
-0.4803279429  
-0.7580606084  
3.378383611  
-0.0618952707  
-0.6530194117  
-0.2713334953  
-0.5291469421  
0.6964246475  
-0.3872781706  
-0.2529243314  
-0.2686752035  
-0.120825732  
-0.3569775036  
-0.4554353977  
-0.1353600457  
-0.4356971055  
-0.5033551116  
3.210713644  
0.1714976005  
-0.2121002777  
-0.2865704342  
-0.5302110126  
3.492894048  
0.2819341687  
-0.2648976274  
-0.3268231321  
-0.4843583173  
3.166248229  
-0.08802834606  
-0.122936332  
-0.270110547  
-0.5604386192  
-0.4730342457  
-0.3615386718  
-0.4491062328  
-0.3865101374  
-0.8438788421  
-0.7026411922  
-0.3984958736  
-0.251942501  
0.2620710358  
-0.07093072254  
-0.05553432155  
-0.8218464482  
-0.343074838  
-0.609039543  
-0.8612412077  
-0.4193981489  
-0.4578504042  
-0.4172662712  
-0.4236181277  
-0.4516003352  
-0.4013244614  
-0.2381309114  
-0.4880056895  
-0.7550872967  
0.2511124715  
-0.5139230193  
-0.1501609184  
-0.3765817994  
-0.5292675142  
-0.7947811604  
-0.6580151542  
-0.8136077388  
-0.75206081  
-0.3386119895  
-0.9568643096  
-0.6858287084  
-0.6333944554  
1.963831626  
-0.2027819716  
1.768260133  
3.145292693  
0.4435787931  
-0.375456453  
0.7571540271  
0.02159065631  
-0.6537416957  
-0.1575024062  
-0.5117565005  
-0.1538939887  
0.2554390953  
3.393434142  
0.09162600364  
-0.4530261125  
-0.4580376463  
-0.4093801095  
-0.8713556704  
2.301252895  
-0.09690255807  
2.536440395  
0.08305538181  
-0.8873935896  
3.044925829  
0.03710675772  
-0.2258195042  
-0.7527254029  
3.023262965  
-0.3487959657  
-0.2664020512  
-0.5055101869  
2.77303438  
0.29731943  
-0.5050153565  
-0.2601194434  
-0.3166559967  
-0.1357164427  
0.9131862701  
1.681159972  
-0.04743471664  
-0.3342416716  
-0.1184729997  
-0.3906258269  
-0.6191401286  
3.241106995  
0.001457716638  
0.06160890687  
-0.6001735557  
-0.2629678969  
-0.07140259617  
-0.2442943322  
-0.3102849687  
-0.6059453623  
-0.8089682904  
-0.2781224335  
0.01543781669  
