9967.481848  
9573.873545  
9424.334115  
9457.11133  
9464.055187  
9375.842354  
9456.779872  
9357.041714  
9481.727356  
9571.935321  
9372.601097  
9424.587404  
9430.782377  
9450.037393  
9272.331472  
9356.874421  
9357.712272  
9519.375926  
9665.188478  
9330.861901  
9534.746435  
9538.255971  
9585.074214  
9408.077931  
9398.548971  
9373.526956  
9397.009111  
9617.830191  
9731.961595  
9519.227541  
9621.136902  
9487.115427  
9589.756278  
9470.587317  
9426.169711  
9502.660347  
9684.614917  
9473.867083  
9465.689666  
9620.058217  
9637.411178  
9449.206664  
9524.690624  
9514.156445  
9531.264272  
9411.243536  
9513.997107  
9658.58721  
9571.11099  
9733.104245  
9398.02928  
9576.208174  
9527.185436  
9464.965557  
9402.985651  
9509.174562  
9476.617739  
9519.191372  
9430.638133  
9562.752496  
9402.649953  
9704.197755  
9433.359535  
9501.098305  
9468.999477  
9565.882603  
9635.013032  
9723.30903  
9526.749791  
9485.530876  
9557.40825  
9726.899167  
9640.631564  
9710.573649  
9464.783756  
9584.896998  
9739.981389  
9661.242452  
9457.437654  
9501.480586  
9408.148415  
9574.856011  
9523.416559  
9564.070019  
9307.528954  
9499.587594  
9587.802218  
9436.314378  
9673.856221  
9745.154567  
9803.308905  
9691.950717  
9591.053336  
9585.487454  
9528.155011  
9522.20718  
9581.600673  
9725.919439  
9673.290457  
9578.417716  
9447.298418  
9571.805268  
9805.491909  
9670.60876  
9737.848746  
9631.24078  
9631.963611  
9538.260908  
9475.585953  
9705.03172  
9546.473386  
9586.226107  
9486.82904  
9554.492023  
9499.174617  
9583.94694  
9500.080765  
9558.345631  
9514.441935  
9572.321211  
9687.764401  
9554.953224  
9606.055885  
9460.137106  
9505.132388  
9668.202611  
9750.898231  
9805.729591  
9691.279034  
9487.568284  
9613.798464  
9689.132525  
9746.354935  
9612.468659  
9630.621908  
9606.950833  
9780.490248  
9584.241946  
9464.931991  
9665.282302  
9565.324676  
9598.738238  
9465.892728  
9621.454716  
9869.969362  
9591.515673  
9605.601558  
9576.855973  
9813.238038  
9441.66262  
9681.266817  
9734.991669  
9551.81514  
9370.937153  
9622.866044  
9669.257287  
9677.042592  
9594.295576  
9587.037291  
9530.088754  
9453.206263  
9037.767997  
9341.042299  
9666.428493  
9442.737265  
9501.257644  
9597.636118  
9442.691863  
9603.876726  
9877.859799  
9537.965683  
9641.487682  
9418.594773  
9501.661553  
9604.892037  
9657.989188  
9574.182849  
9693.802927  
9580.841063  
9447.807727  
9502.044015  
9831.187209  
9567.228387  
9615.600851  
9555.663238  
9508.945458  
9505.201036  
9514.815247  
9120.143671  
9148.90678  
9367.495374  
9683.342357  
9347.360603  
9380.218069  
9767.308727  
9611.844705  
9848.226953  
9440.895901  
9635.871316  
9462.922857  
9629.942785  
9865.32339  
9620.678232  
9544.93125  
9580.728043  
9744.673468  
9888.725675  
9652.303843  
9904.05735  
9582.095635  
8914.526733  
9642.557302  
9401.67125  
9647.833158  
9551.811414  
9535.427689  
9405.235036  
9460.37662  
9639.565875  
9592.311715  
9688.86326  
9703.538813  
9651.179843  
9508.680079  
9517.564764  
9549.015465  
9522.64502  
9494.993503  
9662.467371  
9515.665644  
9509.446533  
9707.581605  
9665.233546  
9872.395952  
9702.458235  
9623.199573  
9815.835129  
9537.741796  
9641.660252  
9556.955627  
9565.501642  
9625.899542  
9649.781606  
9558.956479  
9443.1284  
9425.06543  
9403.936251  
9432.797462  
9789.445176  
9532.338787  
9558.451901  
9483.58692  
9426.792484  
9438.381696  
9554.470571  
9575.730681  
9631.835101  
9518.502979  
9765.183006  
9351.347336  
9222.58847  
9681.299233  
9369.557441  
9650.50299  
9546.056218  
9629.414878  
9419.177576  
9577.267197  
9603.275478  
9555.112713  
9492.31845  
9553.932215  
9526.471234  
9550.44902  
9578.7156  
9639.322112  
9570.308934  
9603.497063  
9810.860165  
9610.973392  
9578.829841  
9647.067762  
9531.375117  
9672.225187  
9615.864135  
9745.643987  
9721.602695  
9638.366968  
9541.501398  
9493.446338  
9513.973203  
9488.995026  
9836.965717  
