1.401329873  
0.885321843  
-0.4985646613  
-0.7854585143  
0.06654696118  
-0.02689958123  
-0.9822890195  
-0.901790338  
-1.374936689  
0.02180525645  
-0.8848279236  
-0.5441895479  
-1.064291149  
-0.7495619535  
-1.589404553  
1.926945196  
0.1236004216  
-0.9209898875  
-0.5223205007  
-1.165309699  
-0.8210397864  
-1.087237767  
-0.8398576704  
-1.045485602  
-0.9173038609  
-1.525170167  
-0.7912120137  
-1.081088362  
-0.7603097441  
-0.5093680134  
-0.348524803  
-0.4457355235  
-0.6622552704  
-1.200982745  
-1.170432885  
-1.200910464  
-0.8729899782  
-0.9767106678  
-1.641980893  
-1.277034659  
-0.9641629017  
-0.932068816  
-1.143409861  
-1.064149604  
-0.8824807758  
-1.090626562  
-0.960095176  
-1.150809239  
-0.3670684086  
-0.4628023148  
-0.6033282743  
-0.694391069  
-0.8799222476  
-1.051448387  
-1.132509168  
-1.003808701  
-0.7864132144  
-1.083164341  
-0.8527830849  
-0.8709264996  
-0.6643934348  
-0.8820867374  
-0.4488959564  
-0.9215770709  
-1.128813081  
-1.520645993  
-1.180046802  
-1.022865447  
-0.9097111722  
-0.9123020947  
-0.3810511809  
-0.6281884765  
-0.3640885535  
-0.8120686106  
-1.025311775  
-1.127747985  
-0.3337660514  
-1.08643538  
-0.4664924984  
-1.011258509  
-0.06130563609  
-1.178342378  
3.131698993  
0.3503987067  
2.164793742  
0.5596285491  
-1.191401408  
-0.1387764854  
-1.539944354  
-0.956109473  
-1.179562755  
-0.851007276  
-1.038643431  
-0.9280931962  
-1.084340733  
-0.6635446822  
-1.313224926  
-0.7462333151  
-0.6346608683  
-0.234001089  
-0.6696478823  
-0.805295191  
-1.378894172  
-0.4219196988  
-0.5463662023  
-0.5779714769  
-0.42989434  
0.1094043293  
0.6241163487  
-0.2299303009  
0.1090639331  
-0.3991723374  
-0.8802950399  
-0.09892271293  
-0.05274106119  
2.152240055  
0.7339694891  
0.1057550301  
0.4112547998  
-0.1503018437  
0.05233573898  
-0.2905147011  
-0.01863135449  
-1.105094734  
2.474407829  
1.569208972  
-0.259017124  
-0.1187655823  
-1.325492228  
-0.1516449357  
-0.418202577  
-0.5547568323  
-0.5220187383  
-0.5133103525  
1.323591485  
0.628721543  
-0.4645591091  
0.365329166  
0.1238608537  
0.5331568961  
-0.05147866117  
0.7230922635  
-0.4306893955  
1.547485991  
0.7404155421  
0.3945610195  
0.2272308952  
0.1879887883  
0.2239703825  
-0.0483389489  
-0.427123582  
-0.04043681061  
0.02591343308  
0.2537662254  
-0.2875838665  
-0.2450908102  
0.0682364266  
-0.01482759005  
0.2078098941  
0.3295334464  
0.2141437321  
-0.242096647  
-0.1121109341  
-0.2520390328  
-0.05112015371  
-0.03295548737  
2.052849538  
1.572495234  
-0.3772428033  
2.589703746  
0.5537645597  
0.1329369862  
-0.01264241673  
0.02887286093  
0.2780558681  
0.6924364771  
0.1643243864  
0.3211614578  
0.1205682591  
0.3803988639  
-0.3731304509  
2.834533244  
0.7310134176  
0.5940478077  
0.3935772516  
2.54289669  
1.25791755  
0.134908984  
0.5187860016  
0.2429928459  
0.1197574635  
1.996075957  
1.823070451  
0.5662585294  
0.8133858813  
0.1611398477  
1.578853388  
0.7705090451  
0.5481870227  
-0.5967896009  
-0.2396987118  
-0.9895892121  
-0.5382166264  
-0.3986018783  
0.3916731499  
-0.05757395244  
2.197322301  
1.598669736  
0.9767451275  
0.005961958548  
0.1968819561  
0.4844248787  
0.1162750359  
1.043080646  
0.4369841312  
0.4681817709  
0.3605042091  
0.5963248051  
0.3331524802  
0.3435233347  
0.2458962667  
1.525058193  
1.183206403  
0.2589432114  
1.366806511  
2.372188377  
1.714305232  
-0.01919495743  
-0.3774106934  
-0.1283446496  
-0.08856820286  
-0.1379296744  
1.30350607  
2.703526516  
0.2307671415  
2.357604541  
1.738803235  
0.80815912  
1.180801049  
0.316483293  
-0.127436056  
-0.7096311417  
0.07204391376  
0.4364202413  
0.4436936445  
0.4160519952  
-0.2512424322  
-0.2997817091  
-0.07678250079  
-0.4393647544  
0.117881816  
-0.7018184328  
2.869530358  
1.618139713  
0.3938815198  
0.3308469002  
0.04535511537  
0.4252147246  
0.1303556131  
3.029299045  
0.4130287103  
1.869931163  
3.002817073  
1.07999357  
2.1316562  
