0.7593579828  
0.7313884969  
-0.2161256771  
0.4369328365  
2.559158671  
-0.5103037358  
-0.1178567134  
-1.072258873  
-0.3694262428  
-0.9523770745  
-0.3284870256  
-0.8701491015  
0.2907355237  
-0.4835453369  
-0.104795709  
-0.4062036198  
-0.3706109323  
-0.3313997146  
-0.2720547807  
-0.3100949985  
-0.4332901017  
-0.3456550317  
0.5286673397  
1.367387783  
-0.3690086038  
0.0537207666  
0.3537239306  
-0.4423260861  
-0.4173911335  
-0.1253229519  
0.945977046  
-0.766477722  
-0.1475475556  
-0.2655715697  
-0.5900437012  
-0.194033782  
0.1107650749  
-0.269389416  
-0.4181876212  
-0.6251393189  
0.5113211128  
2.570323695  
-0.6243396498  
0.0176040824  
1.779727879  
-0.7121456874  
0.8799802459  
3.140615206  
-0.4755614016  
0.6521426241  
-0.4072782499  
-0.07792956514  
-0.8038720707  
-0.1901646505  
-0.2440427255  
-0.01778694481  
-0.2325824053  
-0.1258386275  
-0.718747476  
-0.1695211949  
-0.7021561074  
1.076021178  
2.665496654  
-0.7146956819  
-0.2215040803  
-0.08599084112  
1.839354878  
-0.9512017741  
-0.8994976411  
0.0557394802  
-0.6719763296  
0.8118859323  
3.465785743  
-0.6982380225  
0.04550163116  
-0.8909411681  
-0.2166657693  
-0.8206069394  
-0.09841040561  
-0.861180158  
-0.395134381  
-0.3441839985  
0.3268062221  
-0.7357256294  
-0.3665809347  
-0.6209599981  
-0.3371290628  
-0.5936990936  
-0.30557838  
-0.6225710239  
0.01450513674  
1.897601198  
-0.7559854225  
-0.1142125703  
-0.5563901478  
-0.5660836064  
-0.7005801096  
0.370103338  
3.300729883  
-0.8403982052  
0.2775869361  
-0.8954134949  
0.7864420456  
3.247635949  
-0.5613133841  
0.2420100542  
-0.6121759158  
0.1037392785  
-0.4620520725  
0.005059458757  
-0.02574985733  
-0.3148132053  
-0.2110483213  
-0.0997856743  
-0.476057593  
-0.9446044405  
-0.8401336242  
-0.2191821258  
-0.5663035024  
-0.21280001  
-0.008337506583  
-0.08888639128  
-0.3630658197  
-0.3193949259  
-0.5260893008  
-0.5635875636  
-0.5867663022  
-0.1910018176  
-0.4374723748  
-0.5038035704  
-0.6120615319  
-0.3655939326  
-0.3555215324  
-0.2839628283  
-0.5418708911  
-0.9975808258  
-0.3899618312  
-1.05395077  
0.51423192  
3.440415235  
-0.6273557961  
2.139662291  
2.683084531  
-0.378657587  
-0.6522563329  
-0.1936098461  
-0.5013700065  
-0.5250141327  
-0.9235797359  
-0.1647502555  
-0.8713906638  
0.5931727789  
2.89928464  
-0.8579336306  
-0.07950482716  
-0.9682426437  
-0.09937680941  
-0.08018237664  
-0.2934889242  
-0.3839759307  
-0.7813174052  
-0.6183693686  
-0.8820084545  
-0.9184334773  
-0.3287501369  
1.510576645  
-1.200366494  
0.598137051  
3.270547363  
-0.5641689893  
-0.5362489676  
-0.2281516956  
-0.08459078881  
-0.5333639979  
0.08669038338  
-0.3484785823  
-0.1353637806  
-0.4503669109  
-0.4037481724  
-0.6867995396  
-1.025987169  
0.3386062164  
-0.6448701074  
0.107282521  
-0.8241148855  
0.6466128687  
2.800619253  
-0.6092963051  
0.1068086289  
-0.8965436377  
0.7442776161  
2.881329726  
-0.6777604594  
0.3871810411  
-0.9846156664  
0.8442247939  
3.216772624  
-0.6443753598  
-0.02631797879  
-0.652789494  
-0.3554846105  
-0.3689722185  
0.314757677  
-0.4428962932  
-0.07885177201  
-0.3548835217  
-0.5771598156  
-0.2674490735  
0.06525068497  
0.6234818201  
-0.820079745  
-0.02278024798  
-0.8080613377  
-0.4133094715  
-0.2338891753  
0.2919988352  
-0.8473410756  
0.5049082402  
-0.06592800234  
1.065576419  
3.631977467  
-0.4946243491  
1.828851758  
0.2610031807  
0.06424373003  
