1.441123168  
0.2676459624  
-0.4307126629  
-0.4916943188  
-0.7132342678  
-0.861830877  
-0.5042821162  
-0.503710379  
-0.8245512904  
2.658557649  
-0.757432993  
3.264073186  
3.378622024  
0.0992718292  
-0.6806277954  
-1.039978093  
-0.03604668187  
-0.4163220665  
2.688152859  
0.2875011788  
-0.1607624359  
-0.2770865853  
-0.7639248015  
3.317148657  
-0.4459533395  
2.914689668  
0.2105187039  
-0.2929535761  
-0.651176532  
0.2349451512  
-0.4234479962  
-0.9574930747  
-0.6752118401  
-0.6806833393  
-0.6709526509  
-1.038963522  
-0.8168405704  
-0.8802274215  
-0.6655388299  
-0.7438743433  
-0.7587453906  
-0.7396115009  
-0.4712704726  
-0.7575499432  
-0.9603111835  
-0.7291961478  
-0.6406387505  
-0.6307840985  
-0.4760278626  
-0.5244973348  
-0.3816808527  
-0.6325212452  
-0.6471126334  
-0.5633068356  
0.8285216892  
0.6498247684  
0.472117626  
-1.106261408  
-0.6373349356  
-0.7087450671  
-0.5406468788  
-0.2340033705  
3.18685816  
0.07105565385  
-0.1743110944  
-0.3174505743  
-0.3541757683  
0.01899118393  
-0.5325268819  
-0.6611896475  
-0.9489807736  
-0.2733617014  
-0.3534705796  
-0.1956058159  
-0.3771559517  
-0.01371903343  
-0.2927618213  
-0.1167037179  
-0.6074679936  
0.1947888181  
-0.004497169302  
-0.1219152337  
-0.209954639  
-0.9063790747  
2.566364153  
-0.09950856419  
-0.486386569  
-0.5476892032  
-0.4158527425  
-0.2634355662  
-0.4963171657  
-0.4180634937  
-0.6764896467  
-0.4836629306  
-0.430733748  
-0.2842109988  
-0.3769240802  
-0.2407980309  
-0.2987211729  
-0.3426422454  
-0.2473177336  
0.177943919  
0.1963016083  
0.1340774868  
0.3566629  
0.198057297  
-0.3415330469  
-0.3482894659  
-0.2533034314  
-0.1005517313  
-0.4492661683  
3.222896764  
0.1622761279  
-0.1926447864  
-0.1233112215  
0.1413017611  
-0.2295786315  
-0.8486886172  
-0.1882457409  
-0.1053502584  
0.1050289721  
0.07044846434  
2.123078912  
-0.3453696797  
0.08357033323  
0.2462219975  
0.156048056  
-0.2617843728  
-0.5159520582  
-0.421174404  
-0.560857611  
-0.2579877739  
-0.2591420431  
2.991772248  
3.115287891  
0.5990479119  
-0.2599309258  
-0.3335733751  
-0.4690266174  
-0.5691378279  
-0.498367018  
-0.9765756615  
-0.5222281475  
-0.686380929  
-0.7192427291  
2.322602423  
-0.128426506  
-0.4075770175  
-0.5986705333  
-0.2922340847  
-0.507794014  
-0.3055129367  
-0.03343176555  
1.303250791  
-0.02280670518  
-0.6489314301  
-0.6198198281  
-0.3754787521  
-0.2759629378  
1.873497839  
0.04068792628  
-0.4892075219  
-0.2438778811  
-0.4146410818  
-0.1021809171  
-0.3242327153  
-0.5769316301  
1.784696489  
1.195766617  
0.0654758326  
0.1897606007  
-0.1333278884  
-0.8624557966  
-0.9038020115  
-1.842920623  
0.2982751431  
-0.4348610351  
1.440531384  
0.816101968  
0.1006113411  
-0.1498833073  
1.987366643  
0.07596995697  
-0.3095687974  
-0.2081197209  
-0.03146423599  
3.719439092  
0.3057576719  
-0.009475353533  
0.2603652433  
0.1951336067  
-0.024578374  
0.6419282066  
-0.2833797032  
0.2048752457  
2.713864037  
0.1688253688  
-0.7252228727  
-0.401829835  
-0.4695525835  
-0.1596207208  
-0.1124365533  
-0.1877228592  
-0.3200890198  
-0.5061328245  
-0.168316639  
-0.2721071026  
0.02492261693  
-0.4953081685  
-0.6043264553  
-0.2643522265  
-0.2689490392  
2.593119249  
0.3881744301  
-0.3484496388  
-0.4514230877  
3.549073809  
2.856283853  
0.3270795108  
0.03644923831  
-0.1911242276  
-0.4521355986  
-0.4375171704  
-0.4318303262  
3.555039251  
0.3509169258  
-0.5476126122  
-0.5505770047  
-0.5266958424  
-0.1975943526  
-0.3547015287  
0.05919029151  
-0.9483064212  
-0.5418737332  
-0.6818915985  
-0.353464295  
-0.4126871258  
-0.2954227042  
-0.3006800953  
-0.2710566651  
1.931046766  
0.004506778841  
-0.1891269248  
-0.7540313605  
-0.8536350972  
-0.3566660435  
-0.1787179492  
-0.1058890243  
-0.2741985392  
-0.5577173219  
-0.7554349333  
-0.03601300987  
-0.2167898987  
-0.4978013742  
-0.4897138174  
-0.04329318815  
-0.273116537  
0.9048526981  
-0.2693024318  
-0.2492237153  
-0.4423561899  
-0.3500804213  
-0.1945458507  
3.770529309  
-0.03290727938  
