5624.924991  
5733.142103  
5621.605702  
5681.919093  
5424.838924  
5693.136598  
5528.303289  
5483.867892  
5703.726076  
5478.802913  
5451.299338  
5504.026778  
5348.679446  
5608.005612  
5482.581697  
5620.133211  
5522.482542  
5498.654853  
5708.065492  
5489.633668  
5583.388452  
5513.415189  
5793.888392  
5511.527624  
5471.750912  
5405.835  
5298.630879  
5486.74545  
5393.082901  
5515.320562  
5496.449656  
5386.790261  
5561.751764  
5475.66101  
5529.135318  
5450.036226  
5555.37395  
5510.051522  
5479.012262  
5529.860906  
5609.900315  
5582.109338  
5470.365396  
5618.414133  
5624.389222  
5742.695521  
5603.015125  
5490.838223  
5670.625298  
5509.309971  
5546.217925  
5524.432232  
5388.385139  
5425.880338  
5305.33158  
5264.3184  
5673.486883  
5441.318375  
5348.979278  
5395.717386  
5399.331195  
5503.902593  
5347.327613  
5545.785082  
5456.374984  
5351.666988  
5548.517168  
5448.276297  
5395.586136  
5623.308808  
5332.624041  
5479.038837  
5395.121337  
5534.989785  
5519.588959  
5523.978078  
5362.964365  
5606.368108  
5548.554386  
5325.35564  
5478.288417  
5243.668095  
5454.572509  
5428.979621  
5516.596119  
5451.217729  
5581.57182  
5405.132437  
5341.075748  
5503.535357  
5491.185994  
5470.587116  
5423.680456  
5583.91891  
5348.745092  
5484.036434  
5375.531927  
5242.133544  
5342.535808  
5563.626976  
5574.283888  
5516.667041  
5523.697795  
5508.919686  
5512.347168  
5270.281087  
5395.199347  
5354.051382  
5221.596758  
5064.872759  
5597.542058  
5465.802456  
5309.404855  
5491.296003  
5614.431306  
5461.81962  
5388.424169  
5362.811763  
5172.930203  
5354.051371  
5554.604014  
5348.670585  
5651.727794  
5447.722796  
5465.128255  
5624.692608  
5443.264539  
5382.920988  
5611.454399  
5513.27328  
5467.688266  
5328.463805  
5390.955812  
5400.440002  
5440.370995  
5320.633019  
5527.708947  
5711.455757  
5290.409787  
5393.130817  
5367.078436  
5346.930215  
5461.502087  
5449.542967  
5529.860906  
5421.975574  
5571.370833  
5495.039292  
5693.345946  
5360.581745  
5408.286785  
5519.340639  
5511.607424  
5565.810872  
5499.572056  
5494.226753  
5629.768222  
5539.08793  
5280.480268  
5285.839774  
5475.542167  
5428.250471  
5068.138857  
5531.785794  
5636.071528  
5516.874644  
5641.872775  
5543.881466  
5641.604889  
5626.553606  
5614.716968  
5386.477979  
5522.778814  
5594.543867  
5324.990133  
5537.565739  
5606.701641  
5472.114608  
5362.918245  
5485.865522  
5675.415315  
5603.471059  
5549.893843  
5650.399007  
5189.938354  
5110.397434  
5736.413494  
5414.18734  
5457.011896  
5795.23135  
5409.830197  
5588.554604  
5506.664829  
5564.033252  
5614.779038  
5277.391584  
5692.893564  
5400.828518  
5528.388466  
5526.348213  
5613.421865  
5598.331535  
5619.535374  
5471.750908  
5407.030713  
5630.86815  
5580.069132  
5796.368534  
5636.60023  
5491.265792  
5227.02727  
5354.356508  
5613.734085  
5730.378091  
5362.373574  
5478.687588  
5478.566949  
5563.953415  
5452.835724  
5523.868078  
5262.688051  
5609.039891  
5436.434321  
5693.305147  
5614.857101  
5455.713258  
5603.047054  
5460.292152  
5726.645434  
5465.037796  
5532.353516  
