-0.01065725445  
-1.53583673  
1.091654802  
0.5019076175  
1.651432812  
-0.7915190116  
-2.424236859  
-0.8751647337  
1.809842002  
-0.7421467026  
-1.937924459  
-1.004473963  
-1.342192813  
0.1245971568  
-1.411557878  
-2.62302855  
-0.7479476062  
1.160838745  
0.4719122636  
0.5730990214  
-0.03050852828  
0.2656642489  
1.068456163  
0.2335193032  
0.6253864593  
0.4597986361  
0.2341186486  
0.1984371846  
0.1804117013  
0.9627582656  
0.8071832831  
0.9172559332  
1.102771742  
0.7668545478  
1.149550156  
-0.8586104156  
-2.252559699  
0.9781542756  
0.7314474458  
-0.2233268619  
-2.337219801  
-1.399428836  
-1.622656191  
1.715196761  
-0.972663041  
-1.433762386  
0.7299291395  
0.7413390987  
0.3798694848  
0.1952686314  
0.240424774  
1.305920667  
0.3112012172  
0.6998154086  
0.269768374  
0.5764402427  
-0.3785957824  
-0.8328837871  
0.7432226966  
1.174059507  
-0.5196266305  
-1.097645676  
0.680247823  
-2.322684649  
0.7728406583  
-0.2718429376  
0.7811862875  
-0.6200750571  
0.04893541931  
0.05618554378  
-1.591493189  
-2.213984906  
-1.344743088  
1.142420123  
0.04828275951  
0.6434809659  
0.672455989  
0.5044243475  
1.03456764  
-0.5120973774  
-1.009381089  
-0.07270706699  
-1.939256425  
0.7182379637  
-0.6793176583  
0.2785727279  
0.5248114691  
-1.105164413  
-1.167213449  
1.335319009  
1.055216562  
-0.1284879004  
-1.545583356  
1.30333056  
0.465535097  
-0.1218990168  
-2.356797195  
1.684646897  
-1.360946971  
-0.7786292457  
1.22905554  
0.7341209304  
0.2547208568  
1.644528287  
-1.393701645  
-0.6506217746  
0.8233934693  
0.003971942034  
0.09916524732  
-1.453939696  
1.816144147  
-0.6318688121  
-1.788212667  
-0.899660899  
0.09858602905  
0.5758551862  
-0.3379660385  
0.5363705618  
0.4372062581  
-0.05133529199  
-1.845408625  
1.350349684  
-0.6521161501  
-0.5349965642  
0.7358129597  
0.7829802239  
0.2683678025  
-0.7158797306  
0.8758016825  
-0.694541451  
0.7180149301  
0.5122330666  
-0.0227119322  
0.2108105337  
0.444638259  
0.1561357645  
-1.574246596  
0.8512777444  
0.7659010435  
0.9620295354  
0.7318391368  
1.314861397  
1.16489203  
0.9164471998  
-0.2040554925  
0.8257063345  
-1.971825116  
-1.221873172  
-0.1318575565  
0.769753385  
-0.1478892906  
-0.5651140725  
0.4541347634  
-0.2862675618  
-0.01889173586  
0.03257788591  
-1.262627135  
-1.060538871  
1.314379816  
-0.5179088584  
1.039424068  
0.5316645081  
1.157027274  
-0.7004949978  
-0.5602419959  
1.020819798  
0.01036790118  
1.224149139  
0.1050903842  
-0.278988221  
-0.1777224003  
-1.349282683  
1.798047328  
0.154720886  
-0.1777517673  
-0.4897913433  
1.027362528  
-0.3457293219  
0.06022017447  
1.272187259  
0.4320997274  
-1.418929104  
0.590545442  
-1.251756754  
0.9740325661  
-1.174794645  
1.623417103  
-1.0465184  
-0.6352898055  
-0.4846781429  
-0.5879291665  
0.53519359  
-0.5940762434  
1.250996517  
0.5872209542  
0.05644414213  
-1.576914073  
0.9456342284  
-0.06498500056  
0.789676102  
-0.9830628922  
-0.7553478297  
1.234086957  
1.289566446  
-0.02569543767  
-1.497163443  
1.41628914  
0.7280541401  
0.3801222865  
-0.5536619292  
1.372192252  
-0.07484133042  
-0.8442442384  
-0.003269875793  
0.4142975814  
0.008375549717  
-0.467186121  
0.9023923274  
0.1959417024  
-0.03429957021  
-2.203406028  
1.222848039  
-0.5739779909  
-0.8044970524  
0.7380253245  
0.5897266528  
0.04392870796  
0.2633993533  
0.3027880296  
-1.458748081  
1.664392922  
0.8926408596  
0.3126356038  
-1.789197409  
1.151768773  
0.8712172713  
0.540399319  
-2.505567745  
0.1692445812  
-0.2480758354  
-1.287607595  
1.33565309  
0.0390600611  
-0.2038733646  
0.2194539118  
0.9513404484  
0.1477972341  
-0.1607629049  
0.6828186906  
1.142287119  
0.517129149  
0.2086834224  
0.6904369861  
0.7209405165  
-0.7592176625  
0.1919599945  
-0.6143070399  
-0.3541109134  
0.3768507806  
1.759814354  
-0.4868842451  
-1.401657604  
-0.4152462909  
-2.288267733  
-1.292582943  
