6060.105329  
6260.831436  
6086.382254  
5898.943908  
5946.868866  
6233.190054  
5973.511388  
6034.173984  
5986.524064  
6093.866699  
6120.416881  
6013.562837  
6018.649593  
5859.039024  
5977.392901  
6210.161312  
6073.280878  
6145.298651  
6217.696417  
6003.901496  
6063.442217  
5912.456047  
6165.184154  
6085.236805  
6180.730272  
5973.761083  
5952.185426  
6250.40825  
6258.598419  
5962.503659  
5956.763699  
6087.297879  
6189.879502  
6037.366081  
6101.789026  
6251.481329  
6133.060461  
6199.515549  
6094.872804  
5961.750895  
6087.370298  
6175.178456  
6030.299696  
6103.099191  
5955.165835  
6054.837595  
6134.182366  
5882.556349  
6112.331683  
6268.178337  
5925.676878  
5901.960469  
5868.647877  
6138.907188  
5997.491962  
5970.074964  
6188.822723  
6085.475638  
5934.259713  
6109.769319  
6192.604759  
6000.48862  
6041.236805  
6136.875062  
6050.141738  
6190.402486  
5856.123728  
6252.836692  
6146.002562  
6301.423976  
6073.548723  
6054.464824  
6067.584305  
5971.120905  
6080.041477  
6266.712593  
6056.56577  
6078.573898  
6116.137223  
6073.336982  
5764.667442  
6271.741402  
6154.190932  
6128.308473  
6126.319741  
6083.510448  
6105.837097  
5916.599989  
6098.582453  
5926.042401  
6114.597277  
6124.32195  
5940.538973  
6012.795609  
5949.507258  
5864.956323  
6109.573867  
5934.478638  
6199.416004  
5960.359313  
6118.158522  
6119.104916  
6057.430742  
6195.489215  
6153.047247  
5866.883526  
6128.782602  
6050.54166  
5970.831358  
5984.864672  
6089.550812  
6128.208934  
6063.038642  
6069.026538  
6031.065142  
6142.593332  
6060.568595  
6068.101876  
6026.070676  
6156.749681  
6200.503556  
5994.726901  
6323.774126  
6086.458288  
6183.824662  
6181.624204  
6056.936741  
5883.967789  
6302.388479  
5810.844396  
6052.678773  
5809.610248  
5950.488046  
6049.231506  
6028.596864  
5759.001648  
5941.523352  
6131.572946  
5962.237674  
5999.272593  
6006.246734  
6186.848479  
6239.789605  
6186.995035  
6096.87964  
5537.975652  
5974.586239  
6172.679413  
6101.497697  
6070.179279  
6019.907246  
6145.796284  
5971.933415  
6192.559526  
6159.511096  
6119.072365  
6094.970532  
6076.487478  
6036.575296  
6184.130459  
6010.113808  
6140.651638  
6204.466567  
5984.453948  
6217.721756  
6301.192373  
6030.893238  
6236.675297  
5951.573808  
6217.25847  
6023.569822  
6206.087961  
6127.539415  
6055.628397  
6139.647317  
6243.055884  
6085.119216  
6241.448983  
6176.063356  
5960.755638  
6223.908719  
6256.264036  
6055.794883  
6187.731539  
5983.223401  
6071.800645  
6172.004484  
6301.731611  
6192.090828  
6210.096162  
6182.44396  
5943.595363  
6163.879439  
6086.230253  
6218.610247  
6285.101539  
5962.724446  
6223.088945  
6028.631266  
6191.048515  
5964.148589  
6180.006433  
5952.558211  
6104.161421  
5833.283205  
5963.006743  
6233.246125  
6115.306623  
6102.885647  
6068.579555  
6212.551783  
6070.595458  
6017.694124  
6073.212132  
6160.082924  
6064.949536  
6225.866651  
6067.577071  
6234.891084  
6092.618051  
6138.572413  
5939.471287  
6144.987414  
5951.655211  
6058.098487  
6185.674038  
6025.124284  
6078.394763  
5944.847573  
5771.078792  
5983.565414  
