6025.718789  
5802.765831  
5556.079172  
5925.731484  
5901.743436  
5887.282155  
5896.309685  
5743.380027  
5652.022021  
5794.179584  
5834.674509  
5896.178812  
5603.565371  
5706.398529  
5850.958844  
5687.515115  
5941.110832  
5849.984645  
5910.40824  
5830.951656  
5510.930289  
5844.373288  
5935.009577  
5758.02456  
5998.729636  
5689.585048  
5661.732031  
5870.438726  
5735.7549  
5851.203798  
5870.160094  
5795.460438  
5811.918655  
5774.759522  
5791.666541  
5843.159792  
5691.271628  
5821.017269  
5795.056524  
5803.104286  
5878.439729  
5693.068511  
5649.393035  
5577.481227  
5869.492596  
5708.947135  
5724.500368  
5672.48547  
5786.008386  
5773.510474  
5773.508602  
5761.545469  
5905.840206  
5772.727027  
5725.244534  
5886.38839  
5753.280783  
5732.149846  
5671.556158  
5769.320174  
5469.087194  
5757.067208  
5802.307732  
5540.626871  
5689.433535  
5620.307841  
5729.937798  
5647.8878  
5722.9746  
5695.29363  
5565.757404  
5848.643969  
5624.486914  
5859.223491  
5792.2705  
5627.716118  
5800.802513  
5845.134359  
5823.812669  
5794.921889  
5689.603732  
5677.453567  
5810.205889  
5757.744096  
5616.304569  
5836.261944  
5671.155995  
5909.477031  
5673.302573  
5723.200857  
5773.024311  
5791.71891  
5749.255054  
5609.793796  
5816.127648  
5737.441455  
5899.942774  
5745.664975  
5818.773438  
5690.467571  
5550.11815  
5719.436897  
5840.652357  
5603.484998  
5837.578349  
5659.368575  
5782.040623  
6056.137168  
5736.156894  
5723.709422  
5652.872821  
5856.463593  
5577.671951  
5839.272412  
5661.717093  
5793.4597  
5753.07695  
5548.891528  
5590.590645  
5747.755455  
5949.235225  
6055.688389  
5823.494771  
5901.16002  
5832.006246  
5989.945153  
5916.70208  
5864.732004  
5937.696505  
5825.299188  
5800.196684  
6012.381252  
6104.864954  
6055.028379  
5955.218709  
6039.63966  
5812.111239  
6044.097335  
5883.119921  
5968.589832  
5983.789699  
5772.384857  
5859.427289  
5928.564264  
6098.279377  
5982.460259  
5826.437893  
5797.556504  
5933.633388  
5935.306878  
5775.499977  
5677.870549  
6139.127708  
6007.628169  
5755.75647  
6089.435107  
6163.585056  
5957.084778  
5967.198678  
5844.943604  
6129.249379  
5962.913041  
5934.856237  
5964.823993  
5716.936907  
5860.900735  
6005.692859  
5982.58743  
5911.249658  
5856.568346  
6018.542364  
5952.041835  
6064.098917  
6131.416496  
5956.136783  
6042.421937  
5962.329646  
6114.717075  
5931.97671  
6058.539911  
5916.245854  
5879.312963  
6117.476926  
5979.956555  
5761.149046  
5857.454637  
6026.87992  
5993.456712  
5901.719102  
5798.908402  
5926.752399  
5651.980905  
5983.853257  
6080.08408  
5713.114981  
5907.294955  
5747.794733  
5691.830689  
5859.245903  
5670.344476  
5931.333482  
5689.418617  
5859.597475  
5857.596734  
5710.628099  
5766.4575  
5726.473022  
5925.744588  
5784.927653  
5772.439074  
5809.957214  
5796.417784  
5681.937434  
5909.996849  
5743.626852  
5881.936333  
5817.803028  
5972.172427  
5836.994932  
5856.24489  
5852.542578  
5976.215005  
5931.268018  
5876.764361  
6006.930697  
5805.877245  
5989.853551  
5941.247315  
5890.118683  
5862.892125  
5821.103257  
5776.044099  
6010.131869  
5971.996677  
5996.562492  
6011.962412  
5866.586885  
5868.525885  
5979.614365  
6051.419566  
5921.823526  
5954.457685  
5948.801427  
5748.598755  
6055.409798  
5829.941976  
5986.880552  
5815.542387  
5860.053719  
5953.425536  
5957.91686  
5862.374125  
5754.318575  
5949.360531  
5699.899013  
5945.594676  
5771.95104  
6096.157137  
5576.42105  
5564.113834  
5645.589791  
5955.768417  
5730.347341  
5917.504223  
5644.411816  
5866.685994  
5808.315511  
5612.553633  
5694.336239  
5517.040864  
5895.70388  
5509.181979  
6014.668099  
5525.802878  
5888.940735  
6037.139682  
5791.756276  
5709.289286  
5824.381066  
5888.566743  
5928.296887  
5881.633418  
5784.312444  
5807.93779  
5910.686811  
5531.726526  
6002.54223  
5766.911856  
5345.059502  
5921.219596  
5700.396379  
5777.940101  
5861.242925  
