-0.0335806477  
-0.192777033  
-1.195342217  
1.012754004  
0.0329223285  
1.213867062  
0.7073524577  
1.079946886  
0.09472951332  
0.5679475356  
0.1726731612  
0.7617080511  
0.1809685442  
-0.5323171969  
1.357958662  
-0.6137074156  
-0.4038796323  
-1.105900565  
0.2476412066  
1.810154879  
1.565937634  
0.7742037471  
0.327438474  
0.8252269573  
1.433416838  
0.484202662  
0.1505836645  
0.3331529256  
0.09673928435  
1.941555003  
0.5562486278  
-0.1656681719  
-0.6500504078  
-0.5632199784  
0.2855053928  
0.0936856241  
0.2675765854  
-0.5274592022  
1.371895666  
-0.2968264612  
-0.2155208997  
1.748908565  
1.254282165  
-0.07516307627  
1.515464726  
0.3634026003  
0.09838414078  
-1.956513821  
-3.949287642  
-0.1601268306  
0.8602837349  
0.1327883635  
-1.862115876  
-0.5317251843  
-0.5599715371  
-0.29586065  
-0.7598762003  
1.072432758  
-1.040400145  
0.7951818737  
0.2111619673  
-0.2217387748  
0.2408815672  
0.05131958227  
-2.415689553  
-1.651803525  
0.2971714451  
1.255695183  
1.106485952  
0.996010277  
-1.037707657  
0.4408539182  
0.01644588193  
1.655256539  
-0.3745469774  
-0.7184217762  
1.004249948  
1.485500727  
2.067569656  
-0.1630160748  
0.4213328429  
0.1566458675  
0.6468078165  
1.907361341  
1.251430019  
0.5852125136  
-1.60751197  
-0.1268268466  
1.445416511  
-0.423389224  
-0.3857164736  
-0.1064488973  
1.156671869  
1.053973582  
-0.2303734958  
-1.271503264  
-0.02796211127  
-0.3875241434  
0.440987  
0.4797360855  
-0.3882901113  
-1.329545747  
-1.800686745  
-2.281529287  
-0.693684652  
-0.03637052377  
-1.824415102  
0.1009756465  
-2.127027214  
0.1142787349  
0.3101593655  
0.8646434143  
0.5001887813  
0.707672911  
-0.4290133739  
0.2564868383  
1.30378972  
2.037598681  
-0.2902198575  
-0.01514396643  
-0.4627552257  
-0.2287328514  
-0.4184414308  
-0.7680562729  
-2.195781675  
-1.530246827  
0.3364083592  
-1.963301899  
-0.1658234178  
1.13641684  
-0.933086727  
-0.4836093951  
-1.456735393  
1.26584749  
1.49153118  
1.247093569  
0.374551562  
0.7231933857  
-0.4405012966  
-0.3285570716  
-0.5360253293  
-0.5281886423  
1.517110912  
0.5990342303  
-0.219346603  
1.18036032  
0.3558955531  
-1.056443381  
0.1370484274  
0.9832003482  
0.4179499285  
-0.2210262405  
1.033353537  
0.7352731612  
-0.495722416  
-2.297206229  
-2.061042804  
-0.6567644024  
0.7098041736  
-0.7201236476  
-1.008449895  
-0.2139238702  
0.1452515091  
-1.39828929  
1.397066602  
-0.5255307937  
-0.30827456  
-0.2564916208  
-1.001465064  
-1.443152878  
-0.3861194283  
0.2320925246  
-0.6613209393  
0.3745209397  
0.08806705858  
-0.8818352247  
0.5540247307  
-0.07443613011  
0.7121482702  
-1.037023551  
0.5323110406  
-2.032616188  
0.7919617401  
-0.5199754998  
-0.620627512  
0.852024152  
-0.4967821074  
-0.2313590229  
0.2677981344  
-0.9585047573  
-1.238550623  
-0.4029753955  
1.621841743  
1.051622923  
0.3003549281  
1.611244032  
-0.7757455736  
-1.330511622  
-1.328012296  
-1.023965077  
0.7583671525  
0.03901676491  
0.03789569309  
-0.7624010051  
0.5224486714  
1.15727343  
-0.2615371266  
-0.4054103285  
1.329860546  
-1.629091938  
-1.460123407  
0.9061935115  
0.9113649658  
-0.9604649287  
0.9296130294  
-0.5624533179  
0.59636274  
0.2123651416  
2.225060419  
0.3444070025  
1.018485509  
-0.04422638555  
0.6402297875  
-0.1111787942  
-0.6730578039  
-0.1768033783  
-1.277879182  
0.4637733686  
-0.9942247414  
0.5338781902  
-0.8888427111  
-0.09232071002  
-0.08844574943  
-0.2923529477  
-0.7851455849  
1.047393608  
1.229638793  
0.002778183635  
0.4464505072  
0.1659872019  
-0.4358153464  
0.9732555792  
0.6531622434  
-1.220121535  
0.7049576018  
-0.3682201996  
1.023046066  
0.2781186017  
-1.022469679  
1.348799045  
0.9415519752  
1.033337268  
-0.1980602911  
-0.9136170265  
0.9968962525  
1.30248504  
-0.7095846362  
-0.759326029  
-1.186876604  
0.7361030489  
1.048157102  
-0.5015173252  
-0.07166787951  
0.9316509436  
-2.09911864  
-0.3653840551  
0.574454035  
0.1267840669  
0.3022313099  
-0.1252080233  
-0.3108271362  
-0.2802344048  
-1.030220085  
-1.462866798  
-1.078370375  
0.9859836785  
-0.09216214122  
0.08652217623  
0.913447688  
1.31052812  
0.859302451  
0.3851475064  
1.089694651  
1.254482444  
-2.205874913  
0.2500236248  
0.4964335938  
-0.5630182738  
0.2396105037  
-0.2577855358  
-0.1610062667  
-3.404423021  
-2.633916136  
