6921.315011  
6599.674307  
6472.972746  
6813.947476  
6800.331389  
6812.182366  
6816.151972  
6679.845137  
6539.256353  
6749.290613  
6744.900241  
6840.830059  
6568.055471  
6631.287535  
6747.974279  
6775.268164  
6893.179649  
6845.39801  
6735.932543  
6712.107171  
6529.714638  
6744.292586  
6946.191229  
6678.708267  
6925.387452  
6750.706109  
6562.990106  
6844.362145  
6785.901879  
6738.9355  
6815.471382  
6710.710424  
6789.276904  
6643.076777  
6703.18622  
6826.652978  
6534.493905  
6789.396584  
6881.910174  
6813.558537  
6840.702886  
6679.813344  
6662.622125  
6531.26097  
6875.623792  
6656.52833  
6626.495152  
6657.481976  
6647.268952  
6787.201413  
6620.408853  
6712.862589  
6839.429516  
6574.377416  
6646.236814  
6764.628846  
6678.940124  
6851.949937  
6709.986793  
6576.24909  
6295.538954  
6647.814967  
6770.485163  
6376.296933  
6580.347738  
6618.107109  
6788.637479  
6631.446431  
6707.589675  
6608.688764  
6554.422569  
6756.640932  
6586.684592  
6749.580452  
6661.868588  
6571.744652  
6793.932814  
6861.712293  
6755.300268  
6798.334368  
6687.352508  
6588.20289  
6703.072157  
6649.91288  
6518.334817  
6845.147469  
6626.289459  
6748.307104  
6679.620726  
6671.412191  
6797.401338  
6774.694138  
6733.628928  
6566.759661  
6831.327518  
6726.469351  
6897.472771  
6726.64324  
6738.941095  
6719.981033  
6594.040492  
6671.053186  
6811.922431  
6530.09796  
6801.191484  
6458.782573  
6286.124379  
7086.781863  
6831.378023  
6717.037938  
6552.479788  
6667.255579  
6562.098195  
6719.852041  
6616.037154  
6740.149037  
6741.040932  
6541.971331  
6483.369026  
6658.18878  
6891.384602  
6918.457897  
6734.234749  
6801.741238  
6807.642411  
6770.582403  
6869.975053  
6774.447318  
6835.134513  
6798.145541  
6694.001613  
6976.600232  
7039.93886  
7040.286662  
6846.110406  
6910.987908  
6713.103829  
6836.187243  
6787.616532  
6900.262565  
6848.986223  
6619.144835  
6888.774346  
6876.074468  
7015.272072  
6874.176555  
6704.558699  
6670.120137  
6779.314476  
6919.87335  
6761.081773  
6679.654384  
7059.465519  
6784.787467  
6690.222691  
6824.199732  
6939.259719  
6717.043547  
6730.455841  
6666.273936  
6934.600142  
6941.841972  
6687.019662  
6817.079434  
6734.5302  
6762.70288  
6872.76296  
6803.22586  
6840.886137  
6747.183339  
6843.991909  
6827.219499  
6828.853739  
7012.738454  
6878.508951  
6996.136225  
6852.477197  
7058.934475  
6961.344332  
6840.342013  
6840.899188  
6829.68957  
6954.223997  
6827.298054  
6571.187446  
6800.866135  
6827.374716  
6828.868718  
6841.170332  
6658.936695  
6842.030435  
6566.224915  
6800.075201  
6847.247282  
6554.422554  
6789.261985  
6637.15875  
6541.331876  
6687.395518  
6514.776529  
6793.457872  
6504.939354  
6658.164465  
6683.27255  
6611.067186  
6685.980054  
6634.178293  
6793.278363  
6652.994392  
6666.795589  
6682.773317  
6728.034407  
6618.712928  
6917.281771  
6593.883454  
6834.75307  
6750.074086  
6944.871113  
6672.648175  
6761.625877  
6789.802378  
6920.26602  
6857.331304  
6759.196972  
6855.328699  
6787.02191  
6887.484157  
6770.614157  
6836.983793  
6717.602634  
6622.880766  
6599.249837  
6912.880149  
6717.140769  
6926.926338  
6860.88581  
6746.670978  
6806.716816  
6845.659791  
6870.73235  
6801.587859  
6788.422381  
6751.670906  
6563.638919  
6921.225218  
6650.157867  
6808.448308  
6668.614946  
6865.481811  
6888.725714  
6818.814644  
6843.18415  
6585.168161  
6822.89088  
6517.872969  
6880.835019  
6538.315811  
7075.729268  
6736.467316  
6398.519852  
6440.490044  
6676.361657  
6699.603634  
6827.679493  
6582.127821  
6682.429248  
6813.594057  
6580.974133  
6660.045492  
6317.288847  
6917.236904  
6483.771023  
6867.258168  
6201.952115  
6859.647996  
6903.833928  
6791.464624  
6671.34674  
6734.313303  
6762.263512  
6850.799974  
6736.8338  
6811.46996  
6777.001512  
6786.32074  
6500.865028  
6879.883287  
6584.205224  
6404.516421  
6853.00263  
6696.813852  
6614.288903  
6755.130095  
