6753.295047  
6419.390426  
6475.197451  
6321.676769  
6316.855612  
6369.208597  
6363.74723  
6224.201223  
6442.067548  
6406.160217  
6398.129471  
6412.836203  
6412.180593  
6552.68403  
6697.160661  
6486.848559  
6442.287478  
6298.708967  
6453.945198  
6464.211467  
6539.219706  
6430.682496  
6531.612363  
6433.189385  
6562.19373  
6371.392577  
6674.454355  
6607.822639  
6596.870145  
6495.378274  
6498.21898  
6281.503583  
6591.089793  
6192.162488  
6000.555547  
6912.998547  
6308.904176  
6484.839692  
6351.205793  
6440.523713  
6358.945942  
6561.778398  
6441.847357  
6565.641212  
6757.590856  
6792.687951  
6458.626299  
6584.159124  
7006.914347  
6648.171497  
6688.833512  
6683.867546  
6564.701912  
6497.934784  
6321.575363  
6912.957852  
6585.043947  
6615.431472  
6366.760787  
6299.073674  
6644.032288  
6859.241117  
6566.822541  
6517.687878  
6436.487807  
6668.646935  
6577.92807  
6602.54976  
6577.340093  
6634.708777  
6405.874913  
6771.216881  
6660.903389  
6677.64883  
6582.698626  
6650.115407  
6630.949497  
6635.060106  
6804.073737  
6697.49544  
6585.002991  
6644.509208  
6639.098438  
6660.175444  
6642.135746  
6641.726419  
6559.863501  
6535.515162  
6481.347133  
6898.31746  
6674.144335  
6534.14744  
6581.904531  
6444.871639  
6527.55429  
6573.030755  
6550.790566  
6551.911138  
6500.78674  
6499.148331  
6507.610157  
6959.717983  
6577.392572  
6522.774538  
6454.182624  
6770.674958  
6800.218995  
6584.658514  
6785.441544  
6412.795446  
6527.652598  
6136.350489  
6246.196027  
6738.238653  
6415.275491  
6801.992576  
6803.55708  
6266.410282  
6101.526997  
6699.308536  
6381.568623  
6349.222102  
6329.809622  
6305.25308  
6489.881584  
6546.552842  
6352.656897  
6287.579353  
6383.377966  
6371.612537  
6620.134984  
6349.877052  
6335.978456  
6056.436264  
6173.910103  
6740.798159  
6487.652573  
6317.563031  
6606.039668  
6520.138426  
6400.629145  
6327.966484  
6345.650311  
6173.116977  
6399.822445  
6162.330607  
6382.864214  
6584.86423  
6280.30966  
6345.476962  
6298.189862  
6766.857088  
6429.544925  
6720.180143  
6664.158445  
6363.499506  
6518.602844  
6719.772162  
6713.105957  
6713.627486  
6356.688327  
6438.224386  
6325.692554  
6479.385264  
6319.119453  
6407.306954  
6359.500426  
6427.102541  
6224.143786  
6317.262506  
6476.77485  
6380.034121  
6446.788239  
6497.016729  
6517.718478  
6458.084167  
6387.215865  
6447.654639  
6471.151886  
6491.432492  
6324.900688  
6447.842356  
6336.502663  
6488.613612  
6617.881879  
6507.529393  
6332.855419  
6549.721701  
6714.651801  
6648.105009  
6650.316053  
6197.855203  
6320.849224  
6048.703445  
6136.431372  
6459.948911  
6250.892212  
6403.955707  
6420.834914  
6283.273467  
6294.498785  
6004.644412  
6517.685987  
6396.595607  
6178.277267  
6261.860109  
6277.944319  
6219.082737  
6286.145832  
6334.010129  
6399.239294  
6714.555067  
6321.055662  
6335.024567  
6313.128394  
6429.890892  
6258.904192  
6540.711724  
6542.050315  
6633.750778  
6637.359082  
6714.792805  
6178.294855  
6391.052548  
5733.789496  
