6141.255581  
6165.773098  
6004.194158  
6190.782264  
6125.154888  
6138.620396  
5936.203781  
6174.745048  
5783.636976  
5967.832977  
6096.72088  
5957.294175  
5960.835199  
6110.157941  
5929.612243  
5876.092711  
6319.178104  
6039.30985  
6007.732775  
6052.69367  
5947.803326  
6058.680229  
6003.581066  
5987.497101  
5528.515437  
5694.560849  
6174.267415  
5895.92552  
6105.374586  
5903.645447  
5912.438224  
6051.311411  
6118.365056  
5998.906921  
6107.433238  
5981.983165  
6090.942534  
5867.13284  
6061.364542  
5818.817297  
5829.853564  
6087.622762  
5923.805822  
5887.262767  
6014.912272  
6006.386513  
5980.357519  
6041.190565  
6017.300174  
6049.364459  
5997.23622  
5974.747979  
5954.263782  
6035.727755  
5999.197101  
5997.051737  
6069.563011  
6067.129606  
6093.977813  
6009.284017  
5906.165968  
6111.627357  
5998.480528  
5806.072406  
6316.037408  
6115.461645  
5778.352562  
5630.626716  
5945.732013  
6396.24232  
5809.025881  
6302.006084  
5776.576339  
6112.412022  
6026.192208  
6024.624172  
5919.970373  
6056.411794  
5841.053648  
5979.462509  
6202.785975  
5673.615257  
5904.782111  
6080.887694  
6439.253662  
6133.129292  
6147.941452  
6088.785405  
6087.398632  
6100.402893  
5709.900127  
5812.274233  
6426.373422  
5649.731889  
5874.760611  
5987.400822  
6063.87131  
6161.492047  
6096.981448  
6000.703618  
5928.694802  
6178.212559  
6031.195648  
6132.556624  
6000.114102  
6276.353828  
6149.541814  
6412.664173  
6011.039238  
6140.50267  
6010.862328  
5814.343428  
5905.440655  
6237.477692  
6009.706622  
6192.3799  
5964.121966  
6026.67536  
6156.005951  
6074.215252  
6142.214254  
6062.513506  
5899.212327  
5882.796455  
6262.827715  
6060.9763  
6163.480516  
5957.639428  
5978.993521  
6132.671883  
6057.983956  
5960.177042  
5879.085479  
6177.426037  
6004.769922  
6117.052634  
5996.570944  
5816.742474  
6266.334578  
6034.235329  
6193.791519  
5977.12225  
5991.514265  
6146.598573  
6074.345891  
6065.279585  
6106.247129  
6247.278765  
6132.309667  
6208.755645  
6174.612446  
6108.564981  
6265.782592  
6261.299753  
6107.543734  
6080.467588  
6141.872275  
6193.568648  
6015.597829  
6013.798682  
6022.77487  
5989.386438  
6285.409559  
6091.546337  
6132.702622  
6050.13221  
6174.121587  
6261.78031  
6163.75121  
5920.276461  
6214.706905  
6095.511353  
6167.676117  
5840.956326  
6122.333916  
6144.776054  
6261.04415  
6183.219725  
6138.976555  
6077.343  
6028.815005  
6030.609733  
6130.825021  
6030.715672  
6202.901006  
6091.139197  
6124.673309  
6155.108892  
6100.530309  
6072.966449  
6162.918422  
6165.925091  
6240.208398  
5987.7265  
5958.175061  
6010.422676  
6060.749458  
6019.343548  
6038.478048  
5974.992757  
5952.935499  
6198.739083  
6007.357116  
6122.298047  
5996.289232  
6032.200229  
6122.571327  
5821.153965  
5735.051265  
6129.906092  
6028.178577  
6157.392435  
6078.986181  
6128.000557  
6057.796234  
6094.965891  
6103.06315  
6099.003219  
6141.538951  
6059.637073  
6085.914697  
6145.954479  
6200.230164  
6145.398651  
6066.757598  
5984.41004  
5998.256988  
5700.819699  
6107.742563  
6206.303616  
6099.543482  
6080.8696  
6062.985754  
6133.946405  
6062.674159  
6080.547041  
5921.13961  
5788.405182  
6299.814784  
5876.088198  
6154.032503  
5558.474085  
5988.080903  
6192.732479  
6030.387929  
6033.76648  
6025.809246  
5930.228614  
6030.950967  
5828.391688  
5828.192449  
6335.942834  
6037.931942  
5924.277194  
5942.200443  
5954.50101  
5858.102633  
5978.631926  
5952.386224  
6001.00192  
5777.957041  
5808.475664  
6132.008098  
5907.08703  
5836.90955  
6013.842253  
6114.097576  
6007.041573  
5971.972812  
5943.493683  
5966.750974  
6024.126393  
5973.997348  
6014.296115  
5958.066671  
5880.911435  
5873.617818  
5739.779998  
5976.672639  
5903.081365  
5853.496543  
5965.405735  
5961.636486  
5995.165669  
6012.506772  
6008.66779  
5973.15181  
5955.815364  
5982.325355  
5561.625478  
6163.388774  
5910.889384  
5973.664725  
