0.7927563869  
0.2344977882  
-0.5712846493  
-0.2269646382  
-1.151670305  
-0.7197060048  
-0.5150927965  
-0.4280857136  
-1.026108184  
-0.1962652125  
-0.5030342673  
-0.883222694  
0.03973852793  
-0.6567128624  
1.321726404  
0.2627085816  
-0.1429837327  
-0.5523429488  
0.03819203315  
-0.8809095359  
0.6153829831  
-0.07213400672  
0.3198549581  
-0.01506503633  
-0.3564681106  
-0.6414542668  
0.4182621266  
1.190398975  
0.04817085573  
0.6727961277  
0.7825760989  
-0.6563290084  
-0.09853898715  
-1.524134914  
-0.5922203662  
1.446890539  
-0.6555789709  
-0.101930482  
-0.3559079924  
-0.2615170382  
0.3332098682  
0.09709608218  
0.178003317  
-0.09809819473  
1.171215986  
0.8018237895  
2.278591166  
-0.654918139  
-0.1254040645  
-0.3217082161  
0.4767635966  
0.29006525  
-0.1522119772  
0.6767994057  
1.824392214  
1.685143013  
-0.05222406512  
-0.4300851565  
0.06882297449  
-1.235039553  
-1.774221971  
1.439213531  
-0.6635850977  
0.5828924694  
0.161066933  
0.5135139875  
0.5654845583  
0.6279995369  
0.2967636843  
1.539262476  
0.4321519792  
0.764338008  
0.5634354888  
0.6992767312  
0.169451758  
0.2189465954  
-0.03044042475  
0.3103597472  
1.006576698  
1.319565558  
1.281127247  
0.4691991414  
0.6763901834  
0.04719622161  
0.04679122678  
1.17341985  
-0.3069064747  
1.519951406  
-0.6798848735  
0.9022135765  
1.005011886  
0.09298333419  
0.1183687163  
-1.120075583  
-0.1760809809  
0.4532299129  
0.172266869  
0.5107945813  
-0.3148737491  
0.8022321716  
0.7715603131  
2.06946831  
1.065996774  
-0.2723096951  
0.5304620984  
1.566583604  
1.018297515  
0.5245823229  
2.343175321  
0.2969454911  
-0.05509709471  
-0.5694670644  
1.31220717  
2.076267386  
0.5953816917  
2.475856677  
1.126160301  
-0.4026471998  
-1.900960914  
0.2070817806  
-0.5266878982  
-0.5908877803  
-0.5764556352  
-0.4708977549  
0.8976479316  
0.2938506761  
-0.9801482568  
-0.3573982334  
-1.03179633  
-1.171077365  
2.001568476  
-0.7532687261  
-0.2613183278  
-1.842834702  
0.3941054125  
1.791085178  
0.3649008758  
-1.157377586  
0.5884080105  
-0.06268115694  
-0.2500151935  
-0.07682590472  
-0.9780812985  
-1.431095106  
-0.7384574432  
-0.7715274706  
0.2123862775  
0.9487468581  
-0.8089159211  
0.5077218872  
-1.065537524  
2.017683588  
-1.292413734  
-0.07937586122  
0.4390129408  
-0.6883509083  
0.0653705286  
1.03133337  
1.395684582  
1.646231723  
0.1688820538  
-0.4947550766  
-0.3031088389  
-0.8832192112  
-1.013321373  
-0.2839975729  
-1.628028976  
0.6769909457  
-2.684684706  
-1.900476369  
-0.2452108333  
-1.442779115  
0.4502082856  
-0.7509144194  
0.2577438805  
-0.01142000604  
-0.421159563  
-0.2292328728  
0.1357062249  
0.4978152856  
-0.4054605104  
-0.5428779245  
-0.2492888029  
0.08138743859  
1.00038915  
0.8590496588  
-0.1525665636  
0.8533479021  
1.771468295  
1.560146758  
0.1972705258  
-1.585761291  
-0.9871865727  
-1.19866453  
-0.3632783342  
-0.0498471293  
-1.290119828  
-0.3404853324  
-0.02558077821  
-2.068372458  
0.09326575282  
-2.351990125  
-1.168934138  
-0.4418768089  
-1.843182222  
-1.065004141  
-0.6456449605  
-2.313510886  
-0.8982123188  
-1.401507043  
-0.06304985797  
1.838835746  
-0.6406857371  
-0.5057071399  
-0.1470245268  
-0.04560494661  
-1.850312813  
0.3245164616  
1.158742371  
1.575249293  
1.251132091  
1.013719108  
-1.500381169  
-1.446180273  
-3.923049988  
