6166.83136  
6199.407427  
6029.216043  
6043.983309  
5952.783988  
5889.771477  
5985.430451  
5933.993488  
5902.875602  
5899.745018  
5901.052547  
5993.945458  
5904.575799  
5932.343007  
5819.811919  
5918.219045  
5892.753755  
5878.972217  
5930.398322  
5850.687714  
5871.583504  
5797.732984  
5923.105318  
5873.695686  
5919.549929  
5821.662977  
5979.364654  
5918.080393  
5945.935197  
5955.432654  
5900.599312  
5941.454367  
5995.380607  
5914.468423  
6000.652027  
6022.377112  
6011.68905  
5975.775063  
5933.986063  
5848.487017  
5984.48632  
5784.783063  
6086.011063  
6107.059107  
5935.956523  
5951.071369  
6003.850465  
5914.108732  
5881.427754  
5892.51342  
5949.728306  
5964.56116  
5908.467623  
5920.74304  
5939.092087  
5860.891992  
5877.736164  
5888.650732  
5987.96597  
5885.576479  
6157.099133  
6262.861456  
6247.872399  
6140.835488  
6131.23917  
6096.055025  
6091.443709  
5800.752623  
5700.291148  
6154.00865  
5978.24527  
5934.9284  
5976.237402  
5998.704652  
5946.343136  
6078.14779  
5957.526933  
6014.113757  
6040.417433  
6060.556983  
6080.597261  
5942.941835  
6079.361101  
6077.109416  
6010.143765  
6071.92192  
6164.610339  
6041.313618  
6129.456571  
6216.04191  
6099.550669  
6030.75537  
6031.388203  
6069.189904  
6145.322635  
6150.07059  
6080.205094  
6026.716623  
6102.111589  
5906.88919  
5840.811074  
5971.428593  
6059.454409  
5948.083537  
5786.173189  
5933.826709  
6033.511333  
6127.612202  
6043.365584  
6074.900633  
5988.485541  
5973.365054  
6077.629747  
6012.038884  
6026.777645  
6018.404967  
5982.357775  
6113.14747  
6015.092601  
5980.79876  
6051.704046  
5903.694723  
6074.946185  
5984.816562  
5988.383161  
6115.116346  
6083.607015  
6100.82842  
6077.334728  
5964.994308  
6064.652579  
6047.570757  
6050.380424  
6035.790036  
6058.683907  
6033.579731  
6019.867924  
6050.537977  
6137.680261  
6025.792705  
6052.767227  
6081.786629  
5990.172156  
6110.886798  
5990.589954  
6040.45566  
6105.645445  
6103.060603  
6055.843189  
6114.917169  
6068.835119  
6074.591908  
5883.16598  
5903.121273  
5853.834266  
5935.275789  
5908.911971  
5963.792698  
5928.903739  
5965.307108  
6017.44035  
6029.317224  
5937.753636  
6117.222688  
6001.550779  
6069.060136  
6165.13744  
6165.341082  
6083.168922  
6148.276539  
6078.005064  
6090.072058  
6004.528514  
6027.733885  
6059.558776  
5948.423424  
6077.446146  
6099.913758  
6046.268479  
6118.270143  
6082.131749  
6039.503621  
6084.973303  
6078.810049  
6011.623477  
6066.017631  
6166.097396  
6143.47315  
6106.179212  
6161.339906  
6200.08471  
6194.706825  
6106.17002  
6167.807282  
6074.489808  
6096.809888  
6158.728038  
6201.454908  
6120.773973  
6027.04891  
6191.263405  
6213.321933  
6269.662783  
6264.02734  
6206.974602  
6128.901622  
6150.89239  
6248.613891  
6179.214923  
6170.779282  
6229.555776  
6176.081631  
6067.255007  
6127.64729  
6132.48591  
6101.160255  
6091.04633  
6019.121152  
6073.573547  
6149.157942  
6105.708211  
6145.883347  
6048.111096  
6109.355941  
6085.21736  
6275.41204  
6145.78441  
6181.920615  
5819.761813  
5823.276934  
6012.653153  
5962.69883  
6137.517388  
6058.066436  
6087.754871  
6153.784458  
6423.854441  
