-0.6592957956  
-0.4292309793  
-1.05839996  
-1.137902373  
-1.110404829  
-0.8747715423  
-1.233465205  
-0.7163785225  
-1.143296222  
-1.220981763  
-1.028705681  
-1.071644159  
-1.389165669  
-0.9373203064  
-0.9487762128  
-0.134179285  
-1.029214229  
-0.8767044807  
-1.378077996  
-0.1687406915  
1.36007556  
-1.234594612  
-0.8133252739  
-1.337623983  
-0.9708516985  
-1.652040115  
-1.383174125  
-1.185062192  
-1.105056804  
-1.259565273  
-0.629677435  
-1.466640087  
-1.138630532  
-1.312924112  
-1.096097077  
-1.077361024  
-1.093474992  
-1.059802418  
-1.132865453  
-1.066473885  
-1.166085651  
-1.061101498  
-1.278460144  
-0.9677452691  
-1.041025472  
-1.088237719  
-1.203216068  
-1.11939981  
-0.918884728  
-0.9850241239  
-1.030320323  
-0.9066355763  
-1.287567497  
-0.5098499432  
0.1962347358  
-1.296906974  
-1.023502489  
-1.298003301  
-0.9752132462  
-1.485633035  
-0.9978078107  
-1.086005422  
-1.029000747  
-1.285284811  
-1.1086993  
-1.000919089  
-0.9581442658  
-1.232410613  
-1.143547334  
-1.999431435  
-1.399611543  
-1.51775766  
-1.059645117  
-1.353379987  
-1.138128305  
-1.458219859  
-1.295295224  
-1.70503405  
-1.17474699  
-1.769396943  
-0.2595696914  
0.788179187  
-1.681809055  
-1.072957352  
-1.383687872  
-1.579120071  
-1.606849925  
-1.354960481  
-1.344326827  
-1.199060792  
-0.9535431999  
0.5685902568  
-0.4460909561  
-0.5912799341  
-0.65834107  
-0.09299905763  
1.637148524  
1.324544703  
0.3282658324  
-0.3541670089  
0.1724878029  
1.598610712  
-0.5605867841  
-0.01890122157  
-0.7580714362  
-0.3671941806  
0.06554072352  
-1.082976156  
0.143917062  
0.7839746024  
-1.254100154  
-0.5518489355  
-0.05800449961  
-0.08865087663  
-0.7056382657  
0.1972743558  
-0.6988729001  
0.7213334891  
3.352326342  
2.489608962  
-0.29729952  
-0.5453550202  
-0.6945151514  
-0.1553102234  
0.06381516482  
-0.180449978  
-0.9711422961  
-1.093311  
-0.4613695045  
-0.273730892  
-0.4972714004  
-0.3223017665  
-0.3577591089  
0.6131639148  
1.145172618  
-0.5608784436  
0.7516453047  
0.8834985287  
0.7468033104  
0.06596648479  
1.069659931  
2.035312831  
0.7688127748  
0.1678600236  
-0.1068611283  
-0.1081720387  
0.03004663977  
-0.2160552281  
0.6525779793  
1.507474732  
-0.2097297759  
0.3751349132  
-0.2756889443  
0.3372801386  
0.9193292026  
0.1758578749  
0.1185467132  
0.2044787533  
-0.0003543739338  
-0.2606883162  
-0.004666409321  
0.4668161912  
-0.1316532023  
0.4669126323  
-0.2125059107  
0.7489030047  
0.02457591597  
-0.4437790423  
0.1226947626  
0.3349727752  
1.088075322  
0.04437815422  
0.5168130686  
0.2514017132  
0.1145247261  
-1.127049793  
-0.4571596465  
-0.152120567  
0.05008493376  
0.5282053268  
1.381800874  
0.7208034628  
0.9642845435  
1.925355251  
-0.1806046632  
0.3435256841  
-0.2432611748  
-0.175494736  
-0.7604073445  
-0.6115335135  
0.477234492  
1.195354157  
1.745580317  
0.4203230651  
-0.2602480478  
0.09506040746  
0.7643363132  
-1.229941985  
-0.2335204003  
-0.8270125508  
-1.313562313  
-0.8961708785  
0.08694511142  
-0.4548793885  
-0.4001018975  
-1.395980658  
-0.8125143151  
-0.4268703685  
-0.2311433198  
-0.871148229  
-0.2982307561  
-0.4527177705  
0.1933313181  
1.158266075  
-0.2471185286  
0.4723710182  
-0.02187666697  
0.2536596634  
-0.289648031  
-0.01837525006  
-0.512373465  
-0.131316253  
-0.008301299463  
-0.127368499  
-0.5841974738  
-0.9564169603  
-0.2584003648  
-0.108782943  
-0.08253754198  
0.1412565082  
0.3078070906  
-0.05043415167  
0.5928166841  
-1.142452056  
0.07340822207  
1.749281782  
-0.1573242469  
0.3588161927  
-0.3078898129  
-0.2179520398  
-0.816615246  
-0.5564752593  
-0.5761138898  
0.8797745582  
0.8787740093  
0.6175390341  
2.164685912  
-0.2531531922  
0.9884541713  
-0.1383239466  
0.02803035044  
1.030063578  
2.929550402  
-0.1252509311  
1.027644155  
1.945843225  
0.9393308592  
-0.2002862252  
0.1439538125  
-0.1130525354  
-0.4804063775  
-1.009703454  
-0.8318473373  
-0.6397517829  
0.03908995019  
-0.5557673892  
-0.214079916  
-1.268910719  
-0.3659753064  
-0.607436843  
0.3582502545  
1.415319637  
-0.6832664875  
0.06729623042  
0.06709490515  
-0.610920931  
0.04890928855  
-0.2908410983  
0.6557663948  
1.636420021  
2.400519371  
2.189790058  
1.57419295  
-0.5026928736  
-0.1425979096  
1.64964601  
0.9758201111  
-0.2521962894  
-0.1715723709  
-0.1777640528  
0.2236413024  
1.177333762  
0.9350619106  
0.7429423248  
0.8369100746  
0.01754121669  
0.3824538002  
0.04770021578  
0.6538086952  
2.581376894  
0.1438922896  
0.4352290428  
-0.588244286  
0.1477312363  
-0.2835014506  
0.1393201341  
0.7512802973  
0.4904321597  
0.3574236639  
0.05945730712  
0.5598843227  
-0.1520159135  
0.1512056673  
-0.5238941449  
-0.6088301765  
0.1948057934  
1.111593499  
2.551173653  
1.64038697  
1.912781474  
1.925900881  
-0.002421344886  
2.207974143  
3.296661439  
0.1228320679  
0.3342366804  
0.007700588141  
0.7043409757  
-0.8975338802  
-0.003005000802  
0.384809573  
0.3153321314  
1.327955274  
0.3537239019  
0.1492805178  
-0.2281115115  
0.1790138805  
0.5943875256  
0.5707750642  
0.04111020046  
0.0003950195068  
0.5783872087  
0.4873090713  
1.589058894  
-0.668666191  
0.1940113131  
1.016529969  
2.721514758  
-0.09883770633  
-0.02820275907  
-0.9923398328  
0.5963847969  
0.5443836538  
0.2077796095  
1.318269519  
-0.7072216824  
0.6176685103  
1.336064127  
-0.4389551089  
0.4659425409  
1.137530555  
2.212633342  
0.6048330414  
0.2017502791  
-1.131586691  
-0.08210011019  
-0.5044116214  
-0.1236865719  
-0.09578322324  
0.9850035979  
-0.1512402714  
1.716943756  
0.8855369643  
0.7117457447  
0.6110973985  
1.06862404  
0.187700836  
2.039852018  
2.445608719  
0.3056089446  
0.1728638242  
0.6722645557  
3.187337094  
1.911208712  
1.181148906  
0.9304071888  
2.326644615  
0.7035164418  
2.281672704  
0.3487552376  
1.086704416  
2.340312613  
0.1782405131  
0.6290624178  
0.4511010978  
0.4930275994  
1.528129108  
1.787410978  
