7547.716735  
7251.246976  
7243.185601  
7111.264617  
7002.001675  
7196.179227  
7124.984806  
7077.956174  
7142.565798  
7092.189626  
7128.400718  
7133.545971  
7071.616959  
7101.36289  
7033.699487  
7061.498131  
7080.349733  
7040.721717  
7057.288062  
7123.78794  
6998.207239  
6854.227555  
7031.989823  
6975.445239  
7177.86522  
7087.480238  
7127.947121  
6921.58918  
7086.540421  
7133.400243  
7191.091905  
6908.833183  
6825.509618  
7519.751353  
7019.846681  
7150.897859  
6970.850953  
7105.975567  
7090.19831  
7170.719545  
6999.039301  
7126.363355  
7065.373958  
7134.308532  
7054.256562  
7091.282011  
7114.973174  
7114.007236  
7102.819994  
7100.861252  
7112.789468  
7015.541399  
7097.424538  
7081.299774  
7080.416448  
7017.250675  
7124.394537  
7053.360741  
6927.714022  
7084.17391  
7056.365246  
6874.52919  
7071.599539  
7161.683961  
7110.121147  
7129.481642  
7129.605836  
7092.498473  
7159.451832  
7186.801045  
7178.567464  
7108.669126  
7049.379589  
7081.438415  
7022.732112  
7144.464368  
7072.936672  
7197.720343  
7084.464519  
7219.977869  
7064.304629  
7276.221438  
6910.355847  
6855.544927  
7427.877322  
7063.96774  
7094.657712  
7010.840628  
7228.985493  
6966.073742  
7241.36922  
7147.506446  
7203.926644  
7177.534477  
7213.321289  
7164.988346  
7190.699852  
7135.137701  
7073.430611  
7111.065073  
7258.509477  
7076.547513  
7265.417495  
7087.526513  
7110.587935  
6628.579195  
7395.44982  
6699.59668  
6796.105268  
7174.345961  
7024.074796  
7280.715988  
6637.511609  
7052.551988  
7242.446858  
7010.524533  
7049.241024  
7096.438711  
7054.933171  
6868.828887  
7090.440185  
7097.998636  
7089.626712  
7083.999111  
7240.852674  
7230.259691  
7128.671207  
7164.855241  
7092.008808  
7244.006461  
7110.629952  
7124.123137  
6919.949957  
7143.044602  
7163.730565  
7084.221451  
7115.589941  
7177.030997  
7053.817885  
7101.18068  
7176.908496  
7079.292942  
7090.400135  
7061.891654  
6973.817405  
7050.305031  
6987.965249  
7119.575065  
7083.836395  
7026.98446  
7062.256735  
7183.443004  
7116.07097  
6997.923023  
7143.47889  
7049.547584  
7156.600715  
6999.093389  
6839.405772  
7362.648847  
6997.120586  
7157.265583  
7005.450664  
7133.933526  
7093.528275  
7064.983964  
7107.747683  
7160.654207  
7203.007727  
7443.600382  
7157.769627  
7237.108753  
6873.29828  
7096.088506  
6866.02081  
7054.890719  
7137.893953  
7030.921581  
7132.875098  
7137.048205  
7142.763614  
6993.407895  
7006.524773  
7104.46986  
7155.988791  
6987.518171  
7035.402382  
6971.055799  
7077.695516  
7086.704994  
7172.623198  
7164.631153  
7080.420878  
6912.23552  
7136.200119  
7123.108367  
7164.737378  
6842.675243  
7149.984407  
7411.663198  
7006.773007  
7189.381159  
7122.298244  
7087.679845  
6993.919539  
7090.569953  
6970.989568  
7270.179308  
7164.756976  
7327.054236  
7023.467799  
7112.173806  
7049.337688  
7200.16965  
6663.365433  
6830.608333  
7267.578987  
7027.192966  
6899.678499  
7194.454347  
7225.974744  
7056.291068  
7123.71543  
7038.867447  
6909.420226  
6987.731693  
7069.667521  
7089.393148  
6761.785406  
6487.370638  
7349.835327  
6482.916583  
6784.644894  
7124.002049  
6944.562859  
7125.870723  
7038.929627  
6957.26389  
6869.727038  
6862.257404  
7089.82337  
7119.015286  
6893.894829  
6994.48331  
6951.485127  
6866.727633  
6938.455819  
6699.083761  
6942.240654  
6872.654276  
7041.036313  
6940.339099  
7003.253281  
6942.48736  
7014.982763  
6909.545961  
7144.163623  
6642.737386  
6527.381797  
7270.931829  
6970.207318  
6929.098697  
6967.017501  
6965.118852  
6899.96967  
6894.899869  
6819.75474  
6859.990452  
6921.866944  
6944.297356  
6908.369457  
6945.252393  
6799.008592  
6951.326918  
6907.174313  
6970.485669  
6854.481355  
6845.603964  
6909.707104  
6966.355567  
6968.162525  
6956.13798  
6965.547265  
6925.311226  
7114.30919  
6226.025216  
6627.510031  
7519.422649  
6928.051342  
7035.573182  
6873.052374  
6985.944925  
6828.343508  
