0.4653449166  
0.7169354183  
-0.1393841478  
0.09663701483  
-0.7110976577  
0.5440461145  
-1.704999756  
1.249300322  
-2.01037301  
-2.175104893  
0.0397546407  
-0.6268971917  
0.3105049461  
-1.281579887  
0.161825616  
0.1897370413  
0.7077474776  
0.4710501982  
0.6453599007  
0.0420568719  
0.4740135892  
0.155511725  
0.4427308569  
-0.003441548805  
0.8653397097  
-0.7072702718  
-0.5399427971  
0.2287082777  
-0.3518202151  
0.1826346763  
-1.487602388  
-1.34584808  
1.947470922  
0.8391207409  
0.5154335146  
0.4991879637  
0.2012704686  
-0.2860176585  
-0.5380192686  
1.069977517  
0.1659931384  
0.4667846081  
0.2557129549  
1.074089116  
-3.713196778  
-2.135669341  
-0.03655012624  
0.08004756954  
-0.2916068265  
-0.1909476073  
0.02976926317  
-0.4722085155  
-0.4048078449  
0.2233015826  
0.1852723685  
0.4410669195  
0.006562415211  
1.210374085  
1.102398429  
0.3588871036  
-0.2889584528  
0.5853118165  
0.1089338664  
-0.001518435455  
-0.2353771782  
0.9358455304  
-1.873370107  
1.492615917  
0.942860292  
0.2422478274  
0.2845987282  
0.1266054941  
0.7054291624  
0.3519852626  
-0.09969443655  
-0.05091393061  
-2.51991962  
-3.383454074  
-0.1373112697  
-0.4523767911  
0.9230305613  
0.109272564  
0.4749323754  
-1.167533151  
-3.365852  
-1.209533108  
-0.134379368  
-0.2993964209  
0.1134987002  
-0.4697177921  
0.9220618367  
0.1391350691  
0.3122291863  
0.05451112498  
-0.4980035243  
0.8187863849  
0.7437556166  
0.6437763546  
0.2828146607  
0.05070233286  
0.2653696549  
0.5556709755  
0.6437514125  
0.3711835822  
0.3369025105  
1.176250721  
-3.590040374  
-2.495972971  
-0.906405224  
-0.3345704636  
0.2786525323  
0.336982924  
0.4260084034  
0.2099783546  
1.231959723  
-0.8265932023  
0.7489004069  
0.2199679974  
0.119028689  
-0.4878898758  
0.7643367231  
0.945027731  
0.3947136741  
0.1037453293  
1.049615654  
0.4421108015  
0.1930328123  
0.2586549763  
-0.05824843551  
0.1458680445  
0.2539114371  
0.8990553788  
0.155911846  
0.903649141  
1.331102585  
0.03004317516  
0.5662260533  
0.9664025978  
-0.1495770291  
0.4737693871  
0.2176178698  
0.3682884767  
0.2217383611  
-0.02977484162  
-1.83973939  
1.472430176  
2.025615289  
0.7889297286  
0.3358414626  
0.4796737477  
0.7843636771  
0.7172160928  
-0.148466964  
0.577641384  
0.6674055888  
0.2771579227  
0.1599179089  
0.5927927598  
0.3788536393  
0.2900632971  
0.7900592608  
0.6635562511  
0.156947126  
0.06031233241  
0.420246984  
0.5982548379  
0.6051718516  
0.5196337027  
0.5001203087  
0.7389969251  
0.09479452435  
0.9680488746  
0.1144134106  
0.1776428844  
0.5499915107  
0.3615873952  
-2.174487318  
-3.867500984  
-5.292172764  
-0.8318171217  
-0.4114606221  
0.2031311932  
-0.5994296254  
-0.8555359074  
-0.101622204  
0.4087776539  
0.8662620522  
-0.1157153362  
0.9459706447  
0.389796692  
0.5875727643  
-0.2877239924  
0.5991663371  
-2.549695173  
2.636864603  
1.015242011  
-0.7329078224  
-0.2553524265  
-0.8859473397  
-0.1425953033  
0.3498353001  
-0.2363277149  
0.007932733914  
-0.7088437461  
-0.6504914287  
-0.4658886029  
-0.03462187598  
-0.2757817016  
-0.4541640419  
-0.6717287666  
-0.4094996363  
0.5495301815  
0.2281136716  
0.315745514  
-0.5808577651  
0.57996873  
-0.06831066264  
-0.9572579269  
-0.2675917189  
-0.1017616105  
-0.577790953  
-0.4320173845  
0.1639367495  
0.1442435818  
-0.2862281514  
