6307.121479  
6119.587557  
6123.815293  
6032.734025  
6068.411958  
6032.855469  
6106.711307  
5932.619813  
6064.528705  
5996.571577  
5947.298244  
6078.447096  
5945.908082  
6046.953552  
6105.497108  
6055.528237  
6138.933821  
6025.645777  
6011.446013  
5996.78957  
5996.182998  
6071.323424  
6056.198218  
6070.392402  
6007.554897  
6172.143755  
5992.393714  
6011.565062  
6013.184913  
5967.435397  
5932.813493  
6056.326452  
6018.924911  
6057.416204  
6015.604672  
6106.857657  
6146.919192  
6096.875018  
5993.020885  
5976.636369  
6071.734448  
6105.041343  
6072.377706  
5962.458101  
6030.509985  
6065.763398  
6033.744767  
5963.584936  
6149.301504  
5960.594565  
5907.246483  
6047.46411  
5925.34059  
5989.859627  
5964.646817  
6064.881268  
6031.056704  
6149.701058  
6111.645934  
6109.300772  
6071.306704  
6023.75331  
6086.812368  
6170.136137  
6004.031358  
5979.714831  
5891.119891  
6077.722499  
6058.328942  
6097.238439  
6060.461616  
6094.796926  
6068.881362  
6310.745264  
6052.187778  
5920.810329  
6180.626404  
6030.863694  
6117.858479  
6119.268732  
6133.571179  
6098.799256  
6079.309535  
6074.553689  
6048.697281  
5994.557735  
6070.522664  
6075.441137  
6128.909504  
6133.949961  
6155.47517  
6114.096824  
6131.297413  
6074.079978  
6046.846081  
6068.244289  
6009.320115  
6149.716543  
6148.217607  
6136.433077  
6098.571482  
6037.175962  
5892.045613  
6005.251223  
6092.334495  
5984.321001  
6025.017478  
6071.658683  
5994.197446  
6003.90117  
6009.608681  
5987.165899  
6127.065779  
6146.662166  
6107.568811  
6072.910621  
6010.179367  
6165.025966  
6040.191205  
5976.799333  
5988.611502  
6097.818399  
5956.836888  
6136.084102  
6101.617899  
6109.846758  
6057.054444  
5778.018171  
6162.694113  
6019.828975  
6128.741223  
6114.233286  
6220.010381  
5584.361346  
5596.483553  
5804.146757  
6330.706661  
5877.915661  
6058.718656  
5857.891962  
5972.152483  
5935.157996  
5940.352013  
6040.634666  
5903.174747  
5643.314313  
6261.684678  
5943.108278  
6108.466058  
5874.843404  
5856.155901  
5995.900958  
5919.377869  
6079.874822  
6032.112445  
6079.342727  
6028.226584  
6028.7005  
5987.086341  
5997.66448  
5994.532081  
5912.673395  
5875.777505  
5389.185206  
5678.820495  
6075.007775  
5997.055561  
6059.5298  
6066.644288  
6097.951415  
6093.57888  
5994.158812  
6030.46062  
5949.819916  
6114.933849  
5977.820094  
5758.991284  
6135.694654  
5975.254493  
5941.674366  
6008.416541  
5937.396999  
5771.697096  
6015.555522  
5958.556055  
6043.626739  
6145.176547  
6028.747421  
6073.971866  
6032.851759  
6029.715428  
6061.62899  
6077.596383  
6192.064311  
6084.339159  
6066.859687  
5976.710545  
6136.566409  
5981.778341  
6039.469005  
6115.667147  
5578.645911  
6229.929768  
5921.867232  
6019.156648  
6026.809457  
5905.502644  
5930.566527  
5932.584094  
5920.548264  
5984.728409  
5907.133898  
5932.421207  
6032.57438  
6024.836445  
5936.898632  
6009.67692  
5935.120031  
6014.431508  
5929.561858  
6002.759211  
6094.917798  
6038.299182  
6087.05055  
6141.936682  
6030.929315  
6085.298502  
5922.54243  
5996.065438  
5938.329325  
5897.418547  
6034.943891  
6051.239671  
6092.846206  
6331.593335  
6185.457726  
6031.942862  
