4071.906775  
4267.996876  
4020.68677  
4018.236564  
3958.41103  
3993.412249  
3950.185265  
4209.236311  
4118.125817  
3778.683006  
3950.280219  
3945.100514  
4018.519601  
4032.876459  
4075.111056  
4038.173431  
4052.634571  
4023.392098  
4024.900181  
4088.164605  
4245.131264  
4051.716661  
4024.767989  
4056.257746  
4000.727568  
4009.962414  
3957.530351  
3988.774338  
3941.516434  
3996.318657  
3939.85565  
3891.454493  
3949.509437  
3926.803962  
3963.871847  
3946.064959  
3928.725386  
3930.885137  
3947.781598  
3910.521901  
3939.548429  
3974.745185  
3939.79236  
3972.010124  
3966.420784  
3974.866215  
3930.131075  
4069.052526  
3956.962467  
3999.303211  
3951.181386  
3888.082683  
3948.494666  
3934.521373  
3974.195939  
3975.17339  
3994.557321  
3974.035802  
4004.469919  
3998.951302  
4099.866439  
3989.239839  
4014.682242  
4050.195521  
4018.190002  
4078.155205  
4117.042206  
4015.594598  
3977.268  
3991.965585  
4012.336286  
3931.810527  
3934.348248  
4070.257161  
4025.360071  
4095.671663  
4031.576845  
4167.999619  
4061.273659  
4048.370901  
3968.69969  
3978.913913  
4016.983544  
4055.892839  
3964.385731  
4224.907647  
4229.953306  
4016.421245  
3968.211887  
3939.675052  
4025.717505  
4174.451055  
4256.147945  
4074.589708  
4068.650354  
4063.589799  
4028.493571  
3884.228593  
4015.784485  
4033.13149  
4083.124529  
4223.326934  
4115.682997  
4023.434905  
3977.249383  
4062.264141  
4189.359013  
4152.363659  
4023.097919  
3952.989266  
4052.606648  
4329.069857  
4391.442441  
4123.983208  
4115.776132  
4070.666767  
4107.137073  
4067.252085  
4509.226076  
4543.082306  
4057.654174  
4031.010818  
3976.530715  
4081.752354  
3952.702516  
4133.264619  
4038.09339  
4011.453788  
4014.898212  
3960.680645  
3970.958117  
4030.848858  
3986.771008  
3996.905114  
3988.158061  
4023.708574  
4101.342921  
3979.690317  
4074.139135  
4185.309421  
4052.802127  
3986.27386  
4030.416877  
4007.826868  
4054.960047  
4110.922204  
3987.893716  
4006.96112  
4032.850356  
4007.625776  
4063.841134  
4158.273253  
4067.125492  
3998.705557  
4070.627673  
4435.427221  
4540.613466  
4009.310757  
4031.817003  
4085.857774  
4051.794902  
4031.241703  
4033.872527  
4056.814478  
3999.668152  
4066.267173  
4072.057578  
4080.339182  
4001.865149  
4310.140265  
4337.135485  
3911.143757  
3981.205848  
3997.713184  
4173.993003  
3925.642131  
4034.369664  
3988.465262  
3970.820346  
3892.214149  
4020.97353  
3957.001562  
4090.866176  
4005.032192  
4004.909279  
3994.663436  
4081.85286  
4045.710272  
4195.592528  
4108.78852  
4274.720086  
4189.291959  
4170.643492  
4132.195918  
3958.92489  
3869.037629  
4013.162965  
4205.682018  
4092.847224  
4108.998905  
4039.975718  
4085.904309  
4366.793169  
4214.814463  
3966.96071  
4167.083603  
4162.190613  
4105.524663  
3985.63525  
4261.459846  
4309.959654  
4131.495849  
4061.571536  
4110.156981  
4133.201331  
4086.991639  
4065.468454  
4490.322515  
4139.842643  
4054.377272  
4200.727562  
4010.614094  
4065.647177  
4009.426209  
4083.928847  
4067.751087  
4209.856331  
4150.66566  
4067.410353  
4070.223664  
4088.490419  
4059.385694  
4181.703004  
4226.505087  
4125.791072  
4032.442616  
4087.207601  
3676.769938  
3817.201357  
4289.974335  
4062.845055  
4102.519599  
4325.735287  
4229.344448  
4104.781783  
4160.675048  
4113.061521  
4147.131822  
4091.776624  
4156.765127  
4100.613061  
4483.491343  
4549.62302  
4738.448129  
4381.272939  
4016.447305  
4112.223648  
4041.677476  
4038.966614  
4038.832553  
4007.83989  
4006.590587  
3919.749323  
4014.082732  
3807.804499  
3956.595691  
3887.129387  
4024.317414  
3873.50797  
3839.73556  
3804.924192  
3839.958982  
3714.191616  
3850.957022  
3952.250095  
3645.754941  
3830.519284  
3854.513199  
3823.900332  
3744.674149  
3835.313591  
3769.665992  
3548.420192  
3600.090768  
3703.234529  
3881.190037  
3700.303939  
3756.865668  
3831.312442  
3624.397465  
3727.166977  
3564.763685  
3673.090912  
