4.449820036  
-1.399883699  
0.417305973  
-0.4845581607  
-0.3672396412  
-0.7294185112  
0.8707582662  
-0.1080292288  
-0.09338863339  
-0.6308246583  
-0.01652328054  
0.1456805709  
-0.6379778732  
-0.8136288148  
-0.634558088  
-0.7497905982  
-0.8108366412  
-0.7103171597  
-0.1147663234  
-1.365316863  
-0.4711983286  
-1.308652022  
0.1116107588  
0.7127499635  
-0.7613237252  
-0.7241937302  
-0.3253690497  
-1.060001615  
-0.1291922565  
-0.7451978343  
-1.016402765  
-0.6603475189  
-0.1952910414  
-1.118173355  
0.7248708917  
2.372918618  
-0.4789863115  
0.7359646073  
-1.154012293  
-1.008442658  
0.6383177762  
-0.2624800144  
0.5468535943  
-0.1082501135  
-0.6456520898  
-0.986739401  
-0.530598536  
-0.5222323501  
-0.5648176532  
-0.9427599655  
-0.8011849607  
-0.6607218737  
-0.2580959551  
-0.6053183459  
0.8363193818  
-0.7693925839  
0.05346860047  
1.166969792  
-0.9049722548  
-0.1324602782  
0.8813649905  
0.6066621636  
0.06806047288  
-0.8800411401  
-0.427867064  
-0.9786640571  
0.8527091739  
3.001095402  
-1.065479715  
0.06910557421  
-0.2593037042  
-0.09945592505  
-0.08047822246  
0.002310412057  
-0.4041082935  
0.3627761973  
0.6183674219  
-0.7828847271  
0.8698555171  
3.302862269  
-0.674119431  
0.2085450636  
0.3977495542  
-0.181107325  
-0.4759837027  
-0.2747194271  
-0.3135561425  
-0.2055046495  
-0.3212254517  
-0.241391351  
0.1256478437  
-0.1270038603  
-0.2884740259  
-0.2529303471  
0.4043319082  
2.13412374  
0.05499784845  
0.1937592635  
-0.5481987308  
0.05179830373  
-0.05824884608  
-0.07887997908  
-0.1826647432  
0.2126604262  
0.6717776432  
-1.069332298  
-0.296155268  
-1.383484803  
1.035700582  
2.65500065  
-1.362028478  
0.2576298278  
-0.2161020153  
0.2439070311  
2.703195643  
3.675472643  
-0.2918769421  
-0.1147590127  
-0.6505412812  
-0.7643245406  
1.10187142  
0.4347485119  
-0.2811752982  
-0.02758278245  
0.4565597316  
-0.4598139065  
-0.3996064088  
-0.6514244458  
-0.3533651245  
-1.327689565  
0.5996626624  
2.588538771  
-0.8183786256  
1.314279837  
-0.03372711364  
0.5265159726  
-0.492259015  
-0.07237450689  
-0.8943898753  
-0.101580465  
-0.7346586963  
1.12706329  
-1.05010464  
-0.2962787664  
-0.5876562855  
-0.2019441205  
-1.157069368  
-0.3033508447  
-0.6922755269  
-0.2240439404  
-0.5837792345  
-0.3531623964  
-0.9328183805  
-0.0928133344  
0.1695448645  
-0.6368601656  
-0.6812020073  
0.7989670886  
0.01499953649  
0.2876789868  
1.809032562  
-1.130591726  
0.313826464  
0.8333270779  
-0.662666512  
-0.2794904191  
-0.4248784665  
-0.06075511425  
0.3228130794  
0.1755807209  
0.8845190558  
3.391471726  
-0.144279621  
1.327844157  
3.396685068  
-0.3647606793  
-0.4194253738  
-0.4705235287  
-0.7875400803  
-0.5156532914  
-0.5566754077  
-0.6383648043  
-1.140516748  
1.050737645  
3.022828297  
-0.9173514746  
-0.1775052732  
-0.4911945206  
-0.1591094357  
-0.7789762798  
-0.2504334988  
-0.7947782841  
-0.2288592581  
-0.252969435  
2.267964777  
2.505159371  
-1.178081602  
-0.4634246192  
-0.9140528638  
-0.4893133918  
-0.8697750571  
-0.9166574273  
-0.7512751451  
-0.3171158705  
-0.5978520126  
-0.9110746402  
-0.282260911  
-0.1985387914  
-0.03858824341  
-0.3186513896  
-0.05459072771  
0.3501657902  
-0.4584509361  
1.538271611  
-0.5056067065  
-0.3241515817  
-0.3040484588  
0.4640599555  
-0.2685760711  
0.06823178378  
0.7090934585  
-0.02638654536  
0.01755645426  
-0.5591768289  
-1.094875321  
0.3247812857  
0.368549219  
-0.6340652248  
-0.6560728449  
-0.9325374663  
-0.3072086135  
0.1672221786  
-0.9373992153  
1.279690095  
-0.6081999718  
0.2979582303  
2.525987087  
-0.7395220935  
1.118329088  
-0.376236658  
-0.02085569798  
-0.3102099099  
-0.02228318617  
-0.8226599588  
-0.3815631799  
-0.5892233349  
-0.5042206013  
-0.1370444299  
1.021239296  
-0.6882200785  
1.235003935  
-0.3167085619  
0.3788417429  
-1.179128546  
0.8130038666  
2.726030678  
-1.131864597  
1.604544847  
-0.4976180937  
-0.2078910273  
-0.2608420721  
-0.4293275985  
-0.5911436545  
-0.4865438007  
-1.050092779  
-0.6083680754  
-1.183500156  
-0.8313202832  
-1.32832238  
-0.1368130502  
1.564113259  
0.5893566545  
1.826255713  
-0.3688215211  
-0.3000654377  
0.6696951155  
2.140606266  
-0.2795628901  
2.711935508  
-0.3914574746  
-0.5290220878  
-0.7326156782  
0.4204883925  
0.4556992592  
2.290589977  
-1.181842344  
0.3617803866  
0.2793512331  
1.218774797  
2.241295392  
1.326457258  
-0.2353425617  
0.4551040222  
