8058.52391  
7361.437002  
7401.92075  
7492.442273  
7391.794621  
7494.191194  
7606.847223  
7879.431923  
7542.546684  
7438.072103  
7416.68322  
7372.700798  
7424.652861  
7351.118263  
7679.51442  
7497.529974  
7320.878297  
7444.637726  
7447.36669  
7259.550119  
7531.268952  
7345.206997  
7423.43556  
7536.615902  
7419.821624  
7361.904616  
7703.940317  
7394.889002  
7440.652699  
7333.51874  
7359.992251  
7433.163604  
7431.245229  
7445.533192  
7393.688143  
7614.502632  
7526.376228  
7666.113739  
7273.680866  
7306.675878  
7658.197155  
7382.552537  
7687.213661  
7465.097483  
7393.72217  
7344.300261  
7363.705787  
7409.531756  
7406.194566  
7394.10188  
7393.914876  
7400.887518  
7489.04306  
7442.74825  
7718.675174  
7352.10296  
7459.874568  
7585.615802  
7419.675312  
7396.223887  
7529.703232  
7659.624669  
7448.747064  
7277.555376  
7331.367892  
7379.468864  
7476.245943  
7711.969006  
7361.847736  
7725.956984  
7617.825929  
7445.196493  
7582.584518  
7524.525516  
7752.899779  
7631.713078  
7574.587265  
7498.560777  
7530.579974  
7723.698433  
7473.307437  
7514.781771  
7838.437891  
7504.27986  
7402.63526  
7492.480566  
7464.766831  
7519.99133  
7475.196549  
7483.022268  
7514.502396  
7549.778802  
7482.411695  
7429.214006  
7528.330846  
7924.984074  
7542.037273  
7581.765209  
7431.571909  
7783.428021  
7578.288796  
7495.802797  
7493.845879  
7536.180736  
7578.015113  
7328.931412  
7304.834269  
7304.301245  
7483.474682  
7580.286504  
7197.416937  
7709.811508  
7528.717785  
7446.672241  
7687.154232  
7814.976428  
7484.333486  
7429.049581  
7337.765048  
7347.953267  
7774.549581  
7651.760396  
7508.642866  
7871.780348  
7747.231803  
7446.194783  
7475.470501  
7513.606509  
7531.809298  
7316.618335  
7470.133026  
7698.34563  
7441.204958  
7578.560591  
7628.47946  
7522.232827  
7490.849543  
7444.68572  
7405.322409  
7461.514397  
7440.172994  
7757.279752  
7284.576427  
7420.985556  
7404.921133  
7440.829978  
7299.404495  
7441.426109  
7343.126043  
7726.661024  
7478.764765  
7404.989611  
7364.667448  
7335.415656  
7519.0597  
7372.023854  
7424.925738  
7684.097763  
7553.928845  
7442.505471  
7637.865566  
7366.60045  
7581.5472  
7662.451933  
7489.865483  
7489.896716  
7663.947821  
7862.969614  
7677.134192  
7754.522075  
7603.739532  
7743.223604  
7653.049957  
7528.792466  
7809.160344  
7487.501865  
7486.504445  
7489.058938  
7441.342256  
7488.163669  
7472.540275  
7420.290046  
7420.885731  
7644.241474  
7753.944959  
7468.774798  
7538.487347  
7539.244913  
7490.580688  
7473.925821  
7525.275751  
7434.274087  
7639.131301  
7652.996561  
7734.42154  
7672.984044  
7422.436012  
7447.28474  
7426.648398  
7449.451135  
7392.42816  
7368.294811  
7409.667234  
7484.561791  
7416.997058  
7411.669542  
7468.550446  
7461.13021  
7521.413196  
7701.761858  
7573.030178  
7482.090697  
7483.091973  
7827.003496  
7438.777817  
7500.94542  
7514.573803  
7563.789466  
7524.499192  
7522.125736  
7795.664815  
7560.786188  
7663.527953  
7428.479956  
7301.344258  
7666.200524  
7585.489911  
7437.721366  
7478.090253  
7373.652445  
7539.206817  
7562.23813  
7455.789761  
7771.957249  
7474.675302  
7468.308742  
7722.485361  
7512.173996  
7733.793433  
7578.460494  
7590.791319  
7695.098253  
7763.11034  
7502.698555  
7540.53776  
7525.745813  
7578.045137  
7545.898174  
7691.930572  
7499.638585  
7708.221032  
7776.494353  
7653.62302  
7427.910878  
7530.360976  
7624.300028  
7410.213642  
7803.390018  
7498.784369  
7676.870941  
7611.344755  
7405.422899  
7496.238341  
7426.974721  
7418.830846  
7412.579712  
7350.029864  
7225.186939  
7329.834584  
7346.531756  
7886.602338  
7555.059728  
7629.862507  
7523.012963  
7525.292288  
7651.850905  
7874.199196  
7550.100375  
7885.952641  
7509.391693  
7460.069878  
7428.656065  
7670.481729  
7557.602462  
7657.0359  
7394.490145  
7556.304096  
7721.140305  
7583.269276  
7710.532074  
7913.901592  
7497.832557  
7666.737854  
