6596.509955  
4734.630584  
5839.186067  
6556.333082  
6116.001362  
6164.851889  
5963.516623  
5963.731876  
6054.596845  
6188.900068  
5551.715275  
6791.453516  
5654.523885  
5978.606792  
6278.971277  
6049.657908  
6233.273958  
6085.644644  
6216.757476  
6202.604591  
6047.604919  
6133.837589  
6228.063814  
6087.05904  
6349.297198  
5939.803801  
5962.360987  
4915.766388  
4082.127453  
5229.406138  
5278.117909  
5002.40801  
5978.318795  
175.0624708  
1095.445517  
5761.974543  
6962.463219  
7294.725098  
5612.262955  
6167.048834  
6105.559005  
6206.619564  
6077.508044  
6135.171666  
5929.31544  
6129.24406  
5878.822152  
6214.773584  
6265.362399  
6418.402989  
6199.75094  
6427.589464  
6217.122254  
6123.369309  
6377.59159  
6315.469259  
6225.681417  
6212.01979  
6038.373487  
6209.75667  
5987.512095  
6105.594982  
5998.929148  
5972.46544  
6231.559487  
6235.774098  
6136.163011  
6039.938832  
6068.389354  
6321.789198  
6157.135797  
6173.81342  
6133.47256  
6169.5212  
6086.084273  
6194.914623  
6465.508282  
6506.642155  
6168.565179  
6095.987092  
6280.49105  
6171.155041  
6045.357829  
6328.709251  
6103.811987  
6148.353978  
6070.703904  
6204.002349  
6166.910995  
6239.529515  
6182.448583  
6258.795424  
6085.248401  
6091.699806  
6337.588812  
6210.036003  
6163.165559  
6201.354886  
6178.062098  
6207.988311  
6208.694894  
6220.405691  
6291.799403  
6199.572146  
5968.672501  
6100.201053  
6060.407755  
6104.415787  
6222.853146  
6220.143649  
6213.900342  
6273.374542  
6232.55642  
6204.80423  
5774.058807  
5687.679331  
5627.648992  
5822.236514  
5449.073113  
5876.159083  
6026.890128  
5824.216696  
5969.377207  
5808.293177  
5805.767206  
5940.317154  
5865.129657  
5872.477986  
5633.130474  
5744.374794  
5683.576601  
5862.87945  
5855.171615  
5877.601071  
5921.962072  
5748.496969  
6046.18306  
6014.160777  
5811.843405  
6313.893232  
5800.787513  
6396.01325  
5766.506704  
5996.625785  
5628.379527  
6608.621619  
6042.658234  
6286.668417  
0  
6111.647704  
7225.666406  
1143.127199  
4555.208396  
6037.78929  
6688.394406  
2368.860151  
3423.394795  
3516.288889  
3470.471923  
1841.979358  
2484.969886  
2199.082903  
2970.153435  
3098.930982  
6550.019884  
7832.757081  
6336.154653  
6621.377152  
5290.701551  
5446.645443  
7097.686284  
6210.924799  
6317.746927  
6003.580221  
6027.985913  
6120.83767  
5672.855866  
2554.122696  
3092.118597  
6139.293252  
6466.790179  
6352.887109  
6338.560212  
6313.626538  
5845.666841  
6227.679988  
4806.069013  
0  
4401.231409  
4009.971399  
1625.122475  
7009.193416  
6552.083653  
6598.030036  
6744.144323  
6816.95881  
7993.689749  
8360.181574  
5340.608892  
6916.655354  
6954.668801  
5729.367529  
5237.974057  
5343.48111  
4761.944423  
4971.405678  
3213.03698  
6894.176898  
6462.231235  
5847.331376  
5996.972167  
6057.393298  
6112.963886  
5898.116468  
6142.953097  
5655.290859  
4770.108168  
5880.916424  
5725.503122  
5352.296083  
1253.938301  
2476.257601  
3656.000029  
7469.322619  
5174.101548  
5516.222809  
4060.457773  
4797.307998  
4682.384815  
5634.301992  
4164.038225  
8040.032539  
8608.444197  
3366.931852  
598.7841991  
670.9563805  
674.2542175  
