-0.940641569  
0.1273288622  
0.4716171485  
-0.7393104011  
-0.5499172478  
-0.9778903252  
-0.6485414793  
-0.9051460196  
-0.7615281982  
-1.170299603  
-0.2934642774  
-0.4935696945  
-0.6773136816  
-0.8715398176  
-0.9098515557  
-1.055328714  
-0.9206137255  
-0.8005379589  
-0.7782445841  
-0.8545706885  
-0.9370034162  
-0.9844223532  
-0.7963575652  
-0.8005875327  
-0.5923695835  
-0.9351391719  
-0.4828688491  
-0.7785743426  
-0.8223030981  
-0.6277631685  
0.07121896015  
-0.01506942123  
-1.046032641  
-0.6385885473  
-0.8918788094  
-0.6609159105  
-0.6511321325  
-0.6174986769  
-0.7893831548  
-0.5420170663  
-0.7053878214  
-0.7374900952  
-0.782047819  
-0.8031341745  
-0.7578663253  
-0.5117950415  
-0.570376995  
-0.6317618694  
-0.7293278106  
-0.8722981367  
-0.5057050647  
0.2702387638  
0.6172943079  
1.375671965  
1.531642887  
2.33449034  
0.3459197276  
-1.015232307  
-0.5584237213  
-0.6754002075  
-0.3136284509  
-0.1542062667  
-0.0973981892  
-0.3057863798  
-0.4591556977  
-0.408653052  
-0.4341969504  
-0.4043038093  
-0.6761466029  
0.1011951214  
0.1386633101  
0.06222570013  
1.150273292  
0.3040545295  
-0.5784376265  
0.4675158375  
0.2675678137  
-0.484719216  
-0.1415587401  
-0.799199921  
-0.2463591408  
-0.8141832711  
0.05838948665  
0.4405614446  
1.172618886  
0.1072189407  
-0.8121818884  
-0.5784714412  
-0.6886061729  
-0.5281702655  
-0.2000686032  
-0.5466560865  
-0.1448265231  
-0.5755601493  
0.7342481399  
0.2286467555  
-0.5280902  
0.1924851648  
0.7145925892  
0.001648065042  
-0.2590127487  
-0.3698500226  
-0.5765435638  
0.6116164034  
1.901697659  
1.461038934  
2.736440452  
-0.117017025  
-1.075579737  
-0.1480066033  
-0.3891809474  
-0.1354327805  
-0.3717515004  
0.045447463  
-0.3945317645  
-0.1258016437  
1.070716943  
2.143984467  
0.7083699929  
-0.129221908  
-0.1516593094  
-0.1506992243  
0.04105213911  
0.06725567958  
-0.08068063642  
-0.06403218016  
-0.3791958927  
-0.1745107258  
-0.1761360115  
-0.2057857661  
-0.01373007368  
0.9481288604  
1.452484763  
1.490561377  
2.339750453  
0.6668147373  
-0.3514687574  
-0.04590003737  
-0.4228912882  
0.0336450353  
-0.07636914177  
-0.0404806213  
-0.004718988391  
-0.08743961402  
-0.1119613314  
0.0380072755  
-0.2476295968  
-0.008275962081  
0.6376127469  
0.3584199222  
-0.4744890625  
-0.2904238913  
-0.3768312777  
-0.4431601718  
-0.645249212  
-0.5910735041  
0.1367662747  
2.249442777  
1.926508798  
2.484175452  
0.8654257628  
-0.1995499857  
-0.06160131803  
-0.1206912601  
-0.02989960787  
-0.07044924653  
-0.2710701141  
-0.1360849606  
0.2945723386  
0.8317524924  
0.003503744103  
0.1259777735  
0.1764830093  
0.4408681992  
1.927858977  
1.662183527  
2.649327503  
0.8498696748  
-0.1124205234  
0.3014296451  
-0.05466737172  
0.2699481778  
0.09427776962  
0.3060698907  
1.030510389  
1.807417479  
2.130942866  
1.166193057  
-0.7768758703  
0.02983855409  
-0.147191134  
0.5351549353  
-0.1676541497  
0.4621258333  
0.4796377428  
0.4218034022  
-0.07498650327  
0.3954876123  
-0.1137417552  
0.8619155582  
-0.7332373886  
0.347526533  
-1.314886476  
-2.027365428  
-0.1050210775  
-0.222525534  
0.6487894148  
-0.2867114107  
0.444623895  
0.6291173687  
1.785541423  
2.280032143  
1.100942788  
0.1220147963  
0.06772452691  
0.01676206276  
-8.850513011  
0.8206672402  
0.2371931927  
-0.3487714768  
0.06349148007  
-0.3034674087  
-0.350101889  
-0.7801645881  
-1.866692811  
-1.371334951  
-0.469260882  
1.616341828  
0.2333428406  
-0.2716451038  
-0.4635076601  
0.4043848633  
0.03274243422  
-0.9445577446  
-0.4230220023  
-0.2521912401  
0.60480695  
-0.16759834  
0.7660253623  
0.6976756603  
2.250541221  
1.910324378  
2.754576095  
1.097944842  
-0.2191285008  
0.1415000253  
-0.006991321728  
0.0729274267  
-0.1504029438  
-0.3079318575  
-0.02762201741  
-0.07014360977  
-0.2416970276  
-0.5693838119  
-0.454827288  
-0.4082665967  
-0.375883559  
0.394412724  
0.1282285113  
0.5967125896  
1.519360073  
1.803365164  
0.7466260548  
-0.09483048276  
-0.03578968456  
