5785.233195  
5601.650741  
5427.216287  
5466.657187  
5682.045272  
5543.353107  
5727.748823  
5916.789621  
6071.039864  
5851.735998  
5551.045876  
5889.057679  
6127.045506  
7263.83638  
8552.25406  
6324.331381  
5291.196995  
6049.695697  
5459.478366  
5608.305179  
5782.552211  
5539.281494  
5443.181711  
5670.417256  
5859.460092  
5641.904797  
5291.820886  
5872.769861  
5941.302002  
5962.205279  
5769.561415  
5509.638356  
5712.798339  
5521.661586  
5379.935391  
5187.460795  
5387.911825  
5242.177263  
5738.709278  
4858.356367  
4795.86649  
5136.449415  
5613.810557  
5400.4512  
5773.960374  
5661.689828  
5509.580517  
5390.864079  
5747.01328  
4971.117561  
0  
678.4807333  
5066.752334  
8042.228949  
6209.484967  
6876.042501  
8922.814402  
3708.038091  
12.60631789  
4727.426534  
4712.180227  
4326.952011  
4754.332435  
4544.420918  
4838.556667  
4764.421098  
4525.278938  
4742.208455  
4191.825425  
5210.306152  
5159.93065  
5275.634576  
4869.445255  
5895.170008  
5723.237947  
5789.682088  
5691.508953  
5728.607908  
5717.395046  
6015.980143  
5381.091913  
5475.769605  
4965.844815  
4949.286913  
5152.081442  
5198.842925  
5658.827289  
5543.931746  
5550.439005  
5510.372431  
5614.381349  
5560.905744  
5363.484595  
6021.234785  
5411.617031  
5807.249547  
5332.104735  
5844.805125  
5506.81863  
5952.421601  
6051.910009  
6109.467984  
5560.684876  
5874.207386  
5388.900632  
5642.120176  
5210.76468  
139.5748665  
1414.172374  
4020.525405  
4788.542838  
110.8615411  
3419.841199  
3049.56767  
3370.509415  
3057.905737  
3285.334772  
3617.812517  
3951.362651  
4276.631051  
4449.070959  
3824.506814  
4400.20079  
3950.197505  
5739.959137  
3573.680463  
4433.742678  
4954.611147  
4915.017623  
5387.928386  
5582.531668  
6721.253486  
7225.090433  
7920.652513  
3771.994252  
3284.635094  
6541.794684  
4970.085898  
5230.446906  
4993.048955  
5320.391517  
4315.321239  
4514.230389  
233.4192269  
134.8464122  
7121.408367  
4892.244224  
5402.999795  
4558.661218  
5224.760458  
4766.833117  
5092.955399  
4801.740215  
4920.227264  
4715.528928  
4654.617858  
4087.806489  
4338.404536  
4478.449029  
5005.488662  
4708.971631  
5316.700209  
5166.489777  
5181.088145  
3951.131915  
211.0541603  
5190.127802  
2114.008017  
5481.506889  
5268.311296  
4856.426879  
5174.15687  
4805.821314  
4960.301829  
4922.580853  
5122.432874  
4902.183706  
4683.008399  
4601.922676  
4868.757172  
4910.918648  
4518.625053  
4692.109128  
4592.260069  
5021.186302  
4643.771461  
4629.174984  
5667.964071  
5520.993562  
5675.291596  
5341.777095  
4939.290814  
4912.900029  
4756.738538  
4765.347769  
5127.83692  
5153.320508  
5574.261745  
5401.15571  
5113.005676  
4811.9295  
5138.128757  
4941.474767  
5122.952709  
5086.772612  
4952.11187  
5288.314727  
5247.191143  
5421.720424  
5459.295847  
5465.618377  
5082.754383  
4998.318785  
5006.334236  
5027.858393  
4945.33761  
5189.200771  
5047.237742  
5193.505501  
4977.729318  
4904.022367  
5273.598554  
5077.320227  
4998.214176  
5086.912257  
5374.834229  
5696.688917  
5184.762565  
4984.9905  
5125.903319  
5166.856225  
5410.033148  
5681.296598  
5875.762284  
5783.419197  
5897.998808  
6083.792518  
