1.286891121  
0.4022908788  
0.5535671898  
0.237727377  
0.6867021999  
1.280604848  
0.2517693506  
-0.1556886656  
0.7091318867  
-0.003523038764  
0.4060496975  
0.3114820105  
0.3912734113  
0.4282646105  
0.2692979905  
0.3817692123  
-1.107831449  
-0.7034044126  
-0.8576874047  
-0.7394289419  
0.1616956103  
-2.122128723  
-2.324414135  
-2.095865512  
-1.366882922  
-1.487646677  
-0.8269348859  
-0.04300155346  
-1.334421124  
-1.366166689  
-0.809784938  
-1.077954379  
-0.7913107957  
-1.223438559  
-1.07889481  
-1.347893448  
-0.9320413599  
-0.698854529  
-0.466230241  
-0.6243117465  
-0.4672022338  
-0.6435245806  
-1.074240491  
-0.9357685942  
-0.4750564356  
-0.6105508241  
-0.5800736377  
-0.5868796674  
1.453343954  
0.6526331702  
-0.2147705052  
0.3580574402  
0.822024748  
0.5948442  
-0.4492080604  
-0.1885639713  
1.55065249  
0.8548302022  
-0.6683734286  
-0.5181471174  
-0.4077126565  
-0.211323822  
-0.3072574386  
-0.3834226477  
-0.5348937391  
-0.3094562168  
0.006414096574  
-0.403197504  
-0.7935201473  
-0.274354427  
-0.8143761162  
-1.013098592  
-1.267485605  
-1.078928977  
-1.216942959  
-1.134447174  
-0.8516221949  
-0.8472728945  
-1.082898838  
0.8611431535  
0.4023524898  
-1.215434293  
0.1778570125  
0.07282636011  
-0.9494166859  
-0.2639651257  
-0.9330258853  
-0.7851521087  
-0.8713976987  
-0.4878191198  
-0.6639785032  
-0.5524560243  
-0.6813716335  
-0.2732168016  
0.1956983261  
0.5650128621  
-0.01514832743  
0.06034330194  
-0.183854717  
-0.3705469222  
-0.6920822972  
-0.2722024676  
-0.4582961569  
-0.2789068768  
-0.4702256908  
0.1142907608  
1.158114655  
0.375748039  
0.09066609347  
0.6017759573  
-0.2597926769  
1.506965999  
2.917047521  
1.160527911  
1.310077907  
0.4243859151  
1.334478972  
2.654958667  
1.2594859  
1.213671244  
0.3722012312  
0.373752367  
-0.9431684712  
-0.2649266723  
0.960800863  
-0.08471814638  
-0.5516859004  
-0.2727965033  
-0.1948983501  
-0.3524016368  
0.5227045396  
0.5373354874  
-0.4016070882  
0.2604292359  
0.8447732781  
-0.172794385  
0.8482637679  
1.271792468  
-0.787341861  
-0.9412540751  
-0.9345984631  
-0.06428779653  
-0.4759567872  
-0.7929901278  
-1.074080283  
-0.4114987564  
-1.719921389  
-2.230201854  
-0.8396289967  
-0.6224762525  
-0.527061451  
-0.4567986517  
-0.32911013  
0.2930545881  
0.01553147635  
0.4053239131  
-0.1598345499  
0.61625108  
0.5556132435  
0.8916983408  
2.109551383  
1.637968288  
1.81157379  
1.414741895  
0.3244160908  
0.8506539023  
2.472284443  
1.579780066  
0.993849806  
1.072651459  
0.4568207465  
0.9883874107  
1.201402946  
0.585085881  
0.4239495114  
0.2331076368  
0.7941335647  
0.6921505932  
0.562208656  
1.127021262  
0.7710778572  
0.2550527776  
-0.137970342  
0.4588934079  
0.5834224953  
0.7395945025  
0.4093339327  
1.184500983  
2.514717639  
2.690309206  
1.264020948  
0.7573371869  
2.072468291  
1.59216552  
1.132019355  
0.4833254884  
0.4475248217  
0.3503277429  
0.4901261076  
0.4209953568  
0.3529940079  
0.5344795321  
0.2146414367  
0.3067259995  
0.1106044524  
1.61365043  
1.151680706  
0.836550247  
0.9795058056  
1.793979109  
0.9467768572  
0.7459640486  
-2.232489359  
-1.488845717  
-1.145106081  
-0.2166094404  
0.07500878197  
-2.126534815  
-1.5301444  
-2.156118036  
-1.823014705  
-2.507647571  
-1.064595806  
-1.187126786  
-1.058942901  
