0.1729126748  
-0.4538874916  
-0.3114864038  
-0.1178018454  
-0.391213045  
-0.3371945881  
-0.5095229958  
-0.3033311425  
-0.3030505871  
-0.2951536554  
-0.5430241363  
-0.2074553978  
-0.4311541568  
-0.224072975  
-0.3770408102  
-0.4324229182  
-0.4705131449  
-0.2748468969  
-0.3303219998  
-0.2529314732  
0.09851907532  
0.3077012046  
0.6088902902  
1.154639403  
0.2020458403  
-0.1754053806  
-0.209168937  
-0.225819255  
-0.4276289599  
-0.4111927909  
-0.2170534487  
-0.2127900685  
-0.06793350368  
0.1170744571  
-0.009589946699  
-0.1276268096  
-0.2249439592  
-0.1500813217  
-0.09963566728  
-0.06402878215  
0.03515339047  
0.02911163181  
-0.122401896  
0.2814457073  
0.1670222545  
0.2040974337  
-0.002062287583  
0.5535305025  
1.027339907  
1.19001765  
1.323370573  
1.845471109  
0.8574478914  
0.1839150914  
0.5582265884  
0.2832813295  
0.3405260137  
0.3387944234  
0.1693767361  
0.1039334593  
0.04854832049  
0.04797314996  
0.09381499261  
0.2356183025  
0.3385130138  
-0.1822233409  
-0.3828028321  
-0.449201943  
-0.01442640534  
0.07222430075  
0.07212853084  
-0.1349049038  
0.01848758938  
0.1607706189  
0.2216782294  
0.02797995263  
0.09520197793  
0.2453374263  
0.1200051405  
0.06884282644  
0.05847094051  
0.08075459381  
0.08756145717  
-0.08777835505  
0.02044747386  
0.1791631438  
0.2518150416  
-0.01270554074  
0.23504692  
0.1552399567  
0.3023453965  
0.1014318673  
0.2736501281  
0.3106169168  
1.200605818  
1.284256401  
1.919867382  
-0.03639257789  
0.06457162163  
0.1175350141  
0.1386162644  
0.1356216797  
0.1932051439  
0.3650878615  
0.4746002477  
0.8437612897  
1.416023464  
0.6565714149  
0.3184128335  
0.07705126763  
0.1735514449  
0.3687385806  
0.1366910758  
0.2079485616  
0.3920109057  
0.3173326678  
0.6673360098  
0.3960075648  
0.08761924202  
0.3889178215  
0.8390593012  
1.366477223  
1.393804744  
1.874291794  
0.9700550228  
0.4488404944  
0.07976100188  
0.3391668326  
0.3069535085  
0.5686682447  
0.7491556362  
0.5017283776  
0.4585895332  
0.8154797104  
0.6964665336  
0.9506664565  
0.3887546427  
0.5864367138  
0.5564062328  
-0.5603853897  
0.3744114714  
0.2507665079  
0.1452143516  
-0.07078579771  
0.1286119133  
0.1088268333  
-0.002844029243  
-0.1636534794  
0.09222855055  
0.03264025605  
0.07815923029  
-0.04007915428  
0.2443464507  
0.06647685763  
0.3541188305  
-0.07814020034  
0.1377621281  
-0.2799698776  
-0.2034702474  
-0.9015447764  
-0.02883991512  
0.1160384128  
0.356521981  
0.2250205773  
-0.03922629722  
-0.1577780063  
-0.3036055093  
-0.4725455044  
-0.06401768666  
-0.2732335554  
-0.1631164484  
-1.306641676  
-0.03703917271  
-1.882334229  
-0.4125462768  
-6.008749278  
-8.049465673  
2.030359396  
0.02928291491  
2.15401251  
0.6524737035  
1.762112397  
1.49579408  
0.6948391957  
-0.3119897841  
0.3541939242  
-0.2247573336  
-0.4714509966  
-0.3136239192  
-3.645262928  
-1.296505663  
-0.3697564591  
-0.06782057078  
0.6499616056  
0.08859465583  
0.0577510789  
-0.06055569939  
-0.1659621044  
-0.1424029385  
0.04426850532  
-0.1544103796  
0.3005527979  
-0.6929429778  
0.6501469658  
-0.7949249232  
1.073434965  
-2.42631056  
-0.6437539434  
0.6497492287  
-0.9755931369  
-0.3780273835  
-0.6394750541  
0.1050510297  
-0.5956630876  
0.1938892641  
-0.1613161354  
0.03311115896  
-0.09584249812  
0.4298502785  
0.2455445838  
0.4217001868  
-0.5598900721  
-0.4620529288  
0.7707724912  
0.424718288  
0.9142886171  
0.4901324509  
0.6034342481  
0.1458268168  
0.8698680546  
-0.2892661984  
-0.7015498934  
0.425974407  
0.04855414587  
-0.1882060881  
0.332595566  
0.0916276901  
0.1941660795  
0.4796203717  
-0.05658327943  
0.08368242901  
0.003951352654  
0.3030556803  
-0.3316878583  
-0.2102408106  
0.04427893528  
0.182008363  
0.1588810529  
-0.02390873075  
-0.07315421823  
0.08210897368  
-0.03986904724  
0.1690393465  
-0.3811707779  
-0.3202984593  
-1.065400626  
-0.585819347  
-0.04084181125  
-0.07481575683  
-4.590966413  
-4.405850973  
-0.3654116386  
-0.5501455345  
-4.840486798  
0.9435819286  
