0.2911293785  
0.3347259737  
0.2344131098  
-0.08431246347  
-0.208695048  
-0.003411296521  
-0.1319755563  
-0.2460036755  
-0.1510460341  
-0.1199408378  
-0.09624205924  
-0.2888731147  
-0.1696740589  
-0.3087572593  
-0.02851535942  
-0.1028199456  
-0.04891949462  
-0.117941429  
-0.2312057965  
-0.05889568593  
0.2738934769  
0.4584335916  
0.9910228925  
0.9771501658  
0.04150221008  
-0.06348746555  
-0.2142390795  
0.01029212051  
-0.02365527468  
0.2093573747  
0.03444040306  
0.1953690997  
0.4518247879  
-0.04495792741  
0.06827935058  
-0.07795367585  
-0.02322988276  
0.3362549075  
0.1140372331  
-0.02570283829  
0.02716528265  
-0.09643688987  
-0.008608932073  
0.2334204631  
0.4040747857  
0.1133010082  
0.3344158669  
0.9678058402  
1.345164372  
1.159402866  
1.234335264  
1.299484333  
-0.02743350644  
0.3332787282  
0.4205883735  
0.6645566465  
0.285371401  
0.5053267733  
0.4198774847  
0.24802998  
0.503207985  
0.1743008602  
0.2199541785  
0.02959821465  
0.394319924  
0.3461181254  
-0.4370005891  
0.1209455788  
0.006502755793  
-0.02230535278  
0.08784830286  
-0.01326856972  
0.265675086  
0.09368814653  
0.3542311352  
0.2909641673  
0.2782291289  
0.3766439668  
0.1901044196  
0.05854611092  
-0.005588118105  
0.1257177622  
0.2270332377  
0.2985772886  
-0.009954156349  
0.2342913602  
0.3369656529  
-0.03235924401  
0.1157081828  
0.1664331973  
0.105882136  
0.1797337223  
0.3804387027  
0.5752270577  
1.253838613  
1.440539897  
1.683339402  
0.9498755968  
0.1976980741  
0.3856820193  
0.09764840383  
0.4010894644  
0.2550359422  
0.5216338577  
0.4821634837  
1.082472312  
1.284863111  
0.2586138781  
0.2949069045  
0.2186660541  
0.2196435035  
0.3230226347  
0.6414936579  
0.1580391058  
0.1145794839  
0.3149891989  
0.9664392536  
0.395760736  
0.4750823089  
0.4049239762  
1.114011365  
1.23038722  
1.183098923  
1.383732427  
0.337724781  
0.6689700147  
0.491876651  
0.4008457968  
0.3421255358  
0.4916028528  
0.6961089237  
0.4600870433  
0.2723751694  
0.8901172583  
0.9005404786  
0.8511659074  
0.8097678551  
0.04575613152  
0.3011250671  
-0.2053714342  
0.573850461  
0.0310500527  
0.3560362779  
0.03824075766  
0.09607860021  
-0.1436659127  
0.1863942899  
-0.05217342908  
0.3604948066  
0.02117371212  
0.1066190596  
-0.03700387648  
0.2186493504  
-0.1097102708  
-0.01427502693  
-0.1964136082  
0.007872582732  
-0.1379199996  
-0.132226275  
-1.025073555  
-0.1242453985  
-0.2230094222  
0.4614666902  
-0.1153131309  
0.166446996  
-0.08041099772  
-0.1889066125  
-0.4297111356  
0.01549678517  
-0.4527843117  
-0.3205230653  
-1.379662766  
-0.1267118773  
-1.603748567  
-0.1837884141  
-4.066785009  
-5.225623463  
0.376640407  
-0.1394304565  
1.72627735  
-0.06217666463  
2.288376765  
1.096559128  
1.322245938  
-0.6168360465  
0.4370625101  
-0.2049235327  
0.04156865579  
-0.5834264706  
-4.549636094  
-0.9657779529  
-0.454733615  
0.4238410123  
0.03388499971  
0.3874850806  
-0.3978421487  
-0.2393291872  
-0.1524554283  
-0.3487531172  
-0.1110226337  
-0.4155782255  
-0.2035912877  
-0.1816864091  
0.3286694197  
-0.8308081075  
0.4793623712  
-5.243022791  
-2.293922623  
-0.5831627996  
-1.156511054  
-0.5694267896  
-0.2313577885  
-0.1994957415  
-0.8710009434  
-0.3474865982  
-0.5346808439  
-0.3048568435  
0.4710899807  
0.4837979964  
0.002421028757  
0.08368911033  
-0.2083790368  
-0.1241453396  
0.6071939645  
0.009367213108  
0.2557776991  
0.08251321649  
0.233964108  
-0.1285862  
0.1759911711  
-0.1198940515  
-0.258858265  
0.09253172071  
-0.2154831966  
-0.7382429214  
-0.4552360592  
-0.537711064  
-0.1554503497  
-0.1944994516  
0.1776445076  
-0.2502926955  
-0.1805539697  
-0.3218346583  
0.03139170038  
0.1559938865  
-0.1498971597  
-0.1445415296  
-0.1412898739  
0.07790428336  
0.2902652347  
-0.1725443647  
0.2342743041  
0.03513663355  
-0.2072223782  
0.0208012055  
-0.0650769793  
-0.3781808926  
0.2203838725  
-0.8450596248  
-9.22056168  
-1.828116495  
-1.219232221  
-1.205146072  
-2.651348387  
0.4367361851  
