6011.474122  
4846.146854  
3582.180568  
4571.372172  
4377.05161  
4375.493594  
4336.151088  
4457.902112  
4403.844627  
4663.583619  
5163.970453  
6620.248684  
5196.010672  
5638.373584  
5696.216595  
5688.421233  
5727.897872  
5751.710114  
5738.295368  
5694.257938  
5628.859141  
5690.418568  
5694.298551  
5661.449258  
5769.930233  
5427.724004  
5671.364349  
3646.41171  
728.3054175  
1943.784436  
2152.438961  
2200.691964  
3218.826089  
0  
0  
1704.996218  
5874.528287  
6147.009829  
4803.015534  
4059.570085  
4081.261499  
4771.012149  
4575.772213  
4491.821026  
4276.838554  
4477.924428  
4052.96927  
4844.457026  
5485.968292  
5574.326811  
5564.942917  
5516.753148  
5915.361708  
5328.903716  
5297.430282  
5529.532611  
5825.570408  
5803.264274  
5637.823233  
5511.905747  
5461.284229  
5539.119755  
5544.741827  
5246.726999  
5543.416773  
5668.222151  
5477.638814  
5003.857739  
5910.94636  
5847.971412  
5788.997028  
5694.770647  
5659.721828  
5634.794835  
5728.363132  
5778.41265  
6048.789894  
6078.96974  
5870.567531  
5532.963811  
5511.106054  
5751.202358  
5753.642121  
5852.296312  
5620.734603  
5658.289583  
5627.969169  
5700.818474  
5550.960888  
5846.854241  
5718.883602  
5873.409304  
5793.747873  
5219.831331  
5263.700522  
5306.752329  
5283.867279  
5304.658419  
5181.906883  
5414.919437  
5552.889051  
5376.840122  
5537.27064  
5403.509733  
5336.841604  
5595.342556  
5681.031747  
5583.940593  
5792.857527  
5813.763391  
5739.091645  
5825.265634  
5696.12319  
5757.910023  
5111.550344  
5176.921234  
5128.268299  
5409.166749  
5370.717603  
5331.044839  
5692.655269  
5358.72843  
5398.483823  
5370.076709  
5676.236058  
5565.275275  
5539.816769  
5310.371996  
5123.462309  
5440.69592  
5329.169824  
5496.405701  
5442.177576  
5499.115597  
5523.41668  
5407.813253  
4903.561063  
5519.132791  
5634.607229  
5816.590346  
5254.949317  
5448.047746  
5341.253551  
5792.623829  
5279.582344  
5983.275998  
5169.975993  
5932.984428  
0  
3563.442935  
5911.593802  
0  
1121.763147  
2455.226229  
5601.341107  
139.6107008  
293.8054987  
497.5190741  
449.9024323  
18.89806399  
97.23559279  
49.45015446  
217.3278702  
337.5714418  
5079.57233  
8188.963527  
5883.616772  
5888.517168  
4990.064356  
3310.56248  
5137.740622  
4812.369881  
4657.12654  
4824.383797  
4147.805696  
4160.554569  
5253.082925  
297.1379556  
283.4903462  
3989.568204  
4028.243735  
5998.398491  
6440.675199  
5536.824468  
5569.335397  
5401.744357  
2634.303262  
0  
900.8195071  
784.9890127  
22.89280768  
4377.739976  
5201.35056  
5132.997244  
5420.033049  
6313.191681  
7153.092804  
7373.451583  
3247.106297  
5142.520572  
6159.336331  
4354.636593  
2699.372239  
2460.696613  
2343.90569  
1914.647376  
481.7141921  
5393.723119  
5777.903262  
5463.455628  
5613.117283  
5132.824441  
5345.812629  
5023.255163  
5452.294387  
4942.543359  
3909.877459  
3891.267736  
3981.344088  
3390.70258  
0  
43.97643216  
902.317804  
6072.990381  
2257.485875  
3762.209662  
1640.799432  
2262.485246  
2219.324155  
2435.069227  
993.3911735  
6202.92609  
8579.14232  
1778.88217  
0  
0  
0  
