6276.950536  
6448.316054  
5984.387475  
6105.196229  
6233.907506  
6108.683406  
6463.725641  
6573.68913  
6563.352287  
6090.76465  
6008.779261  
6270.167525  
6520.020152  
7618.558881  
8629.4469  
7709.136607  
5927.567684  
5786.747544  
5952.821951  
5830.458953  
6183.385184  
5915.70013  
6277.166484  
5816.941666  
6178.498303  
5985.74238  
5735.548233  
6150.682896  
6352.976201  
6246.84255  
6189.418885  
5997.446289  
6123.462911  
5983.022717  
5860.583725  
5754.148108  
5793.508355  
5800.378277  
6032.61552  
5497.207718  
5858.198335  
5976.511313  
6394.463994  
6020.260465  
6385.159054  
6037.744423  
5944.648725  
5875.674285  
6112.848592  
5622.920286  
730.9669968  
3065.483094  
6474.184812  
8429.183808  
6901.334222  
7604.94398  
8902.686028  
4549.685333  
1848.537353  
7119.355855  
6178.94933  
6460.525756  
6043.22147  
5971.849515  
6083.907037  
6172.270293  
6305.924237  
5277.169689  
5162.189412  
6689.820108  
5644.93962  
6256.574318  
5544.044021  
6172.528209  
5911.464068  
6040.622031  
6017.667049  
6166.880692  
6017.583091  
6400.34457  
6015.905632  
6170.580204  
6025.611078  
6078.108058  
6089.985176  
6072.798003  
5828.448243  
5845.045417  
5826.101584  
6012.764868  
5786.532042  
5845.998529  
5765.166547  
6245.598158  
5931.447321  
6091.674302  
5800.645931  
6086.510885  
5889.558414  
6163.865048  
6423.674179  
6143.654767  
5946.932397  
6117.378896  
6134.492489  
5880.134008  
6009.880645  
1913.784163  
4346.591727  
5891.039359  
5632.158377  
1929.349661  
6234.120051  
5469.407148  
5609.815615  
5336.049613  
5563.730385  
5602.321287  
5883.347585  
5968.785066  
5765.580702  
5604.926687  
5638.531269  
6174.95137  
5457.85357  
4642.547089  
6570.324428  
5836.156087  
6329.905898  
6271.436133  
7112.945554  
6911.085436  
8133.449413  
8992.317041  
4170.686286  
5481.116844  
6747.666411  
5854.881133  
6306.971617  
5837.276758  
6077.928331  
5667.364333  
6096.161281  
1697.429069  
2374.525058  
8030.729282  
5967.654988  
6257.015415  
5550.537424  
6121.631724  
5720.451591  
6182.693116  
5811.074898  
5878.249037  
5645.783584  
5892.364089  
5645.733477  
6180.441521  
5654.428686  
6116.763995  
5729.667954  
6001.952084  
5292.639103  
6426.809275  
4688.748536  
2392.160908  
5882.101063  
4940.658713  
7128.207754  
5152.965102  
5727.590998  
5715.480767  
5954.666155  
5869.245724  
6022.722884  
5851.19035  
6049.948319  
5888.809513  
5718.077738  
5602.391135  
5765.958494  
5826.420507  
5862.368686  
5834.439027  
6013.743838  
5191.088968  
5907.009781  
6598.636123  
6474.048673  
6533.540268  
6235.296945  
5824.949132  
5941.000045  
5733.343445  
5787.04652  
6098.216613  
6031.359304  
6341.351834  
6142.75449  
5928.903318  
5981.419102  
6009.09041  
5878.092692  
6100.213378  
5933.367393  
6020.608034  
6054.579648  
6028.218647  
6325.788066  
6276.505494  
6301.68916  
6090.053727  
6039.949479  
6016.083468  
5952.42475  
5944.6892  
5954.781041  
5888.528012  
6057.894332  
6200.785747  
5904.311921  
5959.173442  
5976.192384  
5954.193484  
6037.699507  
6136.390315  
6350.150852  
6275.257575  
5980.80194  
5989.462518  
6036.149882  
6035.270593  
6543.872545  
6642.38829  
6689.8574  
6615.93724  
6793.373916  
