-0.1707926661  
0.1554884347  
-0.4611232091  
-0.7668285757  
-0.9408915878  
-0.8577128259  
-0.794610245  
-0.8877757134  
-0.9022150328  
-0.9192055691  
-1.012659543  
-0.8035201447  
-0.8626672526  
-0.7716816357  
-0.8647755669  
-0.9760078726  
-1.079520771  
-0.9320755764  
-0.7228778376  
-1.001727321  
-1.035833155  
-1.002811991  
-0.7885389787  
-0.4970457526  
-0.7718767109  
-0.8259875749  
-0.7621392595  
-0.8354034845  
-0.6224341369  
-0.3997346287  
-0.05005448979  
0.9938150032  
0.2414055756  
-0.6551015634  
-0.7033795684  
-0.8333092024  
-1.128254041  
-1.121548291  
-1.008828405  
-0.9312374206  
-0.5295315938  
-0.2763896554  
-0.7494788565  
-0.7910316553  
-1.225306823  
-0.6727363234  
-0.6482966645  
-0.6402505426  
-0.164801516  
0.1664001442  
-0.4275608122  
0.3731354308  
0.821619945  
1.574310379  
1.918664192  
2.162658673  
1.749749717  
-0.5226935937  
-0.4260578096  
-0.7854238972  
-0.6793074205  
-0.4283242036  
0.05086454591  
-0.3105534355  
-0.5952662138  
-0.5530863526  
-0.4296723408  
-0.6637881754  
-0.5898758293  
-0.5123750068  
-0.359302349  
0.1847651842  
1.241626609  
0.7387326533  
-0.6237126524  
-0.5698417744  
-0.387243984  
-0.1690085546  
-0.5255096419  
-0.5521878378  
-0.4596798446  
0.291296226  
-0.04520173293  
0.9187819479  
1.015431081  
0.7777927921  
-0.7880254954  
-0.4849133004  
-0.05421610942  
-0.7425781634  
-0.5896902612  
-0.4901334118  
-0.7013710214  
-0.4711662364  
0.05884774007  
-0.5760210207  
-0.5778329919  
-0.3172700145  
1.074644436  
-0.6412619784  
-0.5408606787  
-0.5738474416  
0.08721983899  
0.6485624743  
2.242868486  
1.924466528  
2.707066636  
1.277613298  
-0.7554789211  
-0.4530466755  
-0.5597306504  
-0.3980694196  
-0.3088947053  
-0.4441463614  
-0.4407720108  
-0.1658053217  
1.760663832  
2.030155799  
-0.3761274938  
-0.6596463518  
-0.5174656285  
-0.217985653  
-0.223493008  
-0.1474570964  
-0.3482791683  
-0.2683631722  
0.06287614223  
-0.392092489  
-0.1377592472  
0.08560158168  
0.3841698372  
0.8142788107  
1.451030771  
1.696730144  
2.497742392  
1.181055904  
-0.4342524211  
-0.4059419537  
-0.3350156204  
-0.07550765295  
0.1065011598  
-0.0596650298  
0.5007581264  
-0.1665968038  
-0.2597739907  
-0.2394383639  
-0.4604821206  
-0.212241673  
0.5151957031  
-0.3957126719  
-0.3752558581  
0.3541516865  
-0.209076799  
0.3118660035  
0.2916355727  
-0.01917667989  
0.7319590597  
1.828887969  
2.419527115  
1.917850005  
-0.2140535794  
-0.4010061586  
-0.5292535249  
-0.4506859305  
-0.3974829425  
-0.3141881993  
0.02778281975  
-0.5840493775  
0.07484260188  
0.7544563954  
-0.1460932507  
-0.4463253795  
0.1577379047  
2.026152457  
2.107190165  
2.196278407  
1.934782771  
-0.1192958537  
-0.224417584  
-0.1212178703  
-0.07858622895  
0.8627393372  
0.2343829995  
0.3922793359  
1.128720231  
2.067414185  
2.061057465  
2.26389424  
0.08736394511  
0.6548144811  
0.1326884772  
0.2586193835  
-0.3019261675  
0.008897199003  
0.5041461861  
0.3016060423  
-0.2130258193  
-0.08656937829  
-0.4916262028  
-0.1381488918  
-0.2119296768  
0.3530512229  
-6.057548789  
-1.194008136  
1.026772635  
0.5515505326  
0.07142879885  
0.09837480976  
0.7910491791  
1.64336007  
1.881997963  
2.14090473  
0.5137936042  
-0.1146612557  
-0.2926744854  
0.7631984227  
-2.145776945  
-1.15960781  
-0.217755134  
-0.2344087425  
-0.1967129814  
-0.223423171  
-0.942596939  
-0.8488451298  
-0.8729120234  
-0.511528567  
0.1586819919  
1.722056533  
1.094156163  
-0.4386159571  
-0.3705490121  
-0.1951477175  
0.03385847613  
-0.7506579886  
-0.8181532187  
-2.453386869  
-0.3819894093  
-0.1956911078  
0.1726678488  
0.9313808876  
1.691142419  
2.373583972  
2.533953663  
2.763632472  
0.5240393339  
-0.08889507486  
0.6732444962  
-0.2808824027  
-0.09447476266  
-0.612394446  
0.05577860937  
-0.3220663054  
0.7519602664  
-1.237948419  
-1.056315995  
0.05378968291  
-0.4302571357  
-0.4831580923  
-0.1486243549  
0.4694151676  
1.847460526  
1.902675114  
-0.4610359388  
-0.5236532421  
-0.313408804  
