-0.8860533287  
0.1215523543  
-0.3633583504  
-0.5787271955  
-0.7588420424  
-0.3122416935  
-1.707109948  
-1.374583554  
-0.4452190278  
-0.55514186  
-0.4117784311  
-1.726963425  
-0.1017325896  
-1.015527153  
-0.06651674042  
-0.5644756212  
-0.771291041  
-0.760197497  
-0.6291764126  
-0.9370430905  
-0.1475921313  
-0.4709649037  
-0.684511778  
-0.83931666  
1.022148427  
0.7029161957  
-1.843970818  
0.8241759111  
0.5806634815  
-0.1295820798  
0.2729979566  
1.021566574  
0.6808005692  
0.2245903683  
1.066764897  
0.2178754429  
0.8471966268  
0.6292016621  
-1.205813556  
0.5308916098  
0.1301054132  
0.8644807298  
0.7690444342  
-0.1743064244  
0.6501720979  
-0.2242305318  
0.05248067209  
-0.1256541171  
-0.3150333168  
0.6746449802  
0.2656166374  
0.06316045572  
-0.507478079  
-0.5190323367  
-0.9485421596  
0.3532460514  
0.2129603274  
-0.6328350411  
-0.2626870887  
-0.9235518654  
-0.1402017974  
-0.5112926446  
-0.2418761435  
0.1575597804  
-0.1688254913  
-0.5681522144  
-0.3263448158  
-0.004046029307  
0.08591809362  
-0.4697944104  
-0.2504754276  
-0.09279573883  
0.9250639072  
0.3841701573  
1.551518945  
0.269371962  
0.04904496886  
-1.558822092  
0.03128750365  
0.995969238  
1.092079398  
0.8839308879  
1.694129013  
2.10338833  
2.068202858  
1.671321316  
0.2117929081  
0.1075147806  
-0.06295106699  
-0.4369713  
1.037995116  
1.485499287  
0.7427660152  
0.1477265754  
0.6565543991  
0.286889066  
-0.0526808861  
-1.016682471  
0.3601931934  
1.519177559  
0.2036304442  
1.226211661  
-0.1678444716  
-0.3596845706  
-0.5583865834  
1.324333875  
-0.6257618411  
0.2446696125  
1.392331635  
0.6643523996  
-0.1154048251  
0.3697528238  
1.015616538  
0.1958433267  
0.7063640192  
0.6933163432  
0.8866800347  
0.2967678109  
1.486184514  
0.08038889356  
-0.08919018275  
-1.020268456  
-0.5520098864  
-0.594080583  
0.002446046607  
0.4686438232  
0.1170221115  
-0.2523198705  
-0.3371713136  
-0.5919684354  
-0.4687395416  
-0.1518393429  
-0.2499852579  
-0.5949049857  
-0.316778333  
0.1259201086  
-0.08899033844  
-0.2336758506  
0.1923178918  
-0.2918976163  
-0.1617057307  
-0.06875540272  
-0.3905418096  
-0.4082835684  
-0.2145062681  
0.4274610711  
0.156989059  
0.451626424  
1.128023134  
0.8746180081  
0.1937978035  
1.639172082  
0.03340773897  
0.4932773747  
-0.3786262918  
-0.2384370935  
0.8109707665  
1.302816217  
0.9763058971  
1.39433245  
1.539165896  
1.459825848  
0.7657613259  
0.1983511577  
0.1949202091  
-0.03146694769  
-0.4625966532  
0.1100847496  
-0.4250666338  
-0.3162290425  
0.08202575754  
-0.02274903933  
-0.388889939  
-0.211795466  
-0.7657212573  
0.4351435693  
0.919228027  
-0.1106538179  
-0.1264092127  
-1.646767409  
-1.690115842  
0.2244408028  
-0.1514361506  
0.04447172677  
0.9805275106  
1.209327393  
1.496571245  
1.891205039  
1.547636897  
1.615890899  
1.608070517  
1.526062503  
1.28301162  
1.208076103  
0.4840935705  
0.4337062088  
1.606395057  
0.6717345615  
0.787088653  
0.645860315  
0.4906732632  
0.367932396  
0.9636672336  
1.329518103  
1.662273937  
1.780330504  
0.8218870109  
-0.2484833337  
0.3441499027  
0.659695828  
0.2837789235  
0.5003198698  
0.8071943473  
1.227101798  
1.140104336  
0.6858399897  
0.9189141431  
0.7522993644  
1.157596515  
0.9572204773  
1.331827888  
1.191398726  
1.128274256  
0.5892524499  
0.6473227659  
0.4593226196  
0.5786322854  
1.133312224  
-0.2463288866  
-0.1065827709  
-0.1537838701  
-0.4122282509  
-0.3232355166  
-0.2802541575  
0.340018012  
0.2581144786  
0.6179605902  
-0.2126964975  
-0.06730860269  
-0.1112504801  
0.2028737804  
-0.052332591  
0.2796475004  
-2.924270848  
-3.050249534  
-3.446768665  
-2.256866928  
-1.512852818  
-0.4592947351  
-3.555218886  
-2.350112497  
-1.731981965  
-1.195638944  
-0.9349807884  
-2.077572489  
-0.3956798493  
-0.6495798548  
-0.3891543404  
-0.6126344585  
-1.189024229  
-0.1144061446  
-0.1891389245  
-0.9274572618  
-0.7051364759  
-0.5275097104  
-0.6765291488  
-0.6597705668  
-1.061679475  
-1.150867969  
-0.8710501651  
-1.112471547  
-1.432187854  
-1.137665823  
-1.093080216  
-0.8084468331  
-0.8605173432  
-1.166567879  
-0.4733305956  
-0.8400045601  
-0.729469313  
-0.3561481069  
0.2256459937  
-0.205934643  
-0.2545791094  
0.1318672426  
0.19825612  
0.3435526905  
0.03583137277  
0.8977145198  
-1.234311187  
-4.325224036  
-3.133932094  
-4.595477645  
