7019.56806  
7280.647677  
6914.327654  
6838.667649  
6694.010035  
7079.013717  
6178.074659  
6678.087062  
6928.552537  
6985.652816  
6825.255236  
5806.083049  
7307.040166  
6698.185443  
7141.996038  
6906.84967  
6928.365128  
6830.155562  
6962.016807  
6778.873449  
7123.130202  
6959.812705  
6964.170157  
6789.270386  
7689.075505  
7313.826892  
6447.72345  
7508.548327  
7351.189415  
7070.601932  
7150.068772  
7490.779499  
7423.15675  
7283.768102  
7513.656482  
7141.150819  
7554.251373  
7183.665356  
6792.925898  
7335.791496  
7061.396189  
7516.107938  
7401.528163  
7136.758157  
7472.313679  
7103.613877  
7138.325021  
7086.522249  
7067.796647  
7304.473841  
7234.702994  
7117.08589  
6992.02451  
7001.017917  
6776.144833  
7313.186313  
7253.754546  
6969.064112  
7074.038988  
6785.844496  
7103.28652  
6964.926212  
7072.378391  
7065.247015  
6980.814636  
6820.321783  
6938.099278  
7062.243168  
7091.9736  
6996.620803  
7007.723957  
7082.28883  
7673.840834  
7211.446553  
7685.432118  
7268.065665  
7197.045487  
6505.80274  
6930.322474  
7647.753456  
7552.228263  
7505.225974  
7722.75724  
7936.606968  
8056.500565  
7759.256986  
7249.200198  
7186.617793  
7204.570246  
6996.096718  
7559.132718  
7748.979268  
7452.142399  
7246.609882  
6916.83281  
7203.474874  
7165.387724  
6658.252367  
7292.908254  
7668.02116  
7227.48138  
7533.132448  
7102.23551  
6923.158543  
7064.336242  
7730.758723  
6906.783781  
7289.509688  
7626.202953  
7518.175525  
7048.112378  
7296.840159  
7520.845728  
7262.607951  
7452.933606  
7417.488306  
7539.982842  
7175.942629  
7642.644051  
7207.858015  
7001.619677  
6620.766614  
6940.291287  
6904.428458  
7186.332697  
7388.049714  
7220.316308  
6968.51163  
6994.766691  
6907.659676  
6969.296169  
7000.569934  
7000.757511  
6898.389236  
7068.151627  
7095.369211  
7041.903468  
7035.06476  
7274.482476  
7036.504532  
7037.145732  
7047.138395  
6952.268517  
6926.028643  
7075.001081  
7281.341355  
7205.866903  
7287.828004  
7616.008285  
7225.224445  
7134.748781  
7873.008999  
7057.32064  
7316.478052  
6984.128927  
7064.147125  
7206.210033  
7810.575268  
7596.098486  
7745.551967  
7792.686389  
7767.773178  
7419.60097  
7153.549469  
7054.211249  
7072.503612  
6977.382453  
7144.640307  
6789.800086  
7080.903371  
7168.935766  
7065.912744  
6892.17781  
7109.232694  
6703.136966  
7384.439822  
7589.733408  
7136.759214  
7098.689581  
6231.411006  
6195.833946  
7146.336506  
7016.535643  
7132.872652  
7436.141975  
7752.936415  
8355.466362  
8078.058425  
7834.872882  
7852.191882  
7882.222565  
7832.220682  
7766.01857  
7709.656134  
7385.446537  
7254.857489  
7894.706777  
7382.858156  
7443.049782  
7453.777124  
7358.019275  
7233.755296  
7596.037398  
7777.106795  
7816.996174  
7878.616828  
7498.812429  
7055.136736  
7284.317087  
7358.750708  
7303.379233  
7351.467312  
7531.682661  
7690.383341  
7683.411072  
7429.312426  
7552.988366  
7436.621212  
7667.943141  
7611.345384  
7747.262686  
7687.776792  
7624.981162  
7377.414016  
7449.699985  
7288.962446  
7323.063911  
7603.517248  
7019.381636  
7050.028575  
7016.295005  
6996.080378  
6980.230332  
7080.450957  
7297.487455  
7259.137239  
7441.39406  
7015.034601  
7110.222183  
7064.836617  
7232.214007  
7049.594344  
7317.293236  
5341.763483  
5367.935819  
5288.81956  
5912.068082  
6417.659133  
7167.674489  
5138.764753  
5932.795262  
6437.314316  
6593.401623  
6883.824967  
5742.484664  
7077.075502  
6716.017188  
7039.848984  
6707.16452  
6746.837832  
6948.19262  
7062.265635  
6683.66594  
6822.218634  
6906.173948  
6909.157995  
6736.700689  
6587.787292  
6791.899287  
6804.225914  
6597.26783  
6544.562324  
6683.626997  
6731.843378  
6757.072806  
6777.651055  
6617.773358  
6839.418424  
6807.786564  
6828.974442  
6877.331938  
7154.782585  
7099.999748  
6991.228585  
7074.124318  
7210.068569  
7337.050913  
7096.768925  
7509.470753  
6167.933076  
4217.599702  
5459.970651  
4555.575831  
