0.236842969  
0.2329978231  
0.08952052572  
0.03468552359  
0.02574162439  
0.1603392688  
-0.5314069991  
-0.01930871353  
-0.03102765078  
0.2322572737  
-0.3222080834  
-0.9814571936  
0.1437364453  
0.02725616885  
0.2573573566  
-0.009435925958  
0.01740467299  
-0.2254568114  
0.1460995049  
0.005115092964  
0.206188708  
0.05735868403  
0.1663132643  
-0.06054163536  
0.6771677804  
0.2595059862  
0.1649811176  
0.4032196292  
0.6174165781  
-0.09341662183  
0.3396261064  
0.4291040886  
0.1172957055  
0.2477464495  
0.4022606728  
0.1511460764  
0.6663785593  
0.4387474876  
0.1929949377  
0.2723333989  
0.3047186647  
0.3630552702  
0.3238070006  
0.1652390002  
0.5173953588  
0.1374550543  
0.05534953536  
0.1831430891  
0.1310783849  
0.1856562385  
0.2524735556  
0.1021528218  
0.07493081536  
0.05217612434  
0.08684218639  
0.2905352438  
0.4574598798  
-0.009150766909  
-0.06967058386  
-0.05714768528  
0.1751166722  
-0.02465182343  
0.1276210205  
0.1314261061  
0.05719783805  
-0.02955377861  
-0.04435874549  
0.2683029  
0.2316132876  
-0.2017287709  
2.071642402e-05  
0.2492920695  
0.8477618001  
0.2025977393  
0.5269666089  
0.4891391302  
0.1010115354  
-0.3919111787  
0.03936592508  
0.3643758103  
0.1178346865  
0.2309871704  
0.1821595217  
1.003772578  
1.196440932  
0.6294381576  
0.1868545641  
0.07207293634  
0.004571738764  
-0.0505027808  
0.4084319626  
0.4664805642  
0.4165752119  
-0.109420447  
-0.1948252136  
-0.05251309561  
-0.004060885094  
-0.2963736606  
0.2543275473  
0.5545338976  
0.2615783344  
0.2085636301  
0.02141295725  
0.1061146189  
0.2415944802  
0.652216792  
-0.2246486469  
0.06994281579  
0.3741405679  
0.5409760399  
-0.1505090876  
0.10904897  
0.3991727669  
0.2558359512  
0.1927114795  
0.3816492406  
0.4192713333  
-0.1883975748  
0.2651302005  
0.0638550472  
-0.2368523716  
-0.3344650171  
-0.230057118  
-0.03342295737  
0.02451050835  
0.1940868431  
-0.01066036662  
-0.07480558212  
-0.104862193  
-0.2665560666  
-0.1743619198  
-0.1243784439  
-0.1687250459  
-0.1224142925  
0.01446370868  
0.136173043  
0.1230644201  
-0.07788376469  
-0.1088691075  
-0.2088686736  
-0.2017038934  
-0.2074189434  
-0.2134965479  
-0.1298168557  
-0.1380498793  
0.2377040745  
0.114680303  
0.296750766  
0.5059314714  
0.02163421033  
-0.05213293277  
0.7435626834  
0.2427728529  
-0.08100885007  
-0.1707203497  
-0.03842578889  
0.04758926241  
0.7181684649  
0.4163285212  
0.6110212218  
0.5973016561  
0.5967181485  
0.3026183821  
0.08007577372  
0.02649599475  
-0.04816499726  
-0.2435036325  
0.0879025313  
-0.1283312354  
0.02506451141  
0.02968155435  
0.09987430891  
-0.1936735808  
0.026831063  
-0.26247749  
0.3467176236  
0.794669109  
-0.1616367091  
0.1302532809  
-0.8152539348  
-0.5761962526  
0.1939711802  
-0.09764495114  
0.5286783695  
0.7292805902  
1.204499464  
1.590743225  
0.8017413792  
0.9033183883  
1.186093999  
1.056336819  
1.096380786  
0.8837483004  
0.9811601259  
0.5650081057  
0.6112940749  
1.148168221  
0.6412119985  
0.7458290011  
0.5370474958  
0.5214432565  
0.4496260708  
0.7090765822  
0.9490110193  
1.008942845  
0.9588904589  
0.6453952332  
0.3014642346  
0.5772172528  
0.500562462  
0.5229316712  
0.7096736779  
0.4851347137  
0.9091643852  
0.8583433768  
0.6122204655  
0.6687468764  
0.7286879188  
0.8140929813  
0.9396025072  
1.055843323  
0.9349939466  
0.8429092892  
0.5811167149  
0.721059036  
0.3730597028  
0.3416813028  
0.9404768334  
0.2091795174  
0.3384992437  
0.2696156354  
0.2262485467  
0.1365555093  
0.3365887567  
0.6532013998  
0.4507794915  
0.3746859244  
0.2405579033  
0.3286011725  
0.3347871482  
0.3540348228  
0.2315517887  
0.4658930701  
-1.809381011  
-4.546289639  
-4.95162825  
-4.530574902  
-1.122202371  
-0.7798463472  
-2.778103775  
-4.815155346  
-4.02908436  
-4.186931588  
-3.835169172  
-1.448678022  
0.8764855737  
-0.1509357528  
-0.128646759  
-0.4959103718  
-0.3423006235  
-0.2981585835  
0.1256894726  
-0.4474639189  
-0.02109452706  
-0.4409130139  
-0.2175350922  
-0.2785270739  
-0.4457435101  
-0.5031763314  
-0.4418600602  
-0.4834656853  
-0.3242740777  
-0.4812740999  
-0.3920659475  
-0.4564140233  
-0.4934440341  
-0.235345797  
-0.3722529185  
-0.1150676826  
-0.4730587544  
-0.06281896665  
0.09430141504  
-0.04750653948  
-0.3776498984  
0.1280919176  
0.07800753804  
0.04924951738  
0.005250631964  
0.2506452856  
-0.6570208092  
-5.227909186  
-5.325193591  
-5.438544275  
