0.07438371462  
0.009608035742  
0.1725325469  
-0.3428953912  
-0.6488395794  
0.1240271632  
0.3075679645  
-0.008558473535  
0.01118822774  
-0.2950642285  
0.5153548417  
0.827499138  
-0.8270606365  
0.1399070324  
0.5198118657  
0.1277351207  
0.1627317514  
-0.9901940857  
0.4715561176  
0.1217467756  
-0.3511250845  
0.1460675956  
-0.4881594706  
1.54655978  
-0.01541719439  
-0.3234438773  
-0.1541926394  
-0.1134574682  
-0.1389858921  
0.6095443251  
-0.8101954184  
-0.4655838526  
-0.5309552424  
-0.007590884428  
0.4465580699  
1.773285859  
1.741215277  
0.3382202868  
0.5483044192  
0.135843727  
1.495774894  
0.1796768135  
-0.1676853372  
0.1662024815  
-0.478154636  
0.1233306091  
0.02411124161  
-0.1682262519  
0.01887212732  
-0.002381995977  
0.0310359704  
1.150765003  
1.172777828  
-0.03334764289  
-0.9129487542  
-0.1316052839  
-0.7032098524  
-0.3198838885  
0.4236359125  
-0.4588186508  
-0.0005740635308  
-0.04239623299  
0.3270793903  
0.4537332065  
0.4387573069  
1.464081263  
0.34703733  
2.777890285  
-0.2111392052  
-0.7967344235  
-1.254332295  
1.021111651  
-0.5709609504  
0.319972477  
-0.08153518336  
0.02774365869  
-0.6612893601  
-0.7130098459  
-0.1544925698  
0.124618205  
-0.06894053062  
0.1481020176  
-1.018132144  
0.9508796301  
2.746364296  
-0.4129685834  
1.321500791  
-0.992483824  
-0.06187585717  
-0.506775332  
-0.1827273112  
1.203670339  
0.03476207969  
0.6387283946  
0.8303363169  
-0.01084535994  
-0.2005857301  
-0.523097398  
-0.2290221442  
-0.1549236798  
-0.3990605303  
-1.121560975  
0.4614054011  
-0.1523828227  
-1.030800741  
-0.1746047547  
0.1302176553  
-0.485450585  
-0.6201888723  
-0.5361636759  
0.429921024  
2.90835766  
-0.2760741433  
-0.003915216564  
0.603533128  
0.1501433847  
-0.2276379374  
-0.01061727799  
0.6855533721  
-0.9628485322  
-0.1190106217  
0.007539616421  
-0.2636981768  
-0.1586252555  
-1.219404432  
-0.5556816624  
-0.4367717552  
1.338345758  
-0.1711800558  
0.09164346414  
-0.6867279519  
0.1565876038  
-0.5336951936  
-0.256921795  
-0.3549561075  
-0.5141606585  
-0.2802926904  
-0.05248688937  
1.878102911  
1.645090494  
-0.04269219498  
-0.6331580574  
0.01101649639  
1.773900222  
-0.2989955437  
0.04626578777  
-0.2686133612  
-1.117166116  
-1.405106632  
-0.6300311482  
0.3725498163  
0.9958180966  
-0.2079584591  
-0.5898728681  
-0.2895724799  
0.2781451118  
-1.01839128  
-0.8509180539  
-0.1245265482  
-0.3332846139  
-0.7140044212  
-1.133969476  
0.5306762316  
2.76889095  
-1.272491389  
-0.3541726789  
-0.1458010214  
-0.3061970643  
0.2384466267  
3.368151384  
-0.9874433095  
-0.2658721829  
-0.07603244643  
-0.5390367101  
-0.2649398372  
-0.1550959525  
-0.4071387418  
-0.5791702912  
-0.2563970197  
0.864226231  
-1.065982294  
-0.6646339241  
-0.5068595778  
-0.7203982059  
-1.158839215  
-0.8997916991  
-0.6064852762  
0.5617765486  
-0.3680598374  
-0.4593609116  
0.5956779328  
-1.471510075  
0.3376434431  
5.817401415  
-0.7204652921  
-0.4008493681  
-1.243992724  
0.1938267034  
1.887245415  
0.09479160597  
0.6672233684  
2.692338749  
-0.2133282681  
0.0878114615  
-1.172421982  
-1.136666826  
-0.7346594615  
-0.63052344  
0.4088720091  
1.3389925  
-1.878514853  
0.3522493124  
-0.3516983592  
-0.1985573471  
-0.4630393673  
-0.07347260869  
2.237376132  
0.7780360536  
-0.4428042088  
-0.438530364  
-0.5379091544  
-0.2511773105  
-0.4627907484  
-0.5645353982  
-1.029167694  
-1.091652486  
-0.6060875726  
0.2180625932  
-0.7732512242  
-0.1652653822  
3.473491358  
-0.6846282436  
2.003162342  
3.646633313  
-0.2265303604  
0.5768201083  
0.6952609936  
-2.504291947  
-0.7381137835  
-1.118736158  
-0.8327772739  
-0.9884411267  
0.6546194069  
1.933981607  
-0.1942283195  
-0.253516996  
-0.7554424326  
1.726675324  
-0.9990623233  
0.6660028146  
-0.7265177552  
-0.9896896948  
-1.10524963  
-0.09580793663  
-0.148803559  
0.7879443102  
-1.072870212  
-0.03822276165  
-1.588788199  
0.000870932193  
-0.9696854481  
3.206273233  
0.2322589396  
-0.500206956  
0.3366312191  
0.6967839833  
2.350109614  
0.1811122472  
-0.4493827745  
-0.7462430164  
-0.7464979509  
-0.9530728824  
1.776342862  
-2.087594207  
-0.6625695439  
-1.54543493  
-0.5742329017  
0.5894431583  
-0.8379893914  
-0.788816298  
-1.315150162  
0.8128161337  
-1.446555659  
0.0607701728  
1.705682777  
-0.849521051  
-0.7108165014  
-0.3178936193  
1.822485846  
-0.8107895371  
-0.1072388651  
0.3011307553  
-0.4804724658  
