0.9201891949  
0.8855497508  
0.7392968138  
0.9375514616  
0.9087897198  
1.011059784  
1.170458256  
1.011564499  
1.004081584  
0.9912504342  
1.066506866  
0.9505115281  
1.030479661  
1.076783776  
1.100938466  
1.088047559  
1.059601101  
1.051133832  
1.162867196  
0.9974518926  
1.104641314  
0.981809279  
0.9075269056  
1.019290977  
0.9969830669  
1.021821795  
0.9222050993  
0.9481536703  
1.066358764  
1.056147202  
0.9890096692  
0.9286532125  
0.9815668683  
1.133016926  
1.116653469  
0.9768022176  
0.9092623826  
1.161056302  
0.9575131342  
0.9917215021  
0.9311238469  
1.096979813  
0.9495768625  
1.047158463  
1.046828158  
1.140383095  
1.053366507  
1.089595318  
1.118974781  
0.9080080745  
1.090995132  
0.8946028415  
0.8729846765  
1.039563291  
0.9681670463  
1.128275869  
1.00408255  
1.162777  
1.024171747  
1.047812738  
1.006936262  
1.080184445  
1.071323676  
1.005847788  
1.057854703  
0.9220983316  
0.8464686595  
0.7135383282  
0.7408718979  
0.7935101142  
0.8709573005  
0.7903976237  
1.173940782  
0.8117597917  
0.9010692899  
0.8569749248  
0.8931898214  
0.9632968483  
0.8000254933  
0.8705786898  
0.9851468274  
1.037050923  
1.043872804  
1.005686649  
0.979921053  
0.9891535534  
0.9380936891  
1.016015435  
0.8954602293  
0.9797930606  
0.9306022112  
0.8628729436  
1.159639091  
1.019237233  
0.8680992004  
1.00084245  
1.065281393  
1.14668423  
1.100209472  
0.9998436019  
0.9370235775  
0.9970975903  
1.110544928  
1.062491422  
1.148506546  
0.927544542  
0.9515296535  
0.8552072311  
0.9988639886  
0.9700551349  
0.8597684525  
0.8642830962  
0.8184201659  
0.8559022817  
0.7894671451  
0.8727547185  
0.7273661179  
0.8871611141  
0.6157562484  
0.5896826723  
1.011770572  
0.9854656096  
0.955554023  
0.7397708174  
0.8487247193  
0.744363649  
0.879700624  
0.7691657722  
0.5855522169  
0.5761965998  
0.593053271  
0.5698685907  
0.7816533207  
0.4302986596  
0.393298936  
0.5317657092  
0.5223213998  
0.8910053947  
0.9543930227  
0.7565103677  
0.8882387758  
0.7667018593  
0.5991902047  
0.2976097633  
0.02594966427  
0.1141604965  
-0.0009514766673  
-0.1165280616  
-0.2039527294  
-0.09874599269  
-0.3760522244  
-0.4621508623  
-0.3779413252  
-0.3947736564  
-0.4028917837  
-0.4110110061  
-0.4964442822  
-0.4834623936  
-0.3889098926  
-0.6008575158  
-0.473717012  
-0.623199961  
-0.5337786164  
-0.7370618362  
-0.5389885982  
-0.03024283694  
0.4149438278  
0.074951053  
-0.1874700685  
-0.4634625056  
-0.5294054276  
-0.6263429196  
-0.4367109956  
-0.5487737353  
-0.527817143  
-0.7563771383  
-0.5486456751  
-0.7705004301  
-0.7452532004  
-0.8163352307  
-0.8002924122  
-1.043575759  
-0.978402568  
-1.247259224  
-1.031921083  
-1.268996222  
-1.027298272  
-1.247860995  
-1.192530807  
-1.286356237  
-1.066451442  
-1.114873687  
-1.203447  
-0.996610531  
-0.9545257472  
-0.3810956111  
-0.09533251747  
-0.6231120335  
-0.486509133  
-0.8386580515  
-0.6367748305  
-0.8534697996  
-0.7747005258  
-1.027838407  
-0.6617601251  
-1.024935847  
-0.8463288079  
-0.8138198271  
-0.6325138805  
-0.8390003433  
-0.8734342357  
-0.7788895367  
-0.9831516938  
-0.9357841013  
-0.8517988455  
-1.007554989  
-1.020487703  
-1.024411588  
-1.041266249  
-1.157474143  
-1.176976773  
-1.200984834  
-1.179604099  
-1.191145353  
-1.04697233  
-1.216439165  
-1.020606236  
-1.271466145  
-1.150853986  
-1.248041625  
-1.255168918  
-1.302405113  
-1.029383445  
-0.268007207  
-0.1066937142  
-1.569911689  
-1.169054846  
-1.335080417  
-1.246849319  
-1.227341407  
-1.496163963  
-1.444895194  
-1.61064292  
-1.551655208  
-1.590888712  
-1.436598566  
-1.590575873  
-1.596500314  
-1.709355153  
-1.67681494  
-1.693380406  
-1.663432595  
-1.696172386  
-1.701817286  
-1.662804567  
-1.70496198  
-1.680335706  
-1.716345243  
-1.636620969  
-1.676765549  
-0.9918008929  
-1.166640819  
-1.20344148  
-1.279782866  
-1.269564996  
-0.9998530315  
-0.6340151303  
-1.026871754  
-0.8588998378  
-1.048119179  
-0.9957447849  
-1.055874526  
-1.082560797  
-1.043435265  
-1.079572438  
-0.9846072121  
-1.010340465  
-1.252705609  
-1.090635481  
-1.248664347  
-1.187272252  
-1.256265676  
-1.216577147  
-1.244842522  
-1.27115784  
-1.280635922  
-1.33277618  
-1.164404869  
-0.8218260852  
0.2461671181  
1.28052144  
0.9990191361  
1.016485895  
