4890.071658  
4891.106106  
4813.782395  
4823.134998  
4789.402558  
4804.825659  
4784.305231  
4791.855088  
4677.19875  
4684.740059  
4956.631564  
4434.947264  
4848.12226  
4978.412103  
4613.780477  
4692.981174  
4797.319573  
4619.020731  
4896.052012  
4689.078801  
4639.137094  
4508.990246  
4511.631497  
4660.821833  
4957.66357  
5068.085284  
4680.922802  
5112.107746  
5013.192015  
4972.403867  
5062.092934  
4870.112859  
5146.098833  
4990.566029  
4931.537224  
4612.988611  
5112.393022  
4885.366529  
4783.754264  
5120.364563  
4955.696839  
5419.654266  
5049.619032  
4903.574442  
5080.989721  
4856.775516  
5100.582593  
4778.403005  
4658.443171  
4921.162167  
4710.167271  
4945.504965  
5247.813024  
4874.611174  
5021.493913  
5231.728435  
5268.622517  
5137.83991  
5115.249395  
5002.565093  
5189.214015  
4638.203741  
5217.819545  
4893.734547  
4801.813789  
4671.278751  
4880.494918  
4897.971592  
5094.413412  
5107.486192  
4930.247237  
4968.79354  
4943.13587  
5001.647431  
4566.171059  
5247.153793  
4873.969434  
4541.484798  
4958.506238  
4913.705868  
4480.392957  
4886.280126  
4715.65969  
5056.960156  
5270.079304  
4550.982923  
4583.401748  
5105.931992  
4554.533389  
4850.351751  
5016.081855  
4858.899667  
4643.079713  
4911.866592  
4900.448853  
4509.421765  
4919.075907  
4959.178145  
4804.922775  
4851.865  
4952.20099  
4821.465022  
4730.211879  
4939.318667  
4931.847673  
4973.842538  
4779.824426  
4738.237343  
4960.099994  
4802.86666  
5054.119622  
5183.099577  
4714.392413  
5035.411406  
4833.212392  
4860.838267  
4951.339441  
5104.139043  
4996.288779  
4826.307431  
5067.337006  
4980.934032  
5036.434569  
4969.522033  
4419.002846  
4912.461512  
4903.585626  
4715.322969  
4993.46704  
4879.817442  
4730.783729  
4415.267849  
5179.123025  
4874.615481  
4862.098852  
4825.740857  
5048.555371  
5048.336944  
4731.469778  
5019.624025  
4708.856331  
5072.619964  
5196.077231  
4910.960058  
4755.188048  
5031.111858  
4848.906594  
4834.231238  
4928.468698  
4814.518119  
4838.584844  
4781.799272  
5047.819047  
5066.415271  
4877.913193  
4592.103114  
4885.472388  
5306.158625  
4697.432853  
4990.153104  
5149.489401  
5265.166148  
4915.051326  
5243.99359  
4159.699687  
5047.754999  
5355.620623  
4973.093946  
4684.733035  
5244.538898  
4681.419411  
4790.31695  
4913.031058  
4711.003947  
4506.259038  
4768.603417  
4038.018263  
4843.622578  
5200.889944  
4853.991528  
4446.745004  
4933.446258  
5292.044099  
4558.458778  
5109.474834  
4759.642329  
5164.535735  
4692.136695  
4702.639049  
4937.636938  
4907.860053  
5025.163906  
4786.363909  
4828.818906  
5181.756472  
4658.147739  
5051.328226  
4759.193539  
4707.557576  
4394.145494  
4522.04683  
4542.734329  
4946.838325  
4340.463121  
4691.178845  
4672.852015  
4820.606329  
4732.915804  
4678.067651  
4988.637592  
5010.159929  
4984.979522  
4949.865113  
4743.714102  
5023.574156  
4516.503976  
5089.916425  
5005.899396  
4915.184277  
4809.415028  
4861.590171  
4727.257147  
4942.247066  
4905.115671  
5104.230365  
5349.666817  
4957.399786  
4764.807059  
4463.239491  
5007.178035  
4734.22691  
4790.017766  
4641.994747  
4422.715568  
4853.195137  
5435.54641  
4645.770777  
