6241.410218  
6500.12348  
6264.178149  
6160.009403  
6401.298212  
6240.915026  
6214.172494  
6164.44768  
6110.157488  
6342.405203  
6131.701107  
6372.09263  
6131.1517  
6176.100888  
6197.086789  
6154.339963  
6090.308333  
6698.686525  
6331.063335  
6135.781004  
6176.624753  
6168.646406  
6193.193936  
6084.338843  
6307.716875  
6160.236348  
6054.608625  
6273.632111  
6237.454069  
6156.823936  
6262.497206  
6165.590303  
6297.350214  
6337.362019  
6205.856114  
6168.07838  
6178.970887  
6163.727585  
6292.967508  
6138.926133  
6206.864526  
6384.62998  
6275.694625  
6168.848097  
6197.726894  
6246.225278  
6685.399913  
6290.507447  
6285.288548  
6329.753944  
6323.35097  
6153.6206  
6203.400539  
6170.982126  
6279.202553  
6551.134663  
6277.137496  
6191.982894  
6336.324355  
6168.141424  
6330.107397  
6114.085389  
6199.796898  
6198.439881  
6291.248663  
6211.516952  
6462.660187  
6124.401467  
6216.944862  
6169.978207  
6250.906318  
6330.079278  
6280.318145  
6420.150248  
6112.000307  
6641.614808  
5977.246713  
5999.380555  
6246.626065  
6164.527854  
6197.956991  
6241.156518  
6174.963593  
6121.047324  
6259.125862  
6145.771366  
6003.966291  
6084.856633  
6267.176898  
6326.981322  
6357.697263  
6036.593106  
6252.827816  
6073.805343  
6151.599538  
6330.926914  
6373.810671  
6412.797798  
6208.976126  
6280.411042  
6351.513689  
6356.443941  
6177.95912  
5886.62048  
6609.759166  
6245.061991  
6280.033474  
6047.163294  
6214.162733  
6439.906618  
6236.124394  
6212.847447  
6151.175968  
6250.87596  
6210.203226  
6239.622791  
6441.740247  
6281.414142  
6220.052472  
6140.967283  
6317.877233  
6173.523815  
6317.684588  
6220.794289  
6103.641551  
6548.43832  
6183.41803  
6226.513557  
6128.445659  
6625.750843  
6483.640713  
6117.283244  
6299.921654  
6205.39352  
6184.996758  
6432.503558  
6328.418919  
6381.552835  
6275.459072  
6503.046595  
6532.182781  
6537.433546  
6316.054184  
6560.899573  
6149.609655  
6494.052158  
6279.997275  
6571.159832  
6346.554325  
6637.080188  
6143.731705  
6503.392262  
6369.24719  
6364.872691  
6168.324764  
6539.624702  
6492.949003  
6101.808564  
6479.113692  
6437.964968  
6248.242843  
6413.396656  
6432.236596  
6304.69595  
6420.675003  
6517.756698  
6422.860649  
6357.095841  
6414.650692  
6273.592174  
6542.761824  
6485.930207  
6327.448247  
6790.720612  
6582.534388  
6519.483651  
6198.831721  
6239.444169  
6532.63137  
6398.221751  
6376.441636  
6243.069972  
6387.219882  
6328.058877  
6215.624049  
6355.39198  
6272.107283  
6225.994117  
6332.170171  
6411.896574  
6442.133763  
6517.662403  
6271.028549  
6531.630526  
6785.608055  
6605.848661  
6632.131106  
6528.227241  
6516.347237  
7112.395624  
6289.915946  
6705.366137  
6787.497409  
6206.357789  
6484.551223  
6394.626495  
6802.833326  
6238.716562  
6584.098746  
6208.436008  
6761.95166  
6739.94147  
6661.549987  
6298.932679  
6400.06279  
6252.060416  
6402.951059  
6273.439559  
6462.30796  
6474.013719  
6484.244786  
6291.239213  
6747.499133  
6456.35418  
6392.32495  
6619.035276  
6957.48011  
6853.351884  
6149.302492  
6467.787779  
6573.144903  
6921.797952  
7178.069729  
6872.132449  
7014.301646  
6369.756688  
6605.20037  
