7116.823525  
6861.714302  
6363.330105  
6271.272428  
6168.363913  
6341.118021  
6256.24063  
6272.719975  
6195.696173  
6279.488544  
6330.748474  
6634.417201  
6104.210092  
6336.0017  
6156.690845  
6703.38752  
6272.761476  
6250.932188  
6195.291079  
6243.377133  
6176.63761  
6543.337574  
6208.681488  
6304.88528  
6397.746154  
6136.167552  
6318.433279  
6263.546695  
6332.185786  
6210.52057  
6301.523293  
6169.387366  
6195.651309  
6256.382909  
6164.931218  
6562.492874  
6245.97631  
6095.50946  
6403.49771  
6166.875113  
6125.807847  
6253.220212  
6213.926684  
6169.083552  
6080.906308  
6154.821632  
6329.898022  
6119.468625  
6118.918378  
6379.254486  
5949.15442  
6526.146111  
6374.189682  
6245.804203  
6391.869437  
6336.029694  
6220.231031  
6387.292794  
6237.065212  
6291.079175  
6196.966227  
6540.741328  
6246.378611  
6290.313052  
6244.906243  
6347.862196  
6631.684511  
6156.762873  
6457.16007  
6397.485617  
6262.424374  
6215.397067  
6351.99912  
6437.816525  
6334.885914  
6179.916412  
6466.349601  
6280.902772  
6420.667658  
6110.031831  
6253.189796  
6135.410579  
6202.896649  
6544.432211  
6109.802545  
6513.192379  
6248.263891  
6268.160373  
6237.990708  
6302.056189  
6274.064569  
6253.656459  
6335.392062  
6269.211678  
6274.604388  
6288.84862  
6294.693229  
6428.336457  
6140.153107  
5888.454566  
6561.25528  
6423.782296  
6375.282202  
6497.283884  
6253.715575  
6269.059842  
6436.340625  
6288.939815  
6299.894299  
6606.752186  
6229.727045  
6236.755855  
6236.010025  
6299.640955  
6409.724242  
6340.167667  
6318.484371  
6420.211225  
6646.42394  
6235.302814  
6348.944612  
6498.199546  
6235.10528  
6272.104297  
6330.138557  
6382.369  
6401.131874  
6471.978218  
6028.40464  
6212.184747  
6491.113422  
6375.948187  
6417.525168  
6796.529996  
6465.950533  
6309.877064  
6366.334082  
6262.554257  
6443.628341  
6571.260013  
6527.795481  
6307.261227  
6739.457642  
6233.826329  
6239.681069  
6364.268116  
6381.142998  
6355.338635  
6116.114613  
6466.794456  
6322.384524  
6257.906246  
6139.109569  
6468.044043  
6109.347364  
6425.251409  
6462.103479  
6347.814798  
6206.012296  
6485.602857  
6339.750861  
6112.889055  
6561.367782  
6290.547384  
6042.047302  
6359.045832  
6185.644742  
6603.129136  
6223.684616  
6630.994975  
6588.531223  
6264.04837  
6314.909077  
6449.946044  
6146.586753  
6352.226006  
6533.708467  
6225.62269  
6427.604463  
6321.217031  
6286.409075  
6055.47281  
6016.429722  
6424.516795  
6332.799394  
6283.260976  
6377.473334  
5960.600032  
6593.014176  
6228.687391  
6319.39854  
6020.597154  
6630.798042  
6164.513054  
6589.415746  
6417.48512  
6260.211958  
6445.764453  
6500.861973  
6508.6217  
6586.674254  
6310.835737  
6349.350157  
6248.188838  
6296.801391  
6021.86469  
6045.889545  
6695.872602  
6124.219482  
6348.009908  
6432.393445  
6312.63666  
6229.412043  
6423.026721  
6451.3529  
6289.492422  
6185.624185  
6281.257774  
6246.302638  
6238.93778  
6274.696658  
6232.086015  
6780.091072  
6191.685364  
6358.894322  
6556.660136  
6229.533377  
6637.256616  
6541.015262  
6434.770732  
6379.971135  
6181.563582  
6160.597536  
6454.394346  
6265.920034  
6212.123766  
6278.558198  
6229.470894  
6410.447451  
6250.339336  
6148.444197  
6336.692119  
6288.517747  
6299.923944  
6593.505024  
6298.712865  
6891.554492  
6705.480736  
6231.618525  
6560.173808  
6151.507163  
6523.751193  
6306.800681  
6325.732808  
6537.350649  
6339.32881  
6271.193506  
6425.48587  
6388.180139  
6207.029197  
6364.228726  
6143.837116  
6938.265289  
6351.950122  
6386.682163  
6303.558078  
6377.725386  
6581.309199  
6551.715403  
6778.932543  
6938.850365  
6508.831256  
6496.854788  
6837.739019  
6193.988981  
6549.224451  
6289.063684  
6322.180679  
6571.972802  
6361.716206  
6409.090203  
6309.088752  
6652.40684  
6317.612582  
6324.759942  
6639.914158  
6608.21599  
6510.816366  
6313.203885  
6406.116019  
6795.480861  
6447.849909  
6327.145281  
