6653.985864  
6429.48301  
6215.115027  
6258.192889  
6255.399804  
6142.834454  
6226.58034  
6255.488983  
6445.341771  
6112.149876  
6038.979397  
6487.877205  
6363.984232  
6281.586643  
6281.729549  
6360.884277  
6177.385666  
6345.811352  
6663.855561  
6143.669525  
6187.073937  
6158.596594  
6220.649208  
6118.362953  
6111.59034  
6041.932776  
6463.825852  
6295.606771  
6487.625599  
6134.318417  
6112.939803  
6303.778685  
6165.515612  
6463.263612  
6189.898003  
6291.151354  
6327.695248  
6175.021713  
6145.621182  
6133.263574  
6101.675508  
6127.71357  
6168.893567  
6160.067521  
6154.813261  
6115.905488  
6108.787263  
6245.244123  
6134.670774  
6167.982183  
6349.910639  
6290.224569  
6287.071653  
6207.338048  
6318.912853  
6100.400753  
6365.537524  
6215.010866  
6320.45618  
6205.697852  
6427.677672  
6017.181484  
6004.358945  
6521.664188  
6239.559994  
6156.423518  
6171.950378  
6187.98733  
6331.366658  
6279.851019  
6127.288326  
6263.114057  
6182.151965  
6117.781484  
6140.90951  
6510.098727  
6167.410887  
6170.152404  
6057.162313  
6346.564282  
6138.523444  
6357.175788  
6340.371127  
6081.943113  
6100.755619  
6242.595989  
6166.700695  
6274.030907  
6117.267859  
6065.488915  
6188.100998  
6205.753892  
6282.469307  
6180.092919  
6330.998322  
6204.952546  
6455.956225  
6224.084852  
6278.817285  
6074.821687  
6361.01578  
6711.565365  
6467.037018  
6182.670289  
6172.389045  
6096.209935  
6144.189793  
6264.647579  
6118.92398  
6151.633153  
6093.58525  
6091.516768  
6391.464454  
6310.147453  
6054.258947  
6299.366536  
6323.423571  
6155.500567  
6371.457429  
6616.531297  
6181.746075  
6490.730125  
6340.646418  
6150.429874  
6843.376626  
6543.351927  
6271.17336  
6214.072943  
6170.099023  
6572.849368  
6531.100666  
6319.377296  
6080.96238  
6289.609212  
6461.337778  
6446.398985  
6155.132461  
6153.155151  
6149.751635  
6481.759023  
6481.071475  
6419.344918  
6168.742078  
6234.61157  
6054.362266  
6458.211471  
6447.564129  
6285.624637  
6390.712988  
6110.365939  
6015.374803  
6413.955578  
6083.353639  
6152.146349  
6487.676212  
6008.361548  
6707.685073  
6125.354535  
6182.981872  
6311.892776  
6122.889391  
6846.080247  
6740.332462  
6767.971708  
6573.076261  
6500.62062  
6244.379682  
6248.625309  
6075.794912  
6168.410033  
6463.266793  
6365.214887  
6157.835933  
6641.480557  
6013.212453  
6591.981708  
7299.030024  
6584.775182  
6980.817375  
6262.511357  
6302.217273  
6178.354864  
6324.305608  
6494.705663  
6500.138977  
6081.020205  
6022.821098  
6163.679544  
6605.436543  
6339.467117  
6023.966555  
6552.820676  
6437.728503  
6225.807998  
6200.930919  
6123.535677  
6057.327094  
6445.679427  
6521.751636  
7292.824156  
6321.894663  
6110.748335  
6229.401726  
6553.377984  
6319.163353  
6132.412121  
6224.38298  
6151.671783  
6537.45167  
6337.623875  
6235.817573  
6566.453258  
6335.028905  
6142.10992  
6128.926156  
6078.761594  
6357.281098  
6114.250648  
7076.738064  
6381.414939  
6470.718441  
6515.596665  
6695.390386  
6737.965306  
6383.218016  
6502.960759  
6605.618479  
6779.718775  
7128.14411  
6513.771252  
6303.452884  
6143.407296  
5986.100173  
6410.214799  
6391.732987  
6107.190098  
6510.845347  
6403.487698  
6107.05931  
6364.705059  
6342.760081  
6565.046804  
6548.809802  
6208.843905  
6667.550971  
6362.607496  
6898.430179  
6573.203414  
6959.744011  
6765.542028  
6911.456319  
6401.357219  
6969.201202  
6559.260895  
6211.89951  
6226.738615  
6236.90025  
6484.601704  
6193.140926  
6333.107705  
6662.684325  
6166.868963  
6724.820233  
6335.321725  
6074.814979  
6246.238041  
6249.577834  
6643.692683  
6450.450329  
6413.09178  
6454.059508  
6290.454953  
6623.323419  
6222.402052  
6669.204164  
6482.127074  
6437.654865  
6832.533087  
6376.572174  
6911.762444  
6216.820264  
6413.680791  
6349.299095  
6242.361063  
6691.01205  
6591.062889  
6607.523576  
6656.057032  
6455.263818  
6544.292145  
6352.990473  
7258.392529  
7229.933246  
