6550.618113  
6559.273987  
6381.991853  
6406.941723  
6505.710795  
6231.213653  
6256.70508  
6284.03507  
6274.303142  
6288.132917  
6113.30446  
6194.364441  
6452.853322  
6259.127313  
6132.821971  
6619.462066  
6410.929074  
6312.891526  
6249.353222  
6628.998034  
6121.469323  
6501.356101  
6170.36485  
6553.354152  
6805.106506  
6539.101511  
6713.76691  
6311.054957  
6761.943631  
6459.489469  
6810.798074  
6474.651359  
6419.900315  
6254.318772  
6509.446172  
6566.580617  
6591.687242  
6405.089964  
6754.194913  
6391.075218  
6480.639122  
6372.271074  
6262.127371  
6429.133882  
6311.860225  
6345.742298  
6349.254349  
6658.708168  
6828.51206  
6633.573953  
6591.912426  
6743.079312  
6399.807023  
6486.118374  
6942.744894  
6663.040691  
6537.004439  
6589.456714  
6708.74707  
6554.205735  
6614.70227  
6624.502284  
6307.962985  
6292.127503  
6798.886784  
6816.33653  
6716.026461  
6430.953291  
6457.281374  
6558.116154  
6731.736829  
6435.856305  
6479.739869  
6778.969321  
7187.006379  
6953.430423  
6951.928619  
6811.122498  
7061.546576  
6822.222099  
6909.90931  
6506.458915  
6558.920385  
6533.826261  
6514.660368  
6123.230951  
6339.970658  
6519.723857  
6462.663425  
6788.290611  
6264.649242  
6494.2379  
6480.50143  
6196.188123  
6104.532657  
6195.50762  
6285.788913  
6454.90385  
6323.707121  
6847.004943  
6365.544514  
6339.952027  
6755.86612  
6450.425231  
6268.972112  
6212.613337  
6269.338725  
6504.592985  
6353.942417  
6744.852254  
6360.248253  
6280.084173  
6638.654056  
6411.937197  
6580.211349  
6624.683323  
6728.057495  
6525.139046  
6361.794509  
6738.464322  
6630.186785  
6453.616064  
6468.188195  
6950.722908  
6182.219405  
6482.058549  
6383.616011  
6371.637419  
6748.29025  
6518.490818  
6246.076577  
6471.984622  
6027.544227  
6171.935599  
6515.328443  
5987.07795  
6181.740089  
6161.18314  
6478.989262  
6503.165875  
6110.6487  
6270.713536  
6168.001198  
6307.692022  
6341.462148  
6584.111707  
6180.28055  
6416.223898  
6249.648216  
6429.927065  
6490.051704  
6446.451503  
6423.597589  
6421.960938  
6714.654004  
6385.351256  
6334.066032  
6511.925726  
6648.759627  
6518.9935  
6684.514417  
6791.596196  
6264.423001  
6612.551525  
6479.755629  
6127.339755  
6160.625472  
5926.566282  
6550.915392  
6454.515617  
6121.841992  
6346.356222  
6203.199657  
6512.466832  
6566.050391  
5750.144001  
6393.890001  
6495.4513  
6609.646416  
6063.896967  
6502.459494  
6117.532982  
6346.702091  
6308.678629  
6425.791669  
5961.182368  
6114.571713  
6331.881963  
6455.84998  
6366.91321  
6224.013453  
6252.575044  
6603.011598  
6471.859653  
6276.065737  
6466.89389  
6328.023075  
6574.023968  
6364.482921  
6417.499904  
6695.99381  
6569.0587  
6400.363114  
6551.509237  
6241.873572  
6441.296563  
6560.683465  
6416.263849  
6428.770185  
6471.557781  
6189.896656  
6674.787582  
6317.61522  
6349.634353  
6632.227329  
6507.73451  
6240.353206  
6343.613516  
6660.654923  
6354.417483  
6635.879932  
6814.93362  
6777.207934  
6428.815084  
6975.567821  
7043.458699  
7099.330051  
6942.997903  
6714.914226  
6394.18572  
6901.078771  
7105.031575  
7101.878356  
7077.863383  
7149.565323  
6879.688925  
6802.457181  
