5085.153096  
4867.046966  
4818.583444  
4741.953523  
4540.731571  
4614.477758  
4755.601325  
4767.32161  
4746.022848  
4693.441356  
4817.314728  
4863.595733  
4492.920274  
4980.413501  
4848.626472  
4708.576332  
4760.596207  
4850.533671  
4826.925738  
4722.76572  
4783.766948  
4828.008154  
4881.006308  
4892.25352  
4331.018713  
4821.199259  
4893.969221  
4555.867676  
4628.667726  
4906.320228  
4825.648355  
4876.236942  
4947.822385  
4773.090474  
4959.637665  
4709.840595  
4542.993443  
5004.086419  
5035.179538  
4785.444416  
4784.41335  
5032.277415  
4810.523377  
4980.966575  
4917.982315  
4683.997112  
4985.196864  
4812.171778  
4859.908339  
4594.180774  
5036.890103  
4980.175714  
4926.895498  
4944.208292  
4593.36428  
5003.773803  
5064.184879  
4940.487898  
4650.636634  
4944.572157  
4774.11447  
4845.924793  
5074.950567  
4845.705873  
4973.005481  
5032.0041  
4866.108747  
4829.32118  
4947.436313  
4710.537238  
4892.288086  
4736.103362  
4795.902426  
4942.107674  
5062.723454  
4816.036695  
4894.730943  
4916.88477  
4830.626351  
4878.948321  
4915.460943  
4848.77087  
5138.129379  
4391.308276  
4934.049939  
4922.345593  
4836.526231  
4762.507148  
4778.845316  
4676.167206  
4619.179903  
4704.446981  
4979.701819  
4876.577966  
4862.412028  
5055.21489  
4747.232703  
5098.46222  
4669.236873  
4557.667506  
4921.48348  
4833.364921  
4851.236296  
4823.1347  
4578.78187  
4821.313968  
5165.654981  
4567.263816  
4634.766139  
4887.932633  
4745.393385  
4860.498655  
4684.937062  
4906.962517  
4774.165926  
4794.315584  
4711.677616  
4790.453922  
4860.78908  
4557.423524  
4787.944462  
4790.616761  
4850.908781  
4769.547659  
4921.151354  
4929.7007  
4883.296314  
4465.601188  
4478.790118  
4913.031878  
5208.181868  
4983.007101  
4518.001935  
5067.031026  
4932.606131  
5049.281326  
4778.624866  
4670.220483  
4690.118587  
5027.025305  
5023.648112  
4826.453983  
4843.873656  
4928.072069  
4897.258691  
4525.594403  
4693.967263  
5031.787738  
4725.774218  
4736.340916  
4607.773229  
4695.263614  
4593.049228  
4818.658577  
4494.269975  
4873.462336  
4643.758398  
4663.042679  
4644.818986  
4669.89889  
4773.282227  
4791.207559  
4815.501828  
5030.382462  
4913.812392  
4921.06078  
4844.938298  
4645.037052  
4661.113643  
4927.053639  
4959.55185  
4715.69935  
4988.927827  
4569.723315  
4949.736276  
4602.314067  
5085.620332  
4670.184281  
4648.593785  
4759.361472  
4877.573424  
4551.218214  
4667.738479  
4919.572539  
5020.154894  
4615.65957  
4441.19372  
4640.276586  
5024.47542  
4740.164109  
4830.286009  
4492.372605  
4772.625692  
4527.932643  
4779.083595  
4690.434581  
4713.252325  
4824.141494  
4732.992344  
4766.143182  
4547.237025  
4795.971271  
4842.647902  
4683.707025  
4846.991593  
4347.643275  
4794.277755  
4491.531538  
4302.047756  
5041.8028  
4744.354272  
4875.371422  
4772.630665  
4701.251548  
4688.28057  
4759.916145  
4693.762131  
4865.63857  
4932.173157  
4543.879123  
4771.882779  
4581.347037  
4479.295237  
4671.487692  
4920.092201  
4807.826982  
4804.332644  
4564.270408  
4831.371838  
4845.49536  
4761.583011  
4522.117513  
4755.369202  
4593.801088  
4769.333754  
4797.295863  
4746.564102  
4442.370696  
4489.430286  
4873.275549  
4748.266947  
4630.903163  
4726.894146  
4593.15882  
4687.795011  
4622.381798  
4731.077244  
4876.481788  
4646.573947  
4767.511478  
4261.577263  
4808.060004  
4874.436983  
4842.594954  
4459.16535  
4737.150755  
4793.493462  
4701.486646  
4789.084865  
4644.00497  
4673.263482  
4651.181705  
4597.015443  
4604.752963  
4707.638615  
4724.779045  
4863.279925  
4536.884459  
4982.466413  
4967.81193  
4725.544037  
4876.548344  
4777.51976  
4384.079275  
4365.138886  
4970.696885  
4502.074192  
5010.789329  
4651.891547  
4562.827916  
4845.655618  
4674.385786  
4776.525716  
4746.099747  
4846.099806  
4459.662597  
4873.678656  
4914.995548  
4537.055943  
4551.680997  
4594.385174  
4680.42664  
4607.682712  
