0.9170049877  
-0.2111650585  
-0.3308123156  
-0.6964943597  
-0.6697650522  
-1.160867772  
0.76485207  
0.1916021254  
-1.108814684  
-0.02137047341  
-0.4601162255  
-0.381024316  
2.187174911  
-0.3481467364  
-0.2305690249  
-0.1645528297  
-0.7982894285  
-0.9635019045  
-0.2527912106  
0.01636008219  
0.2800460031  
1.859242077  
0.06633517726  
-0.3728927924  
-0.1593717802  
-0.4366115236  
-0.4488629654  
-0.8422700956  
-0.9046971931  
-0.2191626292  
-0.2606250611  
-1.247757449  
-0.5358316472  
-0.7577861404  
-0.6337110856  
-1.520258408  
0.957892994  
0.5889196943  
-0.6131452092  
-1.116083836  
1.082931704  
0.871897964  
-0.664250011  
-0.9473628105  
-1.233485606  
-0.6610153617  
-0.7500029094  
-0.6334216272  
-0.2161226891  
-1.787866323  
1.326871477  
0.5557897748  
-0.2967757963  
1.534318843  
-0.1787992508  
0.4278924151  
-0.8501702062  
0.499816672  
1.698673811  
-0.4291653542  
-0.9595290574  
-1.14019976  
-1.262036648  
-1.29942193  
-0.1121135427  
-0.9714519282  
-0.814815547  
0.4473849112  
1.267937486  
-1.459589561  
1.528912691  
0.7009619325  
-1.079585488  
-0.4737196511  
0.1805883971  
3.154367  
3.030394861  
-0.09028411986  
-0.2215423124  
0.007830608623  
1.10760764  
0.6884939131  
0.5271824421  
-0.4944403855  
1.305127319  
1.982548052  
-0.763651789  
0.4701851057  
1.005393757  
0.5337260665  
-1.604748684  
-0.5684142232  
-0.4699719636  
0.1091883085  
-1.05526955  
-1.107119664  
0.6194478596  
0.2609114813  
-1.667782208  
0.5541200351  
-0.1627767338  
-1.264490039  
1.36587089  
2.577675823  
-0.9985744443  
0.4449103621  
-0.3586058471  
-1.324922966  
0.007453542788  
1.245436181  
-0.5108382699  
-0.419491965  
0.2055877643  
-0.3685288673  
-0.3875574683  
-0.8846490301  
-1.048453278  
-1.168195792  
-0.9358548268  
1.703246667  
0.5031348829  
-0.5273130117  
1.753933755  
-0.4128370987  
-0.1876305147  
-0.7098600468  
-0.2313853375  
0.1511902606  
-1.102358392  
0.8818899754  
2.197478507  
1.844865458  
0.8848366497  
0.8280480376  
0.03156839283  
-0.9395009946  
1.88723657  
0.9108603783  
-1.096574034  
1.341207486  
0.7013680093  
0.6445887702  
0.6785656987  
0.5654654522  
-1.237019404  
1.674290476  
-0.6104176949  
-0.2883976518  
-0.8632578597  
-1.472107882  
-1.044862492  
-0.596444554  
-1.567981711  
0.00490327688  
0.1253473525  
-1.667885008  
0.2450750878  
-0.7329757103  
-0.9025876786  
-0.9490883978  
-0.8166787416  
1.15573292  
-0.5662332173  
-0.8453311946  
-0.7481989622  
-1.048571825  
0.2189145494  
3.147841454  
-0.5023480479  
0.2415925911  
1.274913103  
1.65954101  
-0.4288927824  
-1.079893129  
-1.562616791  
1.169668803  
0.1878073386  
-0.01509241782  
-0.4106203447  
-0.8344251258  
-0.4647701251  
-1.18276641  
0.2138349608  
0.4940830615  
-0.6652462418  
-0.1234088923  
1.30227137  
0.3830675483  
-0.9059917203  
0.3710387988  
2.11999004  
2.094424172  
-0.0204383158  
1.10708713  
0.5272810934  
1.63757067  
0.6879793798  
-1.067208089  
-0.5919891863  
0.8661945519  
-0.4924560571  
-0.5583306077  
-0.6364656019  
-1.008230277  
0.2007156436  
2.378151334  
0.2231234516  
-0.6926360095  
-1.32984153  
0.596852645  
-0.6876851631  
0.2828771926  
-0.7616489815  
0.7345681824  
1.723694354  
-0.8508507365  
-0.4594184523  
1.588212187  
-0.3684390089  
-0.55166633  
-1.29045118  
0.9442333514  
-0.1369746639  
-0.3789959633  
0.6214305068  
-0.4884283049  
-1.059462623  
-0.3460008558  
0.637706096  
-0.4317520941  
0.3535367123  
-0.6644462953  
0.5752175597  
2.851733568  
0.001074192433  
1.456224212  
-0.4363862916  
0.6275230447  
-0.5808052608  
0.6801292108  
-0.380682701  
0.1499238202  
1.43906428  
-1.311824733  
-0.6070723876  
-0.1403174777  
0.5951158561  
-0.6872054021  
1.905561081  
0.9228418965  
-0.6348124506  
-0.6492932731  
1.223150526  
1.135191461  
-0.5536569017  
-0.9948208047  
0.1965378648  
-1.215306261  
0.06635452424  
1.147561321  
-0.8242679827  
0.2922031084  
0.8568699631  
-0.4485256331  
-0.3394020228  
