0.9203728183  
-0.2147221863  
0.7714494768  
0.8822015163  
0.9091111522  
1.014072529  
0.7284997727  
0.889846973  
-0.1291554954  
0.791192962  
0.3569462549  
-0.2832487689  
0.0341866984  
0.4291950209  
0.7882469864  
-0.54179953  
1.054800079  
1.037598176  
0.4452931038  
0.3901266944  
1.052018451  
1.009391179  
1.120581372  
0.8061045096  
0.04793039393  
0.1944708549  
1.457377075  
-0.6123616379  
-0.5413014575  
-1.266264401  
-0.1659058426  
1.274889449  
0.4343994153  
0.2778231308  
0.5456343231  
1.095843892  
0.7060348345  
1.182514483  
-1.08051255  
-0.9311997681  
1.182502316  
0.7779086238  
0.6702313794  
-1.245661725  
0.7674947284  
0.6214967466  
1.368654075  
0.3147009951  
1.217467542  
-0.3341141613  
0.7735670959  
-1.405470173  
-1.116767109  
1.271629619  
-0.1597323916  
-0.6228137984  
0.6080348785  
0.4593568441  
-3.016186953  
0.09934845238  
0.8841246343  
0.5839864456  
-0.8585112317  
0.1990272494  
1.002196975  
0.3878239639  
0.7421335049  
-0.4722460566  
0.291436545  
0.6994819871  
0.5821268171  
0.1652741069  
0.1691223482  
0.929271707  
0.2804128148  
0.9768770679  
-0.2030863763  
0.28203559  
0.782471744  
0.569565196  
-0.2294914773  
0.4525328856  
0.650830626  
0.8890720795  
0.4319600451  
1.173142383  
-2.129791615  
0.7330361881  
-1.922460876  
-1.290153437  
1.31357768  
-0.5591474747  
0.2545742739  
-1.902425528  
0.9812023306  
0.09684185383  
1.131395394  
-0.3573309264  
1.014034469  
-0.920176073  
-0.610428089  
0.4521836691  
-0.4172537258  
0.888527508  
0.4155256913  
0.915376772  
0.6234674349  
0.8236275484  
0.5062255273  
0.4592871322  
-0.6015000066  
-1.058272454  
0.9386900635  
0.07391941461  
-0.06858023067  
0.1094232572  
0.2640796379  
-2.072766356  
-0.2585229971  
-2.518381727  
-0.4614067854  
-0.01608725511  
-0.123834842  
-2.15780975  
-0.06475725376  
-0.0933340458  
-1.295870498  
-3.694692442  
-0.3426138359  
-2.107021755  
-0.1697603508  
0.8123803408  
-0.6005615942  
0.5131769831  
-0.390055652  
-0.5642068849  
0.4238268911  
0.6282296908  
-1.541300724  
-2.321367453  
-1.316094424  
1.129001979  
-0.07409398634  
1.001346653  
0.1367620331  
0.9836128708  
0.3543841407  
0.7810203156  
-0.1078072763  
-0.8319045338  
0.6651501119  
-1.90208794  
-0.2180878399  
0.8499822194  
-1.562085901  
0.4513066372  
-1.128792526  
-0.1089543142  
-0.4591430755  
0.3489778349  
-0.1284147324  
0.1929830661  
0.7796700538  
0.5034740653  
0.7150663891  
0.4886856519  
0.8006719928  
0.3195846894  
0.676528455  
0.725825038  
0.2718942441  
0.8043287443  
0.5332685701  
0.6685817246  
0.3754250784  
0.7697131973  
-2.358852796  
-0.7163954994  
0.5608376758  
-0.5499534916  
-1.53739053  
-2.253794648  
-0.4499798749  
1.145538297  
-0.3285877087  
-0.5427336173  
0.3221629616  
-1.082413731  
-0.104554879  
-0.06964299599  
-0.8315534262  
0.4455316508  
0.7657991923  
0.06019635093  
-1.127873215  
0.6796227815  
-0.220358137  
0.9848223352  
-0.8411514684  
-0.7459881401  
0.1532077414  
0.08401295406  
0.2566155629  
0.4653000852  
0.4111174896  
1.003709046  
-3.700759289  
-2.663102676  
0.4758020802  
0.1773395034  
-0.3202042302  
-1.873573227  
0.1084733046  
0.9218654932  
-0.8143258488  
-2.512170514  
0.6258782987  
0.05849507475  
0.7962817945  
-3.182184986  
-1.530989264  
-0.1368739585  
0.2436006358  
-0.365963659  
0.4097446813  
