8444.806523  
8045.638797  
8142.218987  
8147.840838  
8399.719625  
8409.656326  
8084.633631  
8358.955165  
8675.114322  
8272.808717  
8309.202291  
8252.341173  
8170.250491  
8169.343842  
8029.083031  
8560.767225  
8248.387086  
8247.679889  
8177.791424  
8263.340836  
8170.050958  
8626.940429  
7975.412362  
8224.520689  
8564.541392  
8120.274805  
8125.274416  
8126.947813  
8117.834694  
8135.857138  
8295.931979  
8150.971751  
8141.263884  
8104.772438  
8032.802428  
8004.530683  
8578.35423  
8134.379164  
8016.158772  
7888.873554  
8056.156469  
8055.454365  
8021.830636  
7858.541263  
8057.45919  
7931.249571  
8034.413327  
7911.408777  
7712.698858  
8091.268279  
8212.637918  
8177.9638  
8321.553549  
8291.078087  
7949.324268  
8138.279285  
8239.755451  
8079.95824  
8533.905436  
8277.10311  
8352.409266  
8496.34455  
8470.206225  
8496.58197  
8311.561884  
8381.565232  
8417.136781  
8238.697541  
8350.880098  
8432.223906  
8500.709118  
8525.717823  
8439.84808  
8312.143341  
8111.643838  
8219.389489  
8580.236311  
8264.275543  
8122.750814  
8205.700846  
8409.959576  
8235.118789  
8285.920975  
8462.299298  
8194.319296  
8509.90943  
8448.010631  
8241.443585  
8298.914392  
8522.462048  
8346.300371  
8397.604337  
8391.685542  
8553.579671  
8533.653126  
8375.895961  
8166.670703  
8688.670728  
8467.878425  
8254.314147  
8252.263132  
8298.926512  
8275.059148  
8607.780745  
8838.711297  
8809.477413  
8702.212973  
8711.867646  
8544.012968  
8469.317487  
8401.252275  
8545.155336  
8425.019097  
8407.764872  
8372.925752  
8458.519489  
8274.387477  
8639.019358  
8984.889659  
8687.235841  
8399.646105  
8375.33175  
8518.710154  
8499.46789  
8490.825541  
8473.441384  
8573.491261  
8430.489766  
8766.409939  
8701.41128  
8629.756775  
8344.399458  
8438.901728  
8588.674963  
8562.79999  
8543.283272  
8405.650454  
8124.645015  
8132.576803  
8430.753927  
8473.67164  
8445.765353  
8528.517677  
8841.980695  
8151.390995  
8552.930477  
8620.376484  
8381.120556  
8664.828481  
8435.891625  
8467.086895  
8431.479424  
8310.023206  
8710.072518  
8524.319567  
8303.953239  
8389.44755  
8179.898883  
7731.677076  
7899.505556  
8220.281807  
8180.007253  
8637.223514  
8053.932127  
8269.21966  
8301.441977  
8687.01828  
8269.240404  
8377.226785  
8481.674783  
8025.271724  
8630.931065  
8353.929886  
8193.48211  
8581.515794  
8829.33834  
8248.528657  
8667.389713  
8051.872017  
8160.117917  
8090.39603  
8624.269032  
8256.51811  
8226.395717  
8344.768981  
8285.750074  
8262.649025  
8585.283996  
8643.308747  
8658.469453  
8705.051693  
8374.421773  
8536.206841  
8510.73914  
8296.005455  
8419.080704  
8451.703347  
8265.674094  
8470.36637  
8614.409951  
8379.408147  
8379.341615  
8428.671493  
8745.371928  
8384.353527  
8615.233167  
8470.407458  
8836.354886  
8597.990528  
8766.687076  
8763.569265  
8694.546952  
9036.40315  
8430.624717  
8416.751985  
8880.295708  
8732.41271  
8806.43077  
8818.664395  
8639.738935  
8560.114768  
8378.557689  
8562.2411  
8882.968085  
8548.214468  
8925.256287  
8684.330463  
8631.402261  
8725.48612  
8788.199304  
8218.518633  
8486.856323  
8772.903156  
8576.651408  
8655.309917  
8711.2973  
8702.833986  
8372.209763  
8378.21624  
8606.03931  
8624.145274  
8527.316893  
8523.943642  
8494.336276  
8429.704956  
8467.800132  
8460.458398  
8412.068779  
8387.605967  
8643.868389  
8563.227599  
8611.458979  
8837.197606  
8780.057646  
8449.77615  
8515.247498  
8443.277959  
8514.192194  
8803.285738  
8477.10039  
8439.989895  
8621.230898  
8471.26141  
8782.989674  
8597.635307  
8408.798532  
8754.104016  
7504.964219  
7661.782069  
8220.283062  
8036.499551  
8195.481207  
8638.837449  
8702.186866  
8389.84725  
8429.005876  
8582.886395  
8564.996031  
8460.249993  
8657.085515  
8819.086992  
7821.194436  
8464.915166  
8225.805289  
8112.301803  
8146.896148  
8498.964033  
8282.343384  
8235.406143  
8112.424974  
8447.115298  
8498.83012  
8363.434455  
