7292.97293  
6918.677798  
6841.064735  
6884.305828  
7023.045208  
6809.401158  
6790.222007  
6954.916239  
6815.757288  
6814.559131  
6890.550626  
6901.209847  
6775.054495  
6895.672928  
6874.570399  
6935.397075  
6802.918916  
6790.506215  
6838.280192  
6874.320904  
6789.851207  
6860.157199  
6780.065789  
6814.833104  
6816.215469  
6895.081137  
6826.478988  
6856.070325  
6820.860277  
6957.326528  
6697.044994  
7067.694423  
7183.103737  
6795.55513  
6895.066376  
6820.576402  
6912.924234  
6892.686485  
6850.126438  
6870.473408  
6786.220912  
6882.94353  
7055.747895  
6700.611118  
6807.927577  
7001.603233  
6743.482198  
6818.063048  
6840.460906  
6907.594217  
6852.861192  
6883.296587  
6995.95509  
6751.672085  
6744.522548  
6902.121589  
6795.764755  
6775.695524  
6734.629269  
6722.756182  
6666.935383  
6776.402992  
6688.213264  
6732.996373  
6714.157303  
6864.62469  
6834.869469  
6959.412155  
6803.548307  
6873.247724  
6639.556391  
7102.79452  
7114.673329  
6786.264242  
6865.655093  
6773.126844  
6892.042257  
7020.056447  
6815.868856  
6927.351629  
6926.629975  
6969.258092  
6838.102925  
6977.656103  
6733.191442  
7002.626189  
6972.178187  
6846.570595  
6804.025962  
6771.629307  
6962.724105  
6677.415949  
7109.820063  
7212.638717  
6817.51932  
7158.723285  
7158.58665  
6914.190065  
6854.276984  
6936.595725  
6897.919001  
6958.628135  
6942.853937  
6893.018499  
7000.082548  
6992.117111  
6883.082652  
6961.564511  
7338.287  
6989.325695  
6951.577514  
6802.740237  
7116.758581  
6974.504308  
6965.498123  
7298.963519  
6925.980018  
6951.217711  
6877.19979  
6981.145745  
6886.541207  
6976.031867  
7045.297974  
6923.412394  
6867.491614  
6983.308212  
6758.064787  
7075.670339  
7108.638828  
6911.578134  
6974.956297  
6855.133004  
7136.885233  
6912.222983  
6992.500601  
6877.772569  
7008.253394  
6973.483565  
6864.920917  
7015.391753  
6900.916515  
7000.376984  
6947.854601  
6896.204775  
6870.029723  
6842.198467  
6902.936193  
6774.85056  
6867.033287  
6883.375823  
7034.421739  
6985.12067  
6851.200174  
6988.145156  
6735.715751  
6789.436829  
6901.893937  
6891.582526  
6754.999626  
6778.900328  
6738.293795  
6620.38463  
6823.826385  
7015.819832  
6723.660122  
6841.303057  
6800.708774  
6798.393651  
6885.316112  
6553.140219  
6556.504657  
6857.978402  
6922.519432  
6822.045081  
6993.328452  
6641.378138  
6663.287649  
6781.361414  
6932.750688  
6749.582006  
6897.606643  
6782.502552  
6680.80614  
6905.929113  
6897.221209  
6931.625441  
6727.964646  
6827.420693  
6837.737133  
6689.740154  
6977.585311  
6921.163327  
6934.534158  
6936.556231  
7017.739864  
6931.287584  
6812.663259  
6901.326457  
7020.123056  
6849.039236  
6955.648863  
6899.777188  
6884.829398  
7001.189144  
7004.084199  
6826.789012  
6969.351391  
6885.795504  
6909.993591  
6697.41256  
6907.409216  
6920.345984  
6842.180253  
6871.004272  
6814.320279  
6979.672391  
6861.908714  
6861.090892  
6906.36149  
6916.565704  
6905.316692  
6772.925178  
6921.983811  
6863.026373  
6957.833522  
7010.720094  
6717.463057  
6854.236093  
6826.798071  
6833.24744  
6727.558976  
6882.165977  
7127.63102  
6791.750642  
6963.027725  
6877.983527  
6959.355247  
6951.741393  
6926.279267  
7358.011245  
7029.172287  
6971.95989  
6868.142707  
6918.202425  
6811.672079  
7150.006321  
7109.190421  
6973.402338  
7122.244964  
6941.696097  
6901.494722  
6871.384004  
6863.261222  
6880.832746  
6970.673854  
6894.221317  
6890.093771  
7046.534455  
6823.78131  
7078.977795  
6859.347677  
7042.396324  
7018.119895  
6831.880056  
6901.750125  
6904.019533  
6948.794211  
6917.9849  
6932.562991  
6973.761502  
6811.657338  
6901.114177  
6794.743611  
6909.349066  
7042.986486  
6967.95281  
6935.751662  
6794.206702  
6919.110616  
6939.708147  
6850.816433  
6974.581397  
6960.107031  
6958.13471  
6883.213554  
6903.454171  
6891.885677  
6948.482849  
6910.169176  
7998.240637  
8352.827552  
8380.794007  
8274.514126  
