-0.3612208668  
0.2064798916  
1.349936139  
1.070891437  
-0.3086778037  
1.258257376  
1.15015972  
-0.6719219698  
1.562196804  
-0.4416409759  
-0.488958058  
-0.7461195477  
-1.275673483  
-1.070904253  
0.5380686879  
1.280288691  
-1.226056863  
0.6557097917  
-0.585465339  
-0.9299500941  
0.3164991402  
-0.7606671733  
-1.078467826  
-0.03032092562  
-0.394283328  
-1.58146638  
0.6099992226  
0.05503489692  
-1.214202104  
-0.9155331725  
-1.134158454  
-0.1917505974  
-0.2855071847  
-0.8568850792  
-0.8087022716  
-0.9808433951  
-0.7491322016  
-0.7011902007  
-0.61749484  
0.8611895999  
0.4346980692  
-0.05716969891  
-0.1473676985  
1.52611935  
1.439533211  
-0.9904554639  
1.46127204  
0.2376043263  
1.05433879  
-0.4270088974  
-0.4928197095  
0.3720145429  
-1.267456512  
0.4306270449  
1.228464202  
0.06899868614  
-0.406344548  
0.3965581241  
2.438668997  
-0.3564992869  
-0.2871102724  
-0.8453226069  
1.480103812  
0.4877138887  
-0.103035318  
0.4633405131  
-1.201559771  
-0.2091956074  
-0.9552827479  
-0.6383358245  
-0.4046217264  
-1.236764215  
-0.6455936266  
-0.05713843374  
0.7968385801  
-1.560450076  
0.5709182729  
-1.301008811  
-0.6245112988  
-1.237429637  
0.9215574533  
-0.1019113342  
1.838375575  
2.633489971  
-1.005996195  
0.6252411643  
1.488567322  
1.906437743  
-0.7274769053  
0.7676882517  
-0.6606404759  
0.1987019936  
-0.727976608  
-0.2682514707  
-0.341987098  
-0.3558994372  
-0.711336709  
-0.4644379437  
-0.5014727284  
0.06136245151  
-0.7749045863  
0.1955311551  
0.1050583126  
0.7754663034  
0.8208898996  
0.6036072029  
2.695594416  
0.2726590781  
-0.622503997  
-1.069150346  
-0.6304389348  
-0.7749225458  
1.073851225  
-0.004724376767  
-0.8629944458  
0.2704974142  
-0.6808244769  
-0.1175570058  
0.7421827465  
-0.1554496122  
-0.2069246677  
0.6199819892  
2.642603247  
0.7164996323  
0.1395240023  
-0.6116705705  
-0.969559118  
-0.6001618355  
-0.858761539  
-0.8428471688  
-0.3674057583  
0.5183631696  
-0.3720641015  
-0.341423377  
-0.4449638417  
-0.6056948323  
-0.6819254856  
-0.582030684  
0.3901115729  
2.15989083  
-0.289169918  
0.400444722  
1.537469967  
-0.5019093124  
0.8286776564  
-0.8048909496  
0.1500646521  
-0.1060835467  
-0.2730423991  
-0.5069288866  
-0.3151365705  
-0.7022451073  
-0.2414395205  
-0.6794779327  
0.05943550453  
-0.7070685547  
0.6885623554  
3.303409287  
2.130433602  
2.545116621  
2.839802523  
2.040469066  
0.02864100787  
-0.109671281  
0.1943442264  
-0.4937879793  
0.07967228374  
0.2548717597  
-0.2361056542  
0.04382983799  
0.2227885983  
0.1019694865  
-0.3270203783  
-0.7959755539  
-0.5830489595  
-0.4645080488  
-0.9157150296  
0.02240497511  
-0.5583691956  
-0.3915507967  
-0.5811579363  
-0.2554226977  
-0.5456192101  
0.488145918  
0.03130355175  
-0.3104025594  
-0.7093192708  
0.133200205  
0.6032536075  
-0.3271442494  
-0.677620245  
-0.648260693  
-0.6251534063  
-0.7850574934  
-0.6572917963  
-0.5586668668  
-0.7619635257  
-0.3073055311  
0.5974575406  
-0.4740714705  
-0.61514325  
-0.8956326185  
0.1277249262  
-1.209865033  
0.8691157473  
1.000776579  
0.7209765247  
2.219492672  
-0.3616771932  
-0.4722580438  
1.543651208  
1.055543855  
-0.261503942  
1.640293704  
0.41252014  
-0.6413953506  
-0.9995440121  
-0.1742620892  
-0.9059185131  
0.2189623269  
1.032506335  
-0.827715198  
-0.5802537246  
-1.20872802  
-0.03828984736  
0.0892028564  
0.400470695  
-0.02014847125  
-0.05394634026  
0.7320283058  
-1.37525387  
-0.4907642299  
-1.07348555  
-0.403110929  
-1.115865661  
-0.2817747581  
-1.061651009  
-0.2870684386  
-0.2998915898  
-0.6123837226  
-0.2612961334  
-0.6112236092  
-0.6010572657  
-0.6228232103  
-0.6590148815  
-0.6419561047  
-0.6065333103  
-0.5954160672  
2.026784664  
2.695148409  
0.5578486219  
0.1060969862  
0.4256499396  
-0.117474223  
-0.5480080947  
-0.4508049733  
-0.7550830692  
-0.5480758025  
-0.6569863674  
-0.7634451652  
-0.4257381509  
-0.2019664965  
-1.542475463  
-0.2559498659  
-1.307238649  
0.4543994311  
-0.6494171975  
0.6835213832  
1.182249672  
-0.6973809483  
-0.3948462696  
0.1047307409  
0.4477378163  
-1.064665049  
-0.3608095526  
-1.008502253  
-0.5040387232  
-0.5479185842  
-0.07227600774  
-0.9353201542  
-0.2785773229  
-0.8415478198  
-0.1943124165  
-1.180001157  
1.466819987  
1.342346988  
-0.3656201498  
1.423961001  
1.846785327  
3.70803933  
4.531891931  
4.156685095  
1.132910711  
