7119.197263  
6842.869571  
6773.24534  
6827.589428  
6931.597775  
6882.174322  
6781.910894  
6776.020061  
6832.676574  
6890.813282  
6857.895174  
6923.745823  
6807.586281  
6713.954368  
6942.807789  
6818.005855  
6826.064662  
6782.291417  
6831.415985  
6756.709158  
6920.772932  
6940.567359  
6811.555378  
6876.585693  
6865.708964  
7026.823066  
6715.987234  
6830.530209  
6860.487436  
6784.119416  
6807.664792  
6736.213613  
6908.865372  
6828.174838  
6886.188234  
6969.838825  
6710.107206  
6828.005853  
6986.985046  
6875.819695  
6943.604572  
6869.165948  
6829.581273  
6860.769748  
6936.943451  
6691.881919  
6851.660999  
6892.545528  
6812.178016  
6954.715822  
6924.774663  
6908.495562  
6654.51404  
6756.577271  
6864.091522  
6883.087166  
6779.566091  
6943.689121  
6979.245144  
6719.164317  
6932.790045  
7047.476908  
6697.146289  
6881.764068  
6969.53324  
6910.317912  
6975.299525  
7023.494514  
6905.341325  
6931.990072  
7094.414462  
6780.438157  
6838.584123  
6873.198384  
7015.556801  
6878.678198  
6875.362914  
6825.646892  
6882.204694  
6959.538656  
6974.250496  
6948.384029  
6822.150719  
6967.196069  
6819.73841  
6959.300147  
6828.941106  
6844.814685  
6879.689107  
6358.228446  
6981.555656  
6585.493548  
6849.340819  
6814.00873  
6706.165159  
6925.770188  
6966.109958  
6775.35274  
6891.546182  
6760.449033  
6875.320242  
6800.821135  
6832.217607  
6770.147683  
6904.557895  
6825.569142  
6706.621635  
6583.861193  
6735.84924  
6758.906697  
6567.995425  
6798.268497  
6968.09005  
6704.429479  
6952.937642  
6606.383352  
6829.674657  
7275.862008  
6780.151703  
6901.073241  
6882.214814  
6577.442461  
6675.643867  
6852.548984  
6612.111171  
6779.079264  
6935.460931  
6839.692872  
6978.695689  
7033.420638  
6776.947577  
7231.244377  
6584.452593  
6907.446502  
6767.009084  
6907.710768  
6859.331447  
7018.126505  
6764.080982  
6800.474049  
6950.267118  
6811.651575  
6849.62905  
6851.734593  
6845.298456  
6894.717193  
6724.116945  
7052.458034  
6924.834677  
6889.67427  
6892.192329  
6972.675173  
7011.187132  
6962.149913  
6945.597193  
6920.636772  
6876.133122  
6958.168087  
6852.25267  
6961.691221  
7008.562288  
6791.106248  
6997.327474  
6891.936785  
6814.245214  
6926.909377  
7019.781786  
6996.838689  
6964.536816  
6907.251808  
6859.222337  
6799.364577  
6938.532702  
6935.322448  
6882.056859  
6786.114809  
7080.135513  
7023.41232  
6891.333894  
6983.895819  
6818.919496  
6891.001642  
6720.373264  
6826.879476  
6863.133409  
6935.247228  
6914.539004  
6870.325281  
6686.112681  
6746.165859  
6832.772871  
6648.188076  
6983.797795  
6885.163004  
6884.051856  
6969.972957  
6820.239223  
6940.05309  
6800.05693  
6762.435888  
6858.054612  
6809.329392  
6676.002402  
6869.776549  
6846.115818  
6834.84384  
7082.1286  
6840.549351  
6930.66711  
6756.751179  
6971.606903  
6872.590845  
6944.753233  
6914.009333  
6988.17032  
6944.902652  
6927.284639  
6912.605919  
6966.027221  
6930.430392  
6945.624623  
6820.165211  
6883.291007  
7020.627659  
6969.645319  
7061.3734  
7025.591484  
6838.996137  
6863.448237  
6884.449013  
7024.699245  
