-0.1608833492  
0.2073178253  
-0.8544829887  
-0.09839587725  
-0.005914182967  
-0.3655635927  
-0.7085704912  
0.8452768382  
-0.7174692462  
-0.2745298492  
1.319377493  
0.7772458026  
-0.5417370065  
0.537371302  
1.713238591  
-1.630213225  
-0.2288092043  
0.1745507836  
-0.1109522979  
-0.8081031845  
0.8224133783  
-0.3220176503  
-0.244513729  
-0.8225037064  
-0.6228957433  
-0.9603982651  
-0.2076284044  
-0.6846504653  
-0.6390681527  
-0.2186373879  
-0.8002018879  
1.078793084  
-0.06103633362  
-0.3047241761  
-0.6739326623  
-0.2991725685  
-0.9569682631  
-0.3446724045  
-1.038835591  
0.2459834946  
3.3205166  
0.2772644548  
0.2976105311  
1.338893674  
-0.2565314062  
-0.1019445736  
0.3438801217  
0.4328208316  
-0.7845246609  
0.1058587229  
0.3710977362  
-1.096876385  
-0.7466195049  
-0.4796903167  
-0.7874762167  
-1.00241445  
-0.7297988121  
1.223959941  
1.084996607  
-0.3340955403  
-0.4939750498  
-0.3012919935  
-0.6499161781  
0.1803663339  
1.244484849  
-1.338461753  
-0.3217765659  
-0.3199955302  
-1.23201271  
0.2405348262  
0.4992863551  
-1.351300568  
-1.04735799  
-1.086918334  
-0.8415858317  
-0.6207579263  
0.9465599292  
0.1212066121  
-0.4548802358  
-0.6641291932  
-0.7833369715  
0.7510062345  
-0.7433263788  
-0.9589917457  
-1.401979595  
-0.04418390978  
-0.1981831673  
0.2638719487  
0.7326966413  
-0.7799471193  
-0.64186759  
0.469545979  
3.58053219  
-1.507317983  
-0.1327446162  
-1.644438157  
-0.4971854503  
-1.20883815  
0.4779742496  
0.2907556961  
0.08776444297  
-0.7355613351  
1.790928345  
1.325223244  
-0.4321461009  
-0.6878689567  
-0.4493946991  
-0.09561111513  
-0.822826635  
-0.6666978854  
0.03061870442  
1.610080482  
-0.8184714364  
0.5906136652  
1.084606274  
-0.2672688774  
0.4448729322  
-1.02790152  
-0.4921291696  
-0.9289579191  
1.951629302  
-1.333440317  
1.67305776  
2.720881308  
0.240601178  
0.2694275343  
-0.7673443356  
-0.8496753354  
0.4018875718  
0.828437175  
-1.409418532  
-0.4294503574  
0.5369879732  
0.2033917653  
-0.5170002841  
-0.6144755199  
-0.5012335114  
-1.186887039  
1.097085585  
3.940588572  
-1.130455477  
0.08448182303  
-1.454728539  
-0.119178107  
-0.08545780274  
0.2389625839  
-1.13023127  
0.8489131376  
0.4192947598  
-0.281097724  
-0.4093395544  
0.4040098941  
-0.8837999374  
1.136678903  
1.109404005  
-0.2807855508  
1.689159283  
-1.349259386  
1.16036985  
1.167812672  
1.377422918  
-0.5594693222  
-0.04611945909  
0.8919656614  
-0.3886929533  
0.4442578016  
1.782219582  
0.8761855783  
0.9634691144  
1.236136824  
-0.2827616493  
3.066541181  
3.381142531  
1.220546569  
-0.003308888649  
-0.4929170245  
-0.4809556343  
-1.035721333  
1.308483696  
1.607799405  
-0.9202941214  
1.018167765  
-0.8833249809  
0.3718852253  
0.149519865  
-0.7209301556  
-0.3001291734  
0.2749344227  
-1.284321782  
0.4671357279  
1.690657838  
-0.4446493179  
1.137071165  
1.082426313  
-0.6996174835  
1.066587357  
-0.5600776871  
0.7202975833  
1.639542608  
-0.9362066261  
-0.2675045482  
-1.55521025  
1.552805782  
1.899514639  
-0.5458411036  
0.5652132044  
-0.2319827451  
-0.0620866078  
-0.5943375275  
-0.7050134347  
-0.6831165551  
-0.2385554249  
-0.3524396841  
-0.9367012221  
0.05383832945  
0.9192470309  
-1.079025236  
-0.3148352696  
-1.113335221  
-0.7342592086  
-0.8702790458  
-0.4946937199  
-1.138651042  
-0.6150136966  
-0.1454482904  
