-0.2803209465  
0.3011309875  
-1.058191007  
-0.6261485749  
-0.8553164063  
-0.4027489  
-1.097558671  
1.115679867  
-0.08967209387  
-0.8217815662  
-0.6133910464  
-0.8117367963  
-0.7378116917  
-0.7382276356  
-1.088300095  
1.301083307  
-0.04140875717  
-1.144126296  
-0.6050325988  
-1.144001442  
-0.2407433854  
-0.6232313005  
-0.6804946465  
-0.7946805591  
-0.933569458  
-0.5162505279  
-0.7824097274  
-0.009354426317  
-0.2226721698  
-0.9251646764  
-0.6738814184  
-1.01691564  
-0.7801756955  
-1.008171226  
-0.5785587359  
-0.5846021573  
-0.8682692932  
-0.8245490592  
-0.6765635652  
-0.9677503154  
-1.148201414  
-0.4463042135  
-1.30018995  
1.890295513  
0.5330563132  
-0.9212098879  
-0.3357565687  
0.182517373  
0.08192700199  
-0.7526665102  
-0.1412440999  
-0.6873546326  
-0.8154358188  
-0.9550147521  
-0.923213053  
-0.7022751562  
-0.7002443055  
-0.689316849  
-1.097573859  
1.645565813  
1.773602565  
0.3602002155  
0.07158468104  
-0.7931602225  
-0.7058198739  
1.894992259  
1.728741521  
-0.9327861293  
2.277586876  
-0.4491783158  
-0.5855884083  
-1.156373746  
2.013316812  
0.5184072378  
-1.28542351  
0.02407547802  
-0.5597808981  
-0.8048031392  
-0.5321228722  
-0.3194133146  
-0.8669183527  
-0.7571426437  
-0.06484857353  
-0.7786758027  
-0.7612241486  
-0.8789092448  
-0.5691042868  
-0.6117107417  
-0.9198333231  
-0.6176615507  
-0.2435032954  
-0.7737602206  
-1.083209876  
0.7858898123  
0.3141065919  
-0.8100333483  
-0.5683600799  
-0.9249430284  
-0.3841703115  
-0.09071694679  
-0.3123746508  
-0.9156431958  
-0.3061499358  
-0.4638419762  
-0.3235388851  
-0.8672680107  
0.1385546772  
-1.060430593  
-0.2830929347  
0.249077919  
0.2018580189  
-1.093695727  
1.99892508  
0.7311977497  
0.05917462707  
-0.309681776  
0.124581842  
-0.9685533415  
1.220352726  
-0.4418077864  
1.810757899  
0.4231054942  
-0.6197049732  
-0.6512445968  
0.4610897154  
0.01382230248  
-0.01830556971  
-0.2195223334  
-0.5236404545  
-0.3343481103  
-0.4293853323  
-0.5753865425  
-0.2776235925  
-0.1461916035  
0.5691527413  
-0.8801681975  
1.773630997  
1.004214268  
-0.6498415503  
0.7100988066  
-0.6802855887  
-0.2649862405  
-0.7276323733  
0.3250989701  
-0.7899113761  
-0.3822621283  
-0.4114675185  
-0.2340847735  
-0.6847729892  
-0.2051089286  
-0.8164502363  
1.746189171  
0.9213090222  
-0.8806306565  
1.722995196  
2.27311368  
1.121266416  
-0.2643336529  
0.6241425408  
0.04021213426  
-0.4013905918  
-0.01331489599  
-0.2910825839  
-0.7636676229  
-0.1377324685  
-0.9812467129  
1.827140973  
-0.2454158824  
-0.3871732431  
-1.01513953  
1.635429148  
0.08487108902  
1.764511604  
0.8492568039  
-1.083607769  
1.032882282  
-0.3278048114  
-0.1643226622  
-0.284577007  
-0.4407947733  
0.155402037  
0.3330847572  
0.1182431286  
2.554588916  
2.628602988  
0.04056347405  
-0.6637963024  
1.780745469  
3.399988311  
1.335602629  
-1.003601653  
1.887308622  
0.8832058524  
-0.1586289671  
-0.2459112369  
-1.0270131  
2.667830668  
0.5886426021  
-0.2916982389  
-0.5336225326  
0.7955360055  
-0.1304008721  
1.846516237  
0.3401421404  
-0.9069886615  
1.383317459  
2.357425893  
-0.3760115185  
1.994981805  
0.9618024999  
2.434306968  
1.663632581  
-1.080428597  
1.943242455  
-0.3538409972  
-0.5110830244  
-0.5655500086  
-0.2749276326  
-0.551674058  
-0.4537214224  
-0.07380493917  
0.1599450077  
-0.2329973965  
-0.1938930279  
2.134354916  
4.179409826  
0.4524038645  
-0.5499805967  
0.5698562012  
-0.6783235001  
-0.2653701428  
-0.9807168255  
1.890756479  
0.3812042584  
-0.8697910525  
0.01445201781  
-0.5710743365  
-0.4911963095  
0.1993881477  
0.3817381136  
-1.00298842  
0.62769948  
-0.911469474  
2.513236163  
1.979322809  
-0.1004346018  
-0.3844639999  
-0.04018094973  
-0.2249267411  
-0.4209598942  
-0.2875158539  
-0.4813378088  
0.1117469137  
0.5612567221  
0.2465930304  
-0.2090582685  
1.582557667  
1.025760156  
-0.428258905  
1.027089138  
-0.7102635087  
-0.07675556507  
-0.6686430336  
1.996628913  
0.4410150051  
