8325.448872  
7807.845551  
7926.052035  
8000.972297  
7891.862513  
7901.813167  
7765.553258  
7796.689131  
7843.743403  
7825.128802  
7812.12807  
7855.708886  
8103.334379  
8070.282505  
7618.914217  
8046.383523  
7854.319225  
7786.245822  
7827.760751  
7705.379049  
7850.992658  
7736.131117  
7807.144687  
7979.216151  
7718.213746  
7778.479588  
7828.931637  
7708.656439  
7768.661691  
7864.07633  
7862.59208  
8027.00089  
7970.09234  
7820.968229  
7764.610105  
7786.878639  
7886.590853  
7702.223578  
7729.322581  
7865.751009  
7846.435195  
7685.288797  
7960.387657  
7901.217699  
7744.739008  
7837.148095  
7710.695163  
7939.327868  
7709.431503  
7848.409664  
7740.58548  
7867.860455  
7822.215475  
7874.516812  
7663.362855  
8005.904346  
8061.536343  
7618.756884  
7704.071629  
7595.202222  
7610.554581  
7617.674784  
7763.505312  
7688.545544  
7694.938314  
7807.765076  
7775.392713  
7977.820305  
7995.202861  
7837.357298  
7691.797597  
8429.814259  
8101.960012  
7726.041632  
7811.336224  
7765.915639  
7901.065555  
7930.78406  
7926.514964  
7759.338968  
7908.149827  
7859.899632  
8054.435661  
7879.365443  
7894.869049  
8066.482781  
7951.736432  
7835.982556  
7733.002853  
7996.873497  
7920.802916  
7708.894501  
8167.136639  
7952.813045  
7833.635572  
8133.070563  
8077.635509  
8046.004573  
8126.118403  
7849.327561  
8077.891901  
8080.675128  
8015.464697  
8022.641769  
8196.614692  
7898.449902  
7867.925184  
8308.783246  
8241.781197  
7955.374975  
7762.111913  
7827.024615  
8032.278304  
8077.878329  
7885.220381  
7952.289769  
8005.021505  
7842.344084  
8104.802991  
7901.928581  
7839.133835  
8034.673712  
8102.843485  
7852.602659  
7692.910044  
8130.246506  
8004.840363  
8425.578368  
8209.97997  
7862.733615  
8007.903542  
8108.533602  
8247.050637  
7961.113564  
7903.800033  
8028.254377  
7920.850296  
7884.175365  
7944.578834  
8244.524428  
8043.208667  
7951.596381  
7843.076782  
8025.92484  
8012.064622  
7781.292703  
7882.665383  
7784.554581  
8000.015152  
7824.364986  
8187.25926  
8060.704992  
8211.89827  
7911.509937  
7982.219705  
7772.476588  
7782.445433  
7814.141557  
7678.744895  
7715.36044  
7923.417551  
7919.474577  
7641.70951  
7900.128355  
7886.212976  
7733.581579  
7808.052461  
7599.484618  
7720.733882  
7676.500348  
7476.057971  
8113.869284  
7869.503337  
7842.567821  
7908.754078  
7745.066723  
7677.430201  
7646.778203  
7784.931879  
8086.191283  
7841.264207  
8003.983127  
7737.617518  
7758.91699  
7810.18121  
7909.858505  
7699.677782  
7644.021488  
7969.299321  
7771.503223  
7834.962952  
7840.006349  
7851.313136  
7763.238321  
7952.332086  
8097.696207  
7844.866184  
7629.66655  
7983.30407  
7715.83487  
7860.533448  
7784.161237  
7789.545437  
7842.751635  
7829.857193  
7902.218303  
7851.049042  
7833.298125  
7776.360516  
7849.245391  
8091.925416  
7994.406092  
7733.356762  
7893.746654  
7678.068954  
7804.242834  
7990.294508  
7914.979677  
7800.327757  
7826.298722  
7826.721674  
7894.059642  
7782.370352  
7795.584258  
7696.286775  
7817.357354  
7782.800421  
7667.157765  
7758.920509  
7671.48826  
7581.536091  
7765.678038  
7809.082688  
7784.023666  
7822.253077  
8129.531794  
7974.926592  
7816.177062  
7973.112207  
8345.29142  
7983.864722  
7993.203067  
7808.391039  
7750.908429  
7856.622415  
8031.627731  
7889.732471  
7828.215002  
7901.389105  
7854.612195  
7681.742566  
8140.587888  
7938.75136  
8080.190009  
7925.73554  
7735.525119  
7880.293416  
8079.477168  
7993.638776  
7967.7628  
7698.792244  
8070.931146  
8043.403731  
7766.458431  
7928.145064  
7761.760646  
8279.714881  
7932.821063  
7900.944822  
8036.873358  
7810.529701  
7771.4384  
8040.676819  
8051.855762  
7907.03198  
7859.138202  
7743.835529  
7739.726924  
7689.143784  
8020.306859  
7758.943964  
8163.939117  
8073.246028  
7796.398544  
7849.507484  
7890.752747  
7710.288012  
7862.232256  
7740.83979  
8625.798654  
9113.047225  
9065.158014  
9019.808899  
