-0.1572420383  
0.8197370395  
-0.3642265004  
-0.6563408968  
-0.5117155675  
-0.9017253159  
-0.5849508094  
-0.9237427458  
-1.043019209  
-0.8075263624  
-0.8373746201  
-0.1928527021  
-0.4129488039  
-0.5403519463  
-0.7129453718  
-1.005457617  
-0.8504281782  
-0.7464477285  
-1.368429729  
-0.9640872803  
-1.171604826  
-0.2819895619  
1.080977066  
-1.457333889  
0.3704611968  
0.6740270941  
-0.7788605125  
-0.8909226928  
-0.7449160945  
-0.9888614825  
-1.325872021  
-0.7546364184  
-1.057639785  
-0.8158539257  
-0.9572574735  
-0.9605430383  
-1.081098778  
2.338103227  
2.090329645  
-0.3332674504  
-0.8660375574  
-0.7223234931  
-0.0786515992  
-0.9711404798  
1.197048535  
-0.9845127225  
-0.6454277569  
-1.189134991  
0.2082067644  
0.05120288332  
-0.6406134509  
-0.8203880094  
-0.509148015  
-1.27385154  
-0.6778032505  
-0.8702419579  
-0.9159557357  
-0.2336016517  
-0.1090883459  
-0.8974228115  
-0.6722063488  
-0.3560557893  
-0.07128610705  
-0.874896128  
1.141509382  
0.6637523305  
0.1765662173  
2.175217852  
-1.428081478  
1.214265221  
1.039081606  
-0.6305014487  
-0.3760357389  
1.244011848  
1.090351417  
-1.218871666  
-0.6214973916  
-0.7554831149  
1.182886518  
-1.498868874  
0.3743101665  
-0.6445376696  
-0.6350612064  
-0.005834411944  
1.775930835  
1.396305097  
0.1362144035  
-1.426075842  
1.175419179  
2.597794967  
-0.8659436773  
0.2107573591  
-0.3203675061  
-0.6097607699  
-0.7878986684  
0.6837549264  
2.705823658  
-1.349390451  
1.002831282  
1.930528976  
0.3199401443  
-0.8497407991  
0.1497604082  
-1.572742089  
0.4995686658  
1.998407545  
2.937949759  
-0.05523485632  
2.446587298  
2.891870201  
-0.2294420892  
0.5853354245  
0.4373669003  
-0.5777018388  
0.7967481686  
-0.742741258  
0.8106289385  
0.1543047957  
1.061791863  
0.8399112295  
0.1130999229  
1.54983719  
0.6870202758  
-0.04217613924  
0.4072018872  
0.2474587564  
-0.4988012417  
0.4208498222  
-0.4243436131  
0.2872695339  
0.5562076305  
-0.5066970111  
1.038997333  
1.682825063  
-0.900330496  
-0.09740316674  
-0.6810700358  
-1.034841134  
0.01438492443  
0.8498506549  
0.4726053486  
1.816797536  
-0.496958879  
0.9917383678  
-0.7986345592  
-0.5933170303  
0.8834448424  
0.5567951081  
-0.5627814855  
1.027772986  
-0.3715294525  
1.402496235  
1.220704242  
-0.7769675881  
0.955826022  
3.302464203  
-0.9123670257  
0.5395788734  
-0.5442975298  
-0.00637562719  
-1.019499341  
1.049008082  
1.800389611  
-0.7279776362  
0.2606705679  
-1.047535202  
0.52250788  
1.892594189  
-0.9908805793  
0.8994613323  
0.580487525  
-0.5730213123  
0.07892836484  
0.65033708  
-1.00284998  
-0.425783342  
-0.8059614341  
-1.053764525  
-0.3979457338  
-0.2015929365  
-1.269874207  
0.5660846674  
1.557765465  
2.515119057  
1.877903333  
-0.9634483676  
-0.5768896321  
-1.216206812  
-0.4822892423  
-1.051442595  
0.02604699175  
1.576436121  
0.5086882561  
0.1532617053  
1.337210476  
-1.248616676  
-0.08775765468  
-0.5754446961  
-0.09421684261  
0.1764075249  
-0.8105404148  
0.2605745192  
-0.7133436721  
0.2163809116  
-0.4056240263  
-0.6694565977  
-0.7370769176  
-0.07209068419  
-0.1943704082  
1.419084812  
0.1244770257  
-0.5797984434  
-0.4999829522  
-0.5226186178  
-0.4628044658  
-0.3365176463  
-0.08488370085  
-0.09412221718  
-0.3701085694  
-0.4283125386  
-0.3520185009  
0.641702646  
-0.06360388561  
0.6056493124  
0.2232547326  
