7599.633577  
7128.751183  
7016.53073  
7164.099095  
7591.141515  
6786.120845  
7060.752246  
7076.953043  
7073.900195  
6963.534049  
6953.09259  
6962.905301  
6858.759895  
6920.973596  
6910.489756  
6941.032194  
6947.996986  
6805.397616  
6931.255957  
6885.785536  
6948.208468  
6963.432769  
6996.264657  
6887.91142  
6966.55163  
6912.397436  
6956.71003  
7064.950493  
6918.125694  
6960.373406  
6939.324435  
7115.068966  
7185.674753  
6906.915789  
6923.825741  
7031.126197  
6987.949657  
7111.981886  
6904.872557  
7118.808466  
6892.690013  
6936.841759  
7109.67723  
6829.216801  
7342.707586  
6932.466001  
6985.259988  
7070.993001  
7061.025205  
6765.017289  
7007.743102  
7018.12839  
6911.31075  
6959.844343  
6885.281247  
7157.357363  
6899.840274  
7053.911164  
6801.450424  
6794.699702  
7119.858572  
6999.433517  
6839.102467  
6838.657271  
6946.839853  
7109.238532  
6874.908527  
6908.918494  
7003.932093  
7009.15676  
6922.616521  
6962.799048  
7044.159425  
6824.213587  
6939.194363  
7105.266268  
6809.378932  
6764.935393  
6798.764472  
7010.803311  
7030.477616  
6984.019939  
6965.410082  
6853.533552  
7058.510928  
6949.481776  
7025.635073  
6847.681294  
6993.979086  
7140.51026  
7005.89803  
7103.263315  
6971.146503  
6779.803359  
7044.006221  
6927.287177  
7014.060148  
7003.724348  
7004.920741  
6950.079267  
7000.777167  
6979.962596  
7041.311886  
6917.092136  
7009.644855  
7019.879141  
6960.459735  
6833.662639  
7025.219441  
6850.041672  
6990.47529  
6886.493699  
7167.67478  
6827.865134  
6970.196036  
6857.548253  
6791.014713  
7053.005354  
6871.155429  
6765.89136  
6808.797863  
7068.959261  
7398.876733  
6978.337623  
6983.106739  
6740.975178  
6892.77664  
6949.394994  
6934.039816  
6892.895393  
7000.562776  
7018.462102  
6939.08209  
6938.447103  
7019.704653  
6913.282793  
7006.049284  
6896.982831  
7441.334246  
7146.092592  
6986.393938  
6805.487268  
7069.330682  
6888.789922  
7204.473626  
7074.836973  
6976.090834  
6943.284429  
7094.17666  
7073.12276  
6964.791894  
7109.505604  
6953.957653  
7056.084966  
7030.383073  
7005.597883  
6943.337488  
7143.954297  
6830.999993  
7232.937251  
7414.69405  
7205.651655  
6980.124291  
7115.481443  
7193.250046  
6986.257203  
6987.876185  
7122.762276  
7220.730213  
7086.837431  
7107.385869  
7123.245965  
7098.410539  
7023.791833  
6899.994158  
6850.186901  
6928.728089  
6848.190063  
7149.179771  
7159.318212  
7416.904973  
7340.80842  
7096.439885  
7020.369174  
7053.70177  
7046.449201  
7055.311846  
6854.127797  
6942.577329  
7129.643266  
6990.663367  
7035.023063  
7019.523526  
7018.127247  
7050.003401  
7013.355978  
6981.893966  
7018.822639  
6802.012147  
6958.43461  
6647.467346  
6935.775305  
7036.369716  
6773.585386  
6989.579679  
6962.829059  
7135.534231  
7095.270462  
6947.734306  
7259.511676  
6902.802402  
6997.299269  
6960.141361  
6931.856277  
6964.181123  
6968.554323  
7157.968639  
7016.390083  
6902.035245  
6869.399762  
6987.072529  
7004.780075  
6977.962473  
7010.503795  
6992.101898  
6937.802039  
7605.997337  
7262.004127  
6923.188292  
7094.869401  
7069.801571  
7072.677742  
6859.178289  
6941.438775  
6990.083461  
6944.06703  
6911.424507  
7060.532555  
6884.738897  
6965.001131  
7105.265848  
6984.462169  
7032.35605  
6992.078032  
7079.035714  
7047.778479  
7068.9792  
6976.476227  
7035.55542  
6784.45  
7042.292319  
7176.743798  
6911.215406  
7031.685492  
7250.914702  
6947.954175  
7006.213598  
6883.215092  
6939.425095  
7016.407097  
7048.23071  
6768.142772  
6944.890317  
6920.44588  
6998.187985  
6932.273016  
6840.310681  
7070.446829  
6804.834586  
6942.326543  
7145.356543  
6951.345923  
6881.665824  
6948.266737  
7012.571738  
6890.468817  
6935.052001  
6988.65185  
6873.244311  
6797.942033  
6663.507222  
7000.096012  
6804.253781  
6937.133144  
7004.864436  
6893.976523  
7002.375422  
6887.477597  
7601.347164  
8392.642412  
8413.464835  
8378.268241  
7430.49604  
