-0.1609157316  
1.656746222  
0.7049943486  
0.22294728  
0.05902456608  
2.44287073  
1.509368998  
-0.2734734247  
0.2070726933  
-0.5154700059  
0.1594032229  
-0.7643482113  
0.3300198166  
-0.2204056372  
0.6990001072  
2.762626271  
0.6351987321  
-0.6474801337  
0.5392438069  
0.2005813914  
-0.29092268  
0.1732960098  
-0.0303439099  
-0.1134069757  
0.2966275238  
-0.1866096233  
-0.1866166191  
0.002697312362  
0.01986825507  
0.2398808288  
2.579458782  
1.227823134  
-0.8820711384  
0.7802397445  
-1.147836503  
2.645910338  
1.088093804  
-0.6862543734  
0.3483418358  
-0.6762954234  
-0.1666075324  
0.1568178638  
-0.8597446205  
-0.4791756559  
0.1363681133  
-0.7697289503  
0.6343891257  
-0.8810893001  
0.6471741448  
-1.161976805  
-0.3994450928  
-0.4202456672  
1.433559478  
-1.535503379  
0.3529915  
-1.682845451  
1.023837704  
-0.4651200634  
1.756594392  
0.7786953124  
-1.056252376  
-0.2921787412  
-0.6301328928  
0.5430286467  
2.052804852  
0.3104172439  
-0.2487515852  
-0.8002058256  
-0.596956624  
-1.751547574  
-1.388711015  
-1.290786213  
-1.167693988  
-1.139269096  
0.4670718212  
0.220032801  
-1.180507011  
-0.0883335008  
-2.31017803  
-0.34966869  
-0.2920686145  
-1.038485336  
-1.67698965  
-0.8602810825  
-1.943880153  
1.240446443  
0.4107918071  
-1.933965132  
-0.9317510644  
-1.65870794  
-0.9016408432  
-1.901103231  
-0.4768737731  
-2.124264488  
-0.5959254514  
-2.220745573  
0.3362530981  
-1.59319945  
-0.2436897155  
-0.03100214428  
-1.705963355  
-0.9583861835  
-0.9446685735  
-0.8784090171  
-1.196831652  
-1.202216291  
-0.9181901732  
-0.4886380162  
-1.430355505  
-1.15623254  
-1.046442842  
-0.6721022862  
-0.7789020214  
0.1391807434  
-2.033625036  
-0.8007965547  
-0.8960259083  
-0.264687559  
-1.218262979  
-1.181463336  
-0.8231584264  
-0.8762909563  
-1.014482653  
-0.7883304014  
-0.1381929518  
0.6047316693  
-0.4079598641  
-0.3022723257  
-0.3951082624  
0.355477718  
-0.4437949817  
0.6648533326  
1.642320591  
2.465415459  
1.053494911  
-0.8867019535  
-0.586650983  
-1.127429475  
-0.2769851492  
-1.061235844  
0.7287410108  
0.1668682394  
-0.7424096101  
-0.5811562951  
-0.6981315807  
0.05813316975  
-0.8421173198  
-0.7830356181  
-0.1694140942  
0.3564714022  
-0.2382172196  
-1.198392545  
-0.3937379609  
-0.8085782445  
-0.5977526946  
-0.6742361214  
-0.5565194742  
-1.327668804  
-0.4540524123  
-0.8336929216  
-0.343707923  
-0.5705696302  
-0.7707325908  
-0.5710767871  
-0.7119262337  
-0.7633211708  
-0.6004447696  
-0.4778533292  
-0.9381324015  
-0.3899636864  
-0.8054094872  
-0.5439347505  
-0.6008250022  
-1.209722649  
-0.8871170149  
-0.4345340392  
0.2627625101  
-1.994882441  
-0.2763344202  
-1.110732484  
3.655356068  
0.6143966235  
-1.163552668  
-0.4923742432  
0.3175560985  
-1.130338101  
0.3134652967  
-1.493152728  
0.8146547576  
-0.2310255929  
-1.216120875  
-0.8057194493  
-0.3051083552  
1.477692822  
1.869274892  
-0.5243131192  
-0.9205468746  
-0.7100390669  
-0.7574210374  
-0.9048288617  
-0.2288918339  
-1.779556336  
1.505552617  
1.013720479  
-1.573797513  
-0.8572979271  
-0.9396647691  
-0.6578398977  
-0.4453307731  
1.063446554  
-1.146445356  
-0.06833755585  
-1.478058141  
-0.4395179041  
-1.528072746  
-0.4014889329  
-1.514366813  
-0.5320711861  
-0.8496043487  
3.191439249  
-0.6090304913  
-0.8002337418  
-1.165130343  
-0.8623212925  
-0.9384314425  
0.09227731649  
-1.285809563  
-0.2576928314  
-1.595736792  
0.4960167385  
0.177324482  
-0.5321434366  
-0.832958954  
-0.7673717602  
-1.271792844  
-0.9762038076  
0.165328651  
0.2179532367  
0.4934754596  
3.703188567  
1.24414987  
0.1185896293  
-0.569653021  
0.3350865543  
-0.7412735339  
0.7395438261  
0.109461883  
0.4735774799  
-0.596801224  
1.203145127  
0.7696704216  
-0.1299909553  
0.1992212109  
0.385822393  
0.4825720174  
-0.1286913638  
0.7309610006  
0.1484121181  
0.5112762525  
1.194989551  
0.6908918276  
1.053010095  
0.171966352  
0.388955824  
0.2922603713  
0.1272337679  
0.1577073124  
-0.3626834511  
0.07640885179  
-0.2559238601  
0.3828721158  
0.09343053906  
0.5604921766  
0.9716165619  
0.2964930081  
0.4638003392  
1.160192678  
-0.2844368284  
0.1027867985  
-0.5685796914  
0.02506229777  
-0.6012177463  
0.5942605494  
0.6096612889  
0.2137284373  
0.4483570658  
0.1571670387  
0.2180346287  
0.1309943889  
0.3950148216  
0.431836084  
0.01965020991  
2.415171475  
2.084266886  
-0.4816510426  
0.8861091766  
-1.013255841  
2.691133467  
0.893052466  
0.294034817  
0.1305451045  
0.5050992035  
0.6803628126  
1.154945154  
1.186596677  
0.3930250925  
0.9702933231  
0.2625836063  
0.7971079558  
1.134235077  
0.6686981125  
0.4766712104  
0.2927048095  
1.278153811  
0.2156897183  
0.09501668173  
0.3968105025  
-0.02320240419  
0.4549956108  
0.04284093088  
0.3821133789  
1.199253416  
1.715798914  
0.5978667854  
1.325271907  
0.7826766748  
0.7564624968  
-0.2498342687  
2.66040203  
2.587848951  
0.1204376241  
0.5504652946  
-0.1555401463  
0.3084831539  
0.3417394641  
0.4254399869  
0.309875203  
0.4319499047  
-0.04637759147  
-0.0227483599  
0.7348800088  
0.3761565665  
-0.422792932  
0.03678498978  
-0.2466935946  
1.160322457  
0.5489449835  
1.67427295  
1.00496269  
0.5980707314  
0.1594920153  
1.72071319  
-0.2135316396  
2.323073494  
0.9224906467  
-0.07831543864  
-0.01920487088  
0.2832894828  
1.175563438  
-0.05060730011  
0.2226383888  
-0.9767896135  
2.137961137  
0.1341446677  
0.9427954643  
1.121039789  
-0.6106716853  
1.174974438  
0.626963747  
0.5598507512  
-0.166717296  
0.5421847284  
-0.5028465626  
2.059194181  
2.435363849  
-0.5274815186  
1.130380161  
-0.01511293206  
0.9164512057  
-0.2930078858  
1.673165696  
0.6665656748  
0.3355698902  
0.1856087623  
2.609621193  
2.263485625  
-0.4957976242  
0.2414142672  
-0.1665807695  
0.331293907  
-0.4943978365  
0.4511799463  
-0.6691228252  
0.2314912775  
-0.3265519072  
-0.06229946147  
0.3775579582  
0.1012440798  
