6674.333916  
6371.324452  
6159.262748  
5896.499349  
6066.725332  
5882.532689  
6027.785758  
6220.192688  
5999.989692  
5990.850909  
5960.039401  
5996.601039  
6105.901856  
5967.979155  
6020.90556  
6008.814638  
6031.574419  
6010.978962  
6003.018612  
6086.943249  
6083.519304  
6062.560181  
5942.986578  
6208.232568  
6419.986802  
6149.022667  
6425.574969  
6206.017644  
5917.548178  
6342.787884  
6188.204569  
6055.593845  
6124.083427  
6102.530943  
6219.078677  
6103.031834  
6080.242225  
6233.915782  
6125.544341  
6119.397242  
6129.244848  
6265.868898  
6456.979645  
5961.658373  
6167.99134  
6101.861113  
6247.245857  
6408.703243  
5964.995544  
6315.137482  
6307.97968  
6274.906999  
6036.236808  
6081.178321  
7393.263614  
7058.063411  
6596.450348  
6475.14722  
6081.414184  
6156.63083  
6139.928306  
6084.385024  
5987.577996  
6090.835401  
6111.192107  
6196.398018  
6109.925883  
6288.541835  
6330.011571  
6091.084793  
6226.049523  
6150.260844  
6365.877741  
6125.273443  
6306.064459  
6220.981217  
6306.834873  
6370.406461  
6229.935582  
6068.261095  
6165.809072  
6064.422651  
6287.436504  
6109.476632  
6028.61629  
6014.965619  
6160.8642  
6206.171608  
6097.990217  
6147.43755  
6074.04033  
6179.124732  
6193.529269  
6091.297424  
6431.522344  
6170.396947  
6133.443077  
6204.646666  
6185.817656  
6106.219545  
6018.960335  
6274.821526  
6045.764896  
6002.879087  
5953.030898  
6162.399754  
6112.709686  
6194.671725  
6068.619252  
6054.583768  
6046.050666  
6095.535754  
6345.511668  
6053.251112  
6112.304348  
6112.621375  
6254.490431  
6201.239186  
6119.154673  
6228.068453  
6211.14692  
6242.500293  
6304.828338  
6231.21078  
6344.290549  
6151.52045  
6120.53936  
6398.189655  
6263.693161  
6219.33243  
6259.885508  
6213.414859  
6304.331014  
6262.915802  
6324.163699  
6188.60234  
6218.27113  
6204.784533  
6240.009106  
6201.58878  
6160.866861  
6207.170876  
6460.343386  
6221.680568  
6244.389114  
6559.777843  
6427.436768  
6106.608528  
6268.28077  
6115.383414  
6344.110958  
6249.503743  
6477.99544  
6293.330662  
6111.761719  
6067.922934  
6109.601925  
6159.177476  
6177.339395  
6225.979839  
6453.230465  
6278.976171  
6244.443851  
6301.317507  
6097.734132  
6289.494677  
6267.686421  
6222.642486  
6257.204151  
6172.308741  
6242.548833  
6192.273176  
6056.059127  
6079.363241  
6161.300292  
6072.412457  
6036.708544  
6074.513962  
5996.097145  
6249.596316  
5944.061412  
6293.996733  
6173.382104  
6038.162809  
6238.167813  
5999.605185  
6311.583397  
6109.285096  
6079.246439  
5980.213381  
6205.599069  
6281.075741  
5847.476988  
6070.684379  
5899.828919  
6106.878877  
6105.304177  
6285.808079  
6419.711087  
6207.290084  
6281.944101  
6229.496204  
6092.717958  
6225.7913  
6318.378956  
5899.729008  
6142.782004  
6007.232297  
6557.513962  
6563.984159  
5974.234964  
6102.956107  
5972.911038  
6103.675963  
5973.219352  
6083.91414  
6290.661036  
5955.459379  
6140.075749  
6189.831335  
5866.396564  
6130.670655  
6035.61111  
6076.973505  
6054.522886  
6342.17969  
6172.214687  
6198.250281  
6356.674246  
6617.014539  
6650.287146  
6243.293348  
6871.788565  
7880.460614  
8170.584912  
8031.099596  
7946.551413  
