6072.567283  
6293.845034  
6084.541645  
5677.88522  
6198.261393  
5755.172405  
5716.958947  
5915.941199  
5801.714639  
5847.938804  
5796.015044  
5758.129557  
5795.470356  
5795.752843  
5837.76568  
5766.228456  
5736.988718  
5790.669981  
5794.154461  
5913.109055  
5845.296568  
5813.826716  
5797.797901  
6108.336732  
6152.146642  
6027.465492  
6166.499677  
5867.465661  
5897.42305  
6190.486195  
6013.214622  
5821.388165  
5857.0474  
5845.948161  
5928.769926  
5800.102957  
5865.450852  
5890.020903  
5892.603718  
5842.918807  
6101.463794  
5913.459508  
6004.132322  
5844.266565  
5836.13335  
5894.700269  
6053.04913  
6039.747387  
5814.773456  
6160.050123  
6061.445401  
5972.216505  
5861.699742  
5983.667726  
7036.726387  
8951.858324  
8589.500153  
6542.576788  
5875.111554  
5941.362527  
5827.107605  
5919.076325  
5916.203265  
5997.126219  
5785.75028  
6008.183992  
6011.530139  
5912.084853  
5971.101041  
5996.44385  
6256.574172  
6028.09163  
6013.163123  
6043.55033  
6086.616138  
5897.535942  
5963.674905  
6090.057585  
5952.82209  
5863.386303  
5895.742256  
5849.026683  
6009.176186  
5835.407507  
5856.328717  
5818.00755  
6034.159347  
6029.545868  
5874.046056  
5857.714969  
5855.019771  
5902.815979  
5888.028055  
5881.391855  
6216.994242  
5959.177761  
5892.284292  
5899.720899  
5880.279519  
5841.300795  
5719.161002  
6037.807945  
5798.950773  
5834.919839  
5780.055688  
5907.407144  
5781.169369  
6053.483933  
5856.939841  
5810.499369  
5849.832598  
5855.704162  
6088.727387  
5898.203808  
5804.037919  
5948.225257  
5924.195766  
5968.614211  
5829.130325  
6184.215042  
6055.545714  
6040.766367  
5987.244137  
6047.057769  
6095.814631  
5895.657807  
5905.048231  
6095.502478  
5984.018649  
6044.406239  
5943.803281  
5894.790991  
6236.583356  
5961.817663  
5987.628263  
6012.426827  
5895.594265  
5955.152554  
5915.597548  
5929.590657  
5867.44087  
6164.470853  
6089.089537  
5912.237598  
6006.318201  
6122.080116  
6000.052422  
6177.119146  
5946.294421  
5878.968741  
5949.25133  
6194.661206  
6306.749816  
6065.013555  
5874.292191  
5888.928543  
5906.647544  
5915.009974  
5892.284029  
6155.187902  
6198.807774  
5962.138532  
6057.140999  
6010.55977  
5976.245439  
6057.51536  
6008.678096  
6153.672297  
6027.645261  
5891.500347  
5945.477393  
5843.385828  
5876.88645  
5795.388561  
5933.794016  
5912.442707  
5818.934981  
5860.513661  
5784.348617  
5886.472126  
5876.460252  
5978.766643  
5897.082842  
5922.416031  
6030.847512  
5798.557326  
6120.526236  
5746.777904  
6044.737529  
5913.578208  
5827.198949  
5920.291674  
5670.137831  
5949.466391  
6021.872391  
5925.95009  
5859.948133  
5940.754357  
6387.742263  
6177.658061  
6049.240076  
6041.399277  
5829.009756  
6025.609387  
5860.229522  
5678.370874  
5868.186331  
5795.848081  
6007.337357  
6107.74716  
5704.464292  
6052.666734  
5692.386265  
5920.514972  
5990.019176  
5898.050261  
5902.042702  
5795.165765  
5821.360715  
5828.406411  
5641.101374  
5886.767212  
5820.510229  
5841.881141  
5769.163163  
5981.052995  
6149.43538  
5977.868653  
5996.241722  
6224.153431  
6319.730038  
5933.933858  
6073.520259  
7283.602016  
7735.0155  
7367.786284  
7535.18524  
