0.6126500395  
1.050962698  
0.2124684971  
-0.1626094337  
-0.071935499  
-0.2723457048  
1.766601903  
-0.5614295025  
0.4608574246  
0.1740146118  
0.1748878355  
-0.07250882492  
0.261872491  
-0.2443355493  
-0.0820757959  
0.1271909451  
-0.6026734149  
-0.08753780768  
-0.6691697502  
-0.5824300635  
-0.02766657698  
-0.1533657088  
-0.2987081619  
-0.1691323867  
-0.6774964043  
-0.5701250368  
-0.6316626074  
-0.07905625162  
-0.5240047924  
-0.8385123431  
-0.5820707587  
0.168149562  
-0.2883447439  
0.06833292145  
-0.3994317951  
-0.719555226  
0.3725274319  
0.04980715003  
0.5869665495  
-0.6202401333  
-0.4405701894  
-0.6850915951  
0.15399209  
0.8346251311  
-0.6475166404  
-0.4971736004  
-0.2250366673  
1.063948815  
-0.612391228  
-0.2367404901  
-0.7961165685  
-0.1301266283  
0.8850615495  
-0.4396474468  
0.2018068767  
-0.4549093252  
-0.5522193679  
-0.4362321134  
0.2701815168  
-0.7311225261  
-0.3943107521  
-0.5549235136  
-0.2636004842  
-0.4804932319  
-0.7863176154  
-0.2047177304  
-0.83799644  
-0.4417433966  
-0.2783131899  
-0.4963427726  
0.1294970262  
-0.2838739617  
-0.2028209035  
-0.1464048899  
-0.4118879299  
-0.5608305995  
-0.6168009917  
-0.5424744232  
-0.2368357722  
-0.3586468935  
0.05971348197  
-0.3017368104  
-0.6553525469  
-0.292320088  
0.7483126739  
-0.8054657272  
-0.1668302102  
0.1975453777  
-0.4325007847  
0.775999407  
-0.7336979076  
0.101687285  
-0.6411159136  
-0.04290788621  
0.5904366142  
-0.04383882552  
-0.6170560561  
-0.6319123517  
-0.3900244411  
-0.8183708033  
-0.5531000328  
-0.6732814113  
-0.7673565228  
-0.4703504737  
-0.4754214385  
-0.7025373428  
0.05543585312  
-0.0112649623  
-0.2403441522  
-0.6387150645  
0.2941727136  
-0.3690492588  
-0.3196257889  
1.308882341  
-0.8111773814  
-0.5207098521  
-0.5238297395  
-0.3028880968  
-0.7667936065  
-0.661026657  
-0.5935048625  
-0.2890209987  
-0.03922425642  
-0.2584280376  
0.7793078645  
0.2144468061  
-0.3461224046  
0.4778409202  
1.85085558  
-0.3500670885  
0.1904765632  
-0.2914078691  
-0.8514928001  
-0.4287802242  
-0.2533996268  
-0.878626361  
0.6409181456  
-0.3041111291  
-0.3742827604  
0.01205769506  
1.681346905  
-0.4910689765  
0.3574078143  
-0.2922200221  
-0.6361939936  
-0.6103255734  
0.3289817144  
-0.1226531047  
-0.5530588591  
0.9505800979  
-0.2865295491  
0.1255927806  
-0.2723670047  
-0.7200916127  
-0.7218446331  
-0.9482755661  
-0.9993668874  
-0.9112586757  
0.4878008152  
-1.1480523  
-0.6449848271  
-0.8959718212  
-0.6519980284  
0.3969204629  
-0.4643419359  
-0.1227699468  
0.7018179867  
-0.3841829319  
0.04085821922  
1.332254929  
0.02918698005  
0.4702156971  
-0.6046730233  
0.05863756441  
-0.4816644676  
-0.6703313315  
-0.3616519135  
-0.5579928496  
0.05651114352  
0.8888183056  
-0.8693354761  
1.182954531  
1.99105268  
-0.4342849969  
0.6705878683  
-0.4215306586  
-0.1245885352  
4.275528462  
1.016459246  
-0.04815594392  
-0.08542000661  
0.4890921599  
-0.04165263932  
-0.006965947154  
3.213548972  
1.050434228  
-0.07782172864  
0.3684863718  
-0.1976555103  
1.64072976  
-0.5470778718  
3.996195663  
2.914296955  
-0.6654609635  
0.1688171966  
-0.4276813145  
0.05602079677  
-0.6748118614  
0.6010123848  
-0.1160420036  
1.10575565  
-0.4056367569  
1.420693654  
-0.05719676097  
-0.7712709035  
-0.9176435665  
-1.028005764  
-0.7282445217  
0.8025106502  
-0.9286702962  
0.9154101722  
6.015911444  
2.213457338  
6.881229433  
0.9191391462  
