6861.856661  
6545.671533  
6633.451433  
6945.610102  
6657.364544  
6812.616839  
6721.241014  
6651.920228  
6624.661384  
6554.030601  
6452.528679  
6752.559266  
6525.798358  
6545.792642  
6639.298895  
6712.170763  
6369.683072  
6718.968414  
6675.135721  
6640.163934  
6671.039766  
6823.431344  
6511.707039  
6748.631936  
6392.558125  
6546.922502  
6418.523718  
6603.528626  
6707.440846  
6471.476365  
6643.809639  
6805.228552  
6583.630801  
6704.086074  
6743.14662  
6816.849047  
6772.454227  
6666.752621  
6571.22973  
6649.45324  
6782.092149  
6673.883172  
6714.698536  
6677.871088  
6866.487498  
6778.017698  
6509.622646  
6669.80161  
6583.437603  
6452.801799  
6712.396357  
6501.68198  
6416.145583  
6592.9564  
6594.910284  
6802.23963  
6895.898039  
6238.377861  
6462.281368  
6392.544936  
6588.05957  
6173.994719  
6402.534852  
6173.126945  
6365.743455  
6218.674129  
6271.799929  
6299.470327  
6556.168917  
6388.366852  
6396.317942  
6268.834331  
6278.258464  
6210.70279  
6202.460221  
6165.491939  
6309.83238  
6301.710782  
6238.172748  
6199.164625  
6449.426165  
6123.272819  
6285.299538  
6278.830856  
6262.506126  
6132.714409  
6450.726651  
6656.242687  
6176.138343  
6088.094098  
6231.082219  
6293.444035  
6190.823385  
6355.441732  
6444.472992  
6276.477341  
6359.843156  
6045.159059  
6173.731357  
5973.18293  
6321.848001  
6379.053768  
6318.872196  
6279.688571  
6099.380479  
6100.804049  
6193.244023  
6225.136182  
6343.452412  
6269.784362  
6291.888516  
6355.161376  
6244.161293  
6277.949891  
6380.413376  
6237.025669  
6118.143298  
6039.611364  
6245.109959  
6197.014929  
6326.721342  
6356.084154  
6204.392381  
6260.179549  
6447.353887  
6496.683554  
6359.361783  
6499.069239  
6474.528464  
6806.758549  
6413.015766  
6355.636787  
6424.514934  
6600.794067  
6135.991173  
6388.528869  
6234.312163  
6407.995395  
6506.335537  
6814.795378  
6422.107717  
6108.80565  
6250.823692  
6250.192116  
6240.230469  
6412.962175  
6544.648102  
6581.766719  
6188.542417  
6302.214057  
6123.669131  
6118.75419  
6128.630053  
6190.687631  
6269.389841  
6096.317654  
6248.165061  
6480.870463  
6159.97814  
6353.187478  
6342.951354  
6119.708092  
6257.626546  
6215.965162  
6361.726251  
6272.353735  
6342.039323  
6206.07975  
6208.100745  
6393.592034  
6300.623148  
6318.457893  
6387.269059  
6272.4403  
6081.49231  
6222.82  
6143.569357  
6193.796679  
6278.538738  
6290.348425  
6431.908616  
6225.278837  
6295.831525  
6633.973287  
6250.798066  
6259.337999  
6168.741209  
6577.891561  
6322.499398  
6348.267683  
6334.083452  
6209.252836  
6217.591847  
6187.457549  
6428.217748  
6200.701223  
6316.141634  
6331.618229  
6239.034898  
6281.470337  
6333.272161  
6503.650658  
6305.096434  
6324.97294  
6296.001431  
6192.063004  
6196.876843  
6230.9878  
6233.747686  
6489.343573  
6303.00961  
6236.848694  
6255.06479  
6643.878288  
6685.037245  
6234.066353  
6520.262366  
6316.00263  
6424.005491  
6559.458325  
6305.228324  
6271.081355  
6151.927034  
6422.934045  
6169.063041  
6415.099539  
6463.937519  
6131.349488  
6214.389176  
6148.204965  
6234.944191  
6198.608104  
6382.16703  
6227.277786  
6210.073164  
6175.133415  
6283.929724  
6175.264905  
6236.208246  
6267.363288  
6493.956471  
6462.327979  
6578.588486  
6791.765049  
6353.770278  
6557.395754  
6278.87944  
6681.430975  
6425.87808  
6393.7322  
6292.998464  
6205.863728  
6309.18913  
6213.254143  
6263.971598  
6343.455087  
6167.814648  
6153.750601  
6137.36829  
6156.429823  
6238.172105  
6194.142535  
6259.926928  
6208.377453  
6194.322675  
6112.072871  
6142.969733  
6175.269076  
6277.859859  
6137.603671  
6408.417444  
6450.534819  
7030.721451  
7482.465181  
6492.31523  
6577.30416  
6566.79868  
6589.155354  
6620.303713  
6600.075938  
6350.942032  
6515.260912  
6613.282661  
6502.572635  
6282.542516  
6600.353383  
6471.780455  
6590.820868  
6413.901103  
6542.863367  
6872.497667  
6690.203831  
6525.3538  
