6238.218037  
6070.084876  
5845.714886  
5935.501355  
5936.845625  
6264.652746  
6180.599781  
5929.286354  
6071.443033  
5920.196148  
5981.358676  
5950.358106  
5820.471492  
5976.202487  
5971.034762  
6028.610163  
5840.341341  
6202.574845  
5901.132532  
6241.541327  
6050.725523  
6177.964442  
6080.789396  
6129.107022  
6290.107224  
6270.728475  
6116.224192  
6159.975156  
6179.081727  
6034.084939  
6055.703573  
6082.294456  
6159.443126  
6222.33316  
6151.777314  
5956.2066  
6283.541909  
6097.516869  
6074.189595  
6230.854742  
6082.60277  
6337.666989  
6013.617751  
6055.973878  
6081.523524  
6237.332012  
5980.551833  
6211.79061  
5961.617661  
6605.13437  
6732.971689  
6201.618518  
6285.391832  
6069.572686  
6218.206661  
6033.601504  
6434.265709  
6140.348974  
6486.926422  
6222.239324  
6108.356065  
6042.903894  
6112.208267  
5997.28036  
6216.875894  
5965.779144  
6156.791117  
6209.016647  
6235.033928  
6164.751786  
6167.011418  
6179.98234  
6393.012659  
6615.993695  
6103.282907  
6125.712603  
6189.854222  
6228.107307  
5931.539343  
6424.486929  
6215.35334  
6156.865191  
6040.294809  
6446.630162  
6496.692944  
6125.889899  
6074.666538  
6111.758226  
6200.663677  
6239.79212  
6345.351973  
6550.537906  
6185.154356  
5981.436974  
6285.689096  
6272.918595  
6406.141032  
6187.627176  
5973.958313  
6322.900415  
6823.072553  
6074.063351  
6159.784992  
6095.288449  
6317.469213  
6937.779298  
6229.745927  
6013.913669  
6051.105001  
6175.660514  
5754.253127  
6236.697411  
6354.863737  
6017.81986  
6059.644095  
6079.651066  
5971.221741  
6108.351106  
6356.995835  
6416.065209  
6180.427095  
5584.766778  
6343.872874  
6554.953624  
7423.625777  
7059.361033  
6400.088169  
6325.04616  
6077.936087  
6132.365804  
5940.346919  
6039.883521  
6037.283716  
6129.753067  
6187.946627  
6007.164618  
6289.09743  
6007.62684  
6017.873105  
6036.015181  
6101.897646  
6033.829082  
6117.042048  
6066.044541  
6196.597409  
6256.954044  
6386.742125  
6520.899366  
6197.451063  
6235.283377  
6068.472245  
6054.438666  
6436.928782  
6082.30738  
6426.498939  
6701.300949  
6103.391251  
6101.861462  
6117.405191  
6378.946231  
6120.963273  
6076.417049  
6007.116042  
6207.119816  
6403.360292  
6078.034662  
6022.490022  
6207.63529  
6136.978785  
6018.637563  
6068.312775  
5909.388649  
5964.842805  
5998.379072  
5962.853417  
6003.934377  
6212.420557  
6052.657725  
6200.054963  
6464.963009  
6452.874031  
6159.606481  
6183.288661  
6159.847953  
6184.799467  
6169.478771  
6074.244706  
6188.217031  
6284.139621  
6247.805578  
6052.19928  
6129.330487  
5945.219918  
6070.79651  
6156.886052  
6233.505206  
5992.835373  
6035.674425  
6013.101195  
6331.104962  
6432.647218  
6089.658757  
6042.674433  
6182.253463  
6182.751757  
6225.663464  
6248.479237  
5995.071034  
5934.582959  
6405.599391  
6290.303575  
6122.003875  
6047.2433  
5954.574036  
5953.52493  
6075.521116  
6089.794947  
5940.757078  
5985.303261  
6002.178465  
6010.884838  
6059.278433  
6121.220943  
5905.824223  
5967.682559  
5984.727916  
6053.890493  
5948.036379  
5998.988549  
5943.092971  
6042.603656  
6033.857988  
6039.796823  
6198.516012  
5964.385795  
6213.203608  
6257.049902  
6040.861374  
6223.46419  
6337.340482  
7294.377415  
6012.158506  
6122.428068  
6255.092241  
6283.134345  
6060.706843  
6031.681778  
5972.671336  
6023.861145  
5999.402556  
5959.421236  
6344.839662  
6062.191544  
6033.7228  
6139.849031  
6163.009258  
6192.455393  
6395.698482  
5969.992845  
6160.233603  
6313.858156  
6012.05817  
6060.864539  
6099.864221  
6021.194751  
6055.32365  
6143.256196  
6005.521884  
6118.79618  
5996.845711  
6021.40227  
6043.831456  
6068.740042  
6088.805543  
6113.432756  
6416.524885  
6017.370663  
6201.954057  
6240.515075  
5967.318395  
6068.368955  
6037.566541  
6008.125729  
6093.404583  
6072.924866  
6124.211161  
6065.365617  
5991.462714  
6030.446488  
6031.907583  
6030.613279  
6157.505649  
6229.84481  
