0.4650620035  
0.5919973063  
-0.4287828095  
-0.2428286354  
-0.8284762889  
-0.3155836975  
-0.6300885233  
0.08091894578  
-0.1369066276  
-1.033845678  
-0.4531715365  
-0.9352977722  
-1.152764778  
-1.342330289  
-1.308303294  
-1.296988433  
-1.401547699  
-1.004553039  
0.855709664  
0.7864663386  
-1.181399034  
-0.6364147428  
1.285112182  
-1.110160603  
-0.8076163069  
0.07440584383  
-1.006923232  
-0.9496450057  
-0.9107243544  
-1.054487989  
0.2477705386  
-1.327612613  
-1.157318395  
-1.107491061  
-0.8589340461  
0.4805820476  
-0.946134014  
-0.738868464  
0.942494087  
-0.8800572099  
-0.5556477981  
-0.9396371665  
-0.938270003  
-0.5339521032  
0.5369670732  
-0.477077668  
-0.7623620867  
-1.347154749  
-0.2347255519  
-0.06326906513  
-0.02000276084  
1.115326327  
-0.7739884519  
-0.4412646916  
-0.0608599835  
-1.1808716  
0.8402950809  
0.5964197753  
-1.238372979  
2.391173995  
-0.548139806  
0.1523124821  
-0.2097154684  
-0.1177479713  
0.2338910627  
0.3941192757  
-0.944635155  
-0.3321690126  
-0.3401091559  
-0.3032354227  
-0.531968691  
-0.3936364083  
-0.610254727  
0.567802162  
1.620861231  
-5.65627584  
-1.302870649  
2.149708305  
-0.9311157302  
0.2014268929  
-0.8037218897  
-0.1075288229  
-0.3731058038  
0.08179818642  
-0.5535579734  
-0.6145818578  
0.9544451317  
0.7806125111  
0.1777589888  
1.858259851  
-0.9267052308  
1.322566569  
-0.4129063723  
0.5336524259  
-0.664704065  
1.038054424  
0.201089994  
-0.02584363072  
-0.1016551637  
0.3344681402  
0.1277861102  
-0.309124195  
-0.3006229898  
-1.040470958  
-0.06881784512  
-0.7444376228  
-0.4285159429  
-0.6424765334  
1.826788908  
0.531791949  
-0.8943601086  
0.2221895516  
-0.8237172836  
1.181823335  
0.5733328606  
0.5762731823  
2.556984607  
2.360695585  
1.571271892  
0.2176739991  
-0.2276803302  
-0.2477493002  
0.006872192794  
-0.4120114296  
0.2664410452  
-0.9211067647  
-0.5029141139  
-0.2309951414  
-0.308988662  
-0.03415487136  
0.1455459992  
-0.2495476294  
0.9064168864  
0.5654161484  
0.4368981041  
-0.03305466084  
0.4174007163  
-0.6044615404  
-0.3179710387  
-0.417728205  
-0.1983685874  
-0.5713167353  
-0.3840993207  
0.2187758749  
0.3169009855  
0.8371419503  
1.055409633  
-1.296416494  
2.158585821  
1.245453171  
0.4867429648  
2.190016207  
0.2860594936  
-0.3416244703  
-0.530964331  
-0.1292245759  
2.969757511  
1.518906165  
0.009830087313  
0.02251343254  
-0.4518438733  
-0.5270645616  
-0.01563828096  
-0.2297347166  
-0.1581730928  
-0.0478778657  
-1.037556847  
0.1339682779  
-1.027639895  
-0.3503006387  
-1.098889136  
0.0488447998  
-0.7883740671  
0.9531908264  
1.305230323  
-1.203008878  
1.589133263  
-0.2271777876  
0.101514067  
0.4743497327  
-0.331902817  
1.60661469  
0.9512835931  
0.57318641  
-0.4388032147  
-0.5135808225  
-0.3252075636  
0.6749248434  
4.957560507  
1.316953558  
0.2294909394  
-0.2374101839  
-0.2034012372  
0.1478976916  
-0.4683468032  
1.051663163  
-1.208934276  
-0.1032983563  
-0.08297149119  
0.3421964341  
-0.8242507524  
0.09846737079  
0.1714499917  
0.8101737917  
-0.1143915388  
0.01625216688  
1.559099381  
0.8292577034  
1.367451892  
1.5211049  
-0.4174811967  
0.8733898387  
0.1539666603  
0.2719001084  
0.5861715152  
-0.4883576997  
2.384513505  
1.127299957  
-0.4738652954  
0.1539026453  
0.02294900121  
0.006592939385  
-0.608673508  
0.5552165946  
0.1075874652  
