0.5667300649  
0.7054575228  
-0.1226558551  
-0.3156405041  
-0.2190503543  
-0.8298616767  
-0.1994258929  
-0.01241458273  
0.5358567249  
-0.4959732342  
0.07665370226  
0.1954258331  
-0.08645259266  
0.282794068  
0.06118072425  
-0.6343329881  
-0.7305734317  
-0.1584200656  
-0.7438291469  
-0.6266974136  
-0.2573802351  
0.02858937986  
-0.208284418  
-0.2730441309  
-0.8348653893  
-0.6276190026  
-0.9032361636  
-0.1935587585  
-0.936460999  
-0.4838757432  
-0.4594400186  
0.7960916152  
-0.01932787769  
-0.6204969408  
-0.5494040735  
-0.722778496  
0.105229403  
-0.5848480992  
-0.6147225113  
-0.5745120717  
-0.7307888209  
-0.5920580261  
0.4508961468  
-0.4802842134  
-0.3703454795  
-0.5289120407  
0.252842254  
0.2232027948  
-0.3238325808  
0.002527082687  
-0.6546132788  
-0.3150860231  
-0.4772603715  
-0.2738483876  
-0.4610012884  
-0.06054539717  
-0.8230839231  
0.5425005616  
0.2524243901  
-0.3783316043  
-0.2403069738  
-0.72487444  
0.3399257626  
-0.3986952761  
-0.6390479998  
-0.09553396819  
-0.8666209712  
-0.4522226673  
-0.6289237777  
-0.09850906671  
-0.7398158443  
0.1944955218  
-0.008661418734  
0.2157042793  
0.06837900313  
-0.7479772201  
-0.5734285089  
-0.2039758297  
0.02148963506  
-0.3432411691  
0.3928872307  
-0.1679046563  
-0.6693570635  
-0.5449695591  
-0.6852167071  
-0.1745677857  
-0.4235182883  
-0.3615248507  
-0.6454612171  
-0.2266175952  
-0.07333701881  
0.04538118478  
-0.7098369288  
0.3848738362  
0.3911677762  
-0.3142601568  
-0.4224892998  
-0.7330103045  
0.2444665677  
-1.013470118  
-0.6237932212  
-0.5951614388  
-0.3227679573  
-0.4273850311  
-0.424949646  
-0.6274001479  
0.7888170056  
0.9176958532  
-0.09678545552  
-0.6983428858  
0.5962024103  
-0.1208963409  
-0.791634425  
0.3363815733  
-0.6743587776  
-0.2133494314  
-0.1553528803  
-0.5170178608  
-0.612812005  
-0.4468429296  
-0.7391417743  
-0.021317266  
-0.08890656269  
-0.1311675951  
0.8261231091  
-0.0319253518  
-0.2733142422  
-0.1607157498  
0.6652746528  
-0.2403826014  
0.782217419  
-0.2152391074  
-0.9990491744  
0.2019640356  
0.01572376005  
-0.844790345  
0.2311679117  
-0.7897750346  
0.6036215915  
-0.03097793511  
0.1261439569  
0.2671031452  
0.0755104035  
-0.05171928896  
-0.4545937384  
-0.3369704654  
-0.1610856615  
0.1088660723  
-0.9023400552  
0.8159338717  
0.5192484656  
0.7630187654  
-0.02731811918  
-0.6686297151  
-0.7090371706  
-0.6445905896  
-0.6677300458  
-1.087655077  
-0.7579794155  
-0.9556768362  
-0.6677064152  
-0.6242235965  
-0.8899190681  
0.05595315439  
-0.3115236407  
0.1009843369  
0.3132090739  
-0.5001012222  
-0.07747827677  
-0.5761613741  
-0.2172581433  
0.007680666327  
-0.7440638773  
0.09214843318  
-0.4112720247  
-0.6621461141  
-0.234493663  
-0.6285774806  
0.7372669083  
0.8705858719  
0.2303245102  
-0.2785834861  
1.117551489  
-0.3761980759  
-0.322384444  
-0.3595803636  
0.4071522394  
5.068020658  
1.000972437  
0.2914225837  
0.9590561544  
0.9533728312  
0.1568353566  
0.8211873002  
2.974761894  
1.032654979  
-0.4090463563  
0.4740085037  
-0.1475036486  
0.08866173412  
-0.8990634756  
3.011566574  
3.072857793  
-0.7768896675  
1.043380635  
0.1820173591  
0.5353853002  
-0.6184246919  
0.7748508821  
-0.5198066394  
0.4245740327  
-0.2674682041  
1.4002244  
-0.1649385813  
-0.5897064686  
0.236445781  
-0.01551547292  
-0.3816278676  
0.3996681986  
-0.1683187532  
4.036237797  
5.784115735  
5.798203228  
5.016404947  
1.129480383  
