2.748297605  
3.906152578  
1.797141331  
0.1440605001  
0.1038333338  
0.4260697316  
0.138225202  
0.5201570308  
0.9742804606  
-0.4021279711  
0.1611616744  
-0.01332207621  
-0.01296852194  
0.1084486036  
0.2086867809  
-0.06089339654  
0.8348460161  
-0.1543536736  
0.9692307145  
2.339355328  
0.2912980365  
1.131992014  
0.2086113862  
0.8841542768  
0.4064622256  
1.229901649  
-0.668857701  
0.7020009613  
0.1723120294  
1.089753486  
0.4901904915  
0.3427572411  
-0.4131415653  
0.8284209869  
0.1192254217  
0.8066238027  
-0.2528842665  
0.6812846503  
-0.4183658989  
0.5663300721  
-0.7190056361  
0.7765673229  
-0.3006024172  
0.2988200253  
1.175488985  
0.7159814627  
2.336698026  
-0.2500697262  
2.564404814  
-0.5741629062  
0.5149378441  
1.751909419  
2.89323218  
-0.5119741788  
0.2187996544  
-0.4997361177  
0.3013484126  
-0.7797711606  
0.8386169604  
-0.1962676853  
0.3638135432  
-0.06384615319  
0.3420111474  
-0.3631344542  
3.125394959  
2.907540793  
-0.7037940151  
-0.4419993358  
-0.8176151933  
1.223673446  
-1.132405802  
-0.7797018883  
0.06849307036  
0.02955793522  
-0.161406943  
0.5117309774  
-1.742306458  
-0.2674850719  
-0.617116614  
0.5238801834  
2.14097204  
-1.960701007  
-0.4914455426  
-0.7980885876  
-1.027432737  
-0.4252721777  
-0.6487590099  
-0.8815565119  
0.2784681821  
-1.504513875  
-0.5169044676  
-0.5306459541  
-0.2558589608  
-1.199724255  
-0.5941190561  
-1.24934079  
-1.03674546  
-1.248739454  
-1.046245427  
-0.2885592541  
0.8532589174  
0.4123403614  
0.9498731893  
-0.1709564151  
-0.5391985091  
-0.7695564188  
-0.4040581285  
0.02239525653  
0.4984401694  
-0.1558416706  
-0.4610818978  
0.1909563457  
-1.585551666  
-0.3937792261  
-1.287003873  
-0.5732382237  
-0.6747465991  
0.01564674412  
-0.6277726864  
-1.199377432  
-1.0785861  
-0.7184093088  
-1.584934879  
-0.7750803177  
-1.135901219  
0.8864244196  
0.448565661  
-1.422700685  
-0.5877685677  
0.1450603893  
0.3964262923  
-0.5474396305  
2.675856894  
1.492102606  
0.7810554466  
-2.031367122  
-0.8653474473  
-1.801182095  
-0.4482527783  
-0.9802391621  
-0.4084990322  
-1.026505146  
-0.623266518  
-1.419176969  
-0.07582546283  
-0.2386541254  
-0.9636226161  
-1.370593801  
-0.7565480284  
-1.484891666  
-0.9289491763  
-0.5273857528  
-0.8040875295  
0.07080462734  
-0.33341858  
-0.4141937577  
0.6440656344  
-1.479748502  
-0.04509451684  
0.04623860261  
-0.8459271884  
-0.120805475  
-0.7401313619  
-0.2901894396  
-0.7219635972  
-0.4489235789  
-1.019969489  
0.009349501711  
-1.176940674  
0.04302627372  
-0.4159783345  
-0.7695541226  
0.0281412439  
0.0122196308  
-0.3900503326  
-1.208243338  
-0.4983941983  
-0.7956361127  
-0.5829347629  
0.7879722166  
2.168429484  
-1.28248731  
-0.4181685846  
-0.6660996032  
0.9814816274  
-1.02533559  
0.3939613196  
-0.8776847148  
-0.3777065145  
-0.6250714484  
0.3945910716  
-0.5849691108  
-0.3573623394  
-1.037762407  
-0.0800706791  
-1.289663001  
-0.1221761707  
-0.3622783467  
-0.3920483102  
-0.2556209992  
-0.2192038785  
-1.210276561  
-0.1854735279  
-0.1556445044  
-0.739008126  
-1.045363641  
-0.4766007265  
-1.057745897  
2.128861608  
1.95285359  
-1.23734628  
-0.0630460462  
-1.444338848  
-0.6904941306  
-1.320221261  
-1.105022624  
-1.079076849  
-1.045608855  
-0.1279072151  
2.271759034  
-1.391474168  
-0.523981796  
-0.9537776055  
-0.605389275  
-0.1480936448  
0.4134655927  
-1.023018487  
-0.1875847507  
-1.007198435  
-0.6416903933  
-0.06137202845  
-0.2492394915  
-0.5262587923  
-0.005932122525  
-1.045355845  
-0.8358795018  
0.3023020719  
-1.008025044  
1.789556527  
3.709541071  
-0.9803068974  
0.5394620841  
-1.429956916  
0.365109515  
-1.389431952  
1.038225654  
1.416502563  
-0.8841143216  
-0.04873187111  
-0.6154340385  
0.2074870436  
-0.4252429638  
0.01370340417  
-0.07183781089  
0.9446469552  
-0.6136491342  
1.332083512  
-0.6889583209  
1.06352679  
2.165267891  
0.8871875282  
1.520530788  
-0.6023936448  
0.3183413491  
0.07735850341  
0.109106961  
-0.2735495143  
-0.5387674357  
-0.2432489873  
-0.2633367653  
0.4124363282  
-0.8622604469  
1.963037595  
2.531177909  
-1.348310285  
1.171699791  
1.901076908  
-0.7602045411  
-0.4540155927  
-0.6431001387  
-0.4852380365  
-0.4710423909  
-0.8839669639  
0.1666679441  
0.3110705045  
0.07404658658  
-0.210223506  
0.07413101022  
-0.1113240565  
0.06232680883  
0.06482487096  
-0.5789505748  
0.05744951521  
0.0746507993  
-0.0417409697  
0.2493709088  
-0.5474754339  
0.01119180794  
-0.0813560609  
0.0787689123  
-0.0236796924  
-0.05827787673  
0.2535292023  
2.01299575  
2.660314408  
-0.5825196744  
1.088627626  
-0.001474579178  
0.2922100218  
0.8346253755  
-0.191134044  
-0.03991056533  
0.310627245  
1.325423699  
0.3179034936  
-0.7959488945  
0.3208459192  
-0.8783238117  
-0.03602438685  
-0.4445700686  
0.08643991438  
-0.296448448  
2.400942472  
2.727367497  
1.503739107  
2.031954334  
-0.4462222932  
0.1551865436  
-0.6410449988  
0.05288687561  
-0.6717684028  
0.1312394295  
0.2153238579  
0.461988816  
0.04170728787  
-0.1050515093  
-0.2921612862  
-0.7186615525  
0.3579279895  
-1.027144426  
1.891990824  
1.620743494  
-1.133259693  
-0.4131544893  
-0.5592355583  
-0.5336391344  
1.326770884  
3.327691625  
1.152023353  
0.7848109782  
-0.2227074225  
2.843917368  
-1.680983269  
0.840470835  
-1.344374585  
0.5323875097  
-0.1572781314  
1.280918883  
2.414030917  
-0.362077897  
0.7038525534  
-1.004460645  
-0.2836798019  
-0.6552886754  
-0.09463880831  
0.5334033153  
-0.09706627493  
-0.1116319084  
-0.1262131847  
-0.1718680296  
-0.1532828733  
0.4009538338  
0.3677101876  
-0.9630344321  
1.208833598  
1.005199714  
-0.5955804374  
-0.3203254363  
0.2305253047  
1.158604712  
-0.169056722  
1.828710359  
-0.6255248519  
0.9098735488  
0.1865750087  
0.2981743958  
-0.4729049586  
0.05503212721  
-0.6483789253  
0.2123077572  
-1.127777828  
-0.09447527397  
-1.138860445  
0.4380304482  
-0.4025854406  
0.1666577236  
-0.1386921609  
-0.115933835  
