2.304261489  
2.561674964  
-0.01893589542  
0.4974699613  
-0.7036856778  
-0.5877428733  
-0.297210557  
0.01036352818  
-0.2795931469  
0.1155887641  
-1.231567832  
-0.9966517958  
-0.3745356358  
-0.858269629  
-1.065315315  
-0.1030736111  
-1.596036551  
0.9645151048  
0.5729727536  
0.4440417524  
-1.011432209  
0.8296512721  
-0.547622642  
-0.2865377865  
0.3774461009  
-0.9526723591  
-0.6974769393  
-1.447385773  
-0.6471386251  
-0.6376126527  
0.3764256172  
-1.136280071  
-1.098480869  
-1.039693147  
-0.3517028829  
-0.2067094451  
-1.33211939  
-0.9989295442  
-1.471408808  
-1.116779487  
0.330475548  
-1.428693955  
-0.6872882279  
-1.429140625  
-0.8551785881  
1.12047954  
-0.3760671226  
2.000231378  
-1.606490282  
-0.4627139581  
-0.2037808939  
-0.6604847298  
-1.349197216  
-0.6431437793  
0.3464490212  
-1.242390037  
-1.376353112  
-1.107482129  
-1.658172981  
1.560254892  
1.848317485  
-0.5804541701  
-0.2003634069  
-1.017518161  
-0.6144570408  
0.6126969193  
-0.9098518818  
0.5140719096  
-0.3538163888  
-0.7241598045  
-1.069268883  
-0.8139136219  
-0.1268032255  
-0.7593115312  
0.8533619988  
-0.832034175  
-1.282059678  
-0.1410589121  
0.3026610323  
0.2201817322  
0.5194856323  
-1.055325422  
-0.3717477374  
1.358219725  
-0.3129901454  
-0.592231631  
-0.2792020525  
2.64633966  
1.285917493  
-0.6757723954  
-0.6971032661  
-1.107342039  
-1.123950724  
-0.603972626  
-1.268505175  
-1.395496409  
-0.6908158124  
0.1709403921  
1.84140335  
0.8016371952  
1.734785785  
0.3188257868  
-0.3836350502  
-0.8226719183  
1.999134696  
0.3971406122  
1.329057563  
0.4203647069  
0.1681238754  
-0.2499922673  
-0.1487771775  
-1.022613427  
-0.5954341177  
0.02277987904  
-0.2998061607  
1.713323213  
0.8888834709  
-0.7311673952  
-0.8373605178  
0.4093700821  
2.95165281  
1.205232425  
0.398505984  
-1.200871198  
1.209070934  
2.339996361  
1.001791068  
1.855188703  
-0.1174019592  
-0.8520936904  
-0.5053513932  
1.171254574  
1.385771517  
1.270022464  
-0.4421844067  
-0.955489949  
1.292484666  
2.026041123  
0.0643457387  
-0.1185185512  
0.8116008211  
1.791930872  
1.737300148  
2.251416964  
0.4188077177  
0.9812091648  
-0.796252949  
-0.4529392291  
-0.223469649  
-0.2528831129  
-0.6072230244  
0.03401031468  
-0.8578075843  
0.2379204103  
2.443799505  
0.9099493673  
-0.09919120303  
0.3707883574  
1.876803913  
-0.4379568325  
-0.5223433436  
0.03597625602  
1.175978127  
-0.02482631815  
-0.9731347994  
0.4685070119  
-0.8459152154  
-0.02757185766  
0.4790072178  
-1.449287433  
-0.4486266945  
0.4290602091  
0.01111051474  
-0.7738738345  
0.4314378123  
0.1680911281  
-0.7585593119  
-1.456895353  
0.5350062288  
1.878258733  
0.1790982354  
-0.5653415649  
-0.8997606151  
0.5625020052  
-0.5949923931  
0.9472722604  
-0.7001625122  
0.3953643526  
-0.8237386394  
0.354458653  
-0.4041658722  
-0.9181959756  
-0.112555881  
0.5335593404  
1.83443117  
-0.715355537  
-0.6211343851  
-0.6506374198  
0.4686432998  
1.646435281  
-0.6128987841  
0.2055184813  
0.1532422095  
1.296664109  
0.5674500817  
0.6837624934  
-0.637532825  
0.253627728  
0.3820856254  
-0.7621924953  
0.7310050733  
0.2411219257  
-0.3051078492  
2.305161076  
1.902452499  
0.3478118115  
0.2190497038  
0.8415957179  
-0.1108725397  
-0.7560411214  
-1.037122004  
-0.1513455157  
-0.479753305  
-0.6427968809  
-0.9184320272  
