10673.0766  
9310.614396  
8627.008878  
9889.561525  
9286.750444  
9480.98298  
9270.109285  
9560.303238  
9375.317789  
9346.22759  
9420.495368  
9657.097779  
9622.032569  
9393.408528  
9457.315164  
9466.595571  
9699.837978  
9477.117341  
9585.299431  
9757.355122  
9544.068303  
9486.711844  
9361.869741  
9656.56989  
9704.749111  
9622.88742  
9474.781893  
9388.25947  
8936.273782  
9076.481723  
9291.989952  
9411.376433  
9339.320657  
9307.891119  
9484.479123  
9375.514952  
9467.756196  
9697.254015  
9401.786343  
9492.977502  
9237.414901  
9248.711821  
9210.315439  
9224.23384  
9500.555095  
9641.429425  
9383.894274  
9597.420188  
9490.025326  
9371.966377  
9325.209897  
9368.651198  
9435.435985  
9476.456206  
9595.805242  
9777.088412  
9574.802919  
9404.461941  
9353.98533  
9405.300737  
9492.888567  
9575.085892  
9347.528206  
9612.439704  
9390.403581  
9511.519825  
9370.546531  
9673.997216  
9459.249185  
9543.075188  
9375.965274  
9474.200766  
9661.968207  
9575.349763  
9288.995139  
9578.814963  
9590.179491  
9389.091063  
9829.548637  
10032.41425  
9417.843937  
9323.461383  
9260.746544  
9294.156538  
9755.554876  
9508.582663  
9504.641851  
9650.749837  
9603.855078  
9662.397897  
9522.964659  
9546.366938  
9373.155967  
9563.658837  
9315.44884  
9429.169472  
9434.233295  
9624.012094  
9554.778857  
9316.384489  
9690.832266  
9527.022366  
9722.256739  
9936.868886  
9417.990432  
9805.960729  
9739.702566  
9364.933444  
9461.827213  
9308.702604  
9273.13006  
9441.129675  
9531.253743  
9536.614096  
9573.420716  
9296.351928  
9336.422806  
9391.802329  
9497.609408  
9211.449665  
9281.448989  
9410.262995  
9497.690377  
9553.016385  
9562.696558  
9366.365573  
9381.720134  
9228.284649  
9301.929754  
9738.378909  
9738.382451  
9570.529956  
9411.19847  
9443.285166  
9360.041606  
9575.370816  
9602.201909  
9763.622529  
9372.278525  
9365.806215  
9457.739322  
9432.267957  
9486.812327  
9347.15004  
9440.003219  
9476.398595  
9429.177478  
9661.839774  
9443.892148  
9367.711696  
9364.71633  
9617.654381  
9512.833951  
10042.84905  
9991.047897  
9979.810156  
9785.081483  
9835.003845  
9583.453448  
9564.818735  
9879.518109  
9515.316395  
9684.246627  
9713.859939  
9463.856246  
9397.189463  
9709.50819  
9719.316642  
9526.600288  
9625.938945  
9558.573863  
9549.480531  
9534.503957  
9646.86012  
9578.125617  
9566.917595  
9619.56486  
9663.847242  
9605.587498  
9610.085667  
9928.652242  
9967.338094  
9640.420611  
9509.878698  
9555.453047  
9569.602597  
9721.458177  
9905.807676  
9468.557574  
9586.033355  
9375.67795  
9707.288572  
9632.695954  
9552.078572  
9714.268171  
9596.325791  
9653.089525  
9401.827481  
9426.246576  
9758.351378  
9692.037656  
9628.600716  
9408.756334  
9145.575339  
9688.365972  
9772.724866  
9765.845884  
9912.891289  
9451.845921  
9631.297425  
9555.347886  
9667.49422  
9847.645545  
9699.121341  
9548.401919  
9656.131175  
9681.730484  
9714.835941  
9674.855263  
9597.433144  
9768.665438  
9948.304088  
9786.436113  
9773.998985  
10013.35993  
9625.03274  
9911.35819  
9483.320877  
9688.685247  
9535.965978  
9866.17783  
9872.33575  
9814.807041  
9606.080994  
10362.84571  
10518.23786  
10326.0839  
