0.5562976723  
-0.1228800593  
-1.064589413  
-0.8585868798  
1.925217349  
-1.884357756  
-0.2710737858  
-0.1982887419  
-0.1631559581  
0.8771540641  
-1.044351674  
-0.9915768722  
-0.5881344468  
-1.578196537  
-0.296841789  
2.444280333  
0.3157602456  
0.9047555252  
-1.195626226  
-0.4070127534  
-1.300465125  
-0.5774621683  
0.4255328566  
-0.2675563523  
-0.5632015083  
-0.3395354663  
-0.3725440623  
-1.10478887  
-0.7381541122  
-1.00525852  
0.6785088646  
1.896296412  
-0.04808407401  
2.260428794  
-1.251534077  
0.4651114654  
2.38481122  
0.7980084677  
-0.996080161  
-0.2582030467  
-1.189394429  
-0.3457773287  
0.505674291  
-0.5334668787  
0.1237242677  
-0.6699680085  
0.6919901851  
-1.083835135  
-0.3977327015  
1.853171063  
-1.466358354  
0.1695892219  
1.354757002  
-0.3947132547  
-0.7703964625  
-1.255595062  
-0.6084076148  
-0.6859505449  
-0.8534739336  
-0.6477851202  
-1.269838305  
-0.215219006  
0.2383485965  
-0.7558156204  
-0.5002452789  
-0.3004062588  
1.889868986  
0.8946299859  
-0.62307049  
-0.1538297088  
-0.2950665644  
-0.5961056568  
-1.040592885  
-0.6836426594  
-0.9979126228  
-0.1267440649  
2.203103116  
-1.11665815  
-0.8900275603  
-0.8642388193  
-0.6639512126  
-1.047841636  
-0.2551293526  
2.191061051  
0.7818562414  
-0.2407532333  
-0.7616375805  
-0.5363932286  
-0.799603712  
-0.7601783849  
-1.044582853  
-0.7390413965  
-0.6308948006  
-0.1489781928  
1.942947489  
-1.150193966  
0.01893174147  
1.481937239  
-0.4521399904  
-0.5388248942  
-0.3475312002  
-0.6690112058  
1.740443897  
1.802744904  
-0.6215666576  
-0.3157147269  
-0.7527764958  
-0.3059575372  
-1.159504658  
0.2353660189  
1.459552547  
-0.2365685578  
2.591702654  
1.86148041  
0.2627163252  
-0.285273186  
-0.3792489017  
0.04251588553  
-0.6515720314  
-0.7654259297  
-1.074542804  
-0.3276768605  
0.2040855782  
-0.7376257847  
0.295377118  
-0.8944532495  
-0.8364257458  
-0.1212732805  
2.389182149  
1.800862371  
-0.5465296401  
0.1079186597  
1.411290864  
0.6028002107  
-0.2967855857  
-0.6760689647  
-0.6849768819  
-0.09466862225  
2.35237067  
-1.067155984  
0.1046951567  
0.9406730238  
0.8919986884  
-0.9702639432  
-0.00363845515  
-1.108271637  
0.2498271555  
0.5988434382  
-0.4339445091  
0.3592117638  
0.9536068392  
-0.7026084082  
0.09930631316  
-0.08674345305  
1.072703888  
0.2243308466  
0.1515873696  
2.001972923  
-0.584648373  
1.684508617  
-0.1708304438  
-0.2831225439  
0.1982037759  
0.3667990193  
0.5160619725  
0.160783871  
-0.5219894323  
0.4382785823  
-0.785305661  
-0.6776039365  
-0.4945522924  
0.285328599  
0.5169580902  
0.06155119326  
-0.3944992694  
-0.4233030047  
-0.6315324021  
-0.1601299363  
2.461449466  
0.5188731779  
-0.9782052403  
-0.5890949315  
-0.722356804  
-0.273197984  
-0.5637955171  
0.0221487087  
3.253504624  
0.7955433035  
0.07304731522  
-0.9215426632  
0.4658463059  
1.401136  
-0.2219396728  
1.748752659  
-0.9012697596  
0.7451033195  
1.819377469  
-0.04778714045  
-0.3314940702  
-0.6243871563  
0.4554995871  
-1.50047967  
0.122112641  
1.937054923  
0.3236821516  
2.28104346  
-0.784957442  
0.6477133697  
0.1457074069  
2.298216125  
-1.323567151  
-0.1755745818  
-0.9793531486  
0.5994179333  
-1.1606232  
0.286379613  
1.507166927  
-0.1479153205  
-0.8256354874  
0.1000549922  
1.306875626  
-1.03257112  
-0.264378763  
-0.7519746885  
-0.6337251906  
