9912.059751  
9850.315776  
9651.373611  
9610.154737  
9111.083444  
9633.682748  
9763.52983  
9322.955634  
9347.839766  
9643.312099  
9616.659197  
9462.711891  
9402.284613  
9374.089068  
9423.545194  
9311.812307  
9430.62548  
9345.766127  
9321.685603  
9499.634513  
9628.107492  
9643.398188  
9511.687325  
9415.379657  
9678.690187  
9572.896708  
9248.075345  
9306.418202  
9621.744751  
9573.608871  
9433.536907  
9575.696884  
9592.575088  
9589.123784  
9512.137594  
9442.242401  
9640.029346  
9345.084459  
9367.989983  
9665.819392  
9081.859999  
9456.23077  
9332.669286  
9193.4422  
9468.692542  
9761.840058  
9867.83086  
9481.615394  
9393.062488  
9273.931808  
9538.410121  
9589.383886  
9493.528231  
9465.406232  
9413.444075  
9432.076697  
9698.926439  
9714.963431  
9779.595466  
9777.919986  
9573.750531  
9542.437333  
9623.17083  
9304.91679  
9188.593441  
9620.813764  
9375.269422  
9497.255854  
9735.721722  
10163.60806  
9936.671235  
9524.674707  
9475.369216  
9466.665531  
9469.655845  
9333.957259  
9593.934847  
9495.248574  
9483.850498  
9282.969194  
9678.013909  
9536.716754  
9469.67021  
9333.133902  
9523.820844  
9584.854418  
9327.580172  
9813.059561  
9593.480994  
9281.25426  
9488.717155  
9291.493483  
9691.855175  
9412.394697  
9284.201514  
9499.937656  
9818.616835  
9276.448565  
9562.662827  
9561.154211  
9539.951047  
9501.788905  
9711.752443  
9721.537866  
9607.485556  
8938.137577  
9672.243168  
9839.107902  
9681.947797  
9594.501694  
9625.423906  
9736.650943  
9416.086373  
9758.455061  
9599.355858  
9495.878202  
9440.60641  
9478.800851  
9401.127581  
9920.489019  
9916.289615  
9606.063025  
9637.604095  
9446.165494  
9703.425462  
9634.396683  
9654.207877  
9611.297429  
9533.197262  
9925.721639  
9608.091836  
9478.628642  
9550.118547  
9699.744481  
9547.009814  
9560.750634  
9521.698721  
9616.067252  
9504.511952  
9624.57723  
9579.194877  
9434.306467  
9500.809457  
9134.473292  
9371.279873  
9743.065747  
9305.654058  
9857.591604  
9898.168288  
9526.229934  
9500.49375  
9470.771617  
9746.791533  
9610.038152  
9443.898099  
9405.969145  
9768.098798  
9742.814591  
9369.959624  
9947.726636  
9577.698804  
9714.378624  
9276.26738  
9843.587136  
9584.465173  
9552.794916  
9625.475954  
9553.603947  
9569.590671  
9506.000825  
9808.212607  
9913.66167  
9693.336891  
9335.801297  
9140.477306  
9411.266397  
9357.790237  
9640.655423  
9574.902231  
9206.942642  
9670.103072  
9637.821133  
9408.742413  
9540.607646  
9520.053793  
9649.798628  
9525.472942  
9592.969775  
9657.397327  
9844.876854  
9657.639475  
9935.611087  
9697.81072  
9965.569982  
9948.890882  
9983.366695  
9774.506342  
9771.759968  
9664.728718  
9629.045684  
9778.479659  
10007.962  
9754.738225  
9876.719322  
9336.717933  
9971.678042  
10198.46958  
10376.66063  
9180.225187  
9229.686751  
9732.320632  
9396.257311  
10615.03147  
10169.60309  
10302.06921  
9684.482492  
9289.801894  
10029.63158  
9953.969225  
9262.042214  
9793.917479  
9677.264084  
9754.623411  
9625.99076  
9413.470981  
9668.198034  
10013.6162  
9544.638331  
10142.67937  
9772.493672  
9894.20928  
10043.62715  
10219.03056  
9944.580286  
9879.880073  
10105.27424  
10188.65727  
10107.83224  
10332.23442  
10342.11128  
10478.12378  
10592.56181  
10441.21198  
10289.63969  
10432.17461  
10365.33433  
10497.69459  
10385.18139  
10358.31147  
10148.31921  
10417.68395  
10350.96929  
10349.80686  
10227.13155  
10401.33848  
10305.17256  
10372.62631  
10399.49262  
10497.52242  
10319.72599  
10386.93573  
10276.42448  
10348.05429  
10382.96058  
10184.36281  
10224.0264  
10351.3729  
10236.66402  
10359.57433  
10322.19606  
10466.27906  
10281.72705  
10388.90718  
10219.4862  
10349.39249  
10058.40837  
10430.32337  
8936.101555  
8379.778034  
9839.549176  
9760.369076  
9677.574435  
9897.791582  
9179.267284  
9399.895218  
10170.17354  
10752.71402  
10321.82118  
10167.25679  
9215.357558  
9972.571349  
9809.565159  
9944.110307  
