10567.29639  
9635.083599  
8942.649838  
9919.688398  
9254.648434  
9525.6749  
9251.972876  
9447.807024  
9566.954244  
9298.4443  
9501.877614  
9388.367995  
9632.947237  
9315.754876  
9147.603353  
9578.098466  
9608.302569  
9418.648664  
9415.766056  
9685.009744  
9434.649683  
9544.205514  
9114.309897  
9240.369083  
9723.936132  
9404.297311  
9425.381173  
9467.428474  
9070.350374  
9113.002603  
9238.249737  
9232.545842  
9346.634096  
9226.368531  
9556.0813  
9135.85131  
9299.293634  
9666.165347  
9354.206369  
9450.035292  
9189.025624  
9159.829244  
9299.699531  
9053.339978  
9341.103991  
9677.208839  
9225.340052  
9536.294228  
9439.317783  
9316.725733  
9320.346962  
9283.191912  
9091.342514  
9362.36433  
9564.20341  
9484.457872  
9694.277103  
9689.744423  
9498.706378  
9458.084853  
9583.507817  
9474.466532  
9179.629286  
9568.437714  
9143.455181  
9422.311284  
9206.084105  
9520.823194  
9499.291255  
9481.533216  
9387.009788  
9292.401406  
9681.307922  
9854.634879  
9269.226733  
9470.370786  
9573.452796  
9398.815109  
9623.26597  
9917.289027  
9487.13525  
9396.33386  
9149.028391  
9374.035962  
9806.096472  
9717.70644  
9451.091769  
9599.727036  
9598.091507  
9635.079219  
9368.308622  
9449.553917  
9262.671755  
9489.432605  
9153.089992  
9356.286096  
9219.0662  
9396.896325  
9423.046266  
9115.123267  
9686.895082  
9459.201454  
9659.695596  
9855.132288  
9570.063337  
9753.949037  
9756.409759  
9285.770431  
9530.820527  
9309.153466  
9287.906755  
9327.938318  
9540.986701  
9609.144753  
9541.943982  
9351.013315  
9250.302691  
9412.885895  
9415.050156  
9219.917502  
9436.093298  
9304.515635  
9513.341568  
9572.738307  
9509.574481  
9419.109004  
9348.328627  
9254.712591  
9344.724736  
9450.516151  
9716.436206  
9611.360325  
9357.242416  
9339.227996  
9250.213035  
9601.381697  
9568.664086  
9796.327376  
9326.539683  
9411.435925  
9491.509631  
9344.441159  
9555.734385  
9242.35704  
9301.05581  
9556.30736  
9424.468208  
9729.502622  
9387.985148  
9411.535261  
9396.53317  
9659.602501  
9485.176716  
9874.438406  
9638.119745  
9756.936357  
10020.94039  
9955.943488  
9633.481634  
9472.912704  
9829.177043  
9554.803562  
9603.864613  
9667.780126  
9414.739706  
9431.397717  
9713.762825  
9682.898932  
9577.81989  
9638.963513  
9554.240842  
9578.270656  
9453.994266  
9665.535596  
9390.156489  
9542.011696  
9427.053284  
9616.041428  
9516.384721  
9393.747533  
9826.743965  
9784.219817  
9646.832676  
9471.518864  
9578.531647  
9609.208733  
9747.213996  
9910.960652  
9519.26226  
9500.685595  
9566.056918  
9538.645621  
9558.286408  
9599.951794  
9619.462044  
9482.344564  
9697.271222  
9405.570515  
9450.615493  
9745.824801  
9674.906109  
9630.325107  
9375.909571  
9481.462744  
9571.615408  
9490.66605  
9582.971594  
9861.17952  
9405.790832  
9450.367081  
9527.167978  
9533.852202  
9744.372946  
9618.405913  
9400.693061  
9580.670027  
9622.865597  
9659.950155  
9628.381506  
9566.621527  
9686.965776  
9883.864334  
9752.13289  
9733.979678  
9922.566898  
9467.853215  
9882.730418  
9423.095654  
9735.755403  
9278.262461  
9523.780705  
9857.570371  
9765.633693  
9591.937426  
10136.21078  
10494.61384  
10248.73067  
