2.69872058  
2.539080224  
0.6927885865  
0.8077638956  
-0.4744311263  
-0.4406361586  
-0.2911705326  
-0.4366185651  
0.3173845898  
0.3492217687  
-1.173015463  
-0.7429458189  
-0.2475743207  
-0.695204416  
-0.6647167985  
0.4423724136  
-1.399979469  
0.591542263  
0.6721894683  
0.3423255754  
-1.10770092  
0.3284457475  
-0.9517862565  
-0.4068572832  
0.2891960832  
-0.899024369  
-0.7706967461  
-1.311099827  
-0.8672547261  
-1.171401701  
0.1077761758  
-0.8538142003  
-1.205974092  
-0.8898727944  
-0.5814082283  
-0.3241299687  
-1.183176351  
-0.9140792153  
-1.35232787  
-0.9129899693  
-0.125539636  
-1.348141109  
-0.9189485464  
-1.350575728  
-0.679400025  
1.060976698  
-0.4108771021  
1.944951331  
-1.302388261  
-0.238448563  
0.3463395785  
-0.877653647  
-1.602365334  
-0.5912923999  
0.6654666029  
-1.270045989  
-1.187269559  
-1.098140102  
-1.347254445  
1.386122225  
1.587396912  
-0.5641387861  
-0.4453626966  
-1.025085789  
-0.8176997119  
0.0190351739  
-0.8435439152  
0.1769344104  
-0.219970315  
0.2693395608  
-1.059239967  
-0.590772651  
0.3158505378  
-0.8227049144  
0.4695828781  
-0.7051180086  
-1.261326563  
-0.04087356489  
-0.1027233317  
0.1569336178  
0.9453284338  
-1.020407547  
-0.393039257  
1.562987534  
-0.2131052181  
-0.5997783149  
-0.3075294622  
2.618257665  
1.406112321  
-0.621382028  
-0.67585798  
-0.9350218581  
-1.10925985  
-0.7361216565  
-1.421455763  
-1.209824007  
0.01319817127  
-0.2128286354  
1.61668644  
1.053281264  
1.423608372  
0.1201220499  
-0.6585810804  
-0.6658751069  
1.939616877  
-0.05142116285  
1.526651713  
0.07179777211  
-0.03428034348  
-0.6287847133  
-0.226002032  
-1.045920612  
-0.5974371549  
-0.09412209132  
-0.6379159941  
1.975127211  
0.9394341405  
-0.696515117  
-0.8493786636  
0.05948814656  
2.694311712  
1.128554274  
0.4138644271  
-1.221303956  
0.7595539172  
2.596269882  
1.021194578  
2.422297361  
-0.1083657319  
-0.9018206238  
-0.7366234246  
1.031874753  
1.673556071  
1.100568315  
-0.8551522458  
-0.9890733647  
1.144324289  
2.298762786  
0.2473742899  
-0.01865908288  
0.7464931282  
1.673723157  
2.214845621  
2.309509139  
0.8378208426  
1.147420017  
-0.6357731749  
-0.4927083814  
-0.6776898171  
-0.3275522912  
-0.8544990615  
-0.3160685058  
-0.8667733899  
-0.07063870848  
2.511612292  
1.260258983  
-0.1579360006  
0.4570973533  
1.724093964  
-0.5417788793  
-0.6123849229  
0.1484811659  
1.418234009  
0.1425031585  
-0.8900282241  
0.3972980375  
-0.6717893024  
-0.05365285435  
0.3859494221  
-1.309516215  
-0.344685677  
0.01575424486  
-0.1123238344  
-0.7103622171  
1.216453665  
-0.09029019365  
-0.6109130358  
-1.392831039  
0.7850318779  
1.831762161  
-0.008984899319  
-0.4946728848  
-0.782948341  
0.5024101971  
-0.6843539139  
0.7072194216  
-0.7142939885  
0.1129160581  
-0.6334848083  
0.138514914  
-0.3532894469  
-0.6824274301  
-0.270787906  
0.7908231747  
1.685715284  
-0.6395789772  
-0.6082635054  
-0.761354742  
0.2088068922  
1.538243634  
-0.7915913471  
0.2841235184  
-0.2463836106  
1.652885996  
0.3841485548  
0.3849866387  
-0.6101006801  
0.171867083  
0.3254629125  
-0.619767943  
0.6323167571  
0.1702724264  
-0.2624624953  
2.299095072  
1.744361034  
0.5016175663  
-0.1275772033  
0.5882334384  
-0.03373293993  
-0.9141747523  
-0.8923215636  
-0.1416261186  
-0.49544106  
-0.5488739732  
-0.7819822949  
