9986.765989  
10057.33385  
9761.513528  
9764.656351  
9106.982743  
9480.904991  
9610.438193  
9458.657797  
9392.970985  
9604.82886  
9734.005019  
9600.100288  
9407.418605  
9511.631678  
9475.444573  
9400.031534  
9637.326055  
9276.706876  
9343.09148  
9589.918469  
9601.759571  
9742.193941  
9662.873897  
9556.077666  
9868.598598  
9785.47564  
9391.487509  
9381.153182  
9756.21634  
9723.645621  
9604.061092  
9611.762022  
9792.807135  
9733.689303  
9633.928549  
9587.543403  
9830.576405  
8884.074832  
9721.754875  
10034.59517  
9342.673505  
9743.266621  
9508.985791  
9386.699738  
9355.11383  
9803.919916  
9776.972857  
9737.041967  
9500.805874  
9364.013036  
9451.389174  
9737.791835  
9598.161121  
9666.802423  
9528.908164  
9407.432934  
9689.747424  
9867.681979  
9790.09303  
9899.879566  
9892.253947  
9726.26283  
9805.03031  
9613.069752  
9490.292187  
9597.387985  
9579.691791  
9494.270926  
9664.782569  
9900.814159  
9868.41202  
9624.704561  
9592.250389  
9721.07682  
9708.446396  
9538.541078  
9692.013009  
9677.936753  
9681.020403  
9415.515965  
9877.275431  
9788.388859  
9635.394095  
9493.693299  
9679.999704  
9616.781205  
9542.900093  
9998.189165  
9492.460932  
9313.805279  
9607.496247  
9571.538734  
9862.174873  
9559.494925  
9514.046212  
9589.096864  
9712.776686  
9350.523352  
9767.203602  
9588.903128  
9733.533228  
9690.274756  
9704.905347  
9721.170095  
9696.535294  
8999.033034  
9688.626272  
9928.01772  
9878.988538  
9724.490476  
9474.560204  
9862.295039  
9704.406711  
9824.100621  
9668.203403  
9553.873022  
9426.827932  
9544.968398  
9623.563683  
10074.41123  
9950.70267  
9754.490705  
9750.542407  
9639.403322  
9652.048097  
9801.015718  
9545.698516  
9813.138479  
9691.309829  
10002.48721  
9722.732541  
9634.473814  
9661.569783  
9852.195758  
9614.438438  
9693.747673  
9728.279102  
9679.167364  
9714.204602  
9735.330703  
9485.773478  
9595.827364  
9636.326892  
9349.264102  
9369.902192  
9897.613952  
9486.810306  
9827.951987  
9825.368888  
9678.874946  
9689.951942  
9632.041385  
9612.095719  
9819.718287  
9624.99337  
9489.703812  
9627.359476  
9840.437123  
9568.550207  
10036.63833  
9464.344306  
9846.459043  
9382.301244  
9692.08121  
9801.431864  
9828.425579  
9699.830605  
9531.236569  
9770.202923  
9653.341433  
9656.934508  
9968.563899  
9782.906873  
9696.736229  
9425.07533  
9572.110982  
9593.527649  
9785.934882  
9716.814661  
9544.588149  
9722.836578  
9801.064126  
9623.818451  
9730.463966  
9705.524247  
9782.406392  
9633.027984  
9728.670155  
9711.775772  
9836.702341  
9876.774908  
9944.978523  
9860.920947  
9904.841355  
10080.16227  
9968.307384  
9871.798855  
9871.057948  
9667.035611  
9812.363499  
9582.585257  
9935.881951  
9875.621493  
9967.071414  
9183.278316  
9891.830617  
10109.67805  
10192.94992  
9186.013919  
9028.617065  
9545.425855  
9061.329496  
10300.5929  
9824.554485  
9949.298081  
9448.258896  
9316.044  
10054.66104  
9945.676326  
9113.966141  
9771.892705  
9644.906828  
9824.491693  
9706.126969  
9490.17561  
9510.75455  
10123.94449  
9700.752615  
10102.96915  
9932.627901  
9891.64406  
9811.48277  
10149.13718  
10051.52723  
9991.056907  
9930.762353  
10144.09294  
10023.69937  
10141.02547  
10323.73345  
10372.03793  
10409.07354  
10368.6386  
10220.23067  
10340.01247  
10228.96122  
10348.33951  
10291.62004  
10260.15438  
9807.156003  
10234.21183  
10247.30323  
10230.24742  
9901.784635  
10290.78053  
10263.1967  
10118.9702  
10218.94266  
10380.67348  
10253.45611  
10047.70633  
10162.25375  
10255.58003  
10313.22148  
10145.89573  
10054.44216  
10251.40399  
10213.50916  
10310.29396  
10198.63997  
10195.71603  
10078.52807  
9987.049429  
10120.83758  
10254.31901  
10005.83453  
10171.92974  
8989.446768  
8459.015547  
9392.57994  
9612.09028  
9627.034781  
9971.42147  
9234.357897  
9236.284499  
10186.97827  
10840.39511  
10002.58766  
10235.42268  
9008.802273  
9888.944344  
9472.190541  
9692.34489  
