10335.41628  
10024.48184  
9880.30191  
9642.374551  
9643.596993  
9916.594904  
9622.13442  
9721.359549  
9862.114389  
9368.047657  
9679.890585  
9755.654512  
9886.807749  
9561.640056  
9639.893947  
9912.757228  
9825.442499  
9792.058786  
9647.260619  
9756.891569  
9773.854744  
9676.742562  
9731.555099  
9695.365717  
9702.410483  
9553.742476  
9971.302108  
8438.909953  
7915.748227  
9501.6778  
9837.819372  
9842.966355  
9672.496576  
9462.7716  
9793.7632  
9642.437342  
9517.914555  
9655.626762  
9652.744577  
9617.50667  
9669.662779  
9757.597834  
9560.254394  
9574.886776  
9715.320263  
9970.216752  
9682.376636  
9655.211898  
9936.434314  
9513.364518  
9861.956815  
9899.969045  
9578.808477  
9906.608608  
9591.461564  
10061.22903  
9802.351912  
9902.993198  
9944.975176  
10004.83099  
9900.210129  
9892.017767  
9925.153283  
9991.511268  
9610.301365  
9843.444479  
10079.34391  
9661.19987  
10090.69719  
9716.764269  
9742.005825  
9689.384232  
9779.627952  
9863.112685  
9982.491553  
9687.684133  
9828.815631  
10012.49925  
9294.487379  
10280.54543  
9875.755944  
9769.949755  
9901.658942  
10023.89271  
9772.484829  
9889.780099  
9889.875392  
9950.13617  
9694.435282  
9639.161465  
9932.407251  
10070.16213  
9489.61771  
9833.974068  
9917.385127  
9679.565839  
9886.459592  
9768.114815  
10282.0764  
9657.048283  
10175.60843  
10281.5487  
10045.28226  
10165.80017  
10159.45907  
10256.79636  
9990.637854  
10227.19515  
9803.173204  
10055.46793  
9795.577604  
9846.131343  
10053.85229  
10157.59787  
10122.29004  
10080.65887  
10179.37102  
10150.53641  
10087.26787  
10072.28383  
10119.75707  
10043.69543  
9940.169177  
9934.410657  
10207.96168  
10093.02141  
10134.83361  
10197.6807  
10283.58677  
10072.72152  
10181.43231  
10206.91836  
10210.168  
10228.47797  
10168.42384  
10240.7307  
10029.64501  
10223.36572  
10228.99554  
10174.79107  
10095.71861  
10106.2538  
10010.22822  
10035.63975  
10001.39596  
9997.812428  
9965.624149  
10052.04615  
10155.27754  
10027.15526  
10101.07265  
10110.69825  
10212.64977  
10196.6725  
9992.380926  
10173.44446  
10061.80652  
10172.39068  
10368.64916  
10158.73417  
10267.44064  
10079.89771  
9841.84225  
10330.38409  
10299.77023  
10002.24469  
10176.22549  
10310.14994  
10097.29006  
10209.98348  
10175.44317  
10155.76769  
10202.04267  
10263.27752  
10236.93845  
10191.31018  
10376.91213  
10085.15698  
10260.08822  
10303.57596  
10228.55261  
10123.17341  
10005.50292  
10195.54049  
10038.88622  
10043.31382  
9934.619973  
10082.44862  
9782.649824  
9629.899191  
10009.16774  
10105.50674  
10017.10879  
10245.91915  
10096.18891  
10037.94672  
9967.888042  
9960.618677  
10168.29572  
10203.12072  
10104.75792  
10252.44031  
10039.99869  
9952.010614  
10197.37356  
9984.773744  
10226.51318  
10180.61765  
10236.50009  
9795.047214  
10313.95421  
10417.1816  
10327.01881  
10221.77657  
10299.02744  
10215.43875  
9671.780758  
9959.557361  
10338.93894  
10305.27022  
9739.598897  
10281.01179  
10111.08002  
10055.38397  
10083.33826  
10189.46532  
10309.77599  
10209.48404  
10336.31101  
10296.32882  
10257.91909  
10180.77509  
10262.08979  
10244.95427  
10212.9644  
10284.5046  
9910.711445  
