3404.638558  
3254.340825  
2901.132165  
3337.992632  
3231.175551  
3343.384486  
3147.285254  
3139.39287  
3088.55501  
2853.698433  
3203.324959  
3236.560892  
3288.33003  
3309.166971  
3282.939555  
3181.305534  
3284.466086  
2937.02325  
3341.525422  
2977.539602  
2941.046739  
3291.062796  
3175.551709  
2950.46013  
2995.100596  
3378.048564  
3133.023414  
3000.735198  
2976.686765  
2952.566591  
3267.076405  
3249.111139  
3179.66099  
3091.90799  
3301.998332  
3107.184756  
2967.034947  
3251.319092  
3236.958055  
3232.378267  
2908.763272  
3161.592845  
3279.802749  
3226.78519  
3107.749746  
3233.368449  
3279.251235  
3258.10705  
3310.51496  
2997.896412  
2974.950537  
3357.162841  
2904.675857  
3168.642497  
3204.9555  
2807.188729  
3226.92463  
2943.159754  
3115.59959  
3258.033322  
3175.44573  
2939.362774  
3176.299485  
3271.28572  
3263.67142  
3328.068579  
3250.372275  
3109.562289  
3144.284035  
3284.132012  
3215.807308  
3329.652824  
3022.260908  
3017.904262  
3138.02149  
3294.172856  
3016.237042  
2992.140401  
3236.550225  
3174.266786  
3197.658503  
3227.437386  
3124.714214  
2872.808927  
3191.764748  
3190.951633  
3239.327261  
3240.911541  
3210.358601  
3321.878382  
2885.957906  
3056.10648  
3183.633263  
3224.605184  
3158.730839  
3261.459323  
2919.94706  
3051.112374  
3206.17077  
3093.848602  
3242.169287  
3229.775385  
3284.559109  
3319.531509  
3297.235031  
3240.289796  
3240.113795  
3283.574168  
2955.103059  
2912.035679  
3210.545535  
3175.222136  
2988.356129  
3035.250887  
3306.341953  
3160.095771  
3309.099809  
3206.494164  
3136.43521  
2734.15777  
2841.796614  
3199.737795  
3176.037295  
3359.76956  
2999.939534  
2885.91908  
3231.387699  
3097.682523  
3310.912627  
2838.567163  
3095.393059  
3206.465828  
3166.132408  
3164.17502  
3210.479906  
3200.945901  
3280.837728  
3233.178221  
3223.024538  
3013.418481  
3137.092921  
3195.625769  
3227.107033  
3197.039035  
3207.224588  
3236.135348  
3206.162333  
3237.747189  
3247.893049  
3263.31338  
3219.185249  
3216.218893  
3253.30205  
3291.656962  
3267.963507  
3323.248135  
2979.496935  
3037.016836  
3208.852054  
3150.104703  
3236.07712  
3182.172638  
3378.731327  
3090.252957  
2978.487708  
3137.255048  
3199.889195  
3238.344702  
3242.661467  
3257.217246  
3232.798668  
3176.196397  
3218.922961  
3243.065172  
3094.662357  
3049.647493  
2749.041199  
3228.440887  
3198.578595  
3259.608339  
3204.875042  
3292.833773  
3201.032959  
3277.999396  
2950.603979  
2864.017004  
3109.384753  
2766.864338  
2959.077029  
2985.684935  
3149.688833  
3211.06359  
3300.085021  
3234.1187  
2924.333185  
3221.320403  
3019.614001  
3235.028741  
3250.9091  
3323.018675  
2913.243662  
3067.961461  
3272.249454  
3237.034409  
3320.92317  
3122.913453  
3107.036724  
3260.617341  
3257.362663  
3213.181872  
2965.591675  
3124.946974  
3187.938384  
3251.890567  
3225.891207  
3202.029151  
3210.56342  
3270.977453  
3269.215159  
3132.43011  
2889.904322  
3206.840493  
3139.007766  
3384.857114  
2936.025609  
3121.266975  
3225.512241  
3289.161826  
3246.940722  
3372.190709  
2948.248243  
2811.853289  
3287.264708  
3144.368328  
3214.409386  
3197.546724  
3185.271179  
3282.14967  
3263.500715  
3328.188098  
2994.267778  
2999.259323  
3220.172917  
2831.978508  
2788.488561  
3216.616926  
3186.969681  
3248.07202  
3226.504432  
3247.726611  
3211.230532  
3284.607154  
3162.162677  
2763.389395  
3234.770043  
3163.70286  
3212.771428  
3142.091393  
3302.217226  
3134.612517  
2834.497411  
3211.265692  
3219.973061  
3328.636732  
3129.18995  
2691.935536  
3192.414046  
3213.194321  
3313.212868  
3181.121496  
3362.941662  
3158.191012  
2923.756855  
3306.686743  
3210.649303  
3322.404299  
3089.79809  
2935.731924  
3183.330163  
3341.297915  
3037.448749  
2724.318185  
2967.573914  
3166.308651  
3090.758026  
3090.527886  
3249.454803  
3153.495676  
2819.995491  
3198.266138  
3225.99738  
3264.362277  
3249.415321  
