3386.278649  
3264.217176  
2899.714009  
3348.689939  
3263.485603  
3354.166493  
3271.841549  
3361.632363  
3276.374751  
3252.74865  
3259.783716  
3280.80697  
3299.267676  
3283.392787  
3233.418838  
3173.772285  
3208.03149  
3265.444953  
3268.028055  
3300.050615  
3182.832891  
3330.145699  
3109.048324  
2945.14403  
3327.91989  
3167.80393  
3343.525763  
3038.195116  
2994.746128  
3286.791137  
3251.013782  
3303.845961  
3264.553875  
3298.980745  
3310.479517  
3121.346534  
3258.29977  
3216.25176  
3295.286502  
3209.199147  
3252.077769  
3291.733046  
3323.433136  
3248.549068  
3310.671462  
3134.279224  
3204.91831  
3111.384347  
3036.865084  
3264.265562  
3226.389757  
3261.397584  
3247.402565  
3252.343767  
3225.13207  
3141.427957  
3227.2996  
3186.828734  
3002.264382  
3215.617845  
3282.423523  
3314.193442  
3265.412531  
3258.39051  
3267.8125  
3257.106418  
3268.512474  
3277.152988  
3285.796565  
3300.873838  
3132.459388  
3021.412208  
3080.544351  
3230.760028  
3264.620002  
3114.887402  
3188.471574  
3268.302545  
3216.735683  
3269.464352  
3288.255277  
3332.514534  
3264.73576  
3340.23876  
3035.319117  
2928.039078  
3336.819862  
2921.918859  
3099.362853  
3171.251309  
3197.33324  
3243.222199  
2946.693159  
2948.801872  
3274.439102  
3177.171846  
3246.702898  
3263.831879  
3318.387565  
3297.749933  
3309.057733  
2974.805167  
3296.886015  
3239.715289  
3315.0426  
3250.778412  
3354.232458  
3066.987267  
2930.98099  
3203.257483  
3283.534304  
3206.242202  
3088.885206  
3202.981877  
3188.144273  
2864.660926  
2937.949793  
3223.985018  
3252.068735  
3232.784676  
3299.11987  
3034.629433  
2927.911364  
3288.033647  
3113.671464  
3281.172323  
3056.887118  
3154.090467  
3256.605498  
3246.285312  
3264.391201  
2980.658911  
3148.728706  
3257.848288  
3217.982181  
3258.655313  
3238.024311  
3290.5099  
3239.942659  
3263.121489  
3223.13179  
3248.748838  
3184.524707  
3235.514373  
3192.415585  
3240.290306  
3230.003272  
3252.316461  
3189.535679  
3270.55248  
3217.258336  
3153.086415  
3111.35818  
3235.701277  
3149.460957  
3314.085271  
3038.000793  
3004.467817  
3149.473404  
3035.838649  
3207.049438  
3179.676063  
3223.898831  
3199.935231  
3210.882026  
3246.600859  
3077.269465  
3209.401535  
3329.990626  
3250.439885  
3271.348132  
3292.1128  
3159.024312  
3147.875658  
3185.809544  
3241.085554  
3053.543332  
3010.210567  
3243.890289  
3129.453565  
3211.405627  
3112.293255  
3281.954622  
3157.622235  
3328.593695  
2910.789405  
2864.523613  
3211.664633  
3168.213015  
3133.070545  
3141.393592  
3262.379986  
3160.131593  
3047.55495  
3223.271243  
3219.131309  
3306.103478  
3194.850868  
3299.347764  
2921.165426  
3072.872512  
3252.616238  
3185.309916  
3236.404331  
3234.990257  
3072.838328  
3010.298982  
3213.816922  
3198.75082  
3181.510196  
3197.052564  
3136.450562  
3121.231675  
3191.003593  
3163.971331  
3211.009503  
3186.956791  
3227.134828  
3233.974821  
3246.303408  
3075.137553  
3137.041925  
3213.816342  
3101.114162  
2829.887754  
3209.178213  
3203.248167  
3285.945045  
3146.842905  
2900.260966  
2960.333368  
3204.97639  
3219.726119  
3224.557413  
3081.986515  
3013.060863  
3124.571411  
3246.914157  
3117.768788  
3141.298925  
3212.885079  
3166.04446  
3247.563949  
3239.719595  
3252.540092  
3215.7299  
3237.091512  
3216.193598  
3234.026524  
3188.310979  
3256.769887  
3184.61528  
3239.769919  
3032.591668  
3081.301145  
3110.80677  
2972.608942  
3213.923693  
3150.309574  
3255.419932  
3216.521823  
3274.134148  
3183.436242  
3210.855053  
3203.532564  
