1.330939983  
1.543361235  
-0.4584369251  
1.411156137  
0.8655038498  
1.202114635  
0.8330696619  
1.344301597  
0.6831461849  
0.5717135036  
0.9129530319  
0.7719574635  
0.9610828962  
1.079662806  
0.4514517028  
0.2097449513  
0.4755297775  
1.311784541  
0.5811302461  
1.255146681  
0.5156738385  
1.588851853  
-1.947737436  
-2.593633202  
1.9529861  
0.08280007231  
1.897675334  
-1.688179799  
-1.636926116  
1.261892304  
0.8943656178  
1.20329599  
0.729478891  
1.118910459  
0.874419886  
-0.1399651486  
0.8490783115  
0.4932913944  
1.34303216  
0.4685407469  
0.8321420666  
1.005716699  
1.520287176  
0.5777612938  
1.407704089  
-0.3230109013  
0.2148424596  
-0.9195956377  
-1.151978325  
1.194277045  
0.2907497273  
0.7695105708  
0.6040323485  
0.772193727  
0.5806910178  
0.02657925  
0.7170544042  
0.1970749689  
-1.043429559  
0.2298486487  
0.4102169344  
0.7775720527  
0.675085288  
0.5591416437  
0.2931078547  
0.6784447361  
0.6574519702  
0.6070391003  
0.8182061587  
0.7123849682  
-0.2189094969  
-1.433933897  
-0.7143752104  
0.5912250645  
0.6194929034  
-0.2286619115  
-0.2851161584  
0.9081121828  
0.5497202229  
1.122730405  
0.7295399749  
1.329111333  
0.5163519072  
1.759586741  
-1.981148007  
-2.265766365  
1.836917619  
-1.242401302  
-0.7110894453  
-0.3047186078  
0.03897559761  
0.9430341307  
-1.972349324  
-1.20282513  
1.417128052  
0.04641591732  
0.8678172288  
0.5494783729  
1.277804083  
0.7544584031  
1.263763265  
-1.160675257  
1.539869156  
0.565409619  
1.558082947  
0.1179565727  
1.705426264  
-1.646526051  
-1.393395572  
0.6844299492  
1.020937829  
-0.1582287373  
-0.2336498825  
0.5787946072  
0.8258615156  
-3.592779206  
-2.381692564  
1.104982522  
0.5137794218  
0.6755248714  
1.280890647  
-1.524831641  
-2.341389768  
1.68475831  
-0.6196151098  
1.241857209  
-0.8854659767  
-0.3572306846  
0.09748851134  
0.5184022195  
0.3938042264  
-0.3902428979  
-0.6054205206  
0.5342159658  
0.4687594546  
0.5309907884  
0.3793431193  
0.9038823136  
0.2756212194  
0.5676507436  
0.2000708052  
0.3099003147  
0.5244253514  
0.5012593169  
-0.09273901981  
0.4639892757  
-0.08723249004  
0.2002926262  
-0.3036059419  
0.5709506446  
-0.01401028142  
-0.2575019556  
-1.335880819  
0.552191061  
-0.7395621383  
1.033143211  
-2.402538567  
-1.8429761  
-0.1677414072  
-1.656453986  
0.2110712469  
-0.7156881704  
0.3029843622  
-0.1730393278  
0.1408667526  
0.484620169  
-0.7889481634  
-0.7515130037  
0.3202496322  
-0.2259600209  
0.3873264857  
0.3258532781  
-0.6487951399  
-0.7642244232  
-0.08787710182  
0.1289293579  
-0.6203470803  
-1.580217743  
0.3869924417  
-0.531073755  
0.1614592911  
-0.6478087291  
1.08478284  
-0.1739929473  
1.550978868  
-2.958056988  
-2.962777961  
0.998451492  
-0.06961436863  
-0.5307050348  
-1.020167553  
0.5676116473  
-0.3740075426  
-0.799891112  
0.2163632789  
0.4162508827  
0.559861873  
-0.06219427637  
0.4985562891  
-1.332359309  
-1.337064484  
0.2048374993  
-0.1507987601  
0.1470115991  
0.2183584436  
-1.284974667  
-2.015677014  
0.3240749042  
-0.06160850225  
0.06522120771  
0.08492520311  
-0.5796130445  
-0.6681788666  
0.41966337  
0.03820793652  
-0.1871086049  
-0.3312606968  
-0.1438636731  
-0.04718911181  
0.008757239245  
-0.567530298  
-0.9237136793  
-0.08972098602  
-0.5247191864  
-1.705843606  
-0.7779272732  
-0.141209988  
-0.1379116238  
0.05577975392  
-3.19263227  
-1.914126395  
0.1304838489  
-0.08526089722  
-0.457760719  
-1.742309623  
-0.5076499714  
-0.7790687734  
0.2472560614  
-0.9714384853  
-0.5937259074  
-0.03001704566  
-0.3673945688  
-0.352126028  
-0.0307354918  
0.07195775301  
-0.02705105627  
-0.388337611  
-0.09198258339  
-0.5255527884  
-0.5512135526  
-0.2456901344  
-0.7678602353  
-0.1102207251  
-1.34116007  
-1.124114078  
-1.503528695  
-2.146901425  
-0.2406596701  
-0.7341590767  
0.03090045308  
-0.2872019975  
0.1020116497  
-0.2382214664  
-0.3595996146  
-0.4799739128  
