2957.053922  
2876.714187  
2696.557791  
2882.816949  
2881.621619  
2914.530957  
2794.218556  
2752.852894  
2576.216126  
2605.732697  
2839.669448  
2842.328354  
2878.484181  
2833.077954  
2829.671222  
2837.693901  
2840.451163  
2581.403511  
2892.5853  
2618.758726  
2637.20141  
2927.931488  
2851.885955  
2732.095346  
2701.120883  
2944.644348  
2789.629657  
2753.68459  
2717.959918  
2740.035381  
2857.935799  
2871.865698  
2828.895343  
2759.675128  
2915.296766  
2781.460574  
2744.410582  
2838.231672  
2915.807686  
2810.394036  
2722.966715  
2871.350888  
2918.26869  
2854.801802  
2770.294039  
2874.028111  
2900.07932  
2898.719435  
2860.79741  
2744.396877  
2737.774819  
2958.650591  
2787.73169  
2877.647978  
2865.631115  
2687.563512  
2913.353762  
2749.199841  
2813.751304  
2895.196778  
2830.016494  
2659.685509  
2801.067709  
2887.669735  
2858.778081  
2930.283605  
2851.166961  
2726.153272  
2781.629396  
2893.283854  
2813.447748  
2893.146847  
2669.084946  
2758.529664  
2809.051499  
2830.164573  
2701.733971  
2707.807757  
2885.82184  
2793.321919  
2866.574551  
2856.95921  
2801.286779  
2724.980324  
2841.312741  
2864.976091  
2897.140124  
2895.914468  
2868.047178  
2901.251658  
2634.9198  
2799.476218  
2853.942983  
2874.320306  
2816.393833  
2809.545154  
2780.56237  
2798.317466  
2813.610855  
2823.035497  
2874.625369  
2890.572222  
2908.626001  
2916.529949  
2841.053007  
2884.002341  
2829.102347  
2915.362743  
2643.668481  
2650.325118  
2890.008517  
2815.483219  
2739.491413  
2731.077152  
2937.587751  
2834.295065  
2940.248437  
2828.560883  
2777.264763  
2566.248288  
2662.577858  
2890.319667  
2799.202161  
2919.489008  
2686.339316  
2684.180278  
2862.201999  
2819.060615  
2894.765161  
2713.178383  
2806.485675  
2859.248077  
2819.83672  
2817.194957  
2845.440005  
2838.050522  
2901.621169  
2897.05566  
2863.965091  
2718.861207  
2795.158707  
2858.385305  
2854.35769  
2809.013568  
2844.038207  
2871.275251  
2829.639365  
2860.089185  
2866.540489  
2880.437984  
2823.384284  
2866.890097  
2874.045409  
2914.249443  
2873.116326  
2904.784476  
2730.952853  
2788.074783  
2846.050802  
2861.259336  
2884.3652  
2882.673718  
2962.295117  
2761.445475  
2721.161958  
2863.671363  
2872.956069  
2898.972732  
2897.363202  
2880.082836  
2826.664794  
2901.345548  
2852.878735  
2908.334304  
2775.338204  
2743.641428  
2638.151353  
2883.677907  
2858.450824  
2897.675392  
2873.024843  
2932.198765  
2831.786334  
2904.178117  
2697.745749  
2655.503933  
2795.193913  
2584.954512  
2819.498246  
2707.898658  
2864.042445  
2837.881465  
2936.09695  
2843.992557  
2704.519419  
2819.91173  
2762.701049  
2853.391149  
2918.404946  
2921.979341  
2763.205551  
2796.344964  
2902.42141  
2889.740132  
2922.173065  
2795.545181  
2812.248281  
2900.828405  
2878.329022  
2844.743278  
2696.327557  
2792.907345  
2842.678174  
2878.428827  
2828.468557  
2817.455359  
2839.084343  
2870.50737  
2872.833362  
2761.301399  
2603.49532  
2868.750281  
2823.225746  
2960.274822  
2693.361656  
2814.67098  
2904.454832  
2931.285638  
2911.303289  
2972.721656  
2647.769104  
2621.546343  
2952.540347  
2809.787929  
2857.122835  
2803.691663  
2824.072818  
2884.844619  
2868.054141  
2878.19196  
2755.944489  
2760.086534  
2875.094444  
2546.71906  
2571.889198  
2914.508756  
2856.652522  
2882.151695  
2858.862008  
2806.836493  
2878.500576  
2901.252522  
2809.562415  
2597.295865  
2845.002909  
2837.892267  
2843.014589  
2798.43044  
2884.376693  
2799.67076  
2589.860927  
2882.633581  
2866.102169  
2984.519088  
2756.142056  
2584.026076  
2867.368517  
2841.193049  
2932.306278  
2830.173583  
2940.676032  
2826.412633  
2718.262986  
2949.160934  
2882.088067  
2888.800246  
2823.131836  
2746.663679  
2846.236317  
2967.116462  
2734.914078  
2574.35732  
2784.160717  
2872.35154  
2721.353012  
2818.685629  
2911.636915  
2841.739598  
2614.225865  
2863.903076  
2879.760947  
2898.865732  
2860.963686  
