3091.88437  
3133.342632  
3045.062788  
3059.407825  
2962.447376  
2967.340925  
3067.110592  
3042.861221  
3062.461343  
2858.087586  
2967.406448  
3076.943778  
3006.060223  
3076.481338  
3008.189453  
3051.414495  
3013.349986  
3013.931708  
2972.402121  
3011.258552  
2981.590181  
3041.725356  
2823.092343  
2901.216332  
2983.222822  
2997.776982  
2997.478529  
3000.856676  
2971.170101  
2981.549223  
2972.503441  
2997.833774  
3007.19616  
2980.497774  
2938.763131  
2989.138531  
2947.664305  
2988.223328  
2962.800782  
2967.761085  
2913.624081  
3012.299183  
2868.311743  
3000.957327  
2755.967535  
2731.641689  
3002.944987  
2856.57791  
2845.04975  
2912.626265  
2948.642725  
2953.421741  
2940.882117  
2990.507637  
2928.098174  
2923.689103  
2899.135893  
2992.922268  
2725.707751  
2727.544027  
2957.209751  
2878.154391  
2983.616934  
2906.278603  
2925.572235  
2764.154142  
2954.024627  
2881.593442  
2755.597221  
2934.917761  
2909.67956  
2947.379522  
2919.151878  
2936.582039  
2937.697081  
2963.732593  
2925.908152  
2941.656682  
2894.069413  
2965.150551  
2830.550869  
2816.488321  
2881.36504  
2763.79702  
2933.616428  
2913.120876  
2958.197133  
2939.765269  
2913.577225  
2971.706798  
2909.97765  
2997.502396  
2803.064971  
2757.99077  
2934.117455  
2924.269215  
2958.511526  
2960.812611  
2906.760645  
2861.542495  
2963.410133  
2946.486245  
2932.945515  
2933.254426  
2926.401801  
2965.997755  
2803.374119  
2878.958212  
2913.381782  
2732.927975  
2913.813952  
2916.647064  
2908.948047  
2963.847483  
2796.320303  
2811.357722  
2954.929047  
2887.444841  
2955.049092  
2902.530256  
2949.018444  
2886.371008  
2942.830578  
2852.094139  
2823.201164  
2957.357816  
2924.663836  
2934.58878  
2820.620698  
2797.393645  
2941.2067  
2916.083154  
2965.87841  
2916.908646  
2927.851833  
2888.579267  
2878.596374  
2977.365408  
2931.538545  
3009.306438  
2890.392544  
2874.58099  
2857.673033  
2808.974822  
2948.903016  
2928.003912  
2954.864405  
2967.345193  
2769.620616  
2858.238408  
2997.209615  
2921.605051  
3012.335284  
2877.147349  
2877.675836  
2760.766447  
2974.610705  
2885.842307  
3027.42729  
2754.184825  
2758.3263  
2964.100312  
2938.132198  
2953.719533  
2870.457152  
2917.938955  
2713.154352  
2966.679416  
2957.955522  
2934.052273  
2963.934338  
2928.294055  
2865.193408  
3016.682618  
2910.464183  
2882.903432  
2706.081924  
2699.316595  
3022.82266  
2906.230339  
3011.605569  
2838.854172  
2936.263234  
2983.764136  
2954.955709  
3012.294933  
2962.092664  
3006.549678  
2759.883146  
2724.537493  
3040.127417  
2853.724237  
3059.616451  
2713.480126  
2785.441965  
2995.520789  
2898.806611  
3014.414076  
2938.262487  
2996.728826  
2983.495704  
2952.989924  
2929.070256  
3005.136139  
2919.402164  
2998.673121  
2953.932273  
2997.863746  
2966.180871  
3010.720116  
2940.583561  
3058.086227  
2790.047669  
2749.550806  
3032.052168  
2975.662544  
3016.031866  
2983.850944  
3028.3497  
2956.002987  
3009.42714  
3000.366021  
3008.136236  
3012.107575  
2984.996369  
2928.849683  
3022.209334  
2982.61977  
2954.933291  
2907.396475  
3020.84189  
2911.570541  
2930.211619  
2752.067573  
2610.392817  
3139.640859  
2925.537821  
