3466.697222  
3496.90366  
3359.027251  
3423.195623  
3259.4479  
3254.247806  
3359.773233  
3356.180015  
3431.58205  
3091.30171  
3227.601112  
3375.23575  
3264.375242  
3369.554583  
3290.699162  
3342.078017  
3313.807058  
3321.132628  
3265.639281  
3373.45921  
3251.869657  
3394.310102  
2965.871126  
3121.595289  
3281.611744  
3302.683658  
3355.648298  
3364.723649  
3268.771744  
3250.285017  
3268.862752  
3300.429674  
3277.446986  
3268.544152  
3279.588842  
3310.60393  
3266.861199  
3332.403678  
3271.40584  
3315.625293  
3226.809762  
3355.191703  
3078.657663  
3288.562443  
2995.147154  
2916.558385  
3296.530201  
3136.049202  
3115.57723  
3247.458036  
3287.803551  
3348.204639  
3299.658073  
3394.601729  
3282.309498  
3247.74811  
3213.3811  
3362.456683  
2959.495715  
2904.365998  
3279.008139  
3189.097861  
3286.69025  
3219.690789  
3299.759014  
3042.708229  
3246.325612  
3125.436354  
2991.104133  
3187.588462  
3176.218933  
3278.141464  
3228.933102  
3270.308792  
3271.419892  
3311.208344  
3249.89931  
3268.412055  
3238.269513  
3318.088812  
3099.344359  
3067.767001  
3182.979453  
2962.302756  
3187.330246  
3163.226662  
3226.895948  
3192.836565  
3204.907232  
3247.5634  
3210.300872  
3284.01623  
3034.36306  
2980.011142  
3218.208556  
3199.438422  
3268.347906  
3282.88081  
3037.439121  
3034.783519  
3183.251413  
3175.03938  
3206.806169  
3291.817707  
3210.166507  
3253.958625  
3038.79523  
3109.738792  
3181.215847  
2979.747211  
3113.074597  
3158.262054  
3144.371105  
3242.964712  
2933.72307  
2986.279577  
3273.341157  
3163.902651  
3283.687466  
3219.084431  
3266.174874  
3223.457019  
3262.125135  
3114.955185  
3004.806134  
3212.425207  
3158.599338  
3259.581422  
3002.073186  
2933.760211  
3240.605892  
3140.389744  
3218.081879  
3138.457686  
3182.909704  
2986.087157  
3095.450844  
3238.267655  
3180.142534  
3326.966776  
3060.096901  
3101.303011  
3111.053553  
2992.731619  
3211.326883  
3215.65701  
3220.011584  
3227.656033  
2985.007237  
2996.547639  
3282.317056  
3168.054257  
3332.174139  
2929.861536  
3098.87279  
2937.167778  
3235.331307  
3112.208204  
3364.804681  
2922.96694  
2912.053749  
3262.339673  
3172.791155  
3282.299133  
3157.27256  
3134.121695  
2913.816929  
3284.793136  
3199.798147  
3236.422937  
3249.31639  
3078.161257  
3074.185397  
3267.166296  
3137.938489  
3104.000246  
2874.837389  
2905.139908  
3285.729592  
3171.671591  
3341.778361  
3055.001954  
3110.100817  
3243.302009  
3202.35179  
3311.990606  
3239.480875  
3332.182002  
2845.708988  
2820.815635  
3329.332542  
3054.207912  
3313.044468  
2840.119904  
2852.183153  
3231.549189  
3110.940865  
3305.082101  
3187.653169  
3281.933971  
3291.513773  
3124.103802  
3223.982217  
3285.644242  
3208.270831  
3271.856347  
3255.660273  
3303.809577  
3237.44902  
3306.745059  
3212.894915  
3336.218269  
2989.444383  
2869.476842  
3277.644265  
3205.891364  
3299.939111  
3214.946879  
3273.732229  
3184.489384  
3253.771865  
3243.986968  
3311.372536  
3276.257703  
3140.077687  
3125.491372  
3304.261447  
3254.847613  
3290.408884  
3070.368401  
3320.582096  
3070.098527  
3115.725149  
2825.15186  
2606.938881  
3303.47066  
3039.767804  
