1.673477608  
1.958774582  
1.161428207  
2.028356347  
-1.280830244  
-2.212545122  
1.801142942  
-0.246218536  
0.6696518998  
1.076507008  
1.395676525  
1.407475547  
0.795318614  
1.841738001  
2.310694948  
0.500021146  
0.8080105361  
0.5805700096  
1.172628253  
0.8391899013  
0.6584593279  
0.5424649305  
1.269868867  
0.6683645298  
1.262882738  
0.2487948383  
-1.50207675  
0.3589346173  
0.9446701435  
0.8593818585  
0.8530841305  
0.7482714383  
0.8949081596  
0.6684539009  
0.8776440086  
0.5400478143  
1.008997867  
0.5775038894  
0.836341373  
0.3140845061  
0.868501874  
0.3182406902  
1.083080252  
-0.8200037955  
-1.810110652  
0.4584796131  
-0.08705287764  
0.7050378507  
0.5135692444  
0.6461130887  
0.3154649041  
0.3902011092  
-0.1474902026  
-0.6799830691  
-0.5027206329  
-1.087661858  
0.5747644698  
-0.110658218  
0.8296319828  
-0.3095981839  
-2.838767198  
0.1163439252  
-0.04421972113  
0.3296504593  
0.2919330407  
-0.01821260192  
0.2182589643  
0.3317215713  
0.2104894914  
-0.1873823768  
0.05723302887  
0.8800028316  
0.2782680122  
0.534753399  
0.4308701167  
0.3167096506  
0.4302742643  
0.005572005378  
0.3823793425  
0.05189889262  
0.5243546417  
0.779139983  
0.7071122735  
0.3598543527  
0.9674468748  
-0.4487868292  
-2.200856041  
0.2054526408  
-0.3639445587  
0.3557928099  
-0.01175301354  
0.5555027081  
-0.320165728  
-0.02919701951  
-0.2440837005  
0.501981289  
0.3338423174  
0.1890377048  
-1.060572286  
-1.015325191  
0.03598990992  
0.2429537215  
-1.174449181  
-0.887761573  
0.1335009129  
0.2717535675  
-0.1741729822  
-2.913608138  
0.8186259387  
-0.6713051329  
0.1820225224  
-0.2653328833  
0.8538495374  
-1.106983867  
-1.765417658  
1.123094037  
0.4139542917  
0.8319275191  
0.4773010048  
0.2530054651  
0.4671820697  
0.9277365056  
0.1872281692  
1.210426647  
-1.685322731  
-1.008811188  
0.09071467873  
-1.035340847  
1.020871034  
-1.738967407  
-2.183233289  
-0.3912812297  
-0.06661294997  
0.2202914111  
0.1069558279  
0.04424855513  
0.8717231519  
-1.825112834  
-1.554881203  
-1.048087222  
-0.8125762749  
1.343591766  
-1.62753807  
0.2488389129  
0.8613466398  
0.5883499481  
1.122225604  
-1.351277665  
-0.7425356568  
1.076060485  
0.3409293256  
0.9771879344  
0.2179624811  
1.124630965  
0.3414775831  
0.7591491971  
0.4356953095  
0.7035695765  
0.04225860427  
-2.136025888  
0.4573536046  
-0.5341374815  
-0.4027281489  
0.4019945892  
0.333383637  
1.158332749  
1.130226643  
0.5179774932  
0.352633561  
0.873915859  
0.3792139379  
0.2680700447  
0.4361641776  
0.09144726788  
-2.359609859  
1.062046357  
-2.920145577  
-2.485208005  
1.374432653  
-0.2623228618  
1.581910112  
-1.556051898  
-1.818851144  
0.9129363918  
-0.0746111534  
1.054964577  
0.2583013065  
0.8271090175  
-1.556447389  
-0.9297644951  
0.859923204  
0.07044950824  
0.3986050968  
0.1991677408  
0.04955161866  
0.3623603839  
0.4868612973  
0.6643842637  
-1.180097716  
-0.7685805261  
0.3146363549  
0.07875531238  
0.4045839915  
0.2227169623  
-2.39963778  
-0.686558855  
-0.00475411257  
-0.1413085164  
-0.2051620607  
-1.148448998  
0.2431807854  
-1.71465306  
-1.797417205  
-0.01475393842  
-3.456038667  
-1.11510879  
-0.1643728075  
0.108549568  
0.006188481938  
0.786351798  
0.1226767503  
0.4476156233  
0.151688701  
0.3874664086  
0.6671620219  
0.4107752938  
0.4496358317  
0.6685614756  
-0.2117684568  
0.4403107163  
-0.2306834875  
0.5004954543  
-0.1854125715  
0.9656458804  
-1.975248075  
-2.32002477  
0.3634750096  
0.0002413189677  
0.2599805443  
0.6005390346  
-1.210394465  
-1.882188501  
-0.332181585  
-0.4083595922  
-0.03819926138  
0.08081646663  
0.2943656338  
0.107636219  
-1.895486945  
-1.701095934  
-0.2435339567  
-0.1770228279  
0.161658344  
0.09267086954  
-1.049807977  
-1.866759317  
0.6324950107  
-2.159172539  
-1.311546124  
0.08213963756  
-1.038057166  
-1.040120315  
0.2581913503  
-1.106017906  
-1.219632344  
