0.5475720642  
0.7090537355  
-0.802195319  
-0.7979995679  
-1.251400936  
-1.026715091  
-0.9190856312  
-0.3172512859  
0.01904432097  
-0.4192816898  
-0.6345892169  
-0.4177822112  
0.2028557053  
-0.7386939603  
-0.5101468191  
0.4239340096  
-0.9271677215  
-0.1902873899  
-1.308567246  
-1.663049818  
-0.9904823169  
-2.394993427  
-1.831009724  
-2.422657955  
-2.257456141  
-2.42228682  
-1.079331204  
-0.8003452633  
-1.585001253  
-1.962283454  
-1.710894229  
-1.699428573  
-1.852168874  
-1.749215837  
-1.965272626  
-1.655855605  
-2.103631815  
-1.558362586  
-1.348335562  
-1.64431172  
-1.686074652  
-1.389573328  
-1.841718651  
-0.9729228737  
-0.2541280523  
-1.614704792  
-1.595152196  
-1.522385457  
-0.8782079296  
-1.351333611  
-1.186158785  
-1.96588877  
-1.659244656  
-2.079281387  
-1.612210036  
-1.999908415  
-1.784797857  
-1.978708944  
-1.944008028  
-2.015421748  
-1.60838193  
-0.9340733275  
-0.8168759348  
-1.372600661  
-1.525097728  
-1.329714764  
-1.301898479  
-1.829648091  
-1.513361197  
-2.036759514  
-1.031284439  
-1.039612789  
-0.6873981022  
-0.7545485723  
-1.644298293  
-1.699104743  
-1.176877306  
-1.146524281  
-1.136286456  
0.2624939522  
0.1535930881  
-0.3793892079  
-1.024262211  
-0.2227341433  
-1.508857299  
-1.15059495  
-0.1533348452  
-1.454721425  
-0.90342221  
-0.05095249101  
-0.7395787944  
-0.370295923  
-1.55421275  
-1.250251739  
-1.289977332  
-1.159351014  
-1.435045852  
-0.937515769  
-0.7458333591  
-0.7156991663  
-1.062169105  
-0.76982686  
0.05650401641  
-1.078768884  
-0.7862890307  
-1.371505979  
-0.9489402447  
-0.2815647972  
-1.190129947  
-0.9851162551  
-0.2048517957  
-0.9732859206  
-1.144049001  
-0.9027441642  
-0.2203935559  
-0.2655057027  
-1.199470031  
-1.415387359  
-0.8309763789  
0.4667963042  
-0.6741526973  
-0.2396137905  
-1.21497158  
-1.323614174  
-1.043204894  
-0.756576478  
-0.7472671641  
-0.1661996114  
-0.5463427197  
-0.04566588491  
-0.7614091267  
-1.138076894  
-0.02414674799  
-0.01287493273  
-0.4318307842  
-0.3015341519  
-0.930924302  
-0.6964539243  
-0.7123150798  
-0.1775652658  
0.1411233759  
-0.6424080078  
-0.3417775859  
-1.144839474  
-0.7916671167  
-0.4537158383  
-0.5436081886  
-0.3159961179  
-0.4325676146  
-0.6685069629  
-0.0418129672  
0.2369673046  
-0.08418389612  
-0.4919698146  
-0.892569805  
-0.7177702772  
0.4792181464  
-0.417102019  
0.5805986066  
0.9925286443  
-0.4586393914  
0.4529115936  
-0.457147374  
-0.09127465054  
-0.01525203347  
0.06343079269  
-0.1220779835  
1.166028333  
0.5660275654  
0.03153909171  
-0.04088654963  
0.5798807752  
-0.5209329804  
-0.08574673847  
-0.1716870032  
-0.4970956111  
-0.1649448827  
0.7661176412  
0.4630088638  
-0.4516806901  
0.4247241934  
1.189081986  
0.7491360739  
1.359703232  
0.07760908436  
0.1990926215  
0.4654613966  
0.0144573458  
0.2350363397  
0.1618254797  
0.4819760056  
0.7031957258  
-0.05195840869  
0.726390973  
1.096357354  
0.6355879015  
-0.2465998653  
0.2417310279  
1.465326222  
0.2764896214  
0.5691041453  
1.348737557  
0.9900093457  
0.577921912  
0.04348724404  
0.35895311  
0.3478667773  
0.7829375207  
0.4096231002  
0.008357886784  
-0.485153149  
0.2515128506  
-0.1665917212  
0.1177381768  
0.07961582001  
0.9121009746  
0.8337604862  
1.274919188  
0.5117017447  
0.402959528  
0.7971171753  
2.281372444  
1.227889213  
2.198401013  
1.344493841  
1.552905146  
0.3977666541  
1.140919628  
0.05937776363  
0.6620838212  
0.4963070845  
0.3343026545  
0.6123193776  
0.1230252425  
0.9900361568  
-0.1764340604  
-0.3088573695  
-0.04759942404  
0.6317024878  
0.3540532112  
1.263010913  
0.213956752  
0.05030393281  
0.2710317021  
0.3605811568  
0.7691705644  
0.8464141716  
0.4352436658  
1.077605472  
0.6477146403  
1.112302856  
0.4211023347  
0.4362775308  
0.9933869676  
0.9360218883  
0.563611339  
0.5587310447  
0.9740568022  
0.0880706844  
-0.04069947262  
0.1044598521  
0.9961984009  
0.6357869239  
0.4915003955  
0.8030853047  
0.3210760171  
0.1565823802  
0.4325964813  
0.958614013  
0.9975542371  
0.9370939857  
1.174398175  
1.000720853  
0.5993168688  
0.3982109994  
0.2861045992  
0.3597118888  
0.4715857975  
0.3023663538  
0.861844563  
-0.0464364701  
0.8453638003  
1.595140309  
1.099441175  
0.2264383504  
0.5525100388  
1.181693391  
1.741343972  
1.827837244  
1.634616485  
0.8179999861  
0.5258269965  
0.4249460544  
0.1193608913  
0.4781545621  
1.059566412  
0.8126397369  
1.210847297  
0.8313242981  
1.337768333  
0.5484959281  
0.9598519299  
1.189576271  
1.252100355  
0.7142407895  
0.4961843978  
1.11524483  
1.119279667  
1.343224442  
0.4255259954  
0.634975958  
0.3496119433  
1.062519931  
0.2756373946  
0.520254685  
0.8618888998  
1.362188697  
1.324214287  
1.449464665  
1.337299607  
1.552239933  
1.660840883  
1.833632651  
1.851501064  
2.394454395  
2.128810506  
2.316599152  
1.872068066  
0.3629139397  
-0.3018339282  
-0.240859769  
-0.3342938426  
-0.4125166815  
-0.2024403835  
0.2568541495  
0.1577958242  
0.4892322172  
0.288162814  
0.9826641493  
-0.2921412528  
0.5760565435  
-0.3069776447  
0.3560413285  
0.3898879872  
0.2091678518  
0.4458547508  
0.4297676906  
0.2989378265  
0.622798726  
0.9023385494  
0.7119915878  
0.7391183861  
0.1069388569  
0.551854724  
-0.1077378692  
-0.08614644331  
-0.04857684504  
0.2130553513  
1.105108443  
0.4126368018  
0.06655406305  
-0.2464262456  
-0.1384430818  
-0.06080181513  
0.1651962478  
0.4614154476  
0.8183299614  
1.081662432  
0.7360338146  
0.4262152863  
0.3541457188  
0.04793881887  
0.8028652257  
1.089804622  
0.5193557538  
0.7141453519  
1.166562126  
1.136795914  
1.063500241  
0.5018904137  
1.117719122  
0.9081548804  
1.110038751  
1.099158485  
0.3420753148  
1.223354016  
0.568305896  
0.3730756075  
0.424671034  
1.429025371  
0.8309172336  
0.7511012687  
0.774482146  
1.148790534  
2.166998035  
1.866673563  
1.91566048  
1.619117037  
