7871.603803  
7813.142155  
7608.457505  
7530.462438  
7502.550443  
7508.224599  
7490.761943  
7593.109568  
7449.897696  
7514.987485  
7484.599131  
7736.027413  
7576.570476  
7660.861982  
7518.430464  
7600.115721  
7626.264805  
7609.77042  
7605.476081  
7440.478637  
7411.03253  
7654.370756  
7511.883382  
7679.8938  
7714.612803  
7538.934025  
7532.563158  
7680.546572  
7539.016045  
7765.381673  
7563.427453  
7418.396969  
7595.075895  
7470.650907  
7465.098988  
7454.203573  
7766.184291  
7479.455169  
7441.991912  
7592.260704  
7527.103956  
7671.525488  
7188.554638  
7343.940158  
7545.895957  
7398.447921  
7622.555691  
7444.998042  
7593.798052  
7534.400835  
7725.444038  
7581.518896  
7465.145541  
7500.404428  
7700.608791  
7453.754161  
7540.20852  
7592.249474  
7492.468048  
7516.2902  
7681.017225  
7203.264365  
7368.464055  
7326.902245  
7546.464053  
7435.829851  
7371.186117  
7391.252389  
7436.511351  
7410.934607  
7350.277149  
7542.727203  
7466.342326  
7335.356291  
7509.53079  
7516.186932  
7392.887537  
7462.654806  
7385.295318  
7586.228334  
7561.774642  
7193.47812  
7557.667353  
7381.857759  
7596.101103  
7649.274005  
7580.626456  
7668.261743  
7584.635995  
7646.561062  
7732.120638  
7722.440758  
7248.435979  
7467.529398  
7604.843916  
7451.940449  
7666.55781  
7424.894422  
7726.324492  
7306.482975  
7537.774561  
7636.654523  
7340.504477  
7344.619022  
7467.713097  
7628.650905  
7349.608568  
7693.308179  
7284.673135  
7262.027318  
7703.037681  
7588.623753  
7650.504838  
7590.881723  
7574.276907  
7619.272937  
7715.911921  
7589.698728  
7491.945756  
7625.903843  
7499.322492  
7470.264693  
7752.142008  
7694.864188  
7748.239458  
7386.454956  
7643.496437  
7389.351829  
7469.991144  
7708.378457  
7541.714138  
7587.396678  
7719.219285  
7736.840274  
7603.338186  
7627.920393  
7742.393753  
7747.939246  
7795.059894  
7576.548046  
7554.23095  
7778.588775  
7606.115258  
7553.233724  
7708.609707  
7705.211546  
7753.299565  
7619.96469  
7581.836599  
7832.011063  
7820.060039  
7829.043356  
7681.640181  
7657.370392  
7537.573368  
7630.702883  
7515.198743  
7562.717347  
7651.74314  
7735.318872  
7609.098862  
7606.06269  
7587.981521  
7578.479232  
7598.096282  
7509.327829  
7660.786428  
7621.853194  
7538.653853  
7660.427778  
7510.827787  
7650.252757  
7674.796824  
7798.911573  
7771.089688  
7585.599699  
7627.668616  
7612.691229  
7596.864246  
7595.818119  
7800.692347  
7562.972323  
7724.452896  
7664.559764  
7607.980974  
7692.759926  
7652.075367  
7653.402011  
7794.375588  
7615.452647  
7656.852739  
8011.317604  
7850.959595  
7771.656849  
7540.438426  
7493.108968  
7442.500568  
7551.897628  
7509.177665  
7496.304776  
7574.730941  
7545.922326  
7514.708183  
7485.457729  
7695.589675  
7238.326096  
7551.198896  
7576.830747  
7307.539797  
7425.543806  
7469.255392  
7476.3887  
7455.990806  
7473.417435  
7771.625848  
7457.783286  
7510.812651  
7543.575035  
7584.174239  
7596.408102  
7530.594509  
7681.090349  
7504.025147  
7682.772105  
7636.719677  
7686.908176  
7431.869557  
7666.411722  
7775.232008  
7608.159005  
7672.461465  
7293.623468  
7370.521696  
7374.290153  
7805.658554  
7774.594993  
7763.974861  
