7864.503141  
7758.103906  
7521.038153  
7654.323006  
7547.678565  
7697.020713  
7392.911191  
7293.029618  
6921.017328  
7410.840951  
7200.226311  
7477.928973  
7433.96109  
7623.100975  
7292.991197  
7800.252988  
7502.652579  
7526.38942  
7485.334074  
7434.96578  
7446.79164  
7511.613339  
7392.256556  
7548.134448  
7513.805659  
7420.259911  
7305.699534  
7422.148021  
7486.120726  
7430.006439  
7360.917937  
7511.986314  
7502.939235  
7621.467603  
7488.267652  
7458.384891  
7371.685669  
7533.638626  
7440.930523  
7357.16143  
7697.062632  
7592.429309  
7404.488573  
7446.063376  
7661.306749  
7619.591218  
7618.657093  
7331.046866  
7629.737387  
7600.349873  
7481.614447  
7367.501735  
7467.244827  
7671.537954  
7420.092943  
7411.769806  
7491.308389  
7545.481643  
7674.128374  
7540.440846  
7636.084506  
7595.67462  
7605.82481  
7877.594231  
7368.024398  
7583.748561  
7604.595792  
7698.594869  
7501.556733  
7931.505546  
7398.36566  
7704.34404  
7645.498068  
7664.32216  
7550.888119  
7696.383472  
7659.677546  
7635.632037  
7800.434143  
7494.254494  
7461.915326  
7438.76771  
7472.417479  
7512.014379  
7390.808285  
7688.727811  
7457.248696  
7314.659923  
7792.985928  
7519.579766  
7492.833781  
7784.025978  
7480.281903  
7568.986594  
7443.460756  
7511.701454  
7548.754237  
7661.86477  
7536.009895  
7608.053283  
7491.527168  
7408.699217  
7608.815574  
7504.719621  
7637.354813  
7753.01987  
7464.392472  
7561.017481  
7616.025558  
7532.705215  
7572.562322  
7460.75133  
7484.932833  
7451.878281  
7458.862351  
7479.868785  
7351.448902  
7537.607466  
7352.951124  
7488.126946  
7759.514045  
7385.71109  
7510.548911  
7416.390874  
7436.237264  
7680.449396  
7535.960422  
7615.455716  
7475.933437  
7759.537482  
7437.885749  
7531.144836  
7892.204149  
7706.012722  
7562.894841  
7438.751327  
7289.273099  
7498.219055  
7721.071014  
7491.636663  
7366.396129  
7691.626934  
7538.805308  
7679.710175  
7654.238734  
7640.221079  
7509.435986  
7540.718745  
7435.956167  
7463.636243  
7422.786844  
7451.509289  
7554.752656  
7790.384278  
7546.280931  
7484.995443  
7448.94735  
7850.384998  
7689.962554  
7390.758373  
7125.481155  
7099.639945  
7548.803107  
7348.000443  
7253.364761  
7460.267378  
7462.468529  
7563.029398  
7518.433422  
7422.051556  
7451.260702  
7520.129983  
7584.600028  
7684.45847  
7425.55014  
7358.114843  
7703.693661  
7305.379114  
7767.263988  
7300.740176  
7557.192906  
7898.689583  
7713.422089  
7860.189162  
7692.488425  
7638.553717  
7469.165111  
7519.779464  
7614.007091  
7633.706576  
7444.844083  
7637.251934  
7605.84968  
7614.72284  
7615.444463  
7596.107694  
7554.279918  
7668.904872  
7682.677541  
7546.840596  
7928.573951  
7642.116831  
7711.968576  
7542.804279  
7525.330159  
7603.648673  
7879.122505  
7714.300059  
7709.950536  
7749.19705  
7653.651424  
7636.295116  
7687.8125  
7657.097813  
7617.904617  
7676.639156  
7639.388884  
7523.194321  
7569.998593  
7657.074755  
7816.623669  
7653.94037  
7808.34605  
7833.429123  
7781.219396  
7732.857906  
7783.058051  
7966.255406  
8025.228134  
7916.541018  
7854.356529  
7870.111785  
7848.055793  
7871.872409  
7983.990626  
7892.901953  
7927.772251  
7891.008055  
7767.910328  
7885.392689  
7898.62597  
7803.904868  
7964.954151  
7857.371117  
7942.733065  
8086.592624  
7988.498959  
7859.979602  
7857.76531  
7734.849895  
7815.77207  
8124.271508  
7846.841426  
7904.683004  
7926.14707  
7968.868319  
7860.844282  
7886.511469  
7971.064625  
7932.149953  
8062.502905  
7891.405716  
7876.590584  
7959.429988  
7974.454395  
7931.520647  
7940.961432  
8148.653244  
7930.307987  
8012.874317  
8325.040008  
7968.907374  
7838.823523  
7993.784683  
7938.936232  
7971.442339  
8036.472625  
7986.646249  
7984.511443  
7975.930988  
7866.605033  
7785.276399  
7775.184688  
8018.870824  
7963.267257  
7883.432547  
8042.570501  
7982.441497  
7973.685604  
7980.721166  
8002.936578  
7714.497319  
7473.377514  
