7867.922968  
7747.813566  
7567.436621  
7551.733172  
7529.274985  
7544.816966  
7443.292075  
7563.196769  
7519.717604  
7481.630728  
7559.320479  
7489.234637  
7595.611913  
7479.260746  
7568.436677  
7662.039887  
7664.143413  
7556.446227  
7494.363003  
7501.981992  
7543.101873  
7657.603573  
7435.044008  
7666.356973  
7595.125556  
7613.589388  
7651.396878  
7831.264863  
7501.720249  
7563.369  
7408.859784  
7431.606523  
7486.850054  
7554.424336  
7464.418849  
7362.250623  
7795.790429  
7504.350113  
7478.360303  
7457.904895  
7510.714025  
7642.490293  
7563.409028  
7548.947521  
7538.085059  
7505.849161  
7508.380303  
7532.656771  
7598.153809  
7650.16905  
7618.299066  
7661.422081  
7688.160189  
7670.317323  
7493.768327  
7577.466501  
7495.776941  
7442.992437  
7569.366742  
7560.095389  
7631.379696  
7566.790748  
7477.696237  
7544.745853  
7566.777229  
7523.215878  
7493.644945  
7484.749261  
7524.645264  
7435.183937  
7555.893306  
7686.523497  
7576.351757  
7509.090556  
7588.784596  
7671.723095  
7796.044593  
7902.1444  
7644.019422  
7505.093523  
7682.330388  
7672.058465  
7897.589848  
7556.665164  
7592.975456  
7826.403811  
7672.818858  
7748.381123  
7788.456991  
7748.007079  
7828.675636  
7776.422299  
7699.225275  
7655.871971  
7592.994684  
7794.072515  
7612.827781  
7576.873378  
7734.995135  
7652.51054  
7686.025749  
7782.29215  
7680.053313  
7634.403339  
7663.844512  
7708.949014  
7594.755561  
7567.708992  
7646.1154  
7600.582378  
7616.800977  
7813.593851  
7610.97477  
7695.573841  
7655.86856  
7628.503448  
7701.272395  
7640.175566  
7601.579068  
7551.059843  
7571.746813  
7677.918152  
7694.144477  
7417.589272  
7616.703525  
7846.370812  
7795.43623  
7708.675753  
7750.44075  
7678.81117  
7624.02844  
7838.858218  
7588.002995  
7505.448581  
7641.052216  
7294.610542  
7867.349146  
7602.570936  
7683.703901  
7579.256388  
7682.567263  
7911.544788  
7729.766708  
7768.875619  
7786.213982  
7706.431831  
7746.085549  
7703.9428  
7567.035903  
7926.707169  
7896.557851  
7751.611436  
7784.045694  
7755.381615  
7771.836573  
7762.471956  
7401.15496  
7939.41261  
7644.047873  
7735.530908  
7690.310727  
7689.685485  
7852.413004  
7807.376261  
7692.532619  
7775.441712  
7496.385986  
7649.10427  
7907.868355  
7733.193628  
7634.53631  
7691.228888  
7745.538813  
7657.192792  
7892.115163  
7873.191122  
7961.856933  
7889.305237  
7677.377612  
7477.001728  
7578.918419  
7705.942656  
7630.474023  
7734.854803  
7651.920574  
7788.183299  
7758.889957  
7875.483687  
7645.780102  
7756.936285  
7727.010951  
7881.448422  
7628.60072  
7739.285559  
7793.411543  
7474.107045  
7853.281049  
7707.839069  
7683.457047  
7791.537774  
7775.274233  
7915.26049  
7774.059257  
7620.073294  
7941.965974  
7774.800718  
7831.995851  
7771.387399  
7692.050787  
7883.127139  
7814.488148  
7746.340699  
7734.970888  
7700.727072  
7682.105473  
7754.241781  
7938.711505  
7862.208357  
7575.04262  
7995.898261  
7703.324244  
8050.524172  
7825.082711  
7788.862321  
7590.350082  
7811.826081  
7921.411098  
7807.491688  
7891.556877  
7757.145874  
7819.073545  
7592.687069  
7625.094474  
7481.614991  
7878.071575  
7990.494393  
7865.321597  
