8218.939105  
7810.768604  
7842.317927  
7672.96787  
7467.842545  
7768.147207  
7574.980156  
7625.051398  
7477.941302  
7646.502373  
7621.733102  
7535.981543  
7517.536949  
7588.250446  
7517.42532  
7416.117759  
7582.950365  
7648.357692  
7638.851135  
7548.159046  
7792.119027  
7589.858151  
7645.846654  
7596.947136  
7641.70866  
7651.297008  
7761.451482  
7758.954496  
7726.232055  
7654.919594  
7600.072467  
7652.015832  
7650.743708  
7665.412894  
7862.186385  
7687.392926  
7622.959962  
7917.412597  
7753.116035  
7717.107094  
7636.925243  
7904.439622  
7843.123305  
7643.801856  
7682.801798  
7690.635002  
7612.113112  
7613.578961  
7890.302628  
7736.79821  
7839.426798  
7743.310136  
7613.430634  
7682.649827  
7866.327032  
7685.252835  
7787.800427  
7861.438512  
7858.374063  
7957.81235  
8027.523633  
7802.33909  
7748.605254  
8120.214044  
8008.269764  
7707.825282  
7877.184985  
8015.129523  
7942.351418  
8001.803225  
8036.823526  
7816.323613  
7848.442898  
8114.660763  
8089.398213  
7963.222901  
8035.38783  
8008.026921  
8165.464894  
8113.822716  
7988.05824  
7876.24063  
7833.694293  
8212.441598  
8240.485474  
8172.993318  
7817.893711  
7869.955927  
8086.529859  
8104.475061  
8227.465664  
8244.875964  
8297.848806  
8253.151122  
8256.738029  
7979.873377  
7876.705701  
8078.814143  
8231.370053  
8235.13772  
8248.481297  
8053.919845  
7954.835993  
8169.720074  
8212.126698  
8243.471373  
8315.7413  
8195.608599  
7996.648026  
8109.134755  
8249.007425  
8280.49982  
8115.413323  
7932.202014  
8151.281173  
8207.824842  
7969.015758  
7878.379435  
7917.786523  
8049.992917  
7880.853908  
8107.795776  
8127.837379  
8157.629252  
8215.45151  
8132.650455  
7967.630756  
8224.927763  
8286.431003  
8201.97284  
8334.068822  
8253.094662  
7997.235306  
8314.71022  
8157.217045  
8399.687377  
8081.740994  
7968.061673  
8016.82521  
8268.170861  
8080.61379  
8068.153293  
8362.162657  
8292.986237  
8198.370046  
8054.152409  
8083.944905  
8107.897933  
8351.495835  
7968.821684  
8136.330835  
8232.305652  
8282.918957  
7917.210953  
8166.082562  
8346.401871  
8371.921844  
8071.12443  
8048.351893  
8029.669799  
8223.46054  
8298.154857  
8146.824525  
8271.223559  
8387.668895  
8220.253789  
8067.219336  
8231.703173  
8300.769829  
8372.735944  
8294.488549  
8035.616744  
7950.768905  
8252.498528  
8370.13091  
8353.840993  
8237.523482  
8157.863325  
7988.852287  
8193.196731  
8196.84278  
8332.250848  
8263.683743  
8204.754505  
8159.209716  
8422.066562  
8313.188611  
8066.90261  
7850.051309  
7933.943631  
8011.518824  
7882.888064  
8013.891533  
8114.739815  
8131.439663  
8222.306412  
8140.819781  
8195.047773  
8133.985069  
8281.605795  
8362.150573  
8315.32013  
8359.002403  
8397.556523  
8355.071126  
8180.324945  
8200.218674  
8231.34352  
8425.48164  
8291.699212  
8414.159105  
8299.537761  
8364.841395  
8133.925781  
8160.36461  
8162.964164  
8075.26007  
8055.514258  
8112.158921  
8215.245169  
8153.340023  
8077.42014  
8318.582282  
8402.968995  
8081.7939  
8097.824906  
8164.484774  
8326.511246  
8138.734535  
8155.271729  
8478.388807  
8331.386875  
8425.764862  
8339.81493  
8474.745851  
8316.004749  
8042.257244  
7996.973149  
7894.884354  
8215.768751  
8025.912437  
7891.250034  
7931.590129  
7972.782737  
8067.371592  
8104.795915  
8009.692498  
7868.819663  
8024.5823  
8066.118355  
8110.465589  
7918.620558  
7836.940396  
8038.933733  
8139.844568  
8051.820135  
7996.960818  
8232.700402  
8224.960716  
8120.715294  
7946.221936  
8015.572439  
8297.721456  
8293.18562  
8137.224751  
7923.079394  
7947.443201  
8111.599378  
8116.495459  
7974.945896  
8271.616788  
8129.332993  
8340.82333  
8112.87502  
8216.114311  
8170.608032  
8209.679419  
8146.044523  
8234.572426  
8089.750384  
8334.388102  
8115.244597  
7906.40569  
7841.375997  
7801.003368  
7990.818671  
7937.941789  
8021.745758  
7879.712427  
7945.075929  
7859.542343  
8187.819952  
8079.537239  
