-1.067592878  
-1.442147662  
-1.494794325  
-1.554729839  
-1.516205728  
-1.459281795  
-1.529052028  
-1.681375212  
-1.569121667  
-1.584440946  
-1.385511231  
-1.504690671  
-1.320791693  
-1.690701818  
-1.618780868  
-1.497557984  
-1.354473857  
-1.394628898  
-1.292915004  
-1.667847798  
-0.8345252409  
-0.9428169925  
-1.541463313  
-1.486183634  
-1.257337427  
-1.289879891  
-1.333189008  
-1.635608846  
-1.271024351  
-1.439377684  
-1.568719182  
-1.605039579  
-1.425730962  
-1.587908458  
-1.265677899  
-1.861857743  
-1.124578863  
-0.5226610747  
-1.384646498  
-1.054932298  
-1.488461237  
-1.158135265  
-1.214538973  
-0.9646622127  
-1.585643383  
-0.5586734186  
-0.8818327612  
-1.405797479  
-1.321410502  
-1.687507605  
-1.347467531  
-1.342383305  
-0.9991213454  
-0.9113268945  
-1.238188023  
-1.461864582  
-1.152669569  
-1.054238869  
-1.085653956  
-1.081191764  
-0.9989092383  
-1.636033417  
-0.9374992768  
-1.254841387  
-0.07880022011  
-0.1373115875  
-0.9018454237  
-1.10934375  
-0.7408171583  
-0.7527820659  
-0.9022082473  
-0.952747854  
-1.206411466  
-0.8250726893  
-0.8613934277  
-1.085851592  
-1.000038145  
-0.984319626  
-0.8274935036  
-1.319579704  
0.06718792793  
-0.1749605899  
-1.400947635  
-0.9846243009  
-1.000486732  
-0.7048062788  
0.1752812075  
0.01083355113  
-1.027114358  
-1.095676348  
-0.7339579453  
0.9563636907  
-0.9216280815  
0.5260800392  
-0.2805722188  
-0.7944625506  
-0.7383043593  
0.4243642522  
0.08258321395  
-0.1437470306  
0.7940883264  
-0.5758156894  
-0.2040436536  
-0.6567221088  
-0.2730634351  
-0.6904706544  
0.06736955916  
-0.806765362  
0.08414256078  
0.3929749376  
0.8844673463  
0.5710715399  
0.4234946828  
0.8559529046  
0.1157329808  
-0.4101084611  
0.3416761032  
-0.2352338399  
1.098950984  
0.5033066971  
0.6453846707  
1.429930353  
-0.05171944889  
-0.004165271349  
0.5440505115  
0.8436337858  
0.9833793907  
1.175450642  
0.3164313242  
-0.103715338  
0.5670843516  
0.04289022418  
0.1641634796  
-0.6448472577  
-0.01563556758  
-0.1095688409  
0.1387560825  
0.3529746747  
0.4007032626  
0.2733999983  
1.371900171  
0.8717897493  
0.9666661134  
0.6960775969  
2.448910234  
1.027368655  
0.8133394534  
1.125900738  
1.512575982  
1.602494945  
0.6118341024  
0.4250309847  
-0.4175330542  
0.5262362466  
-0.1327968545  
-0.2234860476  
-0.3563406483  
-0.4893829224  
-0.5965334633  
-0.4033207061  
-0.09709742134  
-0.1885080519  
-0.07110593463  
0.7068223122  
0.9000017096  
1.162907897  
1.478880642  
-0.2706118753  
1.295189927  
0.6221894179  
1.019163028  
0.4235711397  
0.940569562  
0.9023545411  
0.4797441989  
1.093164685  
1.273023963  
0.447941211  
2.044472853  
1.397553162  
0.1544183977  
0.08446258226  
0.3465155636  
0.7531940009  
0.1585285757  
0.5381930604  
1.205349267  
0.02012231304  
0.1504526267  
1.082578264  
0.3027876341  
0.7061539299  
2.229316783  
1.349086344  
-0.1845907673  
0.2542927127  
0.08273565685  
-0.07602795633  
0.4793853044  
0.203872178  
-0.1884148204  
0.5121886634  
0.2470224847  
0.3719044299  
1.164999117  
1.49587409  
-0.03999722807  
0.6422451086  
0.2017712673  
0.6882719405  
0.9752789299  
1.417050177  
0.08991680456  
0.354930432  
-0.3407276832  
0.7582862565  
0.64867701  
1.846967409  
1.932798305  
1.021528038  
0.8445705875  
0.1428014222  
0.6872290197  
0.24777642  
0.3951945956  
-0.05641249873  
-0.03206019538  
0.3278764514  
1.337770298  
0.5925443847  
0.8566691304  
1.41058661  
0.8390944198  
0.9516731163  
0.5416335845  
2.210236703  
1.541220434  
1.10485255  
0.3609906195  
0.6276036748  
0.1385450627  
1.782238578  
1.906532447  
1.942090051  
1.659442984  
-0.03339212032  
0.2165473419  
-0.02025644639  
0.2879696877  
0.7803808611  
-0.087264047  
-0.255889677  
-0.4372069807  
-0.2388254329  
-0.4220733571  
-0.1941115674  
0.4691332109  
-0.4481914895  
-0.06310693022  
-0.5955149357  
0.05031445006  
0.2544418079  
-0.4727576604  
-0.4583034894  
-0.2477080826  
-0.06142334855  
1.163132203  
1.468056723  
1.083676502  
-0.0319718071  
-0.1759679522  
0.4138603909  
0.7149004333  
1.180268214  
0.3434134555  
0.6846219619  
0.6150336288  
0.9999470106  
0.8585585752  
1.521914542  
0.09264628544  
0.9097111973  
0.773181494  
0.5682941197  
1.178628276  
2.242577874  
1.859786368  
0.1743500192  
0.9632511791  
1.415745991  
2.698447296  
1.318877119  
1.042118616  
