7479.007536  
7248.117574  
7091.6282  
7081.883519  
7145.77543  
7184.980786  
7162.863079  
7041.854293  
7068.752187  
7159.698712  
7177.98987  
7151.529279  
7205.153291  
7035.158525  
7152.546887  
7174.719606  
7218.666836  
7268.999316  
7283.445569  
7146.539958  
7276.446585  
7305.681066  
7216.725625  
7216.63575  
7285.381528  
7277.842777  
7224.195262  
7168.847989  
7529.054247  
7329.463646  
7074.918222  
7153.594948  
7220.765685  
7184.657736  
7281.523105  
7062.91243  
7265.617996  
7286.291683  
7246.650418  
7326.412769  
7233.333638  
7272.185215  
7312.450152  
7314.375816  
7230.211244  
7307.232739  
7312.136747  
7246.235277  
7258.814125  
7112.592642  
7278.163314  
7282.023654  
7299.670262  
7384.710991  
7306.399526  
7285.258416  
7331.299636  
7335.916299  
7365.12878  
7380.137564  
7361.222695  
7153.950761  
7449.021857  
7296.404874  
7543.572267  
7522.249535  
7423.081166  
7293.547197  
7432.907663  
7381.355638  
7426.923593  
7345.939541  
7297.490908  
7588.190049  
7395.735209  
7282.264731  
7348.769257  
7407.515115  
7449.844483  
7237.745855  
7661.48293  
7588.132254  
7276.452791  
7385.074617  
7357.670246  
7479.049854  
7582.561244  
7626.053587  
7474.203402  
7313.340621  
7493.114931  
7810.344441  
7411.872949  
7679.657069  
7600.674925  
7419.069094  
7557.650434  
7839.506973  
7618.440055  
7548.471664  
7810.902777  
7666.277431  
7675.282356  
7550.017694  
7560.816884  
7413.658091  
7623.474309  
7433.518688  
7684.649299  
7644.615638  
7895.619119  
7816.1768  
7833.526359  
8028.674232  
7716.999864  
7730.929462  
7741.527833  
7687.707461  
7842.716375  
7901.316699  
7779.904374  
8101.786782  
7871.895715  
7674.709239  
7795.747365  
7920.516777  
8096.006507  
8114.231919  
7977.889936  
7807.696533  
7816.992698  
7790.796911  
7677.8537  
7490.45438  
7586.178314  
7510.704915  
7641.074272  
7616.241319  
7737.373779  
7615.084351  
8120.567895  
8080.171478  
7852.922146  
7823.094667  
8191.575511  
7981.506066  
7945.82107  
7872.469395  
7934.208428  
8316.931956  
7866.234093  
7566.717874  
7468.714323  
7670.412682  
7530.370129  
7434.385822  
7501.659423  
7514.431024  
7410.173066  
7480.118249  
7507.38167  
7549.06418  
7601.723677  
7801.609242  
7859.666577  
7885.380779  
8015.038218  
7705.258516  
7865.795888  
7843.151045  
7827.074418  
7776.104236  
7866.368422  
8003.556322  
8010.096634  
7960.760867  
7933.013626  
7753.6752  
8169.019265  
7981.858841  
8014.239923  
7771.014704  
7645.446069  
7645.59837  
7631.719113  
7773.799365  
7963.341565  
7595.834554  
7688.793999  
7866.705645  
7679.472093  
7611.882289  
8138.983329  
8079.033618  
7618.172398  
7793.053308  
7593.840653  
7575.054864  
7709.717913  
7660.393283  
7564.135354  
7549.170709  
7693.239306  
7676.911351  
7951.875353  
7927.848015  
7696.9321  
7702.077602  
7691.670863  
7711.876408  
7812.623919  
7815.61727  
8023.905142  
7789.229009  
7672.954062  
7945.418375  
7747.472295  
8030.787086  
8411.094173  
8017.463392  
8074.412148  
7871.4451  
7783.708825  
7610.084656  
7609.77035  
7621.862828  
7549.783744  
7589.165582  
8102.440491  
7622.286203  
8125.659187  
8229.972424  
8070.193449  
7838.940716  
7680.62284  
8083.290371  
7933.406662  
8008.951007  
7834.550243  
7756.722271  
7753.80122  
8116.524282  
7939.254633  
8348.690628  
8139.233629  
7537.38054  
7543.012053  
7441.392712  
7503.727355  
7728.620433  
7493.334698  
7468.747317  
7424.314549  
7431.096656  
7503.826775  
7450.887902  
7510.786845  
7409.247252  
7356.137298  
7277.775596  
7375.947648  
7265.908335  
7392.281569  
7337.843839  
7405.945418  
7551.778078  
7930.477602  
7759.963576  
7672.134877  
7593.459856  
7790.014415  
7862.395084  
7741.967037  
7884.281495  
7455.515623  
7826.450226  
7712.070926  
7965.483068  
7826.852229  
7893.396943  
7405.83663  
7774.930708  
7678.308826  
7734.917312  
7626.546482  
8081.242274  
8058.535824  
7858.283052  
7874.192547  
7956.578141  
8210.439366  
7863.314906  
7854.174549  
