0.5531409554  
-0.07803867775  
-0.8474148403  
-1.067520394  
-0.6584952189  
-1.052373518  
-0.4489360092  
-0.03201794817  
0.9657918021  
1.194355353  
1.578978202  
0.1409965284  
-0.1781002714  
-0.9061733819  
-1.392513138  
-1.27703362  
-1.141887552  
-0.4579887069  
-1.171973521  
0.7599806009  
1.430767155  
2.207662537  
-0.6882823844  
-1.063780515  
-1.062125722  
-1.12619021  
0.8233082662  
-0.7509336675  
-0.1158366482  
0.0700150457  
-0.4119460191  
-0.05462465383  
-0.1679567324  
-1.006403456  
-0.8899646195  
-1.133412729  
0.1029405476  
0.4625935543  
-0.9044312707  
-1.317915235  
-1.257579553  
-1.378880708  
0.1689906088  
-0.7818526124  
0.2131313474  
0.7393992319  
0.07216013645  
-0.2735820434  
-0.5759477782  
0.2715255862  
0.1530550729  
-0.6741704714  
-0.2411459323  
-0.9570553423  
1.630795647  
-0.5191859317  
-1.160494764  
-0.567215142  
0.3861531974  
1.092192267  
1.809228271  
1.594113189  
0.2018954947  
1.36438979  
-0.8946951992  
-1.179960715  
-0.8968962424  
-0.1009542555  
-1.376369758  
-0.4039842242  
-1.043772953  
-0.4878989069  
0.4398943512  
1.148453379  
-0.936897802  
0.5421927675  
2.183069165  
-0.2349022195  
-0.5923692998  
-0.6100419294  
-0.6247718825  
-0.1102112327  
-0.1028722117  
-0.4213468942  
1.156761299  
-0.06594611803  
-1.130252732  
-0.7584927121  
-0.9570014394  
-0.2491917987  
-0.7349266518  
-0.4422853734  
-0.8586652073  
0.5417195496  
0.4569209065  
0.08728458499  
1.644316896  
0.518549292  
1.661008041  
0.931249055  
-0.4446450789  
-1.134226407  
-0.6932883324  
-1.414861461  
-0.6735740872  
-0.9417141488  
0.5143197418  
-0.7846882518  
0.8098931252  
0.4810119583  
1.399179484  
0.2094411591  
0.008700804454  
-0.1224044296  
-0.5226919028  
0.9084493002  
-0.8389531747  
-0.404427394  
-1.350124325  
-1.098323943  
-0.9759065697  
-1.150340074  
2.522577744  
0.07521172062  
0.2677496418  
-1.208293477  
-1.547070417  
-0.5631848032  
-0.8142918902  
-1.00797028  
0.6816720697  
-1.156441708  
1.244067184  
0.04637503018  
1.49304522  
-0.6008878664  
0.2532026762  
0.06572574211  
-0.1317474213  
1.080021515  
0.3657956048  
0.510494279  
-1.047920508  
1.323340719  
-0.05047591972  
0.252285165  
-0.7736097633  
0.4843027575  
-0.4574205765  
0.608658583  
0.3014149661  
-0.6017008641  
1.369745642  
1.444391647  
0.6348830853  
0.901321866  
-0.05819816343  
-0.5722331007  
0.6537593519  
-1.239153578  
-0.07389018429  
0.3286398037  
-1.274669174  
-0.7824138945  
-0.6370398445  
0.4121978897  
0.5102090056  
0.298309274  
-0.1272469361  
-0.08172022738  
1.234060811  
-0.7148460969  
-0.611000876  
-0.5772765276  
-0.5414968758  
0.594233422  
0.7972599793  
-1.031780678  
-0.2535012393  
-0.804133657  
-0.4307746211  
1.073263386  
-0.1772658499  
-1.055052866  
-1.468657501  
0.7092668785  
0.9451112622  
4.075260406  
-0.173046632  
0.3544432562  
-0.1945864984  
0.2640896096  
-0.4650040952  
-1.023277504  
1.16670765  
-0.3397443639  
0.1905731925  
1.388113618  
-0.3449822504  
-1.115954453  
1.414149054  
0.7234029965  
2.120529077  
1.275905427  
3.39666572  
3.847089384  
0.2113350709  
-0.1758733576  
-0.3708712712  
2.111512485  
-0.2754589051  
-0.2801584705  
-0.751244036  
-0.284624579  
1.152993241  
0.9233707109  
0.6190162092  
0.2115835493  
-0.1145152338  
0.1077214068  
1.945514784  
2.109365848  
-0.0003888902084  
-1.25304841  
-1.529507247  
