0.2351939119  
-0.4043290158  
-0.949842724  
-0.97822724  
-0.9630511814  
-1.102297216  
-0.630011527  
-0.9774852696  
-0.8216192451  
-1.219129699  
0.3785157823  
0.2750717437  
-0.9729987645  
-1.174038781  
0.1303382626  
0.06390385536  
-0.3185279038  
-0.5726096191  
0.4098498744  
1.096120218  
-0.5383741285  
-0.464935638  
-0.1807662228  
-0.9896797331  
1.107505521  
1.1905473  
-0.8539146406  
-1.027476534  
0.5252432313  
0.3650438331  
-1.051694261  
-0.8611634559  
0.2216624249  
0.9323629966  
-0.9351474875  
-0.3029760835  
0.6343250749  
1.52703011  
-0.1417252412  
-0.9172558555  
0.360167379  
1.111684444  
1.628843069  
-0.5054294417  
-0.6703402769  
-0.5518646454  
0.9809766211  
0.1430432881  
-1.194312511  
-0.1876349437  
0.5324822541  
0.1665202102  
-0.7882820478  
-0.3938880288  
0.1277455074  
0.7944853947  
-1.161710407  
0.4353316759  
1.164874646  
-0.0559155478  
-1.275470452  
-0.4602362584  
-0.4097862542  
-0.5373877634  
1.132211292  
0.462459406  
-0.8345902604  
1.633175585  
1.705387468  
2.172709667  
1.922425559  
2.089340687  
-0.3514055311  
-0.9642777834  
-0.9090366774  
-0.7671256026  
0.3534782291  
1.695832282  
1.716114243  
1.834338363  
-0.770775183  
-0.7440003209  
-0.8864895384  
-0.4558402192  
1.130590009  
1.177589916  
-1.264625235  
0.2101239395  
1.400613304  
0.1424639114  
-0.6005228679  
1.206982051  
1.570329548  
1.921570697  
-0.7481572742  
-0.8167144995  
1.069883772  
1.033491817  
-1.038959374  
-0.1780708724  
0.8715030957  
1.587676519  
1.690946375  
-0.8169317326  
-1.197166938  
-0.5997926675  
0.2368793155  
1.462189497  
1.28206757  
-0.9121068727  
-0.9891431612  
0.58549023  
1.197818963  
2.172652311  
0.3841890576  
-1.062735704  
-1.098412364  
-0.7711846456  
-1.147663013  
-0.91684416  
-1.354274737  
-0.6822099981  
-1.23891879  
-0.2403622458  
-0.05677610853  
-0.5815670949  
-0.4587064291  
-1.307335835  
-0.3641710115  
0.6785697936  
-0.4183321655  
0.295146838  
1.513043352  
-0.2347843485  
-0.7606784138  
0.2881823614  
1.38629518  
-0.0525151844  
-1.350314915  
-0.6582532432  
-0.01957299603  
1.0855551  
0.8239423545  
1.618847196  
0.7889884521  
-1.145709444  
-0.7702561758  
-0.8482518318  
-0.8283903439  
-1.119247195  
-0.5145775007  
0.3196979753  
-0.9311561397  
-0.2946447167  
-1.137572503  
0.1553101505  
0.6839572398  
-0.7840189688  
-0.8830962342  
-1.353562297  
-0.3897448498  
0.3484701175  
0.9982428926  
-0.6264745926  
-0.9895649841  
0.4416111568  
1.624974796  
1.555005397  
-1.52551127  
-0.5785060875  
-0.6664699038  
-0.3360413539  
0.7975824494  
1.62540174  
-0.4477002426  
-1.185551757  
-0.5922613147  
0.7009262095  
-0.223549544  
-0.5118495473  
1.479168792  
1.398721427  
1.69377637  
1.386725678  
-0.5322545693  
-1.595715059  
-0.8234090549  
-1.247509465  
-0.9980088703  
-0.01906724302  
0.7109478  
-0.08962885211  
-1.263663014  
-1.285347397  
-0.05914865387  
0.8523491603  
1.195337403  
-0.9687293506  
-0.6117759242  
0.8315964857  
1.302280757  
1.681591489  
2.347867621  
0.3768880883  
-1.300413236  
-1.063258439  
-1.199551863  
-1.021693788  
-1.041450585  
0.1528202717  
0.7104964619  
-0.824611761  
-1.12408516  
-0.2793036241  
1.021789597  
0.832401923  
2.025727756  
1.554474508  
-1.352736249  
-1.202132207  
-0.2294956943  
0.829618061  
0.7329395576  
0.6933452047  
-1.425784049  
-0.610884597  
-0.8502693667  
-0.05273124417  
1.269388811  
1.058434653  
1.326274805  
1.187003993  
1.416413813  
1.000534106  
0.5060438319  
-1.434138097  
-0.7253782414  
-1.155261565  
-0.4539304015  
-1.218463006  
0.1252408414  
-0.1347354847  
-1.211973056  
-0.8901160757  
0.1342558279  
0.8102916878  
1.246349947  
1.934606004  
1.722498876  
1.513288498  
-1.241106229  
-1.038887832  
-1.381377474  
-1.102770743  
0.165824464  
0.7084073825  
0.6662681156  
0.697746593  
0.557404182  
0.7243396923  
-0.5163022354  
-1.108814127  
-0.6466403997  
-0.9162622907  
-0.8072171692  
