6638.138471  
6711.516597  
6776.420674  
6598.265926  
6544.476203  
6494.668353  
6344.40915  
6485.651635  
6530.674639  
6479.439289  
6436.167941  
6681.80296  
6441.217855  
6610.380475  
6387.663374  
6455.914709  
6560.267768  
6338.177839  
6466.143597  
6447.677386  
6494.590943  
6343.05225  
6460.762458  
6466.519102  
6517.754063  
6441.360033  
6580.375206  
6491.89559  
6590.698989  
6498.8518  
6426.512479  
6512.960493  
6444.149262  
6532.900052  
6450.041678  
6424.903427  
6458.005479  
6539.570839  
6360.352199  
6379.055533  
6410.373384  
6391.329318  
6614.446663  
6316.405113  
6422.367169  
6372.716632  
6366.704849  
6460.394003  
6253.30267  
6379.393056  
6499.656098  
6407.100582  
6364.869278  
6301.37378  
6411.075948  
6369.555308  
6316.008621  
6277.555017  
6796.139042  
6499.808203  
6570.415623  
6564.367158  
6454.814709  
6383.299121  
6456.211226  
6345.455042  
6432.027034  
6451.613242  
6412.561032  
6210.131583  
6405.491911  
6279.599357  
6460.404574  
6399.742237  
6268.469862  
6326.640334  
6375.859782  
6245.700739  
6294.914692  
6472.725945  
6213.527361  
6368.038403  
6314.104354  
6188.485887  
6330.972164  
6520.072954  
6318.079376  
6317.736692  
6154.240507  
6271.287901  
6555.008614  
6380.60423  
6289.756525  
6487.674527  
6323.119111  
6312.084963  
6179.450284  
6387.307798  
6355.38817  
6395.54645  
6416.94775  
6289.656938  
6292.715027  
6774.448169  
6270.406002  
6246.015496  
6323.61188  
6438.118953  
6537.189859  
6430.287283  
6439.333091  
6435.495855  
6446.946303  
6363.375292  
6463.433403  
6581.085372  
6401.16196  
6733.175456  
6481.851265  
6197.933879  
6666.721659  
6442.058141  
6345.562108  
6464.881974  
6499.534184  
6450.6214  
6296.237779  
6794.440972  
6464.863251  
6629.580315  
6437.643436  
6263.235234  
6539.866498  
6331.522035  
6485.91056  
6449.707188  
6842.026253  
6475.661825  
6425.919792  
6395.932299  
6316.871471  
6297.837262  
6514.324384  
6488.279912  
6303.951856  
6362.101131  
6342.054714  
6383.536556  
6270.400753  
6353.084474  
6490.569667  
6461.032386  
6384.345208  
6453.258275  
6453.923315  
6458.295963  
6472.210504  
6488.779782  
6376.780321  
6670.613786  
6634.26187  
6384.42219  
6396.998325  
6587.055869  
6504.177367  
6510.291203  
6427.247905  
6319.736902  
6325.67371  
6554.823303  
6382.497372  
6318.83452  
6314.105169  
6222.120245  
6253.227777  
6357.068747  
6658.124032  
6193.756125  
6393.671019  
6389.776662  
6428.039244  
6625.940934  
6439.283332  
6307.892984  
6258.421644  
6419.907642  
6309.205424  
6320.547331  
6438.72823  
6340.025449  
6522.356201  
6324.584248  
6454.949925  
6474.426983  
6275.232928  
6432.039073  
6397.523882  
6270.358721  
6354.497425  
6422.145644  
6348.564903  
6462.578632  
6407.365047  
6386.017331  
6509.167281  
6172.509557  
6345.992659  
6527.67221  
6481.987048  
6417.124434  
6180.400529  
6284.516912  
6534.669774  
6172.171396  
6346.014556  
6297.314815  
6400.686105  
6601.385082  
6533.081646  
6182.356743  
6674.813707  
6427.238825  
6317.188877  
6355.460288  
6244.5222  
6385.628219  
6524.596538  
6469.824994  
6399.426698  
6226.956202  
6288.723038  
6342.299808  
6294.25352  
6276.770909  
6382.227311  
6300.970319  
6314.555965  
6562.475741  
6427.757003  
6321.013175  
6306.054388  
6079.505374  
6267.684445  
6302.400363  
6774.801019  
6231.847641  
6801.945937  
6738.489954  
6828.036636  
6403.604378  
6614.013343  
6332.341917  
6379.000207  
6492.785699  
6305.185072  
6490.764387  
6390.654121  
6607.258945  
6146.442971  
6374.81321  
6526.271148  
6410.703999  
6609.083458  
6380.684642  
6193.83594  
6758.864879  
6618.615624  
6329.40199  
6325.579142  
6195.135278  
6410.385706  
6386.707449  
6132.703855  
6195.185251  
6479.662184  
6380.68383  
6389.299641  
6353.078757  
6314.670718  
6305.604367  
6724.965481  
6567.360772  
6411.920176  
6529.422392  
6361.962034  
6403.38355  
6406.777597  
6464.121243  
6276.892885  
6314.668021  
6454.09554  
6402.996302  
6415.059963  
