6048.464277  
5709.635482  
5768.567611  
5725.555948  
5729.670345  
5597.279257  
5686.778582  
5750.084342  
5752.153921  
5543.486145  
5762.49788  
5761.523313  
5576.373934  
5674.630953  
5869.346811  
5676.082018  
5605.507883  
5800.600188  
5805.862174  
5936.041779  
5727.703596  
5991.483349  
5727.316953  
5878.878653  
5765.861413  
6291.258892  
6029.546033  
5897.741351  
5767.136571  
5619.217324  
5815.392666  
5778.415585  
5604.726388  
5837.416454  
5750.467469  
5729.176548  
5630.053181  
6044.911253  
6266.625822  
5704.178187  
5877.858665  
5705.73837  
6071.726859  
5985.406117  
5732.904126  
5681.687128  
5911.821934  
5928.150609  
6101.627244  
5925.168172  
6323.707147  
6426.329305  
6097.335463  
5990.227235  
5988.255366  
6033.94364  
6751.805115  
6752.763813  
6145.811174  
5763.779316  
6730.540422  
6623.738223  
5919.250382  
5836.991836  
6151.097541  
6415.833697  
6947.62929  
6066.785095  
6117.199952  
7052.735301  
7061.062216  
6577.890888  
5618.656864  
6405.507955  
6984.041468  
6341.516587  
5734.753934  
6383.280534  
7138.775949  
7185.733281  
7609.411084  
6539.851251  
5680.728536  
6065.116514  
5806.393001  
6286.600668  
6827.832109  
7177.540126  
6676.361913  
5878.363178  
5875.764218  
6497.438789  
7147.862701  
7030.368342  
7418.622626  
6068.127333  
5679.808125  
5997.662153  
6472.075299  
6902.304175  
6113.552144  
5833.507716  
5819.180723  
5794.872891  
5621.889942  
6235.283563  
6141.980493  
6606.520423  
6732.689971  
6962.763696  
6305.935687  
5719.264809  
5825.489938  
5824.870859  
5730.332455  
6253.998808  
5923.783584  
6087.345196  
6965.695062  
6792.971662  
6833.887008  
5701.618244  
6019.209302  
6352.017499  
7034.768667  
6135.184734  
6372.119701  
6910.818674  
6909.313946  
5943.360677  
5902.766889  
6806.133941  
6841.511643  
6835.681441  
6961.180683  
6068.107732  
5680.503052  
6128.475917  
5963.449292  
6914.428075  
7404.004982  
7799.163573  
5877.400442  
5602.19817  
5697.812104  
5696.667995  
5766.142223  
5854.48694  
5797.367188  
5541.857859  
5789.673391  
5835.267164  
6041.130762  
6193.467709  
6491.924613  
5986.057366  
5712.638838  
6072.076318  
6350.241768  
6942.968838  
6762.443301  
6289.107129  
5554.844684  
6322.018858  
6180.120127  
5966.427788  
6716.957714  
6731.493747  
6801.257835  
6972.489652  
6663.624624  
5831.953813  
5701.479581  
5958.198731  
6322.643696  
6239.783201  
6340.018536  
6176.018228  
6593.187749  
6872.183995  
6175.139417  
5691.511938  
5854.628201  
5742.749911  
5831.967118  
5720.015244  
6195.998766  
6779.824877  
6023.652482  
5724.460768  
5812.596502  
6368.911508  
6741.654296  
6794.042456  
7061.741198  
6785.958281  
5925.231326  
5741.587309  
6073.167849  
6507.885118  
6742.788913  
7327.222063  
6364.238937  
5818.547142  
6878.528614  
6707.871766  
7054.326839  
5837.917977  
5829.680795  
6098.518868  
6082.550799  
7010.795047  
6113.877734  
5950.934691  
7038.214563  
6065.983642  
6407.446736  
6949.211429  
6916.056443  
7177.702934  
6143.061156  
5611.947649  
6018.9089  
6789.317821  
6946.059373  
7246.147511  
6661.366691  
5754.878175  
6771.071312  
6794.475356  
6910.970909  
