6369.032179  
6564.589001  
6487.124145  
5663.074553  
6608.211995  
6301.191006  
5845.149615  
6018.000087  
5822.202743  
5925.112849  
5969.344278  
6436.403444  
5901.185863  
6386.305792  
7059.642461  
6516.753581  
5955.724631  
5847.265432  
6497.857305  
6351.346125  
5770.335905  
6912.84407  
6869.763269  
7227.617322  
6116.765639  
5974.566102  
6716.792395  
6924.024477  
7267.723692  
7748.05432  
6247.068312  
5803.718047  
5893.996902  
6382.566361  
5953.624546  
6541.443186  
6698.381995  
5758.474897  
6389.62255  
6929.224172  
6208.947695  
6128.871889  
7089.951574  
6860.076041  
6956.385331  
5732.593948  
6602.387163  
6965.527623  
7089.008394  
7011.336331  
7128.323882  
6117.970612  
6368.987045  
7154.048471  
7568.623627  
6637.878217  
5616.735492  
6060.97093  
6648.786881  
7015.318616  
6940.994253  
7529.559003  
6397.841661  
5704.633435  
6033.865624  
6771.524512  
6886.804966  
6387.885778  
5577.545069  
6517.205496  
6800.41999  
7055.722881  
7249.906862  
7786.864981  
6650.376608  
5908.292191  
6541.11895  
6924.437825  
6967.561971  
7092.118469  
7021.418232  
7205.234218  
7227.035333  
7164.116946  
7079.627411  
7404.562506  
6436.771175  
5973.25119  
6255.820605  
6843.670493  
6835.453941  
7089.539152  
5996.676879  
5855.450293  
6869.891174  
6776.186811  
7096.376086  
6979.591058  
7122.040798  
7021.305758  
7148.693836  
7041.629145  
7175.08875  
7145.637852  
7476.422945  
6045.506316  
5966.671141  
6088.398624  
6868.860892  
6161.174235  
6548.624529  
7056.281598  
6997.033827  
7145.618519  
7140.839222  
7235.038537  
7366.979877  
6048.296045  
5821.207681  
6769.721514  
6892.278925  
6883.601794  
7212.790917  
7475.277141  
7631.847011  
7586.338238  
7806.786528  
7194.838406  
5723.186542  
6005.694765  
6308.052561  
7006.007813  
6804.335477  
7033.567789  
6898.376466  
7098.899248  
7131.188323  
7475.505877  
7288.066182  
7683.553666  
6459.296976  
5771.817456  
6559.389935  
5747.430452  
6099.725601  
5705.0901  
6059.769289  
6760.35094  
6877.019234  
6220.960057  
5888.599612  
6622.733697  
6824.171814  
6926.774226  
6906.756814  
6971.301048  
6708.257314  
5867.029935  
6336.556364  
7009.391898  
6324.91613  
6232.97814  
6898.873391  
6961.35344  
6020.663386  
5893.279109  
6787.6912  
6792.682338  
6905.80736  
6887.166295  
6995.825269  
7060.357138  
7054.290575  
7034.877408  
6199.824819  
6409.564709  
6947.430254  
7216.103917  
7401.255035  
7414.742223  
7518.4665  
7431.634832  
7520.309321  
7312.819295  
7222.430007  
7013.170371  
7194.152685  
6654.32593  
5768.999854  
6096.5933  
6581.201149  
7040.821073  
7085.978118  
7210.220185  
7191.994426  
7323.596955  
7337.945595  
7522.211668  
6817.691943  
6381.493689  
7383.595484  
7566.558493  
7545.06296  
7421.99159  
7556.013332  
7609.820448  
7682.111129  
7788.346458  
7901.254636  
7758.965006  
7805.703452  
7852.595587  
7693.451485  
7266.354993  
7370.608374  
7007.362087  
5632.678243  
5877.847857  
6086.427125  
6860.713182  
6934.33477  
7243.605799  
7585.373338  
7856.584485  
7610.709694  
7419.232069  
6562.359117  
5863.996936  
6097.747331  
5748.313291  
6080.978243  
