7031.400304  
7262.729616  
7154.59669  
6115.196485  
7392.490744  
6800.046514  
6336.101394  
6477.166399  
6201.507858  
6382.227134  
6308.69995  
7031.10862  
6272.809729  
6886.225823  
7771.617799  
7052.550005  
6357.793464  
6328.731737  
7051.327276  
6872.630704  
6167.847823  
7454.412158  
7653.333038  
8143.225316  
6861.884895  
6446.865518  
7345.810715  
7626.269863  
7678.098984  
8029.682643  
6550.445238  
6286.086431  
6341.853249  
7019.712896  
6295.20415  
7132.777807  
7328.861615  
6248.288749  
6999.664699  
7749.710525  
6928.037906  
6582.699875  
7821.482183  
7665.341386  
8017.506704  
6212.850495  
7190.540985  
7677.773604  
7910.037629  
7910.465478  
8311.050596  
6778.655218  
6961.827674  
7903.152469  
7958.633836  
6938.243198  
6113.353013  
6520.732233  
7232.510473  
7782.08666  
7807.954906  
8212.419729  
6836.443295  
6176.253401  
6436.382975  
7382.528877  
7621.324585  
6964.828456  
6025.181527  
7108.847018  
7499.155046  
7824.555426  
7904.25925  
8077.999847  
6977.304083  
6331.337263  
7015.851199  
7661.454369  
7713.800813  
7967.414519  
7992.26704  
8154.30597  
7874.173276  
7819.606652  
7747.574412  
8048.849324  
6871.713503  
6461.863639  
6701.408758  
7465.233632  
7669.266294  
8078.241095  
6690.578095  
6375.828682  
7560.369722  
7460.7727  
7992.729312  
8031.162513  
8207.171393  
8146.891564  
8284.408199  
8155.272891  
8260.233652  
8024.387287  
8133.364821  
6505.165255  
6420.457769  
6525.676992  
7489.59079  
6636.909086  
7148.669375  
7764.786887  
7907.874279  
8085.292768  
8071.394946  
8081.021416  
7983.99781  
6534.046535  
6211.306025  
7287.629837  
7686.005055  
7715.01519  
7888.429629  
7964.944176  
7991.834908  
7915.104022  
8111.204658  
7420.665059  
6189.392584  
6459.981227  
6803.194215  
7605.651714  
7503.000152  
7603.675407  
7634.821035  
8015.757211  
7914.623387  
8072.368256  
7857.591018  
8159.986633  
6920.703187  
6075.732754  
7138.297976  
6080.66269  
6464.760334  
6162.080862  
6615.031672  
7458.070982  
7510.612901  
6724.363901  
6269.76867  
7145.403311  
7545.509435  
7746.530087  
7831.345613  
7987.781937  
7720.028462  
6314.485171  
6931.834407  
7729.690525  
6807.260619  
6773.927844  
7613.229377  
7534.554895  
6407.858116  
6277.144721  
7422.950357  
7654.066897  
7848.992844  
7888.408603  
7910.417889  
7985.098354  
7934.674601  
7934.262956  
6740.419474  
6984.861501  
7651.657825  
7534.869944  
7586.248671  
7617.41041  
7756.98139  
7625.70677  
7764.894366  
7643.745685  
7761.398123  
7621.542415  
7840.180122  
7068.615234  
6083.257348  
6547.201494  
6971.580217  
7647.567706  
7786.608425  
8095.990731  
8033.695795  
8145.777941  
8022.225604  
8163.21403  
7225.748622  
6881.569454  
7857.906806  
7659.334791  
7740.190612  
7637.859118  
7866.38544  
7836.933782  
7848.24822  
7944.431746  
7971.934708  
7840.750338  
7947.768279  
7925.818578  
7945.778503  
7736.413776  
7916.713756  
7469.900798  
6013.810414  
6206.401189  
6465.074436  
7517.407359  
7575.055692  
7905.07717  
7929.783069  
7993.107017  
7779.365312  
7973.149683  
7170.87145  
6317.108733  
6652.299888  
6189.279362  
6428.78695  
