0.19350759  
-0.6135750051  
-0.8345521811  
-0.8640056607  
-0.9081784282  
-1.010986485  
-0.6336040508  
-1.027514975  
-0.8651078027  
-1.290303486  
0.2401704688  
0.1458547798  
-0.9920936085  
-1.128100915  
0.05834516364  
-0.1889588173  
-0.4734091641  
-0.74662378  
0.2992940865  
0.9008843887  
-0.7457303501  
-0.652636677  
-0.4277835015  
-1.182705016  
0.7124585775  
1.195839403  
-0.892816552  
-1.142791042  
0.2710010938  
0.1550055397  
-1.097817563  
-0.9536815945  
0.005421386368  
0.6698478632  
-0.9891825059  
-0.3860145119  
0.3788391643  
1.44184555  
-0.08544760198  
-1.087141288  
0.1935598227  
0.8077567089  
1.888093451  
-0.08581509257  
-0.7491411869  
-0.7122063245  
0.6588727628  
0.1155193754  
-1.252015472  
-0.4072506183  
0.234573801  
0.1927447616  
-0.983811478  
-0.5360970023  
0.02124835707  
0.4494799834  
-1.308665908  
0.2486597258  
0.93464139  
0.1282862198  
-1.35399727  
-0.5414191469  
-0.6518265687  
-0.6953217843  
0.729426408  
0.4856464793  
-0.9849654404  
1.253167133  
1.523912143  
1.775277606  
1.650050802  
2.020852041  
-0.3593465697  
-1.058736202  
-0.9123248116  
-0.9062511273  
0.1132194521  
1.612332635  
1.73613271  
1.968221316  
-0.659086981  
-0.8857845056  
-0.9486470685  
-0.6744958133  
0.8739056698  
1.116715644  
-1.341561394  
0.0396068361  
1.114448438  
0.6157480883  
-0.7829448122  
1.031502302  
1.61660933  
2.217675512  
-0.6978542003  
-0.8773330957  
0.7940356742  
1.237196275  
-0.9928806195  
-0.3281808681  
0.7016942355  
1.337961595  
1.403613497  
-0.825092036  
-1.239386589  
-0.5854604779  
0.0136387491  
1.430982811  
1.565497907  
-0.9086557774  
-1.053035789  
0.6336400366  
0.8163311913  
1.813531087  
0.7988985687  
-1.129192137  
-0.7997196331  
-0.9109890584  
-1.118004779  
-0.9368505211  
-1.307961265  
-0.7673868416  
-1.19354865  
-0.4511523248  
-0.2482324816  
-0.7610356695  
-0.5473293253  
-1.337459185  
-0.4656508589  
0.5131322406  
-0.346356975  
0.1326609709  
1.987051621  
0.1872855128  
-0.9362650847  
0.2587863601  
1.202569422  
0.06434772687  
-1.315971105  
-0.6555770012  
-0.08346048848  
0.9351055696  
0.8062897552  
1.387805675  
0.193904171  
-1.143162593  
-0.8568477565  
-0.7539449169  
-1.011198665  
-1.143358152  
-0.6788918334  
0.2595931052  
-0.9325769979  
-0.2871902118  
-1.195781582  
0.3199364913  
0.6085043939  
-0.8352809365  
-0.9197931529  
-1.206876387  
-0.2647116149  
0.4733095951  
0.9622811726  
-0.3234450686  
-1.118758817  
0.4087758095  
1.29842449  
0.663682822  
-1.5009925  
-0.6642354931  
-0.6640148899  
-0.373454988  
0.8834578478  
1.8594093  
-0.2018457478  
-1.161249295  
-0.7450380941  
0.6036547947  
-0.08445345083  
-0.5604166608  
1.450699427  
1.799616048  
2.294433513  
2.112987162  
-0.1316675751  
-1.346237746  
-0.6973578782  
-1.134691296  
-0.8765635809  
-0.1005126  
0.7406582414  
-0.04049708945  
-1.192123281  
-1.240667265  
-0.1631698907  
0.7306229323  
1.610601228  
-0.8015455743  
-0.5042577137  
0.8095343117  
1.412055466  
1.449737978  
1.76982244  
0.1932970194  
-1.132092393  
-0.8591402709  
-0.9713559908  
-0.7175933953  
-0.9519635411  
0.1986929772  
0.7573525349  
-0.5297641038  
-0.9782223147  
-0.2152131562  
1.088095054  
1.31795332  
1.601693759  
0.6053440286  
-1.228726315  
-1.069061589  
-0.1198705314  
0.8602216095  
1.379982456  
1.394113076  
-1.20289954  
-0.4847877545  
-0.6964178166  
0.00121616995  
1.250023834  
1.604534803  
2.061074166  
1.799104338  
1.702059378  
1.663564759  
0.9293878914  
-1.227811968  
-0.6898006535  
-0.9576842427  
-0.4264875296  
-1.283733444  
0.250889286  
-0.2484744387  
-1.109670981  
-0.7993479611  
0.1400450501  
0.8750229576  
1.129768182  
1.149644393  
1.272795299  
1.00893557  
-1.154211983  
-0.9056077531  
-1.156735528  
-0.9371007219  
0.1576225457  
0.9291594379  
1.494939441  
1.673688386  
1.75038754  
1.789523494  
-0.04764284943  
-0.9386249224  
-0.5380167346  
-0.8790291833  
-0.6576950564  
