6843.4702  
6402.317281  
6448.743459  
6391.578693  
6523.137742  
6315.510627  
6473.79611  
6532.743317  
6494.253008  
6352.000044  
6451.11655  
6378.441028  
6227.206641  
6287.147897  
6568.039529  
6280.45587  
6242.861023  
6404.241667  
6360.396856  
6551.197224  
6326.581778  
6681.118738  
6313.241997  
6437.97229  
6292.558116  
7018.367519  
6680.669641  
6472.306289  
6376.332927  
6177.197865  
6410.674162  
6387.98067  
6286.418548  
6356.651267  
6235.519623  
6273.212016  
6180.05056  
6510.634152  
6849.561439  
6263.462112  
6505.944526  
6202.043674  
6615.789375  
6441.208959  
6251.551051  
6179.694679  
6454.191753  
6366.045664  
6608.534456  
6352.156312  
6972.237285  
7105.276389  
6634.403057  
6423.733984  
6449.42822  
6517.195828  
7339.97981  
7517.238755  
6710.296251  
6211.626597  
7332.507375  
7256.745615  
6343.665919  
6250.371578  
6628.327084  
6897.103877  
7594.090404  
6577.820316  
6573.846609  
7567.956689  
7818.653931  
7319.226965  
6057.746782  
7025.260157  
7724.398625  
7156.907478  
6162.739915  
7024.085021  
7767.703877  
7759.465114  
8050.657256  
7006.565521  
6226.593145  
6612.274429  
6227.900348  
6832.410556  
7450.211001  
8105.295231  
7530.640662  
6350.269677  
6409.016509  
6991.786888  
7887.946164  
7855.065665  
8055.174138  
6654.047003  
6160.635581  
6384.886015  
7161.541979  
7708.701512  
6556.36214  
6262.333637  
6270.435561  
6294.176677  
6086.983347  
6905.160338  
6602.913269  
7276.162568  
7561.656454  
7856.421205  
6876.338063  
6253.586767  
6302.724864  
6365.774645  
6236.795838  
6903.419458  
6350.71045  
6628.778862  
7691.957092  
7720.666365  
7892.350116  
6315.084924  
6632.643167  
7054.584985  
7826.364951  
6676.538909  
7035.671439  
7597.19795  
7894.452177  
6520.30781  
6446.207029  
7512.372116  
7585.988958  
7633.729167  
7983.664758  
6890.381025  
6186.190175  
6739.097424  
6417.791827  
7558.459182  
7697.84689  
7986.489179  
6270.138124  
6127.272977  
6257.099152  
6263.881273  
6270.378252  
6331.215645  
6283.867368  
6078.422957  
6274.565992  
6346.006727  
6481.371248  
6731.367365  
7050.974959  
6395.905375  
6149.489151  
6574.288367  
7012.026117  
7691.295161  
7660.983275  
7136.470995  
6045.04617  
6937.765922  
6645.537976  
6457.640553  
7354.623118  
7484.860643  
7727.360685  
8068.43724  
7762.754342  
6438.301621  
6057.069563  
6530.783651  
6929.702838  
6836.112089  
6895.665225  
6716.637749  
7036.803376  
7594.093779  
6854.045561  
6177.006238  
6475.800746  
6362.499624  
6413.539536  
6261.062146  
6831.973554  
7492.346637  
6548.027379  
6266.763071  
6421.990754  
6997.656606  
7513.707876  
7528.555431  
7842.526994  
7888.299533  
6516.042973  
6368.813462  
6573.296965  
7174.7326  
7483.174059  
7890.355336  
6730.304817  
6403.672796  
7603.699797  
7464.569146  
7990.425112  
6410.061617  
6372.909485  
6603.197246  
6567.981351  
7706.427574  
6480.527951  
6513.873999  
7660.301423  
6536.338028  
7026.42714  
7632.510688  
7508.196774  
7991.041875  
6783.779714  
6076.86775  
6630.866226  
7433.707347  
7606.655626  
7898.934902  
7306.692219  
6201.530635  
7434.657682  
7519.477996  
7904.962641  
