2.895433e+01 -4.561390e+01 -1.448970e+01 -2.169866e+00
-6.242163e+00 -1.440139e+01 8.651753e+00 -2.929531e+01
6.475354e+01 -2.593123e+00 -3.509301e+00 6.566972e+01
-2.078576e+01 -2.421843e+01 -2.270200e+01 -2.230219e+01
3.748731e+00 1.082722e+01 2.211881e+01 -7.542864e+00
2.100399e+02 -6.657608e+01 -1.220145e+01 1.556653e+02
-2.214365e+00 1.235200e+01 1.495379e+01 -4.816157e+00
1.234173e+01 3.691629e+01 2.643987e+01 2.281815e+01
8.307867e+01 3.859290e+01 4.704426e+01 7.462730e+01
-4.490850e+00 4.949032e+01 4.174442e+01 3.255052e+00
-1.746492e+01 -3.854236e+01 -2.529368e+01 -3.071360e+01
-9.162973e+01 -2.630433e+01 -4.920032e+00 -1.130140e+02
1.680541e+01 3.534101e+01 2.040460e+01 3.174183e+01
7.327367e+01 2.519027e+00 6.446192e+01 1.133077e+01
4.652116e+01 3.975791e+01 5.864873e+01 2.763034e+01
2.795555e+01 4.392624e+00 -3.707561e+00 3.605574e+01
3.246531e+01 -8.249726e-01 2.710835e+01 4.531991e+00
1.107772e+02 3.999596e+01 4.127301e+01 1.095001e+02
2.245880e+00 2.449833e+01 3.584416e+01 -9.099955e+00
-1.014161e+01 7.828534e+00 -3.090543e+00 7.774675e-01
3.440443e+01 2.631246e+01 3.571693e+01 2.499996e+01
5.314892e+01 8.342480e+00 1.244861e+01 4.904279e+01
-2.381444e+00 -9.375557e+00 -1.022751e+01 -1.529493e+00
-7.973138e+01 1.169483e+01 9.469241e+00 -7.750579e+01
2.815527e+01 7.672183e+00 3.515431e+01 6.731443e-01
4.830360e+01 2.960587e+01 3.159119e+01 4.631828e+01
-5.832041e+01 -5.369386e+01 -4.251991e+01 -6.949436e+01
-8.629401e+00 -2.867348e+01 4.426846e+00 -4.172973e+01
1.807236e+01 -2.680290e+01 -2.598714e+01 1.725661e+01
6.261590e+00 -3.518192e+01 1.829003e+01 -4.721036e+01
3.487596e+00 1.964714e+01 3.271185e+01 -9.577111e+00
-1.001617e+01 9.881357e+00 8.988206e-01 -1.033632e+00
4.328071e+01 2.944798e+01 3.617126e+01 3.655744e+01
3.236050e+01 7.053020e+00 2.143808e+01 1.797543e+01
6.206824e+01 1.607659e+01 9.046028e+00 6.909880e+01
5.083137e+01 -2.522259e+00 -5.972839e+00 5.428195e+01
8.240822e+00 -4.677622e+01 -2.734527e+01 -1.119013e+01
-6.385686e+01 -5.243427e+01 -4.245014e+00 -1.120461e+02
-1.014514e+01 1.513378e+01 1.657161e+01 -1.158297e+01
-5.883427e+01 -3.407040e+01 -1.593372e+01 -7.697095e+01
-2.068885e+02 1.662698e+00 1.197078e+01 -2.171966e+02
-1.693670e+01 -6.386149e+00 -5.179389e+00 -1.814346e+01
-1.651138e+02 1.850473e+01 5.006684e+00 -1.516157e+02
3.411893e+01 1.144428e+01 2.588424e+01 1.967897e+01
3.411893e+01 0.000000e+00 1.109466e+01 2.302426e+01
3.411893e+01 0.000000e+00 1.109466e+01 2.302426e+01
3.411893e+01 0.000000e+00 1.109466e+01 2.302426e+01
3.411893e+01 0.000000e+00 1.109466e+01 2.302426e+01
3.411893e+01 0.000000e+00 1.109466e+01 2.302426e+01
3.411893e+01 0.000000e+00 1.109466e+01 2.302426e+01
3.411893e+01 0.000000e+00 1.109466e+01 2.302426e+01
3.411893e+01 0.000000e+00 1.109466e+01 2.302426e+01
