7.087141e+01 6.034313e+00 3.521534e+01 4.169039e+01
3.020106e+01 6.034313e+00 3.014365e+01 6.091726e+00
8.848982e+01 2.912211e+01 5.578838e+01 6.182356e+01
-2.583131e+01 -5.509589e+00 2.555161e+01 -5.689251e+01
6.852542e+00 1.757821e+01 3.867799e+01 -1.424724e+01
1.342569e+00 -1.705350e+01 1.173667e+01 -2.744760e+01
-1.384955e+02 -5.168520e+01 -2.863631e+01 -1.615444e+02
7.696072e+01 5.220992e+01 7.218784e+01 5.698280e+01
2.837277e+01 -4.014130e+01 -2.419705e+01 1.242852e+01
5.234641e+01 4.066602e+01 5.734734e+01 3.566509e+01
3.885302e+01 2.912211e+01 6.055895e+01 7.416181e+00
3.245186e+01 -1.705350e+01 1.015801e+01 5.240353e+00
6.978415e+01 2.912211e+01 5.055060e+01 4.835567e+01
-4.425165e+01 -1.705350e+01 -5.084212e+00 -5.622093e+01
6.589843e+01 5.220992e+01 6.510608e+01 5.300227e+01
2.958023e+01 -2.859740e+01 -1.573166e+00 2.556001e+00
1.034160e+02 4.066602e+01 6.053777e+01 8.354426e+01
3.533609e+01 2.912211e+01 4.596385e+01 1.849436e+01
5.190861e+01 1.757821e+01 3.566722e+01 3.381960e+01
-1.225212e+01 -5.168520e+01 -2.467056e+01 -3.926676e+01
-1.638804e+01 -5.509589e+00 1.273259e+01 -3.463022e+01
1.756943e+01 -1.705350e+01 6.357815e+00 -5.841881e+00
2.463053e+00 6.034313e+00 3.429840e+01 -2.580103e+01
-3.475744e+01 -2.859740e+01 -4.466892e+00 -5.888794e+01
-5.776215e+01 -2.859740e+01 -1.011781e+01 -7.624174e+01
5.184423e+01 5.220992e+01 7.105085e+01 3.300330e+01
5.048071e+01 6.034313e+00 4.137518e+01 1.513985e+01
9.412526e+00 1.757821e+01 4.254657e+01 -1.555583e+01
1.556097e+01 4.066602e+01 7.219988e+01 -1.597290e+01
5.929526e+01 5.220992e+01 7.393956e+01 3.756562e+01
-5.834093e+01 -1.705350e+01 1.907894e+00 -7.730232e+01
1.849630e+01 6.034313e+00 3.186234e+01 -7.331730e+00
-3.105923e+01 -4.014130e+01 -2.181101e+01 -4.938952e+01
-5.888810e+00 -2.859740e+01 -7.101689e+00 -2.738452e+01
-6.157888e+00 -5.168520e+01 -2.733498e+01 -3.050811e+01
2.081623e+01 4.066602e+01 6.781201e+01 -6.329764e+00
-1.641009e+01 -5.168520e+01 -1.936721e+01 -4.872809e+01
-3.265985e+00 -4.014130e+01 -1.296878e+01 -3.043851e+01
-6.432885e+01 -5.509589e+00 1.693673e+01 -8.677517e+01
1.060473e+02 4.066602e+01 6.998485e+01 7.672850e+01
-1.934052e+01 -4.014130e+01 -1.650449e+01 -4.297733e+01
2.042369e+01 -5.509589e+00 2.170808e+01 -6.793981e+00
-1.599067e+01 -4.014130e+01 -1.496347e+01 -4.116850e+01
7.188973e+01 1.757821e+01 3.785025e+01 5.161769e+01
7.188973e+01 0.000000e+00 2.361265e+01 4.827708e+01
7.188973e+01 0.000000e+00 2.361265e+01 4.827708e+01
7.188973e+01 0.000000e+00 2.361265e+01 4.827708e+01
7.188973e+01 0.000000e+00 2.361265e+01 4.827708e+01
7.188973e+01 0.000000e+00 2.361265e+01 4.827708e+01
7.188973e+01 0.000000e+00 2.361265e+01 4.827708e+01
7.188973e+01 0.000000e+00 2.361265e+01 4.827708e+01
7.188973e+01 0.000000e+00 2.361265e+01 4.827708e+01
