1.605030e+01 6.405597e+01 -7.649631e+01 1.566026e+02
-5.911637e+01 6.405597e+01 -6.192326e+01 6.686285e+01
-3.267693e+01 6.405597e+01 -7.855316e+01 1.099322e+02
1.146491e+02 6.405597e+01 -9.234505e+01 2.710501e+02
2.905984e+01 6.405597e+01 -5.563629e+01 1.487521e+02
6.617989e+01 6.405597e+01 -6.743867e+01 1.976745e+02
-9.096145e+01 6.405597e+01 -6.442742e+01 3.752194e+01
4.455533e+01 6.405597e+01 -5.919268e+01 1.678040e+02
5.015482e+00 6.405597e+01 -3.856489e+01 1.076363e+02
-9.891048e+00 6.405597e+01 -4.703434e+01 1.011993e+02
2.009514e+01 6.405597e+01 -9.013372e+01 1.742848e+02
-9.700478e+01 6.405597e+01 -7.276635e+01 3.981754e+01
6.254616e+01 6.405597e+01 -6.534269e+01 1.919448e+02
6.685506e+00 6.405597e+01 -7.992683e+00 7.873416e+01
3.918759e+01 6.405597e+01 -2.569222e+01 1.289358e+02
-9.146748e+01 6.405597e+01 -8.156974e+01 5.415823e+01
-5.413863e+00 6.405597e+01 -4.629786e+01 1.049400e+02
-8.311085e+01 6.405597e+01 -4.455347e+01 2.549859e+01
-4.262186e+00 6.405597e+01 -4.541688e+01 1.052107e+02
-2.907257e+01 6.405597e+01 -8.224101e+01 1.172244e+02
-6.053716e+01 6.405597e+01 -4.635566e+01 4.987446e+01
-1.114499e+02 6.405597e+01 -6.548143e+01 1.808752e+01
-1.577505e+02 6.405597e+01 -8.373795e+01 -9.956570e+00
8.153427e+01 6.405597e+01 -6.986328e+01 2.154535e+02
2.092470e-01 6.405597e+01 -4.110098e+01 1.053662e+02
8.731481e+01 6.405597e+01 -5.130697e+01 2.026777e+02
-1.548510e+01 6.405597e+01 -1.038252e+02 1.523961e+02
2.788050e+01 6.405597e+01 -6.168664e+01 1.536231e+02
2.320410e+01 6.405597e+01 -9.459051e+01 1.818506e+02
-9.887634e+01 6.405597e+01 -4.443227e+01 9.611908e+00
-1.013224e+02 6.405597e+01 -4.750380e+01 1.023734e+01
-1.838596e+02 6.405597e+01 -7.811486e+01 -4.168879e+01
-5.331792e+01 6.405597e+01 -4.720912e+01 5.794717e+01
-2.598022e+02 6.405597e+01 -5.555961e+01 -1.401866e+02
-4.174839e+00 6.405597e+01 -7.195428e+01 1.318354e+02
-1.347530e+02 6.405597e+01 -8.110321e+01 1.040615e+01
6.523995e+00 6.405597e+01 -9.038874e+01 1.609687e+02
-3.560441e+01 6.405597e+01 -6.375064e+01 9.220221e+01
-4.338025e+01 6.405597e+01 -6.317944e+01 8.385516e+01
-2.694316e+02 6.405597e+01 -8.147931e+01 -1.238963e+02
-1.059399e+02 6.405597e+01 -6.402979e+01 2.214588e+01
-1.327403e+02 6.405597e+01 -7.942170e+01 1.073736e+01
-3.775573e+00 6.405597e+01 -7.695598e+01 1.372364e+02
-8.686134e+01 6.405597e+01 -5.181260e+01 2.900723e+01
-8.686134e+01 6.405597e+01 -6.405597e+01 4.125060e+01
-8.686134e+01 6.405597e+01 -6.405597e+01 4.125060e+01
-8.686134e+01 6.405597e+01 -6.405597e+01 4.125060e+01
-8.686134e+01 6.405597e+01 -6.405597e+01 4.125060e+01
-8.686134e+01 6.405597e+01 -6.405597e+01 4.125060e+01
-8.686134e+01 6.405597e+01 -6.405597e+01 4.125060e+01
-8.686134e+01 6.405597e+01 -6.405597e+01 4.125060e+01
-8.686134e+01 6.405597e+01 -6.405597e+01 4.125060e+01
