7373.820203  
7289.675641  
7315.194064  
7221.045625  
7402.43279  
7304.100076  
6976.518279  
7034.09608  
6619.634962  
7191.437377  
6966.974704  
7257.126301  
7153.542868  
7247.269551  
7049.283375  
7335.6853  
7196.860773  
7192.992859  
7100.518664  
7108.503729  
7144.023423  
7277.494561  
7080.93797  
7424.557254  
7256.877641  
7155.219473  
7019.423953  
6979.286728  
7125.38396  
7111.234306  
7044.280542  
7299.990331  
7257.472132  
7322.423048  
7191.388922  
7171.690154  
7230.554717  
7243.895012  
7132.279012  
7035.745684  
7186.675466  
7272.74167  
7062.502352  
7102.393181  
7108.400459  
7250.663842  
7345.734701  
6922.705472  
7426.127945  
7172.532234  
7229.421774  
7035.027346  
7209.998075  
7327.038564  
7100.712555  
6998.709998  
7180.167166  
7177.524031  
7367.238051  
7212.158997  
7214.211286  
7260.625681  
7038.498719  
7486.287818  
7030.41546  
7219.326757  
7194.928944  
7333.971115  
7180.196196  
7556.00571  
7104.141877  
7306.470972  
7154.079779  
7298.892383  
7141.78404  
7363.756897  
7408.386823  
7288.303722  
7297.412314  
7144.224416  
7058.33571  
7107.111074  
7102.187262  
7140.960832  
7037.3172  
7147.559661  
7017.109297  
7003.20904  
7258.301049  
7127.317918  
7106.027704  
7336.339891  
7065.96459  
7222.488872  
7088.691493  
7006.356521  
7187.370873  
7249.679376  
7123.81653  
7161.767722  
7088.927696  
6966.328155  
7263.266056  
7083.632539  
7158.628506  
7232.17448  
7025.294281  
7114.713965  
7099.182279  
7163.196918  
7092.627099  
7067.763542  
7228.131148  
7062.540657  
7044.933766  
7032.795347  
6976.951704  
7104.751434  
7001.788751  
7199.079741  
7171.019665  
7097.10979  
7065.025434  
7044.058961  
6987.797908  
7356.636842  
7402.901283  
7202.080784  
7166.14603  
7319.420289  
6929.698428  
7237.831674  
7511.295496  
7347.227862  
7071.022208  
7269.044378  
7081.003776  
7056.760157  
7336.215397  
7040.365342  
6955.777528  
7297.717652  
7181.517493  
7209.5956  
7160.505281  
7282.643239  
7116.850247  
7101.978932  
7047.828176  
7087.468057  
6952.998667  
7122.878283  
7125.341959  
7180.19963  
7130.665112  
7114.349116  
7121.911608  
7416.399917  
7309.639184  
6919.940086  
6780.710486  
6717.898685  
7390.425539  
7074.638867  
6946.828458  
7151.062545  
7080.343786  
7295.981973  
7073.243693  
7003.130775  
7035.44542  
7072.587573  
7207.528041  
7103.376233  
6998.805625  
6896.524336  
7118.28563  
6802.490184  
7390.986625  
6890.426201  
7260.586897  
7373.072039  
7585.64158  
7677.283934  
7316.119729  
7223.904479  
6951.434039  
7063.939836  
7180.434507  
7186.561974  
6976.529498  
7254.052441  
7159.627358  
7287.636728  
7177.143625  
7247.339869  
7026.216751  
7254.960643  
7316.234285  
7046.388194  
7566.403117  
7160.000688  
7377.160873  
7179.486246  
7257.656658  
7206.878461  
7374.824659  
7288.797935  
7256.853548  
7343.251755  
7176.544096  
7248.764033  
7344.900689  
7207.558209  
7225.607398  
7118.218057  
7213.292851  
7179.235987  
7216.733916  
7242.059415  
7356.847049  
7180.183171  
7337.330202  
7406.820962  
7283.421015  
7277.855261  
7275.11703  
7338.333243  
7569.440039  
7347.262037  
7356.389177  
7279.520664  
7355.926892  
7325.590123  
7420.587355  
7439.98521  
7388.534711  
7324.278479  
7258.734138  
7337.816176  
7369.01498  
7284.48787  
7414.915024  
7285.421618  
7429.97621  
7399.099276  
7538.057379  
7333.461657  
7268.455374  
7256.840706  
7212.803976  
7622.110759  
7345.735793  
7380.860166  
7390.743848  
7430.333552  
7290.513169  
7173.231109  
7409.223213  
7316.724882  
7402.763504  
7345.317867  
7241.723401  
7414.578548  
7380.971557  
7335.680845  
7401.498207  
7600.44407  
7391.583257  
7480.757312  
7497.722462  
7357.617411  
7335.731426  
7416.061659  
7456.694772  
7553.394662  
7545.808756  
7437.098037  
7412.285945  
7350.105129  
7454.795883  
7286.828032  
7321.13268  
7421.027489  
7419.858897  
7369.974746  
7455.423091  
7507.46276  
7498.392264  
7392.131117  
7527.56846  
7292.401799  
6947.475317  
