-0.2741529731  
-1.359754179  
0.7233548931  
0.1418978879  
-1.042674129  
0.4599162173  
-0.06371361721  
-1.870843632  
-2.111346751  
-1.772769993  
-2.048627692  
-0.6832021605  
-0.8517903717  
-0.02164222649  
-2.050313667  
1.18086022  
-0.1283867361  
-1.309932915  
0.0503711898  
-1.455116786  
-0.153873877  
-0.8620753945  
-1.230256979  
-0.9093925842  
-0.9475532682  
-1.613463401  
-1.451449301  
-0.7145683841  
-1.121903124  
-1.068440612  
-1.649839667  
-0.5399616763  
-0.7489501743  
-0.5073661309  
-0.7119119419  
-1.591233513  
-0.9211165642  
-0.7219082104  
-1.288021718  
-1.564926141  
0.732081271  
-0.4153114547  
-1.467470362  
-0.5095341423  
0.137328851  
-0.542571483  
-0.6075180263  
-1.397708671  
-0.3562388037  
0.01889384306  
-1.412744564  
-1.447822885  
-1.187479705  
-0.3211912186  
-1.500722714  
-0.9669265045  
-1.190549623  
-0.716157573  
-0.2918830805  
-0.5120799204  
-0.668232629  
0.03195291309  
1.547315816  
-0.1044631403  
-1.181711735  
-1.029893628  
-0.03958991341  
-0.3714332508  
-0.7536730287  
1.452117167  
-1.071594784  
-0.6914525227  
0.4692297443  
-0.4065642631  
-0.5172948489  
-0.5162037922  
0.257781915  
-0.3234425869  
0.6853553119  
-1.189807491  
-1.223869671  
-1.475169058  
-1.149306134  
-0.9229775769  
-1.338098966  
-0.00804841017  
-0.1650959567  
-0.3985816554  
1.14980066  
-0.1173494661  
-0.5210267457  
1.456249352  
-0.5244257753  
-0.3003438678  
-0.9721660536  
-0.8406931729  
-0.2175862245  
-0.1242938041  
-0.4437387245  
-0.04808716754  
-1.0348502  
-1.033204052  
-0.2858975152  
-0.4353137752  
-0.09427257491  
1.037936313  
-1.119505384  
-0.6716193057  
0.5546849832  
-0.5072970609  
0.004498799684  
-1.229750374  
-0.7077947592  
-0.4380973242  
-0.5260082769  
-1.138588601  
-0.973572172  
-0.8805107045  
-1.196498864  
-0.3577579353  
1.268214971  
-0.4974786608  
-0.5604131019  
-0.668432113  
-1.119150147  
0.7053898224  
-0.5160719142  
-0.8493888491  
-0.4291080036  
0.5959603838  
-0.9026181728  
-0.1401726981  
1.359320279  
-0.2087434266  
-0.3026545332  
-0.04376930943  
-0.5907538472  
0.08377907471  
-0.4588168503  
-0.8513477752  
-0.3076157834  
-0.1496934842  
-0.1846254235  
-0.2720171617  
1.53787017  
-0.1887792738  
-0.09568026369  
-0.07982847931  
-0.06403486915  
-0.2733967883  
-0.2071159148  
-0.5347327594  
-0.4197958341  
1.56790871  
-0.3935579338  
-0.3260644507  
-0.3949311611  
1.440557703  
0.744460495  
-0.2299252091  
-1.829381942  
-1.99084129  
-0.7860200033  
-1.52157925  
-1.731180909  
-1.259448437  
-0.7026841631  
-0.5390366268  
-0.2932542743  
-1.430699132  
-1.252939998  
-0.7071463199  
-0.3992690141  
0.6803569661  
-0.8861498825  
-0.6536862829  
0.1754602675  
-1.005229572  
0.2808934252  
-0.8188093493  
-0.2759209942  
1.500400866  
0.1010036929  
0.5839180471  
-0.0702482773  
-0.2979766366  
0.0541008111  
-0.05619028771  
-0.1781051029  
-0.05860973223  
-0.6162594712  
-0.3182296016  
-0.2594849224  
-0.3173304503  
-0.05217240921  
-0.5375210673  
-0.4049758759  
0.3197989342  
0.1512643492  
-0.2387456097  
1.052185405  
0.0999122636  
0.2515914201  
-0.2535548842  
-0.2347785386  
-0.06740174796  
1.309113114  
0.250749233  
0.2921300582  
0.17398873  
-0.104219028  
-0.1335137423  
0.5834327869  
0.5326668496  
-0.1879250923  
0.5130129412  
-0.03379922475  
-0.3791428438  
-0.3039676121  
0.2977666819  
1.06505324  
0.06359127676  
0.9087224868  
0.8517099297  
0.6392421332  
0.2637247089  
0.3192554113  
1.678117112  
1.933399084  
1.666892821  
0.941820841  
1.537529668  
0.7140924328  
1.428187823  
1.970292254  
1.056610642  
1.332121715  
1.507458688  
0.4683771567  
1.396172676  
1.137775609  
0.9822246363  
1.116554761  
0.8411085394  
0.8949187658  
2.189796582  
0.9998017815  
0.727647475  
0.7837832302  
0.1866698899  
0.7335453357  
2.18484885  
0.7595477942  
1.081840914  
1.063000401  
1.645109444  
1.563285977  
2.087824065  
0.7937577807  
1.61574678  
1.848785542  
1.407387099  
0.9749062313  
1.523966329  
1.256267085  
1.316278246  
0.9121253476  
2.227037714  
1.236644352  
1.331966925  
1.940503005  
1.176901264  
1.248895379  
1.664371955  
1.154744384  
1.258499002  
1.632373106  
1.59080033  
1.857930683  
1.590048448  
0.5687828747  
0.5597774699  
0.5703255849  
2.016986118  
1.71391487  
0.9553660832  
1.746575636  
1.351209399  
1.588479804  
1.582651593  
2.45048657  
0.2853765655  
-0.3290715703  
