-0.4229508985  
-1.823693528  
1.053519491  
0.2200805521  
-1.187332606  
-0.151901797  
-0.8913853797  
-1.788803518  
-2.412038003  
-1.240827422  
-2.195254396  
0.7235804199  
-0.4895592593  
-0.4183757252  
-2.102013706  
1.140881711  
-0.5532161759  
-1.489354891  
-0.5050898413  
-1.572093036  
-0.7572617167  
-0.7334734778  
-1.53655686  
0.4342654606  
-0.4786301596  
-1.653384619  
-1.425844165  
-1.077788587  
-1.312278694  
-1.229477098  
-1.923991559  
1.031884483  
-0.3745417248  
-0.7441563542  
-0.502579367  
-1.410108214  
0.9111809283  
-0.3967115578  
-1.178916041  
-1.590881571  
-0.1929988649  
-0.6328549152  
-1.314049531  
-1.061244438  
0.04619762465  
-0.7341190806  
-0.7042620607  
-1.454601132  
1.04890441  
0.1544613105  
-1.122503893  
-1.343808832  
-0.8140349634  
-0.2340541292  
-1.292828757  
-0.9790229394  
-1.081816104  
-0.7775151207  
-0.5787172956  
-0.1767900742  
-1.268426207  
1.090334233  
0.8902106082  
-0.01541127062  
-0.8349440211  
-0.9903165309  
-0.2958110277  
-0.5754896878  
-0.3481148521  
2.418187797  
-0.2227721597  
-0.7798887779  
-0.09651220535  
-0.3800636386  
-0.4816670326  
0.2666346325  
1.794341526  
0.1171265892  
0.2249494959  
-1.220324767  
-1.174707387  
-1.397891223  
-1.124866805  
-0.8804529793  
-1.27714607  
-0.7829020073  
-0.5560847128  
0.03045704177  
0.3221022597  
-0.5255202007  
-0.1102602999  
2.030416016  
-0.5795034635  
0.9033179259  
-0.1498869741  
-1.56047495  
0.8143287213  
-0.2953170077  
-0.1867820604  
-0.3846863949  
-0.9168333283  
-1.412525855  
1.056606688  
0.185612707  
-0.1230854939  
0.5034411197  
-1.141031052  
-1.011417579  
-0.110544868  
-0.2363720434  
-0.0329416208  
-1.515986743  
0.801629709  
-0.2829835341  
-1.156308229  
-1.107624  
-0.746487727  
-0.591491798  
-1.072455978  
0.4003913449  
0.2601521868  
0.3788785782  
-0.329871015  
-0.6428568039  
-1.106888576  
1.243668777  
0.4844017489  
-0.9901914431  
0.2677286688  
0.2728330172  
-0.9086297456  
-0.4799918872  
2.460869588  
0.2079936151  
-0.02227950008  
1.080280845  
-0.449413423  
-0.5638457424  
-0.6297430442  
-1.126826265  
-0.4010896726  
0.02323681379  
-0.1279982522  
-0.516152117  
2.050122106  
-0.2784323361  
-0.2840604673  
-0.2170861784  
-0.00484525914  
-0.3969864566  
-0.3223292453  
-0.3192844371  
-0.9252372379  
1.568457891  
-0.2574700194  
0.4132812362  
0.5592007284  
1.078226605  
1.732163231  
-0.5419492542  
-2.320127658  
-2.193886645  
0.5253782067  
-0.898840993  
-2.005712922  
-1.074532068  
-0.8588236621  
0.9919934344  
-0.03663955566  
-1.633059187  
-1.078100969  
-0.8867246147  
-0.1351351428  
0.2681848038  
-1.304626796  
-1.09075889  
-0.3903027257  
-1.359745065  
0.1185160447  
-0.9576217463  
0.5942063413  
1.72250388  
0.3429933495  
1.93591928  
0.2063522349  
-0.4914652717  
-0.1779190121  
-0.3092502208  
-0.215027326  
0.1942425852  
-0.5803077959  
-0.06037631251  
-0.4478934605  
0.2260823962  
0.01877096959  
-0.2905597266  
-0.4693057192  
-0.3054180142  
0.1006606218  
-0.4296082179  
1.498948281  
0.08006691869  
0.892588758  
0.7315053872  
0.9117319896  
0.3303656774  
1.039331637  
0.2302153872  
-0.07255672422  
-0.00817019771  
-0.5963231749  
0.5687638827  
1.629984802  
0.8349846316  
-0.4478285915  
-0.1375758765  
-0.2578727103  
-0.1748139145  
-0.3677256449  
0.003426439432  
0.657125021  
-0.2123890281  
0.6970539063  
1.167092795  
0.3474444478  
0.1165274354  
0.02512092424  
0.6671814914  
1.982075549  
1.321323547  
0.7639039838  
0.9962200289  
0.983709917  
1.550609929  
1.700183618  
0.6595186508  
1.002427549  
1.122525997  
-0.101998246  
1.603383176  
0.829261988  
0.4404589633  
0.9309369311  
0.6527192316  
0.3403219889  
1.798101021  
0.8911655469  
0.7445214373  
-0.02050671991  
0.1436450827  
0.07804313852  
2.987077468  
0.8650572173  
0.7885868428  
0.4362933558  
1.055271078  
0.8043266237  
1.119944213  
0.5285290966  
0.5573397078  
1.248261082  
0.5965426905  
0.1871826553  
1.374761784  
0.3466833028  
0.9709847841  
0.2795545468  
2.576249234  
1.150667689  
1.226159068  
0.818180622  
0.8815902055  
0.7330522266  
1.122677858  
0.3731216475  
1.795585066  
1.808383382  
1.123748601  
1.490701068  
0.8611813583  
0.6354763502  
0.5076026523  
0.3887324795  
1.809605827  
1.421017895  
0.6349925839  
0.9780062504  
1.670691516  
1.398588499  
1.401836918  
2.399523232  
0.352724964  
-0.3503577552  
