3.636793933  
1.620933067  
1.108118075  
1.764737622  
0.8576607183  
1.628138089  
1.438925008  
1.126611009  
1.077328613  
0.8445978215  
1.572199968  
1.880301541  
-0.4046466651  
1.345989308  
0.9039515462  
0.687630012  
1.626714016  
1.991675011  
0.832099338  
0.8987799704  
0.562245883  
0.9908413219  
0.9075472418  
1.257494949  
0.8377102643  
0.5307355247  
0.696627235  
0.9519857676  
1.266792426  
2.150389175  
1.351141044  
0.9889371452  
0.3087879549  
0.474581826  
0.4385514559  
1.002959866  
1.474023599  
2.022345903  
1.231655876  
1.4957388  
0.8948014441  
1.217532515  
0.7698602724  
0.9632730516  
0.7161170687  
1.208455738  
0.1798564128  
0.2863729243  
0.4433436904  
-2.058095981  
-1.830971844  
-1.704512409  
-0.2037159181  
-0.5378802083  
-0.1888083825  
0.1935064075  
0.5107297795  
0.9269213247  
0.3521838707  
0.1174081068  
-3.624095349  
-2.141827363  
0.9503536551  
1.224584577  
0.4480084526  
0.5199637999  
0.2534518204  
-0.1705238179  
0.1723710509  
0.5619599512  
0.3630894246  
0.05441088737  
-0.6828958317  
-0.8770438078  
-1.174962157  
-1.70618502  
-0.9904032539  
-0.8391781989  
-1.740076144  
-1.43426909  
-1.284185632  
-1.175782839  
-1.597457516  
-0.9123879145  
-0.8462729604  
-1.023059673  
-1.211836494  
-1.030740373  
0.6143725276  
-0.7677390889  
-0.2633209633  
-0.7329800763  
-0.3300809083  
-0.650701908  
-1.338553373  
-1.092200408  
-1.195674787  
-0.7059842146  
0.8671999623  
-1.293920812  
-0.7633706639  
-0.7508672333  
-0.5830220228  
-0.675405027  
-1.195561541  
-1.076533582  
-1.059364015  
-0.990358722  
-0.8331366767  
-1.223125699  
-0.8266414206  
-1.158291227  
-3.241398947  
-1.742528014  
-1.155582554  
-1.342723632  
-0.7247854067  
-1.425564217  
-1.297760664  
-0.832231797  
0.4646109259  
1.074736145  
0.2719081268  
-1.49291517  
-1.104454453  
-1.487091017  
-0.7034725493  
-1.030985393  
0.2920307101  
-1.298442227  
-1.144131001  
0.1493540561  
-1.061453274  
-0.2446646353  
0.5365832537  
-0.4493920342  
0.06817648153  
-0.3069690667  
0.4013197036  
-0.8916862355  
-0.5791059057  
-0.3649427178  
-0.5508945568  
-0.5455736774  
-0.888552018  
-0.2985007302  
-0.799567035  
-0.6402962557  
0.2543806466  
0.9335876999  
-1.118396059  
-0.7724491239  
-0.2781625952  
0.04466634554  
-0.04708965027  
-0.1623285012  
0.05436895512  
-0.5583468701  
0.2114268909  
-0.9635776291  
-1.209895876  
-0.8075179074  
-0.6881442715  
-0.09294588624  
-0.1983921848  
-0.2014963012  
-0.8938997374  
-0.1061239048  
-0.1448963724  
-0.3923499265  
-0.2534543116  
0.08645728707  
-0.4070400184  
-0.1866508667  
-0.310357603  
-0.4420721837  
0.1115543643  
-0.5515125066  
-0.1444225098  
-0.2901713447  
-0.05994068148  
-0.4414590928  
-0.3359545959  
0.6505576303  
0.5069231269  
0.2014508317  
0.8252822606  
-0.009550483602  
0.1443011703  
0.1066326182  
0.1336725192  
0.134990796  
-0.187916907  
0.1847462276  
0.9891471746  
1.094522918  
-0.1951402022  
0.7617577543  
0.4154032263  
0.05504939384  
1.212733822  
-0.3179562764  
0.3612560078  
0.6755007365  
0.3928792939  
0.4557565642  
0.7574346707  
0.3398057508  
0.7366383576  
0.3421646863  
0.4159524848  
0.2919039254  
1.183581828  
0.859747358  
0.4971243576  
1.04786289  
0.9418331755  
0.9616299795  
0.06697451207  
1.581657222  
1.117500609  
1.333165356  
0.1298807224  
0.9518117668  
0.9051248217  
