6049.790624  
6037.386482  
5849.690807  
5832.025016  
5823.521586  
5805.397648  
5870.261379  
5870.114803  
5811.729137  
5798.752921  
5837.685955  
5817.663061  
5859.824063  
5880.307484  
5791.396174  
5955.49107  
5940.34813  
5911.640378  
6073.726957  
5938.512618  
6036.368997  
5914.728185  
5928.154001  
5939.525406  
6047.479212  
5899.77017  
5914.564735  
5842.649325  
5837.776541  
5987.721488  
5868.929533  
5935.009922  
5967.617239  
5924.471262  
6004.282608  
5858.175894  
5924.458828  
5915.9182  
5881.8466  
5974.862219  
5861.380207  
5983.07171  
5885.489598  
5880.538033  
5536.170101  
5850.664883  
5863.823331  
5982.832614  
6013.617892  
5919.246037  
6037.385095  
5996.265778  
5972.39225  
5978.563079  
6037.838981  
5920.825419  
6038.927704  
6034.548913  
5954.88763  
6037.139858  
5935.928115  
5866.454789  
5958.922207  
6086.634165  
5715.866784  
5758.157797  
6015.182484  
5988.923428  
5993.224677  
6061.157547  
6125.437403  
6066.212352  
5986.502853  
6138.768106  
6033.505582  
6050.079534  
6169.262949  
5996.899315  
6278.699514  
6028.783052  
6040.055402  
5978.008922  
6035.990592  
6168.641695  
5995.047221  
6051.787471  
6085.165755  
6078.743132  
5950.574543  
6081.44712  
6007.120006  
5977.173497  
5978.700304  
5952.050577  
6045.549913  
5961.595089  
6040.801709  
5981.070875  
5964.30192  
5997.843977  
6137.624314  
5965.87508  
5938.752415  
5740.843144  
5837.416093  
5920.919568  
5938.276917  
6031.482377  
6013.894642  
6017.303551  
6026.290062  
6137.862554  
6009.530772  
5981.023348  
5977.539492  
6050.939208  
5992.362204  
5879.410387  
5918.149617  
5934.313832  
5925.936173  
6016.601046  
5842.03845  
5868.741472  
5925.160044  
5977.163493  
5931.555156  
5967.149857  
6068.700531  
5939.856551  
5926.785805  
5904.279726  
5936.914432  
5919.263433  
5889.047646  
5937.283251  
5901.648807  
5910.601942  
5924.590394  
5944.660919  
5933.838032  
5961.322961  
5944.892842  
5979.250692  
5937.424064  
5969.456084  
6007.634566  
6016.314061  
6148.434924  
6183.374324  
6212.013479  
6299.164774  
6274.823843  
6207.825572  
6052.304518  
6086.726052  
5980.326384  
5951.854166  
5765.304125  
5915.592913  
6021.808996  
5939.660199  
5974.891726  
6050.231691  
5897.648452  
6105.620697  
5976.689795  
6114.538664  
6068.293231  
5990.9998  
6037.35253  
5975.859866  
5950.679071  
6059.942755  
6021.859719  
6040.998509  
6130.525921  
6023.324534  
5990.007742  
5949.773332  
6003.875199  
5997.59999  
5960.405669  
6002.907709  
5978.917472  
5970.072428  
6048.70842  
5978.480482  
6125.214119  
6078.874857  
5989.089908  
6142.102198  
6131.20385  
6059.372038  
6088.140498  
6116.674688  
6051.335784  
6022.36525  
6066.106426  
6079.618625  
6161.155799  
6147.213279  
6049.956479  
6270.795195  
6215.900185  
6133.54126  
6027.611273  
6161.197764  
5911.321914  
5931.458958  
5913.692266  
5922.190977  
5906.609235  
5947.530886  
5967.310351  
5940.894754  
6164.112846  
6018.960423  
6037.638901  
6076.663474  
6032.02348  
6019.807072  
6100.280162  
6043.129592  
6116.229392  
6078.991944  
6080.904013  
6206.992915  
6046.665312  
6040.006949  
6066.620056  
6215.452586  
6130.795087  
6232.685843  
6030.441879  
5993.871761  
6028.095547  
