3.649353598  
1.63140659  
1.760762513  
2.006739933  
1.354228784  
2.047139353  
2.029078484  
1.695689619  
1.732111034  
1.867500352  
1.958445559  
2.152772249  
0.4552424572  
0.9471668155  
1.343285157  
1.014461368  
1.779015879  
2.40727549  
1.278461088  
0.8483156469  
1.101397731  
1.141648604  
1.431673479  
2.044611343  
1.152063857  
1.236999005  
1.107400002  
1.191052346  
1.753276124  
1.983247708  
1.124851901  
1.274524116  
0.8585944354  
1.161906445  
0.8960314736  
1.539249063  
2.133244296  
2.084345372  
1.336768284  
2.036293316  
1.205038397  
1.948979802  
1.113022174  
1.547282822  
1.163189713  
1.39574714  
0.4838363242  
0.7939233858  
1.125256461  
-2.042812658  
-0.9998329288  
-0.6414403221  
-0.03471768526  
-0.1994682162  
-0.1046852155  
0.09234783902  
0.8880238516  
0.8044667579  
0.08502757514  
1.074916451  
-3.105047539  
-2.256436072  
1.203774494  
1.340193323  
0.7037683186  
0.7551090135  
0.4587275273  
0.3217609339  
0.4910395557  
1.161254039  
0.6944395436  
0.1238967677  
-0.2140499521  
-0.1124104937  
-0.4972686558  
-1.216643846  
-0.8337888908  
-0.838015888  
-1.377837363  
-1.087991522  
-0.7565352885  
-0.2591756732  
-1.211812476  
-0.5915042706  
-0.3849950337  
-0.5118712994  
-0.9206410183  
-0.7399156755  
0.6688353771  
-0.4161756016  
-0.2475261242  
-0.7919371191  
-0.6070460793  
-0.3113627478  
-1.350560982  
-0.7817980376  
-0.6513454666  
-0.7968023261  
0.4965041656  
-0.4258665533  
-0.9519386875  
-0.8760593419  
-0.5116349205  
-0.9342875956  
-1.25810725  
-1.323152893  
-0.8914220298  
-0.9097059205  
-0.7204006657  
-1.008028222  
-0.589950465  
-1.025328417  
-1.339544473  
-1.567890446  
-0.7436730638  
-0.7558706949  
-0.7826342348  
-1.194546951  
-1.140553093  
-0.6944745798  
0.1477156975  
0.3414997919  
0.3494230799  
-1.176147349  
-0.8136976608  
-1.155296822  
-0.6137715086  
-1.187642289  
0.1986823519  
-0.9952238021  
-1.116128771  
-0.1367420156  
-1.239521267  
0.07066425006  
0.7178624874  
0.03739844471  
0.3202365564  
0.1412002182  
0.4495757215  
-0.3870361513  
-0.5159501541  
-0.4260753167  
-0.4563508599  
-0.266795466  
-0.8316024547  
-0.5630056024  
-0.6924856922  
-0.7738134017  
-0.009026823276  
0.354714719  
-0.8559383887  
-0.5173873869  
-0.4877883254  
-0.1909590983  
-0.1803663945  
-0.08036232806  
0.0346130764  
-0.6442678264  
-0.0495623814  
-0.76954891  
-0.9098630023  
-0.5844774607  
-0.5563279257  
-0.3568914089  
0.008453538934  
-0.3466543286  
-0.6512544864  
-0.359547902  
-0.5914568688  
-0.4204843315  
-0.3523581775  
-0.04352280733  
-0.3558931152  
-0.3134925377  
-0.2907360114  
-0.5249922936  
-0.1208345238  
0.02386672497  
0.5862282403  
-0.9405711754  
-0.8022594325  
-1.402901719  
-1.088765768  
-0.3637131268  
-0.7598261846  
-0.4378640962  
-0.2142675748  
-0.5268976776  
-0.2905000318  
-0.4804084375  
-0.7269507974  
-0.799942959  
-0.8402013037  
-0.2268129526  
-0.1334890483  
-0.01638651894  
-0.689613778  
-0.2799314818  
-0.6555927145  
-0.8338051869  
0.0459135193  
-1.110727427  
-0.1681867164  
0.042449156  
-0.3733754738  
-0.699921669  
0.1322476891  
-0.5849209611  
-0.0770152309  
-0.4199163363  
-0.1259303594  
-0.0929766665  
-0.3267945693  
-0.5731181875  
-0.4339334246  
0.006532578638  
-0.6426520049  
-0.1999872125  
-0.6752978255  
0.3568441993  
0.2893259375  
0.5374361405  
-0.7084997949  
0.0316768246  
0.2612068532  
