2.923221085  
-0.5480469038  
-0.4028062552  
0.7259644027  
-0.9454061614  
-0.5556111936  
-0.746924512  
-0.6372389587  
-0.602715082  
-0.1410484876  
-1.090589314  
-0.6096568463  
-1.254077364  
0.3989103516  
-1.207739058  
0.05488133987  
-0.5067288038  
-1.258100524  
-1.064701674  
-0.7139451639  
-0.6070293802  
0.09128829837  
-1.385732235  
0.3066674549  
-1.14571549  
-1.02633918  
-0.2603757868  
1.017074126  
1.9972639  
-0.07516836189  
-0.4680112778  
0.8006311301  
-0.4953519222  
-0.1056484551  
-0.2229766192  
0.952445708  
0.3140852054  
-0.8992023621  
2.183080037  
-0.9341117564  
-0.1348778441  
-0.9883564464  
-0.698285151  
0.2807675687  
0.6493323946  
2.940345366  
-0.983741019  
-1.005964281  
-0.5283916353  
-0.7374263685  
-0.5733351768  
-0.2934541653  
-0.5642181592  
2.053521183  
-0.3931713937  
-0.720309585  
-1.065907971  
-0.2253613  
-0.7223339883  
-0.942356071  
0.3176391218  
-0.8620471346  
1.18631244  
0.5045952953  
-0.7770115285  
-0.1257974977  
-0.545832762  
-0.9366888952  
-0.5544084685  
-0.2134913791  
1.23334582  
-0.4363449867  
0.3265368161  
-0.3140566792  
-0.1179690747  
0.3653196683  
-0.2622351454  
-0.05019036339  
0.09710024714  
-0.1939503459  
0.9964682082  
-0.5400250322  
0.9056436851  
-0.1298520065  
0.3779604183  
2.544373549  
-0.3430807971  
0.1411014818  
0.537239382  
-0.1805558449  
0.9653526183  
0.8260511132  
-0.9062864385  
-0.6706743713  
-0.8596341736  
-0.681504041  
0.1574360977  
-0.01061055261  
0.04601332076  
0.003781324405  
-1.251362955  
-2.148146166  
-1.016531714  
-1.323233334  
-1.350672506  
-0.7624607884  
1.651325561  
-1.626751395  
-1.554823308  
-0.2545141182  
-1.518326006  
-0.2457575365  
-0.8532150305  
-0.8207081948  
-2.039761841  
-0.8117159841  
-0.7598165278  
0.452931792  
-0.2776602186  
0.1671080971  
-1.332602636  
-0.8135639765  
0.0632736733  
-0.3690200944  
-0.6111079382  
0.00200236941  
-0.7598126958  
-0.6141609588  
0.1242211484  
-0.2967294892  
-0.3943127014  
-0.02523575909  
0.7679632633  
5.074223001  
-0.8542534537  
0.5844287664  
-0.5269499172  
-1.117684051  
0.2314904261  
-0.562442859  
-1.057657919  
0.1368897174  
-0.5542678272  
-0.1476283974  
-0.2389385495  
0.2255895556  
-0.3922226815  
-0.4372436528  
-0.5100901591  
0.01022727049  
2.40874535  
-0.6970059521  
-0.2960337311  
0.3858613893  
0.4341386581  
0.9193056369  
-0.6179464618  
0.865153477  
4.138960923  
0.8365319482  
-1.127496442  
0.1448499921  
0.1405281968  
1.617923011  
0.8910843752  
0.5701053052  
-1.3428867  
0.1374757594  
-0.3179648434  
1.796916417  
0.3310479912  
0.4135901496  
0.1099295247  
-0.6718998634  
0.593166802  
0.4781911695  
0.6144526171  
0.3411795048  
2.378426577  
1.053913111  
0.767264143  
0.3755765942  
1.167137449  
1.396542671  
0.9516842947  
0.3542655328  
0.2193083914  
0.4000556067  
0.9699045154  
-0.09438464047  
1.253584153  
-0.2341021504  
0.10400852  
0.09783117747  
0.2327550613  
3.481720328  
-0.03414734068  
-0.521088075  
0.3080550158  
-0.3121250288  
-0.17576241  
0.3844667503  
-0.3511692432  
-0.240047492  
-0.5478571553  
0.9465013678  
-0.2968310906  
0.5237618826  
4.622473408  
2.983282788  
1.660161465  
-0.4779294176  
1.012519169  
1.373169209  
1.060742668  
0.4094599943  
0.979585117  
0.9340099874  
0.3421281114  
0.8444424391  
0.7424726659  
1.93160414  
0.5181525958  
-1.273562803  
-0.1251668975  
-0.2032820403  
-0.2604118737  
0.5648731542  
1.572910614  
0.07884168747  
0.929328968  
-0.2803652232  
0.3381451757  
0.107952373  
0.09062374718  
-0.2850367378  
-0.3992984077  
0.2374866336  
0.8473223596  
-0.0609656304  
-0.1344080657  
0.6035067767  
0.4162217068  
1.982503098  
-0.6801000174  
-0.6945116113  
-1.149923799  
-0.8704720116  
0.2835880546  
-0.3644463154  
-0.09254240108  
-0.4988608517  
-0.6948204519  
-0.3980652658  
0.6913124666  
-0.3309081376  
-0.0591475795  
-1.035447086  
-0.5634263536  
-0.2953002637  
-0.8900067232  
-0.7762156503  
-0.7435860697  
0.2295611623  
0.004071328813  
-1.003653337  
-0.9970211605  
-1.093637972  
0.8058984816  
-0.8458497491  
-1.513767013  
-1.290822214  
-1.053065934  
-0.1659195404  
-0.844470875  
0.05621295792  
0.06191269672  
-1.475301994  
-0.6023809648  
-0.07532832426  
0.02673682752  
0.2731096686  
0.389359248  
0.2877413561  
-0.5725107764  
0.3382335178  
-0.2264706262  
0.4411012617  
-0.1938269482  
-1.10136821  
0.01448000146  
0.5699057716  
-0.9019985061  
