1.6381227  
0.8189027232  
1.158905725  
1.090298507  
1.336313791  
1.137023138  
2.750082135  
0.8998339507  
1.364057566  
1.412139863  
0.6527798609  
1.146996815  
0.9065123971  
1.105006577  
0.9034666536  
2.644522156  
1.060545409  
0.8495500161  
1.00642511  
2.719172799  
0.9304758932  
0.09760501734  
1.423676765  
0.8017771094  
0.7175378553  
0.9344979939  
0.7351331533  
3.505236322  
0.6553871743  
1.552378545  
1.228932649  
0.6471293322  
1.440098959  
0.3530604119  
1.56994728  
1.048848554  
0.6274799419  
0.6308405335  
1.168863729  
0.5217864577  
0.6537342607  
1.155014456  
-0.1967019163  
3.129379107  
1.279418851  
0.593225744  
0.4202314348  
1.435784516  
1.151300694  
0.8671279701  
3.097686242  
0.556650032  
0.6290218904  
-0.02794885939  
0.5779598889  
-0.4024419665  
0.7600746749  
0.3139054169  
1.069034065  
3.779146653  
-0.2466697942  
1.963872335  
-1.184701738  
0.04386487097  
-0.1148715105  
-0.1105304412  
0.1455393027  
-0.1118860551  
-0.02818504887  
-0.1084747311  
-0.01594607672  
0.9991259432  
-0.2112827169  
-0.1188437414  
0.7143408326  
1.467860377  
-0.05341293954  
0.7728719427  
2.67951597  
0.01403196657  
0.2829694213  
-0.1376162665  
-0.4602316489  
0.2410756427  
-0.5957526082  
1.650875849  
3.158444693  
-0.2265013549  
-0.1969275456  
-0.7967737467  
0.1350388072  
-0.985833323  
0.09608396694  
2.554149826  
-0.01206117267  
-0.3322036335  
-0.460055789  
1.448645411  
-0.646131118  
-0.6134239596  
-0.558903796  
-0.2019285557  
2.394621559  
-0.3348865412  
-0.3314474493  
-1.070106199  
0.09434031733  
0.731820932  
-0.4622215788  
-0.3321853232  
1.296308264  
-0.09996424422  
-0.4942915782  
0.6892475952  
-0.6389994792  
-0.9963473191  
-0.5817822174  
-1.080257427  
-1.007785024  
0.1185031535  
-0.7888965703  
-0.8005153086  
-0.7222687639  
-0.4862139043  
-0.1440911074  
0.7930984648  
0.1685622623  
0.5084411175  
-0.5036347165  
-1.299171398  
0.6348394593  
-0.02223918672  
-0.8183953996  
-0.5649812874  
-0.4654421084  
0.3926828599  
-0.02084266765  
-0.217554073  
0.3896103839  
0.244138428  
-0.007328799053  
-0.1381585375  
0.8927662811  
-0.5500393891  
1.76915186  
-0.5080925773  
-0.2079751172  
-0.8465856329  
0.1913627249  
0.2691782553  
-0.2474493833  
-0.1804012573  
0.7452517563  
-0.1723298855  
-1.074492136  
-0.4608185094  
2.754286349  
-0.5740458185  
-0.1112747508  
-0.3401729128  
0.002938391419  
-0.7177038029  
0.2345030417  
3.722518076  
-0.2368086718  
-0.309361328  
-0.6376003543  
1.550335008  
0.4166950486  
-0.9355842824  
-0.4308831432  
1.581031266  
-1.024674652  
-0.9085657521  
-0.6929478201  
-0.5146308313  
0.2696388279  
-0.5401861893  
-0.6879796327  
-0.2281843345  
-0.5728192488  
-0.387318852  
-0.5835661035  
2.451740582  
-0.8069586998  
-0.9922022247  
-0.4612851502  
-0.2448945619  
-0.3908618351  
0.2729437027  
-0.2068833204  
0.3689869817  
3.029560329  
0.0002324437583  
0.4808485857  
-0.03174327494  
-0.3927929256  
0.1892247399  
0.2144712597  
0.1238750284  
-0.3597185763  
-0.2229492943  
0.6756971626  
-0.1372460298  
-0.2392628226  
-0.1702555998  
0.1750953645  
-0.2254504944  
3.056452316  
0.09562091095  
0.1211173268  
0.2203866655  
-0.1391076343  
-0.4323715118  
0.9745364542  
-0.1149492803  
-1.428815162  
0.01542508917  
0.3756989862  
-0.1039269551  
-0.1464379646  
-0.4996432408  
0.3852442637  
-0.07150486965  
-0.3641326973  
2.410792983  
-0.09763616482  
0.8179831328  
-0.03393921437  
0.5066780236  
-0.0762330281  
0.06842146594  
-0.9155604571  
-0.4915878882  
0.8715601064  
-0.579006053  
-0.3401371114  
-0.1465053397  
-0.5231692238  
-0.6165628411  
-0.574130398  
-0.9465292005  
0.04551646744  
-0.4596234371  
1.065310419  
-1.62451362  
-0.8414406824  
-0.4460763509  
-0.3254168055  
0.2486247439  
0.1942903289  
-0.6811019873  
-0.09442105587  
-0.5527630746  
-1.526222735  
-0.2154358979  
-0.7474405149  
-0.1235901277  
-0.7174032519  
-0.8896444989  
-0.6243174056  
-0.3713992609  
-0.740119901  
-0.5425066296  
-0.797702401  
-0.2362848971  
-0.7079061594  
-0.4183425161  
1.719854699  
-0.5411760419  
-0.4181184337  
-1.189258313  
-0.5376413591  
-0.4774088524  
-0.9505477189  
-0.9230100562  
-0.9411765782  
-0.55259948  
0.3342370554  
-0.4225660954  
-0.9393538288  
-0.9067012952  
3.132143949  
-0.2790098634  
-0.432579344  
-0.227750981  
-0.4762517404  
-0.7162896307  
-0.7210868803  
0.04103210954  
-0.3947635682  
-0.2271170585  
0.3910694989  
0.5477284847  
-0.05070964465  
-0.4064795429  
-0.343789419  
-0.1045629447  
-0.3940668624  
2.661414516  
-0.7923521465  
1.140275768  
3.749942435  
-1.586974523  
-1.120905003  
-1.239877256  
-0.3404935867  
-0.8482028154  
-0.7176875097  
-0.708098375  
-0.2859276891  
-0.8920639129  
0.6481391407  
-0.8971429399  
-1.050209923  
-1.064859333  
-0.7638711142  
-0.4745750049  
-0.5365807881  
-0.9023282999  
-1.06636885  
-0.6778013351  
-1.113117367  
-0.4880683997  
-0.4255002517  
-1.162249634  
-1.08123097  
-0.8607543493  
-1.546850178  
-0.8169747612  
-1.553388775  
-0.9741921533  
-0.8577413745  
-1.098514066  
-0.8919493007  
-1.037191407  
-0.8458770107  
-0.6692050907  
2.060520568  
-0.5099966012  
1.269931369  
-0.6439302268  
-0.2737441185  
-0.7269361519  
-0.4001141902  
0.8095417956  
-0.8089976861  
-0.8091155458  
-0.1579049453  
-0.4677952341  
-0.7352414824  
-0.4373783162  
-0.8939461735  
-0.133422548  
0.6101610108  
-1.194169454  
-0.6598588127  
-0.7737662251  
-0.5787896889  
-0.0235784585  
-0.6464049024  
-0.767899175  
0.08718350084  
-0.9903219025  
-1.001301334  
-0.5612320325  
-0.8034745282  
-0.8428443339  
-0.6275304256  
-0.4999218992  
-0.607063849  
-0.09314561037  
-0.4502431976  
-0.4881494005  
-0.8796225063  
-0.5953788607  
-0.3812097243  
-0.7024827302  
-0.8982333691  
-1.004919434  
-0.6808625748  
-0.739149538  
-0.9568771791  
-0.8629018986  
-0.5354933314  
0.07653851344  
-0.6902183241  
-0.6937476085  
-0.5174974609  
-0.5950189257  
-1.03500106  
-0.9139722587  
-2.042323313  
-1.627186655  
0.4351556044  
-0.9686666873  
-1.203048372  
-1.483454011  
