3.099488915  
-0.3916508861  
0.4586393361  
0.3040365208  
0.7388490769  
-0.3243800469  
0.2142328659  
0.05525672097  
-0.473921687  
-0.2764572622  
-0.2716221358  
0.08364859406  
0.9731306542  
-0.1041406796  
-0.6846131583  
-0.1829110414  
-0.8351598497  
-0.810533908  
-0.5763431746  
-0.4061522436  
-0.1978198412  
-0.4724563019  
-0.4130670262  
-0.3616401125  
-0.4418488364  
-0.4298235008  
-0.8715404307  
-0.4825491625  
-1.033766566  
-0.3551132619  
-0.4043216813  
-0.2135605001  
-0.4320757536  
-0.459547426  
-0.6051590356  
0.8085836583  
-0.9199045041  
-1.147554859  
-0.6147614406  
-0.3719325311  
-0.431144942  
-1.052436928  
-1.252805769  
-0.8629821478  
-1.07987426  
-0.2863347175  
0.4019611605  
-1.546512693  
-0.3799181322  
-0.7536108821  
-0.580508681  
-0.8143396748  
-1.013855631  
-0.2863121341  
0.04136770734  
-0.7648881303  
-0.5629953127  
-1.308502474  
-0.4131416657  
-0.5559323438  
-1.356618812  
-1.255969383  
-1.078332292  
-1.066298087  
-0.364055387  
-0.8334802513  
-1.587498444  
-1.36564042  
-0.7626629436  
-0.9717721872  
-0.4563862554  
1.785551514  
-0.9273136013  
-0.6053956189  
-0.658001966  
-0.4263891707  
-0.5757513426  
-1.139945582  
-0.8030121165  
-1.377490714  
-0.3705330808  
-0.3441573004  
-0.3645448211  
-0.598246949  
-0.2833630084  
1.092999962  
-0.8319594819  
-0.3431280221  
-1.410255038  
0.1067239204  
-0.3416451606  
-0.9635287446  
-0.105788509  
-0.5962658065  
-0.5067001679  
-0.5470077987  
-0.05004245149  
2.205779801  
-0.6810189169  
-0.03729721057  
-0.5216708469  
-0.3694034623  
0.09316240441  
0.4543366736  
-0.5957045618  
-0.2864514194  
-0.4327681619  
-0.1347095323  
-0.2018063659  
-0.07427284995  
-0.2784905985  
-0.5769853296  
0.223712108  
1.023606074  
-0.7181262721  
-1.126848317  
-0.7611938486  
-0.4558322591  
-0.4721233405  
-0.2866458502  
-0.8237268304  
1.795848543  
-0.5666418652  
-0.552792494  
-0.1474562828  
-0.2224340517  
-0.3411558577  
-0.3887948579  
0.0655680715  
-0.176591607  
-0.464436225  
-0.4813734425  
0.04759847523  
-0.7484353516  
-0.04097487511  
0.3311049106  
-0.2434466063  
-0.8133639659  
0.2043843306  
0.7118448784  
-0.8644680435  
-0.1349255393  
-0.4340333616  
0.006176193018  
0.08825571301  
-0.09947905924  
0.3028623427  
-0.2126950783  
-0.1549749771  
0.2730092885  
0.3369951826  
-0.4905282756  
-0.5891700688  
0.1112591109  
3.274115644  
0.820283679  
0.03126624971  
-0.7748468217  
-1.26250435  
-0.8428558565  
-0.774775775  
-0.6163387933  
-1.211584985  
-0.4782327318  
-0.9556011105  
-1.060549472  
-0.4045078911  
-0.6139741574  
-1.105725011  
-0.8040340779  
-0.883458264  
-0.7831817943  
1.168695322  
0.3991490587  
0.1990979662  
3.530763004  
0.8182291906  
3.427184487  
0.4733407811  
0.7379543183  
0.05629269739  
1.070518214  
0.8913601347  
1.029648785  
0.882195059  
0.7226721479  
1.026010319  
0.8740045065  
0.7970027186  
0.8285358878  
1.25459115  
1.353667497  
1.872343596  
0.6470335029  
0.2655489482  
1.338639042  
-0.3157328262  
2.499027962  
0.09241788213  
0.876130149  
0.7886281518  
1.14449959  
0.2355544673  
0.5205926572  
0.6923324867  
1.105560453  
1.947838308  
0.6536826801  
1.172375724  
1.179228879  
1.809435468  
0.5560000784  
1.00457073  
1.096102149  
0.8332324668  
1.44317614  
1.525990004  
2.028494049  
1.477731068  
3.823562325  
3.097934547  
0.1202824918  
3.775720457  
0.4453359857  
0.4972020942  
