6247.668353  
6124.950671  
6003.414165  
5934.937253  
5957.77976  
5905.519799  
5942.798655  
5962.144994  
6043.21562  
6010.619028  
6086.869491  
6144.308349  
6004.236999  
6140.666754  
6128.618759  
6131.699292  
6079.689768  
6087.454566  
6122.158191  
6071.418671  
6134.375817  
6069.521272  
6124.020735  
6154.421268  
6151.284361  
6172.668225  
6015.078446  
6175.352232  
6123.533206  
6057.515033  
6063.118726  
6168.771175  
6201.198178  
6105.526371  
6296.573891  
6138.181304  
6134.76623  
6182.581905  
6076.374093  
6141.562095  
6139.816364  
6203.420711  
6249.632846  
6065.829023  
6144.786132  
5992.652754  
5910.324775  
6014.609355  
6074.269679  
6061.36396  
6222.350842  
5981.985927  
5967.159688  
6047.873393  
5983.847351  
6067.757076  
6093.960044  
6158.667641  
6002.939006  
5975.981437  
6071.755502  
6137.031513  
6045.762521  
6184.835964  
6042.515122  
6246.404559  
6048.484919  
6135.05306  
6098.811661  
6133.070622  
6152.179611  
6038.382942  
6187.686583  
6229.111699  
5912.103952  
5920.799755  
6033.716599  
6045.215909  
6005.91182  
6003.261866  
6055.48628  
6203.841998  
6057.471656  
6175.021354  
6187.200371  
6065.52228  
6068.000921  
5955.913705  
6039.54536  
6059.600639  
6062.938756  
6281.730479  
6284.991067  
6083.643196  
6075.742381  
6114.128572  
6188.624054  
6064.321941  
6101.314082  
6207.880309  
6336.521623  
6081.313442  
6097.798933  
6045.645031  
6128.821423  
6115.064194  
6173.213157  
6185.026193  
6040.246527  
6193.006403  
6184.476287  
6111.963645  
6147.667781  
6341.628501  
6210.931411  
6172.074947  
6056.521111  
6097.327633  
6226.692813  
6158.810285  
6177.507607  
5891.065097  
5886.486718  
6132.2334  
6085.45538  
6113.0592  
6031.415486  
6030.136187  
6045.060314  
5991.873042  
6168.992118  
6106.027883  
6170.669527  
6168.03558  
6308.767741  
6201.534299  
6328.620898  
6194.450912  
6179.678548  
6272.411848  
6283.720418  
6323.040015  
6100.676016  
6128.308466  
6179.383098  
6106.650746  
6150.352088  
6295.05458  
6284.091182  
6150.515685  
6347.228045  
6419.100184  
6110.106661  
6108.810259  
6184.63504  
6189.127081  
6292.388879  
6063.855047  
6292.536028  
6275.527689  
6371.712775  
6335.689552  
6033.880149  
6156.516695  
6319.706822  
6361.737208  
6386.898557  
6464.806542  
6168.286779  
6066.819838  
6239.72206  
6051.335953  
6003.610051  
6051.766982  
5960.538661  
5877.154324  
6033.472726  
5987.231026  
6020.835791  
6032.612147  
5929.378456  
5946.187578  
6129.283605  
6023.3631  
6014.979588  
5799.952498  
5960.356494  
6161.959217  
6072.480646  
6045.387972  
6078.571906  
6146.019821  
6128.354277  
6083.575764  
6155.507313  
6251.583998  
6308.282751  
6087.987198  
6163.606995  
6065.820746  
6251.094371  
5923.895405  
5811.16263  
5877.028703  
5788.965264  
5871.07212  
5873.632256  
5770.097853  
5760.277549  
5913.811583  
6006.353394  
5908.493016  
5866.502039  
5933.667652  
6008.628195  
5934.86303  
5913.078958  
5735.481185  
5929.957712  
5894.230585  
6024.862905  
5942.961871  
5930.626475  
5947.714821  
5966.266667  
6109.347482  
6233.794347  
6079.414948  
6005.027696  
5868.384677  
6048.260087  
6099.009375  
5988.679485  
5885.762394  
5868.316706  
5953.841349  
5994.237589  
6068.27233  
6183.931798  
5912.094493  
5975.35161  
5932.92958  
5924.125238  
6087.51435  
5958.473328  
6014.195145  
5996.886251  
6008.597348  
6013.515287  
5959.705592  
6057.546796  
6053.771478  
6124.263043  
6280.374597  
6000.427056  
6039.710968  
6094.604369  
6235.073208  
6036.920147  
6150.373884  
6253.528097  
6248.672405  
6039.690738  
6080.067636  
6197.215422  
6212.139592  
6204.906321  
6198.352468  
6000.76319  
6198.124681  
6404.401812  
5930.848696  
5864.715447  
5763.456078  
5903.845984  
6072.753293  
5967.202681  
5737.378033  
5876.255205  
5872.42073  
5894.912881  
5837.884687  
5855.401665  
5994.309031  
5885.245077  
5879.281836  
5925.661402  
5919.753011  
5862.814445  
5891.951593  
5923.914958  
5945.055367  
6024.455267  
