5369.173601  
5421.593228  
5215.314013  
5231.263481  
5182.733111  
5220.386186  
5235.277204  
5226.671772  
5154.443853  
5290.215318  
5176.484378  
5160.97772  
5279.23086  
5220.102184  
5193.509239  
5367.523648  
5377.055239  
5309.807349  
5341.159744  
5329.112048  
5370.244777  
5264.777001  
5340.11651  
5221.741059  
5362.614493  
5250.730991  
5257.15587  
5293.380322  
5286.380318  
5255.868771  
5274.215697  
5292.709489  
5332.19585  
5351.649626  
5239.212042  
5210.799702  
5195.177664  
5259.496583  
5275.871877  
5258.195177  
5248.798894  
5315.127039  
5272.365548  
5279.273644  
5027.608215  
5208.893718  
5291.493975  
5368.615747  
5380.664525  
5244.71753  
5389.805326  
5327.673239  
5374.630811  
5363.229057  
5292.021955  
5385.775581  
5450.911069  
5373.917844  
5266.251091  
5377.991386  
5302.567367  
5243.239002  
5306.58588  
5356.615622  
5139.540463  
5132.572831  
5365.090183  
5355.944036  
5275.781495  
5392.223721  
5469.090005  
5360.609773  
5346.608846  
5424.362333  
5378.468129  
5340.051058  
5447.629826  
5375.886284  
5499.956285  
5401.715578  
5359.91729  
5309.066013  
5339.674478  
5374.243771  
5298.140363  
5346.175093  
5352.770381  
5375.920903  
5228.539811  
5428.243992  
5348.57505  
5317.47234  
5359.73961  
5359.637432  
5373.353916  
5364.304043  
5365.528572  
5349.365324  
5320.179154  
5331.326782  
5413.578534  
5327.045533  
5330.092921  
5192.729175  
5205.567721  
5252.543539  
5220.376278  
5351.785845  
5367.04109  
5356.226789  
5358.097147  
5504.670527  
5407.342663  
5380.518718  
5239.45411  
5333.237994  
5318.510564  
5230.604677  
5257.772045  
5248.942249  
5255.471093  
5354.688078  
5249.49407  
5222.517902  
5274.733839  
5276.63741  
5290.810765  
5252.697997  
5320.533588  
5299.683863  
5188.651549  
5292.040493  
5283.091531  
5219.938341  
5277.771838  
5292.190746  
5280.338949  
5284.730593  
5270.130558  
5320.784349  
5240.761459  
5334.879523  
5310.68765  
5280.151979  
5291.928427  
5304.90137  
5325.619953  
5310.270398  
5437.876149  
5408.718095  
5464.521286  
5504.823669  
5540.168999  
5424.190018  
5414.188946  
5392.938981  
5373.553224  
5224.046568  
5059.825349  
5250.134908  
5236.495625  
5235.767486  
5245.234917  
5305.09237  
5232.896076  
5242.418279  
5229.388565  
5377.758604  
5351.28552  
5267.653643  
5256.819595  
5241.634775  
5229.924578  
5230.766042  
5275.880106  
5289.770114  
5248.649076  
5330.175135  
5204.967767  
5275.237254  
5212.336649  
5158.663845  
5224.723258  
5293.871276  
5202.547888  
5272.510629  
5226.235104  
5250.053683  
5302.670915  
5307.905438  
5280.586755  
5271.812517  
5299.137761  
5286.42501  
5315.86486  
5334.644264  
5251.176239  
5266.064072  
5269.746617  
5351.259847  
5319.723648  
5314.464282  
5326.691842  
5389.251437  
5380.128157  
5339.456803  
5265.290827  
5402.613635  
5193.972876  
5233.193314  
5324.501681  
5307.774157  
5280.254662  
5321.056579  
5311.873925  
5316.280362  
5400.11287  
5363.718919  
5347.549248  
5361.960389  
5349.775687  
5249.537735  
5415.325129  
5281.157166  
5389.075392  
5370.746571  
5315.595979  
5342.414518  
5339.16622  
5365.165536  
5334.108289  
5510.232676  
5347.593986  
5301.281198  
5243.098074  
5209.957099  
5288.100309  
