1.741231842  
0.9345952622  
1.194343405  
0.910919037  
1.353121685  
1.162235475  
3.333103854  
0.9904391393  
1.474419178  
1.707113041  
1.08274206  
1.014501903  
0.9202370718  
1.171913523  
1.078035645  
2.016494562  
0.8925448696  
0.9999360691  
1.174369538  
2.743976598  
1.148822181  
0.4415919443  
1.750730152  
0.9542944445  
0.8502513789  
0.9360761112  
0.8306822759  
4.134528733  
0.5684957027  
1.060123945  
1.009397748  
0.7792034877  
1.535192917  
0.5649991711  
1.262030829  
1.03914665  
0.619289775  
0.8371285841  
1.245750054  
0.384041247  
0.4531095136  
0.8587435619  
-0.04877260682  
1.889729128  
0.7123464247  
0.376141821  
0.51348161  
0.9687568493  
0.8307537061  
0.8043654045  
3.676745569  
0.6906946167  
0.6412438645  
0.1328382722  
0.4738975318  
-0.2266591593  
0.7253452095  
0.3064430071  
1.014650289  
4.620526911  
-0.7981430257  
2.719326985  
-0.8727960946  
0.1399667825  
-0.1169318844  
0.03826356019  
0.4653240069  
0.05970873952  
0.4187645132  
0.07207017896  
-0.3526123407  
0.7543120917  
-0.281236967  
-0.04363298172  
0.7987826643  
1.403037564  
0.02769400605  
1.260752076  
3.383161633  
0.2081273802  
0.676952706  
0.03796041887  
-0.2938575577  
0.6634461038  
-0.1147473437  
1.323829379  
2.997126219  
0.07576301244  
0.09732341687  
-0.3153593465  
0.3645468146  
-0.9705292969  
0.4331376381  
3.254577292  
0.3768516383  
0.08533718816  
-0.2334475699  
2.393830219  
-0.1307363695  
-0.4425550874  
0.05919292557  
0.06618466885  
3.281073983  
-0.2369218309  
-0.2577291006  
-0.7652836367  
0.544730926  
1.104076597  
-0.07805221371  
-0.02242315573  
2.018453951  
0.03960509327  
-0.132416665  
1.037791201  
0.002459752203  
-0.7900557183  
-0.3830501562  
-0.9364406998  
-0.668672145  
0.6429512891  
-0.6592941223  
-0.4250083766  
-0.5939718893  
-0.4573015667  
-0.1743851976  
0.3192711668  
-0.03684015202  
0.7114237187  
-0.6755633892  
-0.9211718475  
0.2158719922  
-0.1883236293  
-0.9550714019  
-0.8442927873  
-0.7856896638  
0.0101793221  
-0.1913475859  
0.1478942204  
0.2781420823  
0.2198208463  
-0.3452179503  
-0.187184863  
0.8348499395  
-0.6294557338  
1.719182596  
-0.4957160657  
-0.1201838671  
-0.9084589594  
-0.06444713714  
0.03265123942  
-0.2444780329  
0.04973609977  
0.3055209354  
-0.3654316468  
-1.209616198  
-0.7417850322  
1.891898861  
-0.7895046515  
-0.5427366867  
-0.4892066307  
-0.2279937563  
-0.9263781824  
-0.119866706  
2.973816342  
-0.5017282066  
-0.417063576  
-0.7731871132  
1.287935605  
-0.1056702456  
-1.063466159  
-0.8858638447  
0.6604172822  
-1.181987804  
-1.062061831  
-0.8342892719  
-0.6386212426  
0.1566883193  
-0.750273932  
-0.7041624056  
-0.4602486635  
-0.5914196084  
-0.5503667835  
-0.8286803834  
2.029664351  
-1.120045716  
-1.423729923  
-1.736559393  
-1.017323508  
-0.6589684053  
-0.9241975195  
-0.9924233759  
-0.5569686033  
1.607086057  
-0.7119140945  
-0.3424347505  
-0.8519936822  
-1.122377588  
-0.8439259927  
-0.6773829029  
-0.8161269399  
-1.177510828  
-0.8913137494  
-0.4445848816  
-0.9419886206  
-1.16777973  
-0.9318319485  
-0.7044889264  
-1.192327368  
2.675846257  
-0.696644887  
-0.5525208981  
-0.553262456  
-1.089414628  
-1.068526123  
-0.5632611198  
-1.16913585  
-2.07291848  
-1.250240127  
-0.6856136114  
-1.057942595  
-0.9411673982  
-1.168173111  
-0.5913729992  
-0.7178714658  
-0.8661886516  
1.549936056  
-1.062781464  
-0.06171473052  
-0.8351100266  
-0.5337293359  
-0.8213808172  
0.08246100615  
-1.301858997  
-0.5441496908  
0.5306238001  
-0.6764089499  
-0.424528561  
-0.3467942419  
-0.4010703377  
-0.3445864254  
-0.477846696  
-0.8080273971  
-0.2066871779  
-0.5716548735  
0.6458645846  
-1.257129192  
-0.9205000633  
-0.1120581395  
0.06108343443  
-0.1856181141  
0.05250275974  
-0.5606133899  
-0.2358031177  
-0.4505105508  
-1.086828961  
-0.3017311938  
-0.6032729782  
0.1651633163  
-0.5981153736  
-1.085367407  
-0.3836935648  
0.1243102215  
-0.8261250873  
-0.5004541985  
-0.8613180124  
-0.462738584  
-0.7344530877  
-0.2869687799  
2.00097867  
-0.6326374699  
-0.5507680789  
-1.084066487  
-0.7274804263  
-0.8181909556  
-1.328098991  
-1.058919184  
-0.9158220088  
-0.4619877032  
0.4086852772  
-0.5149050237  
-0.9124276603  
-0.64928522  
2.537361647  
-0.7694829347  
-0.3079100511  
-0.2063851689  
-0.2567401919  
-0.6198370365  
-0.7329065665  
0.4165108073  
-0.5423101229  
-0.2076257476  
0.1247716906  
0.243327537  
0.02507681097  
0.0342578481  
-0.04599362273  
0.02966696834  
-0.2427352146  
3.026379085  
-0.3533491495  
1.01145846  
2.983615313  
-1.099046888  
-0.7950366875  
-0.8259959402  
-0.3761957254  
-0.6181062431  
-0.509707977  
-0.6783192774  
-0.3139656945  
-0.7455518703  
0.4872926057  
-0.7740829854  
-0.7606698465  
-0.5929196682  
-0.6313682241  
-0.3931214208  
-0.500143706  
-0.7306863816  
-0.7708540605  
-0.4984471162  
-0.805519279  
-0.7926432143  
-0.2611598211  
-0.7149112978  
-1.049442589  
-0.8488720397  
-1.442719969  
-1.06462668  
-1.98085807  
-0.6575524825  
-0.9617777094  
-0.6170290548  
-0.7872500494  
-0.4371456546  
-0.1280947278  
-0.4057397515  
2.098906506  
-0.352448598  
1.028465398  
-0.06942785855  
0.1934660291  
-0.3392146276  
-0.1954887335  
0.9356977663  
-0.3385045644  
-0.4187046056  
-0.008424993355  
-0.2617191498  
-0.08513992094  
0.1083613532  
-0.3124042468  
0.3473880602  
0.5113217133  
-0.6549286842  
-0.08694479329  
-0.4163076365  
0.1872344069  
1.070708988  
-0.4073283533  
0.05968036963  
0.4813124215  
-0.185447164  
-0.3561967647  
0.1143044379  
-0.1442700124  
-0.2618852205  
-0.0903915811  
0.2141555549  
0.02967283769  
0.5133873045  
0.1733404535  
0.08883128507  
-0.2439394671  
-0.05161956183  
0.282996731  
-0.1592044142  
-0.3483952376  
-0.3346145487  
-0.1399009095  
-0.3075075982  
-0.4044048401  
-0.4613782229  
0.1016216888  
-0.07657109531  
-0.3071916776  
-0.05086515437  
-0.06298968303  
-0.1605538589  
-0.6452727354  
-0.8803488673  
-1.476111174  
-1.162229675  
1.024212852  
-0.4436187636  
-1.213115275  
-1.332052795  
