-0.5695009897  
-0.237964698  
-0.6566568996  
0.1963269499  
-0.04993005343  
0.5019376417  
-0.4528025157  
-0.06844183008  
0.6678732116  
1.349742275  
-0.5731919997  
1.940724208  
-1.518584168  
-3.917400681  
-0.05828389898  
1.453539869  
0.1281573177  
0.5729251022  
0.4957284402  
0.1041866804  
0.6375023642  
-0.1199909808  
0.4885491495  
-0.4596478782  
-0.2558555074  
-0.8628667589  
-0.2256878718  
-0.3582826476  
0.01539847491  
-0.4036718365  
-0.1067141401  
-0.2760804782  
-0.3177107452  
0.0968828544  
-0.1460802635  
-0.3826678771  
0.5419864173  
1.834093914  
-0.009007907539  
-0.06515891981  
1.209884635  
0.7718453455  
0.6109428139  
-0.1631647933  
0.5290205966  
0.4342273187  
0.5676536065  
0.005714011225  
-0.005338459455  
-0.2873508254  
0.5702797965  
-1.559921076  
-4.056484911  
-3.695012883  
-3.858140617  
-0.8873535148  
0.5331574114  
-0.8258194615  
0.3487077811  
-0.5500702495  
-0.333650327  
-0.6368561722  
0.2502313701  
0.7132690882  
-1.790696221  
-2.412653999  
2.050893901  
0.4213673639  
0.383625748  
0.1221087869  
-0.2787958847  
0.9197399983  
1.096439279  
-0.09180860888  
-0.008245361803  
0.5901603867  
-0.1292951156  
-0.4150534961  
1.308855453  
-0.6676409242  
0.09010730422  
-0.9443154188  
0.4637311052  
0.2123132787  
0.9128698786  
1.616993088  
0.09322533667  
0.2959294732  
-0.8039801788  
1.471178948  
0.5725088609  
-0.1099101168  
-0.0998456223  
-0.2315147396  
0.02000204616  
-0.5913659498  
0.07247894172  
0.9551594055  
0.3299256014  
1.900898513  
0.8157732144  
0.8446675224  
0.1528921831  
1.329376195  
0.8714612158  
-0.4052141621  
-0.455007917  
-0.5240877336  
0.1136350556  
-0.7056881145  
-3.599181037  
-0.9484327146  
1.030345032  
-0.6215808582  
-0.4109600936  
-1.367921288  
-0.4691458393  
-0.6768557938  
-0.5004450642  
-1.177680954  
0.1342193376  
-0.779443087  
-0.6582274034  
0.2424742663  
-0.7680459615  
1.239964339  
-1.30561902  
-0.7967379174  
-0.3755230764  
-1.088861656  
-0.4316474607  
0.2465272541  
0.6231176653  
-0.3563868216  
-0.3383926678  
-1.115971315  
-1.951449679  
-0.8508073932  
-0.3005789193  
-0.1441655546  
-0.6827729365  
-0.0360210983  
0.04600155221  
-0.5018355677  
0.9874259562  
0.8321604735  
-0.8928998839  
-0.1942234972  
0.5514974892  
-0.3611208107  
-0.7670126136  
0.6749168356  
-1.895848502  
-0.5293925778  
-0.8616743968  
-0.8376073671  
-1.129274564  
1.471509424  
0.07474453135  
-0.1161188695  
-0.3539430082  
0.8127285423  
-0.6701455466  
-0.05594566062  
1.45557243  
0.01123991732  
-0.4132338103  
-0.1753733162  
2.281448256  
2.32980463  
1.849435409  
0.4292107073  
-0.5279593317  
-0.08332089323  
1.109399301  
-0.8901677849  
-0.6801950275  
-0.3070121536  
0.0453656877  
-0.7202235214  
-0.3108088485  
1.193376591  
-0.3411519937  
-1.23897932  
-0.5295507191  
0.6698597468  
0.43007717  
-0.2045713728  
0.05835405025  
-0.344024245  
-0.1073936769  
1.363487789  
1.110003364  
0.2751060522  
-0.6193078486  
-0.9300781955  
-0.8511648707  
0.390621024  
0.5024080799  
-0.03670479778  
0.07678820828  
1.110671722  
-0.3004743944  
-0.6048297183  
0.6557833794  
-0.4410861522  
-0.4440832017  
0.3025847047  
1.000306989  
1.2362505  
0.7552863393  
-0.4464666271  
-0.3520657571  
-0.5822479839  
-0.1799954605  
-0.6021890309  
1.661205702  
-0.5790735153  
-2.005113725  
0.4327119927  
-0.8251997116  
0.9674821385  
2.179039394  
0.1804516334  
0.563380426  
0.152218669  
-0.05105393524  
0.1435987514  
0.4033280327  
0.5697090498  
0.7289032166  
0.4881020188  
0.4502933302  
-0.03395037743  
0.7109111977  
-0.5041396658  
0.1158316463  
-0.4871573403  
0.4925218381  
0.2280280023  
0.2892437123  
1.077831949  
0.7589202251  
-0.0729859991  
0.3428975816  
0.8407561017  
0.03581352524  
0.2458693256  
1.272015261  
0.04650926052  
0.9300886558  
0.4166973958  
1.063385965  
0.3319907878  
0.2502684733  
0.5042082396  
2.427460163  
1.050644025  
1.192123194  
-1.627507369  
-4.127347312  
-2.298041578  
-1.10256239  
-0.7512201457  
-1.222972808  
-0.3034760897  
1.250599845  
0.8068337453  
0.01030854594  
0.3285418547  
-0.5048635887  
-0.3446000473  
-0.1515796978  
0.08261228953  
0.03091059574  
-0.1630377301  
0.9093198873  
0.9622087799  
-0.3670060539  
-0.4550956561  
0.5936941707  
2.108473286  
0.2776967098  
0.009880860442  
0.394722038  
0.1312348869  
0.7700282336  
0.6597835039  
0.2028529637  
0.148783033  
1.85307194  
1.811406815  
-2.317278673  
