7467.556874  
7592.291232  
7237.753362  
7538.788203  
7402.625949  
7718.968224  
7383.211721  
7325.88456  
7577.430558  
7724.314115  
7350.969007  
7898.987479  
7056.045057  
6384.399311  
7300.887436  
7803.12032  
7477.3869  
7561.508407  
7605.543632  
7446.152598  
7503.777602  
7335.710886  
7561.741577  
7344.860712  
7368.310206  
7213.937905  
7625.990019  
7365.436761  
7461.591799  
7345.725703  
7433.777246  
7468.65155  
7469.005918  
7402.804714  
7438.171803  
7416.508913  
7590.399384  
7904.371087  
7461.273667  
7369.163949  
7681.939793  
7641.64957  
7608.1302  
7372.475892  
7695.053532  
7647.094298  
7625.705237  
7536.055155  
7710.054004  
7486.096838  
7585.67704  
7041.97146  
6561.332454  
6529.987631  
6555.04713  
7601.874288  
7747.809063  
7204.503894  
7549.764963  
7293.042076  
7598.44116  
7477.824231  
7694.619634  
7628.325602  
7036.750995  
6776.596182  
7948.642404  
7504.719783  
7327.426138  
7542.904425  
7338.596199  
7485.796707  
7584.973801  
7654.72936  
7391.911824  
7627.949286  
7394.176158  
7370.365967  
7652.448325  
7273.280407  
7536.506896  
7210.452811  
7564.280498  
7420.39177  
7662.801877  
7943.713857  
7506.476269  
7555.630835  
7261.091489  
7751.931348  
7971.532696  
7494.314534  
7511.8813  
7429.526568  
7490.057595  
7258.70128  
7515.389774  
7722.031689  
7944.622128  
7972.579436  
7728.627  
7762.872334  
7592.242107  
7602.749359  
7622.149724  
7393.615325  
7344.119892  
7306.962484  
7514.700146  
7287.372449  
6439.756087  
7177.342595  
7532.500138  
7413.283599  
7332.137442  
7076.679225  
7330.626176  
7333.766659  
7215.48857  
7280.809045  
7578.413428  
7235.78165  
7364.950233  
7266.317787  
7295.29202  
7650.138359  
7150.938531  
7051.49651  
7364.580867  
7149.025333  
7362.661749  
7431.701332  
7520.493855  
7381.152152  
7340.380811  
7159.863046  
7115.095998  
7081.239604  
7042.551654  
7640.794815  
7212.227244  
7487.455707  
7434.217974  
7368.020223  
7616.470229  
7634.021445  
7294.368826  
7420.155099  
7536.058803  
7396.462904  
7244.561454  
7668.212105  
6904.369014  
7449.8211  
7616.892702  
7306.961929  
7104.83783  
7739.676717  
7431.035176  
7436.985501  
7374.525251  
7523.10874  
7228.851736  
7702.894179  
7808.978911  
7536.590702  
7310.827438  
7472.79398  
7949.085278  
8036.834556  
8054.779412  
7633.283467  
7381.862789  
7305.334108  
7767.589543  
7271.668456  
7206.832343  
7447.86753  
7515.152617  
7297.008575  
7400.035539  
7818.978008  
7337.281359  
7119.464738  
7310.021488  
7449.269837  
7503.67518  
7481.727432  
7780.661972  
7493.159498  
7507.578728  
7817.789588  
8182.576258  
7648.372635  
7265.372215  
7286.264985  
7224.305561  
7474.038851  
7644.00973  
7509.494757  
7427.461064  
7930.060069  
7407.956465  
7378.438078  
7532.73033  
7397.067002  
7299.617061  
7572.529543  
7501.39246  
7569.270722  
7528.234166  
7378.013526  
7471.368757  
7307.145478  
7360.227178  
7218.247406  
7627.337751  
6945.062162  
7021.652981  
7453.699019  
7136.36079  
7766.468439  
8291.71154  
7543.286024  
7760.226835  
7533.034177  
7500.187922  
7473.142336  
7578.811749  
7605.271065  
7643.114004  
7700.52434  
7589.254767  
7521.875443  
7655.50383  
7349.193465  
7483.0312  
7172.976692  
7638.480537  
7597.06757  
7476.338629  
7823.16781  
7635.089647  
7619.574194  
7422.831604  
7829.089912  
7216.828318  
7519.378648  
7961.808092  
7661.279568  
7777.394906  
7511.757145  
7804.590559  
7507.571326  
7607.980671  
7520.248153  
8198.664726  
7530.097738  
7959.239758  
7175.752691  
6847.771019  
7104.447231  
7405.99029  
7345.066629  
7235.923409  
7440.708241  
8201.143518  
7853.914411  
7524.638344  
7592.508393  
7421.872605  
7401.636283  
7573.729532  
7540.83656  
7557.001506  
7388.064691  
7731.777788  
7256.526068  
7456.153243  
7486.418099  
7649.047474  
7980.085012  
7666.53492  
7439.306169  
7722.050326  
7396.081097  
7751.857306  
7677.567641  
7465.78076  
7275.701683  
7855.952856  
8011.647992  
7073.704188  
