-1.148147009  
0.3993137943  
0.6375815151  
-0.9258028559  
-0.9484300941  
-0.8159880391  
-0.8643492025  
-0.5811313234  
1.073587462  
-0.2977188396  
-0.2099791306  
-0.6893685645  
-0.9527896243  
-0.724941994  
0.9913718287  
2.139286411  
-0.2004578931  
-0.2141593928  
-1.177987228  
-0.9247251471  
-0.2927554781  
-0.2994553805  
-0.6553187888  
-0.1369515044  
-0.6578037538  
-0.5631380898  
-0.8674266115  
-0.7098871522  
-0.9050183771  
-0.3471662548  
-1.158507543  
-1.4013025  
-1.364399474  
-0.8797295605  
-0.8481986338  
-1.656731767  
-0.6760296627  
-1.278967612  
-0.02794295488  
1.327674011  
1.549229231  
-0.2814400094  
-0.5130512391  
-1.243102949  
-0.7212645736  
-1.234779032  
-0.7394165281  
-0.3798630062  
-0.7582430588  
-1.082350993  
-0.6944014854  
-0.7434041637  
-0.135465195  
-1.281898896  
-0.5336276754  
-1.080996781  
0.2416926133  
0.982633239  
-0.1369835981  
0.1987720351  
-0.7098078659  
-0.03331777185  
-0.4394191577  
-0.414191038  
1.339132203  
1.050094981  
-0.03691874156  
0.04021538463  
-0.6685691548  
-0.4652331211  
-0.5355242994  
0.3010227285  
-0.6685300207  
-0.1974661895  
-0.3548764456  
-0.3789390018  
-0.4779382891  
-0.5465475526  
-0.5620144352  
-0.481395614  
-0.5416692872  
0.1558275865  
-0.261000624  
-0.3688390725  
-0.8148131615  
0.07234298158  
-0.4855820689  
-0.09828581631  
-0.5572072893  
0.2312006118  
-1.42256625  
2.093725608  
3.598831212  
0.05229524616  
-0.05490677765  
1.008815693  
0.5422189304  
0.0410410248  
1.352460168  
-0.8088573564  
0.2846762169  
-0.4302066732  
-0.1327583829  
-0.6745512782  
-0.4547260573  
-0.5791162079  
-0.7058738578  
-0.1337323766  
-0.9116565262  
0.3565603294  
1.371245464  
-0.9815313895  
0.05549864121  
-0.3247149115  
-0.4115387217  
-0.4033550833  
-0.004168901874  
-0.4440993888  
0.5990746704  
-1.238089103  
-0.4551738481  
0.125753111  
-0.3727925795  
0.1381810551  
-0.4019433626  
0.5730078839  
0.6030385467  
-0.874447175  
0.5128635068  
0.1300706681  
0.06797280013  
-0.6869933793  
-0.2385034304  
0.0788886279  
-0.2416416365  
-0.01004350599  
0.9159968559  
1.940183761  
-0.3370689988  
-0.1277734059  
-0.5635374257  
-0.2466031424  
-0.9123399734  
0.8528075386  
-0.2082775722  
-0.5263814661  
-0.6478897168  
-0.2218009061  
1.847173786  
-0.4120283937  
-0.2281430193  
-0.724168528  
-0.500780502  
-0.1934339053  
-0.9776334925  
0.5000228912  
0.2396357646  
-0.9352140481  
-0.5295575562  
-0.8639095828  
0.055858248  
0.1010983957  
-0.5426381919  
-0.7411212096  
-0.005706246899  
-0.4844358365  
-0.03685380004  
0.1103225607  
0.3700604439  
-0.08359118257  
0.3259501052  
-0.6050566491  
-0.4519537944  
0.4007920232  
0.2694452904  
-0.1078602423  
-0.06943669335  
0.6953937431  
1.79896505  
-1.14229169  
4.785072493  
3.464552995  
-0.563176827  
0.01224723844  
-0.1119714277  
0.007356304883  
-0.3099019974  
-0.1403537483  
-0.8058777335  
-0.666893427  
-0.7582385768  
-0.4129514303  
0.2261677832  
-0.5972500548  
-0.2202362849  
-0.8503187444  
1.269835263  
0.9775047765  
-0.3299213548  
0.1050545682  
-0.8304253363  
-0.03265835426  
-0.4338272693  
0.3513449911  
0.2125415564  
0.439080395  
0.1365955419  
0.3636003428  
0.1279026716  
-0.244041157  
0.03193395735  
2.098102658  
-0.7675633609  
0.604529001  
-1.634695665  
3.31767919  
3.678615071  
-0.838176346  
0.4577920007  
-1.087002908  
-0.4872561533  
0.9307430784  
1.438895632  
-0.3317006559  
-0.8064588669  
1.185747464  
1.064790853  
-0.4373768464  
-0.3727755978  
-0.4097546523  
-0.01176765249  
0.7091486888  
2.113276265  
-0.2814049201  
0.1962298847  
-0.3639879374  
-0.8358594873  
-1.065196027  
0.4265581137  
0.2643186886  
-0.06576501029  
1.471076116  
2.902376187  
0.7403989252  
0.4703658276  
0.4658277907  
0.08095144604  
0.6389986281  
-0.08130350943  
0.7534951383  
1.687671398  
-0.3191768755  
0.2843620689  
-0.310619936  
-0.04584567708  
0.2367601251  
0.2013885849  
-0.09786715612  
0.3095151419  
-0.08969139071  
0.2881897202  
-0.4034769576  
0.1591689571  
-0.6234748635  
0.3447177501  
-0.1297352458  
0.5592527992  
0.3421290455  
1.06135269  
0.01616355976  
2.169194566  
1.345190864  
0.3347489095  
1.239085465  
0.6724977472  
-0.5648964055  
2.011418401  
6.024247778  
1.441078842  
0.6524709644  
-0.04159893021  
-0.6056226395  
-3.843059879  
0.674531871  
-0.08941927375  
1.391682233  
0.9049606802  
-0.9528479969  
-0.127550125  
-0.1845839712  
-0.007053246168  
-0.07710954786  
-0.0271147558  
