5851.442653  
5908.809653  
5976.004715  
5869.521557  
5839.889159  
5869.564088  
5846.00011  
5862.842797  
6036.189327  
5893.467296  
5959.628258  
5876.031085  
5911.345415  
5815.720343  
5991.414134  
6042.354784  
5907.949291  
5988.908464  
5824.719445  
5710.680809  
6016.754205  
5972.979494  
5944.607111  
5922.553306  
5990.3871  
5914.644425  
5968.572027  
5889.234464  
5900.027069  
5947.686098  
5857.647535  
5849.786342  
5753.638595  
5851.129483  
5890.882779  
5751.822186  
5902.548413  
5777.773384  
5952.966978  
6059.291985  
6042.257011  
5928.31025  
5909.795599  
5832.241733  
5910.881544  
5811.197146  
5919.51177  
5935.769104  
5932.549235  
5947.495944  
5864.233018  
5943.483632  
5944.558936  
5789.255448  
5890.236048  
5889.573535  
5987.765471  
6073.026565  
5977.573463  
6117.857861  
5872.455142  
6088.389587  
5963.476462  
5947.039134  
6116.052487  
6120.771573  
6016.742938  
5989.093565  
5915.011391  
5909.481055  
5955.848518  
6079.865846  
5812.902169  
5899.492506  
5952.548964  
5928.867315  
5958.765005  
5897.971978  
5888.627784  
5923.589637  
5923.790844  
6025.276265  
5944.087367  
5970.046584  
5916.212905  
6017.84887  
6012.89307  
6019.523295  
5959.173878  
6063.600403  
5838.594371  
6252.819513  
6366.444102  
6135.69207  
6116.169254  
6096.107632  
6030.803573  
6011.948426  
6087.173456  
5916.564269  
6036.505748  
5972.140025  
6025.205207  
5966.182091  
5892.914332  
5999.922914  
5890.686683  
5954.271588  
5896.802319  
5936.124346  
5932.413272  
5862.058272  
5940.31739  
5962.523713  
5916.47643  
5939.119259  
6004.981145  
5900.899233  
6049.017336  
5782.543006  
5954.484969  
5970.401176  
6041.487112  
6065.020882  
5998.840718  
6104.396538  
6071.944448  
6019.16887  
6115.497487  
6052.489097  
6109.631934  
5896.190238  
6034.458529  
5990.974895  
6002.921514  
6060.136828  
6124.895716  
6264.944897  
5994.700627  
5976.137262  
5944.374288  
6011.983824  
5787.983209  
6130.123425  
5881.024249  
5826.94652  
5936.671331  
6001.449476  
6133.910319  
5919.24866  
5962.304748  
5973.925789  
5983.105777  
5934.057594  
5823.409984  
6011.962395  
5926.309643  
5914.204605  
5769.315591  
5914.566096  
6022.507923  
5995.549571  
5841.030389  
5829.994315  
5982.295664  
5934.907627  
5998.463861  
5942.289918  
6088.772665  
5940.991014  
6083.959799  
5876.209438  
6043.0923  
6095.160693  
6087.56972  
6041.680371  
6024.347302  
6124.227195  
6104.859276  
5969.380855  
6372.628661  
6003.693512  
5974.66684  
5888.005865  
5956.07823  
5963.93224  
6015.373924  
5923.252012  
5897.75256  
5837.517569  
5941.611244  
5915.247864  
6065.846799  
5806.356812  
5978.883816  
5845.856702  
6076.928636  
6020.113335  
5986.710521  
5884.529452  
5923.294589  
5982.224623  
6008.324455  
6117.783408  
6077.056166  
6115.48307  
6096.659267  
6035.434914  
6072.508818  
5983.31293  
6021.554476  
6206.522175  
5984.348665  
6084.094919  
5855.737144  
6270.447471  
6263.908907  
5930.450171  
6053.109338  
5874.120628  
6008.129736  
6078.236642  
6141.485818  
5940.483386  
5904.510914  
6062.455126  
6089.597435  
5915.55285  
5907.628446  
5998.217063  
5990.857986  
6051.879567  
5970.853804  
5995.521586  
5967.087977  
5916.300499  
5819.504486  
6014.018567  
6014.862635  
5992.788707  
5938.148341  
6106.816295  
6099.9066  
5834.860371  
6004.264729  
6159.279779  
6001.690103  
5995.04497  
6003.137971  
6105.241929  
6096.93425  
6084.972976  
6028.356161  
5838.71174  
5929.427923  
5974.456331  
5956.247284  
5985.107942  
6049.392179  
6015.113512  
5992.619633  
5934.501254  
6022.972495  
5938.136307  
6021.427544  
6014.05063  
6069.156386  
6175.1773  
6162.825295  
6134.18205  
6145.568709  
6111.809737  
6111.474988  
6162.570306  
6105.686923  
5889.337333  
6194.478496  
6716.192578  
6281.554367  
6104.634824  
6141.348429  
5867.251091  
5531.170264  
6183.124502  
5947.023763  
6211.262888  
6043.189506  
5995.811753  
6057.753103  
6045.369687  
5894.935951  
6100.647812  
5901.771153  
