-0.09907370245  
1.982123297  
0.3719430754  
-0.2543711365  
-0.3034941681  
-0.5786181174  
0.2603815481  
2.08447694  
0.6875660625  
-0.5098949246  
-0.2893846785  
-0.8374131268  
-0.3036758455  
0.5139814977  
-0.1591685669  
-0.305859087  
-0.5498534049  
-0.6707330399  
-0.3199977441  
1.800780089  
0.7498714807  
-0.6970629871  
0.3344150231  
0.005689848376  
-0.3513518668  
-0.4570611731  
0.7154735494  
0.6542891849  
-0.5060121736  
0.1100457142  
0.9219065056  
-0.2834518267  
-0.4345792579  
-0.6430116373  
0.3245690808  
1.361768847  
-0.2523408936  
-0.3608456699  
-0.7187582207  
0.3351186511  
0.1524989838  
-0.3508567964  
-0.904392362  
0.9443601306  
0.4210247962  
-0.8342547218  
-0.5816023012  
-0.7504594955  
1.162307894  
0.2212049805  
-0.7024329721  
-0.6801361981  
-0.6309962133  
-0.5039730089  
1.442689347  
-0.3117926168  
-0.5616911643  
-0.9263369239  
-0.8371230849  
-0.7747328283  
0.1902151495  
0.6379070153  
-0.9360811149  
-0.809247134  
-1.134446685  
-1.145348481  
-0.280040202  
0.0207386418  
-0.9586090584  
-1.085533992  
-1.265412538  
0.7934233083  
0.397481186  
-0.8335266985  
-0.03879832825  
0.1831242723  
-0.1465607752  
-0.4617545743  
-0.01088984739  
0.6691170796  
-0.471956976  
-0.5528242507  
1.295704806  
0.1029056274  
-1.106041965  
-0.4495347146  
-1.125661961  
-0.1774991592  
-1.210013068  
1.748464318  
1.555612319  
-1.02107238  
-0.8914753006  
-0.9038817665  
0.1590367445  
0.4301863459  
-0.7143845261  
-0.3088695846  
0.4607612626  
-0.9052700974  
-0.6530690825  
-0.8285261265  
-0.9993194476  
-0.3555940265  
0.843554079  
0.1332702645  
-0.775978683  
-0.1729386492  
0.4399278046  
-0.3053191504  
-0.410313166  
0.736812886  
-0.1792577589  
-0.4472483878  
-0.7502188479  
-0.1815151423  
-0.7690853523  
0.4327615067  
0.08236318383  
-0.9621257075  
-0.3161092209  
-0.292567378  
-0.537405526  
0.5631758878  
0.08058927713  
-0.4280451443  
-0.8086735817  
-0.5240159073  
-0.1601472002  
0.08088188532  
-0.950175218  
-0.2548675883  
0.8117345765  
-0.3776062428  
-0.3206836532  
-0.3945384594  
-0.3640340112  
0.2621649461  
0.3191133264  
-0.3753225446  
-0.7299558687  
-0.2558850558  
0.3556617393  
-0.8962223291  
-0.7590924693  
-0.573966796  
-0.7023932908  
-0.7783138526  
-0.7623334751  
0.7408329021  
-0.5766858955  
-0.680358905  
-0.8153323128  
0.1349909308  
0.2867488193  
-0.6327381979  
-0.4364281394  
0.06679441908  
-0.1776641304  
-0.5829223145  
-0.651948889  
-1.060797464  
0.5508822857  
0.4637016502  
-0.6174681831  
-0.5786066903  
-0.8213683255  
-0.6446354511  
0.2366138659  
1.009305852  
-0.3441700906  
-0.9517596373  
-0.3273089772  
-0.6759295107  
-0.07979726812  
1.383560126  
-0.2870316485  
-0.2571598519  
-0.08071531897  
0.3135654847  
-1.047377305  
0.2654276233  
-0.01380975951  
0.09846822394  
-0.7706268852  
-0.1752907276  
-0.5124256091  
2.790965139  
2.363211235  
-0.3602420383  
0.1373853749  
-0.6327618938  
-0.2048089144  
0.05536682213  
-0.5676733611  
-0.7748064512  
-0.6366114692  
-0.704780748  
-0.416789646  
1.358474686  
0.5103120568  
-0.2074222906  
-0.6150104253  
-0.8635166054  
-0.8739382333  
0.002380064183  
-0.3922139076  
-0.4096606611  
0.6192054952  
0.7537632293  
-0.2437632816  
-0.09506324445  
-0.7975068277  
0.3673248454  
0.4692193877  
-0.5956694818  
-0.7196418589  
-0.7863986117  
0.553788613  
-0.1397779991  
-0.6679073744  
-0.395616165  
-0.6213415097  
0.9777624629  
-0.3885953444  
-0.6705773412  
-0.8025676458  
-0.1062803408  
-1.075009337  
2.145698868  
2.131226902  
5.002209586  
1.417894976  
8.886834395  
4.073197118  
-0.4331678453  
1.579977684  
-0.342911743  
0.06313782866  
-0.004573405193  
0.1083471149  
-1.275215074  
0.1299436775  
0.001449384064  
-0.716395502  
-0.2693188293  
-0.5467436121  
0.2513123063  
1.680911915  
-0.08736507625  
-0.4133538545  
2.270098095  
1.211469787  
-0.8114006307  
1.195666371  
0.8107935519  
0.4668198715  
-0.6677034602  
1.190730639  
-0.1565292895  
-0.4495907188  
1.653492672  
1.665760967  
0.3379345559  
-0.4637447122  
-0.04803972062  
-0.069798259  
-0.3968670898  
1.589216591  
0.03567393709  
0.2193375545  
-0.7894587813  
0.8612427432  
1.134482423  
0.6771365713  
-0.04554404135  
0.1064246562  
-0.8058877624  
0.5865905122  
1.286228701  
0.3341537111  
-1.261713053  
1.058368529  
0.6406560907  
-1.532553446  
0.4063969874  
0.4789167756  
0.1683714714  
0.2047526308  
0.3638047241  
0.3372480982  
1.17840085  
0.8910404743  
