3861.488652  
3887.223519  
3766.616794  
3755.096432  
3753.809346  
3732.058635  
3804.060295  
3847.957476  
3774.621164  
3715.658179  
3753.838866  
3739.502176  
3721.155896  
3801.139686  
3745.322422  
3730.248509  
3742.399537  
3717.35877  
3758.282256  
3895.642661  
3811.024146  
3730.255289  
3798.062045  
3738.554896  
3742.541572  
3718.862159  
3805.902597  
3809.468987  
3688.810483  
3777.949341  
3808.604497  
3753.392815  
3763.653217  
3730.520003  
3790.501651  
3860.768444  
3758.582621  
3725.239162  
3748.609758  
3808.472142  
3755.315012  
3757.830717  
3694.593969  
3825.130347  
3790.876556  
3683.464679  
3713.644036  
3733.939021  
3812.102821  
3790.615556  
3726.156999  
3692.905643  
3733.400462  
3748.168324  
3824.952038  
3743.037031  
3713.815867  
3718.252228  
3711.803781  
3732.780405  
3771.143454  
3798.298951  
3701.363154  
3703.162025  
3702.927757  
3692.784982  
3751.698086  
3743.55858  
3723.493395  
3692.62724  
3625.53881  
3788.598082  
3743.183725  
3750.445759  
3751.293554  
3764.862623  
3730.552621  
3725.186398  
3733.536352  
3798.174124  
3764.40785  
3708.576867  
3840.405817  
3766.007184  
3687.114276  
3746.003714  
3690.603921  
3732.221635  
3726.987644  
3828.0926  
3813.210611  
3737.050176  
3688.264642  
3672.782589  
3744.914556  
3794.557427  
3713.419475  
3712.188859  
3779.766026  
3690.283851  
3690.400405  
3704.216801  
3698.397209  
3756.624938  
3814.195338  
3762.929985  
3713.06728  
3767.791943  
3782.430686  
3743.769141  
3712.880281  
3835.451367  
3735.566665  
3730.728317  
3727.832774  
3707.2245  
3710.362503  
3779.870012  
3768.039845  
3666.10196  
3691.507545  
3715.406274  
3707.859402  
3754.495632  
3725.038205  
3688.174129  
3678.113857  
3722.200626  
3735.449797  
3714.553593  
3690.161875  
3702.414689  
3799.565487  
3685.217263  
3677.441082  
3707.974991  
3702.891566  
3753.738035  
3765.479607  
3688.868205  
3698.708072  
3729.850912  
3741.507084  
3701.604058  
3680.581844  
3746.981618  
3694.08065  
3725.943856  
3700.985399  
3758.047775  
3702.14209  
3675.384345  
3687.204324  
3724.399684  
3760.861124  
3672.583358  
3700.285999  
3735.930865  
3717.802702  
3671.071354  
3697.968709  
3673.558641  
3740.83157  
3783.363211  
3675.253764  
3686.782899  
3674.830496  
3729.284806  
3719.806852  
3806.636977  
3731.48225  
3651.515349  
3668.771352  
3714.391215  
3702.364966  
3827.097098  
3706.909924  
3765.344662  
3736.284725  
3754.228842  
3664.115096  
3753.812451  
3767.230426  
3723.037506  
3734.3826  
3728.711828  
3755.227801  
3938.955712  
3829.947462  
3749.601301  
3768.843992  
3736.872241  
3754.227979  
3741.657606  
3730.20709  
3684.138608  
3696.963913  
3731.32847  
3749.352724  
3864.914338  
3789.885991  
3776.812706  
3732.524139  
3707.196199  
3701.790364  
3747.352901  
3775.434284  
3742.22842  
3820.136886  
3802.112264  
3747.020566  
3729.040582  
3746.052804  
3795.996537  
3792.101136  
3720.943286  
3691.890658  
3692.655502  
3806.704537  
3738.798401  
3682.005699  
3710.40163  
3751.985886  
3794.211882  
3694.967064  
3649.647271  
3668.350468  
3738.83277  
3661.788402  
3888.342453  
3791.340975  
4067.338381  
5098.859525  
4382.252795  
3765.860658  
3732.935447  
3844.095395  
3705.995054  
3710.11671  
3736.626997  
3720.022171  
3681.580814  
3758.022858  
3730.993233  
3666.6512  
3720.734314  
3770.490729  
3796.311311  
3846.358066  
3773.232556  
3713.889267  
3876.054505  
3806.700166  
3704.998956  
3825.350129  
3821.412697  
3816.090161  
3723.167209  
3850.181935  
3762.696944  
3755.679359  
3830.537078  
3825.518046  
3776.857089  
3684.661049  
3750.632768  
3779.287588  
3727.951005  
3903.340729  
3757.476714  
3756.756583  
3705.287221  
3778.794717  
3821.091921  
3801.27299  
3754.115201  
3781.941446  
3732.681444  
3773.359941  
3825.959482  
3805.564004  
3724.034542  
3791.929332  
3724.215254  
3602.979502  
3721.599035  
3730.729812  
3743.262055  
3762.21684  
3786.895479  
3845.344596  
3778.166327  
3763.386269  
