10026.72902  
9528.737344  
9296.147834  
9366.947786  
9338.602996  
9375.934796  
9156.888035  
9393.865537  
9248.269269  
9531.837986  
9298.221187  
9279.425062  
9598.912097  
9206.526726  
9301.161604  
9321.257003  
9536.651219  
9300.648341  
9490.175876  
9328.164182  
9323.110032  
9441.08647  
9556.835366  
9452.1761  
9448.382934  
9519.469921  
9620.127189  
9751.325537  
9496.337861  
9535.144782  
9377.025525  
9560.443359  
9500.690919  
9552.073953  
9449.988692  
9596.933612  
9792.899077  
9767.461146  
9753.619999  
9385.025356  
9392.805533  
9390.344758  
9239.891055  
9449.579167  
9351.678224  
9423.743506  
9640.794261  
9598.380461  
9537.467694  
9470.485516  
9450.213432  
9607.407041  
9594.037593  
9556.282076  
9506.164938  
9522.142694  
9319.359141  
9670.881533  
9442.49068  
9671.462048  
9485.611913  
9599.850593  
9629.641271  
9631.008159  
9609.417841  
9616.225604  
9509.411409  
9723.2323  
9692.847708  
9792.520101  
9654.31387  
9665.071676  
9673.152423  
9793.133018  
9529.842532  
9639.809851  
9806.202247  
9596.142692  
9684.759168  
9551.445999  
9516.82556  
9555.233552  
9483.280667  
9470.067258  
9489.770176  
9561.648858  
9531.705565  
9494.971654  
9544.496329  
9543.990246  
9492.568418  
9565.636396  
9489.489431  
9469.376678  
9585.470271  
9445.383112  
9519.025369  
9336.185014  
9500.871961  
9629.492509  
9536.214937  
9480.148291  
9520.990779  
9378.333856  
9176.976238  
9638.237251  
9428.976168  
9400.528482  
9228.796776  
9174.111417  
9175.585069  
9618.780295  
9437.741721  
9459.843205  
9264.914444  
9552.864756  
9446.692218  
9441.591777  
9511.393808  
9505.338477  
9518.304037  
9526.944073  
9483.065205  
9453.826302  
9511.740179  
9458.297101  
9611.225628  
9443.93739  
9474.657502  
9583.297519  
9455.530614  
9469.822725  
9499.182615  
9527.902607  
9492.672548  
9543.396477  
9456.761311  
9477.357625  
9104.096075  
9743.063863  
9665.30836  
9405.978844  
9683.713569  
9637.311881  
9500.355643  
9504.767418  
9674.610148  
9541.601018  
9651.17761  
9632.419614  
9605.30329  
9569.666419  
9753.07917  
9369.231233  
9409.402005  
9521.276212  
9445.178142  
9407.33089  
9606.730091  
9553.857271  
9558.05573  
9338.074518  
9550.05927  
9677.073268  
9474.751921  
9674.533982  
9540.748936  
9522.846798  
9614.491036  
9367.20823  
9505.96772  
9764.636273  
9420.886967  
9565.794219  
9245.026165  
9308.137414  
9286.952949  
9453.137417  
9504.543521  
9362.298146  
9589.768956  
9576.789174  
9588.679111  
9566.596904  
9660.812891  
9464.81414  
9604.195602  
9438.610402  
9339.882508  
9701.140211  
9515.916136  
9578.630653  
9623.086178  
9536.486036  
9343.385046  
9351.843496  
9678.890807  
9474.476078  
9616.992921  
9560.378287  
9686.766128  
9601.17202  
9794.243903  
9624.213675  
9815.844363  
9046.956928  
9568.93192  
9667.705962  
9680.689807  
9638.983547  
9591.122915  
9685.24163  
9521.197875  
9593.745135  
9613.38366  
9587.257773  
9389.944739  
9503.774462  
9613.834949  
9558.071174  
9747.9195  
9536.677617  
9722.454938  
9566.854766  
9517.306717  
9059.544502  
8388.486271  
8456.769181  
9819.818637  
9672.457787  
9395.173817  
9489.535191  
9314.910583  
9259.847085  
9349.188096  
9238.539203  
9193.387509  
9410.83523  
9315.638414  
9688.1192  
9312.646383  
9575.347804  
9052.296068  
9234.539554  
9918.551431  
9616.033241  
9646.560068  
9468.777506  
9361.907499  
9154.660103  
9615.991599  
9350.964086  
9429.699367  
9469.007555  
9494.345317  
9635.275287  
9548.592396  
9608.358093  
9612.600622  
9637.178215  
9572.241286  
9646.916977  
9770.851214  
9758.021765  
9734.990768  
9705.019082  
9612.914754  
9644.085104  
9631.01908  
9289.897537  
9757.652239  
9579.135431  
9687.609613  
9384.912498  
9503.265264  
9756.7967  
9597.390785  
9659.513482  
9509.855617  
9516.895387  
9536.30712  
9672.135398  
9493.6007  
9438.336784  
9469.67926  
9706.594572  
9627.058156  
9789.928651  
9524.143802  
9542.552139  
9526.379896  
9654.897732  
9994.61085  
