0.01675309001  
0.06108953195  
0.04502854714  
-0.1983866513  
-0.6589385528  
1.003197655  
0.8276826338  
-0.01203600612  
-0.07769763979  
0.6947248057  
0.2976442531  
0.9381283095  
0.5490576483  
-0.2731131013  
1.954620902  
3.183429411  
1.265079456  
0.1903734788  
0.1267725144  
-0.6436013085  
0.546089756  
1.514477137  
-0.308124568  
0.5627581674  
1.257760184  
0.7593343045  
0.2783655565  
2.198379256  
1.398032384  
-0.4324139574  
-0.2402803807  
1.345958314  
1.263772653  
-0.1117371774  
-0.2134574372  
0.06741646674  
2.3615809  
2.9743028  
0.7072041443  
-0.07400329666  
-0.8782225359  
0.1052923651  
-0.2099393607  
-0.3430838414  
0.5501156418  
0.4987904681  
-0.353530083  
0.3032464952  
-0.572656438  
0.6017427709  
0.9132253402  
-0.1532753779  
0.05292428169  
-0.3785706312  
0.3256945547  
0.4914587016  
0.02562816845  
-0.4303451914  
0.1656175333  
0.004530026787  
-0.2699943816  
-0.4548945757  
-0.5340538092  
-0.7897577771  
-0.6762226272  
-0.728345025  
-0.6777743458  
-0.8171891103  
-0.6713437774  
-0.8296132247  
-0.8635411772  
-1.057437786  
-0.7623324053  
-0.94340308  
-0.7184635283  
0.1269366286  
1.771371068  
1.029393936  
-0.8457985316  
0.7356992495  
0.1340944422  
-0.7396523671  
-0.5193934961  
0.2929497177  
-0.4861309336  
-0.05666897295  
-0.4338179582  
-0.6467832863  
-0.5128300448  
-0.3302804386  
-0.500311823  
-0.4672715981  
-0.4927093496  
-0.7804873359  
0.2166848874  
-0.5141749874  
-0.9834860742  
-0.4075599111  
0.1206603059  
-0.430683928  
-0.5297707261  
-0.5925614961  
-0.4078267566  
-0.3083666487  
-2.190818893  
-0.1792498992  
-1.118110444  
-1.261975561  
-0.291243764  
1.991985969  
-0.7713399  
-0.8230424404  
-1.138665997  
-0.8742376414  
-0.8268772465  
0.450360164  
-0.6392822333  
-1.085689617  
-1.025786203  
-1.013331477  
-0.9538841403  
-0.6426574265  
-0.6613396853  
-0.9992782762  
-0.8400332154  
-1.127447004  
-0.04347230481  
-0.7994247792  
-0.9657859707  
-0.9183948978  
-1.087161054  
-0.8771192876  
-1.077526244  
-0.9889001953  
-0.9703213606  
-0.7261638039  
-0.9372730055  
-0.2970348096  
2.134378474  
0.3908757798  
-0.4001770505  
0.849324537  
0.9298738563  
0.2109162448  
-0.2918132208  
0.1543533844  
-0.1976962567  
-0.6260749171  
0.4263138699  
0.3497308186  
-0.4550385565  
-0.3650320455  
0.4762537869  
-0.3666988372  
-0.2961984465  
-0.750543864  
-0.62149439  
-0.03211440007  
0.680113216  
-0.5861699912  
-0.3339047024  
-0.03286120217  
-0.195972489  
0.7776555496  
0.06733456262  
-0.5967434257  
-0.174173513  
-0.2419602625  
0.6570400661  
0.9573713099  
0.1253398377  
-0.3794853555  
-0.546184653  
-0.6557656029  
-2.215441466  
-0.1602032212  
0.6700872225  
-1.034045507  
-0.7901731707  
2.048830323  
0.2702669007  
-0.05213277861  
1.347859963  
0.8777315144  
-0.3095359289  
-0.9494691397  
-0.2018534168  
1.2690461  
1.407152224  
0.2916836983  
1.666387864  
0.1386557613  
2.009195405  
1.835833354  
1.426502508  
0.8769535464  
-0.1900396863  
-0.4534846991  
-0.7069682647  
-0.9770954587  
-1.054598836  
-1.007694278  
0.615396629  
0.3750595735  
1.705223752  
-0.1183821659  
1.555923969  
-0.4890721435  
-0.5082852803  
-0.4259199917  
-0.5020021541  
-0.5743911985  
-0.7928728573  
-0.4350125483  
-0.3215880921  
-0.8367781597  
-0.4341047848  
-0.9606151954  
-0.9238743805  
0.5496993236  
0.5635877095  
-0.04099302606  
1.683868654  
1.805743493  
-0.8168643504  
0.9422390068  
-2.144214799  
-2.432226237  
0.3878436045  
-0.4255990469  
-1.50650954  
-0.7438455946  
-1.620221254  
-0.2992992491  
-1.456359545  
-0.1161188289  
-0.4042161278  
-0.2900636116  
-1.582683553  
1.685133665  
0.7694206535  
0.3475360521  
-1.225206436  
2.102873982  
0.7946032027  
0.08243624295  
-0.8378175846  
-1.06401652  
-1.951564473  
-1.549618145  
-1.262407364  
1.304275276  
0.009824329528  
-1.45561684  
-0.2880956943  
-0.3309446552  
-0.5087945592  
-0.6761994563  
-0.4988591174  
-0.650704933  
0.3903117471  
-0.491300953  
0.415308281  
1.832975158  
1.946787032  
-0.7176124546  
-0.5945865975  
0.04486700878  
-0.745734027  
-1.758784568  
2.27155666  
2.667078144  
-0.8809130135  
0.196317677  
2.428982024  
1.897201773  
0.2731934205  
-0.2816180145  
1.016715593  
1.690413891  
-0.3738288198  
0.9569073885  
0.4570241951  
1.396218931  
-0.02443290938  
1.015614886  
1.067585039  
0.9328290402  
-0.1416027747  
2.126385224  
1.316470322  
2.123184293  
3.893332771  
