10205.90698  
9804.457841  
9580.526935  
9542.513139  
9510.889357  
9657.920519  
9511.957706  
9509.476887  
9586.217106  
9828.794764  
9621.148438  
9658.787067  
9793.678765  
9396.401997  
9691.125992  
9863.419114  
9844.881157  
9619.579338  
9709.730231  
9539.698067  
9708.344843  
9777.116221  
9697.719664  
9701.934711  
9839.929639  
9848.090565  
9862.527484  
10132.3972  
9898.127226  
9724.51309  
9616.037901  
9973.875486  
9772.641613  
9847.21848  
9637.874748  
9740.427365  
10012.42099  
10058.67601  
9974.677602  
9666.434292  
9532.679114  
9662.649257  
9417.715789  
9645.865995  
9697.3065  
9602.2158  
9839.055158  
9772.42671  
9709.661899  
9803.652387  
9821.329846  
9795.589295  
9800.903954  
9728.709291  
9797.105064  
9855.890163  
9631.468545  
9786.465876  
9763.507255  
9807.00134  
9665.908007  
9710.51367  
9720.773795  
9672.643133  
9676.486107  
9681.336036  
9624.05241  
9693.000334  
9692.6099  
9729.687769  
9644.743182  
9597.749811  
9689.681632  
9697.588231  
9632.996091  
9740.257243  
10020.15398  
9808.082463  
9726.060504  
9732.36034  
9674.90938  
9656.44019  
9578.335037  
9719.636956  
9592.029291  
9729.767983  
9665.800014  
9611.262771  
9613.823629  
9608.657013  
9542.716433  
9639.460229  
9595.784139  
9570.158666  
9522.312374  
9508.34644  
9533.00093  
9504.749685  
9697.087233  
9643.96832  
9611.553236  
9507.839064  
9636.109725  
9617.648589  
9021.021604  
9442.400564  
9208.458434  
9308.714185  
9329.372016  
9640.316202  
9340.392609  
9623.162889  
9374.239172  
9527.128745  
9397.719046  
9590.113612  
9411.043329  
9415.123566  
9445.976255  
9476.238229  
9460.202895  
9603.081957  
9526.501315  
9403.639289  
9511.381962  
9402.097944  
9638.195075  
9489.717764  
9399.929322  
9527.09032  
9319.326551  
9473.320534  
9420.994308  
9508.023572  
9443.03568  
9558.11241  
9433.920653  
9611.670741  
9461.878816  
9805.636112  
9745.844676  
9640.679532  
9851.921782  
9751.110367  
9638.15142  
9693.899774  
9735.948645  
9582.769294  
9659.555899  
9791.513787  
9626.196281  
9668.620878  
9770.167599  
9510.978366  
9492.941418  
9504.035205  
9510.66509  
9551.542255  
9673.683675  
9588.361857  
9608.256124  
9564.038512  
9638.441309  
9831.076425  
9665.257525  
9696.353257  
9624.85399  
9710.246726  
9591.175143  
9562.621701  
9594.056783  
9794.251747  
9493.58633  
9601.340517  
9038.794008  
9276.896216  
9335.590122  
9218.405937  
9589.763981  
9608.822059  
9572.653421  
9489.46297  
9743.024299  
9554.307134  
9716.706267  
9503.0168  
9639.686418  
9746.589272  
9605.142259  
9736.574285  
9774.038541  
9745.450831  
9756.426288  
9646.8198  
9694.013664  
9584.242608  
9798.099491  
9612.26692  
9644.427186  
9576.493009  
9606.051666  
9597.869884  
9842.121769  
9792.482572  
9928.846114  
9276.915421  
9846.503162  
9725.512856  
9712.967071  
9707.473478  
9631.617824  
9745.911373  
9566.185916  
9611.558941  
9548.449606  
9557.784088  
9557.420838  
9403.924548  
9606.7092  
9479.921903  
9850.182467  
9698.155629  
9719.734634  
9820.488628  
9541.481055  
9451.20774  
8178.061467  
8013.283974  
9864.431082  
9722.181362  
9258.720496  
9477.295266  
9345.501265  
9332.111115  
9320.643714  
9349.908731  
9448.700758  
9561.598045  
9347.279187  
9795.316764  
9499.156686  
9288.491831  
9128.353325  
9512.545188  
9928.033507  
9711.391019  
9560.809625  
9394.840782  
9117.890117  
9014.088032  
9485.880568  
9500.604486  
9418.955693  
9411.27067  
9651.591982  
9679.191222  
9627.435095  
9638.414411  
9658.94441  
9670.12584  
9672.234953  
9674.64469  
9797.540787  
9910.139551  
9938.177402  
9651.740455  
9621.574163  
9697.349452  
9416.28524  
9207.559971  
9968.568708  
9756.082324  
9627.186299  
9568.908736  
9803.312262  
9939.061095  
9728.860636  
9684.184593  
9690.567167  
9746.20813  
9742.897794  
9640.715353  
9850.076326  
9681.339038  
9657.946905  
9789.617407  
9782.090986  
9860.01731  
9666.058522  
9960.578839  
9790.687934  
9897.174033  
10267.54291  
