-0.6378992633  
-0.3800736753  
-0.4734792776  
-0.3663534036  
-1.04450441  
0.8483908151  
0.9005971657  
-0.3595196219  
0.02246703944  
0.6217897186  
0.2548140485  
0.7844593732  
0.1311254215  
-0.4658544239  
1.828074602  
3.069455924  
1.315683357  
-0.0312815697  
-0.0992996273  
-0.8595694394  
0.4556198011  
1.854993222  
-0.4201512263  
0.4841510899  
1.23302018  
0.7783847813  
-0.1123981296  
2.188398781  
1.55145866  
-0.8352121833  
-0.4566628632  
1.39024021  
1.342045509  
-0.3141134327  
-0.05175187022  
-0.2483344504  
2.11936888  
2.612002074  
0.6482467757  
-0.06320371313  
-0.7268325486  
-0.3830697557  
-0.0563888326  
-0.09727316288  
0.8022611581  
1.013581759  
-0.3648294742  
0.2715182222  
-0.4099436536  
0.9412543165  
1.289240391  
-0.2257709597  
-0.01046739273  
-0.556533273  
0.3388011717  
0.6838951707  
0.4920601819  
-0.619294321  
0.2825206376  
-0.1209870039  
-0.2179514658  
-0.7236592037  
-0.7331803536  
-0.9484789908  
-0.764979667  
-0.885713053  
-0.7483582636  
-1.156425563  
-0.9360199799  
-1.192116687  
-0.9895639347  
-1.318677142  
-0.9193976558  
-1.341304118  
-0.6262671171  
-0.1236017967  
1.619391151  
1.266970404  
-0.8073855571  
1.147738073  
0.2843432838  
-1.008277421  
-0.5211744018  
0.4934341162  
-0.6946938009  
-0.3344634444  
-0.5777182727  
-0.8938700099  
-0.8314148781  
-0.6178293363  
-0.7750340923  
-0.6181806812  
-0.7553340721  
-0.778273379  
-0.4832620326  
-0.5336525109  
-0.8519672461  
0.03497877257  
0.4494629256  
-0.7274564072  
-0.5974043318  
-1.105162921  
-0.5687477849  
-0.3128999048  
-1.547693662  
-0.4532166839  
-0.859182176  
-1.382707071  
0.01877612209  
2.116234303  
-0.4530056745  
-0.9042509948  
-1.428330999  
-0.7108993849  
-0.7248205658  
-0.1781878934  
-0.4689330048  
-0.9955910547  
-1.08217465  
-0.9961077055  
-1.106746788  
-0.5435426341  
-0.5109168813  
-1.211784451  
-1.014655891  
-1.262684597  
-0.2597268323  
-0.8233784735  
-1.067289903  
-1.012400455  
-0.9601382246  
-1.213870395  
-1.328219695  
-1.211473934  
-1.27195911  
-0.8211373487  
-0.677915998  
-0.1216146746  
2.932977076  
0.08519305403  
-0.1533705336  
1.232178651  
0.9450077053  
0.1446832833  
-0.05155378609  
0.3296358459  
-0.4715721819  
-0.679355893  
0.06443700751  
0.2070412147  
-0.5909216908  
-0.4915616201  
0.3165935624  
0.04925688233  
-0.4165445636  
-0.9684268834  
-0.8076838663  
-0.8258973785  
0.1603103465  
-0.9819322746  
-0.458860489  
0.2811582241  
-0.1769198564  
0.3845511735  
0.3518607846  
-0.799588727  
0.1610568859  
-0.2027892474  
0.4441266812  
1.387511379  
0.6230044284  
-0.456531654  
-0.1095423956  
-0.950167493  
-1.501102551  
0.3161113266  
1.116949897  
-1.068903731  
-0.7312586903  
2.320354313  
0.138460089  
-0.2352609787  
1.360445037  
1.022652657  
-0.5617471457  
-0.5362514625  
-0.3980262023  
1.811016987  
1.554351359  
-0.1016356081  
1.788199098  
0.6875638397  
1.20152285  
1.774553279  
1.286433937  
1.191872063  
0.1471185709  
-0.04934191586  
-0.6860865444  
-0.8905055297  
-1.223600108  
-0.8630007201  
0.3541143175  
0.7506696766  
1.325279264  
0.2064073222  
1.827874526  
-0.2005901228  
-0.3592006772  
-0.2229734156  
-0.6565998807  
-0.4508420829  
-0.3942177588  
-0.6009262376  
-0.7349223373  
-0.7557241405  
-0.2625656355  
-1.195028118  
-0.8482684423  
0.09128207747  
1.009906429  
0.08437841921  
1.375603117  
1.935260443  
0.6040610667  
1.103800695  
-0.4726205316  
-0.6288802222  
-0.3472131998  
-0.2078219383  
-1.365390928  
-0.7836213265  
-1.727331093  
-0.0390852257  
-0.9053474687  
0.1004595778  
0.4830115625  
0.05220318875  
-1.522197909  
1.126913133  
0.5603056792  
-0.1948875726  
-0.4629023505  
2.236597675  
-0.3426304436  
0.05998856279  
-0.8806358408  
-0.8387831625  
-1.403872366  
-1.050971078  
-1.588393793  
1.665743904  
0.6429014399  
-1.118340333  
-0.05029632766  
-0.3004135586  
-0.3299280239  
-0.6263071518  
-0.4667224875  
-0.5668339805  
0.2218298639  
-0.4068736835  
0.02966164553  
1.833275798  
1.123358716  
-0.9662920283  
-0.5196785863  
-0.3631684494  
-0.8890230803  
-1.444989513  
2.2974858  
2.828972775  
-0.8811096847  
0.8470770734  
2.766829552  
1.7832087  
0.8107085161  
-0.3375301751  
0.9365267609  
1.953513983  
-0.2555190838  
0.6364080689  
0.945874991  
1.419585979  
0.5136706563  
-0.1483286987  
1.330665541  
0.6819731832  
-0.08567309065  
2.326552256  
1.087823099  
1.988452276  
3.297266808  
