5326.837516  
5730.153994  
5533.720021  
5511.340482  
5531.384694  
5500.494196  
5421.933845  
5543.367935  
5412.620715  
5554.715643  
5382.012389  
5195.192549  
5246.117664  
5307.167458  
5315.645886  
5327.551619  
5477.088655  
5464.519671  
5279.865932  
4947.678128  
5117.464001  
5309.955751  
5278.666885  
5351.87528  
5160.031111  
5350.550386  
5296.154417  
5306.501189  
5351.594042  
5328.700767  
5296.476644  
5286.658523  
5304.206755  
5304.445746  
5398.891635  
5381.405512  
5378.159233  
5414.543217  
5430.706511  
5421.828307  
5407.443308  
5338.795184  
5401.272854  
5352.056564  
5383.091751  
5378.212423  
5331.842478  
5350.0514  
5350.141514  
5367.137582  
5437.846162  
5493.127773  
5431.354865  
5414.98691  
5458.276678  
5479.763008  
5582.064014  
5435.542171  
5360.639743  
5378.695523  
5423.161777  
5470.96251  
5423.372025  
5478.966497  
5511.987092  
5494.750884  
5444.551419  
5510.231314  
5407.839384  
5460.718301  
5444.079485  
5525.68706  
5494.310809  
5489.818043  
5446.384862  
5539.912777  
5526.961687  
5563.270746  
5506.812944  
5448.16533  
5519.777261  
5523.404041  
5444.957959  
5548.953224  
5551.103026  
5498.098432  
5489.080231  
5368.933313  
5315.176907  
5463.688983  
5469.964878  
5210.175001  
5498.126291  
5408.876208  
5353.919715  
5532.291863  
5592.959057  
5745.271159  
5601.27436  
5493.358844  
5524.929177  
5496.069464  
5545.03119  
5572.34721  
5522.282268  
5520.578297  
5583.343781  
5591.561034  
5635.012268  
5587.519492  
5584.375079  
5528.512709  
5542.757203  
5526.777068  
5582.853348  
5577.491127  
5478.881997  
5487.012464  
5404.546067  
4987.643939  
5435.195462  
5318.074976  
5274.210979  
5257.253881  
5295.408871  
5292.132787  
5155.030802  
5339.037936  
5370.028645  
5338.538681  
5275.577142  
5348.510068  
5266.762531  
5374.675904  
5336.014108  
5280.121548  
5314.1278  
5150.455976  
5202.406459  
5401.007208  
5388.297567  
5474.074493  
5425.512008  
5436.124749  
5325.793137  
5408.764237  
5359.390383  
5531.95296  
5330.620424  
5591.17018  
5197.9732  
4637.997603  
4879.746803  
4271.849194  
5552.938773  
5535.224037  
5495.503703  
5231.535682  
5528.525842  
5471.412926  
5672.755328  
5653.314415  
5638.218478  
5484.032225  
5537.568772  
5727.624623  
5456.2576  
5494.179317  
5684.903136  
5613.814885  
5530.504061  
5576.18567  
5543.999168  
5466.955449  
5568.032606  
5559.628221  
5628.322261  
5566.667243  
5548.286152  
5573.568035  
5626.258035  
5505.736822  
5597.524837  
5707.133506  
5540.626795  
5502.51695  
5184.572507  
5365.246504  
5096.327358  
5188.523521  
5275.665627  
5253.34778  
5244.265649  
5544.357113  
5871.388889  
5746.724184  
5542.080664  
5495.147118  
5499.747062  
5538.700594  
5406.319187  
5441.619216  
5308.59176  
5370.434785  
5474.946225  
5442.969575  
5410.078443  
5484.896008  
5569.016729  
5617.337403  
5530.288387  
5265.62768  
5562.284308  
5360.808406  
5336.537631  
5524.021057  
5476.894138  
5501.548013  
5496.838492  
5338.85892  
5614.530213  
5299.789787  
5757.41104  
5610.072623  
5586.091858  
5585.752282  
5562.206499  
5531.60634  
5489.288681  
5517.243369  
5526.539735  
5518.955003  
5492.102884  
5436.654652  
5287.718835  
5363.830307  
5331.492087  
5419.919153  
5316.371785  
5457.546853  
5252.891638  
5277.161888  
5438.067347  
5380.554584  
5485.52842  
5385.853838  
5424.550405  
5443.666683  
5424.512841  
5427.33848  
5363.901386  
5516.469301  
5376.271007  
5388.287303  
5562.702444  
5498.762242  
5486.742059  
5465.637047  
5453.609161  
5273.471256  
5235.719021  
5134.693816  
5255.197578  
5285.386213  
5311.103308  
5476.569272  
5317.671704  
5401.681063  
5409.65997  
5458.057301  
5391.179445  
5442.703195  
5352.077094  
5307.835002  
5147.689882  
5218.559836  
5499.423981  
5525.446414  
5489.730365  
5081.95518  
5425.942874  
5499.815822  
5448.959406  
5436.480722  
5449.246866  
5331.311634  
5307.191029  
5172.456417  
5336.695382  
5314.879457  
5218.438376  
5378.476147  
5498.962718  
