6639.210801  
6772.133555  
6582.055725  
6498.102403  
6518.556058  
6483.173042  
6371.451253  
6636.502459  
6476.103899  
6531.595574  
6313.59924  
6089.52077  
6152.783361  
6177.278275  
6218.518854  
6297.733714  
6468.576396  
6481.788807  
6164.653672  
5742.044458  
6082.382435  
6203.442891  
6199.046573  
6253.464469  
6079.526503  
6218.700221  
6228.664977  
6196.933044  
6290.987549  
6251.967623  
6246.497748  
6153.795516  
6243.345636  
6215.409907  
6378.253461  
6370.876626  
6366.479199  
6281.884997  
6389.001257  
6363.354787  
6416.795254  
6349.809938  
6332.701709  
6350.9362  
6341.87299  
6347.890885  
6274.418605  
6330.351092  
6313.327668  
6397.539456  
6433.694137  
6426.221923  
6400.374766  
6376.524776  
6497.034537  
6409.888629  
6597.11315  
6460.953085  
6284.599552  
6384.832463  
6316.219705  
6415.201382  
6393.550619  
6405.82391  
6449.020687  
6609.004509  
6431.961159  
6543.841619  
6466.412337  
6426.090799  
6399.849184  
6423.024946  
6440.056721  
6476.0822  
6417.238583  
6489.490199  
6472.148546  
6560.400114  
6512.549677  
6449.152082  
6464.547255  
6512.734038  
6419.714679  
6472.379396  
6496.60979  
6463.212688  
6434.417915  
6450.987038  
6331.058496  
6402.150566  
6647.069903  
6088.784694  
6399.921864  
6323.599929  
6280.100922  
6476.133516  
6460.420773  
6565.406218  
6442.176634  
6423.464823  
6427.265499  
6411.014705  
6560.198983  
6563.293052  
6433.587267  
6519.165633  
6526.190613  
6620.777104  
6574.861031  
6528.999123  
6550.171068  
6500.880765  
6503.013651  
6486.685723  
6497.737  
6587.954061  
6461.205539  
6463.146531  
6434.334979  
5902.234502  
6418.807606  
6413.322505  
6234.241646  
6287.234224  
6312.69324  
6249.954462  
6199.309352  
6324.231528  
6411.895228  
6296.29922  
6164.581714  
6343.662989  
6284.062065  
6293.133654  
6248.490204  
6277.346871  
6300.117849  
6132.829237  
6092.999475  
6469.165666  
6330.513688  
6492.671281  
6310.133108  
6493.173076  
6309.449848  
6417.716864  
6296.187691  
6503.860262  
6246.504908  
6608.388499  
6155.027978  
5535.589966  
5864.154845  
5455.624758  
6646.207452  
6279.152348  
6454.997575  
5964.904505  
6407.94593  
6393.580373  
6527.888602  
6531.125476  
6509.248482  
6452.846022  
6584.331747  
6625.10241  
6382.88745  
6452.672436  
6656.441885  
6527.876582  
6444.981803  
6484.203363  
6470.972974  
6368.10753  
6486.078819  
6490.54024  
6575.590803  
6425.558478  
6440.913362  
6433.053901  
6579.675857  
6438.071597  
6449.044414  
6709.387938  
6356.939755  
6341.067444  
6041.152899  
6145.458376  
6117.199419  
6011.056423  
6190.315545  
6154.471337  
6238.17282  
6384.247543  
6730.722979  
6485.05544  
6469.773706  
6403.114602  
6443.987533  
6393.65953  
6221.0304  
6289.00969  
6332.346441  
6242.700556  
6423.873318  
6338.89727  
6357.629704  
6357.138265  
6510.014405  
6441.726305  
6539.152363  
6152.115399  
6458.923527  
6205.929956  
6212.852189  
6475.908695  
6394.189594  
6350.729833  
6567.677239  
6242.228071  
6640.042941  
6553.849912  
6613.040383  
6529.933679  
6415.124752  
6493.518185  
6411.482981  
6488.510144  
6336.720187  
6417.710458  
6402.371352  
6346.497203  
6497.385216  
6391.086682  
6199.297112  
6245.865829  
6190.289242  
6269.712933  
6188.319099  
6342.195356  
6203.946411  
6205.863476  
6347.537639  
6449.249496  
6437.75242  
6285.065011  
6346.555142  
6342.874682  
6359.810403  
6337.634952  
6302.718122  
6424.317166  
6372.758919  
6316.24054  
6475.581298  
6401.828769  
6368.836984  
6350.342045  
6361.369704  
6160.116293  
6080.065675  
6059.834873  
6197.809937  
6208.116957  
6156.09952  
6338.680604  
6161.269217  
6254.069592  
6302.942238  
6360.431692  
6210.077181  
6380.448175  
6161.258296  
6166.990374  
6116.476767  
5872.414021  
6282.987377  
6526.665113  
6509.435842  
6273.808987  
6365.291133  
6345.881339  
6293.364453  
6351.486108  
6344.595683  
6305.477058  
6188.882483  
6081.645519  
6224.309948  
6224.161554  
6143.675416  
6178.875192  
6360.086382  
