-0.08045417628  
0.8867232093  
0.4910193742  
0.4707331575  
0.3685543137  
0.1738448942  
0.09682113563  
0.1594308096  
0.4542489033  
0.3986911475  
0.2390742575  
0.3859686625  
0.2238524628  
0.2251853505  
0.4079390473  
0.2660852488  
0.2631904152  
0.2366190274  
-0.01370154254  
-0.3836415008  
-0.2169315019  
0.276920516  
0.2007020952  
0.4507888712  
-0.7908369625  
0.2814661621  
0.3448575762  
0.07488673964  
0.2371125569  
-0.005367195298  
0.16436743  
0.1182576188  
-0.02383265196  
0.1581447135  
0.09704261967  
0.1759660087  
0.5521845985  
-0.1007604558  
-0.64576173  
-0.07729801993  
0.1197101018  
0.08695284713  
0.1883227282  
0.2354042309  
0.2207905969  
0.1238986585  
0.3515235351  
0.2093841951  
0.3603856177  
0.1396465318  
0.1238226556  
0.1739275553  
-0.3164647847  
0.3403964601  
0.596743167  
-0.2443560984  
0.3312373731  
-0.1275870691  
-0.1310500221  
0.115600008  
0.2802555239  
0.2278438946  
0.1888078856  
-0.03197902914  
0.106165155  
0.2839106436  
0.4239322875  
0.1820619208  
0.3243714543  
0.3160631431  
0.3449743773  
0.3114411452  
0.2764728543  
0.1558413695  
0.4310314533  
0.1847531603  
-0.02698330968  
-0.20044746  
0.4923347662  
-0.01494021348  
0.408500237  
0.4602972364  
-0.4171542954  
0.3076445086  
0.2806779474  
0.1585921739  
-0.04373602445  
0.1102836757  
0.05228928426  
-0.1387520734  
0.2298487726  
-1.058884591  
-0.01023226407  
0.1168401612  
0.09522069194  
0.1048492498  
0.02487613758  
-0.1994863485  
-0.05516701062  
-0.01991071503  
-0.2542685585  
0.08368689497  
0.1874110536  
0.42066771  
0.3838757826  
0.09423550547  
0.09282750323  
0.3080288416  
0.1965777229  
0.06938762118  
0.3733687417  
0.1098632053  
0.3432068466  
0.0229702605  
0.3570112267  
0.2926749533  
0.1599326873  
0.2054687085  
0.5733084187  
-0.6076025343  
-0.1934623709  
-0.2321220872  
-0.1033485156  
0.2167438811  
-0.009925888662  
-0.003676240112  
-0.7809199129  
0.08692138928  
-0.7838674465  
-0.01862341763  
-0.6068203884  
0.1679564355  
-0.07151103367  
-0.06760487809  
-0.1260740155  
0.0148314166  
-0.1931067843  
0.06007918558  
0.6043696269  
0.7532704279  
0.2913313043  
0.4497746693  
0.2260967374  
0.21672025  
0.2418545574  
0.1041673967  
0.2072248758  
0.1976239336  
-0.2479227713  
0.1390345874  
-0.10918217  
-7.846612985  
-9.982757417  
-9.298338109  
-3.335240286  
0.3914319741  
-0.3023817055  
0.2775867483  
0.003105958764  
0.1456286735  
-0.5991650629  
0.111908999  
-0.0319491339  
0.5076546686  
0.07956308492  
0.07737880408  
0.2667068352  
0.05690941513  
-0.4829612195  
0.223764854  
0.4147224505  
0.1007591595  
0.3215121516  
0.04356193722  
0.2562824452  
0.1192220384  
0.3423998344  
0.3256551384  
0.2368677529  
0.1767334882  
0.1894385731  
0.3267828793  
-0.01714043209  
0.1972321609  
0.1472361356  
0.6017986278  
-1.043806561  
0.2298128142  
0.266583863  
0.2340238993  
0.396725488  
-0.08015695078  
0.4099100003  
-0.1303676454  
-0.6566182382  
-0.118630198  
0.08194703377  
0.4123066366  
0.4504184074  
0.2994409171  
-0.11989272  
0.116684663  
0.2450262747  
-0.01755615074  
0.07110781654  
0.002349339452  
0.2183496528  
-0.2736010343  
0.1474581901  
-0.07777702654  
0.2400128074  
0.3329592578  
-0.0701073885  
0.02023264232  
0.5302380373  
-0.01789769578  
0.2742000225  
0.07205103822  
0.1877646239  
-0.5891226198  
-1.089362725  
-0.02988068222  
0.6193315199  
0.5296227047  
-0.011220977  
0.1071379341  
0.12629584  
0.2609556995  
0.3725758051  
0.1851559401  
0.5430269986  
0.08035218492  
0.3907921057  
-0.2366570225  
-0.7376205754  
-0.3267603672  
0.4977542227  
0.6793631516  
-0.2074613191  
0.1425069415  
-0.3796375851  
0.5215759783  
0.4777403399  
0.4299882008  
0.9299313024  
0.02404058423  
0.6293209311  
0.1385509589  
0.02645446623  
0.3619100099  
-0.0170544798  
0.0002513789583  
-0.06290618521  
-0.3033169656  
-0.5643368956  
0.2472973807  
0.3607857097  
-0.114750072  
0.122168133  
-0.6801529938  
-0.5337135915  
-0.06528832718  
-0.09562274812  
0.05756513487  
-0.1417417538  
0.2940832626  
-0.01637025649  
0.1321197015  
0.05230799307  
0.3557962269  
-0.2073612977  
0.03517659871  
-0.2527105807  
0.1339659892  
-1.124240896  
-0.5387249605  
-0.1965766054  
0.5322757345  
-0.3039784506  
0.639887632  
0.3638812354  
0.007340398866  
0.3631778078  
0.06812237156  
0.3831820853  
0.7472046778  
0.07236458096  
0.2955808478  
0.3012026378  
-0.3831669722  
-0.5077078945  
0.7436067994  
0.7098728102  
