4968.226846  
4758.652105  
4896.775357  
4836.498296  
4750.423755  
4666.169169  
4536.677156  
4651.936529  
4587.627563  
4592.02557  
4408.628537  
4470.380516  
4478.226085  
4561.467087  
4639.965791  
4674.520953  
4804.034345  
4706.111151  
4561.906702  
4646.384481  
4678.660634  
4583.726079  
4584.842784  
4563.760047  
4469.077996  
4646.025547  
4743.555578  
4829.159032  
4853.474325  
4669.244338  
4726.169949  
4751.569766  
4667.567055  
4803.527988  
4706.023367  
4659.564065  
4615.251623  
4812.23068  
5255.184104  
4657.971822  
4751.045829  
4752.614235  
4829.80846  
4691.377036  
4656.294869  
4682.243699  
4771.366604  
4610.70863  
4532.191042  
4628.500089  
4525.681738  
4565.395953  
4713.644503  
4477.053059  
4590.857796  
4504.949593  
4852.027054  
4721.880932  
4734.829017  
4713.665973  
4584.303433  
4751.354425  
4887.211396  
4656.986658  
4570.321799  
4640.354692  
4653.467418  
4589.423766  
4778.77084  
4503.22099  
4690.01381  
4501.131692  
4822.505624  
4605.054497  
4815.043472  
4814.377548  
4716.551015  
4721.136987  
4625.667521  
4555.014673  
4648.451255  
4783.244161  
4870.891676  
4788.680277  
4745.377984  
4682.265615  
4830.538416  
4724.433896  
4808.62  
4577.009727  
4671.746226  
4672.51855  
4770.60683  
4852.690845  
4876.092415  
4748.465078  
4736.247565  
4751.911769  
4688.867751  
4842.26284  
4373.916421  
4880.540188  
4660.067302  
4713.29968  
4721.68947  
4694.079576  
4686.970684  
4413.598635  
4616.153712  
4586.290704  
4613.905333  
4707.173836  
4625.112943  
4587.923702  
4804.461072  
4714.836402  
4715.975966  
4519.822154  
4773.039926  
4723.558536  
4748.316687  
4732.688509  
4510.791969  
4687.226167  
5703.529728  
5646.262445  
4989.082312  
4750.842924  
4581.475136  
4743.259709  
4635.962156  
4582.907904  
4523.696065  
4653.786888  
4633.907336  
4492.92948  
4670.922849  
4333.32847  
4463.882883  
4493.096022  
4450.215372  
4438.857111  
4759.855852  
4779.738212  
4508.350853  
4675.216766  
4528.321982  
4640.370079  
4594.820922  
4609.439952  
4714.294939  
4581.184228  
4645.229854  
4542.578486  
4679.247985  
4636.507701  
4697.660101  
4820.026914  
4724.959566  
4762.849861  
5181.685689  
5363.225952  
4671.523739  
4603.94419  
4587.723271  
4585.745223  
4843.262093  
4649.321736  
4490.00989  
4521.344351  
4617.096913  
4394.953802  
4728.223232  
4462.495231  
4469.468299  
4650.255967  
4558.04197  
4589.290614  
4690.483822  
4874.298153  
4637.67914  
4563.719187  
4720.114715  
4712.382615  
4726.904745  
4812.786272  
4589.939987  
4532.762632  
4313.270566  
4506.510813  
4345.285316  
4397.801617  
4292.4396  
4247.82476  
4847.237034  
4686.251172  
4789.536027  
4379.538122  
4459.261152  
4341.656558  
4729.36748  
4510.43246  
4454.098594  
4557.66189  
4452.62164  
4568.688558  
4553.670857  
4857.839909  
4728.808925  
4736.914682  
4754.787712  
4689.211148  
4784.248488  
4687.266153  
4710.785419  
4568.486992  
4698.482116  
4742.872719  
4360.337763  
4570.609394  
4598.677646  
4601.143821  
4778.734193  
4696.795003  
4723.634689  
5034.19817  
4751.719784  
4865.436668  
4763.20519  
4695.010213  
4607.745415  
4941.005962  
4734.232028  
4828.78985  
4791.743723  
4578.015401  
4797.771742  
4502.372072  
4618.184169  
4591.47878  
4822.567077  
4505.099314  
4673.007277  
4533.326733  
4685.333443  
4648.164318  
4728.189867  
4456.059886  
4551.551108  
4626.469445  
4712.241458  
4947.57619  
4743.131999  
4694.420174  
4821.671582  
4923.968473  
4526.545086  
4703.298141  
4615.676321  
4566.845  
4409.709811  
4437.503489  
4479.748358  
4373.331819  
4720.854411  
4712.767129  
4818.921507  
4797.420408  
4588.693901  
4672.436899  
4684.57427  
4510.537393  
4573.846759  
4556.097635  
4484.735086  
4750.29987  
4592.047712  
4755.410003  
4767.632434  
4728.599875  
4639.4162  
4399.972422  
4992.229596  
4844.776408  
4711.538173  
4788.007955  
4618.326376  
4665.477346  
4608.814203  
4354.445572  
4551.562582  
4344.22214  
4562.948325  
