-0.9923375773  
-1.171052597  
0.7397309344  
-0.04615523838  
-1.415455985  
1.73574972  
-0.275849468  
-0.9646894047  
-0.830231085  
-1.153353981  
-1.13696052  
-0.9867467186  
-1.060214956  
-0.9655671009  
-0.5002552972  
-1.48897547  
-1.239556709  
-1.144872272  
-0.917890779  
-0.745964671  
-1.036797647  
-1.746021415  
-1.815633259  
-1.277637605  
-1.67817626  
-1.308301231  
-1.34706653  
0.9441569768  
0.6423761234  
-1.017100738  
-0.4161514573  
-1.006714676  
-0.9149469435  
-1.151192185  
-1.081373661  
-0.5736531701  
-1.400488426  
0.8023509384  
0.8888415522  
-1.554367003  
-0.5059473229  
-1.304697465  
-0.5772615638  
-1.535313278  
-0.9609340403  
-0.6582492552  
-0.7525924808  
-1.139728408  
-0.621199228  
-1.64351094  
-0.3096320099  
-1.977406352  
-1.171228853  
-1.83966208  
-0.9292536725  
-1.570454231  
-0.1283613776  
-1.174386114  
-1.00056517  
-1.05409911  
-0.7743647972  
-1.991229801  
0.6796375768  
-1.386047034  
1.341693943  
1.754178024  
-1.316503266  
0.6390641772  
-0.4312493139  
-1.021615268  
-0.5552117902  
-1.837625903  
1.018268713  
1.512112026  
-1.662881845  
-0.06050940797  
-0.8659106742  
-0.7890010537  
-0.6618968441  
-0.5559336847  
-0.6474277565  
-0.05104406324  
-0.9569645369  
-0.3383408127  
-1.034832277  
0.7884336869  
0.181956583  
-0.6118309831  
0.05805663345  
-1.046913621  
-0.6437287392  
-0.6375140143  
0.1774744631  
0.01120569199  
-0.2096965178  
-0.3150314668  
-0.4207075726  
-0.7918253229  
-0.487540439  
-0.6373950337  
-0.4407071185  
-0.2439744966  
-0.02614131471  
-1.540402473  
-0.3404098639  
-0.8849308305  
-0.2798234715  
-0.7197000465  
0.4315513226  
-0.5533978186  
-0.5035836968  
-0.7872184329  
-0.3339748974  
0.4346002213  
0.2154923625  
0.1025152202  
0.1733917891  
0.6685387484  
0.3668945119  
1.031731993  
-0.3704353824  
0.6212508586  
0.1708926935  
1.332461764  
4.837177948  
1.863919749  
1.333898974  
2.344414905  
-0.6306238048  
0.5016695271  
-0.1123539629  
-0.1452940871  
-0.6038154427  
0.8957043894  
0.4146674427  
-0.4848323373  
0.7067536336  
0.7413251938  
-0.2605134525  
-0.0161196167  
-0.2568197064  
-0.1388975777  
1.091781463  
0.8489410131  
0.05554671643  
-0.2084041878  
0.7095015301  
-0.4658311444  
0.008449217055  
-0.422441266  
0.03042355481  
-0.4083035124  
0.4086415926  
0.3294277926  
0.03336188091  
0.3705722748  
0.4319334261  
-0.4046316126  
0.08746501037  
-0.9842092001  
3.906865977  
4.192781262  
0.2030138541  
0.8380943087  
-0.1649643192  
0.936251565  
-0.1912734732  
0.5716303364  
-0.6860957236  
0.589008432  
0.3836815276  
0.1279768218  
0.1030945587  
0.2863539661  
0.140676101  
0.4851270489  
-0.6023049065  
1.278488893  
-0.5188671986  
1.406530949  
-0.105933078  
0.004635383259  
0.4949460424  
0.04135801224  
0.1018682751  
1.486608698  
0.6683470501  
-0.1474211717  
0.1824032582  
0.6999915552  
1.582561656  
-0.3373448245  
1.397866125  
-0.2753343751  
2.02816461  
1.449577871  
-0.01169996634  
0.1303893536  
-0.5462722675  
-0.3919272135  
1.228244616  
1.017175986  
-1.239495993  
0.7596851984  
0.122524113  
1.787734729  
2.958931522  
2.035422547  
0.06769360546  
-0.1164460227  
0.3146470141  
1.115573814  
0.005969349118  
0.04538304197  
0.12023606  
-0.03326395182  
0.6115273485  
1.229784906  
-0.2774511251  
-0.2538236355  
0.727362194  
-0.07957865758  
-0.2339947893  
-0.2619626464  
1.673252778  
1.904195763  
-0.2333269424  
-0.1345287754  
-0.1104467961  
0.3922032513  
0.789536559  
1.602113905  
3.115955437  
2.955847533  
0.7548590911  
1.395655137  
1.247163406  
-0.731740029  
0.9322856187  
0.7147427234  
-0.3530910098  
-0.4598675667  
0.0394153411  
0.007864348742  
-0.05206092857  
0.8822151456  
-0.0001413924233  
0.5093187809  
-0.3120385271  
1.367152331  
1.671147723  
-0.2977115097  
0.4176162325  
0.1783530408  
1.192112112  
0.6253541503  
-0.3171912921  
0.08452080391  
0.3257023946  
0.1978357207  
0.1767975216  
-0.5043120521  
-0.4573828456  
-0.3890259518  
0.5153670601  
0.7426981896  
-0.990389839  
0.07413113433  
-0.6224005602  
0.4184164922  
-0.25249157  
-0.3561520107  
-0.5176428271  
0.06469469086  
-0.4175314182  
0.934824787  
0.03401030594  
0.2568840023  
0.03466128988  
-0.1715792696  
-0.09123467612  
-0.09674900835  
0.7097498677  
0.121436069  
-0.04697974964  
-0.1191803341  
-0.4799361367  
-0.002934571283  
0.9888013257  
0.06723660616  
0.5129816957  
-0.382545642  
-0.1046182271  
