8169.326167  
7754.004654  
7743.364044  
7620.214493  
7701.10509  
7188.998899  
7648.81111  
7844.040969  
7678.167631  
7763.207557  
7688.864865  
7845.445447  
7889.860038  
7856.935351  
8149.08377  
7923.040509  
7910.966474  
8015.598692  
7538.719596  
7638.293714  
7768.809945  
7947.356725  
8066.328206  
7876.73321  
7997.087573  
8100.709689  
7598.038792  
7874.4177  
7984.414548  
7583.143979  
7474.154168  
7643.833071  
7774.326624  
7773.622509  
7932.287544  
7847.931217  
8160.500717  
7924.271643  
7775.129037  
7329.620292  
7860.007109  
7846.596809  
7813.08774  
8045.711579  
8148.117945  
7917.458173  
7932.295284  
8213.610019  
8144.928776  
8024.974175  
8072.430741  
7648.199057  
7415.396167  
7774.406207  
7385.918294  
7894.763753  
7803.835396  
7650.149808  
7721.835162  
7794.179448  
7807.29662  
7994.235215  
8174.100976  
7953.70807  
8092.762144  
8377.312249  
8221.239081  
8113.428611  
8022.582772  
8114.922839  
8134.433902  
8104.767993  
8136.930957  
8012.264113  
7795.608871  
8000.583782  
7687.909833  
7968.204981  
8005.280754  
7785.925583  
7732.658991  
8013.382996  
8029.296297  
7984.455002  
8064.541595  
7915.258809  
7702.648968  
7739.345437  
7889.464087  
7949.436325  
7930.893477  
7963.052359  
7990.008539  
8105.231992  
7797.930155  
7688.634756  
7960.535287  
8063.061164  
8310.498129  
8239.158102  
8174.976937  
8072.004058  
8139.251852  
7836.761982  
7940.773859  
8021.769998  
8202.24562  
8177.463318  
8245.549836  
8141.501274  
8131.958399  
7961.184333  
7998.342189  
8099.47392  
8072.696147  
8171.13792  
8075.780766  
8236.386608  
8170.83868  
8270.572273  
8390.271547  
8292.433864  
8598.805898  
8553.334112  
8514.086731  
8430.612886  
8288.930721  
8318.954595  
8187.609921  
8143.515707  
8271.482066  
8187.285236  
8227.462666  
8396.308009  
8221.91705  
8285.872872  
8211.666467  
8316.797949  
8206.982262  
8054.237635  
8118.248409  
8152.414289  
8076.755818  
8150.742306  
8149.389871  
8237.567373  
8216.675547  
8150.980508  
8285.743815  
8223.8609  
8225.898792  
8330.929464  
8274.83238  
8308.282526  
8221.982474  
8127.507801  
8093.515933  
8112.711064  
8016.696255  
8135.2313  
8022.66758  
8199.550017  
8156.481797  
8184.068547  
8137.66905  
8136.231948  
8042.825995  
8038.635361  
8087.966165  
8090.211259  
8224.180714  
8186.618124  
8120.651791  
8168.488104  
8162.771167  
8149.838594  
8163.813093  
8190.739056  
8246.803805  
8302.277605  
8210.211893  
8262.735147  
8232.079239  
8426.670945  
8349.647352  
8402.174199  
7575.624837  
7477.055409  
7512.321893  
7775.036326  
7765.652586  
7192.723658  
7211.942613  
7521.961858  
7289.850672  
7630.371599  
7495.258966  
7595.62352  
7447.523462  
7350.473479  
7023.278366  
6972.881101  
7474.49463  
7539.643593  
7342.828985  
7488.530746  
7395.868111  
7571.02458  
7351.843188  
7067.967807  
7574.348192  
7332.050583  
7398.294587  
7407.566501  
7686.349416  
7553.630795  
7445.914063  
7082.568337  
7509.687675  
7286.81765  
7261.05292  
7493.202442  
7356.666238  
7446.613258  
7390.203898  
7555.676384  
7501.45941  
7360.806686  
7407.525256  
7453.134177  
7412.199855  
7283.190148  
7399.929553  
7508.253483  
7516.992753  
7283.192034  
7447.37365  
7391.15914  
7435.471928  
7280.964148  
7595.311734  
7298.052951  
7499.902096  
7519.593041  
7483.735621  
7432.72401  
7541.948704  
7473.202445  
7583.794355  
7454.538948  
7559.446276  
7304.574391  
7691.581578  
7601.583671  
7586.979258  
7494.70156  
7448.376094  
7485.090834  
7419.452018  
7629.747142  
7284.90804  
7493.513311  
7543.870649  
7414.518738  
7442.271328  
7142.712995  
7619.287215  
7272.205293  
6778.392421  
7038.570103  
7495.368287  
7223.874813  
6942.827285  
7388.246717  
7243.662623  
7503.94363  
7484.256094  
7657.174321  
6619.991382  
7113.815074  
7397.707683  
6880.910489  
7808.047593  
7310.090021  
7684.580142  
7561.733339  
7451.881417  
7219.598338  
7530.427604  
7350.270716  
7256.735101  
7405.199356  
7738.796303  
