9064.702304  
8496.913707  
8619.281175  
8435.374105  
8604.278707  
8364.471295  
8520.572606  
8842.845126  
8815.652504  
8727.519859  
8670.321812  
8529.055228  
8762.343914  
8905.496955  
9100.947532  
9094.705965  
8970.921899  
9110.067502  
8451.642567  
8675.930881  
8897.061807  
8945.102705  
8976.400662  
8902.792845  
8864.527799  
8915.902442  
8526.207257  
8458.320491  
9033.753043  
8556.21371  
8307.826529  
8684.766768  
8924.332452  
8958.922482  
9087.86637  
8890.032243  
9069.607677  
8650.293484  
8385.901024  
8316.306618  
9019.803472  
8982.766967  
8821.005438  
9079.54131  
9012.345706  
8990.46983  
8929.993647  
8962.673953  
8944.497529  
8671.679715  
8690.911187  
8421.950639  
8400.649425  
8726.779783  
8413.000623  
8957.496813  
8986.991936  
8525.524506  
8776.951153  
8903.997065  
8985.350087  
9095.779613  
9064.633907  
8943.422372  
8973.281428  
9129.818766  
9007.703134  
9075.468949  
8975.931969  
9256.25363  
9204.782893  
9252.570569  
9300.024537  
9140.371535  
8277.400114  
8603.777444  
8758.356316  
8896.460013  
8798.008021  
8650.356962  
8840.161253  
8998.90187  
9126.656613  
8948.601828  
9007.260694  
8594.840365  
8667.313724  
8875.820674  
8944.803796  
8988.375938  
9022.432234  
9247.306426  
9097.580949  
9223.5994  
8636.135884  
8639.48654  
9068.023038  
9184.887102  
9127.837726  
8957.198506  
8943.345704  
9014.437422  
9412.652976  
8881.702925  
8911.464689  
9156.189773  
9276.362347  
9347.075931  
9142.136476  
9066.498883  
8998.432354  
9030.871099  
9105.258232  
9111.186519  
9095.816822  
9156.64332  
9086.767252  
9180.781937  
9203.051805  
9312.639067  
9525.865409  
9475.237472  
9651.021687  
9628.051332  
9656.913715  
9569.517106  
9394.113131  
9345.302041  
9200.716378  
9157.396904  
9213.008603  
9123.249547  
9105.75724  
9214.509801  
9117.120152  
9307.938863  
9188.226888  
9335.827439  
9341.548174  
9189.555482  
9388.768674  
9360.349232  
9160.62212  
9008.94657  
8860.70072  
8998.265855  
8972.206521  
9020.316758  
9222.828916  
9278.54574  
9237.056189  
9415.972833  
9366.936456  
9394.775751  
9312.544117  
9135.570059  
9088.488277  
9030.729502  
8996.421936  
9118.15943  
9030.416014  
9079.9125  
9152.871349  
9062.494649  
9029.876346  
9051.89618  
9002.260481  
9001.688754  
9064.030332  
9038.545795  
9087.573804  
9113.201373  
9099.554108  
9245.783347  
9133.281968  
9095.993462  
9110.25897  
9118.705967  
9314.916216  
9442.735793  
9376.988059  
9512.908501  
9447.200897  
9640.733865  
9511.985275  
9555.335235  
8467.607741  
8341.014587  
8282.433942  
8395.141903  
8314.805183  
7851.901236  
7943.157656  
8284.778684  
8091.177363  
8210.512704  
8066.075  
8205.704038  
8104.478308  
7801.266833  
7555.586171  
7535.747079  
8057.125871  
8020.521183  
7918.842154  
7863.976801  
7956.01422  
8040.898797  
7875.70396  
7787.319996  
7943.52236  
7868.143034  
7930.52443  
7873.63426  
8178.843138  
7975.355343  
8030.547791  
7790.692998  
7901.1939  
7876.880575  
7783.39441  
8021.325136  
7835.370589  
7942.114586  
7828.853105  
7929.301112  
8020.435106  
7881.606115  
8021.85178  
7956.41474  
7907.874223  
7776.653275  
7965.133427  
7946.715239  
7956.836178  
7833.454323  
7877.992086  
7787.231754  
7928.193153  
7844.121338  
8032.113401  
7874.823055  
7983.012365  
7958.768555  
7985.808855  
7904.937339  
7968.924845  
8024.659518  
8024.088283  
7936.033841  
7986.260502  
7797.745147  
7986.632725  
7958.202714  
7945.512196  
7920.323502  
7877.883374  
8012.089744  
7900.744245  
7874.822441  
7823.933599  
7879.376398  
7867.865337  
7795.891153  
7756.606807  
7672.044947  
7897.140335  
7688.299676  
7450.532086  
7771.601656  
7905.29576  
7679.526737  
7576.557223  
7810.755837  
7660.518359  
7873.924201  
7707.520654  
7931.020364  
7259.257182  
8228.54352  
8127.113517  
7526.585506  
8474.735326  
7702.548752  
8088.740829  
8177.219128  
8048.981825  
7896.486896  
8091.67176  
7979.896435  
7889.995197  
8062.724172  
8233.192706  
