4.028967936  
0.8997571939  
0.2576592763  
1.722818958  
0.1674405783  
0.465122417  
0.5561799226  
0.7625712297  
0.268889396  
0.6869522051  
0.1351942332  
0.5510680644  
-0.1824309182  
1.555679105  
-0.2356936321  
0.3860904983  
1.107252614  
-0.3206729277  
0.09115948393  
0.5951809741  
0.1254600093  
0.378397052  
-0.1505687938  
0.9315780111  
0.1710658139  
-0.3947765817  
0.3967019855  
0.9226293545  
3.123236093  
0.4755028958  
0.3628445985  
1.146997769  
0.2851246525  
0.2486234137  
0.7841888078  
0.8690415587  
0.2732312884  
-0.216428204  
2.979065568  
-0.09910095277  
0.5098977716  
-0.8233231954  
-0.005204746346  
0.7543335507  
0.3598452902  
3.621074457  
-0.740040502  
-0.6671088061  
-0.1058371818  
-0.700725513  
-0.5422300352  
0.1144084539  
-0.5234674524  
2.593108305  
-0.2642732296  
-0.3125586616  
-0.8818240873  
-0.2252183984  
-0.2877452573  
-1.026417946  
0.7940660247  
-0.4795783817  
1.482190937  
0.4929193796  
-0.3269370895  
-0.2010981369  
-0.0555075445  
-0.7553366441  
-0.2212285559  
-0.6991494613  
0.4927405897  
0.01607008979  
0.3181337428  
-0.2420134087  
0.2521286574  
0.7209977464  
-0.2181504735  
-0.08843220357  
0.5617853601  
-0.2219602078  
0.5437420725  
-0.4171934498  
0.7477151859  
-0.1070036912  
0.2067835936  
3.145308526  
0.04627717594  
0.3003501542  
0.3070186039  
-0.06056289124  
0.9905004431  
1.209794227  
-0.9473612324  
-0.1855772869  
1.111969959  
0.3571365403  
0.4915179816  
0.666496915  
0.2279828082  
2.12642117  
0.04859715836  
-0.4299225454  
0.3672141427  
0.6747567531  
-0.1903529203  
1.320811951  
2.819622002  
0.1463999881  
-0.06722161441  
0.172928442  
-0.8573048013  
0.3849095206  
-0.2628887603  
-0.3041917233  
-1.518286974  
0.0422004019  
0.2669793571  
1.256319845  
-0.0763549186  
-0.1581632905  
-1.152779654  
-0.2462107122  
0.3151475841  
0.02783928824  
-0.6976840206  
-0.6376746029  
-0.3869473405  
-0.447465416  
0.3806040811  
-0.4578226583  
-0.790483201  
0.1817471308  
0.6501023977  
6.3783189  
-0.05046313978  
0.57812318  
-0.07000922088  
-0.69934462  
0.822905943  
-0.4319266043  
-0.9907038024  
0.09159786344  
-0.7474493367  
-0.1295256117  
-0.4379198674  
0.3603970481  
-0.5325595342  
-0.4343606144  
-0.5472208463  
-0.5131928271  
1.319802637  
-0.449623227  
-0.5069147514  
0.225173688  
-0.9233213073  
-0.3914180135  
-0.9369901029  
0.4738434224  
3.152639182  
-1.021295713  
-1.180528779  
-0.620274965  
-0.4062634608  
1.2610855  
-0.1139618587  
-0.8391397248  
-1.360815021  
-0.8888402719  
0.005005819191  
0.7755578997  
-0.9322044934  
0.1644731512  
-0.5946044311  
-1.283175656  
-0.06640607133  
-0.1651258988  
-0.4906920556  
-0.1288021537  
1.192994577  
0.1623468177  
-0.03659127757  
-0.1716011808  
0.6187050881  
0.6853637139  
0.2569051874  
-0.2867009095  
-0.7459643709  
-0.165710114  
-0.01242248387  
-0.7773369341  
0.9190664789  
-0.5356885789  
-0.7082125323  
-0.5993340288  
-0.5640732926  
2.898846158  
-0.3394474162  
-1.142485021  
-0.08486855345  
-1.246375116  
-1.129980614  
-0.3015844194  
-1.305105699  
-0.9785365477  
-1.310701205  
0.101616777  
-1.031892026  
0.002850116909  
3.804318225  
2.459398193  
0.8136109004  
-1.191174506  
0.1635111915  
0.6550446732  
0.1453086458  
-0.578684023  
-0.01704862216  
0.05790250592  
-0.6273470634  
-0.3926379398  
-0.430979095  
0.3203799258  
0.2476363571  
-1.721436315  
-0.494576132  
-0.8106038836  
-0.4371096401  
-0.1142433443  
1.276966499  
-0.7515071921  
-0.1847004754  
-0.6447022923  
0.2018565406  
-0.230155205  
-1.227822759  
-0.3082310592  
-0.7410200415  
-0.5629975787  
1.806479268  
-0.8924848567  
-0.4252031835  
0.1420061342  
-0.03618911403  
1.595309596  
-0.8606614798  
-0.4498009303  
-0.6209130267  
-1.240447319  
-0.267632574  
-0.05429317514  
-0.1562740062  
-0.4013586064  
-0.8602478627  
-0.5103154302  
0.3111886632  
-0.7779636682  
-0.3181238997  
-1.103581678  
-0.7621195908  
-0.9136831775  
-1.180453623  
-1.210249864  
-0.8620861849  
-0.115893892  
-0.2069236561  
-1.111341269  
-1.323310597  
-1.225880877  
0.6344775899  
-0.643287865  
-1.536887401  
-1.564667745  
-1.69430993  
-0.4535437573  
-1.267311178  
-0.4351994131  
-0.1166675951  
-1.523677165  
-0.7688944104  
-0.427871862  
-0.5561928505  
0.1542072153  
-0.1954429171  
-0.01846640675  
-0.6181797989  
0.244658803  
-0.4831524172  
-0.1055858785  
-0.1827301028  
-1.414367348  
-0.8366238142  
0.2189029911  
-0.8597020781  
