5559.581516  
5376.983434  
5448.833119  
5495.883283  
5393.660818  
5367.807187  
5307.764791  
5353.324675  
5362.719742  
5346.28031  
5354.069707  
5371.63635  
5304.031143  
5393.69414  
5367.638276  
5319.338911  
5342.281734  
5318.34522  
5329.958978  
5300.950331  
5380.861311  
5351.439458  
5315.772643  
5398.40606  
5308.660121  
5326.492715  
5356.143908  
5369.721328  
5403.575218  
5328.53951  
5392.734182  
5386.230146  
5321.132988  
5365.503651  
5339.083674  
5410.282768  
5349.144819  
5314.852668  
5373.899413  
5293.440073  
5323.939367  
5328.573703  
5338.131951  
5365.788456  
5359.72553  
5409.808834  
5289.772401  
5290.594516  
5287.384298  
5314.448269  
5304.619167  
5325.825468  
5326.944346  
5321.288499  
5323.047159  
5323.24889  
5264.670938  
5387.597306  
5284.766064  
5329.449408  
5333.323497  
5323.104963  
5368.223259  
5260.689276  
5357.697124  
5307.483019  
5267.877502  
5202.522952  
5248.857324  
5282.967139  
5325.626788  
5304.448666  
5327.570661  
5302.280894  
5301.030872  
5328.564438  
5358.073063  
5306.502506  
5341.317737  
5341.974884  
5360.89228  
5307.736081  
5360.877259  
5292.449999  
5332.782407  
5397.49981  
5337.707902  
5341.708587  
5323.475981  
5300.186435  
5332.61315  
5350.28466  
5292.589338  
5254.125921  
5340.833587  
5398.33548  
5397.284779  
5375.615501  
5357.315769  
5412.095981  
5298.518573  
5404.469373  
5304.820565  
5305.385327  
5347.701791  
5332.303474  
5363.867535  
5293.674924  
5354.60988  
5342.996389  
5299.89052  
5288.605562  
5372.912574  
5306.921398  
5273.168645  
5303.595832  
5280.982572  
5441.888899  
5392.153449  
5311.948945  
5394.183921  
5293.825341  
5305.820566  
5298.651392  
5329.476737  
5342.139754  
5314.605735  
5309.905517  
5356.35736  
5336.554692  
5385.272518  
5375.59346  
5431.03225  
5440.495762  
5353.088727  
5383.293395  
5273.885237  
5333.955665  
5346.851071  
5320.772546  
5265.853287  
5340.848378  
5371.708539  
5344.557341  
5378.552619  
5326.492966  
5360.447862  
5336.235101  
5307.174932  
5383.565745  
5364.714428  
5260.912757  
5287.782983  
5362.867676  
5318.322461  
5261.09266  
5258.044478  
5314.441397  
5356.521079  
5234.893565  
5235.905982  
5292.228076  
5349.62277  
5387.291952  
5340.225008  
5292.233903  
5249.202218  
5336.865362  
5284.819134  
5321.71733  
5273.578188  
5280.01353  
5316.722726  
5306.710485  
5317.854739  
5310.961749  
5356.597564  
5298.8265  
5383.778182  
5330.443975  
5352.89276  
5342.413097  
5276.910568  
5367.592174  
5343.215736  
5319.734414  
5335.90544  
5325.762223  
5321.182707  
5351.61699  
5330.359164  
5343.064758  
5355.172366  
5261.245375  
5331.278249  
5451.200494  
5266.705512  
5369.904408  
5316.383286  
5334.238003  
5357.856492  
5366.88797  
5368.340665  
5310.49686  
5312.846329  
5304.387509  
5339.68647  
5380.465715  
5481.007027  
5361.941716  
5475.968995  
5360.280146  
5304.374322  
5347.838317  
5370.552483  
5358.676865  
5354.544561  
5393.999444  
5385.872189  
5406.00837  
5367.61653  
5356.021375  
5385.668069  
5256.831229  
5262.810489  
5374.845471  
5276.469686  
5308.777069  
5384.568247  
5385.910692  
5384.661789  
5294.580081  
5359.812144  
5324.421578  
5374.045978  
5355.113813  
5337.418627  
5328.539261  
5489.995589  
5417.506553  
5354.254329  
5356.445002  
5378.661897  
5402.791534  
5329.743381  
5346.840954  
5230.111951  
5271.028932  
5298.540988  
5346.597626  
5351.381057  
5262.682952  
5331.17216  
5294.913003  
5382.289332  
5356.775016  
5363.233388  
5386.095273  
5344.290025  
5356.296908  
5390.076332  
5317.038307  
5352.394982  
5295.13137  
5478.368073  
5326.998787  
5306.828214  
5289.331378  
5407.618722  
5325.955658  
5298.122799  
5304.113838  
5315.5214  
5354.854823  
5276.663728  
5398.742793  
5362.347225  
5245.95464  
5359.959069  
5373.866917  
5324.508898  
5367.777476  
5273.629821  
5298.881808  
5366.110067  
5343.092678  
5319.334096  
5253.749322  
5371.994065  
5285.112995  
5306.218184  
5329.258534  
5298.459507  
