0.9642448284  
-0.04041142818  
-1.227770218  
0.1457210327  
2.05330385  
0.4400743147  
1.417691912  
0.1777952797  
-0.3933872596  
0.009236055938  
-0.7344759788  
-0.5697105337  
-1.622831019  
0.193837821  
1.29067323  
-0.3243049903  
-0.8232743602  
-2.04691709  
3.019552133  
0.9832239554  
0.216653616  
-0.09525980079  
-1.27179347  
-0.4355390148  
-0.2709722574  
1.653792831  
-0.03572538511  
-0.1736332049  
2.063625244  
-0.1653554825  
-0.07540807701  
1.389041423  
-0.7849298487  
0.2854428673  
1.448841158  
-3.341422514  
-1.262788803  
-0.1798493073  
0.5106729006  
-1.067170154  
0.2869593054  
-0.9431952058  
-0.3295311349  
-0.9594511109  
-0.2430605117  
-1.281520592  
-0.4991755667  
-1.22074565  
-1.19142985  
-0.2149912462  
0.4968490519  
-0.3486456072  
0.8048397002  
-0.5016434255  
-0.3117432223  
-0.9210304016  
-0.9416300165  
-0.9454787649  
-0.7020335459  
-0.6961859036  
-0.209663879  
-0.613425541  
-1.005979073  
-0.3987101423  
1.568621788  
-0.5955834842  
0.02767764906  
-0.08133522104  
1.453919663  
-0.8880925655  
-0.4743874168  
-1.198110569  
-0.5553608137  
0.3394162971  
2.13659965  
-1.284562984  
-0.50709627  
-1.25853815  
0.7288899164  
-0.5266852295  
0.1912446542  
0.07024997928  
-0.3860960557  
0.7141552244  
-0.1192681463  
-0.3549467047  
0.00660023683  
0.3453432081  
-0.4303484885  
0.3671045388  
0.650573643  
0.4399810109  
2.256945122  
-0.3280780456  
0.02678187564  
-0.6988843393  
0.2354264079  
-1.117596482  
0.1535862714  
0.776397722  
-0.6977681624  
1.164393549  
-1.086065978  
0.5544836756  
0.1038464085  
-0.03306545987  
-0.5840096649  
-0.07910387281  
-0.4836707738  
1.03727254  
2.550652564  
-1.248828293  
-0.1529961786  
-0.1863088564  
-0.6590245646  
-0.458458813  
-0.5051685214  
-0.6692652258  
-0.03058092162  
2.229011129  
0.5480395964  
-0.1859567871  
1.15557951  
-0.5965983286  
0.1739790693  
3.797947754  
0.3064463203  
-0.0826681353  
-0.6004464845  
-0.2637590123  
-0.4928110136  
0.0516712405  
-0.8013789768  
0.3627894304  
-0.1521239404  
-0.3524288044  
0.5655822729  
-0.2567632623  
-0.6255324655  
-0.4237611152  
-0.7600166929  
0.4817381599  
2.63534124  
2.175405793  
0.1645682205  
0.4327404921  
-0.5394406846  
0.9026304414  
2.498216056  
0.1662022204  
0.4706283279  
0.4594994449  
0.1099760094  
-0.328921418  
0.4094601026  
-0.3875611989  
-0.2148445689  
-0.510893024  
0.2589629817  
2.053113689  
-0.1071687411  
0.1485763681  
-0.4700520437  
-0.2320775721  
-0.4817987035  
-0.750899579  
-0.1352550299  
-0.2992301461  
-0.4799022855  
-0.359322544  
-0.4056155822  
-0.5555385042  
-0.5801520696  
-0.4120793588  
-0.3714684651  
-1.093008566  
-0.4075005711  
-1.226853444  
-0.243843751  
-0.8668264866  
-0.06150523566  
-0.6617525805  
0.4755975985  
-0.6021674654  
0.2392786926  
1.377371767  
-0.6303055138  
-0.9675931835  
-0.2141810594  
-0.9568025166  
1.149363454  
0.4581653178  
0.6055905475  
0.2740031829  
-0.1017670889  
0.01779956714  
-0.2364153286  
0.703151541  
1.434150666  
-0.5125739348  
0.8564026682  
0.5072769121  
-0.1432323349  
1.087949174  
-0.4993482047  
1.009290416  
3.650386409  
1.092716139  
-0.4556000229  
0.1990328424  
0.07501157835  
-0.479322592  
-0.4889553143  
-0.2298987532  
-0.3323195817  
-0.4495577155  
-0.9345973028  
-0.2368613514  
0.2384692688  
-0.176880257  
-0.3441287361  
-0.2577101952  
0.06856856823  
-0.127327291  
-0.1240473957  
2.514123939  
1.082289503  
0.4760655773  
0.2698990482  
0.07506065986  
-0.7695351576  
0.4861929665  
-0.6274678257  
-0.1738472413  
-0.2678282996  
0.5373368115  
0.1686401086  
-0.2001652965  
-0.1798118242  
0.02586240906  
0.1462815533  
0.1688598558  
0.2492585934  
0.4732801008  
0.4807239738  
-0.3221469112  
-0.3169161535  
1.666271014  
0.2907968388  
1.820997933  
0.8139046231  
0.001635545242  
-0.245017458  
-0.5243855435  
0.4829607142  
0.5612684118  
-0.8999503765  
0.2501665772  
0.1230754891  
-1.415408713  
-1.236043093  
-1.029016481  
-2.012627531  
-1.122722249  
-1.713182746  
-0.8737383332  
-1.025024298  
-0.127472939  
-1.645989283  
-1.288286285  
-1.173526152  
-0.08583080061  
-0.4513007924  
0.1183208136  
-1.015040111  
-0.4264359787  
-1.370609148  
0.7311993227  
2.778810028  
-1.678409352  
0.3400363395  
1.242201681  
-1.62081428  
-0.636946042  
-0.6673234309  
-0.2701971703  
-1.114492001  
-0.1867765124  
0.6593394782  
3.252825707  
4.314479311  
0.3765081077  
2.286531638  
