7589.361873  
7367.155868  
7152.664232  
7250.08481  
7228.825379  
7179.783377  
7176.42356  
7297.032257  
7070.836897  
7186.192394  
7088.380905  
7150.671773  
6970.568128  
7170.150959  
7130.174904  
7288.66031  
6631.056264  
6499.586801  
7521.627255  
6842.519729  
7010.58019  
6929.336107  
6964.602757  
6980.413837  
7017.872579  
7101.264703  
7014.121429  
6948.924342  
7161.950263  
6967.345517  
7048.218338  
7177.798335  
6915.114322  
7193.32654  
6960.025405  
6923.731289  
6940.113652  
6930.676165  
7099.103055  
6903.931952  
7022.06219  
6849.075036  
7107.912212  
6884.880831  
7105.62833  
6875.455851  
7045.071845  
6997.40476  
6973.41147  
7014.827539  
6988.484185  
6992.184902  
6961.65435  
7032.127841  
7024.333844  
6996.118315  
7005.113046  
6992.056482  
7116.801857  
7004.158058  
7141.418759  
7080.11487  
7055.520725  
7034.37047  
7042.795087  
6958.400737  
7104.971146  
7059.907239  
7146.278141  
7021.371038  
7057.211751  
6931.656443  
7014.303622  
7073.34186  
7191.361511  
6992.000779  
7040.522952  
7011.533889  
7188.374366  
7009.710136  
7145.498849  
6989.031818  
7056.085908  
7147.919304  
7176.505243  
6978.940209  
6983.629734  
7246.05356  
7084.613857  
7111.946182  
7187.810673  
7164.453382  
7170.105296  
7198.568133  
7147.876775  
7111.721628  
7231.689188  
7115.691236  
7182.021801  
7171.362352  
7084.017642  
7181.75342  
7131.917794  
7155.726155  
7179.814861  
7123.783076  
7061.978608  
7184.603428  
7127.166392  
7205.355235  
7283.267086  
6979.063449  
7054.345392  
7151.597578  
7059.774826  
7166.186215  
7099.89772  
7125.752563  
7160.6326  
7201.524138  
7142.40275  
7164.621672  
7197.81692  
7080.191344  
7094.630267  
7186.543704  
7191.615842  
7038.287113  
7215.974014  
7182.211895  
7124.361921  
7188.955247  
7172.144698  
7243.185944  
7194.277826  
7165.31883  
7286.898791  
7164.63447  
7129.346472  
7202.591007  
7139.662058  
7202.344994  
7352.708606  
7216.829586  
7153.473092  
7282.641141  
7201.476544  
7405.509075  
7171.978253  
7221.610348  
7200.41959  
7159.78613  
7172.165733  
7158.723984  
7226.743527  
7166.772315  
7193.754028  
7176.696547  
7234.969548  
7254.418727  
7227.524616  
7153.285796  
7061.371279  
7169.853993  
7218.022495  
7139.330407  
7233.418614  
7229.702759  
7207.311249  
7294.651533  
7240.399108  
7165.637449  
7182.915084  
7143.50342  
7158.07754  
7123.865461  
7158.562631  
7062.796054  
7187.592569  
7124.403794  
7227.421893  
7105.191315  
7181.521015  
7087.575872  
7154.101561  
7104.024852  
7157.786325  
7044.094164  
7253.167269  
7017.246463  
7308.789881  
7150.992487  
7153.645803  
7195.446517  
7168.104858  
7243.13576  
7279.070906  
7245.571167  
7315.281237  
7196.574609  
7209.282667  
7258.787947  
7195.962356  
7230.973156  
7181.959625  
7290.451881  
7307.729575  
7293.383567  
7182.820157  
7257.616461  
7167.015666  
7187.872382  
7158.690658  
7165.237126  
7225.861618  
7202.989129  
7162.716254  
7161.336208  
7158.773067  
7141.71161  
7292.373151  
7254.656595  
7252.525079  
7226.420106  
7166.126443  
7106.525865  
7239.753314  
7269.858754  
7201.003915  
7162.124572  
7063.646099  
7299.495802  
7098.103698  
7247.411393  
7136.676093  
7274.331399  
7206.386328  
7264.517164  
7161.57433  
7301.015179  
7263.059065  
7310.043044  
7132.479879  
7194.575536  
7233.832008  
7297.859673  
7035.730138  
7258.453942  
7257.149168  
7154.776538  
7269.572019  
7234.918589  
7276.059842  
7195.174268  
7253.375729  
7271.188365  
7112.354272  
7035.826366  
7254.1414  
6897.898124  
7029.828543  
6953.589043  
7078.658304  
6984.825449  
6996.049914  
7140.396356  
7018.556803  
7160.236505  
6937.152336  
7037.870648  
7055.254472  
7112.419343  
6945.051128  
7064.181594  
7116.382366  
7093.532977  
7028.056064  
7132.055912  
7203.829281  
6964.90529  
7227.550738  
7264.136753  
7012.369298  
7047.062362  
7018.198873  
7093.955731  
7083.570046  
7111.094273  
6921.865259  
7086.9379  
7305.112224  
7141.143927  
7180.348908  
