-0.9070696527  
-1.403183579  
-0.9714780686  
-1.240834449  
-0.6434495479  
-0.846638179  
-0.540888047  
-1.044138166  
-0.8988316317  
0.8298614447  
-1.497632672  
-0.7851909254  
-1.215384579  
-1.422673635  
-0.6019561417  
-0.2848136389  
-0.91665241  
0.4760733196  
0.6616640808  
-1.558542345  
-0.2860266536  
1.876899531  
-1.126980095  
0.04809832986  
1.074610919  
-1.279232261  
-0.9978228885  
-0.9417362822  
-0.7960669676  
-1.498913886  
-1.102577976  
-0.2770122839  
-0.7993990751  
-0.9468953642  
-0.1561184192  
2.967126348  
0.09935585041  
-0.7745851194  
-0.8986325589  
-0.9593312912  
-0.7686514084  
-1.060780886  
-0.9328786774  
-0.3003517766  
0.2900808664  
1.702329173  
-0.2058908451  
-0.8552268161  
0.02063305756  
-0.6514352185  
-0.9176165153  
-1.114124071  
-0.441028353  
1.26630656  
-0.845565631  
0.2493775202  
-0.2377902208  
-0.5255634002  
-0.4547629618  
-0.9124290168  
0.1770743023  
-0.3302085633  
-0.1661524829  
-0.7834888977  
-0.264838912  
0.1331352375  
0.2555486015  
-0.9137392351  
-1.000779234  
-1.121769458  
-0.5812085568  
1.923188421  
-0.3135639486  
-0.5873496275  
-0.9317559004  
0.0007031256274  
-1.286482348  
-0.8278940592  
-0.7961225363  
0.0454858162  
-0.8191572619  
-0.1356367307  
2.210269793  
0.7344542557  
-0.7745323258  
-0.493482061  
-0.2174048284  
-0.7803151576  
-0.7791568871  
-0.1896397914  
-0.8625848244  
-0.2873061134  
-1.054995916  
-0.2544460939  
3.072651357  
1.006515732  
-0.5884869369  
-0.1519710151  
1.37154508  
-0.7547168209  
-0.4392387815  
-0.6129296533  
-0.5781138085  
-0.9614327518  
1.493597415  
0.6170919594  
-0.7520034321  
-0.1969316598  
-0.08598866391  
-0.1362228344  
-0.719009841  
-0.4525886155  
0.09407770009  
0.02189074754  
-0.5215117313  
-0.003179189704  
-0.2171947823  
1.928248555  
1.416109893  
0.116063937  
0.01824245809  
0.3183001197  
-0.3693136269  
3.589717547  
1.769197518  
0.001887748358  
-0.3224447999  
0.2015160963  
-0.687110178  
-0.1619917677  
-0.7046806089  
0.1913026709  
-0.3693877168  
-0.4562093102  
-0.3441334968  
-0.3899872445  
-0.5053135973  
-0.1417832762  
1.846767196  
0.9020207885  
0.5932451458  
3.481136154  
0.7304426368  
0.008459952804  
0.128596045  
2.151025926  
3.498076702  
0.2425561693  
0.4509865568  
-0.2826143874  
-0.2691228484  
0.0686473213  
-0.2106664665  
2.970130132  
-0.3810736489  
-0.5204536282  
-0.7568247669  
-0.171434388  
1.266137278  
-0.2356008404  
-0.5409021673  
-0.6824276506  
0.3426229824  
1.79088067  
-0.9354946943  
0.1164318065  
-0.6470043396  
-0.3395597502  
-0.464598734  
-0.2324416526  
-0.3976619987  
0.1259629402  
-0.8115518344  
-0.05504218023  
0.3956417908  
2.833213523  
0.2080368192  
0.2302364139  
1.037912855  
-0.4275443969  
-0.3857518517  
-0.06143972241  
-0.3023594367  
-0.3916391026  
-0.5959020511  
-0.4356972301  
0.1258000138  
-0.6137471137  
0.08386042955  
1.763943587  
-0.8815477941  
-0.2428921686  
0.01887101643  
0.17711712  
-0.7392143278  
-0.2626020958  
-0.7855141267  
0.1403191109  
2.695254896  
1.566673851  
0.1633178474  
-0.8499361593  
-0.3696093748  
-0.5162149158  
-0.06363894552  
1.498801355  
0.4366604487  
1.528212846  
0.7385565671  
-0.3731668761  
0.02857067579  
0.01567613155  
2.967669791  
1.15938289  
-0.4187780137  
0.2609713908  
-0.4219132399  
0.8470444843  
0.06483690928  
-0.2800893703  
-0.4558461821  
0.2580486858  
2.539265744  
-0.2562346877  
0.1145823316  
-0.5356819487  
0.04286349556  
-0.5095818686  
0.0585121746  
-0.7626232665  
-0.6063677188  
-0.3940767457  
0.152717017  
-0.6349938113  
-0.2619993518  
-0.6177393163  
0.02129724736  
2.373962203  
0.3507520301  
-0.5226172242  
0.03351576912  
2.014615761  
-0.207992387  
-0.3485507356  
-0.2264454605  
-0.4094778823  
-0.6118183088  
-0.3595951154  
-0.6815703279  
0.7679648402  
-0.09831770412  
-0.6756448572  
-0.5295039786  
-0.4259656564  
-0.2908941862  
-0.9879349771  
0.1258992891  
2.856054716  
3.284717342  
0.4985592482  
-0.4790940249  
-0.09176614882  
0.6518292596  
-0.6566108088  
-0.2827093895  
-0.2957365409  
3.232620574  
1.728122889  
0.154263894  
-0.0247959991  
0.1453408408  
-0.7303304746  
0.1480177217  
2.380725463  
-0.402735399  
0.3403997784  
-0.2288677068  
0.9262688255  
1.372565393  
-0.3774613096  
0.1877737901  
0.5788452179  
-0.8585469771  
-0.294700987  
-0.7280005995  
-0.6746761592  
-0.3559100992  
-0.2407511758  
0.04842159844  
0.1848187506  
-0.5027948686  
1.124542226  
-0.6555172361  
