-1.155005155  
-0.1283305685  
0.2233483643  
-1.660088688  
-1.245718895  
-1.849877062  
-0.8981807769  
-1.56039343  
-0.9044049262  
-1.210050865  
-1.312371548  
-1.577063993  
-1.538944808  
-1.421200037  
-1.193400827  
-1.272786003  
-1.300646236  
-1.586835358  
-0.9978408445  
-1.199312838  
-0.8908633191  
-0.9287273396  
-1.048846715  
-0.4907011094  
0.02003250244  
-1.250008717  
-0.9582224663  
-1.536908033  
0.1091403353  
0.9450013927  
-0.9605311711  
-0.9988769125  
-1.292498115  
-1.085137452  
-0.6320619125  
0.2188104439  
-0.3740254227  
-0.5363051675  
-0.9678931749  
-0.2444397803  
-0.2487145238  
-0.8021691684  
-0.8305859738  
-1.057561116  
-0.9815914059  
-1.059020743  
-1.419295117  
-1.635019404  
-1.287089152  
-1.071331755  
-1.170457337  
-1.291782551  
-1.331309835  
-0.4777912089  
0.03600337124  
-1.383827801  
-0.1606396479  
0.477247208  
-1.00254393  
-0.4355796814  
-0.5292754091  
-0.1546818498  
-0.369387878  
0.008495815453  
-0.6851737732  
-0.8096281913  
-0.7284974936  
0.5800775047  
0.08269634156  
-0.3313971085  
-0.4624731222  
-0.9827378613  
-0.224530864  
0.1081614986  
-0.6696197339  
-0.1449158371  
-0.70365334  
-0.07671563212  
-0.6901331992  
-0.3752857381  
-0.04619003634  
-0.1900763438  
-0.004308235739  
0.6477845488  
-0.818746679  
-0.1186173639  
-0.9340615266  
1.004909985  
1.544447779  
-0.2644546305  
-1.104389698  
-0.2427929312  
-0.1460346139  
-0.847210502  
-0.08260558441  
0.1162588283  
-0.7976258428  
-0.8107362452  
-1.250729518  
-0.4083897992  
-1.337391761  
0.1370368526  
0.5586133034  
0.09631230804  
1.32909594  
-0.6071063312  
-0.6722898598  
-0.3365859168  
0.6093840621  
-0.8647868965  
-0.2255765436  
-0.9472595461  
-1.044385328  
-1.423696559  
-0.5494908316  
-0.4436500993  
-1.21218272  
-0.1174309454  
-0.820098181  
0.5510240438  
1.37099586  
-0.4211226621  
-0.005722642513  
-0.4279044255  
0.6624696805  
-0.1782879086  
-0.6001111715  
0.2658603183  
0.524209685  
0.1683665521  
-0.2871990833  
-0.2596408335  
0.2443655186  
0.4216016719  
0.3746575027  
-0.1506956703  
-0.4157504902  
-0.5724001716  
-0.3451229575  
0.8769276949  
1.931448054  
-0.6253577714  
0.4110637578  
-0.09838616222  
1.389722674  
-0.03204671583  
1.259741084  
0.5802734404  
0.9662280921  
1.020827527  
0.01617094271  
1.305899897  
3.099106856  
1.437389583  
0.8824634225  
1.654716618  
0.8834216378  
0.3819242908  
0.3176835949  
0.1140042619  
0.6900356781  
1.374843784  
1.69217011  
1.182386409  
0.5300564494  
0.255270498  
0.2219214308  
-0.1030695547  
0.4206244142  
-0.7660796491  
1.998078419  
2.157467472  
-0.2947829011  
0.1408824659  
-0.212556368  
-0.2341046314  
0.4154845283  
0.6004774281  
0.2010009102  
0.134193587  
0.5377026683  
0.9042044897  
0.4540153122  
0.01021713136  
-0.7888824314  
-0.5016090345  
-0.5040312996  
0.3843082166  
1.243290707  
0.5076361356  
1.180229415  
1.390643404  
0.2992167199  
1.666348859  
0.7587821751  
0.7109108079  
1.08938508  
1.817520385  
0.007077975625  
1.868714526  
2.313729356  
0.3109894291  
0.5950644288  
0.8014463335  
1.343007278  
1.36328389  
0.1246612111  
0.6320947447  
0.01814711117  
1.37923149  
2.4683976  
1.644226972  
-0.001149653002  
1.696196308  
2.733591127  
1.385507839  
1.204282326  
0.7556016564  
1.262323415  
0.5905964883  
1.026434412  
0.7950381631  
2.089283424  
3.252470749  
1.691706315  
