0.2512613107  
1.654823972  
0.520685239  
-0.01178069431  
-0.3420891616  
-0.1521578768  
-0.08080875527  
-0.4247283454  
-0.081845858  
-0.841742954  
0.8325237232  
0.1401764067  
-0.9144077569  
-0.2932256162  
-0.6319686568  
1.425895614  
0.4649360518  
0.6749598669  
-0.2471095141  
-0.5731326595  
-0.9526727737  
-0.6126629936  
-0.62840913  
1.450081993  
-0.05505525449  
-0.9008479201  
-1.017200595  
-0.8794786795  
-1.228116645  
1.69678983  
1.023030828  
-0.3202081545  
-0.7156001978  
0.4003878884  
-0.05843117638  
-0.4752447389  
0.2192183153  
-0.8563275314  
-1.06613551  
0.8102550514  
1.256126978  
-0.1737180541  
0.08852090172  
-1.242703465  
-0.8612670636  
-0.5653049954  
-0.1853851864  
-1.030636661  
-0.7003835304  
0.1287643988  
-0.7243589442  
-0.4784396218  
-0.2638441289  
-1.198085144  
-0.5919737241  
-0.8818172166  
0.9167025944  
-0.4277384783  
-0.7733002539  
-1.045931894  
-0.8236711202  
0.3165876363  
3.4012257  
0.2032614598  
-0.3585298048  
-0.9679925544  
0.6920726871  
-0.4056285454  
-0.5932688104  
-0.5577581227  
-0.863954485  
-1.044550188  
-0.7939440955  
-0.8208203481  
-0.2318696738  
-1.07094331  
1.721450439  
0.09565436236  
-1.227707416  
-0.9920748756  
-0.9695563922  
-0.8351536204  
-0.5180624658  
-1.146860709  
1.255739251  
0.5917035704  
-0.9631510026  
0.7106636334  
-0.6910874022  
0.159341263  
-0.4847726809  
-0.8342132914  
1.821896273  
0.9636794001  
-1.180643309  
-0.09093045279  
-1.061755475  
-0.454683185  
-1.100481414  
-0.1939102722  
-0.5973416978  
-0.1313229396  
-0.5299247075  
-0.295241962  
-0.5004296819  
-0.2137510334  
0.5862544632  
0.237573969  
-0.5049038965  
-0.3155261893  
-1.176175771  
-0.9026344175  
0.08199568168  
-0.4950622051  
-0.9344380749  
-0.789035903  
0.6737349287  
0.5527532794  
-0.7327643436  
0.5789906599  
-0.7823977814  
-0.4478267467  
-0.8054636634  
-0.6675536913  
-0.913582545  
-0.9937149045  
0.4573569711  
1.64940254  
-0.2328357056  
0.04590114841  
-1.45038931  
2.894765537  
1.563898131  
-0.05963739994  
-0.7815256521  
2.480329122  
1.899720891  
-0.8660484239  
1.006318501  
2.332597147  
0.03408438481  
-0.3593627729  
-0.9961679969  
1.470901748  
0.3844636206  
-0.7080502115  
-0.775462232  
-0.6508929678  
-0.7958778627  
-0.6013405744  
-0.5567652894  
-0.2664377094  
-1.02950925  
2.584275858  
0.1985018923  
0.2565043719  
0.8443172072  
3.204919451  
0.08046774408  
2.856480498  
1.147134663  
-0.7258237913  
-0.425779458  
2.358151442  
2.469794732  
-0.1750762953  
-0.6552105332  
2.525955244  
1.307322747  
-0.5378814992  
-0.07482079457  
-0.932204845  
-0.007282808956  
-0.004812959431  
-0.5270528466  
0.5249769106  
0.5053414213  
-0.9157805775  
2.71582327  
3.034370917  
0.6155417179  
-0.5346695323  
-0.1762455871  
-0.4964870637  
-0.2840901848  
-0.6943170886  
-0.4727355127  
-0.7263359008  
-0.3771103841  
-0.9249796244  
-0.3903922604  
-1.009481415  
1.738829808  
0.6916251012  
-0.7082461088  
-0.3445810616  
0.1087053523  
1.319460089  
1.809922058  
-0.792710502  
1.894826955  
0.8969541103  
-0.05379832537  
1.056586952  
-0.3003415277  
-0.5369728534  
0.8942581158  
0.04443488595  
-1.041221948  
-0.186055997  
-0.8230714126  
-0.3702170276  
-0.7489993558  
-0.2358955235  
-0.1624314392  
0.8081424922  
0.3454353365  
-0.2109960326  
-0.1175698038  
-0.1340193577  
0.1343509928  
1.005166545  
1.135268589  
1.096787497  
0.4492529585  
