-0.5026325159  
-0.2300126858  
-0.04131931824  
-0.9479614092  
-0.5754342423  
-1.091611768  
-0.7616702879  
-0.7742216322  
-0.7329794226  
-0.7024528259  
-0.606469921  
-1.115069416  
-0.2244220199  
2.062407551  
-1.007962029  
-0.3402572266  
-0.9772420691  
-0.5251509963  
-1.029598693  
0.1767636449  
3.464957182  
-0.5475638474  
-0.1542665213  
-0.441047072  
0.2677893839  
-0.5546627649  
-0.5238184855  
-0.7663076965  
-0.06963306515  
0.2271364488  
-0.3389341126  
-0.5703203887  
-0.6780675976  
-0.5192803  
-0.363831034  
0.2358874424  
0.05844359481  
-0.02708845228  
-0.1491850946  
-0.001461945899  
0.1240833107  
-0.2367065561  
-0.3174343073  
-0.4335488565  
-0.570329131  
-0.8450602241  
-0.7130241591  
0.4260385443  
-0.9748891422  
-0.3225020953  
-0.7849976789  
-0.7391694833  
-0.8855768603  
-0.5124094901  
-0.2159940991  
-0.65395642  
-0.4382975257  
0.2146210048  
-0.6567552735  
-0.02782336878  
-0.5550529882  
0.7316993422  
2.826374364  
-0.2903983115  
-0.03411067112  
-0.5952611817  
-0.3519475777  
0.3205506382  
-0.0930726126  
-0.1195733741  
-0.2012020286  
-0.5875480405  
-0.3607127459  
-0.009131323979  
-0.2627453612  
-0.007386615684  
-0.3266848516  
0.1423057231  
-0.4563734512  
0.1917458864  
-0.04198771484  
0.09467409089  
-0.1009852548  
0.3090146986  
-0.7481639819  
0.5901162508  
3.405274988  
-0.2226766579  
0.5933476309  
-0.4668093276  
-0.6246949705  
-0.6807775835  
-0.2049939943  
-0.6284067215  
-0.1602701644  
-0.08361074082  
-0.6895003975  
-0.185417642  
-0.433598655  
-0.3907146954  
-0.8790771478  
-0.2524447158  
0.02663969692  
0.01603688079  
0.4865493515  
-0.08234578028  
-0.341526605  
-0.3309948796  
0.1483118236  
-0.1909033131  
0.9499488934  
-0.1607505924  
-0.05548537471  
-0.8682291244  
-0.5602323433  
-0.4528531045  
-0.6691936519  
-0.129926785  
-0.4934352446  
0.00613803914  
0.4667319657  
1.946191912  
-0.7745365218  
0.6478324269  
4.111202059  
-0.5628563625  
-0.1645820485  
-0.07883410303  
0.07128321903  
-0.1901456243  
-0.4417904144  
-0.5889610871  
-0.6157415215  
-0.1208877471  
-0.4840956813  
-0.1490382498  
-1.025279498  
0.1344844475  
3.3996303  
-0.5898258515  
0.09474757028  
-0.06119566395  
3.954615067  
-0.7019384653  
0.3602274036  
-0.6964506559  
0.5840174238  
-0.368961296  
0.1766803099  
-0.2679524516  
-0.03367715564  
-0.1908361271  
0.5346521552  
-0.1553991854  
0.1183013547  
0.068417738  
0.01578084295  
-0.3400577824  
-0.1590016459  
-0.2240443029  
-0.3896821812  
-0.01688998455  
0.4750534618  
-0.109197002  
0.3163764001  
-0.3097385872  
-0.1130356909  
-0.4301430099  
-0.4304675349  
-0.06781922564  
4.539842107  
3.604925449  
0.6002192953  
-0.2159942384  
-0.1406472823  
-0.471126358  
-0.09489386904  
-0.5058716965  
0.2066756918  
1.797050016  
-0.4850568542  
-0.07953012599  
-0.3583841462  
-0.5648432851  
-0.7585913515  
-0.8658434699  
-0.7039076298  
-0.5744785352  
-0.2256145154  
-0.5173260784  
-0.2204779629  
-0.2809944952  
-0.5298907982  
-0.1484334915  
-0.3352579135  
-0.5030962429  
0.07079839008  
1.775129508  
-0.4893185999  
0.04911887119  
-0.145331073  
-0.2716258303  
-0.2962403183  
-0.233002341  
-0.168261255  
-0.3937299281  
-0.3161788242  
-0.4758942896  
0.03206972782  
3.482304732  
-0.4134923755  
0.1915815484  
-0.7381008087  
0.26017918  
2.722205509  
3.121721087  
-0.02566854815  
0.3757559564  
-0.5936768713  
0.7011274698  
3.494633961  
-0.5435573331  
-0.03963114917  
0.9700657247  
3.610165687  
