7775.137708  
7525.394941  
7446.647863  
7018.480254  
7169.297594  
7051.025607  
7123.876395  
7447.012764  
7222.999851  
7306.664685  
7338.964933  
7443.846616  
7343.355059  
7390.036736  
7571.247914  
7561.98756  
7490.900615  
7510.173479  
7588.928849  
7559.760331  
7634.224046  
7623.051526  
7654.249299  
7689.346509  
7679.652746  
7684.327898  
7663.838535  
7646.237455  
7353.465082  
7571.464768  
7643.861199  
7654.806475  
7719.680627  
7768.280371  
7739.595166  
7665.215084  
7646.240258  
7645.097255  
7735.983398  
7822.768535  
7788.059165  
7758.278855  
7716.173246  
7754.528718  
7726.532197  
7761.568724  
7733.137057  
7707.414068  
7889.79889  
7757.825226  
7880.54399  
7943.827587  
7765.305948  
7778.454534  
7645.967768  
7716.516516  
7743.240615  
7857.614082  
7873.841022  
7893.549178  
7881.790084  
7775.055888  
7796.309745  
7829.859471  
7910.564719  
7936.943128  
7715.007779  
7614.643313  
7771.28054  
7491.253821  
7526.510559  
7463.233535  
7719.3213  
7698.243936  
8003.986832  
7954.44287  
7968.914628  
7733.484211  
8019.086211  
7867.751332  
7830.821154  
7829.946605  
7843.940521  
7649.635565  
7646.56133  
7574.166749  
7423.874149  
7446.828671  
7503.095225  
7466.715618  
7540.245595  
7520.64767  
7687.462915  
7868.211938  
7939.973078  
7615.383053  
7692.941375  
7795.534137  
7566.728693  
7739.827086  
7648.436401  
7700.464147  
7775.968131  
7677.563536  
7408.747449  
7684.184302  
7602.117526  
7532.509727  
7704.271749  
7782.907562  
7693.994477  
7715.114065  
7703.509694  
7659.356514  
7553.7792  
7705.854857  
7738.268342  
7702.543131  
7570.445791  
7649.17207  
7729.612218  
7657.873621  
7514.767451  
7721.396238  
7730.720636  
7872.417128  
7936.338165  
7901.628006  
7914.894462  
7913.242099  
7789.379311  
7623.087443  
7661.999064  
7728.88655  
7662.335946  
7843.155838  
7689.283563  
7887.743355  
7813.441594  
7697.580636  
7862.27658  
7755.93989  
7971.912083  
7796.055385  
7877.969346  
7705.115429  
7755.933017  
7654.531774  
7551.032282  
7697.919943  
7917.379996  
7890.813489  
7953.918763  
7791.29293  
7690.410904  
7658.537834  
7844.06371  
8064.628704  
7862.673858  
8147.5942  
7954.438342  
7915.547552  
8010.217375  
7960.51873  
7869.181606  
7994.957078  
7881.759388  
7937.697965  
7758.935738  
7937.260886  
7785.067367  
7953.259382  
7648.851774  
7956.780592  
7826.511587  
7810.888523  
7959.002609  
7970.956603  
7862.229471  
7947.096675  
7816.399748  
7841.427843  
7858.988269  
7869.801789  
8029.640103  
7763.372379  
7636.310969  
7728.656147  
7883.802689  
7578.429205  
7763.001834  
7608.645158  
7770.784374  
7938.860356  
7788.614125  
8161.185414  
7970.61356  
7806.443575  
8145.446144  
7919.306767  
7915.389377  
7965.923592  
7810.984147  
8203.85445  
7968.216014  
7871.148201  
7767.9291  
8095.291224  
7884.173865  
7810.811028  
8091.557369  
7920.375753  
7914.667353  
7928.16898  
7951.588439  
7813.698352  
7897.632475  
7902.003299  
7808.499564  
7991.623564  
7855.538781  
7908.775252  
7981.968825  
7963.695828  
7981.503128  
7957.297444  
8007.487567  
8018.217148  
7794.350485  
7719.768392  
7630.130715  
7325.170616  
7528.243725  
7821.562585  
8091.340321  
7756.647027  
7696.597772  
