-1.232469558  
-1.055909059  
-1.214963941  
-1.302890656  
-1.478616272  
-0.9598861344  
-1.569130263  
-0.2489975108  
0.03350024109  
-1.452657097  
0.08625445133  
1.57449045  
-1.440736943  
0.8344732699  
0.6234267345  
-1.306646205  
-0.2823862835  
-0.5947208492  
-0.6077675947  
-0.4248479497  
-0.8185859604  
-0.1674032844  
-0.05660668285  
0.5423337553  
-0.7776500734  
0.5605262724  
1.528858703  
-0.8401036372  
0.1078914091  
-0.5791575109  
1.105697792  
0.8592609816  
1.656163458  
2.528921245  
-0.9082997302  
2.593902605  
1.60725117  
-0.3820210762  
0.6311018654  
0.7158934214  
0.1091725449  
-0.183690195  
-0.4249557575  
0.421433531  
0.2331250748  
0.4935983542  
-0.8229932757  
1.095331255  
1.828964138  
-0.4251440734  
0.5979403699  
-0.4341735749  
0.05865951501  
-0.07369318153  
0.3105640516  
1.217592615  
3.264569615  
1.24780825  
0.5289945372  
1.277963169  
2.258760224  
1.329594325  
0.362136319  
-0.01142789888  
-0.4434384557  
0.1666379784  
0.8788313658  
0.6001110321  
-0.005183923449  
1.696246576  
2.335403433  
-0.5173876861  
2.421731239  
1.760971304  
-0.1714977572  
-0.2530196867  
0.08434643143  
0.1643799056  
-0.07157949745  
0.8994422103  
1.060597356  
-0.2738270066  
-0.02095581316  
0.4583810461  
0.002823371865  
0.8677635718  
1.960701905  
0.4442187685  
-0.1380716688  
0.3104653527  
0.2294682117  
0.01105202164  
-0.0282745864  
1.121778035  
1.733038547  
1.33409743  
0.7603893714  
1.053831547  
1.696974299  
0.4375512502  
0.1704775199  
1.089613298  
1.502374729  
-0.01424304521  
1.199419805  
-0.4982235736  
0.7209154474  
1.158129759  
-0.1216885722  
1.340387907  
0.02171310763  
0.6259727498  
-0.2428001733  
1.019649652  
1.025293066  
2.433552942  
2.140657369  
0.162469038  
1.170941468  
0.4270811745  
0.5034266785  
0.3676641555  
0.4963658505  
0.4713699751  
0.5483516699  
1.078675026  
0.9929678319  
0.9775196246  
1.771262642  
0.07762907702  
0.7301268628  
0.1843240255  
0.9717367189  
0.456393273  
0.55538757  
1.182208322  
1.279935988  
0.295692034  
0.5386189877  
0.6904906028  
2.089532155  
0.2621335222  
0.9123545944  
1.090689316  
1.453387572  
1.065919217  
1.957425727  
0.2294782026  
1.98888323  
0.9296478008  
0.6629770783  
1.729391566  
1.236556343  
1.641646559  
0.1210682943  
0.6715834208  
1.754280979  
-0.4016570343  
0.6697189047  
0.7622807347  
0.2127671407  
-0.4767977458  
0.7219569705  
1.502250723  
-0.3054913851  
0.0159163398  
-0.3562396124  
-0.2947437987  
1.203188169  
0.3756699462  
0.09492713041  
0.3408521755  
1.873045636  
2.546013478  
0.7922044987  
-0.01359892823  
0.5511708861  
1.762109432  
1.195342966  
-0.5077597646  
-0.2387079133  
-0.04118872034  
-0.02442925581  
-0.06217020214  
-0.6138501496  
-0.5753743755  
0.3471584867  
-0.5540733175  
-0.2723228016  
-0.6701564525  
0.2014674897  
-0.4578319651  
-0.7139170167  
0.1699452465  
-0.04917488532  
-0.9759352777  
-0.2986284708  
-0.2878155165  
-0.06935031082  
-0.7365734589  
0.7115594577  
0.9119656427  
-1.139882549  
-0.6709442119  
-0.5968621309  
-0.6592780725  
-0.1895035824  
-0.1540153067  
-0.2499973454  
2.397519409  
0.2937103318  
0.137839824  
1.52922461  
0.7540988418  
-1.246207214  
-0.3508608054  
-1.309523564  
-0.73385188  
-0.8574662453  
-0.779619285  
-1.207586612  
-0.2613905999  
-0.8587466085  
-0.6118724004  
-0.5113825363  
-0.2717941229  
-0.6452043309  
-0.01638110898  
-1.056468782  
-0.9606163171  
-1.176703375  
-0.9858277205  
-1.658496968  
-1.102856695  
-1.451198022  
-0.5783520462  
-0.9694373463  
0.3261773591  
-0.06985594733  
-1.686287297  
-0.7145770633  
-0.8967656689  
-1.517298686  
-1.213871759  
-1.316026139  
-1.331523435  
-0.7663133281  
0.037079079  
-2.196169433  
1.080183088  
0.8397260463  
-1.517469044  
-1.244768527  
-1.014736071  
-0.4115388249  
-0.2860406097  
-0.6789703185  
-0.7903406321  
-1.186841363  
-0.9189437799  
-0.6378184106  
-0.1857277592  
-0.435809105  
0.006785349708  
0.81409243  
-1.964204184  
-0.8320206981  
-1.825163323  
-0.7226088994  
-1.08964518  
-1.162562651  
-1.542699781  
-1.038133496  
-1.239641041  
-0.5494909349  
-1.26209099  
-0.7506758765  
-1.329645327  
0.3871448489  
1.10370967  
-1.766862894  
0.5093986761  
1.156123111  
-0.7781248264  
-0.821823102  
0.04778356918  
1.160174058  
-0.6633074268  
2.278589101  
-1.655613255  
1.455540448  
0.3300047158  
-1.393775447  
-1.410809625  
-0.2953624841  
-1.75179783  
0.7590564178  
0.9661319226  
-0.6160771286  
-0.5742812924  
-1.121615834  
-1.359239889  
0.3897840816  
-0.6192485704  
-0.8139602724  
-1.334647402  
-0.2094312019  
-1.034995875  
0.6622572877  
0.5448302154  
-1.014965004  
-0.9760256895  
0.9350010087  
1.662564042  
-1.505579139  
-0.09963694329  
-0.8144932511  
-0.5616638163  
-0.6421362796  
-0.9219705829  
-0.7693287091  
-1.003462487  
0.2249971604  
-0.5444797211  
0.02024285188  
-0.918910042  
0.06264388774  
0.9414782916  
-1.517995248  
-0.6726492228  
-0.3760391063  
-0.0425042021  
-1.737588594  
-0.7774331721  
-1.11457907  
-1.184091062  
-0.1202168619  
0.8044313845  
-1.367459948  
0.03844794911  
-0.9100687834  
-1.106210996  
-1.188575274  
0.09092060222  
-1.328694339  
-0.8541296972  
-1.766492311  
0.1657935051  
1.459319711  
0.6748937437  
-0.2540506753  
-0.6999041243  
-0.7229047707  
-0.8936864831  
-0.6402350581  
-0.3961625965  
-0.9044909554  
-0.5702425278  
-0.1936762368  
-0.9563706356  
-0.4586818018  
-1.910581123  
1.205602115  
1.531969626  
-0.192499053  
0.7135029592  
-1.639573729  
-0.1307206537  
-1.645396274  
-0.4442684741  
-1.913121784  
0.4339815425  
-0.06122093631  
-0.5425139848  
0.6007642361  
-0.769151981  
-0.7623465588  
0.1817655199  
-0.7994295392  
-0.8757925531  
-0.2095320287  
0.3867305057  
-0.5310115121  
-0.1198534289  
-1.044183996  
1.361111781  
-0.9780669914  
0.05896879846  
0.04585609674  
-0.04101193495  
0.7092995334  
-0.4354608079  
-1.03410673  
-0.6529497017  
-0.852352628  
0.2961576481  
0.5601288072  
0.810831528  
