0.9710378582  
-0.1015254343  
-0.5485658098  
0.0765498781  
-0.5848110319  
-0.6515467126  
-0.5094993541  
-0.2500960488  
-0.5662284613  
-0.7394986694  
-0.7014004451  
-0.6106849205  
-0.8087227409  
-0.816569876  
-0.5935697459  
-0.5083727359  
-0.6648219072  
1.651174353  
-0.2044824035  
-0.6548621293  
-0.7052066415  
-1.038505135  
-0.8179335356  
-0.3836798742  
-0.7189487122  
-1.009368661  
-1.061350118  
-1.089356852  
-0.8235756991  
0.3381425013  
0.5045691012  
0.3217612833  
-0.6321543591  
-0.7086173547  
-0.8350675359  
0.56055379  
1.732239548  
-0.5065414228  
-0.9717986198  
-0.8992567044  
0.1417431766  
1.590679739  
0.6500083932  
-0.796706324  
-1.176444454  
0.2166042166  
0.4553487641  
-0.4380265501  
-0.9701367263  
1.769561087  
-0.458786915  
-0.8144762518  
-0.5861063512  
-0.9339406521  
-0.8520558008  
-0.5280626001  
0.408650493  
-0.2579193223  
-0.6181636981  
-0.9239408358  
-0.7199742169  
-1.08367043  
2.222272932  
0.9044652884  
-0.1899762393  
-0.5219107353  
-0.5917065928  
-0.728847878  
-0.7195833979  
-0.6386877287  
-0.7027382574  
-0.8672068282  
-0.9405501288  
-0.7068898798  
-0.4429853466  
-0.6456600966  
2.145181722  
-0.01867469926  
-1.230988165  
-0.8118548035  
-0.7886938977  
-0.4675823671  
-0.4387788052  
-0.8386795025  
-0.3383625487  
0.05264066897  
-0.9874569088  
2.2782541  
-0.1819793014  
1.861401386  
-0.085589013  
-0.3849998407  
1.254014951  
0.2644347989  
-0.7998213607  
-0.3240758334  
-0.6669258727  
-0.6055940476  
-0.6889854218  
-0.6983615667  
-0.7856289315  
1.009446691  
-0.2049679769  
0.2580903602  
-0.3736983483  
1.29073458  
-0.2796654478  
-0.6236754217  
0.7305307205  
-0.7683481273  
-0.8537286288  
-0.9605982855  
1.924278229  
-0.288118223  
-0.731384277  
-0.8963571357  
1.422369095  
0.3462902156  
-0.7983465226  
1.93976804  
-0.571602911  
-0.6052326897  
-0.4298197425  
-0.7384815859  
-0.9638250788  
-0.894667282  
-1.083540081  
2.117537423  
1.693613009  
-0.1341469945  
-1.192808931  
2.096214158  
2.992387565  
0.5127392099  
0.1061968622  
1.94394805  
3.044923822  
-0.100035627  
0.3936958891  
0.6804164511  
-0.0342789446  
-0.3237033759  
-0.8007986251  
0.1701190422  
-0.02799513775  
-0.1843505117  
-0.5562634978  
-0.506908163  
-0.4820238314  
-0.6912778112  
-0.5256384091  
-0.3837333269  
-0.9581898872  
2.19976853  
-0.3073595473  
1.711997133  
0.163288288  
2.936540237  
0.3925633656  
1.782540477  
1.296299503  
-0.4840010938  
0.2375927897  
1.636288867  
2.460214195  
0.5720658106  
-0.3271260797  
2.092549471  
0.9324593523  
0.1631379484  
-0.103071159  
-0.7327278626  
-0.3124176919  
0.4405375533  
-0.5713127353  
2.077744954  
1.375474435  
-0.4824286979  
2.324117897  
2.564962848  
0.4765806535  
-0.4033290867  
-0.1288577648  
-0.417733946  
-0.1448116305  
-0.5211600863  
-0.3567779622  
-0.2040981761  
-0.1498516151  
-0.8210366473  
-0.614031208  
-0.9993619722  
0.5941019622  
0.324243505  
-0.5786983593  
-0.6262306148  
0.9893505116  
0.07350173116  
2.450377663  
-0.1723282334  
1.862550774  
1.934077096  
-0.4235715843  
2.533861257  
0.01607002546  
-0.1554936346  
0.3094097421  
-0.7458743327  
-0.7257952858  
-0.5189549774  
-0.5126580943  
-0.5548671675  
-0.6484473683  
-0.7801458137  
0.03227471948  
0.2010180008  
-0.395869498  
-0.5874117485  
-0.6563186053  
-0.7786345135  
-0.6088232525  
0.233130741  
1.702777729  
0.4198351665  
-0.3232587136  
