7308.867963  
7134.017156  
7256.6357  
7332.399389  
7403.078672  
7444.588488  
7132.975294  
7155.611806  
7265.296757  
7253.688675  
7367.767188  
7450.382178  
7419.464906  
7317.617116  
7336.318974  
7483.407449  
7473.36723  
7512.598804  
7316.25648  
7431.572461  
7493.589883  
7499.887056  
7309.693942  
7405.841302  
7453.19909  
7410.91816  
7417.409768  
7376.66509  
7366.820797  
7287.062474  
7326.771329  
7430.879937  
7480.866264  
7436.557738  
7334.766599  
7440.284768  
7370.081226  
7475.876732  
7490.077485  
7363.058295  
7375.512789  
7654.521585  
7390.009112  
7594.308695  
7605.792076  
7489.065769  
7564.676011  
7366.801044  
7587.931103  
8046.867865  
7913.253773  
7579.43994  
7625.365489  
7366.930782  
7482.82707  
7458.759099  
7695.223084  
7605.973329  
7613.186534  
7507.009238  
7530.315332  
7581.942287  
7469.943533  
7459.515603  
7498.085778  
7514.139583  
7554.241736  
7653.547509  
7611.338719  
7649.942194  
7490.971063  
7499.582096  
7733.866242  
7716.450143  
7540.368267  
7714.226946  
7559.822214  
7650.519337  
7609.264902  
7668.441739  
7558.971282  
7603.715593  
7558.10386  
7714.453638  
7789.981583  
7644.374208  
7630.610478  
7772.155017  
7602.437981  
7549.432857  
7602.228141  
7686.973001  
7631.496995  
7641.073512  
7653.158326  
7564.761985  
7548.240125  
7599.771386  
7700.931123  
7610.571262  
7632.315718  
7741.52227  
7577.965613  
7939.707716  
7973.091644  
7654.824395  
7706.306734  
7445.715872  
7723.74564  
7759.637574  
7653.728437  
7755.594713  
7621.024107  
7742.661313  
7732.472987  
7637.976958  
7569.774796  
7784.746835  
7877.313756  
7797.594422  
7685.663128  
7700.43377  
7546.529567  
7978.524163  
7998.623484  
7698.020105  
7516.479071  
7750.588693  
7869.822247  
7814.39555  
7579.682925  
7748.636127  
7834.448711  
7663.685933  
7686.192845  
7696.779667  
7629.523388  
7620.242924  
7939.547588  
7721.237052  
7571.432144  
7578.269331  
7713.146879  
7541.348735  
7534.082703  
7796.453673  
7692.576705  
7612.993082  
7686.029949  
7651.643268  
7625.520068  
7661.279257  
7559.703131  
7634.264589  
7804.599737  
7667.546366  
7639.490811  
7684.43982  
7550.802396  
7765.010029  
7479.581433  
7553.492954  
7710.232139  
7610.791751  
7669.766852  
7705.763639  
7624.130721  
7789.117772  
7773.176972  
7708.553263  
7734.042471  
7884.475527  
7626.602562  
7775.310497  
7817.43388  
7556.775898  
7580.441897  
7520.356136  
7510.261205  
7579.948096  
7490.967258  
7508.157116  
7529.392715  
7593.622913  
7521.17109  
7692.366446  
7828.308733  
7649.953446  
7664.368271  
7862.994667  
7668.834732  
7750.301163  
7943.537313  
7791.698435  
7722.328294  
7689.523259  
7604.152457  
7819.220414  
7895.589866  
7524.387921  
7728.164887  
7552.730658  
7656.288725  
7580.663892  
7671.353779  
7595.345293  
7817.170562  
7901.16415  
7802.418155  
7678.526098  
7724.142807  
7744.781703  
7974.539184  
7636.668759  
7704.842821  
7585.3198  
7582.993405  
7631.725141  
7778.344904  
7819.614236  
7577.039062  
7811.222546  
8066.804909  
7970.721514  
7690.483157  
7704.171677  
7598.862137  
7743.34755  
8123.908318  
7908.515829  
7659.267318  
7640.139309  
7807.222538  
7664.254699  
7713.118409  
7688.43582  
7691.803912  
7780.627746  
7823.739908  
7625.535092  
7514.422864  
7528.585056  
7553.022924  
7648.489798  
7576.74995  
7712.68  
7590.384619  
7526.047532  
7583.843046  
7713.154125  
7604.123195  
7616.301828  
7832.355517  
7995.285402  
7544.497929  
7549.991074  
7560.78508  
7743.607943  
7617.905361  
7793.125487  
7648.383903  
7902.910621  
7824.452601  
7726.442546  
7638.531629  
7820.20891  
7839.586422  
7883.235926  
7824.718395  
7724.464217  
7634.117442  
7657.938026  
8001.074211  
7593.760357  
7772.246749  
7564.98159  
7851.095288  
7800.381398  
7653.063289  
7660.54743  
7692.727922  
7994.168383  
7656.462011  
7599.56527  
7611.101847  
7641.27243  
7585.046476  
7775.01641  
7654.489991  
7675.893189  
7819.400262  
7671.70003  
7698.088682  
