6872.032125  
6517.684813  
6925.252605  
6828.14292  
6942.729778  
6963.005304  
6730.8103  
6546.132904  
6866.881456  
6864.031056  
6773.283383  
6924.318074  
6734.261084  
6814.105285  
6894.159418  
7140.752743  
6882.909233  
6921.957295  
6853.125635  
6849.009788  
6990.238377  
6982.76389  
6785.440664  
6856.629811  
7078.858379  
6986.273479  
6943.586831  
6885.482477  
6682.568999  
6792.561438  
6768.613761  
7069.296235  
6955.485598  
6984.771478  
6759.602096  
6929.933689  
6863.484528  
6946.907288  
6917.323922  
6942.115615  
7180.432617  
7076.423864  
6880.218724  
7115.647736  
7263.23052  
6932.379709  
7143.909271  
7046.175495  
7433.927147  
7264.896764  
7316.668215  
6940.432729  
7247.742192  
6837.827826  
6906.763373  
6886.799766  
7236.986288  
6930.242607  
7212.72652  
7016.247309  
6918.688294  
6922.567775  
6867.147891  
6855.371395  
7089.099011  
6915.5856  
7050.189863  
7072.648526  
6979.847409  
7131.533472  
6869.420322  
7031.361882  
7096.740802  
7046.69651  
6994.679261  
7266.974596  
7081.735162  
6973.552052  
7096.770176  
7108.889889  
7027.128752  
7196.364576  
7222.248795  
7209.721328  
7157.360096  
7127.758595  
7133.018439  
7203.04521  
7082.726946  
7038.681851  
7012.250962  
7065.538947  
7079.678868  
7140.324461  
7098.292333  
7068.158948  
6960.472682  
7137.366162  
7128.532709  
7065.414206  
6986.657574  
7179.159144  
6990.089205  
7406.091829  
7543.02643  
7147.778739  
7105.885297  
6869.506076  
7187.728311  
7084.029216  
7273.87261  
7394.349089  
7118.726947  
7268.883165  
7172.190337  
7087.930667  
7061.506496  
7594.260009  
7438.783395  
7211.178909  
7179.434719  
7189.750116  
7005.463905  
7752.118173  
7430.544765  
7270.441485  
6915.233459  
7242.120468  
7664.590976  
7379.402888  
6968.085193  
7152.839736  
7418.681564  
7203.015127  
7168.457468  
7362.07599  
7173.663101  
7106.905743  
7461.057923  
7096.447815  
7120.640482  
7095.951362  
7140.5939  
7002.057606  
7076.947141  
7211.219687  
7173.625299  
7076.914962  
7218.306129  
7079.70654  
7056.87615  
7106.660228  
7118.555198  
7538.267251  
7180.239604  
7097.764244  
7056.288066  
7126.117327  
7018.469081  
7104.949024  
6981.285366  
7111.692552  
7052.976118  
7218.537862  
7224.343782  
7310.620828  
7091.237821  
7291.979519  
7211.806484  
7157.844533  
7210.749489  
7384.07583  
7072.800508  
7313.835629  
7380.278069  
7022.917671  
7091.960154  
6955.909244  
7055.470937  
7051.492975  
6926.242462  
6965.985317  
6976.945273  
7124.964328  
6957.855711  
7312.091805  
7215.062099  
7044.973261  
7142.949383  
7364.472933  
7056.641647  
7211.379495  
7303.550758  
7187.474252  
7186.960533  
7062.377015  
6978.876062  
7358.61585  
7429.933333  
7141.141584  
7133.616982  
7103.073232  
7116.517223  
6937.856416  
7355.015423  
7061.092966  
7383.350221  
7360.46845  
7335.978725  
7168.126826  
7202.543913  
7225.959544  
7418.674104  
7033.497249  
7201.531297  
6983.043225  
7195.897745  
7396.094894  
7502.572577  
7188.665036  
7066.745591  
7281.02954  
7498.661839  
7548.779546  
7187.015274  
7141.053609  
7027.982029  
7266.333997  
7566.592042  
7376.790834  
7208.726206  
7201.980296  
7300.462438  
7122.050724  
7199.034977  
7396.978609  
7152.014205  
7614.409427  
7216.397985  
7120.160469  
6922.798272  
6942.674487  
6992.319957  
7147.372844  
6994.728806  
7117.552904  
7097.127894  
6930.639459  
7104.32708  
7202.84386  
7040.413193  
6960.482907  
7280.622511  
7524.933822  
7038.411037  
7057.502061  
7083.406775  
7118.301753  
7045.768597  
7173.937025  
7125.733275  
7722.817896  
7198.201048  
7349.2624  
7165.937057  
7185.681107  
7444.854331  
7558.298022  
7273.883419  
7174.316357  
6991.823353  
7181.211269  
7162.137825  
7235.818434  
7220.385231  
7056.615517  
7202.566587  
7367.15716  
7133.648683  
7209.773129  
7575.254716  
7310.824294  
7233.256073  
7073.9622  
7138.601059  
6995.353945  
7147.749477  
7268.384023  
7212.476545  
7088.264043  
7201.472345  
7357.039958  
7063.411289  
