6629.926555  
6416.157558  
6371.665377  
5861.12852  
6301.263172  
5981.365042  
5828.74225  
6038.068023  
6047.17593  
5972.358022  
6211.442963  
6125.57856  
6178.119601  
6115.20081  
6385.623327  
6250.536009  
6192.617563  
6332.772882  
6027.800928  
6178.904676  
6472.196771  
6165.44403  
6317.732496  
6473.226201  
6477.672932  
6495.320352  
6661.372456  
6529.698111  
6173.34672  
6519.248011  
6236.498754  
6404.828779  
6442.570668  
6410.426009  
6380.474323  
6394.438482  
6317.580355  
6411.422052  
6374.366523  
6630.72819  
6637.904977  
6392.778555  
6444.418127  
6303.405499  
6505.784092  
6537.996964  
6330.137463  
6263.816656  
6691.45584  
6462.115296  
6634.287576  
6530.753264  
6569.399528  
6551.500474  
6675.394002  
6488.155205  
6412.618284  
6385.532305  
6519.44561  
6588.80693  
6352.669745  
6630.520186  
6441.977373  
6432.67853  
6591.896105  
6689.479368  
6404.35802  
6354.479955  
6432.780234  
6291.717061  
6280.577772  
6214.991884  
6658.117296  
6377.223088  
6798.226977  
6873.784093  
6612.294285  
6882.683667  
6839.044643  
6778.602709  
6763.515319  
6534.609806  
6751.512179  
6628.134995  
6304.424786  
6197.13653  
6188.457514  
6136.803186  
6180.753915  
6157.801456  
6263.992892  
6480.308569  
6776.925316  
6668.881258  
6675.590529  
6528.57502  
6479.306591  
6351.596638  
6188.92045  
6279.66612  
6307.698718  
6497.082797  
6560.721387  
6640.02485  
6367.62157  
6713.681235  
6725.522539  
6591.07018  
6786.517241  
6676.15082  
6438.576319  
6472.598738  
6454.830982  
6482.786173  
6352.844655  
6435.200194  
6581.020201  
6404.013831  
6398.877823  
6541.000338  
6236.961694  
6417.164343  
6262.105161  
6755.237848  
6616.865848  
6608.755796  
6676.100945  
6614.776517  
6665.759037  
6518.343411  
6662.951912  
6365.394128  
6479.970552  
6309.730378  
6480.69191  
6625.255707  
6432.599988  
6514.57317  
6480.370038  
6581.006903  
6442.407107  
6598.461934  
6973.516758  
6606.536723  
6738.800488  
6350.248056  
6523.75098  
6420.399767  
6279.443333  
6458.302191  
6715.416171  
6623.329005  
6874.305375  
6652.547096  
6585.263379  
6645.288643  
6919.197419  
6681.139226  
6549.309633  
7026.172577  
6875.274228  
7123.986878  
7108.541642  
6759.822147  
6738.420605  
6783.412003  
6620.046824  
6622.26256  
6678.709283  
6774.475309  
6777.383122  
6707.294961  
6688.546618  
6876.8111  
6524.646773  
6785.939402  
6758.725383  
6747.143495  
6769.872542  
6678.398262  
6567.128801  
6602.99531  
6705.74818  
6580.717128  
6895.041266  
6429.7247  
6625.284448  
6705.343943  
6573.076866  
6315.762859  
6672.772332  
6674.680863  
6468.145012  
6682.1116  
6558.320651  
7138.201433  
7195.52239  
6474.985169  
7121.737134  
7120.017513  
6768.456079  
6728.987069  
6981.23075  
7091.940384  
6746.25196  
6955.611322  
7050.570833  
7168.108803  
6837.847168  
6674.283898  
6904.376178  
6829.7616  
6824.421444  
6684.831352  
6711.024102  
6662.216449  
6647.7504  
7012.326461  
6763.625824  
6763.964285  
6754.416679  
6614.758571  
7005.150104  
6800.227287  
6821.850195  
6763.134833  
7113.716195  
7006.282809  
6587.761773  
6577.797748  
6680.926881  
6357.453514  
6615.866833  
6509.951354  
7180.167159  
6745.262736  
6472.046315  
