8195.050726  
7950.950909  
7741.590876  
7753.540923  
7787.55851  
7855.499813  
7850.962153  
7945.951275  
7968.269335  
7957.476295  
7736.267225  
7900.304871  
7852.474772  
7756.182786  
8028.102313  
7871.313384  
7812.111405  
7797.607404  
7781.075684  
7945.704143  
7817.292376  
7977.520482  
7879.014763  
7947.6118  
7952.426319  
7943.425095  
8021.148065  
8081.055257  
7830.183678  
7887.911117  
8028.48135  
7917.997098  
7955.625831  
7991.718349  
7978.924051  
7919.11199  
8044.827319  
7863.58352  
7909.632002  
7850.724311  
7891.875158  
7982.287312  
7995.393506  
7859.419109  
7997.61937  
8147.8489  
7888.271628  
7904.586912  
8016.523818  
8038.904859  
8073.12064  
8027.342446  
8050.575182  
7947.536891  
8037.352178  
7958.999224  
7951.107134  
7995.047482  
7915.610258  
7956.556431  
7824.994486  
7853.975354  
7868.173544  
7896.723889  
7964.517239  
7891.72542  
8007.793377  
7880.138933  
7921.585589  
7869.193275  
8017.571733  
7984.383631  
8068.686291  
7977.773152  
8124.523959  
7733.677704  
8058.828644  
7892.277373  
8067.145163  
7950.781118  
7951.309915  
7947.773079  
8146.753527  
7978.788724  
8130.869131  
7854.023866  
8273.852373  
8136.344248  
7882.520163  
7870.649895  
7910.986839  
7905.602692  
7961.393705  
8043.232138  
8121.096078  
8208.581992  
8115.431824  
8076.471486  
8114.269507  
8207.967552  
8136.639659  
8145.481359  
8173.250129  
8004.983864  
8113.087895  
7922.390501  
7991.256764  
7945.004674  
7996.557107  
7820.847226  
8017.52985  
7868.235524  
8235.761332  
8263.55622  
7947.60168  
8111.008047  
7970.569462  
8156.511281  
7943.46422  
8156.178747  
8054.514832  
8091.397527  
8032.612386  
8112.509874  
8086.881902  
8170.874765  
8030.627204  
8050.395092  
8105.825948  
8074.546178  
7980.343126  
7957.385565  
8015.085718  
7940.445442  
8171.147069  
7986.085233  
8272.707797  
7899.235651  
8333.813527  
8318.006363  
8129.417259  
8336.941432  
8158.348374  
8135.299586  
8052.246721  
8141.219422  
8041.087302  
8172.017532  
8082.668024  
8194.942297  
8280.302038  
8121.439369  
8135.58285  
8209.603805  
8199.649672  
8194.885806  
8099.796268  
8190.55585  
8113.40081  
8121.355166  
8132.93939  
8174.093648  
8166.764878  
8171.966942  
8133.110553  
8173.981786  
8085.713136  
8161.567393  
8098.140604  
8255.743729  
8145.692241  
8107.345043  
8057.278884  
7968.167041  
7990.434243  
8119.469155  
8246.100072  
8258.528968  
8371.63069  
8219.584334  
8085.356167  
8180.640506  
8100.573848  
7674.179048  
7357.725084  
7708.428798  
7886.493656  
7853.890849  
8139.60989  
8079.716569  
8206.097728  
8160.499621  
8208.50433  
8028.79032  
8169.248614  
8114.151414  
8051.991041  
8049.732347  
8236.277466  
8331.462419  
8183.65235  
8144.6366  
8126.537879  
7973.032937  
7994.872343  
8079.753922  
8056.411202  
8062.999601  
8081.75177  
8110.070693  
8061.624496  
8126.850835  
8055.095365  
8197.236702  
8128.849897  
8016.859931  
8146.785011  
8086.640088  
8244.633472  
8462.02505  
7969.977152  
8148.791033  
7957.982169  
8225.27376  
8244.316117  
8221.651109  
8168.015513  
8218.714036  
8245.007148  
8058.828287  
7889.8689  
7992.546655  
8103.050841  
7804.848627  
8190.302992  
8214.090556  
8103.922278  
