7849.472027  
6919.200991  
7559.673165  
6840.022541  
7036.935602  
7137.342612  
6841.544525  
7111.929179  
6948.9617  
6745.082414  
7284.924145  
7206.428397  
6831.795265  
6989.563757  
6897.663292  
6676.072427  
6762.446407  
7275.94829  
7002.332702  
6907.69901  
6860.66407  
6882.791716  
7050.234378  
7201.744269  
6879.86293  
6828.964353  
7006.498755  
6808.493531  
8013.076439  
7715.968034  
7666.12726  
7347.795156  
7035.012485  
6802.32752  
6740.169728  
6649.998426  
7075.864721  
7313.178852  
7471.314026  
6944.595521  
6844.812454  
7623.168632  
7028.9133  
6897.683472  
6955.220697  
7680.343767  
7230.73373  
6762.639993  
7066.027794  
7979.497552  
7750.375583  
7364.639104  
6850.871194  
7557.819772  
7606.759515  
6975.371839  
7474.186724  
7363.88734  
6910.970552  
7351.60532  
7139.697897  
7161.545397  
7163.488099  
7407.444185  
7717.15173  
7179.675582  
7186.299202  
7377.279305  
7485.751172  
8461.363514  
7457.436693  
7374.81119  
7198.601474  
7226.155506  
7225.33672  
7134.300017  
7476.13508  
7038.671013  
7246.237951  
7096.307409  
7085.350059  
7021.306095  
7417.134917  
7287.047471  
6994.449425  
7611.593068  
7240.34949  
7116.723513  
7440.446526  
7466.099313  
7236.64403  
7912.866748  
7447.506969  
7325.342609  
7321.175867  
7090.698195  
7635.43012  
7311.597226  
7784.84137  
7872.062259  
7574.755199  
7430.51501  
7105.702019  
7159.276775  
6944.538249  
6941.885141  
6792.111585  
6895.636049  
7103.243802  
6973.063099  
6770.673329  
7034.885491  
7149.571864  
7548.79768  
7433.235563  
7441.069334  
7167.264814  
7209.773556  
7094.507797  
7828.874778  
7683.247708  
7423.137802  
7241.379441  
7277.534862  
7284.794266  
7669.88018  
8022.099167  
7186.275216  
7545.85034  
7811.660448  
7886.711441  
7389.411648  
7372.166417  
7553.83942  
7727.988022  
7105.059719  
7818.366204  
7391.190239  
7826.298891  
7805.581925  
7597.181869  
7449.814659  
7357.6674  
7506.072255  
7654.359822  
7422.029353  
7431.307871  
8088.836839  
7603.589026  
7670.721401  
7454.476912  
7164.285852  
7311.907271  
6905.491775  
7912.775402  
7737.516874  
7410.518888  
7243.590269  
7509.360105  
7966.547514  
7449.18819  
7332.051814  
7269.164832  
7555.000154  
7689.226815  
7484.280747  
7216.156318  
7140.49348  
7422.353466  
7568.877599  
7570.620185  
7922.763613  
7688.69979  
7856.999376  
7380.943317  
7615.764288  
8515.926573  
8048.179971  
7346.036567  
7726.525709  
7696.294816  
8021.965066  
7690.27141  
7809.834403  
8441.172426  
7983.860842  
7510.867989  
7849.330938  
7759.11382  
7549.689913  
7384.940196  
7480.99035  
7315.252284  
7552.062868  
7605.819731  
7849.23372  
7356.411726  
7536.697408  
7441.03546  
7296.074348  
7505.185052  
7990.699713  
7937.131107  
7802.509499  
7508.57369  
7936.320694  
7614.47544  
8016.791031  
7524.347666  
7472.304686  
7529.950844  
7484.190483  
7655.162207  
7343.356787  
8174.206014  
7832.016801  
7563.514827  
7745.412891  
7676.724549  
8776.186148  
7814.816447  
7418.4556  
8059.300618  
7782.997083  
8073.680953  
7493.536001  
7938.203739  
7437.532567  
7628.486042  
7457.017849  
7123.980377  
7780.08436  
7339.216473  
7489.688321  
7484.530807  
7307.483062  
7561.504217  
7476.930562  
7562.845003  
7479.251266  
7268.417037  
7427.667318  
7851.047113  
7954.000891  
7596.337912  
7288.905901  
7498.466943  
7210.472032  
7329.199838  
7076.920847  
7660.983752  
7279.329085  
8041.534464  
7387.444388  
7109.713118  
7142.25173  
7001.041564  
7276.752615  
6913.706553  
7361.277879  
7399.00901  
7606.823363  
7118.498851  
7181.188887  
7560.281532  
6931.265853  
7298.174707  
6790.849737  
7372.883221  
7003.158575  
6939.247988  
7232.731332  
7161.272969  
7147.354542  
6706.516752  
7170.542735  
7184.544537  
7312.337548  
6843.370862  
7020.71195  
6921.145529  
7134.614003  
7196.587068  
8002.709642  
7102.132729  
7047.436897  
7064.76063  
6597.309067  
7319.945088  
6900.500316  
7079.940461  
6732.526901  
7277.859817  
