0.8793793061  
0.06355236247  
0.3484715413  
-0.07101698361  
-0.5278031851  
-0.7282951322  
-0.417695653  
0.2497213223  
-0.349393587  
-0.7131787747  
-0.6842438601  
-0.4791143731  
-0.5667715966  
-1.036749367  
-0.5817679944  
-0.347177597  
-1.272633329  
-1.047681969  
-1.177648783  
-0.686286198  
-1.200912877  
0.4069486602  
-0.804867592  
-1.210972711  
-0.740617637  
-1.181604293  
-0.6358487381  
-0.9024527804  
-0.8231117539  
-0.774986517  
-0.9513763845  
-0.5323162416  
0.278564206  
-0.8130133848  
-1.259296532  
1.325140022  
-0.4242298163  
-0.7954432903  
-1.489060798  
-1.149040624  
-0.6514923941  
-1.482209375  
-1.715382509  
-1.6790267  
-1.176535366  
-0.184170667  
-0.4289384308  
0.1302152254  
-1.385824119  
2.619401749  
0.6471544782  
-0.584674397  
-0.787143227  
-1.311826907  
-1.067924596  
0.3638762206  
-0.2034871153  
-1.566929148  
-0.1071834975  
-0.6381059541  
-0.227929566  
-1.183237911  
0.1585691221  
-0.5015368566  
0.4057376067  
1.94324781  
0.4419719069  
-0.6564405015  
-0.482800393  
-1.317617274  
-0.3429972993  
-0.2940319043  
0.1308396166  
0.9269623621  
-0.370242229  
-0.4506066235  
0.3705207927  
-0.8087703518  
-0.7899294215  
-0.9626579215  
1.514541002  
-0.1721013365  
-0.7463578789  
-0.2602089354  
-0.5406380493  
-0.8385994701  
0.1539843755  
-1.193513087  
-0.6771001298  
-0.6146365946  
0.009373411685  
-1.224064311  
1.170870006  
-0.3071558499  
-0.07340411119  
0.2717383896  
-0.1881834476  
0.006112415031  
-0.3335180378  
-0.5122142371  
-0.8299155439  
0.4239134415  
-0.4459879213  
-0.899264654  
-0.6027538173  
0.8223271088  
-0.2610264863  
-0.2982437375  
1.401451099  
-0.1182516047  
1.282551906  
1.324015438  
0.1555727161  
0.9196587948  
-0.3824151889  
-0.1668513942  
-0.3972204983  
-0.512565805  
1.381513623  
0.3249800002  
-1.090061352  
0.4297401732  
-1.22711963  
0.1117640294  
-1.068828322  
1.546092306  
-0.3260655456  
0.6835126113  
-0.6455544013  
-0.9070980686  
-0.997764188  
-0.04431879287  
-0.4271262851  
-0.0261637072  
-1.105668196  
1.936163519  
0.5516900841  
0.8617913489  
-0.08007826148  
0.08545793496  
-0.5013108789  
1.949180323  
0.306479337  
-0.8653808568  
-0.2949126359  
-1.375987674  
-0.8534521778  
-0.9167861664  
-0.2539172758  
-1.366275376  
-0.6501180069  
-0.8599179752  
-0.575674923  
-1.162544826  
0.9425945276  
-0.2193608886  
-0.5740597879  
-1.099459609  
1.383721078  
0.09227220042  
-1.000385272  
0.8108518393  
0.005251172751  
-0.9036128932  
-1.018623881  
0.07728453132  
0.1551561995  
0.186798439  
-0.1691389853  
-0.5086405305  
-0.5507765281  
-0.612572301  
0.5037101942  
0.8323024877  
-0.5249653445  
2.125117955  
0.3516871623  
-0.6436098176  
1.671133824  
0.6045763443  
0.378549336  
1.145207166  
-0.1342435341  
0.1996249076  
-0.0503251182  
0.7945188003  
0.07535130898  
1.477559331  
1.050738004  
0.7404195253  
-0.3310880774  
2.630856671  
2.022252083  
0.2285408908  
0.5015174895  
0.7656097507  
0.1637753385  
0.9020775375  
0.6851056893  
0.1569567572  
0.7338843507  
0.855583264  
1.555082912  
2.503437013  
0.4762658037  
3.54617458  
0.5646406186  
0.3031578081  
0.3895407877  
0.3406843037  
0.6370555423  
0.2366412172  
0.2098436086  
3.087418521  
1.310628184  
2.041731234  
2.280191296  
2.341441184  
0.4985050212  
0.1688833081  
1.531975652  
0.2734461933  
2.135730649  
2.438834777  
2.858797155  
