8120.314104  
7907.403502  
7261.878851  
7116.762699  
7425.465569  
7252.12618  
7288.47605  
7493.91549  
7295.658963  
7155.396493  
7143.705383  
7436.434354  
7711.403221  
7429.872182  
7993.1919  
8077.316775  
7165.690117  
7469.812212  
7365.827991  
7326.726571  
7197.335944  
7347.912562  
7261.933131  
7229.2505  
7070.786198  
7925.912929  
7438.450973  
7145.940135  
7368.270225  
7492.34238  
7216.407563  
7767.841529  
7553.892967  
7755.14382  
7348.970619  
7372.610434  
7458.452006  
7233.95337  
7376.545953  
7244.939681  
7306.273425  
7631.692767  
7413.107124  
7599.705244  
7726.38856  
7672.912272  
7417.4461  
7294.96552  
8030.156419  
7589.397747  
7348.100708  
7439.242132  
7625.027782  
7452.723791  
7802.33756  
7379.676516  
7341.049744  
7535.291097  
7369.603542  
7528.293059  
7858.363181  
7187.067953  
7398.250043  
7393.842218  
7129.611258  
7309.90578  
7505.933619  
7655.508253  
7830.490508  
7334.603556  
7517.021558  
7397.497878  
7570.812247  
7525.191795  
7994.793737  
8104.247825  
8130.960581  
7302.428486  
7500.008735  
7638.728951  
7329.980986  
7275.40688  
7481.89637  
7341.035722  
7300.637547  
7409.350851  
7651.599886  
8225.410174  
7953.312037  
8158.030104  
7634.192842  
7297.814462  
7248.569935  
7384.104906  
7993.512679  
7459.36876  
7292.874185  
7188.417306  
7405.438931  
7347.093066  
7656.650385  
7585.511918  
8291.848392  
7466.923655  
7391.342883  
7280.415816  
7602.780202  
7774.562132  
7456.715177  
7635.731347  
8203.694197  
7693.681251  
8208.83793  
7766.387943  
8391.751258  
7817.104417  
7667.089922  
7989.503576  
7877.75108  
8678.764265  
8535.971916  
8805.04223  
7668.457108  
7937.27916  
7808.92689  
7645.496038  
7704.530813  
7822.897468  
7520.837829  
7994.692156  
7735.96424  
7412.950597  
7596.622391  
7783.723402  
7335.255095  
7511.901291  
7096.359157  
7115.760194  
7428.854578  
7366.871205  
7625.877404  
7274.862376  
8109.022065  
8425.320717  
7599.910921  
7833.407349  
7690.013437  
7367.55812  
7539.787825  
7513.118997  
7393.103753  
7855.954018  
8386.167054  
8069.360409  
8012.015597  
9145.918553  
8042.739594  
7456.488494  
7417.509197  
7454.066653  
7357.756088  
7732.756178  
7539.459826  
7531.42774  
7564.507641  
7374.664102  
7729.340584  
7020.149063  
7633.644223  
7281.194971  
7582.474118  
7368.229694  
8123.068497  
7423.863398  
7588.087637  
7752.008221  
8510.449463  
7615.219023  
7418.954852  
7372.244558  
7378.960027  
7729.410369  
7951.014932  
7672.912307  
8265.996852  
7545.645466  
8104.702504  
8207.166325  
7450.790355  
7506.354654  
7119.01531  
7553.350685  
7516.596658  
7414.767417  
7516.068703  
7564.437889  
7681.90578  
7622.788121  
7769.823436  
7737.61452  
7224.336189  
7301.813398  
7201.62696  
7539.410466  
7230.984971  
7493.729401  
7249.021274  
7605.374879  
7280.124198  
7183.410821  
7555.594411  
7387.649011  
7800.552138  
8181.153751  
7563.669891  
7541.141403  
7936.858517  
8033.584652  
7506.419671  
7293.69774  
7266.409992  
7248.385909  
7494.24843  
7282.26862  
7389.99544  
7273.103485  
7329.078522  
7261.88725  
7387.34255  
7266.285417  
7812.834189  
7587.035415  
8274.076005  
7583.944956  
7580.791311  
7812.863616  
7745.414145  
