6077.131835  
5631.581253  
5958.454193  
5783.276122  
6001.930567  
5863.020371  
5843.206929  
5894.307905  
5812.535842  
5709.045817  
6234.259865  
6228.814695  
5946.872716  
6006.082264  
5864.065091  
5813.362277  
5924.143432  
6221.097426  
5951.68801  
6021.241703  
5898.858006  
6107.670453  
5865.713315  
6006.56295  
5968.41131  
6043.763777  
5804.6427  
6141.745259  
6382.630771  
6207.062935  
6557.474826  
6125.398939  
5888.466684  
5821.169209  
5726.792606  
5946.484533  
5784.332805  
6059.314039  
5957.500142  
5788.876649  
5690.242247  
5838.200004  
5594.79241  
5553.600491  
5494.992529  
5842.257173  
5728.049064  
5601.40993  
5572.594901  
5983.194427  
5966.589569  
5616.429652  
5569.780131  
5735.179574  
5910.53595  
5729.4382  
6169.248138  
5957.463016  
5819.182092  
5913.075011  
5854.480775  
5940.891843  
5814.418823  
5812.775956  
6110.164224  
5694.339396  
5713.359179  
5794.476758  
5907.366399  
6136.699954  
6034.762088  
5931.087949  
5974.772321  
6043.104343  
5813.582975  
5864.758817  
5774.853027  
5657.139827  
5743.742922  
5780.492626  
5748.748615  
5763.517183  
5923.493881  
6002.37275  
5975.519359  
5990.703851  
5839.374278  
5761.135503  
5986.877723  
5901.303958  
5890.1387  
6194.075387  
5845.861358  
5965.723662  
5892.871354  
5815.153528  
5935.122736  
5826.419234  
6046.407301  
6291.824056  
6293.578237  
5901.143213  
5818.484659  
5841.070004  
5696.783033  
5666.524225  
5635.86839  
5720.940349  
5724.375207  
5751.417166  
5592.797817  
5764.708151  
5901.692485  
5957.803146  
5903.309584  
6011.640776  
5804.379533  
5942.345553  
5967.113936  
6262.933317  
6286.328854  
5952.476869  
6020.048385  
5962.865969  
5917.01461  
6131.015932  
6387.425245  
5821.97322  
6049.233387  
6208.096075  
6232.356146  
5940.176985  
5962.971754  
6040.406998  
6162.374936  
5826.513546  
6238.250929  
5900.3606  
6186.924326  
6227.4886  
6186.504393  
5929.390947  
5934.740711  
5959.515559  
6206.298306  
5829.453462  
6076.119304  
6294.595302  
6108.823151  
6028.608137  
6055.334692  
5842.974397  
5930.662779  
5686.011702  
6273.255261  
6046.659767  
5954.112246  
5877.294164  
5943.062212  
6112.630568  
6013.630222  
5863.307795  
5991.21505  
6401.037171  
6161.463946  
6009.73469  
5866.477825  
5906.477741  
5876.384891  
6005.865999  
6079.291694  
6342.646652  
5992.009752  
6182.420509  
5910.139926  
6166.304004  
6337.701375  
6231.231299  
5955.028246  
6096.315216  
6097.729738  
6298.076422  
6168.550009  
6073.725779  
6181.865823  
6317.657539  
6035.102101  
6183.322727  
5967.376362  
6171.820656  
6000.167476  
6134.775672  
6075.091132  
6068.264076  
6030.05595  
6241.100238  
5937.08698  
6093.318485  
5983.697641  
5892.078362  
5972.409068  
6403.221544  
6127.83006  
6186.65648  
6048.994182  
6341.438269  
6028.762145  
6260.012325  
5927.775615  
5986.233948  
5971.023018  
6034.746126  
6019.173418  
5993.296065  
6362.545685  
6119.687196  
5984.982563  
6004.491035  
6043.195982  
6623.797144  
6320.297737  
6079.588811  
6131.52915  
6311.891345  
6608.153306  
5886.757133  
6216.80758  
5890.734346  
5872.085709  
5542.064015  
5410.383276  
5847.995191  
5668.983857  
5737.725607  
5835.079454  
5765.167542  
6021.926357  
6141.258024  
5946.406655  
5991.357119  
5675.995568  
5661.412645  
6114.558046  
6340.563796  
6044.577014  
5953.855082  
6055.334511  
5913.880351  
6016.855594  
5823.346259  
6298.782077  
5878.388277  
6293.619897  
5929.873871  
5848.248923  
5728.808428  
5850.51937  
5852.965772  
5861.038993  
6127.240601  
5966.991455  
6033.799687  
5751.022231  
5798.883022  
6005.140122  
5721.60834  
5857.996196  
5598.579857  
5842.353569  
5739.885009  
5583.237695  
5677.385695  
5949.823688  
5851.837821  
5798.837037  
6210.677787  
5973.789831  
6084.052779  
5770.439758  
5797.556764  
5884.372571  
6158.949823  
5985.735815  
6574.641301  
6098.076176  
6029.543359  
5858.312501  
5960.489218  
6155.074454  
5787.254646  
5716.596475  
5641.661124  
6079.637254  
