6355.370541  
6230.957689  
6066.107959  
6013.671365  
6306.610444  
6425.622501  
6363.149507  
6526.415011  
6342.959296  
6339.339631  
6266.262115  
6407.821435  
6634.146867  
6313.317478  
6614.312697  
6980.281859  
6156.727311  
6562.767302  
6425.052761  
6373.185212  
6568.801817  
6268.390121  
6352.239856  
6297.975937  
6453.814843  
6777.117968  
6820.673686  
6369.219383  
6416.820379  
6535.081141  
6301.36691  
6592.629842  
6249.734744  
6605.089926  
6535.037357  
6391.913865  
6387.761335  
6206.513366  
6336.06844  
6172.769355  
6262.397691  
6560.837147  
6591.294738  
6330.995133  
6870.072144  
6929.894361  
6256.437313  
6308.331013  
7090.152852  
6678.577343  
6371.420434  
6570.116493  
6467.741688  
6422.57674  
6617.434016  
6514.188973  
6303.240437  
6072.67978  
6501.218906  
6442.010043  
6391.065216  
6272.101085  
6287.306312  
6351.76465  
6111.628276  
6348.983256  
6459.126493  
6723.846636  
7017.217885  
6888.763002  
6444.413869  
6469.361185  
6620.091169  
6562.437429  
6801.070766  
7109.49438  
6968.781002  
6146.751906  
6334.66462  
6488.986366  
6263.860645  
6238.832959  
6480.039343  
6369.662849  
6040.443509  
5994.028621  
6317.47096  
7136.147611  
6960.539773  
7323.973072  
6838.275692  
6132.488698  
6202.977344  
6293.298785  
6927.067181  
6391.556979  
6340.408654  
6324.668636  
6433.044938  
6435.643749  
6772.156837  
6817.618541  
7061.119293  
6253.880395  
6413.563211  
6446.275217  
6697.322245  
6631.865953  
6578.698325  
6857.114859  
7032.994675  
7036.62839  
7220.883032  
6986.621048  
7687.724479  
6743.12487  
6460.068081  
6800.976712  
7010.728209  
7797.529442  
7546.031462  
7871.134856  
6619.274543  
6754.298318  
6768.50347  
6791.238709  
7127.883409  
6795.797698  
6423.746553  
6699.778254  
6345.137805  
6484.815822  
6393.104159  
6145.697402  
6161.152436  
6261.097104  
6269.36745  
6558.186825  
6472.708771  
6405.706635  
6618.443356  
6285.576537  
7302.367868  
7463.064646  
6359.028684  
6684.713927  
6564.213446  
6458.282105  
6527.617977  
6488.775582  
6347.843984  
7003.733072  
7151.146339  
7405.692773  
7388.372289  
8157.910496  
7327.715913  
6158.175163  
6524.036278  
6491.324141  
6420.666705  
6567.261519  
6381.049971  
6185.874162  
6305.745177  
6407.426894  
6487.493127  
6218.019067  
6542.073225  
6375.137647  
6697.630177  
6395.804667  
7183.551446  
6731.902365  
6559.156548  
6984.635076  
7348.591616  
6426.806157  
6422.319588  
6395.775924  
6445.136196  
6882.511509  
6920.208973  
6804.533508  
7361.715744  
6490.62173  
7044.483269  
7276.765698  
6842.56465  
6293.431991  
6283.889851  
6407.694276  
6494.984531  
6465.367234  
6536.220045  
6604.896106  
6653.929875  
6700.335632  
6729.099662  
6863.93279  
6329.087833  
6341.969952  
6346.677745  
6792.882336  
6589.056911  
6373.147629  
6420.138679  
6305.423631  
6496.841719  
6737.503298  
6574.62111  
6512.732679  
6686.636431  
7151.123144  
6846.365013  
6853.274819  
6944.568375  
7162.311389  
6661.835792  
6247.537459  
6352.036252  
6720.410864  
6509.1142  
6338.272477  
6418.410155  
6402.919226  
6385.87811  
6430.659129  
6436.255781  
6385.993703  
6605.617416  
6771.919987  
7120.175001  
6720.382879  
6796.066959  
6841.058998  
6930.015964  
