0.6897067162  
0.2930065238  
0.4620872042  
-0.1564192222  
-0.3527135998  
-0.2497269771  
-0.4153509136  
-0.2457418139  
-0.1489613783  
-0.4746054529  
-0.6204261988  
-0.4168277779  
-0.723918528  
-0.5011375242  
-0.8447324027  
0.2460766232  
0.0846908586  
-0.7254077167  
-0.3428843474  
-0.9595639755  
-0.4549486827  
-0.5170181484  
-0.6172700032  
-0.5211227993  
-0.8213678331  
-0.7507459028  
-0.271353593  
-1.001907992  
-0.771589598  
-1.114436555  
-0.3100664427  
-1.113902052  
0.1618009582  
-1.19246671  
-0.1062339463  
0.04134596365  
-0.9727534263  
-0.7768757894  
-0.5443884249  
-0.3711393297  
0.3611359948  
0.5128499146  
-1.286340509  
-0.2740390725  
-0.501261952  
-0.7415653664  
-1.081635482  
-0.1364510346  
-0.4443554824  
-0.98422939  
-0.6818167129  
-0.8018847555  
-1.06052199  
-0.529107679  
-0.3178516593  
-1.128628907  
-0.8405848379  
-1.008724938  
-1.17428118  
-0.2233891412  
-0.3553658761  
-0.09247506541  
0.02447694005  
-0.534385169  
-0.6155117965  
1.018168572  
0.4349915237  
-0.4356040866  
-0.1222889107  
-0.2880806315  
0.3919902339  
0.6582224403  
-1.028311006  
0.9533828606  
0.2376633603  
-0.1990878784  
-0.3400353183  
-0.03388215616  
0.1291098404  
-0.6230297607  
-0.3910037563  
-0.5469270378  
-0.8749767502  
-0.5747967641  
-0.8190391432  
-0.3051465626  
0.7835442182  
-0.9756244076  
-0.5950722513  
-0.9284695883  
-0.03863670358  
-0.6006748837  
-0.6710043458  
0.1456294565  
-0.7401681907  
-0.5275228999  
-1.406989643  
0.1746043523  
-0.4942482272  
-0.03761494355  
0.8919838809  
-0.3543094573  
-0.07647306255  
-0.03819044775  
0.3015351916  
-0.2852340956  
0.5911589752  
0.3659429265  
0.005503390667  
-0.8252691627  
-0.0009345865073  
-0.4441081794  
-0.6390320756  
-0.1943115933  
-0.4160194095  
-0.5730525883  
-0.2972914686  
-0.7528607358  
-0.6112331907  
0.8585058346  
-0.1603006616  
-0.6220948749  
-0.7506568606  
-0.5770106594  
-0.6037591436  
-0.5442704352  
-0.6918927938  
-0.2840770776  
-0.617761832  
-0.6373388013  
-0.7500773484  
-1.152633591  
-0.9940778195  
-1.167283027  
-0.7503247784  
0.4260366337  
-1.030309126  
-0.8157286871  
-0.8442672614  
-0.8027079028  
0.2803674706  
-0.9164983018  
-0.4257872576  
-0.8417477355  
-0.9857363452  
-1.267868303  
-0.7529712258  
-0.5850506359  
-1.054493902  
-0.7169936687  
-1.053958996  
-0.2682991432  
0.1606935273  
-1.127497213  
-0.8280829954  
-1.007997267  
-0.9114885451  
-0.9479483373  
-1.039315836  
-0.8740024863  
1.497755805  
-0.7512595565  
-0.6114176938  
-0.8162517672  
-0.7913345281  
-0.8236296397  
-0.7081559319  
0.2360583096  
-0.1002290681  
-0.6632667836  
-0.813137075  
-0.309784511  
-0.2742162371  
-0.8417836347  
-0.09055057348  
-0.5757934839  
-0.8381575958  
-0.8809075669  
-0.5811437541  
-0.6746081562  
-0.8527058892  
0.01475469789  
-0.6743086558  
-0.7385576915  
-0.5534439646  
-1.039058792  
0.0408988941  
0.2993867125  
0.01548484429  
-0.2354282169  
-0.4777627176  
-0.7216601743  
-0.5553412836  
-0.3304910506  
-0.9130640143  
-0.4488536127  
-1.007846544  
-0.4398885238  
0.0391041952  
-0.8219457116  
-0.7962165959  
-0.9119128583  
-0.6782567446  
-0.7748103496  
-0.650711513  
-0.6487332824  
-0.853861488  
0.008039666861  
0.5076272638  
-0.8399610158  
-0.6531556873  
-0.3843634409  
-0.1031194266  
-0.554716793  
-0.2949284167  
0.6987950756  
0.4654931401  
0.02888905101  
-0.5894006126  
-0.3835489542  
-0.9370981526  
-0.7168320664  
-0.6488283087  
-0.5690227765  
-0.5102050301  
-0.5564871771  
-0.5602712138  
-0.5048914741  
-0.4667721475  
-0.6155495204  
0.6056794176  
-0.1419069321  
0.4655237771  
-0.91723134  
-0.4591824196  
0.01084306414  
0.4665174757  
-0.7957535734  
1.020260899  
0.9184927584  
-0.05109478742  
0.2146404975  
-0.4680345867  
-0.001160087118  
-0.4389417878  
1.258434814  
1.535996288  
-0.3593874045  
-0.524791754  
-0.5380412221  
-0.385423994  
-0.1063790925  
-0.7911679746  
-0.2697904459  
-0.264856665  
-0.6617086461  
-0.4060369098  
-0.5542925263  
-0.4723627497  
-0.5825810503  
-0.4457466905  
-0.4030319942  
0.247897133  
0.02194355397  
-0.1715242178  
-0.04977193764  
-0.6537587497  
-0.09162661763  
1.163441436  
-0.2036883733  
-0.8140266998  
-0.4497942834  
0.1940902124  
-0.7802824785  
-0.1018006814  
-0.6291978921  
-0.3000837446  
0.0756748582  
-0.9084901361  
-0.05162589496  
-0.6678344013  
-0.2000564505  
0.5999070451  
-0.2310095125  
-0.0906503333  
0.2952747294  
0.5726612567  
1.076171297  
0.289855899  
-0.06129095832  
0.9031383224  
0.08387500395  
1.294461094  
0.8053040362  
0.5000698815  
1.729165234  
2.820854021  
-0.05354477567  
-0.1554978245  
1.221263835  
2.237062579  
0.1155221341  
0.3050065948  
1.378656114  
-0.6552387926  
0.08838173971  
0.1635083004  
0.9288705877  
0.4578980745  
0.4523907571  
1.587487286  
0.2723596677  
1.758298797  
0.8139135879  
-0.4198510779  
-0.01698958621  
1.810788184  
0.1531539263  
-0.192063556  
-0.09441348084  
0.2581199269  
-0.09845718132  
0.5834620529  
-0.3415796386  
-0.02582158985  
0.4434566472  
0.2804679309  
0.8687006466  
0.7824924284  
0.5612120882  
0.04962076234  
1.197851443  
0.2734976888  
0.04174376859  
-0.06708414821  
0.5391132337  
0.03071079763  
-0.2571536233  
0.4448313175  
0.0400406873  
0.6494380471  
1.317024396  
0.8769076355  
1.119030762  
2.128464502  
0.4620103628  
1.203869461  
1.110114626  
0.5800887966  
0.5316827754  
0.0005285426056  
2.193303448  
-0.3204222071  
0.2893265433  
1.116123665  
3.120204219  
1.46013636  
0.2991615058  
2.93356481  
3.135020787  
4.432289098  
2.060124388  
0.2999133407  
0.2370672063  
-0.02013691636  
0.3028959609  
-0.1085468572  
0.4450215817  
0.07602702142  
0.4820689038  
-0.04118047173  
-0.2530481063  
0.8339492179  
0.9683489328  
0.4642697053  
0.467483587  
1.51387929  
2.379191604  
1.219334999  
0.978767689  
2.622356481  
3.599518078  
4.373401311  
2.110654527  
-0.8449710016  
0.4337619577  
0.1023566602  
0.3756335665  
0.8105795991  
0.6179485141  
2.344260605  
1.476288837  
2.678168504  
3.821107232  
4.096862892  
4.33047419  
4.786949403  
4.236824349  
