7658.97419  
7404.549993  
6860.551693  
6963.387673  
6780.485943  
7294.022368  
7289.491015  
7278.737516  
7772.75948  
7422.462484  
6950.582603  
7509.197757  
7215.120097  
7159.594055  
6931.493158  
7557.074125  
7232.916452  
7066.574597  
7339.603859  
7019.937454  
7074.6218  
7242.543575  
7116.746448  
7029.25557  
6990.445317  
7058.39101  
7148.834212  
7016.4214  
7315.307113  
7108.784148  
6922.684331  
7106.753833  
7190.272632  
7151.485851  
7073.516071  
6950.650763  
7381.040481  
7245.479923  
6982.583444  
7105.339935  
7575.791166  
7661.657865  
7207.351518  
7044.31618  
6862.832115  
7541.780475  
7255.592358  
7019.540619  
6992.318056  
7278.215317  
7307.478234  
7102.942205  
7208.887686  
7041.79463  
7962.637775  
7296.847517  
7578.588146  
7592.092361  
7173.644747  
7186.195351  
7203.461903  
7374.891166  
7366.41375  
7663.110181  
7692.822665  
7537.686909  
7326.202728  
7846.420336  
8150.927406  
8105.051065  
7880.952596  
7361.623052  
7499.202484  
7584.885226  
7528.189853  
7397.404322  
7423.458143  
7698.242203  
7537.388772  
7535.273298  
7529.675687  
8945.601439  
7535.561937  
7894.442608  
7440.911747  
7331.887228  
7183.089518  
7484.860596  
7513.23926  
7170.189457  
7532.472715  
8569.027565  
7996.63838  
7875.307311  
7304.109292  
7796.971502  
8013.354155  
7503.75164  
7280.065015  
7658.698906  
7656.061115  
8350.185617  
8203.310661  
7563.052956  
7559.458197  
7790.168552  
7883.312968  
7542.839778  
7820.682504  
8851.942664  
9089.234117  
9069.403586  
9116.857562  
7933.278899  
7490.310137  
7771.44658  
7767.474884  
7693.198027  
8026.694673  
7759.655029  
7464.072921  
7325.427827  
7483.936561  
7885.144371  
8047.59388  
8444.250249  
8606.00967  
7924.842818  
7320.647393  
8236.056681  
9121.435383  
7929.406815  
7622.15293  
8135.934892  
7963.226377  
7551.821296  
7399.019596  
7412.049873  
7466.932072  
7493.03906  
7377.423935  
7690.835337  
7584.246076  
7416.122944  
7435.438312  
7457.944802  
7349.291137  
7287.579823  
7166.152226  
7294.170025  
7137.339706  
7171.115092  
7003.43861  
7469.153457  
7259.500122  
7077.539137  
7103.471867  
7444.553043  
7929.764907  
7406.072487  
7727.103124  
7664.536173  
7179.490866  
7695.810803  
7361.481936  
7234.668955  
7146.891091  
7325.732526  
7550.179479  
8120.352483  
8423.706705  
7723.425679  
7312.317661  
7353.096013  
7251.168337  
7347.645149  
7410.5652  
7301.343684  
7133.317628  
7869.015024  
7379.688426  
7040.87847  
6924.562409  
7061.570435  
6806.378067  
7690.505278  
7216.06044  
7582.592184  
7768.154644  
6990.865031  
7590.027905  
7188.436598  
7091.808859  
7895.258648  
8317.672636  
7821.226048  
8791.806418  
7522.615132  
7450.949768  
8080.103137  
7347.157738  
7275.587833  
7440.54933  
7372.615537  
7427.064427  
9144.850742  
8740.9845  
7443.783728  
7621.391622  
7142.155438  
7235.337347  
6980.089788  
7013.939554  
6890.458079  
6956.823432  
7069.086866  
8249.982985  
8028.257899  
9453.049101  
7858.85027  
7228.87816  
7337.251885  
7637.498777  
7148.526006  
7322.824027  
7339.191764  
7661.200005  
7361.699496  
7915.348726  
7715.162047  
7461.071313  
7858.109426  
7646.389414  
8832.346955  
8752.674464  
8450.469679  
8117.09921  
7947.715983  
7492.568056  
8109.521494  
7907.798303  
7795.551311  
7201.373685  
7346.641313  
7560.35592  
7703.198039  
7436.992177  
7431.744278  
8105.627518  
8114.945537  
7384.797977  
7798.208203  
8650.499415  
7848.600777  
7673.432028  
9084.153334  
8140.702874  
7369.777142  
7771.736179  
8073.829261  
8852.412607  
8046.126022  
7630.129099  
7705.072229  
7635.590335  
7505.081535  
7772.70732  
8231.789719  
7987.049587  
7782.709981  
7805.707268  
8616.264268  
7716.754802  
7903.859435  
8192.916267  
8866.738101  
9245.391552  
9413.90788  
8136.971728  
7381.989015  
7671.555279  
7423.659278  
7684.42245  
8311.823079  
8650.765962  
7529.98354  
7858.100129  
8338.13662  
8895.359025  
8223.254868  
7986.638034  
7589.322103  
7532.911991  
