-0.1779304961  
-1.367051703  
-1.379405639  
-0.4505035478  
-0.69013103  
-1.144932876  
-1.276120727  
-1.170984118  
-0.7521805147  
-1.283365511  
-0.6540939537  
0.03217199752  
-1.317235324  
0.05246902576  
-1.149059824  
-0.02049641451  
-0.8032756435  
-0.2879461836  
-0.2659673661  
-0.4032873837  
0.747749863  
0.3138491677  
0.7188552152  
-0.02107065135  
0.2410985926  
1.404599239  
0.4716713988  
2.625804274  
0.5943960737  
-1.092681985  
0.08581291514  
0.1462558335  
-0.05121423113  
1.349612066  
-0.3610204314  
-0.4216392041  
-0.9674799848  
0.05516825345  
-0.7030715444  
0.6700516852  
-1.043633021  
-0.02941851296  
0.05691502359  
-0.3494878375  
0.7993160129  
0.6390138028  
-1.165833447  
0.700167643  
0.04657131646  
0.1404435436  
0.4593999402  
0.5477864656  
0.2236756269  
-0.4165842342  
1.216450657  
2.296157258  
1.681190039  
-0.2657291209  
2.373537336  
0.5560413057  
1.401368001  
-0.766407996  
-0.09079189973  
1.482734488  
1.184058765  
2.680929364  
0.2949824965  
-1.502509927  
0.2455609823  
1.601821855  
-0.07995744803  
1.102176865  
0.09205999248  
0.8132413129  
2.241138331  
1.580327136  
-0.5461549141  
-1.270910523  
-0.05728118953  
0.7070029318  
0.2804126605  
0.3144078057  
1.030901872  
-1.122528302  
-0.4708344844  
-0.1905953913  
-0.3106315452  
0.197858902  
0.6296102521  
-0.605065885  
1.057407238  
1.549483186  
2.073518396  
1.220283689  
-1.11878152  
-1.412445255  
-0.3075860758  
-0.4997101419  
-0.3382587841  
-0.6609343388  
-0.3843681511  
-0.4834274409  
0.1712709707  
-0.491626245  
-0.2097588604  
-0.6335429976  
-0.5415227779  
-0.2450521258  
-0.8775415552  
-0.8839318122  
-0.2370007501  
-0.9265963106  
-0.6563482456  
-0.8892717603  
-0.3941792655  
-0.6810558949  
0.06053879751  
-0.9106778334  
-0.3154977505  
-0.3399932694  
-0.2012397342  
0.7350618715  
-0.4486414217  
-1.036570707  
-0.6055481528  
-0.5217198468  
-0.3195912172  
-0.03564708453  
0.4371125491  
0.5149207525  
-0.5576422689  
0.1838365364  
1.141099544  
0.7181292195  
1.66207385  
0.07265838404  
-1.048115249  
-0.6197586536  
0.582853639  
0.1409279281  
-0.8531914306  
-0.9206535398  
-0.8866538777  
-1.012496367  
-1.428316975  
-0.8951343392  
-0.8459840236  
-1.116361716  
-0.8882375973  
-1.189756736  
-1.054056253  
-1.063277676  
0.1238793494  
-0.6976237573  
-0.3433564284  
1.143274797  
-0.2695023772  
-0.9930854122  
0.7074825926  
0.2261559214  
0.132208293  
0.9272586963  
1.514637081  
0.8497348091  
3.189061155  
1.246019797  
-0.7588789401  
-0.2435661821  
0.02468014172  
1.956881373  
3.045582597  
1.011174227  
-1.752506501  
-0.6650529033  
-1.704372052  
-1.469277006  
-1.196897863  
-0.6937714785  
-1.764480726  
-1.531874383  
-1.731289147  
-1.457495121  
-0.2743895387  
-0.5166049464  
-0.8765004929  
-0.8672881095  
-1.059767676  
-0.725577429  
0.7697810943  
1.626445806  
0.9186670358  
0.8310324415  
-1.089845488  
0.2284311366  
0.8222247107  
0.5636484039  
0.4961663562  
2.389315894  
2.458491143  
0.05554371954  
-0.7320094608  
0.7440026571  
-1.135343605  
-0.6091144686  
-0.1119471916  
-0.7902575932  
-1.164898766  
-0.128839706  
0.2608509097  
0.1885320067  
0.7086052953  
-0.9384726751  
0.3992920516  
1.007423951  
1.314915454  
-0.09477840253  
-0.6617854029  
-0.05131740955  
1.051025185  
0.01160183612  
-0.07522517995  
1.225074237  
2.269270933  
0.568846185  
1.205978408  
