1.37582603  
0.1688944143  
-0.0103957757  
-0.1799361332  
-0.4168757577  
-0.1740308425  
-0.5891479506  
0.3142999286  
-0.5720923621  
-0.3579196787  
0.1523199287  
-0.3249207481  
-0.9392814615  
-0.4585243393  
0.0195404973  
-0.3099865665  
-0.9249765669  
-0.7152360382  
-0.9784286266  
-0.5660258359  
-1.026055047  
-0.2022643389  
-0.782040929  
-0.8433502717  
-0.9429284747  
-0.3422626422  
1.366378144  
-1.236294001  
-0.661310931  
-0.3838266228  
-0.9241256359  
-0.5987909577  
-0.3744515486  
-0.6977708  
-0.1539932995  
-0.4773850778  
-0.3130788284  
-0.8936464819  
-1.459529879  
-1.713732487  
-0.6568865294  
-1.181059543  
-1.67154949  
-1.627044063  
-1.221082547  
-0.1094561898  
-0.9878565036  
-0.2965738527  
-1.145105912  
0.9613702087  
1.1383146  
-0.9728444727  
-0.5226909262  
-0.9106155023  
-1.103076828  
-0.6371044653  
-0.6408089604  
-1.195100983  
-0.8753785321  
-0.5269479519  
-0.4157358145  
-0.9808458744  
-0.724527303  
-0.5328503357  
-0.1468555573  
0.009618392011  
0.02362715523  
-0.534665409  
-0.7567271668  
-0.9896160508  
-0.4221110401  
-0.8372542553  
0.0381226573  
0.7495155162  
-0.840583136  
-0.5915970625  
-0.2230831018  
-0.824700028  
-0.8803375728  
-1.119762039  
0.4735429519  
0.1997600361  
-0.9291926198  
0.2387936219  
-0.3856068791  
-0.9334708831  
0.5750538013  
-0.9717281509  
-0.7662293055  
-0.6799258979  
-0.06198403884  
-1.049813966  
-0.1861356048  
-0.4028550818  
0.06022223111  
-0.7697618682  
-0.1196208882  
-0.06456243073  
-0.4793569217  
-0.789379207  
-0.9151940682  
-0.09084063512  
-0.585461614  
-0.9685723227  
-0.5363197709  
-0.2133795633  
-0.4400941002  
0.1117515461  
0.3019596228  
-0.3659479178  
0.3115191604  
1.366898873  
-0.02623288502  
0.7470120798  
-0.5781295929  
-0.377427156  
-0.4261954812  
-0.5646654167  
0.2844788683  
-0.0966133318  
-0.658092151  
0.6988607558  
-0.7600197428  
-0.2729214241  
-0.8448567218  
0.02770659021  
-0.1405827124  
0.8138436789  
-0.8374893524  
-1.010591863  
-0.6579315432  
-0.05206318513  
-0.5506053087  
-0.4445734851  
-0.7981623168  
0.5926680901  
0.2345201412  
0.3505892868  
-0.2590721162  
0.4217947066  
-0.5894928086  
2.635091632  
0.08050000009  
-0.482159081  
-0.4984304853  
-1.016157909  
-0.913460861  
-0.5141644172  
0.219254956  
-1.119797585  
-0.6259925808  
-0.5901486469  
-0.7689320703  
-0.9211294556  
-0.2159241061  
-0.4285324766  
-0.7611695804  
-0.686914039  
-0.02451126606  
-0.4490183859  
-0.7301383169  
0.07341490688  
0.02889290768  
-0.7217740752  
-0.8286976243  
0.06479532777  
-0.03073044797  
1.460330134  
0.06402810313  
-0.3603228561  
-0.6312454094  
-0.5388931923  
0.1914016009  
0.7035871993  
-0.04260435016  
0.8718149482  
0.1611752299  
-0.1600059051  
0.780480378  
0.6932452594  
1.305651552  
1.517870716  
0.4437386576  
1.294306108  
-0.2085009286  
0.6423584657  
0.609728508  
0.9333942018  
1.161738018  
1.887856336  
-0.1709425245  
3.054704685  
2.334979844  
0.6411494289  
1.532991884  
1.299878734  
0.5313771533  
0.7721134286  
1.003171931  
0.3731810669  
0.7279662817  
1.78875228  
2.391400688  
2.767275733  
0.9101555095  
3.404402146  
0.3480779805  
1.060717157  
1.07150271  
0.3839116714  
0.7187205  
0.921462438  
0.5128060781  
3.330603445  
1.879856643  
1.592555141  
2.766227681  
2.649568627  
0.5411373125  
0.9021995675  
2.438045992  
0.7735054127  
2.646770157  
3.308480078  
2.4053948  
