0.8829882651  
1.554840657  
1.056551722  
1.232035511  
1.039273972  
-0.7837868562  
0.1370380249  
1.088877463  
1.236860982  
0.8285349642  
1.428201235  
1.23985294  
1.596126318  
1.256721882  
1.782143192  
0.6261584416  
1.116126579  
0.8498019736  
-1.021702341  
1.830006717  
0.3706648228  
0.07732419331  
0.2595727239  
0.7944523782  
1.804866992  
0.6263706777  
0.2815565425  
0.3354228267  
-0.318667292  
1.056218312  
1.355056634  
0.6966015219  
0.3814286877  
1.208988454  
1.189784323  
0.9923920166  
1.084962014  
0.9827590869  
1.507021359  
0.7133463902  
0.3570450419  
0.9516636341  
1.249176223  
0.9015317202  
0.2747340415  
0.5250785073  
0.8076410408  
0.5332890561  
0.9796920663  
1.36075976  
1.315929832  
-0.2527512606  
-1.497994052  
0.6476214198  
0.9246851973  
1.038630315  
0.2836640869  
0.6445971921  
-0.492922438  
0.3790805323  
1.043342414  
0.8024319986  
0.4597291247  
0.9970037315  
-0.6769721111  
-0.2427527895  
-0.3988027653  
-1.334445113  
-1.484486455  
0.4851151106  
-1.349062613  
0.37802562  
-0.5766980287  
0.3062224043  
0.713977877  
1.490807966  
0.9829836323  
0.5247902192  
0.4081208752  
1.437385953  
1.194198236  
0.9330370114  
0.03843664272  
-0.7914758  
0.4239454348  
0.5215235164  
-0.09502839142  
0.5567093129  
-0.9534009568  
-2.000267779  
-0.935900693  
0.2179768876  
-0.7964331992  
0.7072708665  
0.7758552598  
0.2859471748  
0.1900446206  
-0.1279691182  
-0.508760993  
0.2819600029  
0.8494687505  
0.6236030455  
0.3111183668  
-0.2671011309  
0.2309461511  
0.1483612522  
0.3450311257  
-0.1491347983  
0.5153239527  
0.2342029903  
0.7703379014  
1.166035587  
0.5093121255  
0.6423803197  
0.6483136759  
0.4166885354  
0.2280892098  
0.1220170487  
-1.474218784  
-1.017263541  
-1.339978026  
-0.005181543415  
0.4830110303  
0.6008789436  
-2.829542128  
-1.299501167  
-1.336871577  
-1.967411855  
-0.5531877996  
-0.184062236  
-0.04587020376  
-0.3524369591  
-0.7661826379  
0.2166860596  
0.2850725283  
-1.291859461  
0.03393670942  
0.1354839261  
-0.7034751299  
0.4393868766  
-0.5183313685  
-1.689795081  
-0.6242419211  
-0.7113750875  
-0.2113570888  
-0.6902459911  
-0.8046474385  
-0.8205099338  
-3.10180513  
-0.9883184766  
0.8388333308  
-0.6564072949  
-1.463186031  
0.7896797838  
-0.7573942602  
-2.875248476  
-0.1188665362  
-0.1450609095  
-0.0875652518  
-0.7833671582  
-1.417686702  
-1.756046436  
-1.501614271  
0.483435691  
0.1654299398  
-2.947452744  
-1.922912919  
0.1466236538  
-0.1655951312  
-1.198161876  
-1.759471243  
0.1506919287  
0.1562375893  
-0.02592583105  
-0.07444422538  
0.5941271107  
0.3928222483  
0.6041761112  
0.1437241278  
-0.2259271027  
0.1630506283  
-0.08299583396  
-0.6466342947  
-0.1265956468  
-0.4607711719  
-0.4123167064  
0.5237605025  
0.2380713957  
-0.1917471577  
-0.3082509172  
0.06188062876  
0.02657034068  
-0.1570302975  
-0.2062703498  
-0.4705395426  
-0.898991717  
-0.1671716319  
0.1691393376  
0.6759846863  
0.6292926712  
0.541014572  
-0.08012429794  
-0.3901032237  
-0.6806299525  
-1.287571382  
-1.169687428  
-0.7102658832  
-0.6143858258  
-1.459121324  
-3.461802824  
-1.767888275  
-1.994827875  
0.9536585663  
0.02108033972  
0.3562075854  
-0.2688898567  
0.2042768496  
-0.62185537  
0.250871172  
0.3813923544  
-0.1819036029  
0.2641459797  
1.25183227  
1.036212584  
1.372723802  
1.25526337  
1.231503352  
1.207663882  
1.119571617  
0.9265912777  
1.210789086  
1.504494467  
-0.1672409686  
0.3300134386  
0.1081646965  
-0.3318249994  
0.7136370913  
-0.5374886644  
-1.268059076  
-1.428093384  
0.08305425158  
-1.45302553  
0.6827409521  
-0.1388567418  
-1.001957972  
-0.2065743789  
0.04421203699  
0.855757971  
0.3091167392  
0.07798685539  
0.3181927919  
-0.2645684636  
-0.7374722654  
-2.954571265  
-0.8232858442  
0.5386220977  
0.8515230115  
0.4216777863  
-0.2938133969  
0.4440343395  
0.9467985085  
-1.395125147  
-2.386632999  
0.04201793422  
1.088606525  
0.3407383829  
-0.2557852168  
-0.5080978621  
-0.8729942185  
-1.284410422  
-1.400861434  
0.6373239024  
0.3831866567  
0.5486348414  
0.2169240707  
0.4222833279  
0.8911215722  
1.192498132  
1.577683376  
0.8718507842  
0.8763948379  
-0.3511975944  
-1.992232359  
0.8907103294  
-0.05907523439  
-2.756312778  
-1.950599576  
-0.3703423778  
0.2633598197  
-0.4113906495  
-1.101452413  
-2.318539177  
-2.693193618  
