-0.372614118  
-1.36026785  
-1.027270557  
-1.567191722  
-1.603867628  
-1.598849106  
-1.319506402  
-1.269882648  
-1.245119157  
0.6203217124  
-0.3285882898  
-1.895939294  
-0.06207333305  
-0.6313721754  
-1.086391691  
-1.604120152  
0.3491886152  
0.2966398824  
-0.8683601465  
-0.7979998162  
-1.576278815  
2.424105392  
1.150460737  
0.4032481609  
0.6537707109  
-1.872715362  
1.095836409  
0.4825976962  
1.14885954  
-0.7533137987  
-0.236810986  
0.533545525  
0.1198083191  
-1.080246302  
0.03075335779  
-0.4431068686  
-1.060602953  
-0.3952118333  
-1.375808809  
-0.9319688759  
-0.9805603902  
-1.54941798  
-0.8932318378  
-1.070450014  
0.7365319537  
-0.1473766961  
-0.8824771856  
-0.5438222003  
-0.3820604823  
-1.160004199  
0.7534136178  
0.514387772  
2.280558426  
0.3750302577  
-0.0509937765  
0.1149579684  
0.316216263  
-0.1909754141  
0.2292816859  
0.5885936431  
-1.399042413  
1.114375139  
0.3950190417  
1.312616446  
-0.7441141084  
-1.060687743  
-1.038599859  
0.1143416596  
-0.2687626944  
0.453347146  
1.188241992  
0.5072261969  
0.9886125193  
-0.08771648652  
-0.7820229513  
-0.4587816415  
-0.546347507  
-0.2144966695  
-1.123541972  
-0.610754373  
-1.270642501  
-0.1180227274  
-0.2079029573  
-0.5461359793  
1.06177273  
-0.03999963831  
0.8353621415  
-0.721449641  
0.2870918054  
-0.6787691454  
-0.6918342539  
0.3303831765  
-0.09767919368  
-1.193114279  
-1.372577862  
-0.3097164088  
-1.232570484  
-0.03895079111  
-0.01840026682  
-2.073226644  
0.2049642954  
0.915687609  
-0.6539512223  
-1.42522995  
-1.23441444  
-0.8185370601  
-0.2692404762  
0.6082315761  
-0.2876301648  
-1.237865359  
-0.1130863841  
0.5379091855  
1.014924025  
-0.7226754153  
-1.066756901  
-0.8464796299  
-1.309662061  
-0.6782540981  
-0.5752861951  
-0.9224418731  
-1.098417406  
-0.5544296501  
-0.5672014266  
-1.076506707  
0.2998924605  
-0.03582791016  
-0.636496619  
-0.547331123  
-0.576249211  
-0.9766862697  
-0.2748023379  
0.1353411026  
1.125156762  
-0.9913683222  
0.03721402839  
0.6945148207  
1.0376992  
-0.619814382  
-0.1390692137  
0.2537152055  
0.4015486911  
-0.1768633683  
-0.4305628807  
-0.357646561  
-0.447145221  
0.2634628998  
-0.09835898078  
0.8908034294  
0.4967746233  
-0.4260942044  
-0.8577502053  
-0.3106967911  
-0.3145594314  
-0.1914747825  
-0.9554750965  
-0.2769940973  
-1.588016248  
1.12595014  
-0.1219609957  
0.9462739283  
2.297002708  
0.6548714398  
0.02589389862  
-0.1195302886  
1.397034094  
-0.4315060274  
-0.2069393948  
-0.6022219796  
0.4862784026  
0.1725308171  
-0.7482091404  
-0.7025548069  
-0.3122310983  
0.01741690432  
-0.3621205979  
-0.8856277897  
-0.3599005069  
0.6498533543  
-0.6867510766  
1.593943224  
0.8785513794  
1.095164442  
1.049736453  
-1.209230384  
0.1926353609  
0.4352991924  
-0.01263510369  
0.5016548945  
1.031050886  
-0.6701785412  
2.437729429  
1.234712231  
-1.055209874  
1.571444717  
1.199885694  
1.3821831  
-1.032364942  
0.2152939862  
-0.6102215104  
0.03168668303  
0.2129931517  
0.08435919659  
-0.02127679657  
0.06941951701  
0.3753054745  
1.185843377  
0.7013705311  
-0.2468921729  
-0.3370558171  
-1.175797902  
1.614259394  
0.504071175  
0.3637414403  
0.1740522252  
-0.244256082  
0.05419880279  
0.1179336308  
2.341381068  
0.5006233226  
1.280676071  
-0.4292511082  
-0.8096425073  
0.6008231686  
-0.4567972691  
1.463652514  
2.106127673  
2.931665444  
2.943088397  
2.137294738  
1.18576028  
0.9395370796  
0.5447402447  
0.6168913547  
-0.1705798949  
0.2340909262  
-1.280596405  
-0.5233501003  
-1.416487894  
-0.7220669165  
-0.355344181  
0.6302512815  
-0.9907538049  
-0.4724065045  
0.5132337697  
-0.8265111993  
-1.073475773  
-0.3196657742  
1.548764543  
0.5084170009  
1.259611096  
0.230436549  
-0.2755015769  
0.1351442202  
0.6491530822  
-0.3792717326  
-0.7357449415  
1.526570279  
0.9020720325  
0.6498703701  
-0.5720636498  
-1.208346581  
1.517647213  
-0.89933833  
-0.4264109008  
-1.160511684  
0.6722991335  
-0.08917147901  
-0.483596817  
0.5550764345  
0.4573128059  
-0.5886545153  
2.036243453  
0.689521172  
-0.863378501  
-1.050554793  
1.21251849  
-1.578767435  
-0.09727654326  
0.5851428932  
0.3306024205  
1.080918793  
0.4758327728  
-0.01107937435  
-0.7031906984  
3.542516087  
2.023930015  
0.5091777427  
-0.2421809444  
1.064063943  
0.5184244281  
1.58793378  
3.900680556  
3.271020922  
