6762.441704  
6508.678974  
6434.948743  
6328.599944  
6522.17727  
6323.524871  
6481.968889  
6434.905495  
6470.404534  
6496.872129  
6412.887288  
6263.864243  
6382.796934  
6452.738348  
6381.885168  
6222.6017  
6595.741365  
6469.739843  
6292.19091  
6354.465586  
6297.178759  
6611.920981  
6454.141337  
6360.081534  
6452.770837  
6348.684278  
6482.22038  
6780.421077  
6372.264036  
6300.135997  
6343.347616  
6413.390794  
6489.123868  
6372.645436  
6462.812307  
6601.831317  
6624.385954  
6447.034318  
6276.826017  
6357.934231  
6310.853242  
6360.794289  
6665.770159  
6568.389234  
6794.75841  
6455.17598  
6226.018216  
6296.414914  
6470.641113  
6207.358698  
6402.596263  
6501.555772  
6548.926641  
6505.939283  
6324.914839  
6319.573521  
6425.665031  
6364.528946  
6745.986445  
6608.631036  
6057.051851  
6399.339753  
6257.125411  
6530.666398  
6246.21027  
6157.220674  
6185.953905  
6317.295688  
6297.728854  
6497.873921  
6555.499639  
6373.890367  
6373.965054  
6412.097089  
6274.909026  
6240.285801  
6428.594534  
6317.483696  
6128.079627  
6450.351025  
6296.931708  
6463.783542  
6321.455993  
6414.809442  
6763.519975  
6360.529679  
6675.642019  
6414.75791  
6511.053553  
6530.867764  
6298.73498  
6377.707371  
6491.492015  
6380.746901  
6291.423657  
6275.876215  
6370.540148  
6296.134246  
6409.316252  
6200.877326  
6450.567761  
6488.25806  
6615.18525  
6314.420334  
6346.463056  
6460.360549  
6597.604372  
6621.259094  
6428.81376  
6259.66696  
6549.383965  
6597.321402  
6433.851783  
6263.257587  
6426.164715  
6686.356743  
6214.085046  
6369.223083  
6404.165945  
6340.564719  
6276.452183  
6559.643458  
6346.384681  
6257.754538  
6472.004807  
6435.967947  
6209.96191  
6296.846872  
6255.480724  
6409.11076  
6286.817937  
6342.431632  
6349.393117  
6218.290302  
6568.396278  
6382.867198  
6409.71236  
6272.704352  
6283.993075  
6266.247355  
6295.878141  
6299.179794  
6389.615277  
6472.062327  
6272.696608  
6324.081582  
6301.92817  
6484.563529  
6374.684744  
6534.523898  
6429.076848  
6367.964555  
6493.079956  
6378.386716  
6245.853689  
6308.363802  
6132.075917  
6669.210037  
6464.30997  
6925.612801  
6766.145076  
6335.667196  
6494.476862  
6440.442227  
6336.018924  
6289.173061  
6342.002395  
6384.458399  
6572.464445  
6375.428555  
6555.183526  
6278.18089  
6326.363486  
6422.530819  
6416.6976  
6254.936322  
6552.357487  
6333.247681  
6303.157732  
6517.880398  
6550.09166  
6430.738556  
6624.042123  
6141.661644  
6306.909848  
6280.539812  
6382.562192  
6450.15751  
6491.406028  
6299.685503  
6662.34442  
6425.812826  
6461.001419  
6831.069054  
6349.713597  
6453.370093  
6130.70069  
6122.20647  
6137.20351  
6448.835263  
6327.3065  
6392.441464  
6185.014658  
6255.828256  
6287.560198  
6871.828213  
6335.899606  
6304.158836  
6236.458141  
6303.051726  
6525.800458  
6364.542177  
6359.468436  
6449.411427  
6625.860335  
6417.08848  
6730.468794  
6593.526588  
6447.324606  
6303.714515  
6269.296536  
6267.995662  
6403.011502  
6233.133053  
6425.346325  
6429.040072  
6586.779144  
6718.720882  
6472.236287  
6349.178259  
6293.410811  
6251.21106  
6264.043256  
6185.194451  
6187.933912  
6068.444245  
6098.016612  
6191.359569  
6293.027913  
6264.857316  
6326.690965  
6134.168614  
6218.59349  
6363.216153  
6375.596189  
6247.614067  
6228.048672  
6658.716876  
6372.734401  
6593.845953  
6418.887761  
6391.784955  
6360.339789  
6355.311986  
6386.218538  
6423.672559  
6480.388047  
6443.968804  
6387.672017  
6496.81388  
6328.462788  
6611.043011  
6175.445659  
6354.749635  
6271.051487  
6449.687055  
6496.886303  
6620.423225  
6501.328789  
6342.711822  
6257.007943  
6429.755148  
6408.787591  
6249.99978  
6273.543646  
6496.407222  
6071.869696  
6220.479151  
6442.650008  
6346.017952  
6603.614438  
6442.115225  
6562.732766  
6453.679027  
6760.535546  
7090.357104  
6305.658089  
6292.968893  
6511.961276  
6479.684834  
6455.150524  
6866.892912  
6936.640553  
