0.576292395  
-0.5919008959  
-0.5549726186  
-1.11260585  
-0.4203138138  
-0.9768580157  
-0.7643806736  
-0.6296422392  
-0.5195955407  
0.3985186133  
-0.3261655602  
-1.168078822  
0.06530198975  
-0.1716744402  
-0.6302241469  
-1.454896722  
1.293862089  
0.8984543478  
-0.8731227381  
-0.6421971573  
-1.239641999  
2.226880593  
1.127098968  
-0.1320123158  
0.04081611584  
-1.478222255  
1.271380296  
1.580158707  
1.059158268  
-0.5334675918  
-0.3397294391  
0.2524226418  
-0.1731447643  
-0.8580959663  
0.1177930327  
-0.1073812118  
-0.4509533926  
-0.3124306102  
-1.388302394  
-0.6051219915  
-0.7730947816  
-1.016551636  
0.2814996487  
-0.3651668218  
1.652624711  
0.01277268378  
-1.084181303  
-0.3742140343  
0.2721981096  
-0.8289631186  
0.3084298637  
2.656715628  
3.365051818  
0.5099331181  
0.3996662459  
0.06039809656  
0.6885834268  
0.1855922782  
1.01147932  
0.9765445128  
-1.244928074  
0.6279811089  
-0.4669968304  
1.917956798  
-0.2031473731  
-1.221535448  
-0.9284286346  
-0.1668803973  
-0.5959880664  
1.104141728  
0.8576401075  
-0.1699803275  
0.5108013013  
-0.4087180018  
-0.4916575854  
-0.7775454844  
-0.09407330583  
-0.263305107  
-1.207006142  
-0.2621832797  
-0.9144295186  
0.2029709224  
-0.01540114368  
-0.5479212876  
1.348655149  
-0.08878959153  
0.3948489795  
-0.5139245697  
0.09423882948  
-0.3250427241  
-1.106106237  
-0.01188995325  
0.2460195701  
-1.046870802  
-0.9434609098  
-0.3817470995  
-0.9236248677  
-0.09339689782  
-0.2196523679  
-1.910794384  
0.1832935968  
0.5311641142  
0.4053770422  
-1.215695549  
-1.000085292  
-0.7863858353  
0.2813136771  
0.6087905307  
-0.0329939078  
-1.105823612  
-0.1170330113  
0.5289641543  
0.3212731162  
-0.7996177503  
-0.8369271593  
-0.1651862369  
-1.163567154  
-0.5446282946  
-0.4694433129  
-0.7912043287  
-1.150272923  
-0.2150719189  
-0.4297449291  
-1.103786101  
0.09991258251  
-0.2161568738  
-0.760654064  
-0.6833779939  
-0.7927023199  
-0.9524997864  
-0.5447323001  
-0.2045384318  
0.2289515509  
-1.411645676  
0.3043558952  
0.3773067616  
0.4161096971  
-0.9733225311  
-0.550035116  
-0.3128569976  
-0.2316806641  
-1.024883131  
0.008697585623  
-0.09925846677  
-0.8678836561  
-0.1743475887  
-0.8155508366  
0.1876289593  
-0.4930431843  
-0.1875871305  
-0.8160735222  
-0.1353848482  
-0.1430290426  
-0.2964038643  
-0.9867452092  
-0.3214339408  
-1.752472672  
2.056566884  
0.04216776321  
2.746232098  
2.30951126  
-0.01654370867  
0.02305444511  
-0.3880239599  
0.7496232052  
-0.994270177  
-0.5147357281  
-0.8606456175  
0.7662112958  
-0.2494740393  
-0.0133651369  
-0.8288565176  
-0.4570692521  
-0.5097414329  
-0.2748810268  
-1.258711353  
-0.0499198842  
0.2213068401  
-0.8230846178  
1.891663227  
1.354412624  
0.5793443482  
1.009877288  
-1.282568358  
0.1468153168  
-0.2968670884  
-0.2748928103  
0.4046707309  
1.042904559  
-0.6661788511  
2.306752457  
1.145884341  
-0.8045746112  
1.900549612  
0.63754581  
1.101551205  
-0.9975927551  
-0.2451625328  
-0.9314333747  
-0.3774703524  
-0.4672142962  
-0.09724267013  
-0.3245242413  
-0.3851795759  
-0.250012573  
1.590535361  
0.3987766908  
-0.19343137  
-0.2515249977  
-1.042076126  
1.993601104  
0.3485421878  
-0.342996392  
0.05984350456  
0.03579803741  
0.01415000564  
0.4784260075  
2.023848191  
0.3069823149  
1.271630998  
-0.417303611  
-0.7561503961  
0.2099831561  
-0.4319200121  
0.7244437359  
1.015354869  
1.690897579  
2.630332492  
1.514106916  
0.4162869488  
0.3264080022  
0.1509362051  
0.09242639954  
-0.506362804  
-0.05624798245  
-1.351333347  
-0.9063602275  
-1.256782268  
-0.7736680067  
-0.4772546755  
0.1489113789  
-1.209007492  
-0.8047118719  
-0.2421130304  
-0.7284323294  
-0.9423566719  
-0.7025432381  
1.100003786  
-0.2118032259  
1.036988979  
0.2383842212  
-0.3473874802  
-0.184573483  
0.1765472734  
-0.4458772361  
-0.6511985562  
1.097353488  
0.2506753865  
0.1809272449  
-0.181228049  
-0.9458400761  
1.281002396  
-1.338141798  
-0.2558115067  
-1.261687134  
1.293636235  
0.392506468  
0.2544122665  
0.2876049083  
0.1049363227  
-0.5967598816  
1.215156065  
0.242006571  
-0.4571356088  
-0.7996997749  
1.070711937  
-1.692197051  
-0.1335564557  
0.3056370949  
-0.3880638008  
0.6702682695  
0.4200617251  
0.2632487467  
-0.6186057111  
3.852650547  
4.454762225  
1.472904336  
-0.3487188136  
0.9045443378  
0.4642311086  
0.7063156134  
4.026409691  
4.288821558  
