-1.119389115  
-0.1784508408  
0.1722571069  
-1.435066793  
-0.9038616381  
-0.4358071137  
-0.9584445839  
-0.1585590218  
1.195596593  
-1.428498256  
-0.8382843487  
-0.9995296033  
-0.2737688557  
0.03661282486  
1.417601404  
-1.645185013  
-2.621690995  
-1.5921097  
-0.9512992591  
-0.3031099692  
-1.333573678  
-1.77570736  
-1.672202525  
-1.067764066  
-1.289880471  
-0.1729467962  
2.28887356  
-1.125679282  
-0.13296881  
-1.212234253  
0.2971893445  
2.050478406  
-1.116767243  
-1.126815083  
-0.8456611764  
-1.170997507  
-1.43690204  
-0.7617836352  
-1.207641507  
-1.386749018  
-1.252575557  
-0.9446141944  
-1.389121098  
-0.8175859471  
-1.116499155  
-1.193670216  
-1.378332089  
-0.6425410457  
0.4866357728  
-0.9486740263  
-0.3485735834  
-0.3721534248  
-0.7149130682  
-0.110630627  
-0.2345167171  
-0.5897166552  
-0.91435938  
-0.8953790639  
-1.027022038  
-0.6075134898  
-0.7703179979  
-0.8461970599  
-1.186725729  
-0.7022608214  
-1.395453822  
-0.4184878135  
-0.2657514164  
-1.154080441  
-0.5569218798  
1.277369376  
-0.770075012  
-0.6930890434  
-0.7863264647  
-0.07088095204  
-1.341304776  
1.505026035  
3.465484671  
-1.154523226  
-0.2768332202  
-0.3655000618  
-0.8626477524  
0.7420052139  
3.368157288  
-1.012141921  
0.1297724535  
-0.5976293894  
-0.1737757465  
-0.7822735009  
-0.2126368182  
-0.5163454135  
-0.293472584  
-0.649298325  
-0.7324957396  
-0.4023647664  
0.1537051864  
-0.3425025933  
-0.4527542573  
0.09530898853  
-0.1325020802  
-0.2820218787  
0.2009509812  
0.5502483624  
-0.1074215087  
0.4383482169  
3.60612115  
-0.4273689055  
1.095956905  
0.01751550067  
0.2396888947  
0.2279760936  
-0.3040109327  
-0.5430424248  
-0.1521363283  
-0.231299533  
-0.2418854822  
-0.8318201141  
-0.3662440347  
-0.5356268143  
-0.1413614861  
-0.5601550077  
0.7437737018  
2.794268703  
-0.9004842086  
-0.1177627417  
-0.7699154934  
0.1171103947  
-0.4650049939  
0.6473297116  
0.9184151319  
0.232638168  
-0.1816754374  
-0.540601443  
0.08572305954  
0.7536159648  
-0.6191513795  
0.01383638056  
-1.120212316  
-0.1088426229  
-1.223276462  
0.9985237527  
2.119003034  
0.6853731039  
2.477679282  
-1.344289822  
-0.04180234102  
-0.1614813909  
2.25799161  
-1.189588053  
-0.3980283215  
-1.175376509  
0.2386936544  
0.2755796979  
-0.439410502  
0.05855496579  
0.3689074424  
-0.2020281222  
-0.8198993335  
-1.122465714  
-0.5335861052  
-0.6096778499  
-0.8119985144  
-0.920076338  
-0.8677400668  
-0.9308942791  
-0.4005504992  
-0.4440711823  
-0.4280087894  
-0.2576994462  
-0.291645384  
-0.05051649787  
-0.05071468956  
0.6255045848  
-1.015774924  
0.7212790544  
3.670664151  
-0.1773464391  
0.9730110812  
-0.2915305541  
-0.3247167993  
-0.1461211589  
-0.06144333998  
-0.2487897062  
-0.09734854267  
0.08521324339  
-0.1356907711  
0.323305454  
2.760997972  
-0.04197946249  
0.3827572595  
-0.0002621703289  
0.4640056296  
0.205145264  
0.1559565518  
0.09777612176  
0.09190875023  
-0.04861438126  
0.1946694777  
0.1165243679  
-0.7647001934  
-0.4602809587  
-0.549718673  
0.7568243274  
2.625713324  
-0.4398291068  
0.9184801135  
-0.6229975546  
0.1813180212  
-0.960404875  
0.2923757059  
-0.3759751715  
0.0497388931  
-0.4199196689  
0.3293632859  
0.1032378019  
0.5528396838  
0.2934799769  
-0.4184527777  
0.05204129271  
0.3372959604  
-0.3420890415  
0.02790201535  
-0.4337217229  
0.1063442365  
0.09111032866  
-0.3813842862  
-0.6546681047  
-0.716774653  
-0.5546592947  
-0.404500231  
-0.2201763884  
-1.557561934  
-0.6028453444  
-0.9731463  
0.4199667505  
3.678645943  
1.163354312  
0.3589946645  
-0.4607956032  
-0.007887809886  
-0.4428334753  
-0.6098491902  
-0.04510521872  
-0.08365791602  
0.2143494255  
0.04019390561  
-0.4780086106  
-0.1544377079  
-0.3366189873  
-0.1780533814  
-0.57843134  
-0.3471517253  
0.2501629223  
0.397895177  
0.1316783454  
-0.7623426308  
0.4787502987  
0.310093976  
-0.1392356479  
-0.1566375548  
-0.06680424238  
0.2269424552  
-0.1217087445  
-0.4160767714  
-0.03543060349  
0.1177623313  
-0.1298869267  
0.2803590021  
-0.1757117456  
0.1199654169  
-0.2259793525  
-1.125784469  
0.2546408452  
-0.137098635  
-0.1414241368  
-0.07975058123  
0.1248244535  
0.1606542679  
-0.2139508719  
-0.4352349565  
-0.151411523  
-0.4168205522  
0.4018535644  
0.4987502498  
0.5898946408  
3.312490857  
0.01553316566  
0.7240606591  
-0.3417718745  
0.2024045253  
0.4948586139  
0.1269745398  
0.431790527  
0.3179972855  
-0.1154347226  
-0.008975359237  
0.3591535362  
0.7092144326  
0.04888071766  
0.2850344758  
3.40795703  
-0.5490442929  
1.445758214  
2.913350604  
0.7867503433  
1.238830083  
1.352352372  
3.815178673  
0.8424632716  
1.141355688  
-0.6263844574  
1.441177757  
2.706508471  
0.02711440817  
0.2194241755  
0.5659473828  
3.275102022  
-0.8131938132  
0.1441962052  
-0.5776897255  
0.5332261664  
2.447384049  
-0.5064359014  
-0.1817743012  
-0.06352521071  
1.507790359  
-0.8936090707  
0.1585622214  
2.702281342  
0.8973505921  
1.548236905  
3.013224624  
0.3606288806  
0.08037408386  
0.8298275771  
0.3594810859  
-0.3563599904  
0.01473773311  
0.1802100217  
-0.1172577179  
0.007697691175  
-0.006194405247  
0.119445671  
0.1818786082  
-0.1569457337  
-0.350289261  
-0.506606878  
-0.3263131048  
-0.949249786  
-0.1634832158  
0.5736680777  
-0.01788845226  
0.1222014688  
-0.4819678067  
0.156147045  
-0.8080642874  
-0.8930481267  
-0.6888368977  
0.04289132518  
2.820232433  
2.641939677  
0.4557117321  
0.3660599604  
0.1727808226  
0.228305203  
1.327617825  
-0.2610789022  
0.04768185717  
-0.2135787535  
0.04658372949  
-0.9166260915  
0.4833371763  
2.933024677  
-0.1749835934  
0.0005213433529  
-0.343638984  
-0.09545410167  
-0.186984717  
-0.4862472834  
0.2140204142  
-0.4350418401  
0.3339429772  
-0.6562069962  
-0.1201836352  
1.003226692  
0.04871987966  
0.03846344737  
-1.083563363  
-0.5032419266  
0.01237340048  
3.133565572  
0.2581293933  
0.4916705527  
-0.07043043465  
0.3413463944  
0.2566673644  
-0.08766480092  
-0.4225297143  
-0.483935224  
