1.727253088  
1.320582295  
0.7501083941  
0.2250301572  
-0.1154095728  
0.1046410421  
0.9214172737  
2.290834613  
0.61450492  
1.945319442  
0.2988138033  
-0.5427413892  
-0.081295441  
1.898428566  
0.7012826173  
0.1471743648  
0.6596916012  
2.197294358  
1.105860377  
1.536288192  
0.1100151421  
0.7328548673  
1.330602455  
-0.1040141424  
0.1807804929  
2.64012295  
0.8718333348  
1.278768892  
-0.1964744157  
0.8158753812  
1.512587683  
0.7206451003  
3.976183408  
2.618440735  
1.305057937  
0.9089372569  
1.476093759  
0.7662037132  
1.234866242  
2.000745859  
0.7545795848  
0.4083374121  
0.2886883041  
1.049612364  
0.2803074163  
0.2847446458  
0.4745465741  
0.07346678484  
1.376286143  
3.364594594  
2.0957612  
2.019064601  
0.3600383081  
0.6716038977  
-0.3523083041  
0.7323439433  
-0.5902935929  
-0.2693329842  
0.3273193123  
-0.1305340129  
0.4189379867  
0.3123690324  
0.4635042946  
0.3806274636  
0.2625826171  
0.4856763276  
-0.8184686716  
0.2610779142  
0.7630007528  
2.555814689  
0.01109659874  
1.533301444  
2.021591687  
0.341662499  
0.1603426688  
0.8174452008  
0.1574823672  
0.3862093118  
1.016218202  
-0.1604608848  
-1.662092432  
-0.5936317226  
-1.006131016  
-0.7957277544  
0.442044219  
-0.1646135865  
-0.3139520337  
-0.5247811945  
-0.1782267867  
0.2856671475  
-0.3691379768  
0.2711870007  
0.3223579255  
-0.0914396774  
-0.3636509663  
-0.2017970661  
-0.2355767957  
-0.4234960673  
0.4535424286  
-0.05372953451  
-0.5743777454  
-0.2008656596  
-0.6647809113  
-0.3329655189  
-0.1684769408  
-0.5307240924  
-0.4563895196  
-0.3293111753  
-0.4578722069  
-0.6466764674  
-0.6603044271  
-0.5476694156  
-0.2143473242  
0.4177277356  
0.01800800437  
-0.09446220333  
-0.383498813  
0.452941578  
-0.6492949869  
-0.2075354068  
-0.5177599054  
0.2807686401  
-0.08760502781  
0.1661530179  
-0.8566561843  
-1.170059696  
-0.5176788348  
-0.05132308263  
-0.4066756741  
0.04426890685  
-0.7435497991  
-0.8987086823  
0.3139683391  
-0.4186588368  
-0.1611425746  
0.1475440295  
0.2040546649  
-0.1869473987  
0.2072562866  
0.3245939235  
-0.2360532852  
0.1034813495  
-0.5608633261  
0.005323485576  
0.03444761153  
0.938432836  
0.4327143119  
-0.465521585  
0.939299014  
-0.5342222794  
0.5005922789  
-0.1925380988  
0.343260926  
-1.220447221  
-1.079948027  
-0.8739056056  
-0.6124476729  
-0.5080136698  
-0.4514399809  
-0.3057363226  
-0.4003073183  
-0.6091914489  
0.2684390406  
-0.5888243084  
-0.5825002239  
-0.3157692962  
-0.808421954  
-0.4436517334  
-0.6899495206  
-0.72909756  
-0.2033106368  
-0.8968500028  
-0.4731704935  
-0.4861338834  
-0.6692910946  
-0.7909615741  
-0.3103142628  
-0.8103756291  
-0.5326423367  
-0.4124710595  
-1.293254817  
-1.221026883  
-0.2949439239  
-0.570308287  
-0.2080744371  
-0.61327121  
-0.05380643931  
-2.114500481  
-0.6580716921  
-0.7799065818  
-0.8430612119  
-0.3057504979  
-0.1888680491  
0.8214630428  
-0.07870181255  
-1.387317467  
-0.7168814553  
-1.411392352  
-0.3094740667  
3.008255371  
0.1885906472  
-0.8555892495  
-0.2748618331  
-0.5248566163  
-0.6868435968  
-0.9834392821  
-0.6652659543  
-0.837429871  
-0.3822717175  
-1.655340766  
-2.300715606  
-2.65433684  
-0.4213475463  
-2.037446229  
-1.582975659  
0.4014064835  
-1.054109372  
-1.14959617  
-0.1763343718  
-2.719724049  
-3.161631214  
-1.236145262  
-1.294652738  
-0.9921237156  
-0.2075094356  
