0.7177780004  
0.02584941755  
-2.426013985  
-0.3931244449  
-0.4852798518  
-0.07757836363  
0.2378253779  
-0.528184818  
-1.049680022  
-0.9661949326  
-0.4041513115  
-0.712360002  
0.6708036493  
-0.7309779708  
0.3979939516  
-4.153584105  
-2.385836706  
-0.1660386506  
-0.9694420027  
-0.2219521864  
-1.066822247  
-1.379060038  
-0.05647946661  
-0.008827306659  
-0.6708028963  
-0.190724922  
-0.658278828  
-0.3974454795  
-0.7854411589  
-0.660983805  
-0.3657617814  
-1.761475951  
-1.73446124  
-1.365410213  
0.9211473618  
1.776871352  
-1.049059925  
-0.3232250549  
-0.6561513962  
-1.094918078  
-1.110183373  
-0.6237944431  
-1.192124282  
0.8659273373  
0.6077461572  
-0.3229857576  
-0.8222017203  
-0.4613441444  
-0.7535818083  
-1.121621996  
0.9200695945  
1.613589966  
-0.3855522663  
0.8811531301  
1.693054129  
-0.6806156644  
-0.8280976392  
-0.8696642987  
-0.5866968223  
-0.9700107552  
-1.218711463  
-0.9667930769  
-0.3529958453  
0.4091179688  
-1.096263483  
1.272311181  
1.10237728  
-0.3515908205  
-0.4438288078  
1.252744732  
2.2752061  
-2.071874748  
1.067851025  
1.326927329  
1.140491723  
-0.6490987472  
-1.838485634  
-0.2257478873  
-0.1334031829  
0.7600664392  
-0.06561679188  
-0.1680485895  
-0.7717735478  
0.09792823269  
-0.5418035771  
0.3587123418  
-0.5043423207  
0.3069232552  
-0.1709130838  
1.375005191  
0.9700334683  
-0.6599109909  
-0.6581146611  
0.5891618765  
3.164893941  
0.3223751355  
-0.1427668919  
0.7103880597  
0.6996398023  
-0.08120326936  
0.3272145769  
1.901890075  
1.629714554  
-0.3221003677  
1.060042343  
0.6060518878  
1.463178307  
1.014449523  
1.335091956  
1.60451445  
1.66522465  
-0.6572538547  
0.2076556036  
-0.7469381603  
0.8689661118  
3.068213022  
2.762358382  
1.031648609  
1.107091826  
3.346028446  
-0.1168279339  
-1.018869034  
0.1330720372  
-1.119220332  
1.116054565  
2.725779184  
1.024119984  
-1.726955344  
-0.294865301  
-0.8202085034  
0.1058784267  
-1.251534042  
0.8709057868  
0.4094285071  
0.895998354  
-0.8121721044  
-0.837355255  
-1.488358036  
-0.9430233633  
-0.2625199129  
-1.414215342  
-0.3667789521  
-1.243165516  
-0.5959471245  
-0.2911872634  
-0.1735536172  
-0.9597828655  
3.135006667  
2.025020512  
-0.5008363836  
0.7758798259  
1.07781514  
-0.5052269312  
-0.3939002089  
-0.5702581144  
-0.1526101417  
-0.5609133023  
-0.5872589388  
-0.165300372  
0.6180023069  
-0.1852770334  
-0.06085350673  
-0.4731453555  
0.6080253782  
-1.748419023  
-1.073523654  
-0.5677759207  
1.070100131  
1.007769234  
-0.6962423593  
0.2387110132  
0.5920250502  
2.298057007  
0.01066867286  
1.523398751  
-0.1640504263  
1.840002384  
1.305314492  
0.242653747  
0.7280722157  
0.3114694204  
0.6099416019  
0.5617564197  
0.6352839326  
0.485547077  
-0.09934962641  
-0.04425685809  
-0.4572988929  
0.7759945188  
0.4793580141  
0.1891638433  
-0.239456857  
0.4211653196  
0.1915864995  
0.7482957249  
-0.007268204428  
0.297177621  
-0.2557386625  
0.309796777  
-0.4393413821  
0.4003556901  
-0.446322025  
-0.533481702  
0.1496626833  
0.5264922402  
-0.0263644965  
-0.1630806452  
-0.7221931571  
1.074595291  
1.07249132  
-0.1269969071  
0.2864111996  
3.397340172  
1.248018518  
1.201900543  
-0.4642609151  
-1.376554647  
0.5635341632  
-0.09141470068  
0.03063354862  
-0.3953932502  
0.3528809675  
0.1614827263  
0.5173811284  
-0.03184895164  
-1.553690544  
-0.04014347982  
2.933524  
1.211449697  
2.205600366  
0.3136851517  
-0.5020109414  
-0.2918948194  
-0.5164522892  
-0.8538952  
0.2531627488  
-0.1510443838  
-0.3374263492  
0.02854640394  
-0.6436885638  
0.01206012438  
-0.3255467902  
-0.5893540981  
-0.3061597596  
-0.4704837213  
-0.1882994235  
-0.8008372179  
-0.6798442998  
0.5826555179  
-0.8515702935  
0.7289434515  
-0.02467337621  
0.8851076071  
0.7663434611  
-0.7626928165  
-0.206668004  
-0.6678612976  
0.8040284692  
-0.05931296075  
-0.6505990096  
-0.4450486689  
-0.08311780171  
-0.6164530905  
0.7475303806  
1.09688001  
0.2544628138  
0.003645531489  
-0.06026268251  
-0.5925873487  
-0.9067157117  
-0.307636452  
0.4191253125  
0.2264903128  
-0.4631637735  
-0.2151674975  
-0.2200173619  
-0.2035148125  
-1.715532402  
-0.6701507504  
-0.7447414732  
-0.1407114253  
-0.6051938658  
0.002225108299  
-0.2106236404  
-0.4017130664  
-0.6803912798  
-0.4305999327  
-0.7084388496  
-0.1090662251  
-0.7644742732  
-0.07834746796  
-0.7472657963  
1.228158147  
0.2408344698  
-1.114725444  
-0.4860323241  
0.8426252797  
0.7779151656  
-0.6669802047  
-0.5140858275  
-0.183597031  
0.05269965385  
-0.5833377359  
1.733449987  
1.693711358  
0.2461772887  
1.44207803  
0.9284644378  
-1.967373206  
0.2329721169  
-0.8647890434  
0.2445172651  
-1.100818345  
-0.2444303364  
-1.118453708  
0.7563467008  
1.365174186  
-0.2972093078  
0.2277350246  
-0.5724284523  
-0.3235986021  
-1.183837399  
0.3342790956  
-1.387231905  
0.8598948815  
2.427327046  
1.335275431  
0.8655904483  
1.510438513  
0.01024135902  
-0.3556299256  
0.07191355461  
-0.2035790782  
0.4778537382  
1.578658317  
0.9838144617  
0.3436594986  
-0.1816621236  
0.6284783961  
2.153870564  
0.9429437252  
0.2334079727  
0.2091577061  
0.8141257947  
-0.08970422673  
-0.9503246455  
-2.603774038  
-1.212477941  
-1.170219948  
-0.7709084123  
0.5987683365  
0.9175079538  
-0.8403327186  
-0.7791561236  
1.059030753  
-0.4581972668  
-0.9229696616  
-0.7283391574  
-0.8866603299  
-0.07596602256  
-1.520604087  
0.5670993023  
-1.573908723  
-1.254855905  
-1.164620843  
-0.5158891398  
-0.421302796  
0.4265823836  
0.9613250607  
0.3753525209  
-0.6228266662  
0.08476588263  
-0.1043960483  
-0.7068433151  
-0.3995902252  
-0.7080526228  
0.4914081614  
2.331586351  
0.6641185242  
0.05980688809  
-0.3989759444  
-0.4247369934  
-1.510914193  
-0.4488353455  
-0.6845600794  
1.265592754  
2.109558441  
-0.1613312652  
-0.471548199  
-1.245259768  
-0.3381886557  
-0.8389655606  
-0.6033478321  
-0.06904583543  
-0.351623741  
0.4223032453  
-0.1721104516  
-1.840050474  
