1.860646824  
0.1491674634  
1.236110729  
-0.5701129243  
0.02546847016  
-0.885081009  
1.365989606  
1.346794625  
-0.4848019155  
1.894316888  
-0.4554365007  
-1.169714858  
-0.2015382097  
1.714357722  
-0.08083850429  
-0.399054683  
0.7599782134  
2.594052492  
0.7276876623  
1.792714927  
-0.1043588387  
0.2153962034  
1.129851455  
-0.1350708484  
0.1151831042  
2.45179654  
1.006263497  
1.32424084  
0.05064958778  
0.9458001168  
2.855722144  
1.930794789  
2.454530661  
2.356886814  
0.195173783  
1.485665081  
2.67817818  
-0.07430101268  
1.212469585  
2.42402088  
0.8651801684  
0.4903821372  
0.07505640397  
0.6845447539  
0.1261462603  
-0.03464965381  
0.5497783456  
-0.01489210304  
1.773385978  
2.097536523  
2.246293905  
0.9674403624  
0.1757447098  
0.8574044087  
0.3574787649  
0.403961144  
0.006861175539  
-0.09926611705  
0.5424642693  
-0.1411861915  
0.1971393638  
0.4375275622  
0.3672448966  
0.1363374942  
0.8740928246  
1.939780497  
0.3630430782  
0.6495040557  
1.360558621  
2.117744535  
0.690754272  
1.398203635  
2.162481023  
-0.3405626263  
0.631845323  
1.586595107  
-0.8142033953  
0.5266792012  
2.055712326  
-1.026960018  
-1.853867849  
0.8079031484  
1.102929777  
0.307423561  
0.486818241  
0.1248548597  
-0.2455880683  
-0.1652625471  
-0.3815958753  
-0.1812324195  
-0.6578847605  
-0.1611567271  
0.1736720615  
0.1215473365  
-0.48128678  
0.112298537  
-0.1214983439  
-0.3789563461  
0.4192403958  
-1.049584008  
-0.6944382388  
-0.2706130681  
-0.6562116904  
-0.7802672098  
-0.581420749  
-1.153992473  
-0.987191719  
-0.8353667178  
-0.3019224839  
-0.8295218835  
-0.5270259431  
-0.9481952044  
0.1134694448  
1.088654687  
-0.6147876151  
-0.575110654  
-0.1787424526  
0.4284227365  
-0.7550235531  
-0.1650239169  
0.08461882433  
0.2546025021  
-0.3763645864  
-0.2945110933  
-0.8008163247  
-0.113715731  
-0.5178994886  
0.638257528  
0.05075959381  
-0.4444427388  
-0.4029883786  
-0.6706183953  
0.0945756623  
-0.3892521296  
-0.133921819  
1.469550331  
-0.2121400085  
-0.5122275091  
0.1677216958  
1.108451896  
-1.186938999  
-0.527266702  
-1.103859724  
-0.3970029303  
-0.3026984747  
0.1813134021  
-0.7426860203  
0.6505991488  
1.208407302  
-0.5417606965  
0.437895538  
-0.3508319044  
0.1089372125  
-0.871200992  
-0.3908744655  
-0.4196925279  
-0.5804096638  
-0.5176246776  
-0.7215168773  
-0.7496777956  
-0.7394132859  
-1.051890324  
-0.9318050027  
-0.7569723439  
-0.2288715094  
-0.9954561478  
-0.8634918167  
-0.7662096978  
-0.9295794971  
-1.331116056  
-0.7402389031  
-0.5705941685  
-0.7142058927  
-0.7096739226  
-0.6682395343  
-1.097470331  
-1.031405497  
-1.020202442  
-1.057187923  
-0.6203667596  
-0.7991876531  
-0.5881065513  
0.2166410918  
-1.007405672  
-0.2214985735  
0.5345019841  
-0.9012481024  
-1.958727818  
-0.1745044301  
-0.956631324  
-0.6036312551  
-0.4327307194  
0.09868598195  
1.711902652  
-0.2497648963  
-1.453886574  
-1.267808691  
-1.194775126  
0.1037894441  
2.057109428  
-0.6650856256  
-0.704800776  
-0.6434217193  
-0.04403334674  
-0.9400674636  
-0.6640729945  
-1.087381154  
-0.7489904137  
-1.022528461  
-1.544610392  
-0.8652713544  
-1.629601457  
-0.2346542164  
-1.328435825  
-0.755704863  
1.667307873  
-1.793816486  
-0.9410434001  
-0.9275628501  
-0.5556224715  
-1.531678057  
-1.600602848  
-1.572471272  
-0.6914996427  
0.8173190033  
