8266.260999  
7796.70621  
7801.192066  
7694.327108  
7709.061156  
7654.309932  
7636.243277  
7694.652069  
7681.801153  
7758.69214  
7723.60793  
7656.829726  
7712.628432  
7683.862888  
7617.303485  
7648.381241  
7774.751335  
7727.361167  
7712.526762  
7652.547663  
7648.023525  
7654.688514  
7689.201468  
7738.30736  
7711.016827  
7725.139666  
7662.233181  
7605.14094  
7899.344061  
7742.640514  
7790.278451  
7710.734023  
7716.753916  
7664.050073  
7680.829273  
7664.76759  
7785.142722  
7796.21677  
7730.962566  
7653.825454  
7716.73062  
7672.029596  
7647.482729  
7664.225002  
7753.709407  
7685.56998  
7655.011063  
7782.91523  
7700.192315  
7782.172287  
7745.807794  
7659.56007  
7746.147227  
7720.924956  
7710.476539  
7705.001453  
7822.541922  
7778.926205  
7758.059508  
7711.515096  
7579.723804  
7675.184158  
7796.29284  
7669.233204  
7613.274044  
7743.99802  
7694.434821  
7662.614736  
7749.932306  
7750.591526  
7649.364884  
7813.852436  
7702.374187  
7741.656089  
7691.23277  
7766.785016  
7761.194404  
7668.300011  
7643.536779  
7580.816498  
7722.474532  
7687.389635  
7753.193692  
7717.232399  
7723.711576  
7719.379075  
7877.59994  
7747.010264  
7720.458731  
7678.92511  
7764.283415  
7834.881908  
7742.349401  
7704.201835  
7722.714167  
7763.799394  
7690.841958  
7738.162852  
7685.687733  
7700.792245  
7636.271529  
7700.561914  
7740.591602  
7685.940436  
7741.131538  
7777.655015  
7703.352257  
7668.81406  
7709.582496  
7761.69268  
7744.440517  
7733.125523  
7806.248127  
7716.361495  
7741.629019  
7759.602345  
7766.784853  
7876.05483  
7748.279746  
7766.702643  
7748.166278  
7755.014806  
7705.171974  
7741.795509  
7669.72515  
7740.670441  
7663.850294  
7737.137172  
7739.803353  
7714.306318  
7737.424954  
7777.926472  
7789.493257  
7653.720283  
7636.782639  
7705.9681  
7747.303528  
7768.916183  
7735.381361  
7675.88118  
7809.108367  
7792.61196  
7760.653801  
7727.519381  
7705.220532  
7734.010328  
7772.852129  
7749.068427  
7726.35756  
7806.571665  
7754.962019  
7719.190469  
7764.88996  
7706.73648  
7575.215159  
7649.406933  
7714.031303  
7765.655347  
7743.714394  
7864.617643  
7818.174289  
7750.30077  
7668.211196  
7748.363853  
7741.511765  
7774.693266  
7740.615322  
7715.14214  
7760.724275  
7757.062531  
7682.867026  
7733.00184  
7711.504402  
7737.71299  
7755.67346  
7737.959731  
7777.204777  
7709.020728  
7754.569313  
7765.354056  
7707.809681  
7704.004219  
7717.165761  
7778.409291  
7731.531931  
7723.037718  
7720.384157  
7769.391749  
7791.861731  
7767.233239  
7771.176466  
7740.22588  
7704.003624  
7791.482651  
7775.370856  
7759.558321  
7745.000858  
7757.863694  
7754.707697  
7707.500379  
7731.479175  
7779.701763  
7740.323127  
7769.601345  
7804.165555  
7759.704191  
7785.878679  
7732.628161  
7722.733216  
7732.962922  
7719.426577  
7692.267516  
7740.38219  
7764.277383  
7728.183335  
7865.558658  
7817.721958  
7739.504601  
7628.440634  
7686.963192  
7832.070676  
7780.052291  
7726.481187  
7711.138281  
7804.140164  
7787.510092  
7736.623827  
7754.651622  
7774.615168  
7792.777066  
7757.354072  
7801.106401  
7734.909174  
7835.631095  
7722.995308  
7658.088523  
7785.052701  
7673.912347  
7701.854603  
7719.789216  
7707.588575  
7636.595221  
7761.397846  
7730.136452  
7760.758419  
7656.295225  
7683.98654  
7797.585731  
7716.975769  
7714.731414  
7715.304285  
7720.443546  
7675.280024  
7632.031454  
7671.842305  
7756.826635  
7723.474088  
7737.454775  
7715.85406  
7764.492732  
7765.440597  
7730.657415  
7656.905367  
7691.283948  
7746.098415  
7717.215309  
7664.283828  
7646.721016  
7715.812432  
7722.179501  
7686.526472  
7661.864369  
7699.883019  
7754.802384  
7694.275424  
7711.221454  
7752.12363  
7717.713445  
7709.011834  
7747.100403  
7745.015485  
7748.215139  
7751.527503  
7728.173589  
7736.827405  
7783.839624  
7730.98832  
7680.015921  
7754.91986  
7672.970983  
7638.291803  
7816.670688  
7659.584591  
