7983.1242  
7778.747442  
7583.369464  
7593.446919  
7565.559024  
7542.716081  
7491.752457  
7539.024509  
7493.558598  
7548.163948  
7506.866664  
7580.816978  
7519.097773  
7513.61689  
7539.244057  
7489.588144  
7574.965544  
7497.604165  
7497.168803  
7420.267212  
7527.637131  
7506.20344  
7479.302682  
7504.334689  
7499.888143  
7496.141115  
7534.313593  
7536.948695  
7512.807798  
7520.205057  
7538.639108  
7564.122819  
7489.774256  
7505.702432  
7548.121627  
7441.80387  
7505.604179  
7486.297698  
7399.901772  
7490.859568  
7446.811212  
7509.274356  
7452.557775  
7567.125786  
7528.718468  
7476.795334  
7486.795928  
7395.037948  
7545.322343  
7452.519199  
7492.209648  
7449.263522  
7562.577425  
7564.371751  
7547.382114  
7439.335578  
7533.10443  
7555.804937  
7504.328248  
7536.331549  
7550.529577  
7436.098948  
7508.209776  
7511.082339  
7420.896659  
7557.277149  
7420.929559  
7393.284053  
7489.159238  
7459.321933  
7480.088673  
7472.927871  
7577.844979  
7503.738203  
7472.082714  
7503.11818  
7454.299921  
7623.790636  
7550.021801  
7641.398941  
7444.881599  
7491.850265  
7588.280466  
7451.475726  
7454.192961  
7489.923375  
7533.634205  
7485.855692  
7529.143786  
7503.486733  
7537.79896  
7531.589531  
7296.30594  
7544.142582  
7576.025253  
7557.680613  
7454.968639  
7618.112552  
7554.955323  
7530.609389  
7650.271907  
7514.452997  
7602.791846  
7549.179559  
7601.770556  
7558.930184  
7571.248216  
7485.319781  
7564.950859  
7548.411788  
7604.027457  
7550.34503  
7491.722497  
7579.349092  
7568.143308  
7529.10314  
7514.59967  
7545.409981  
7457.998858  
7461.266072  
7532.860303  
7505.900719  
7532.270424  
7499.126751  
7585.507324  
7512.292391  
7542.353932  
7504.426624  
7595.884742  
7457.89194  
7512.439333  
7508.748025  
7439.159073  
7518.347944  
7447.169683  
7509.041986  
7454.115515  
7522.856243  
7566.975882  
7482.199762  
7504.007686  
7517.104255  
7570.747374  
7542.513147  
7547.915708  
7510.183621  
7559.344468  
7510.163187  
7490.00205  
7471.766485  
7577.144457  
7521.270671  
7595.348176  
7512.622819  
7580.195995  
7514.545046  
7590.854187  
7537.958436  
7514.966141  
7563.767354  
7565.569439  
7524.984616  
7477.459183  
7441.791811  
7477.749378  
7493.342637  
7517.934026  
7499.175258  
7562.519078  
7429.192134  
7410.26866  
7480.477718  
7523.865952  
7565.668029  
7469.487614  
7500.773657  
7472.574544  
7514.907149  
7504.886485  
7456.39706  
7517.01308  
7507.967392  
7539.501276  
7498.600107  
7558.354403  
7430.296916  
7582.009351  
7480.171953  
7535.927721  
7493.251603  
7498.005688  
7529.56883  
7272.186  
7481.584562  
7492.424752  
7492.612628  
7527.637458  
7506.695161  
7325.596226  
7391.117191  
7558.871378  
7397.976385  
7267.884024  
7391.142893  
7470.114149  
7427.589824  
7535.762843  
7538.297783  
7507.878791  
7577.221647  
7559.655859  
7527.254107  
7497.444853  
7520.101963  
7525.855488  
7506.784079  
7566.336673  
7480.540712  
7531.619024  
7507.01758  
7450.437282  
7494.027822  
7520.760135  
7490.461436  
7559.37963  
7429.165523  
7634.257999  
7464.073557  
7649.444029  
7320.971098  
7434.70274  
7569.516391  
7397.858865  
7554.282565  
7486.004579  
7555.025893  
7523.607638  
7453.91437  
7326.506165  
7556.717067  
7461.351685  
7569.115497  
7419.309512  
7328.589398  
7604.627801  
7497.243374  
7481.419181  
7518.221312  
7530.086679  
7481.335142  
7488.902949  
7552.005595  
7423.984571  
7510.968919  
7487.952362  
7482.948234  
7520.00028  
7583.15276  
7478.300791  
7449.529172  
7488.56842  
7403.924966  
7544.382433  
7531.439148  
7508.322972  
7503.896829  
7435.656561  
7504.190344  
7471.635886  
7432.427225  
7444.661765  
7488.459389  
7459.459329  
7471.739892  
7532.682024  
7510.690375  
7487.242223  
7555.840316  
7518.641958  
7523.062809  
7465.070865  
7472.36559  
7457.936199  
7465.242831  
7534.052919  
7435.665068  
7533.583556  
7424.532734  
7651.391559  
7744.969635  
7411.129686  
7615.506392  
7422.091221  
