-0.1199036177  
-1.61300832  
-0.6426158462  
-0.6274334397  
-0.6563827213  
-0.6110300573  
-1.113208808  
-2.007325886  
-0.9250797226  
-1.645265634  
0.2448080107  
2.191109159  
-1.090969833  
-0.6996226473  
-0.265002802  
0.5412187239  
-1.317012594  
-0.6174472649  
0.09418254265  
2.232753547  
-1.92653281  
0.1907253192  
-1.23296542  
-0.7305939306  
-0.287955684  
2.667756532  
-1.518799826  
0.9421405496  
2.502310809  
-0.09567707387  
-0.6731405792  
-0.5047265944  
-0.9047188218  
-0.4125376466  
-0.895701057  
-0.9212282827  
-1.164663937  
-1.394421034  
-0.7971229356  
-0.8489035496  
-1.376701061  
-0.7640419081  
-1.196918847  
-0.4897497348  
-0.3055878439  
-0.1091991524  
-0.4346940971  
-0.187524806  
-1.121796826  
-0.358616374  
-0.8725918771  
-0.2361403171  
-0.730847571  
-0.1398824232  
-1.241031066  
-0.490963541  
-0.6881434545  
0.1415234648  
-0.5847935682  
0.404459298  
0.8809354085  
0.3361890515  
2.5482382  
-0.5890825008  
-0.5031529713  
0.512956703  
2.934847271  
-1.06282126  
0.01733270916  
-0.7679624631  
0.05209024451  
-0.2299126631  
0.2670892036  
-0.2772776295  
-0.05629131667  
0.5669724557  
1.39780995  
0.1070120886  
0.4960215416  
-0.7975528704  
0.6054628847  
2.913414168  
-0.3108481205  
0.2124257045  
0.268372587  
-0.3051269742  
-0.4009855352  
-0.3501678275  
-0.9944401992  
-0.546724483  
-0.8455993787  
0.07938051399  
-1.219451737  
-0.09161494663  
1.518211395  
-0.4403201645  
-0.187348175  
0.1467078917  
2.589970305  
-1.480291685  
0.5895747199  
1.368767864  
0.9184979847  
-0.7631216683  
-0.05836262551  
-0.07885486714  
-1.256376903  
-1.01268146  
-1.44156517  
-1.236164815  
-0.6065180331  
-1.106444064  
-0.2241590182  
0.1600659511  
0.003306327174  
2.03769549  
-0.569235315  
-0.07221912293  
0.2158759059  
-0.9402369658  
-0.4548850555  
-0.06902828973  
0.4642562976  
-0.2234800263  
-0.3188164851  
0.4121519722  
-1.458905459  
0.2320730154  
-0.4028576677  
-0.6267521267  
-0.2686705016  
0.1533646909  
-0.2942490217  
2.522232438  
0.9011607541  
0.6136714499  
-0.8057712553  
0.2548915859  
2.778944013  
0.5422094689  
0.01019309548  
0.4498043176  
0.5923351401  
0.5274754482  
2.87116975  
-0.2104961732  
0.06254623658  
-0.65242504  
0.2529916394  
-0.9712472749  
0.6865321484  
1.746982023  
0.197573199  
-0.08632320616  
-0.03803537042  
2.765294861  
1.072473706  
0.3062778272  
0.8578666927  
0.4119983686  
-0.112097095  
-0.2096357137  
-0.9298683085  
-0.3016832642  
-0.2083063694  
-0.329916482  
-0.08893664259  
0.6804384303  
1.791582883  
0.742559189  
0.3849775195  
-0.005828864116  
0.466521928  
-0.3852638879  
-0.4624362787  
0.0263752792  
1.015673264  
-0.8590053176  
-0.005800167831  
0.2248937413  
0.5499739708  
0.3597286861  
-0.3128160086  
1.011518449  
2.531288603  
-0.4258393571  
0.416758003  
-0.5909707009  
-0.5426523289  
-0.6223509931  
-0.2432969945  
-1.076930498  
-0.2791249884  
-0.5489330114  
0.6225376085  
-0.1677258102  
-0.406844254  
0.3475619016  
-0.2639992445  
-0.355994211  
-0.8189704218  
-0.1737403751  
-0.6762324639  
0.214246808  
1.945719074  
0.5031641147  
2.50200989  
-0.6639792606  
0.3517248115  
0.0458350491  
2.595654594  
-0.3966342635  
0.2967958454  
-0.5101664116  
0.4064545609  
-0.8149395647  
-0.847402848  
-0.5552020535  
-0.01149545563  
-0.4986097123  
1.450931257  
2.38644692  
0.8511724066  
0.7256141754  
-0.03413322783  
