8280.86212  
8002.909209  
7860.15724  
7812.708379  
7772.302742  
7728.16443  
7784.067856  
7742.423532  
7696.391279  
7719.007289  
7691.508583  
7748.43407  
7792.136503  
7713.924466  
7704.281443  
7711.357562  
7751.796784  
7784.612427  
7702.268031  
7674.825691  
7743.95245  
7697.00071  
7729.713029  
7751.492565  
7761.749591  
7700.892158  
7851.367592  
7741.236676  
7720.062644  
7729.889512  
7731.926449  
7794.166183  
7750.603226  
7678.624753  
7735.961399  
7695.617372  
7716.360992  
7694.450421  
7688.528725  
7684.995991  
7696.463326  
7672.598394  
7658.70403  
7797.653067  
7799.148825  
7659.229601  
7670.636742  
7630.950059  
7714.551958  
7671.504544  
7716.859585  
7670.088743  
7783.564574  
7787.076746  
7757.018574  
7668.253871  
7689.233404  
7720.802386  
7703.937671  
7723.573079  
7714.689175  
7676.720723  
7588.892922  
7682.944803  
7590.102737  
7663.694632  
7613.350685  
7550.134719  
7670.671645  
7653.456253  
7636.230438  
7739.032767  
7678.303061  
7646.985054  
7665.788041  
7621.960048  
7650.368045  
7817.776737  
7742.990127  
7776.502934  
7623.46197  
7663.7436  
7735.599187  
7577.916364  
7642.969487  
7570.270113  
7632.52371  
7645.326635  
7667.170636  
7697.224923  
7691.175832  
7743.244911  
7761.341846  
7779.184251  
7736.217412  
7710.317091  
7700.725767  
7818.733184  
7726.824308  
7861.876249  
7820.884431  
7696.962505  
7776.354243  
7796.707625  
7756.528001  
7749.631143  
7749.915977  
7703.785337  
7755.481718  
7766.851605  
7776.60629  
7771.930862  
7698.086986  
7933.930209  
7792.205631  
7732.235217  
7764.741726  
7750.011485  
7690.06163  
7703.510579  
7745.265847  
7755.468069  
7736.460198  
7732.142006  
7808.535604  
7768.374459  
7737.008116  
7733.440947  
7791.441153  
7688.532752  
7795.974456  
7729.603555  
7735.981336  
7765.676853  
7735.702901  
7725.514193  
7707.055267  
7777.691535  
7746.052108  
7744.97749  
7724.6398  
7809.777517  
7784.187313  
7773.753867  
7727.957644  
7752.275867  
7752.400216  
7739.762818  
7694.417891  
7752.400828  
7784.766539  
7778.86418  
7752.855377  
7745.606082  
7724.80276  
7709.902169  
7730.081813  
7766.46155  
7759.086377  
7754.76888  
7857.187609  
7678.393238  
7745.973502  
7619.052513  
7569.936684  
7628.076598  
7652.770945  
7690.785553  
7705.194602  
7645.395788  
7553.795332  
7677.574538  
7671.392138  
7698.395354  
7712.710482  
7707.197225  
7705.773438  
7697.523471  
7677.342063  
7656.790304  
7690.306485  
7687.379521  
7703.838451  
7660.676832  
7790.30539  
7810.860803  
7701.839503  
7697.147239  
7740.692461  
7700.187331  
7705.909684  
7670.031057  
7562.363293  
7757.321715  
7722.16965  
7714.109198  
7708.022056  
7786.476708  
7511.465688  
7558.583866  
7795.555746  
7650.182757  
7558.66999  
7737.664771  
7685.782524  
7677.150515  
7705.347005  
7724.546556  
7701.548112  
7785.325314  
7747.165247  
7750.184969  
7710.338046  
7758.212895  
7743.48143  
7751.991466  
7728.69882  
7707.775869  
7747.949299  
7716.363445  
7744.966137  
7616.50498  
7745.8187  
7694.478422  
7809.095291  
7646.890392  
7872.991096  
7729.438959  
7833.557997  
7620.89862  
7632.017045  
7804.429086  
7623.958947  
7788.983626  
7709.587488  
7720.519669  
7750.306489  
7685.825402  
7494.147609  
7620.41801  
7764.067896  
7802.770051  
7628.045325  
7709.797089  
7822.638184  
7714.399811  
7692.836146  
7703.864752  
7711.165691  
7657.121843  
7705.141514  
7659.892354  
7672.924838  
7743.668825  
7646.343705  
7688.801717  
7782.024025  
7691.99002  
7711.33328  
7638.913703  
7698.79967  
7688.074363  
7668.696353  
7730.552423  
7668.264294  
7717.038922  
7717.870689  
7698.654071  
7592.991147  
7722.574505  
7620.081245  
7663.576298  
7695.713581  
7650.81555  
7735.680703  
7670.605535  
7669.381601  
7735.963667  
7682.426363  
7674.933142  
7611.537763  
7573.724724  
7636.325012  
7754.842112  
7692.15505  
7660.15313  
7694.320227  
7696.3214  
7710.860457  
7930.738912  
7685.992968  
7709.584875  
7751.625346  
