8024.78275  
7974.716219  
7557.806254  
7719.01878  
7311.327841  
7498.792187  
7823.746948  
7634.164825  
7759.568011  
7487.599841  
7633.380939  
7610.742831  
7540.950293  
7573.381165  
7530.801579  
7573.553958  
7595.768821  
7609.044399  
7626.553166  
7606.836778  
7620.055804  
7613.842361  
7670.906668  
7670.954413  
7637.156474  
7667.722187  
7574.222695  
7535.560197  
7605.55252  
7636.02903  
7338.13105  
7405.626969  
7593.047126  
7529.281124  
7570.265335  
7594.021375  
7586.08264  
7593.252194  
7640.796037  
7618.17404  
7647.089145  
7680.745279  
7646.993967  
7650.088727  
7667.399988  
7633.266207  
7628.897681  
7629.156083  
7648.739645  
7503.834373  
7563.945151  
7715.236346  
7582.289148  
7456.277375  
7513.278964  
7569.160969  
7595.481712  
7664.364686  
7539.929617  
7557.517302  
7628.669741  
7609.799412  
7687.196172  
7514.582331  
7492.076434  
7618.530071  
7544.25827  
7593.296861  
7608.766284  
7618.620763  
7632.493962  
7577.049886  
7655.074324  
7586.794103  
7517.012736  
7654.488351  
7454.149079  
7451.001212  
7527.628266  
7455.157816  
7629.790823  
7590.56213  
7676.604521  
7644.342723  
7654.08584  
7713.365194  
7552.358009  
7661.095396  
7616.929215  
7636.832076  
7632.810158  
7663.929649  
7652.542823  
7703.131676  
7716.133682  
7757.275433  
7597.425791  
7568.616744  
7626.392209  
7666.7994  
7636.881505  
7811.51615  
7662.845014  
7647.684105  
7665.996244  
7602.66044  
7597.390777  
7646.528476  
7636.238762  
7681.082691  
7645.118296  
7642.970324  
7587.762497  
7705.071752  
7670.297385  
7662.872708  
7683.006494  
7678.727078  
7667.883073  
7640.809885  
7642.92947  
7542.029951  
7664.131145  
7639.826038  
7627.726255  
7685.733963  
7647.486593  
7625.92741  
7665.852206  
7461.722341  
7652.157162  
7525.952796  
7535.457294  
7587.221582  
7648.429794  
7557.739841  
7558.70337  
7580.522301  
7648.316809  
7624.949285  
7620.780824  
7619.913656  
7588.817739  
7674.632493  
7664.933279  
7568.65711  
7570.54714  
7654.776589  
7692.602695  
7697.427182  
7721.781384  
7622.085652  
7491.287621  
7659.639709  
7544.973464  
7571.873224  
7582.386452  
7595.293393  
7694.907182  
7616.815338  
7680.327224  
7610.216834  
7696.624634  
7662.319805  
7642.971604  
7707.424573  
7652.088671  
7677.285752  
7683.458284  
7685.484367  
7685.905501  
7680.994113  
7738.591943  
7665.766442  
7672.546288  
7640.020045  
7643.599707  
7640.41003  
7596.911152  
7588.317153  
7648.904077  
7431.992127  
7639.287959  
7684.363242  
7675.320567  
7671.41258  
7688.713138  
7628.152184  
7574.989032  
7627.374265  
7641.867289  
7698.090585  
7615.652947  
7661.053228  
7712.395097  
7604.215669  
7669.293694  
7675.106093  
7523.963752  
7364.466624  
7712.069674  
7581.312646  
7663.672929  
7646.649756  
7587.171408  
7389.379963  
7652.152838  
7713.709208  
7680.394228  
7701.531285  
7621.699135  
7678.58251  
7725.116038  
7527.198217  
7679.447163  
7707.869232  
7755.842641  
7775.191554  
7656.590785  
7798.096785  
7719.896768  
7799.492433  
7765.793681  
7678.374469  
7719.649492  
7632.348516  
7645.077934  
7576.028888  
7563.202289  
7294.812451  
7638.73903  
7828.779167  
7585.329629  
7680.168677  
7772.564924  
7607.723429  
7747.321464  
