0.1185415375  
0.3119430062  
-0.449626361  
0.1939537791  
-0.7431483887  
-0.2612115162  
-1.905636044  
-2.344077861  
-2.637732595  
-1.220582909  
-1.292738254  
-0.6606796857  
-0.7286769125  
-0.09878084497  
-1.162581706  
-1.831518469  
-1.282188273  
-0.6552236885  
-0.7093935278  
-0.6590595761  
-1.871080332  
-1.272002574  
-1.125997978  
-0.3038264796  
-0.6390583132  
-0.5748541233  
-0.5051769992  
-0.1853090207  
-0.7108006757  
-0.8068273885  
-0.4679859914  
-0.004930959298  
-1.236010199  
-0.6584055564  
-0.7566364329  
-0.268225313  
-0.9188145322  
0.01172676006  
0.5133965941  
-1.599119423  
-1.066550318  
-0.8594764762  
-0.1491919886  
0.983839345  
1.776122152  
-0.3142987757  
0.3020432185  
-0.5753644929  
2.101657419  
0.6158789029  
0.945147319  
1.156283527  
-0.6094830042  
-0.09343953089  
-0.8432606396  
-1.190456564  
-0.4423759722  
-0.3718858538  
-0.8847057391  
0.1991888744  
-0.4952841516  
-0.5040847906  
-0.3255338227  
-0.3760722497  
-0.2260633957  
1.445330457  
2.069272637  
-0.1968089349  
0.1386231924  
-0.4865593284  
0.7601003265  
1.452607365  
-0.07159242245  
0.3230832342  
-0.2502962076  
0.8512064967  
0.9852777109  
-2.758468217  
-1.110966027  
-0.8889185064  
-0.6582023402  
1.513055905  
3.40029721  
-0.2711674076  
0.4891131134  
-0.6125314937  
1.399830321  
1.640288986  
0.01082054935  
0.1298172989  
0.2141562685  
-0.3366292049  
-0.4840316782  
-0.4711245709  
-0.7577621289  
-0.6922284287  
-0.9379943873  
-0.3027763482  
-0.0274876035  
-0.2318375414  
-0.3009531967  
-0.6274186979  
0.0608980324  
-0.8496460081  
0.7766571958  
0.02307011184  
0.2294389072  
-0.3744611519  
-2.26871809  
-1.660320713  
-1.1799055  
-0.2847787822  
-1.194888482  
0.8321554549  
1.384305155  
-1.106730867  
0.5744344852  
-1.239142505  
-0.3452456848  
-0.8942013937  
0.9438988708  
1.784237925  
2.160673406  
0.1952061048  
0.4660044403  
-0.8908455566  
-1.556124443  
-0.2206165481  
-0.2716060174  
-0.6199568391  
0.173402983  
0.4678905191  
-0.003885876733  
0.6785196457  
0.5581436272  
0.01068413639  
-0.2268282435  
0.5688924341  
-0.9065968186  
0.2876712315  
-0.4447275236  
0.3273987168  
-0.1424592515  
-0.9236566976  
0.1635654216  
0.8197217149  
-0.5260810372  
1.909990425  
2.180794005  
0.4299881388  
0.7276170193  
0.6661298817  
-0.03316249838  
1.415615407  
2.138768281  
1.125509836  
0.1533671778  
-0.3768154206  
0.4070151894  
-0.344821538  
0.9445119606  
-0.514658877  
-1.571814987  
1.363526913  
0.6639033754  
-1.603215426  
0.4293681993  
1.847981372  
1.990106784  
1.345330974  
0.3181783247  
0.2297546406  
-0.5957676512  
-0.8981823629  
-0.7672187587  
0.5487506924  
0.551350401  
-0.8192185153  
0.3934029748  
-0.4719231708  
0.6044977445  
0.01651386703  
-0.3224737979  
0.5998870559  
0.3474001224  
-0.3911496293  
-0.05943992622  
-0.5600812302  
-0.1401040478  
1.078780089  
1.269684132  
-0.3928940884  
0.2110600515  
-0.1560741587  
1.280254756  
-0.5920608755  
1.20827311  
0.9407010172  
0.5204745002  
-0.4470054533  
0.6277006589  
2.19470329  
0.4067975128  
-0.7306061618  
0.01525487453  
-0.8386908176  
-0.3193970773  
-0.1676480948  
0.2126193595  
-0.250577633  
1.592722331  
1.983308802  
1.701087718  
1.08828674  
0.4955040957  
-0.629008496  
-0.1887636302  
1.702413646  
-0.1235433068  
0.5343327308  
-0.1981275161  
0.2464499869  
2.529344456  
2.588628659  
-0.3300467857  
