-2.550961e+00 3.221706e+01 -2.905504e+01 5.872114e+01
-6.032267e+00 3.221706e+01 -3.039238e+01 5.657718e+01
-1.285161e+01 3.221706e+01 -3.098033e+01 5.034578e+01
-3.693156e+01 3.221706e+01 -3.302855e+01 2.831405e+01
-2.561615e+00 3.221706e+01 -3.104607e+01 6.070152e+01
3.695490e+01 3.221706e+01 -2.835170e+01 9.752366e+01
1.048447e+00 3.221706e+01 -3.723831e+01 7.050381e+01
-4.982774e+00 3.221706e+01 -3.082005e+01 5.805434e+01
-3.742699e+00 3.221706e+01 -3.633208e+01 6.480644e+01
-3.330018e+01 3.221706e+01 -3.171931e+01 3.063620e+01
-2.620623e+01 3.221706e+01 -2.900327e+01 3.501410e+01
-7.096806e+01 3.221706e+01 -3.210244e+01 -6.648553e+00
-8.459151e+00 3.221706e+01 -3.298343e+01 5.674134e+01
-2.733706e+01 3.221706e+01 -2.903052e+01 3.391051e+01
-2.743051e+01 3.221706e+01 -2.824150e+01 3.302805e+01
2.373130e+00 3.221706e+01 -3.624767e+01 7.083786e+01
7.802289e+00 3.221706e+01 -2.753001e+01 6.754936e+01
4.783139e+00 3.221706e+01 -3.162047e+01 6.862067e+01
-1.054965e+01 3.221706e+01 -3.130985e+01 5.297725e+01
-1.173874e+01 3.221706e+01 -3.836231e+01 5.884063e+01
-5.411197e+01 3.221706e+01 -3.331389e+01 1.141898e+01
-4.456509e+01 3.221706e+01 -3.433320e+01 2.198517e+01
-5.939304e+01 3.221706e+01 -3.263555e+01 5.459571e+00
-1.696965e+00 3.221706e+01 -3.586418e+01 6.638428e+01
-2.601031e+01 3.221706e+01 -3.312021e+01 3.932695e+01
-2.242287e+01 3.221706e+01 -2.955852e+01 3.935271e+01
-1.134695e+01 3.221706e+01 -3.068591e+01 5.155601e+01
1.356925e+01 3.221706e+01 -2.831353e+01 7.409984e+01
-3.168868e+01 3.221706e+01 -2.945212e+01 2.998050e+01
-7.348070e+00 3.221706e+01 -2.366682e+01 4.853581e+01
-5.306223e+01 3.221706e+01 -3.375170e+01 1.290653e+01
-1.274669e+01 3.221706e+01 -3.374330e+01 5.321367e+01
-2.785413e+01 3.221706e+01 -3.630740e+01 4.067033e+01
-5.806498e+01 3.221706e+01 -3.428291e+01 8.434991e+00
-2.479300e+01 3.221706e+01 -3.817556e+01 4.559963e+01
-3.358829e+01 3.221706e+01 -3.031195e+01 2.894072e+01
4.167057e+00 3.221706e+01 -3.456677e+01 7.095089e+01
-2.672055e+01 3.221706e+01 -3.097870e+01 3.647521e+01
-4.056363e+01 3.221706e+01 -3.380888e+01 2.546231e+01
-1.898886e+01 3.221706e+01 -2.775554e+01 4.098374e+01
-5.313301e+01 3.221706e+01 -3.543984e+01 1.452389e+01
-2.532605e+01 3.221706e+01 -3.340674e+01 4.029775e+01
-3.781780e+01 3.221706e+01 -3.790632e+01 3.230558e+01
-8.160856e+01 3.221706e+01 -3.077577e+01 -1.861573e+01
-8.160856e+01 3.221706e+01 -3.221706e+01 -1.717444e+01
-8.160856e+01 3.221706e+01 -3.221706e+01 -1.717444e+01
-8.160856e+01 3.221706e+01 -3.221706e+01 -1.717444e+01
-8.160856e+01 3.221706e+01 -3.221706e+01 -1.717444e+01
-8.160856e+01 3.221706e+01 -3.221706e+01 -1.717444e+01
-8.160856e+01 3.221706e+01 -3.221706e+01 -1.717444e+01
-8.160856e+01 3.221706e+01 -3.221706e+01 -1.717444e+01
-8.160856e+01 3.221706e+01 -3.221706e+01 -1.717444e+01
