7.936332e+01 9.328799e+01 1.012355e+02 7.141584e+01
7.163773e+01 9.328799e+01 9.649693e+01 6.842878e+01
1.135706e+02 9.328799e+01 9.584200e+01 1.110166e+02
7.730456e+01 9.328799e+01 9.559053e+01 7.500202e+01
1.151722e+02 9.328799e+01 9.351203e+01 1.149482e+02
1.133339e+02 9.328799e+01 1.031167e+02 1.035052e+02
1.570096e+02 9.328799e+01 8.610686e+01 1.641907e+02
2.825728e+01 9.328799e+01 9.212347e+01 2.942179e+01
8.057649e+01 9.328799e+01 8.391432e+01 8.995016e+01
5.499683e+01 9.328799e+01 8.940875e+01 5.887607e+01
1.038299e+01 9.328799e+01 1.015574e+02 2.113613e+00
4.985260e+01 9.328799e+01 9.580786e+01 4.733272e+01
1.080042e+02 9.328799e+01 8.986013e+01 1.114320e+02
6.866953e+01 9.328799e+01 9.397339e+01 6.798412e+01
1.714146e+02 9.328799e+01 9.328543e+01 1.714172e+02
1.383570e+02 9.328799e+01 8.888466e+01 1.427603e+02
1.294137e+02 9.328799e+01 9.824726e+01 1.244544e+02
1.459979e+02 9.328799e+01 9.007536e+01 1.492105e+02
7.191077e+01 9.328799e+01 9.162654e+01 7.357222e+01
3.033540e+02 9.328799e+01 8.601599e+01 3.106260e+02
-3.247070e+01 9.328799e+01 8.902833e+01 -2.821105e+01
3.358067e+01 9.328799e+01 9.010760e+01 3.676105e+01
1.159826e+02 9.328799e+01 9.453738e+01 1.147332e+02
1.562650e+02 9.328799e+01 8.818697e+01 1.613660e+02
-7.574299e+01 9.328799e+01 9.031509e+01 -7.277009e+01
-5.718930e+00 9.328799e+01 9.379287e+01 -6.223813e+00
6.240359e+01 9.328799e+01 1.012955e+02 5.439605e+01
9.299105e+01 9.328799e+01 1.001225e+02 8.615649e+01
1.270755e+02 9.328799e+01 1.004002e+02 1.199633e+02
1.184939e+02 9.328799e+01 1.054671e+02 1.063147e+02
1.173510e+02 9.328799e+01 8.902031e+01 1.216187e+02
1.298456e+02 9.328799e+01 9.144710e+01 1.316865e+02
1.141358e+02 9.328799e+01 8.508601e+01 1.223378e+02
1.267105e+02 9.328799e+01 8.970737e+01 1.302912e+02
2.114983e+01 9.328799e+01 8.508253e+01 2.935529e+01
8.119121e+01 9.328799e+01 9.682050e+01 7.765870e+01
1.119167e+02 9.328799e+01 9.516491e+01 1.100397e+02
9.377706e+01 9.328799e+01 9.859110e+01 8.847395e+01
2.587470e+00 9.328799e+01 9.015073e+01 5.724726e+00
1.652852e+02 9.328799e+01 1.023208e+02 1.562524e+02
-3.184949e+01 9.328799e+01 8.911369e+01 -2.767519e+01
-1.998006e+01 9.328799e+01 9.311100e+01 -1.980308e+01
5.685455e+01 9.328799e+01 8.552723e+01 6.461530e+01
1.460735e+02 9.328799e+01 9.359344e+01 1.457681e+02
1.460735e+02 9.328799e+01 9.328799e+01 1.460735e+02
1.460735e+02 9.328799e+01 9.328799e+01 1.460735e+02
1.460735e+02 9.328799e+01 9.328799e+01 1.460735e+02
1.460735e+02 9.328799e+01 9.328799e+01 1.460735e+02
1.460735e+02 9.328799e+01 9.328799e+01 1.460735e+02
1.460735e+02 9.328799e+01 9.328799e+01 1.460735e+02
1.460735e+02 9.328799e+01 9.328799e+01 1.460735e+02
1.460735e+02 9.328799e+01 9.328799e+01 1.460735e+02
