4.836841862  
0.6242171059  
-0.6342877273  
-0.6908375311  
-1.106118002  
-1.039974431  
-1.189603764  
-1.087326515  
-1.340423226  
-1.160008391  
-1.456048872  
-0.735567416  
2.411530167  
-0.8987905865  
-0.942460012  
-0.9595655455  
-0.7177754529  
-0.939351304  
-0.8067925967  
-0.8334460714  
-0.6946222269  
-0.8325868922  
-0.8609293742  
-0.9115096283  
-0.02984191001  
-0.762679266  
-1.053233945  
-0.7970521555  
-0.6189693299  
-0.797743392  
-0.8657010679  
-0.9735981255  
-0.960287915  
-1.135105712  
-1.01923716  
-0.9231210623  
-0.7800626568  
-0.9802109153  
-0.7990387227  
-0.842720115  
0.06119917565  
-0.7658474852  
-0.8723720389  
-0.9889010878  
-0.6372413752  
-0.2089537778  
-0.5996007533  
1.642658714  
0.6817113587  
-0.5895582429  
-0.843748746  
-0.8501034347  
-0.9738133125  
-1.089669134  
-0.9682091488  
-0.8415187555  
-0.6381354144  
-0.7877260191  
-0.7453967562  
-0.7461704397  
-0.8531368854  
0.03802051686  
-0.8607069324  
-0.648710731  
2.773749845  
-0.7512955856  
-0.1937116574  
1.097908412  
-0.5581787642  
-0.4392617435  
-0.0625995244  
-0.6009601229  
-0.6722386737  
-0.618561216  
0.7806720089  
-0.8745048086  
-0.1275516818  
-0.5518868673  
-0.2860081854  
3.15533488  
-0.8669934898  
-0.2907992442  
-0.74287447  
-0.1402917424  
0.3296082876  
-0.5301401149  
-0.5062394954  
-0.7390685937  
-0.585641  
-0.7334210006  
-0.5277667494  
-0.8608770872  
-0.5435187419  
-0.6795898239  
-0.3996204942  
-0.606517922  
-0.4747329934  
-0.8174227787  
-0.8322304603  
-0.6902766412  
-0.7617576631  
-0.6880262428  
-0.8930812967  
-0.9268587323  
-0.7460497069  
-0.5787527404  
-0.6444741336  
-0.721113725  
-0.5574538004  
-0.7686642158  
-0.4060306917  
-0.3194348568  
-0.1933145053  
0.5048483323  
-0.6952059215  
-0.8144246903  
-0.6420628507  
-0.5280279782  
-0.4620788734  
-0.5686852212  
-0.3316834995  
-0.9630710537  
-0.7321160495  
-1.155093902  
-0.7759156041  
-0.8537985899  
-0.4731732012  
-0.4996715714  
-0.5011932013  
3.334871059  
-0.5530249535  
-0.3410804913  
-0.7364089764  
-0.365584769  
-0.3629853264  
-0.3825279683  
-0.2793886324  
2.485492914  
-0.2051973198  
0.2623948443  
-0.2898129359  
-0.0615175479  
-0.2317897635  
0.07915848504  
-0.365889579  
-0.4175783491  
-0.2736296101  
-0.2834868305  
-0.3485411172  
-0.3417969661  
2.596836686  
-0.7730640703  
-0.1613042847  
-0.5930522556  
-0.4946782029  
1.872757925  
0.6459867486  
-0.2201276354  
0.08956361505  
0.5008960924  
0.2633321638  
-0.1491208765  
-0.06699312341  
0.5852497045  
0.1030325864  
0.00107364796  
0.4207679352  
3.531261033  
0.1421587089  
0.2660604901  
0.08015303897  
1.07904472  
-0.1343706791  
0.3071063246  
0.03203058383  
-0.2848051162  
-0.2202073626  
0.02700100009  
-0.2848176441  
0.3644906757  
0.2760248931  
0.3744493024  
0.3324711252  
0.422495299  
-0.276987156  
0.2470309126  
-0.14334116  
0.6331379423  
2.100710566  
-0.2841344344  
-0.1972977074  
-0.3649632313  
0.2954207169  
4.323096676  
0.3975529612  
0.1368540455  
0.02117754217  
0.1994305907  
3.977613744  
0.1446871197  
0.2135831152  
2.753046962  
0.06520514301  
0.4159319443  
1.753369446  
0.2153189225  
0.07353666518  
0.1105528135  
1.342020633  
-0.09152121441  
-0.1554560172  
0.1626467858  
0.01988576543  
1.673645898  
-0.0959771274  
0.4852615329  
1.500711583  
0.5632542945  
0.3988642188  
0.4906303455  
0.2366514182  
0.4154620437  
0.2346943296  
0.4682149226  
0.6498268882  
0.6881305278  
0.5438238023  
0.5395728916  
0.1033035212  
0.5825176817  
0.3715586043  
0.4618799618  
1.996892453  
0.671687776  
0.2891546986  
0.8998825049  
3.922620034  
0.5232487751  
0.5288992519  
0.6229756903  
1.007343058  
0.4312414292  
0.5171937145  
0.3803151148  
0.9952188159  
0.5220395998  
0.4954771158  
0.3543801736  
0.533916336  
0.334992383  
0.4895615661  
1.454069479  
0.6565792861  
0.2899584926  
0.8561177446  
0.6449073865  
0.6979563343  
0.5951454413  
1.592949188  
0.4979009006  
0.2810288655  
0.9826510103  
0.3359183966  
0.6542589509  
0.543846404  
