7869.582516  
7771.669676  
7431.647318  
7414.615214  
7561.373298  
7645.669388  
7295.810277  
7673.42974  
7592.071789  
7292.440364  
7514.899409  
7449.147332  
7335.675607  
7263.331307  
7283.660218  
7357.994677  
7561.83501  
7340.554372  
7783.922403  
7462.312275  
7523.658264  
7646.712713  
7352.473885  
7354.909955  
7634.730136  
7454.610291  
7464.530534  
7440.146032  
7776.659792  
7412.01576  
7471.266646  
7443.156382  
7407.098574  
7460.235308  
7408.779598  
7600.096265  
7421.434415  
7433.111138  
7874.921704  
7478.888786  
7726.597719  
7342.381296  
7983.583312  
7923.164192  
7494.81855  
7606.398675  
7564.594211  
7624.738186  
7537.746  
7660.219039  
7589.760243  
7558.35481  
7499.873536  
7548.024019  
7535.298263  
7483.730276  
7498.930343  
7479.499937  
7496.541424  
7531.276759  
7526.066106  
7553.773892  
7520.181174  
7569.227285  
7506.999558  
7519.641129  
7513.533471  
7501.032123  
7494.77851  
7418.789774  
7480.611949  
7718.690958  
7352.03499  
7511.235958  
7784.988063  
7455.543089  
7409.922685  
7693.12705  
7733.831012  
7528.253937  
7584.938837  
7394.975928  
7471.660555  
7494.041585  
7445.848315  
7634.421551  
7611.996062  
7398.623694  
7469.771731  
7387.41347  
7790.864951  
7500.217303  
7544.25459  
7503.324056  
7566.018001  
7858.956488  
7544.1772  
7486.374178  
7472.289244  
7694.820124  
7505.337794  
7462.433337  
7544.924015  
7482.336284  
7544.93273  
7495.362827  
7491.560056  
7673.342139  
7646.853113  
7454.335884  
7955.589363  
7519.975384  
7744.464294  
7567.845361  
7662.231541  
7791.796473  
7591.965574  
7576.100433  
7503.62018  
7464.630404  
7708.673851  
7540.956604  
7878.795284  
7653.079795  
7779.611943  
7564.474189  
7452.035244  
7515.349451  
7475.120389  
7478.827517  
7722.071478  
7626.582049  
7602.547096  
7489.104103  
7528.828975  
7473.40564  
7749.926496  
7387.468202  
7393.230265  
7444.588135  
7771.375776  
7424.24898  
7325.465179  
7399.936753  
7446.535227  
7421.836795  
7426.299424  
7618.27892  
7333.480048  
7366.677201  
7301.384929  
7674.968866  
7629.664339  
7549.906319  
7663.617425  
7733.911895  
7539.800811  
7814.583168  
7501.169274  
7474.970789  
7542.607281  
7791.897113  
7410.978086  
7425.550374  
7438.555798  
7416.830929  
7485.65754  
7443.024629  
7471.098113  
7582.833229  
7488.716727  
7484.309554  
7527.70059  
7668.854425  
7403.618651  
7545.713432  
7502.429247  
7613.138063  
7536.423594  
7878.927782  
7810.561175  
7519.990359  
7509.193089  
7675.694963  
7444.699035  
7670.512287  
7492.748321  
7474.964643  
7774.804328  
7609.414222  
7528.435048  
7541.881786  
7509.738073  
7827.658987  
7542.568882  
7536.539579  
7448.947714  
7605.20219  
7801.956068  
7427.450248  
7397.691749  
7560.941456  
7788.029107  
7557.875012  
7551.12582  
7510.568108  
7721.897865  
7630.5087  
7510.979265  
7700.252716  
7499.245903  
7798.706855  
7649.727102  
7550.440081  
7834.701079  
7519.509101  
7848.671602  
7664.102889  
7473.138888  
7853.507733  
7654.988944  
7908.288279  
7787.637555  
7469.68646  
7929.629396  
7621.368695  
7632.319193  
7780.895867  
7540.387379  
7558.271583  
7605.202445  
7488.862475  
7539.637418  
7564.475965  
7722.072167  
7678.79219  
7695.831178  
