0.0648140395  
-0.1276611655  
-0.4336118869  
-0.991698288  
-0.9508451562  
-0.8421797054  
-1.097831379  
0.325460921  
1.918109375  
-0.9364281551  
0.09158264254  
1.132999892  
-0.8650136068  
-0.8721965406  
-0.8958816746  
-0.9567921557  
-0.8300170567  
-1.168013346  
-1.057573437  
-0.2875109707  
-0.9508386624  
-0.7327355624  
0.0936412924  
-0.9702809363  
-0.8844138045  
-0.8851737746  
-0.8032621281  
-0.4490256892  
-0.7526604653  
-0.461820209  
2.350425354  
-0.6071448887  
0.5018398408  
-0.8359733726  
-0.6665036363  
-0.7439141673  
-0.5472682096  
-0.6823693314  
-0.7841204438  
-0.1784547325  
-0.2630238008  
-0.5180787834  
-0.44646516  
-0.3288216169  
-0.7819521476  
-0.8131033944  
-0.274675911  
-0.6886130131  
0.07231599395  
-1.039844553  
-0.720202861  
-0.7795705908  
-0.7147143483  
-0.7405604337  
-0.7592372629  
-1.119370434  
-0.7133458562  
2.791087816  
-0.6648549777  
-0.6352585198  
-0.7792418506  
-0.728861084  
-0.7373832931  
-0.6301336548  
-0.4788133939  
-0.1812301505  
-0.4600991477  
-0.471608468  
1.641314656  
0.1166759095  
-0.5533942399  
-0.2560035525  
2.923675664  
-0.4118519289  
1.253607723  
-0.2052278782  
2.660811816  
-0.01595840326  
-0.08448913017  
2.755712583  
-0.336093406  
0.03418208583  
0.6870270348  
-0.1126159566  
-0.3094387031  
-0.3896567224  
-0.7251902632  
-0.1958240944  
-0.6052794435  
-0.6612610663  
0.6843242176  
-0.3500847808  
3.237455348  
-0.7418231911  
2.232877029  
-0.8250180543  
-0.272037679  
2.741839396  
-0.02812812633  
-0.3459571037  
-0.5226161036  
-0.6266064308  
-0.4865952244  
-0.5151367567  
0.1160933082  
-0.3424377807  
0.3387602547  
1.556108551  
0.1203876884  
-0.3340969582  
-0.2349803623  
0.3515827383  
-0.08453013218  
2.391889791  
-0.1389848583  
0.5224024511  
-0.5773311639  
-0.6569090144  
-0.2093953522  
-0.4104762266  
-0.8543488066  
-0.6442157467  
-0.6210223169  
-0.3309653269  
-0.7122889386  
-0.355742581  
-0.5488682184  
-0.9922602929  
-0.6899999094  
-0.468110584  
-0.4691126183  
0.3454635257  
-0.7982633516  
-0.235295224  
-0.567503361  
-0.4254070837  
3.331281173  
0.08432021424  
-0.4205607019  
-0.2669819135  
-0.4608717668  
-0.5776690126  
-0.4711181942  
2.761788288  
-0.3661705464  
-0.3523628977  
-0.2967254987  
0.3733330135  
-0.3933360286  
-0.06930153023  
-0.3925819376  
-0.4363822995  
-0.553677487  
2.848607824  
2.531280822  
0.1239452423  
-0.4880008933  
0.3374233427  
0.4213674787  
-0.1508565563  
-0.3032691743  
2.430907617  
-0.2538830816  
0.01369018024  
-0.2717857677  
-0.2028695328  
-0.1475846754  
-0.1282359226  
0.008725297627  
1.771910035  
-0.2500177229  
0.1461817359  
2.839370295  
-0.3230872924  
-0.01834308777  
3.014518418  
-0.1747617276  
0.2980086179  
2.11024785  
0.09743119417  
0.4942737255  
0.1304186235  
0.6222938939  
-0.103432601  
-0.1365066469  
-0.2788321794  
-0.2299807088  
-0.08016919536  
0.06231664109  
0.7251804594  
-0.2130393895  
0.3739737497  
1.120773107  
-0.3382009316  
2.919838838  
-0.1187335784  
-0.1192828138  
2.390902968  
0.2200676247  
0.9429216517  
0.0925523784  
-0.1249315868  
-0.003860554676  
2.364398783  
-0.4561279487  
-0.633126603  
-0.6527402881  
-0.6250844815  
-0.2083517  
-0.5330367958  
0.02345809162  
-0.5383785258  
-0.5745610844  
-0.4833769394  
-0.1335712492  
-0.6772269393  
-0.4434665325  
0.4731759809  
-0.2004362173  
2.456139557  
-0.2430517304  
0.2151092666  
1.05332896  
-0.1767708548  
-0.1861048594  
