7826.449359  
7678.156321  
7286.079705  
7255.906479  
7462.846834  
7576.587446  
7168.773895  
7478.403292  
7448.446936  
7162.471946  
7365.983725  
7281.133576  
7179.720352  
7139.536282  
7157.799955  
7205.800016  
7336.649918  
7234.966736  
7540.095999  
7206.244679  
7423.61433  
7577.6492  
7199.050127  
7214.92272  
7409.100958  
7289.980291  
7296.969369  
7244.149033  
7471.568929  
7233.55556  
7363.92406  
7293.622723  
7300.555167  
7349.894335  
7234.11741  
7375.50756  
7198.16715  
7294.167332  
7602.657899  
7285.044783  
7475.185251  
7164.296857  
7652.867131  
7808.718729  
7333.317553  
7430.999359  
7349.972793  
7404.942725  
7323.682866  
7492.060309  
7411.703872  
7344.416642  
7281.743998  
7334.558718  
7318.191104  
7283.213588  
7316.699684  
7317.409521  
7302.993346  
7356.930925  
7308.887608  
7358.656434  
7298.943408  
7382.585164  
7330.450135  
7322.344757  
7304.473175  
7282.813851  
7275.891254  
7214.610997  
7343.258865  
7601.649277  
7132.213987  
7366.152048  
7574.171727  
7275.958657  
7243.691078  
7426.75319  
7473.960481  
7334.479309  
7457.711353  
7168.89951  
7292.86671  
7268.838863  
7256.125749  
7353.237485  
7354.95  
7181.216384  
7250.631652  
7208.301533  
7562.669729  
7307.975769  
7348.61676  
7295.411025  
7344.118835  
7620.020562  
7323.286277  
7284.019274  
7249.940639  
7389.463326  
7246.025765  
7238.500895  
7271.682085  
7268.084247  
7345.060742  
7276.020211  
7265.43269  
7354.000925  
7321.456028  
7281.565794  
7622.113435  
7269.252278  
7451.206777  
7287.623906  
7480.963111  
7645.40501  
7349.016847  
7370.145899  
7284.778354  
7266.120955  
7372.29164  
7316.540009  
7466.392109  
7371.684609  
7549.899788  
7311.908658  
7248.781234  
7287.358119  
7272.810148  
7262.405667  
7393.090427  
7351.770248  
7366.317286  
7251.692679  
7324.401408  
7277.874642  
7453.072914  
7208.064067  
7198.948796  
7244.038083  
7507.252549  
7245.810023  
7182.024617  
7193.275719  
7256.548815  
7207.572453  
7254.086239  
7365.698343  
7179.486336  
7170.936855  
7164.809769  
7363.953304  
7405.827041  
7376.569916  
7381.445313  
7492.551227  
7297.137064  
7567.076745  
7284.435359  
7243.761903  
7322.374458  
7505.204497  
7192.471528  
7214.845217  
7251.710322  
7229.659256  
7283.98101  
7193.400685  
7259.746816  
7343.075081  
7289.879833  
7251.398246  
7357.493169  
7503.756911  
7150.142455  
7332.743242  
7252.927468  
7396.433406  
7266.44719  
7635.336366  
7682.040073  
7289.679449  
7315.599692  
7441.448036  
7276.718386  
7417.152855  
7283.159339  
7258.969425  
7477.503048  
7363.941651  
7285.410266  
7316.114796  
7287.879086  
7556.566055  
7300.385214  
7329.474087  
7189.084952  
7415.654432  
7674.630934  
7233.533239  
7262.892033  
7304.874016  
7500.936471  
7329.266023  
7356.813016  
7274.578003  
7442.038001  
7366.093848  
7279.401707  
7390.496936  
7256.48775  
7430.130384  
7325.520448  
7395.197432  
7725.920944  
7276.585444  
7489.536444  
7375.588134  
7275.416337  
7478.605361  
7356.260341  
7457.207426  
7438.443388  
7212.803922  
7573.629393  
7323.194737  
7426.391689  
7632.583468  
7288.491961  
7385.099587  
7399.049674  
7287.235333  
7277.623551  
7302.869944  
7463.736412  
7368.321689  
7514.711763  
