-0.001518857222  
-0.1394417911  
-1.330053725  
-0.9750457608  
-1.245607681  
0.5031316459  
0.08113907597  
-1.621122726  
-0.6488087524  
-1.161879462  
-0.6142153453  
-1.208502659  
-1.479764452  
-1.236582652  
-1.4469054  
-0.4545420086  
-1.138440141  
-1.258072139  
-0.8866808591  
-1.058075429  
-1.264196286  
-1.050881001  
-1.282337849  
-0.4597014802  
-1.760520589  
2.361397402  
2.981242432  
-1.608709426  
0.2532635688  
-1.531006662  
0.06872399713  
-1.657349619  
0.02666989159  
-1.997621347  
2.361852609  
2.138556476  
-1.486163983  
-0.4572506417  
-0.9101796565  
-0.2165556571  
-1.347300534  
-0.8427234312  
-1.387341193  
-0.06403245494  
-0.8065821396  
-0.7722873729  
-0.7662355484  
-0.8681745111  
-1.056836236  
-1.112710246  
-0.8671115416  
-0.8167423335  
-0.9237846388  
-0.2996762983  
-0.627481066  
-0.2624407714  
-0.1360128758  
-0.5921095378  
-0.5058990017  
-0.2565283546  
-0.471822174  
-0.4853583235  
-0.4752422558  
-0.5249483482  
-0.2613967646  
-0.7054248453  
-0.1807077969  
-0.5951692198  
-0.3851663314  
-1.100947149  
-0.1703467132  
-0.89640667  
1.049422048  
-0.7838675486  
2.834828495  
3.402363778  
-0.785951387  
0.7797664496  
-0.8633450031  
0.2922051526  
-0.7583800317  
0.2400200236  
-0.8385241199  
0.6004966108  
-0.7770514762  
1.763888338  
0.8311016762  
-0.2480491594  
-0.1243964093  
0.06891477306  
-0.209389255  
-0.2310788994  
-0.6408485796  
0.2854638094  
-0.2360639681  
-0.1812773157  
-0.414990722  
0.1899983682  
-0.2797990578  
-0.3203897682  
-0.2897238388  
-0.06575927669  
0.1159818763  
-0.04643865099  
-0.6831708904  
-0.3472085245  
-0.461743898  
-0.00996062929  
-0.6441493452  
0.05334114629  
-0.7471586928  
0.1038168034  
-0.6292363904  
-0.2854375518  
0.1910127834  
-0.173102785  
-0.4325650053  
-0.2610813337  
0.0519431643  
0.727271689  
-1.119092389  
0.7448425296  
-1.283274837  
3.92083663  
2.814381225  
-1.161185011  
-0.09945518121  
-0.8080131681  
-0.4815165592  
-0.7903571558  
-0.4545413194  
-0.5210881592  
-0.6201434682  
-0.2364207538  
-0.3988840112  
-0.1053202817  
-0.1873406128  
-0.6378499419  
-0.8626575361  
-0.3045032225  
-0.8297243859  
0.5347642393  
0.2381965202  
-0.4775716137  
-0.6541558999  
-0.3235857825  
-0.9529644543  
0.5988417582  
0.914810225  
0.05197591826  
0.005726947648  
0.6980083554  
0.1582475373  
-0.2625152156  
-0.4022982996  
-0.2733104575  
-0.5162425153  
-0.4700786524  
-1.050906722  
0.1026548292  
-1.0496169  
2.83377889  
2.594000769  
-1.035087654  
0.1035762375  
-0.6753977325  
0.0457727562  
-0.504943603  
-0.1132391289  
-0.3074956795  
-0.3813284797  
-0.3680903187  
-0.3021796043  
-0.3557923047  
-0.8029017948  
0.6681178101  
-0.5719703628  
3.059041397  
3.442000525  
-0.3361225664  
0.8551131843  
0.1601572925  
0.6571080338  
0.9174627776  
1.784135068  
-0.004568492089  
0.6482034893  
0.01880049307  
0.2588404454  
-0.4343265376  
-0.06773460165  
-0.5119964669  
0.1933448078  
0.04453093477  
-0.07627563125  
0.09128379458  
0.7459798143  
-0.08620965679  
0.2975104374  
0.1415196814  
0.28685476  
-0.6373177606  
0.1609857573  
-0.6832296183  
1.461858367  
0.9867387288  
-0.2697207252  
-0.05331564659  
-0.3011233009  
0.4065003412  
1.262706707  
0.2575223057  
0.5073108632  
-0.1857170987  
0.9153228403  
0.8226797285  
-0.2693794846  
0.5162437671  
-0.5162120473  
2.078652491  
1.904263486  
0.1066919512  
0.7973482933  
0.09467333959  
0.9180224775  
0.02507226157  
0.267143707  
0.129535159  
-0.1614496562  
0.07963093191  
0.3921220326  
-0.1929383583  
0.5580790474  
1.395794639  
0.9725170187  
1.305019953  
0.2972609207  
0.6019934601  
0.09607340916  
0.7273155717  
-0.323451121  
1.481188991  
1.314001988  
0.04955084611  
0.2365407757  
-0.139872568  
1.106635954  
1.239332716  
0.2617248165  
0.5750717592  
0.01972890695  
1.620738471  
1.853164827  
0.2340983937  
0.8147468241  
0.1109880727  
0.7888108337  
1.098777539  
-0.1574641671  
0.3253373999  
-0.4642014063  
1.89022573  
0.0008910444324  
2.752332333  
2.741286338  
