5.219051016  
-0.09319547284  
-1.024315089  
-1.187160364  
2.585523  
-0.7913921538  
-0.4952495225  
-0.9059914377  
-0.2292412474  
-0.8104632523  
0.2253201053  
3.026940438  
-1.745498519  
-1.048205799  
-1.243047735  
0.003097628477  
-0.4947998472  
-1.027579726  
-0.7651291285  
-0.575408244  
-1.089772993  
-0.7544489126  
-0.9438563359  
-0.9038017931  
-1.01146096  
-0.9537341159  
-0.6172407403  
-1.023459854  
-0.7211279025  
-1.007624221  
-0.7508937379  
-0.9105801606  
-0.09420032137  
-1.314389831  
-1.648517412  
-0.5505958046  
2.61618472  
-0.9652511189  
0.6567689473  
0.05496447024  
-0.473305817  
-0.5101401582  
-1.212985262  
0.4715801698  
0.00784501322  
-0.8519916643  
-0.6636897352  
-1.040285532  
-0.5881581765  
-1.028117119  
-0.5146370518  
-0.7720057716  
-0.6289829177  
-0.4343355107  
-0.7012517164  
0.2459530583  
0.2312503358  
-0.4394221998  
-0.3865810653  
0.4226655837  
-0.5967778404  
-0.1181793767  
-0.3130590859  
-0.4059929117  
-0.1406644992  
-0.4758406559  
-0.08893936187  
-0.3894507997  
-0.3027524817  
-0.9848518694  
-0.4878324085  
-0.7537698873  
1.478175186  
-0.2556495918  
-0.4327858212  
3.322716466  
0.07188106233  
0.1243196612  
-0.3489910527  
-0.1803489423  
-0.3060301052  
-0.2845187627  
-0.4184136767  
0.09026673343  
-0.3814643601  
-0.04652951161  
-0.2583245361  
-0.2555638191  
-0.3686747105  
-0.03912753458  
-0.2169857137  
-0.3754655563  
-0.8149376687  
0.3478726472  
-0.257273493  
-0.5093679065  
-0.2106541188  
0.5577131321  
-0.2001072551  
-0.3836550582  
-0.09537238749  
-0.4024922617  
1.09840758  
-0.4958505195  
-0.5692589117  
-0.36029827  
-0.01580176743  
-0.2504894686  
-0.3790014174  
-0.2538530698  
-0.3497309996  
-0.3966681012  
-0.1792154812  
-0.8778736868  
0.9422713842  
-0.3527777709  
-0.04884811991  
0.4261575731  
1.615803373  
2.336757855  
-0.7240133769  
1.51880249  
-0.7867687162  
-0.4753992938  
-1.067069694  
-0.9241573194  
-0.9060669222  
-0.5472137194  
-0.8961993566  
0.6238652009  
-1.065829991  
-0.4473368533  
-0.6638125272  
-0.2963809422  
-0.4876631459  
-0.1473577097  
1.594082037  
-0.8236477198  
-0.9951997577  
-0.859408711  
-0.5577084548  
-0.9095827605  
-0.6558846586  
-0.5640322372  
-0.8303623403  
-0.6910516659  
-0.6632837464  
-0.6214842291  
-0.3870555736  
0.38743482  
-0.8346130173  
2.601752821  
0.5650002583  
-0.4738564689  
-0.1155893269  
1.849014821  
-0.7399851381  
-0.8601133273  
-0.6276441998  
-0.6684744475  
-0.5397537979  
-0.7915246271  
-0.460159817  
-0.8737654754  
-0.4751591765  
-0.2713121093  
1.042869386  
-0.3744274473  
-0.1017050407  
-0.3795520857  
-0.489197703  
-0.3279983026  
-0.3320079567  
0.721744198  
-0.7670245324  
2.574106357  
-0.1974396529  
-0.2539962576  
0.3947051177  
0.3272468892  
0.1625288646  
0.2115402412  
0.3392082118  
-0.03008031774  
1.413032108  
0.1730959086  
0.1267851493  
0.1606510658  
0.04557959719  
-0.3765462382  
-0.282744294  
-0.3919696314  
0.08490768083  
0.07166972315  
-0.6635933338  
1.623429298  
1.969266102  
-0.214097565  
0.3138007398  
-0.2455078336  
-0.2734091309  
-0.5105722476  
-0.09313148122  
-0.2699078808  
0.3813351603  
-0.1209043538  
0.06789456932  
-0.3170809164  
0.1067026297  
-0.3534662873  
1.421931926  
0.5633779073  
0.2327872876  
-0.2359066571  
1.667062735  
0.9520784962  
-0.2653976339  
0.5165813615  
-0.3090665741  
2.789876217  
1.674081317  
0.2577000277  
0.8047319115  
-0.2279211936  
1.893908678  
0.7241916566  
2.477317036  
0.1999215688  
0.02994920651  
0.02140117809  
0.1012950531  
-0.09637998692  
-0.3064327396  
1.333099072  
3.096742444  
2.162081846  
0.2469555593  
0.1436802166  
0.1941278117  
1.119044952  
-0.097616878  
0.4155415872  
0.2291204743  
0.04043788547  
0.1508669484  
-0.3191898361  
2.411066481  
1.689606726  
0.3216472265  
0.186178375  
0.08901519769  
0.3157886663  
1.092019211  
0.4419651411  
0.499892448  
-0.3762866556  
1.744100627  
1.143309077  
-0.3906051691  
-0.06407044693  
-0.4259918921  
5.363392864  
0.5259055206  
-0.05045563822  
-0.08367830944  
