1.891280711  
1.315990689  
0.8843483546  
1.667690832  
1.567410213  
1.336501985  
1.697592667  
1.07652754  
0.9851712593  
0.9033318443  
1.010317708  
0.7395738761  
1.031605349  
1.090259672  
1.210977667  
0.2621838758  
0.3229657916  
0.5743173473  
0.5090829769  
0.5289905545  
0.1653541796  
0.3093350538  
0.3567488638  
0.708642445  
0.3684872544  
0.4873516797  
1.270158907  
0.2320378509  
-0.5692141149  
-0.07614562211  
-0.2452345976  
0.1942029508  
0.1727787936  
0.05560873901  
1.102779069  
0.8359761964  
0.1507395987  
0.3260781779  
0.1584496662  
0.03960952456  
1.256985882  
1.362852773  
0.5190741039  
0.1409105594  
-0.1424319578  
-0.01395428024  
0.03905990785  
0.3672839242  
-0.01651142085  
2.687833691  
1.056408901  
-0.2099839794  
0.08070751055  
0.03782204386  
-1.464451843  
-0.6622245876  
0.4232369861  
0.05124376664  
0.6423064338  
1.409776408  
1.437894318  
0.7900713596  
0.6139286248  
0.1919181201  
0.2652052845  
0.08606569042  
0.3420542989  
0.08919971806  
0.02455859255  
-0.1603867535  
-0.3289040159  
-0.1253175136  
0.7407627063  
-0.3687525615  
-0.4648120256  
0.7806089304  
-0.9532149119  
-0.4506087599  
-0.2404662608  
-0.1224743806  
0.6732784644  
0.5615766527  
0.5409969636  
-0.03297439888  
0.4875245247  
0.040301564  
0.4256107526  
0.4981991771  
-0.318266963  
0.04429046511  
0.3128080886  
-0.2401844611  
-0.04345204882  
0.08230059782  
-0.2761198937  
-0.4313175857  
-0.1496129143  
0.0004526407105  
-0.05782689596  
0.004397910548  
-0.430341392  
0.6046358543  
0.1203805488  
0.238419921  
0.4099600771  
0.3935490605  
0.4454257211  
0.2445779192  
0.02272417059  
-0.3740748943  
-0.04873561473  
-0.1898550647  
0.200574701  
-0.291980517  
-0.3159181351  
0.01819786927  
1.205519739  
0.8235179604  
1.268063565  
-0.3381472384  
0.7519084601  
2.915802717  
0.6194082921  
0.0006170243204  
0.2309592067  
0.05900331665  
1.740724201  
3.193471126  
-0.1059688442  
0.2202769421  
0.4269007629  
-0.192820758  
-0.0072021983  
0.3046160584  
0.7037782564  
0.4146648816  
0.6925791083  
0.8556921749  
0.4911349202  
0.7630495643  
0.4251036063  
0.3025069767  
0.3164720205  
0.8396586366  
0.08071909188  
-2.791597735  
-1.086915395  
-1.046350913  
-0.4674074432  
-0.4059881119  
-0.02316084788  
-0.7570785176  
-0.9210384939  
0.001411183572  
1.047278451  
0.7375321447  
0.255032197  
0.07895460194  
-0.4629891737  
-0.1622223585  
-0.5097347932  
0.1202681346  
-0.3785622978  
-0.2816624451  
-0.0490205596  
0.2114949523  
-1.049974607  
-1.321409873  
-3.205983472  
-3.831193138  
-3.079431653  
-2.344876748  
-1.25011931  
-1.607565038  
-1.938706411  
-1.312395292  
-1.600549907  
-0.7237742591  
-0.6806513649  
-1.195617462  
-1.153247964  
-1.578526258  
-1.238726698  
-1.179217533  
-0.8553592149  
0.0188461242  
-1.105672778  
-0.7067065819  
0.8459946762  
-0.9138992639  
-0.5550979737  
-2.448272255  
-1.716550054  
-0.2639672078  
-0.9097331771  
-0.8063349611  
0.5810826555  
-0.1988751046  
-1.115330963  
-0.2069284143  
-0.4990491328  
-0.7101246418  
-0.7737319136  
-0.6072981605  
-0.5030533204  
0.01533462172  
-3.085124099  
-1.000613596  
-1.298881246  
-0.1636950712  
-0.8439558618  
0.5619925375  
-0.8712863241  
2.964265058  
-0.6065929702  
1.619410424  
-2.529716251  
-1.559664914  
-0.2583596522  
-1.2871271  
-0.004598281732  
-0.08639315142  
1.500459643  
-0.2199026583  
-0.7464382857  
