4582.261199  
4638.056166  
4265.292811  
4038.798233  
4110.724784  
3994.685226  
4053.625016  
4066.923669  
3976.697174  
3972.107393  
3936.8602  
3979.998747  
3919.702574  
3757.76728  
3834.785574  
3871.536831  
3880.330683  
3847.70593  
3860.591211  
3870.75249  
3889.953127  
3896.29241  
3879.09418  
3899.929888  
3898.291068  
3953.894142  
3932.495563  
3966.683452  
3984.22865  
3933.028921  
3902.552341  
3950.623895  
3878.354148  
3903.17241  
3908.631441  
3914.671717  
3934.263577  
3896.421573  
3853.895745  
4000.589005  
4158.342365  
4014.788284  
4003.990242  
3962.686127  
3980.415827  
3927.294961  
3933.652721  
3940.514298  
3892.619853  
3874.845839  
3926.279943  
3919.586253  
4043.07424  
4007.291844  
3959.511835  
3934.067957  
4002.827574  
4181.854051  
3733.013633  
3965.397156  
3932.366386  
3901.672023  
3898.981288  
3897.746675  
3889.58214  
3894.203302  
3893.271337  
3878.616211  
3843.8525  
3800.715762  
3824.543037  
3795.155326  
3824.30497  
3809.345335  
3845.611303  
3739.225537  
3797.626383  
3991.534964  
3902.526498  
4014.328767  
4075.763631  
4010.909024  
4004.687848  
4005.392823  
3997.274453  
3959.784973  
3909.565235  
3942.828551  
3958.56142  
3962.431431  
3983.914909  
3942.710443  
3935.763964  
3855.303857  
3880.95813  
4014.592635  
3929.564891  
3939.373757  
3911.455008  
3817.491382  
4243.693071  
4260.608896  
3944.657419  
4020.627436  
3953.611826  
4033.130704  
3878.001661  
3941.114083  
3933.516137  
3954.075001  
3952.155707  
3930.101961  
3927.003362  
3918.781674  
3919.621354  
3933.143354  
3901.075915  
3892.691817  
3885.341209  
3887.738519  
3848.63788  
3862.117458  
3845.832739  
3834.944274  
3856.47758  
3822.238015  
3862.709805  
4158.205792  
3962.562488  
3878.123448  
3978.778886  
3918.892419  
3917.342172  
3888.753527  
3880.875082  
3943.123827  
3762.285096  
3811.093022  
3861.349711  
3890.379408  
3902.6631  
3910.962256  
3910.552573  
3873.744074  
3886.136606  
3903.203806  
3986.784654  
3948.221077  
3945.033878  
3929.699653  
3911.670932  
3968.104494  
3960.606222  
3834.283586  
3974.870088  
3910.360669  
3940.809545  
3936.42833  
3944.253272  
3941.91316  
3952.587531  
3934.018134  
3982.587976  
3937.698028  
3966.797852  
3923.655633  
3950.053682  
3923.321567  
3964.895179  
3943.27699  
3972.908359  
4013.767703  
3985.035139  
3907.005558  
3963.171492  
3960.988215  
3956.424314  
3843.867271  
3938.334724  
3907.457667  
4159.193153  
4272.837198  
3821.732336  
3928.89317  
3881.57452  
3943.895232  
3920.865211  
3913.58656  
3957.300952  
3818.404906  
3768.190675  
4122.716809  
3901.817822  
4067.47915  
3787.583232  
3811.183456  
4016.988124  
3926.684115  
3901.206969  
3864.972427  
3785.615898  
3862.624934  
4008.002377  
3958.716482  
3971.490983  
3963.20101  
3981.811039  
3959.12983  
3946.995689  
3933.346351  
3985.265827  
3987.18884  
3980.282956  
4079.557967  
4066.870154  
4030.949345  
4032.04369  
3991.821011  
4052.430952  
3971.09239  
3743.999877  
3932.997553  
3907.29343  
3919.508768  
3915.793799  
3930.579959  
3960.360774  
3969.316978  
3903.190832  
3826.425437  
3953.076608  
3832.475014  
3763.558481  
3968.135873  
3914.686498  
4080.635731  
3850.872773  
