-0.7938174216  
-0.1068008541  
-0.06219102881  
0.376830787  
-0.3403657879  
-0.4525443771  
-0.3221161036  
2.222752809  
0.8326559158  
-0.8727424517  
0.29355894  
0.457469029  
1.063571295  
-0.2759397569  
0.7077841346  
0.1336336841  
0.2752943545  
0.6428764048  
-0.110498431  
1.217384262  
0.3981393037  
-0.3965599743  
-0.4447467912  
-0.1537710783  
-0.3586979963  
0.02206507497  
-0.4925441017  
-0.425540022  
-0.5584869683  
-0.2175793841  
-0.2899441214  
-0.5160233932  
-0.7391922615  
-0.8640121522  
-0.5194656387  
-0.4232679404  
-0.9259168564  
-0.8367808931  
-0.733521671  
-0.7050725295  
-0.7183677647  
-0.5597747451  
-0.7740718802  
-0.0942699003  
-0.9620885407  
-0.1728708174  
-0.6370413298  
-0.4479452341  
-1.18741453  
-0.895738906  
-0.6937917348  
-0.9922240642  
-0.7157758105  
-0.8717434752  
-0.5450804387  
-0.8562887698  
-1.021370289  
-1.132559604  
-0.7491866604  
-0.6329679247  
0.2293331841  
-0.6891666747  
-0.7205374575  
-0.205614866  
-0.3840807285  
-0.4944433111  
-0.04540973977  
-1.17929081  
-1.383832484  
-0.4114641853  
-0.8730296284  
-1.293832021  
-0.7749113756  
-0.6476438891  
-0.4426475413  
-0.1884172533  
-0.8003503101  
0.3147255105  
-0.8841349329  
-0.4270739251  
-0.9881859368  
-0.9195043826  
-0.3814440916  
-0.4700937319  
-1.163436594  
0.8627633043  
0.432780464  
-1.143491038  
-1.303052733  
-0.8400778962  
-0.8465733922  
0.1699623048  
0.5827521346  
-0.5345014793  
-0.2987113212  
-0.8723591673  
-0.2666701045  
-1.099307412  
-0.9555992145  
-0.5443687909  
-0.2767285519  
0.7354314646  
-0.6040501498  
-1.173373414  
-0.9851881492  
-0.8731921945  
3.537514809  
0.4638230644  
-1.333053787  
-1.479899705  
-0.5641623042  
2.345634075  
2.862499736  
0.2705488035  
0.3827843271  
-0.1324778526  
-0.3210091126  
-0.2707921541  
2.206149343  
2.794154114  
-0.5312470553  
-0.199110741  
-0.4695964048  
0.5297683953  
-1.227077042  
-0.9353177519  
-0.1104539428  
-0.5989588778  
-0.4586521451  
0.0443775013  
-0.9079237943  
-0.7975034622  
-0.6059721061  
-0.8076121661  
-0.494749991  
-0.6149020907  
-0.1305512029  
-0.7256487355  
-0.2524423702  
0.6176647681  
-0.829103027  
-1.280272649  
-0.3118971483  
-0.7044002071  
0.1073388528  
-0.01037687765  
-0.9427294652  
-0.363876193  
-0.03986800824  
-0.4572688422  
0.1799055381  
0.2266320414  
-0.2322917214  
-0.9786881268  
-0.04519086498  
2.205367261  
2.935967591  
-0.1575761944  
-0.386604339  
-0.2863572697  
-0.3651057309  
-0.855401484  
-0.3981160027  
-0.1423301791  
-0.6430446628  
0.0448388536  
-0.2215989197  
-0.2618121104  
-0.7965394913  
1.565615348  
0.1442783118  
-1.54125975  
-0.985097851  
-0.1932366813  
1.624349819  
-0.271757916  
-1.131233293  
-0.7978529128  
-0.6932852  
-0.2626210786  
-0.3425713517  
-0.6536731118  
-0.8407798093  
-0.52983744  
-0.9294191152  
-0.7682200187  
-0.7555399904  
0.3827166582  
1.858020217  
0.8213048147  
1.572694178  
0.7690418342  
0.02684449714  
1.700979766  
-0.8377119642  
-1.110400336  
1.040458152  
0.803969356  
0.7788275468  
-0.2268940054  
-0.3742648943  
0.7287985403  
1.804000068  
-0.07060695572  
-0.84263943  
0.9536823694  
0.2385236853  
-0.4329958835  
-0.2361678707  
1.749917201  
1.423054673  
-0.08367911492  
0.2923374276  
-0.4771250192  
0.2205090184  
-0.6448441423  
-0.03433880081  
3.115024471  
0.6776354843  
0.1831699729  
1.137190149  
-0.494632061  
-0.1233947955  
-0.4899861661  
0.2177636151  
0.2866222597  
0.8868586068  
0.3430582891  
-0.2623257675  
0.09203860323  
0.1142760854  
-0.7435839588  
-0.4343235491  
0.9471020549  
-0.408855838  
-0.2378418615  
-0.2501986761  
-0.7255804373  
-0.549307409  
1.020160739  
-1.116228903  
-0.8746720021  
2.196074008  
-0.05269186467  
-0.6551373147  
-0.03226987636  
-0.4922033517  
0.362322381  
0.4511438711  
0.4098384463  
0.9025035847  
2.563703258  
2.878759  
3.893620785  
3.147571514  
0.8258192147  
1.019873916  
0.3530177715  
0.187530956  
0.5872979201  
0.7186504665  
3.095534491  
2.273600732  
0.9667086117  
1.605641456  
2.445736295  
0.9915373774  
0.6024694183  
1.668051851  
0.233407093  
0.0752468303  
0.2887441451  
1.287982008  
1.11851802  
1.097540139  
-0.1375924753  
0.05549522184  
0.2152356253  
0.8796453861  
0.0879820537  
0.3829324598  
-0.3141499709  
-2.161687913  
-1.692363546  
1.913585822  
1.941939757  
1.715277968  
0.9021346659  
-0.07065499241  
-0.4323406869  
-0.7492924657  
0.1294608862  
0.5137447619  
