5161.117005  
5153.486599  
5024.66437  
5312.001996  
5309.913183  
5139.11311  
4918.822589  
5026.014065  
5049.515821  
4885.632003  
5072.722985  
4878.64074  
4972.067517  
5136.719005  
4952.691585  
4917.804946  
4905.986262  
4904.04029  
4894.804892  
4886.553225  
4825.294048  
4840.756585  
4743.025439  
4784.633752  
4747.570816  
4859.666533  
4835.970199  
4921.498772  
4987.678201  
4840.320962  
4838.496387  
4823.969355  
4850.3276  
4857.545589  
4808.929958  
4809.144175  
4545.097633  
4784.605167  
4678.661646  
4501.959329  
4628.103607  
4746.933463  
4858.488225  
4810.2386  
4775.628659  
4689.51987  
4786.042344  
4725.615141  
4819.811391  
4780.325804  
4797.85927  
4692.326364  
4819.325773  
4751.3735  
4796.566702  
4777.592519  
4777.572878  
4793.895905  
4873.358039  
4756.536633  
4892.974944  
4573.296525  
4625.963025  
4816.519308  
4727.161224  
4744.184092  
4785.669222  
4816.503239  
4830.978451  
4812.507725  
4777.929905  
4759.341344  
4913.047138  
4865.106356  
4765.857673  
4693.986674  
4747.797575  
4867.304061  
4843.02747  
4713.269757  
4757.434625  
4885.405264  
4950.359988  
4864.422593  
4846.75876  
4837.423416  
4823.074911  
4817.663636  
4848.065614  
4671.045531  
4699.60863  
4499.431337  
4434.521228  
4884.703635  
4851.486258  
4727.263001  
4738.128383  
4783.944599  
4712.730609  
4816.899544  
4712.671677  
4781.313076  
4807.590986  
4734.220298  
4849.454584  
4774.85741  
4839.535413  
4735.325429  
4805.812811  
4764.09025  
4814.880359  
4781.145259  
4354.673499  
4611.323524  
4765.373862  
4683.433761  
4767.873284  
4784.910483  
4683.799721  
4801.060343  
4784.349872  
4833.204755  
4743.052209  
4839.149809  
4749.350767  
4789.45586  
4829.675168  
4695.636318  
4614.838793  
4743.111141  
4702.099117  
4735.968112  
4699.144448  
4729.774902  
4727.443305  
4733.315169  
4686.56697  
4757.065074  
4613.089206  
4666.434096  
4677.208401  
4703.729123  
4715.803133  
4670.156435  
4666.846493  
4808.690747  
4800.792566  
4663.311599  
4675.058901  
4741.315124  
4777.922785  
4769.849627  
4757.775612  
4788.743518  
4754.724539  
4785.047929  
4800.767557  
4784.972964  
4771.110068  
4766.145113  
4814.676873  
4650.891207  
4638.624389  
4703.250632  
4541.269946  
4779.158193  
4743.818105  
4732.863464  
4666.637604  
4611.421712  
4585.89186  
4702.757879  
4677.822548  
4647.684817  
4735.254011  
4675.906931  
4553.574269  
4694.679403  
4774.121866  
4635.900023  
4738.967452  
4730.272998  
4772.038399  
4413.313622  
4460.572406  
4593.447264  
4952.404172  
5041.7051  
4790.471715  
4864.720734  
4938.059249  
4870.48724  
4760.208988  
4881.309769  
4815.342762  
4862.428419  
4883.427131  
4759.737694  
4881.463303  
4874.614882  
4977.052089  
4866.541737  
4849.777713  
4660.56223  
4970.394673  
4918.07098  
4665.991322  
4774.007604  
4933.503144  
4949.204911  
4767.300221  
4933.262137  
5038.648653  
5011.040689  
4969.51274  
4948.158707  
4926.062004  
4897.563177  
4855.319301  
4951.932874  
4975.422101  
4907.832267  
4890.907561  
4940.171266  
4858.600687  
4824.6317  
4650.93944  
4859.196989  
4967.836338  
4614.083584  
4820.345199  
4805.689611  
4859.989664  
4871.399541  
4853.353685  
4860.903748  
4927.831243  
4852.004004  
4873.470512  
4869.485723  
4990.525797  
4715.190774  
4830.30006  
4940.083794  
4817.940404  
4876.859017  
4837.285964  
4849.808069  
4827.477488  
4834.083123  
4883.809177  
4847.881758  
4876.598357  
4843.106039  
4865.275951  
4686.145623  
4810.743816  
4773.191731  
4741.823941  
4945.545035  
4779.099292  
4870.899659  
4726.7238  
4644.846174  
4756.193838  
4819.179378  
4754.669218  
4791.632145  
4796.532795  
4717.443809  
4744.448306  
4828.593279  
4802.813492  
4835.402441  
4739.128124  
4839.094474  
4837.302001  
4881.391895  
4875.330794  
4951.532937  
4901.590848  
4933.147877  
4724.761765  
4775.625101  
4845.296622  
4863.128245  
4831.512287  
4832.017504  
4667.598084  
4679.124033  
5017.324989  
4760.824907  
4477.347127  
