1.928872539  
-0.8099124475  
-1.274276597  
0.6693230372  
-0.8379935122  
-0.7395309574  
-0.3798620059  
0.1770080972  
-0.3918913223  
0.2434437886  
0.3716366496  
-0.4213469619  
-0.5502855981  
-0.3638097764  
-0.07089612078  
0.3357492884  
0.08252300264  
-0.05202811231  
0.2308764063  
0.2325149877  
0.1202710192  
-0.5738042634  
-0.6105864941  
-0.4073120323  
-0.08381661086  
-0.4097169786  
-1.996213748  
-1.243718768  
-1.619570247  
-0.2577693958  
-0.9856944853  
-0.7398944986  
-0.2364701798  
-0.6979782528  
-0.6501791586  
-1.159875347  
-0.6625197888  
-0.2092891023  
-0.6914543518  
-1.71390296  
-1.161179064  
-0.3219013985  
-0.6290031466  
-0.6086466341  
-2.230895441  
-0.7460413856  
-0.7319183626  
-0.3507094423  
-0.4806363827  
-0.7088208055  
-1.66506982  
-0.9081138003  
-0.5631558312  
-0.5743258028  
-0.6869023371  
-0.1724034439  
-0.3976192755  
-0.2132463525  
-0.2894361026  
-0.1801284387  
-0.3576314813  
-0.3969823453  
-0.8951406678  
-0.2087030138  
-0.3373037222  
-0.07894256065  
-0.1621921232  
0.1287911768  
0.4762708413  
0.04308141648  
-0.2634919357  
-0.02615550952  
-1.575477008  
-1.154577474  
-0.486118589  
-0.6521946879  
-0.939339237  
-0.2952349577  
-0.6769570654  
-0.8145638009  
-0.9581859416  
-0.6713352796  
-0.9353995681  
-0.2109138242  
-0.5217126152  
-0.7815091233  
-0.3116916825  
-0.1494336988  
-0.7062079463  
-0.8486852961  
-0.4630302845  
-0.02486607685  
-0.2994385536  
0.1246149164  
-0.3066764953  
0.3262781782  
-1.001737414  
-2.836883043  
1.224523193  
-1.78385359  
-2.063140898  
-0.6930184102  
-0.4020219975  
0.06871466318  
-0.1555316712  
0.4095222584  
-0.9544555085  
-5.104105834  
-3.536447881  
1.071410695  
0.6433514819  
0.5198137185  
-1.00445772  
-3.104045351  
0.7266477375  
0.07844622398  
0.2453377181  
0.02537645015  
0.01194936245  
0.1581550276  
0.06251413348  
-0.04098419089  
0.1064498678  
0.1341853357  
0.1188483928  
-0.1089954508  
0.01487196487  
-0.115688843  
0.2219006559  
0.1767807677  
-0.05049373814  
0.2859489113  
-0.2468403794  
0.1119996482  
-0.06233051897  
0.4517988671  
-1.028713474  
-2.488322058  
-0.6004999749  
-0.4419331181  
0.233335225  
-0.1096553634  
0.1000937523  
-0.04294198907  
0.02014698041  
-1.142345492  
0.2168431036  
-0.3971911703  
0.008971548392  
-0.1714764252  
0.1416268674  
0.04060155063  
0.1108872024  
0.08476777806  
0.08862892618  
-0.05045296921  
0.3376432869  
-0.001311928144  
0.2406768985  
0.1762139992  
0.3016773634  
0.1433113855  
0.0859778338  
0.1489743563  
0.138495841  
-0.01737808077  
-0.04760483813  
0.01086390059  
0.264976389  
0.2510117502  
0.1831765301  
0.3180575064  
0.3110746715  
0.359785267  
0.466411055  
0.2653259356  
0.2103064558  
-0.003372056997  
0.3621904511  
0.1356034528  
0.3113099223  
-0.04383218523  
0.5915435747  
-2.08285537  
-3.828686256  
2.423725339  
-1.39230426  
-6.317428526  
1.555019307  
0.5008929032  
0.5480611507  
0.4403087284  
0.5395561467  
0.4048470516  
0.544316566  
0.6360923222  
0.4779624997  
0.5977306699  
-0.4285887103  
-0.3525331704  
-0.1650812702  
0.6206031419  
-0.2633844088  
-3.045024046  
1.377325362  
0.3223995388  
-2.494730202  
0.2394146081  
0.9287002288  
0.1018353282  
0.8475006684  
0.4695255595  
0.806155009  
0.2082321586  
0.4688132413  
0.3486788172  
0.5470062515  
0.7553164027  
0.7197373429  
0.202581676  
0.646049432  
0.2548846394  
-0.06772362726  
0.007385550321  
-0.03089513115  
0.5599264817  
1.03449512  
0.6579879704  
0.07245654786  
0.5380321469  
0.8333891004  
0.6116326837  
0.7980894043  
0.3981379063  
0.254701396  
0.6088583196  
0.3712024494  
0.07317122955  
0.4506531628  
0.5236220735  
0.565602143  
0.6380744788  
0.9192150707  
0.74381578  
0.6749765234  
0.5979479617  
0.884882797  
0.4947729567  
0.6598504667  
-0.2983253301  
0.4513416843  
0.3644319321  
0.3096513331  
-0.3336498428  
-0.02082355954  
0.03119868335  
0.1459607147  
-0.1063209206  
-0.4384987852  
-0.1115216263  
-1.350102508  
-1.181300474  
-4.164499623  
1.387174392  
-0.08469382889  
0.8231055965  
-2.044372765  
-4.095440774  
2.512790537  
0.653561658  
0.9963056954  
0.4309874218  
0.7354703263  
0.3556838431  
0.779477406  
0.3059779969  
0.6289798102  
0.2432024499  
0.5013092031  
0.2715325843  
0.327115344  
0.07899069642  
0.558232909  
-0.4462186003  
-0.8328175714  
-2.698217551  
-2.120772168  
-0.8707846192  
-1.948771751  
1.056597603  
-0.3686394143  
0.5353978316  
-0.02765420664  
0.1731586379  
0.1681287911  
0.2879053989  
0.8413327014  
0.3888227076  
0.5982827436  
0.4264752712  
0.9091203586  
0.3732025361  
0.8607877632  
0.3619316331  
0.4833704009  
-0.02675766045  
-1.971743627  
-0.1960323563  
0.5524544502  
-0.3202944266  
-2.388405934  
1.717003808  
1.504097259  
-0.839723054  
0.08682886263  
2.149087737  
0.4634550983  
-0.4220795371  
-1.35938071  
0.5322922152  
-0.4203927274  
0.07689071425  
-0.5445901467  
1.512590056  
1.028622391  
1.077417995  
1.4058151  
0.7181592902  
1.230288001  
0.3475542152  
-1.415446561  
1.497965762  
-0.7418692535  
-0.5544484916  
-0.3220840229  
0.07391328773  
0.5943626988  
0.7260517393  
0.8681728985  
0.940346115  
1.037060149  
0.7196846893  
1.07042217  
0.9334287316  
0.9936261155  
0.5584470702  
0.1088491162  
0.7260534367  
0.3181062862  
0.6749453974  
0.5501697113  
0.6486442526  
0.752495307  
0.6626022901  
0.6424883916  
0.5988033075  
0.9160734339  
1.030610267  
0.8956090704  
0.6392800871  
0.2862733686  
0.9584268663  
0.8871559525  
1.105560998  
0.9702255138  
1.145432568  
1.1026271  
1.100474115  
1.112776398  
0.1162476273  
0.6645797412  
1.219612014  
0.7177654288  
0.5475175077  
0.05692350817  
0.556870268  
0.7783301163  
0.6932984149  
0.5164741466  
0.6930771467  
0.7208375515  
0.9374002681  
0.9284317256  
0.923590605  
0.8845318281  
0.6593542215  
0.8579427827  
0.8042608936  
0.9953705678  
0.7910827457  
1.05182789  
0.8734115991  
0.8847274387  
0.906705996  
0.9534548835  
0.8012190938  
1.096214983  
0.5955744407  
