0.4825006943  
-0.6902753807  
-1.039428197  
-1.428706316  
-1.458649241  
-1.562086571  
-1.787822393  
-1.580485832  
-1.552029832  
-1.70353181  
-1.639021698  
-1.570494274  
-1.038117644  
-1.760628783  
-1.657977171  
-1.766129339  
-1.503237885  
-1.402058713  
-0.8596799701  
0.3408687653  
-0.6095776557  
-0.1222337907  
0.6638037563  
-1.162455874  
-0.4891958979  
-1.097015714  
-0.7814241331  
0.1926328706  
-0.6416277228  
-0.9902542994  
-0.94893872  
-1.014899944  
-0.8158337761  
-1.107309335  
-0.4239312008  
-0.3045377845  
-0.7832517952  
-0.7635292176  
-0.9622131164  
-0.7139123731  
-0.7354911723  
-0.9670680859  
-0.8041380539  
-0.1315793487  
-0.4456142665  
-0.5770610268  
-0.4441279719  
-0.7920060562  
-0.6663010586  
-0.7121368974  
-0.553882679  
-0.1393759079  
-0.230442405  
-0.8293381242  
-0.6419427749  
-0.7172786894  
-0.6343021336  
-0.6681036789  
-0.8223839409  
-0.5056042346  
-0.5826733308  
-0.7457184224  
-0.4099342967  
-0.6899208891  
-0.7567019913  
-0.7655116417  
-0.400274962  
0.5170383879  
-0.8427306172  
-0.6013375428  
0.01138172917  
-0.6782393982  
-0.6765016798  
-0.9174414732  
-0.7801036769  
-0.8985868076  
-0.3286811348  
-0.7006988101  
-0.8630160159  
-0.5342446006  
-0.4520948745  
-0.3793414023  
-0.5892506194  
-0.186957652  
0.7976967648  
-0.6967675272  
-0.2877589574  
-0.8486089493  
-0.4737867343  
-0.92747764  
-0.108446974  
1.400424234  
1.441356321  
-0.3682922994  
-0.6116270058  
-0.4910141276  
-0.6769501404  
-0.3856553395  
2.926079055  
1.99950276  
-1.142589172  
-0.549245304  
-0.5813706559  
-0.06595560841  
-0.0009734154673  
-0.498722742  
-0.5330143098  
-0.3674967431  
-0.1862782795  
-0.6638644479  
-0.04524789519  
-0.3885123233  
-0.1552558193  
-0.6776636103  
0.08714849685  
1.290334146  
-0.5914276935  
-0.4479840504  
-0.4840247244  
-0.6754465991  
0.1054875482  
1.15866407  
-0.3959405086  
-0.1040927054  
-0.2292399537  
0.6215500714  
0.04558790997  
-0.1582180535  
-0.358851687  
-0.1187926913  
4.162895503  
2.863256428  
-0.2507204497  
0.1580061264  
-0.08623942742  
-0.1603612541  
0.09306886786  
0.1101025101  
0.1355908974  
3.005747062  
-1.108051599  
0.6601728288  
-0.1956065541  
-0.1254999024  
-0.2403765498  
-0.03429250068  
-0.09143712013  
-0.004787356555  
-0.1215042462  
0.3832152276  
0.08589250093  
0.09059908379  
0.1318521729  
0.09426412265  
-0.04176523247  
-0.1318230688  
0.208372042  
0.5670982878  
-0.04178176368  
0.3548311718  
0.02595959048  
0.1143562449  
-0.05705134189  
0.2063463799  
0.1199544602  
0.1990299756  
0.02643771329  
0.139691767  
0.3789429788  
0.2303830767  
0.9096830705  
3.424743431  
0.4101875231  
0.9790229812  
0.06537671648  
1.008384733  
3.54815423  
1.30263997  
0.9929059159  
0.5401519541  
0.1027271536  
0.5185881574  
1.96833147  
0.3992886664  
0.921654801  
0.2064379345  
0.9062628518  
0.2248406  
2.035107748  
2.909810347  
0.4482569013  
0.8558661278  
0.4989420675  
0.5290823633  
0.3083965049  
0.4717967918  
0.1519114309  
0.3126707668  
0.5423581046  
1.977484018  
0.3644213359  
0.7995085361  
0.5815647889  
0.8049774117  
0.53221172  
0.9092866073  
0.496287844  
1.312572806  
1.631605761  
1.173973033  
0.7757636165  
0.4872289712  
0.5239773826  
0.8680524563  
1.796231821  
0.1545397689  
0.6923965799  
1.637060136  
1.549773591  
1.32184647  
0.6443913318  
2.301810878  
1.277542672  
1.177414382  
1.604906972  
