4698.484984  
5072.802408  
4888.983879  
4949.980552  
4952.010003  
4939.762637  
4929.323124  
5070.391296  
5090.797346  
4657.678415  
4946.180473  
4885.796324  
4923.843641  
4881.128673  
4961.736379  
4914.363011  
4935.346267  
4947.923174  
4953.117787  
4999.493199  
5068.87571  
4982.48692  
4925.133892  
4913.951508  
4921.130883  
4946.765123  
4879.935218  
4876.716042  
4913.244001  
4915.351673  
4876.980406  
4892.934757  
4827.88481  
4848.657688  
4833.420138  
4856.259686  
4844.405198  
4846.497934  
4800.977099  
4839.229177  
4871.24958  
4872.839641  
4829.69456  
4880.078607  
4835.347205  
4896.48164  
4831.446569  
4856.321139  
4818.098847  
4864.625068  
4835.542661  
4718.986021  
4789.507966  
4901.601771  
4791.235822  
4835.91879  
4843.656717  
4820.353564  
4859.964828  
4901.894053  
4892.322207  
4869.363515  
4909.866623  
4909.140471  
4888.641296  
4897.526118  
4954.49744  
4866.922591  
4829.402243  
4895.664265  
4799.792955  
4840.294179  
4892.919887  
4883.992219  
4788.822847  
4806.426756  
4894.040724  
4983.644996  
4883.156252  
4797.813784  
4786.206913  
4872.158193  
4909.142335  
4900.497671  
4809.038989  
5004.56121  
5019.210368  
4873.824559  
4816.344933  
4812.755285  
4892.882651  
5003.324944  
5034.86126  
4920.870246  
4900.618703  
4912.804633  
4896.645484  
4689.1831  
4908.133207  
4840.063305  
4880.482589  
5064.88946  
4994.685874  
4850.774622  
4894.414961  
4884.029447  
5022.440727  
5132.529246  
4921.400877  
4867.244713  
4886.740341  
5061.534374  
5334.793336  
5117.896852  
5016.389645  
5015.367495  
5029.30547  
5026.153309  
5240.782011  
5339.06444  
4812.664045  
4921.466052  
4960.006731  
5031.688611  
4681.083977  
4853.262069  
4955.674145  
4816.583272  
4795.395224  
5010.295764  
4774.944455  
4892.217952  
4886.773852  
4945.152735  
4905.984601  
4923.046752  
4972.790269  
4945.897482  
4928.140839  
5039.208704  
4937.738777  
4884.386921  
4912.184623  
4930.579911  
4926.710914  
4968.461476  
4905.038767  
4975.884723  
5014.749344  
4955.467478  
5044.982389  
5033.952635  
4987.268199  
4911.028383  
5005.808662  
5231.727745  
5252.232515  
4964.553372  
4951.427213  
5021.16907  
4995.951948  
4924.724318  
5012.535598  
5020.750173  
4921.590803  
5001.437012  
5006.343005  
5004.806987  
4873.576942  
5134.998105  
5137.269609  
4788.40576  
4896.200477  
4920.561173  
4972.583628  
4751.429059  
4847.363668  
4952.032334  
4939.83337  
4997.886413  
4959.293617  
4785.983472  
4986.663109  
4842.809549  
4850.661055  
4920.916809  
4948.854115  
5016.564681  
5012.779484  
5153.97053  
5149.93217  
5123.908824  
5115.567651  
5030.504463  
4870.743152  
4807.739411  
5012.79627  
5047.400914  
5077.708449  
5014.995123  
5009.1954  
4963.227743  
5146.725996  
5009.318295  
4776.21982  
5084.083471  
5036.108694  
5023.433105  
4925.478362  
5127.479893  
5109.123747  
5049.553267  
4979.686665  
5038.031997  
5024.345452  
4982.680543  
4977.107961  
5354.620351  
4953.560926  
4990.006999  
4838.0469  
4926.236182  
5075.503963  
4908.088513  
5026.034139  
4965.246014  
5148.273241  
5034.877984  
5020.206477  
5012.906087  
5025.87776  
4798.074454  
4999.295848  
5074.932399  
5025.192552  
4964.754484  
4981.569005  
4671.10249  
4580.844727  
5001.881972  
4643.23966  
4907.736604  
5055.336206  
4886.986104  
4953.225798  
5086.798071  
4990.061002  
5036.047264  
5003.55581  
5090.374722  
5072.271786  
5315.098464  
5281.06166  
5448.069377  
5181.965575  
5091.136229  
5174.121547  
5063.939904  
5093.011116  
5093.072559  
5078.717567  
4903.439465  
5256.76617  
5336.906557  
4915.079821  
4844.077497  
4738.187475  
5072.439333  
5127.321622  
5029.098765  
4942.890549  
5050.327777  
4585.529168  
4950.719697  
5175.270329  
4847.460525  
4886.546721  
4849.42662  
4935.377891  
4945.426421  
5014.216863  
4681.735645  
4566.98683  
4750.136939  
4554.058032  
4624.352837  
5094.828302  
4892.878898  
4914.359291  
4757.832043  
4626.434417  
4558.113141  
5081.041167  
