1.457112057  
1.397844066  
1.529627176  
1.62050389  
1.453142309  
1.630364233  
1.707949301  
1.543890008  
1.548150434  
1.430802927  
1.566943078  
1.429206383  
1.596519274  
1.436409783  
0.9755062552  
0.3386834983  
0.7236019445  
0.1756864132  
0.6686882713  
0.9804322868  
0.7621131962  
1.009019972  
0.8819500026  
0.6663946781  
0.8373078626  
0.8741855958  
0.8472780461  
0.7788014737  
0.4535006485  
0.7546823201  
0.820998403  
0.8915255735  
0.8209812  
0.985238367  
0.3839327337  
0.500072707  
0.2557131933  
0.386437981  
0.6547484717  
0.6113476236  
0.1717011628  
0.7033511449  
0.4284435348  
0.3735919609  
0.5727263116  
0.5527685325  
0.6054297883  
-0.1408508481  
-0.1089032165  
-0.01659562979  
-0.1002795148  
0.3237331261  
0.3899041661  
0.4159499643  
0.2441882123  
0.554369443  
0.5501430154  
0.9438339185  
0.9338576339  
0.5895200335  
1.221064894  
0.8274005476  
0.8312340289  
0.9961787511  
0.8086840224  
0.8900448486  
0.8398937331  
1.06280943  
0.6841261941  
0.4604270338  
0.666408501  
0.67332068  
0.5364787098  
0.7083637445  
0.551348709  
0.1420217184  
0.2302724114  
0.4848325738  
0.6264132874  
0.6842005074  
0.7643513315  
0.5925423027  
0.7256672822  
0.6365529021  
0.193373458  
0.7433212862  
0.8023625492  
0.3385423232  
0.7096138807  
0.4877660778  
0.2851701717  
0.5551371885  
0.3342455026  
0.4842983732  
0.3774413676  
0.5778872402  
0.3985886301  
0.5455654787  
0.3113330269  
0.5226953626  
0.3293012085  
0.1351900456  
0.255586364  
0.5739798385  
0.7964012358  
0.9781157857  
0.5984044353  
0.1840159585  
0.7443692508  
0.3995282744  
0.2595204654  
-0.02659587364  
0.7066695317  
0.424188399  
0.3818897486  
0.3875501348  
-0.2483585351  
0.8035123349  
-0.1472212271  
0.267479987  
0.5414645882  
-0.6458365564  
0.1618677304  
0.3388263467  
0.4542738862  
0.425248572  
-0.03983410257  
0.1272838918  
0.02291307704  
0.5706286503  
0.549658048  
0.5745830412  
0.3170833365  
0.4752274225  
0.7479094848  
0.4684904309  
0.3486666066  
0.06538697257  
0.5314879816  
0.5871646421  
0.4733461474  
0.7414066722  
0.4072083764  
1.068050215  
0.06174342059  
-2.279024303  
-0.6303425762  
-0.2654990112  
-0.009175034357  
0.261708609  
-0.1993511975  
-1.208507952  
0.3219669377  
0.2144148525  
0.2485411324  
0.06232931414  
0.1339058475  
0.1297091729  
0.01583292812  
0.1664651943  
-0.01366100934  
0.2300910298  
0.1501290338  
0.1810744017  
0.3097876331  
0.2266694111  
-0.3486896453  
-0.943255497  
-2.068415902  
-2.637888731  
-2.438372043  
-2.183954474  
-1.699777197  
-1.759828027  
-1.753596464  
-1.549040307  
-1.615976944  
-1.53661515  
-1.422949188  
-1.615183753  
-1.412861878  
-1.589505332  
-1.487141883  
-1.38777585  
-1.211390542  
-1.581996885  
-1.409746379  
-1.268266904  
-1.513435202  
-1.252266194  
-1.34605982  
-1.653715473  
-0.8295270313  
-1.609103764  
-1.126716102  
-1.418567122  
-1.400199943  
-1.428198322  
-1.487141515  
-1.041409842  
-1.110213118  
-1.120739579  
-1.213281547  
-1.159865845  
-0.9927997041  
-1.258504937  
-2.015521643  
-1.38941657  
-1.462691569  
-1.357702451  
-1.332598256  
-1.27316745  
-2.121271522  
-1.627618052  
-1.760712382  
-2.588515725  
-1.266458377  
-1.573352739  
-1.275758591  
-1.662409013  
-0.9690289482  
-1.311666632  
-1.396553841  
-1.173035835  
-1.469543467  
