7530.672337  
7376.615676  
7287.331293  
7167.991227  
7155.81909  
7055.365228  
7226.444201  
7144.458144  
7075.112337  
7095.709734  
7033.498164  
7055.0366  
7159.943151  
7445.334786  
7224.545966  
7242.217742  
7163.394792  
7161.121147  
7237.790267  
7288.073304  
7423.540123  
7256.551825  
7288.734302  
7326.161634  
7245.202471  
6908.545393  
7060.135974  
7407.329637  
7115.874096  
7097.747805  
7030.528518  
7167.101214  
7522.127818  
7315.989897  
7271.875511  
7350.567979  
7265.749703  
7066.338689  
7100.608829  
7228.571148  
7274.969699  
7247.377481  
7156.949726  
7169.256057  
7177.407613  
7387.728182  
7240.616749  
7298.168646  
7255.978497  
7086.123696  
7458.996674  
7461.435276  
7434.954076  
7311.611776  
7426.891735  
7325.304462  
7386.304811  
7361.746876  
7283.619098  
7306.014083  
7242.501986  
7277.163858  
7394.952394  
7412.306051  
7355.711219  
7565.793672  
7436.614566  
7325.512983  
7327.722818  
7411.455683  
7376.523483  
7586.15492  
7348.411353  
7184.150449  
7543.479428  
7619.996464  
7424.818611  
7302.090704  
7370.136034  
7500.369289  
7364.879839  
7317.667279  
7385.030969  
7371.181032  
7553.181423  
7437.469622  
7284.727286  
7473.549182  
7604.129984  
7409.32626  
7414.442743  
7169.476977  
7304.670077  
7236.690708  
7440.462769  
7337.68176  
7292.016575  
7174.771479  
7385.953797  
7671.232627  
7301.486927  
7578.21097  
7368.593683  
7312.830322  
6820.753655  
7052.98954  
6955.214488  
7350.40528  
7503.792928  
7617.095613  
7116.634557  
7280.981774  
7553.572633  
7669.995534  
7790.24273  
7474.918209  
7416.821263  
7262.694803  
7879.144136  
7820.673905  
7438.710258  
7792.844225  
7810.195611  
7444.145302  
7454.479889  
7286.832033  
7368.167952  
7323.019912  
7351.779275  
7475.231154  
7623.394126  
7409.913968  
7527.471603  
7431.96639  
7345.591517  
7338.048877  
7343.054649  
7337.70727  
7432.320713  
7501.172016  
7641.285751  
7740.600468  
7542.232138  
7458.387756  
7274.580592  
7157.278033  
7273.68417  
7228.507746  
7292.287458  
7638.769612  
7415.378086  
7228.716396  
7542.43714  
7710.164323  
7626.081985  
7506.218733  
7659.021435  
7424.02065  
7377.25526  
7439.034881  
7734.662963  
7530.412767  
7398.032231  
7351.821734  
7226.906073  
7424.802511  
7167.8046  
7358.167064  
7477.561919  
7520.17007  
7533.829015  
7712.546039  
7174.377695  
7428.697183  
7516.227996  
7766.44655  
7713.157649  
7607.164962  
7427.274072  
7513.436746  
7410.375737  
7243.470832  
7164.957815  
7316.97774  
7061.756508  
7292.121044  
7243.047174  
7492.047181  
7576.507236  
7433.993104  
7651.394475  
7507.062488  
7079.876183  
7461.478933  
7548.512868  
7712.6123  
7644.141983  
7530.062776  
7461.08932  
7736.463749  
7523.617303  
7547.311957  
7550.358296  
7455.125623  
7873.017684  
7166.156748  
7518.729645  
7534.956009  
7819.386275  
7811.409133  
7527.340719  
7760.273793  
7727.87787  
7899.652683  
7606.500819  
7675.914828  
7649.562079  
7682.722919  
7912.150075  
7612.085038  
7427.002033  
7793.608502  
7268.964495  
7486.507842  
7617.692237  
7577.506897  
7424.606232  
7264.610204  
7841.102582  
7547.544099  
7431.409186  
7587.668501  
7778.323356  
7826.362639  
7825.081946  
7813.694316  
7880.392397  
