6976.664157  
7450.860832  
6471.360068  
6740.558094  
6725.130661  
7166.796974  
7106.239733  
6914.053596  
6910.884528  
6839.110445  
7149.559575  
7076.412884  
7014.277359  
7394.613921  
7113.726355  
7042.766123  
7549.863995  
7296.4934  
7337.803165  
7128.105793  
7230.798582  
7422.880756  
7297.342855  
6644.362935  
7307.522466  
7647.856853  
7143.724574  
7571.332984  
7266.86108  
7166.59899  
7252.432001  
7275.421504  
7170.101134  
7209.680646  
7408.739838  
7400.54713  
7537.520679  
7171.84157  
7146.830434  
7197.620625  
7017.882984  
7408.756941  
7387.008381  
7263.24819  
7079.14773  
7447.49136  
7194.638393  
7156.574224  
7019.734693  
7252.504106  
7303.152451  
8002.514765  
7164.420768  
7022.481646  
7032.685894  
7375.556655  
7629.855639  
7203.540377  
7179.705917  
7023.659254  
6966.79885  
7613.725598  
7295.778477  
6944.08132  
6795.314645  
6695.006236  
6940.287077  
6888.500293  
6796.70898  
7139.964763  
6970.150621  
7153.539437  
7172.093346  
7176.350405  
7107.627013  
7003.875037  
7391.456291  
6866.359004  
6785.048137  
6842.654063  
6870.987526  
6931.97791  
7041.911285  
6995.526079  
7063.391444  
7199.185593  
6989.015473  
7028.690519  
7486.903663  
7392.17332  
7075.406775  
6803.947115  
7149.251102  
6828.201898  
6944.616697  
6689.568463  
7001.089356  
7237.143642  
7116.511282  
7109.617357  
6948.033934  
6905.060708  
6799.265522  
6858.565813  
7276.886212  
7118.923921  
7065.253863  
7114.236369  
7186.111602  
7186.566432  
7036.584947  
7028.381653  
7005.413838  
6968.689729  
7043.575466  
7432.709861  
7127.093392  
7039.560625  
7183.31316  
7232.839541  
7035.295114  
7006.864563  
7088.643958  
6969.238418  
6992.521674  
7429.182179  
6769.241163  
7302.486511  
7247.91941  
7384.877199  
7020.647143  
7991.059418  
6525.821291  
6925.274336  
7629.122098  
7438.161762  
7196.319123  
7002.057556  
7224.967104  
7243.236035  
7529.745536  
7277.824793  
7674.409324  
7239.743217  
7521.368665  
7260.570701  
7415.252534  
7170.139912  
7613.592578  
7272.427083  
7036.716663  
6995.344543  
6826.210252  
7006.038526  
7514.352595  
6570.12444  
7399.170677  
6883.378522  
7365.346073  
7084.210311  
7520.557397  
7106.12552  
7107.974862  
7547.562791  
7700.053257  
7029.731716  
7131.795971  
6909.688433  
7503.46778  
7235.460106  
7326.676113  
7215.908216  
6962.224745  
7102.814891  
7198.351311  
7204.849582  
7092.048328  
7242.855028  
7118.786549  
7314.520801  
6923.135555  
7058.978366  
7193.641227  
7040.192102  
7153.007137  
7230.449824  
7083.640233  
7330.079773  
7949.485717  
7305.18686  
7242.222356  
6523.422568  
6909.72379  
6287.737718  
7021.183276  
7066.629249  
7116.820817  
6934.405433  
7101.821131  
6958.453449  
7319.67639  
7040.987804  
7302.424609  
7001.304953  
7056.35464  
6868.726843  
7218.801312  
6536.240934  
7003.279021  
7193.787614  
4973.948436  
5959.369435  
7797.710107  
7208.61662  
6532.784068  
7257.073255  
6721.907018  
7479.430858  
6938.531589  
7482.082484  
6789.10303  
6839.919739  
7215.991593  
7253.222366  
7192.702991  
6136.585101  
6523.628034  
6844.501597  
6412.209268  
6944.72442  
7088.627862  
7144.666709  
6900.96487  
6929.136432  
7355.173298  
7644.636543  
7372.265434  
