0.8626347443  
-1.572062721  
-0.9476874274  
-1.634024854  
-1.286255778  
-1.102128763  
-0.9059744098  
-1.491194669  
-0.7186313748  
-1.462530212  
-1.379342431  
-1.498687596  
-0.7089933258  
-1.677813554  
-0.9863312201  
-0.8015532711  
-1.677193964  
-0.5885783703  
0.3750282157  
-0.06936146333  
-0.8660097298  
-1.466414967  
-0.982775363  
-1.400675764  
-1.46491736  
0.1458471693  
-0.9195161889  
-1.689347077  
-1.12328525  
-1.413830065  
-0.4990729348  
-1.007326274  
-0.8131019898  
-1.553572491  
-1.371891005  
-1.56499601  
-1.052863932  
-1.24338559  
-0.6509442158  
-1.41193724  
-0.4688588787  
-1.606092339  
-1.236087085  
-0.6041824711  
-0.7183931644  
-1.737981907  
-0.9071767923  
-1.019831577  
-1.391481195  
-1.650171741  
-0.0901548844  
-1.351893553  
-0.6002181813  
0.5231346581  
-0.6927952684  
-0.5157431547  
0.4949727989  
-1.735873949  
0.6334523987  
0.4021365446  
-1.286993461  
-1.288152642  
-0.6255808264  
-0.5374661266  
0.5477434982  
0.05547140904  
-0.9497294537  
-1.320042652  
-0.7838228817  
-1.629739994  
-1.380132145  
-1.866059035  
-0.05017528533  
-1.297338031  
-0.6977612778  
-0.8069451341  
-1.150802425  
-1.020095568  
-0.9498658153  
-1.542972566  
-1.354694775  
-0.5564671122  
0.1554510459  
-1.077152537  
-1.154566737  
0.3686924729  
-0.881863038  
-2.040803448  
-0.1273598644  
-1.279753093  
-0.6131175065  
-1.753150904  
-0.1947604522  
-0.920678392  
-1.649554827  
-1.579128436  
-0.1060198103  
-0.9516476163  
-1.153078306  
0.1617587049  
0.5341404226  
1.944363972  
1.085559176  
0.296581814  
0.1373546976  
0.1335987534  
0.06495087968  
1.599566134  
1.028515218  
2.059940752  
1.255432081  
1.221544236  
0.9407030712  
0.9466512622  
1.7756354  
1.599073658  
0.6341254983  
1.039607502  
0.5728864838  
-0.9460597255  
0.6631814188  
0.596475621  
1.193766169  
1.357951719  
1.000352964  
1.587196329  
1.355707926  
-0.5996462446  
0.4261932146  
1.107478371  
1.348944268  
1.208817815  
0.3217123957  
1.141269  
0.243637848  
-0.07419629551  
1.538504594  
0.09386682555  
1.290343175  
0.51863444  
1.60349074  
0.7209908009  
0.5301650971  
0.4516544448  
1.897946513  
1.125890759  
1.555864172  
0.6732888758  
1.538955296  
0.7065045287  
1.407856625  
1.993169144  
1.809145472  
0.5682683701  
1.30995907  
1.056831927  
0.1990280853  
0.8872309379  
0.6436052487  
0.950128411  
-0.2994476007  
1.180839627  
0.3322083348  
-0.7230668445  
-1.094135135  
-0.6259116858  
0.3961922671  
-0.1297184376  
-0.2951529773  
0.4537406104  
-0.2336662956  
-0.02030436419  
2.06132164  
-0.8269738588  
0.07937383297  
0.3069246086  
-0.5239619876  
-0.3941173831  
-0.399566649  
-0.07891777568  
-0.06705119871  
-0.2690199497  
0.232407231  
-0.1851302761  
1.093175071  
0.8894070871  
0.03329249008  
-0.7051575658  
-0.5164624953  
-0.4290588706  
-0.3364866384  
-0.0233308437  
-1.022975678  
0.2652698449  
-1.243256981  
0.1787700592  
1.815131471  
0.6794836803  
0.3766969576  
1.986140374  
0.7934757584  
-0.1634302485  
-0.236303524  
-0.9575228913  
-1.082913252  
0.08661437857  
-0.4531372194  
-0.6401863293  
-0.8809947821  
2.31865335  
1.26522115  
0.2036888365  
1.344656299  
1.821487052  
0.7828270339  
1.230987757  
0.9806470226  
1.226960346  
0.1905958281  
-0.2612144854  
-1.008532713  
-0.7913927374  
0.09241692258  
1.723810508  
1.578620181  
1.269888191  
0.6164353867  
0.4600080477  
-0.1144122425  
0.5840058144  
0.5198110525  
-0.1779717208  
0.2541434993  
-0.7642906451  
-1.236307401  
-0.04239186876  
1.043956574  
-0.2312024124  
0.6706877335  
0.09454285102  
0.4258957312  
-0.3437909545  
0.01361071133  
1.208911091  
0.1413891264  
0.6374165882  
-0.03816200152  
-0.4887499298  
2.023623087  
0.2496101409  
0.2881015138  
0.4642176303  
-0.3028599005  
1.314203394  
1.418933124  
1.508219534  
0.810761119  
-1.056736358  
-0.7183185083  
-1.002161546  
-0.09327565606  
-0.793020624  
-0.8520162301  
0.08675644888  
-0.6273323231  
-0.9734371467  
-0.4724447128  
-0.2789194514  
-0.3150195153  
-0.07868639684  
-1.190794086  
0.3801406507  
0.5517280847  
0.04822689773  
0.256641744  
-0.8173492756  
-0.3273817477  
0.2837717773  
-1.549333945  
-2.159001258  
-0.9189330863  
1.28466363  
0.1229726861  
0.05416726797  
-0.4714120662  
0.4692130512  
-0.09667353854  
0.9106295212  
1.54647697  
0.6212897552  
0.7302440825  
-0.0450166827  
1.81989035  
1.149356577  
-0.06703453524  
-0.1499387096  
1.23645251  
1.30584225  
1.039361233  
1.134709026  
1.384971265  
0.7247936714  
1.069405144  
1.547069883  
1.739375423  
1.85217689  
-0.3010114772  
0.8994001907  
0.1303354113  
0.2862118532  
2.139610755  
0.7183350434  
0.1329280758  
2.235386412  
0.03106597445  
-1.080039914  
-0.8258462682  
-0.8716956406  
-0.6984145174  
0.4460909449  
1.072583148  
-0.3608202194  
1.997892377  
0.8945268194  
-0.5899740474  
-0.1221470199  
-0.6957299063  
-1.747098003  
-0.1838475307  
-0.5814656333  
0.4559756427  
0.6354988703  
1.227549195  
0.6014502246  
-0.3888296912  
-0.1246466728  
-1.407196179  
0.1481851141  
0.3813427284  
1.107993234  
0.01517143863  
-0.9593435567  
-0.9927353107  
-0.6456013485  
-0.6695546132  
0.6555974382  
-1.095960767  
-1.022538037  
0.8050587294  
-0.8241905992  
0.4486849319  
-0.2272977981  
-0.8091427468  
-0.0107819951  
-0.8100229025  
-0.574914381  
-1.264492215  
-0.4161707037  
-1.375832455  
0.5680152338  
1.078097245  
1.030799683  
-0.5539744851  
0.2945771351  
-0.01317828759  
-0.6093579491  
-0.2488493972  
-1.256931535  
0.1500946719  
-0.1725962957  
0.6245507202  
1.655308444  
0.6532535699  
1.82162391  
1.277080632  
1.964833523  
0.1619816814  
-0.6370467018  
-0.2510481457  
-0.0355133189  
2.822943052  
0.08365394342  
0.07417077775  
-0.1471642047  
-0.543065857  
-0.5610814514  
1.258999138  
-0.2507112192  
0.04364814961  
-0.2704777056  
-0.8239927285  
0.6796243858  
0.5127853055  
0.1389105349  
-1.585070304  
-1.745186805  
-0.3827192061  
1.054577422  
