0.2455530873  
-0.211994066  
0.1282870321  
-0.04461108779  
-0.4847342633  
0.2572430088  
-0.1323700724  
-0.342776399  
-0.03204596453  
-0.544415815  
-0.4804331724  
-0.5807149435  
-0.2254761464  
-0.1280360188  
0.136638895  
0.2778161869  
-0.2589419919  
0.5549347023  
0.5896140775  
0.1792738569  
-0.1302799302  
-0.7570414168  
-0.2424719453  
-0.2642476618  
0.5197255717  
0.2500585122  
-0.2494472844  
0.2913234126  
-0.1383459794  
-0.2294056776  
-0.2587031389  
0.4674568391  
0.2115409069  
0.1148824653  
-0.03576439056  
-0.2409569868  
-0.01396327966  
-0.2520302149  
-0.3808524834  
-0.6409463463  
0.04721550879  
0.3365887137  
-0.3249980382  
-0.2804530467  
0.1636816299  
0.2799420784  
-0.008672698319  
0.09401091747  
0.404239968  
-1.268321789  
0.09648822662  
-0.4356942433  
0.1678909208  
-0.0760603499  
0.1373559272  
0.278754127  
0.08163387364  
-0.2809115553  
0.2398178195  
0.1651440677  
0.5995696977  
1.108948391  
0.4653599376  
0.5384547749  
0.4073582406  
-0.5217272807  
-1.592366888  
-1.725482087  
-1.101731602  
-0.4159275781  
0.006946704268  
-0.3182539532  
0.2689433927  
-0.3535492889  
-0.7421516826  
0.05600187186  
-0.7309551643  
0.07976456701  
-0.07413654936  
0.2696983314  
0.4711491722  
-0.2459374375  
0.1362785714  
0.3900107863  
-0.3590357896  
0.2361943807  
0.1351008966  
0.09742651509  
0.1661776625  
0.1492958607  
0.5069615399  
0.2806883583  
0.2119852189  
-0.4602325831  
0.2625917501  
1.151026526  
0.7370388468  
0.2447511275  
0.4197083293  
0.8279879286  
0.6297317997  
1.025429308  
0.5309277778  
0.3696014075  
2.852471823  
-0.1063845709  
2.443832316  
0.3230054507  
0.350206418  
0.1603839188  
0.04755733991  
0.4019232617  
0.4142994029  
-1.011345062  
-2.980680935  
-1.66667215  
-1.003720405  
-0.2204921781  
-0.4395610747  
-0.33528154  
-0.01839373397  
-0.1398998415  
-0.2561438923  
0.3774229385  
0.8659768783  
0.9756950914  
1.381574374  
1.763425054  
0.7146652667  
0.897923368  
0.08271666687  
0.7476050713  
-0.1670367624  
-0.3744898689  
-0.0575562069  
2.674487774  
2.13543955  
0.3194242717  
-0.5580156162  
0.03853093638  
0.140038962  
0.009069863144  
0.2725818345  
0.6615398684  
1.078449459  
0.3971571815  
0.4668447637  
0.5198551818  
0.8851575527  
0.8151496317  
0.5654952517  
0.4179982694  
0.4736139423  
-0.251767407  
-0.05353967831  
-0.1396776553  
0.01963121685  
-0.4518388173  
0.1519444991  
0.8015138496  
1.308283122  
0.9687863154  
1.259547657  
0.7561408374  
1.180891927  
0.8465525763  
1.291427328  
0.8989339477  
-1.39381653  
-0.8219138437  
-1.140824438  
-1.766457951  
-0.7985763777  
0.1027380291  
0.2997343589  
0.0327412195  
-1.268293308  
-1.451225234  
-2.236258957  
-0.8437868121  
-0.7238769012  
0.3694184346  
-0.2994294525  
0.6796708514  
1.571448938  
1.810377224  
-0.7640007342  
0.8249194613  
-0.5667020607  
-0.3451585021  
-0.4527208419  
-0.5287938198  
-0.9468087757  
-1.261130962  
-0.7147181124  
-0.6564210162  
-0.4912858381  
-0.214203204  
1.221133165  
0.6068279615  
1.121462823  
0.3725295649  
0.2721504154  
0.00800979581  
0.2725230307  
-0.05213734779  
0.6110557663  
0.7818784718  
-0.04488349138  
0.2406663761  
0.5381039618  
0.6921165915  
0.3829578436  
0.8170816926  
0.3205492243  
3.422014152  
0.3595369641  
-0.3109306082  
1.506322018  
-0.4251609128  
0.5877378465  
-3.116734383  
-1.366486696  
-2.5117056  
-1.594775866  
-2.912563379  
-2.814215457  
-2.29674413  
-2.322797421  
-2.045706898  
-1.887092478  
-1.638473476  
-1.09988464  
-0.7757720241  
-0.5509603321  
-0.2016534568  
-0.128770663  
-0.4746463807  
-0.4468198381  
-2.169945921  
-2.292321742  
-1.584286813  
-1.651363176  
-1.804080091  
-1.19317244  
-1.824156142  
-2.310861848  
-2.328835886  
-2.50445407  
-2.13450198  
-2.09458769  
-1.685628472  
-0.6199460202  
-0.948767991  
-1.060914452  
0.07088053607  
-0.2532190381  
-0.4964657284  
0.5128484979  
1.051203546  
2.729302723  
1.978046544  
-0.8534803187  
1.584351469  
0.4830047408  
1.024767089  
0.5435786615  
0.2336912593  
0.6322983231  
1.374605727  
0.7862982898  
1.156286232  
1.015081327  
0.9757656263  
0.8570723568  
0.8051466847  
0.6727251137  
1.145764149  
1.00299972  
0.8130279516  
0.8584711404  
0.9588267726  
0.9289599798  
0.8367715213  
0.7624236166  
1.177225124  
0.8614531915  
0.990962855  
0.6819641596  
0.9439257387  
0.6221814948  
0.6713268927  
0.1440731963  
