0.3856242927  
0.9886113791  
-0.127939197  
-0.425165431  
-0.6323385957  
0.4871991747  
-0.760437234  
-1.050488212  
-0.9281787263  
-0.5800540254  
-0.9137812669  
-0.7837329706  
-0.3978498722  
0.09875707853  
-0.6689273214  
-0.7664758306  
-1.244751748  
-0.2595894432  
-0.9254888881  
-0.6903343798  
-0.4076990022  
-1.02105168  
-0.3301960384  
-0.8172631904  
-1.023223368  
-0.2988906994  
0.2937703355  
-0.9039537647  
-0.6178527219  
-0.7061895896  
0.5853734704  
0.138037494  
-0.7635125502  
-1.088585308  
-1.109904993  
-0.7290859687  
0.8968816164  
0.09402665895  
-1.31850343  
-0.9131772518  
-0.718924846  
-0.1916119017  
-0.7810041348  
0.6663270845  
-0.4511392486  
-1.112402044  
-0.6086966844  
-1.377893938  
-0.865822445  
-1.202222324  
-0.9293243803  
0.1745641745  
-0.8465920186  
-1.150913774  
-0.4867565447  
-0.5753796425  
0.7426824626  
-0.4954086707  
-0.5730350659  
-0.6515534514  
3.590716685  
0.8161180607  
-1.067100043  
-0.8793372855  
-0.6452855539  
0.2018822142  
0.6293123392  
-0.07783948702  
0.9009736155  
0.1425656668  
-0.8091272149  
-0.5056917205  
-0.5719584233  
-0.4050722224  
-0.8352213513  
-0.8582637147  
-0.05236512212  
0.3372543711  
-1.076451592  
0.5821636904  
1.309066275  
0.5726607399  
-1.264872461  
2.163906893  
-0.10739048  
-0.2385238831  
-0.933249139  
-0.2881968565  
0.5825102403  
-0.3034123108  
0.1236908431  
0.9170791629  
-0.02229078817  
-0.1524002431  
-0.4856601909  
-0.03060503433  
0.3503371242  
-1.061720762  
-0.645959528  
0.2592758311  
4.109192736  
1.935191468  
-0.3459655816  
-0.0818275363  
-1.284610708  
0.2102867591  
-0.09156299422  
-0.6339645377  
-0.2269556477  
-0.818674707  
-0.1216510258  
-0.0005933437615  
-0.7702460552  
0.7157406116  
-0.7519532893  
0.1930933149  
1.603367598  
-1.281246431  
1.020452314  
0.234935974  
0.5609881867  
1.695075112  
-0.9505972389  
0.3950452595  
0.2879567798  
0.5628456503  
2.153694682  
0.3664955941  
-0.2742466617  
-0.5766721162  
-1.043990496  
0.3512439007  
0.3297909573  
-0.1876572245  
-1.32748905  
-0.7763843699  
-0.4548689206  
-0.02427439862  
-1.285417689  
-0.1751506042  
-1.301986988  
0.4610940406  
0.03692319132  
-1.289327106  
0.4276234905  
4.035816151  
2.821555403  
-0.749882326  
0.2806849675  
0.6855162896  
0.8607380852  
1.313640387  
0.7445544187  
0.8748642189  
1.792650198  
-0.9660581977  
-0.0936530352  
-0.8001349553  
-0.678939443  
-0.8260156037  
0.3128873325  
1.027702811  
1.617568005  
1.108664073  
0.8478930148  
0.8053856969  
2.255786935  
0.5457295791  
-0.2818281063  
-0.7606515005  
0.8694133002  
0.144505542  
0.8503075321  
0.5951798356  
-0.07271083138  
-0.5769177838  
-1.118538327  
-1.797424607  
-1.346812159  
-1.302211346  
-0.6611019383  
-0.7916809947  
-0.1016892925  
-1.063567848  
1.041972073  
0.9260907503  
0.1127084991  
0.5277192712  
0.7414528039  
4.147222736  
0.852245006  
0.4277190517  
1.587673479  
1.237419449  
-0.1833504436  
0.9949928704  
-0.06121199248  
0.1168420704  
-0.6141250568  
-0.103820006  
0.02191007811  
0.5308932213  
0.3437270658  
-0.3183048159  
-0.05653643985  
0.6143712129  
-0.6908217644  
-0.5532901722  
-0.8535055834  
-0.003273979955  
-0.34778808  
-0.106145338  
-1.104521316  
0.8672642735  
1.359000582  
1.179999713  
0.04585295135  
1.520837197  
2.146927052  
-0.9473426051  
0.2127600923  
1.755951062  
0.8627401188  
0.2428596704  
0.05986710931  
