8725.263828  
8008.467595  
7751.357549  
7808.88588  
7680.646749  
8001.722153  
8050.568673  
7833.534736  
8053.469565  
8002.179423  
7950.729672  
7971.674291  
7884.023253  
7964.692979  
7887.566738  
7890.5636  
7983.210806  
8070.966884  
8362.921403  
8127.017144  
7813.375845  
8128.914746  
7848.106363  
7996.964608  
8015.568836  
8192.119277  
8185.350018  
7955.624798  
8142.933091  
7960.103667  
8166.751854  
8218.814514  
7937.053716  
8039.18888  
7899.105464  
7859.761482  
7893.141971  
8040.614934  
8076.325724  
8033.13907  
8123.952594  
8032.24007  
8105.464357  
8077.264571  
8099.857032  
8022.78514  
8130.460281  
8175.855991  
8027.220055  
8084.067522  
8199.024334  
8163.782181  
8244.350267  
8253.315272  
8256.659544  
8404.389888  
8087.051301  
8117.86303  
8141.31047  
8440.152898  
8127.980091  
8056.205288  
7880.952876  
8337.208753  
8308.585147  
8384.597803  
8236.599431  
8075.435952  
8028.484332  
7862.528081  
7877.298814  
7909.690175  
8218.142654  
8066.001756  
8007.94565  
8310.098491  
8151.254806  
8047.592894  
8012.076077  
8058.591822  
8068.057846  
8312.176152  
8307.851477  
8135.275959  
8106.164964  
7561.216358  
8149.841389  
7745.89425  
8099.490174  
7952.118195  
7947.820922  
8173.662735  
8182.678354  
8195.77409  
8063.900206  
8079.556822  
8408.805629  
8300.040345  
8369.109711  
8523.094288  
8488.428106  
8861.379723  
8777.33129  
8277.582369  
8523.595065  
8336.06661  
8182.642065  
8545.931493  
8574.694602  
8518.811506  
8803.068855  
8406.73541  
8763.517474  
8310.95453  
8812.422545  
8629.601471  
8696.068245  
8594.080971  
8328.117207  
8402.361557  
8561.361296  
8515.387199  
8849.145158  
8571.235141  
8661.445826  
9097.05693  
8521.723761  
8412.097411  
8498.473214  
8178.846924  
8670.345847  
8480.644375  
8430.097433  
8749.197855  
8389.866816  
8150.664486  
8349.621386  
8578.475579  
8994.168496  
8505.363692  
8645.702041  
8836.606475  
8590.705807  
8498.066454  
8584.822928  
8437.53016  
8750.506533  
8811.1561  
9041.544354  
8898.891964  
8860.527673  
8883.028938  
9153.301772  
8816.291116  
8679.606447  
8764.348635  
8440.079789  
8568.483623  
8518.992505  
9057.279935  
8663.964259  
8645.636181  
8789.360528  
8478.178365  
8346.650621  
8434.136709  
8349.986576  
8482.983658  
8480.700717  
8385.726321  
8428.227692  
8518.914898  
9077.213657  
8544.712779  
8839.660065  
8709.457947  
8579.37315  
8356.010628  
8526.626124  
8400.459102  
8551.538484  
8673.526084  
8603.145456  
8706.840663  
8844.514356  
8760.567576  
8690.584256  
8505.646533  
8446.378069  
8353.19534  
8500.767981  
8426.994726  
8534.829808  
8581.865009  
8515.703827  
8597.079582  
8744.497029  
8862.911801  
8953.844793  
8832.587707  
8814.162294  
8690.531007  
8556.021783  
8589.189589  
8388.210284  
8744.660137  
8446.509372  
8522.743887  
8371.854784  
9272.559558  
8819.520176  
8879.023406  
9030.740283  
9457.155785  
9110.825057  
9119.893737  
9027.108307  
8773.825985  
8769.362147  
8963.491757  
8468.935846  
8633.108788  
8697.16776  
9633.381736  
9264.363291  
8995.307014  
8798.629039  
9098.366418  
8607.182718  
8992.814295  
8874.301861  
9049.035104  
8757.811544  
8603.037827  
8357.534992  
8932.813557  
8721.006434  
8888.603238  
8684.120677  
8608.471417  
8903.104415  
8497.907932  
8875.404213  
8082.135216  
9067.711852  
8862.141744  
8771.476367  
8638.153662  
8973.125485  
8907.144891  
8706.625051  
8956.074531  
8475.422186  
8777.831857  
8829.232412  
9209.546421  
9236.551269  
8481.131287  
8564.664328  
8375.556786  
8547.94267  
8532.757357  
8581.977464  
8485.751028  
8660.902281  
8417.02873  
8421.337294  
8342.87074  
8689.387274  
7715.343163  
8650.125323  
8384.978309  
7862.901466  
8641.930382  
7855.555873  
8663.905162  
8166.73267  
8490.604745  
7553.808156  
6903.314666  
7737.276813  
8437.518352  
8124.074343  
8502.122196  
8335.305818  
8523.817457  
8431.151205  
8672.448361  
8434.945334  
9163.235411  
8395.616494  
7798.212141  
9809.519525  
8109.857081  
9030.98004  
8474.121323  
8799.073157  
8530.953064  
8867.288424  
8800.806001  
8854.115121  
8810.502546  
8951.015276  
9242.880027  
9115.566367  
8924.039061  
8662.96551  
8326.448356  
8417.489249  
8206.36731  
8724.780421  
8333.611527  
8671.160506  
8525.983726  
8342.733243  
8243.150884  
8220.163572  
8187.944697  
8148.661726  
8083.057002  
8290.186785  
8378.941798  
8714.12935  
8216.711533  
8438.723802  
8002.077662  
7795.189272  
7906.975945  
8142.448865  
7556.143909  
8466.573539  
7995.334494  
8083.28081  
8287.808879  
8376.216432  
8413.322707  
8217.995972  
8351.725102  
8067.139397  
8508.381699  
8285.172231  
8308.711509  
8008.526945  
8268.122526  
7989.23552  
8260.382439  
8318.851599  
7972.381888  
8221.124127  
8311.674254  
8355.553867  
8458.536197  
8217.764385  
8539.072413  
8121.577852  
7974.427215  
8016.936167  
7958.181295  
8049.18187  
8313.843734  
8386.836657  
8181.088987  
8353.349257  
8498.584268  
8377.009381  
7995.536521  
8427.67848  
8148.632711  
8219.602154  
8246.252205  
8645.838584  
8613.257107  
8638.450553  
8758.416735  
8651.474721  
8742.165826  
8529.252268  
8245.455762  
8295.908203  
8541.787705  
8175.98699  
8595.633847  
8431.076419  
8339.778967  
8261.426761  
8307.14644  
8276.480227  
8591.915497  
8428.89549  
8233.759438  
7890.953901  
8410.665471  
8382.064063  
8332.589481  
7550.262506  
6758.538997  
7313.117084  
8045.834568  
