7867.505463  
7579.111342  
7606.43556  
7444.780627  
7417.390442  
7248.527075  
7465.776232  
7464.437144  
7459.016782  
7374.912694  
7350.598589  
7352.567177  
7368.158925  
7724.359263  
7675.097983  
7360.217711  
7352.830435  
7513.91244  
7750.567519  
7565.017242  
7603.41663  
7546.622874  
7657.588858  
7580.412551  
7565.947033  
7164.450763  
7632.240201  
7693.201604  
7487.93186  
7430.370237  
7508.169465  
7532.706799  
7822.39627  
7808.809105  
7637.737618  
7638.023609  
7590.708318  
7445.999144  
7491.580412  
7514.596637  
7462.768105  
7632.652958  
7706.710142  
7543.84783  
7493.207474  
7615.001648  
7608.00052  
7715.747147  
7547.88895  
7410.718967  
7739.350796  
7937.39501  
7795.513274  
7606.514806  
7621.520652  
7546.287958  
7645.017209  
7619.864986  
7731.282069  
7485.747097  
7507.1608  
7533.08137  
7681.79979  
7864.804877  
7822.833642  
7904.717807  
7882.285736  
7601.772991  
7787.372684  
7838.908261  
7706.73466  
7977.369652  
7696.393436  
7692.639261  
7891.254055  
8103.180876  
7869.338377  
7660.204177  
7833.858254  
7857.764293  
7787.098665  
7628.925987  
7942.468071  
7782.385358  
7848.957148  
7899.656368  
7761.357915  
7922.048668  
8087.338315  
7899.02576  
7703.185883  
7619.333181  
7718.336243  
7545.875074  
7769.369842  
7609.359272  
7670.177392  
7561.143291  
7825.01299  
8045.314134  
7782.476297  
8090.621663  
7880.739979  
7725.145377  
7238.248873  
7327.391837  
7494.800725  
8172.842743  
7850.614751  
8037.866847  
7356.011173  
7966.683751  
8107.246342  
8101.004403  
8175.897756  
7877.890364  
7827.053993  
7560.517828  
8290.74434  
8244.871616  
7921.571797  
8273.33512  
8209.382669  
7783.555459  
8064.753284  
7711.365912  
7884.260909  
7755.973009  
7755.940003  
7819.28507  
7998.04445  
7841.841065  
7883.814955  
7791.246206  
7821.888235  
7640.744858  
7790.351464  
7790.757471  
7817.91544  
7967.758672  
8069.328028  
8079.769129  
7820.16701  
7899.713876  
7669.422899  
7589.548506  
7557.349909  
7648.331977  
7436.342936  
8159.159477  
7776.054719  
7640.355613  
8054.696509  
8009.290522  
7986.025479  
7875.134554  
8053.39124  
7786.772626  
7849.723375  
7774.654277  
8177.727149  
7996.871156  
7827.386026  
7849.185126  
7784.002972  
7690.192288  
7400.501557  
7709.610438  
8025.328101  
7959.13727  
7982.212019  
8138.027873  
7805.607435  
7948.592231  
8056.026951  
8185.652066  
8234.488075  
8158.393458  
7863.631693  
7856.83343  
7923.400111  
7662.270083  
7583.80038  
7694.433043  
7422.316227  
7734.155691  
7662.533677  
7874.746928  
7949.419428  
7806.17418  
8107.483662  
7962.784722  
7446.112653  
7956.663195  
8105.971146  
8198.666838  
8043.657412  
7996.960951  
7924.307458  
8277.933554  
7914.550696  
8048.016935  
7854.337503  
7839.000269  
8254.145282  
7629.718977  
8231.783472  
8048.09461  
8306.154386  
8383.712043  
8036.750242  
8176.440259  
8218.895308  
8270.362609  
8069.980908  
8125.065891  
8255.394841  
8041.092837  
8478.680186  
8066.294031  
8031.712865  
8552.692224  
7927.574905  
8038.399448  
8073.491205  
8033.120272  
7960.699853  
7849.857144  
8449.095421  
8017.252997  
7857.501061  
8258.109216  
8427.402369  
8465.131678  
8438.401088  
8485.18862  
8596.268814  
