-0.09589807219  
-0.38990775  
-0.4163740794  
-0.8015529167  
-0.7237106285  
-1.027925143  
-0.6672848948  
-0.62872378  
-0.6383546124  
-0.8004489441  
-0.9997649655  
-0.7093965921  
-0.7948685667  
-0.6292160728  
-0.4221434503  
-0.09693786801  
0.1257605207  
0.2200511635  
-0.8245016402  
-0.1764465318  
-0.4508799472  
-0.8015822026  
-0.6718774249  
-0.4042308115  
-0.3138412859  
-0.518337029  
-0.3881724939  
-0.2955785245  
-0.1806296632  
-0.01082331889  
-0.219177036  
-0.1747305191  
0.1140599809  
0.2866093525  
-1.017114883  
-0.005601844723  
-0.51646505  
0.2201771236  
0.3292180991  
-0.5852328234  
-0.7249308204  
0.3131004363  
0.07030500713  
-0.2450309502  
-0.5899441516  
-0.1667472929  
0.5379360046  
1.936655868  
-0.1994836494  
-0.4000837767  
-0.2329772459  
0.04821606215  
0.3696444307  
0.9983063314  
1.566270368  
2.026937458  
0.3697356235  
-0.9144904497  
-0.4507517597  
-0.5479943997  
-0.4952547666  
-0.2949865422  
-0.1786277712  
-0.2663553848  
0.200085438  
-0.130881205  
-0.7715685701  
-0.1698685861  
0.1244918459  
-0.1755438188  
-0.1799657871  
-0.0251417155  
-0.8059451231  
0.3759832597  
0.4086016492  
-0.2308530639  
-0.405747357  
1.097367684  
1.18450437  
-0.8861809745  
-0.1009753378  
0.8899644707  
1.101898537  
-0.8781346763  
-0.1047945147  
-0.2645084043  
0.004395567302  
-0.3299475186  
-0.2418317444  
-0.3453344931  
-0.6542583265  
0.3043313833  
0.3537105704  
-0.08466349589  
-0.3018724941  
-0.649262443  
-0.3782602962  
0.1071392335  
0.4174155793  
-0.7323238298  
-0.02633625593  
-0.4255695787  
-0.2925766197  
-0.2923423557  
-0.3336800411  
0.1370751208  
2.092802601  
2.987226998  
-0.2775065333  
-0.6424050565  
-0.175353061  
-0.5552758228  
-0.4932149551  
0.08798755507  
1.02264914  
-0.0851179549  
-0.9257742617  
0.7673402638  
-0.07497252948  
-1.06430418  
-0.4205571646  
-0.5599404089  
-0.02790035158  
-0.0595097267  
0.1179242005  
1.624583912  
0.8870670262  
-1.178467853  
-0.6854809119  
-0.1315391817  
-0.08764600088  
-0.4040990286  
1.215918858  
0.8058256079  
-1.380614705  
-0.7907844624  
-1.02835404  
-0.6413492843  
-0.6166771799  
-0.1468078217  
-0.3038977144  
0.8290320307  
2.159020248  
2.948557915  
-0.0267370901  
-1.239140662  
-0.3422368655  
-0.8014327746  
-0.8626809693  
-0.6558281644  
-0.2206142596  
1.343444139  
-0.4791816596  
-0.6473501746  
0.9162937863  
0.961705799  
-0.1225129644  
1.758734034  
0.01025918481  
-0.7242359979  
0.2884377391  
0.8035408779  
1.041918853  
2.711728396  
1.626187189  
-1.637116165  
-0.8125663739  
-0.5721152801  
-0.4431863622  
-0.5227912994  
0.8043001475  
1.277316743  
1.613197279  
-0.9546979695  
1.090294579  
2.317145967  
3.497981577  
1.938640335  
-1.370426711  
-0.6521821585  
-1.188146741  
-1.364299638  
-1.227136484  
-0.5487117889  
-0.6273740105  
-0.6179443999  
-0.1618050355  
0.4467880181  
1.112251395  
1.827913224  
1.465030128  
-0.6613897587  
0.5851571902  
1.166439148  
-0.8830162266  
-1.31907968  
-0.698501081  
-0.7487879764  
0.08790368888  
0.5676602892  
-0.7307340877  
-0.6718566544  
0.6156566196  
1.340383786  
-0.6726192342  
-1.07974289  
0.3666745692  
-0.2397012416  
-0.8465729501  
-0.2356784684  
1.55349573  
1.106908822  
-0.2660486042  
-0.5651773327  
-0.4489497674  
-0.7045323283  
1.46862942  
0.2721913904  
1.760723935  
-0.1532756858  
-1.671289202  
0.7544462083  
1.595269501  
2.231107532  
2.208246419  
-1.493791031  
-1.602614246  
-1.305341757  
-1.292621563  
-1.322826942  
-0.4291829129  
-1.067255976  
-1.601005556  
-1.166426993  
-0.8274994327  
-0.5447044426  
-0.4879905033  
-0.959199273  
-1.841919029  
-0.9798765353  
-0.2789641275  
-0.6788902535  
-0.3483122187  
0.246867703  
-0.11179757  
-1.548288713  
0.06801314906  
0.219112208  
2.661113622  
2.906466538  
3.696396897  
1.267873164  
-1.554388644  
-0.1360810213  
0.06853151116  
-0.008402052429  
-1.56031268  
0.05192366536  
-0.7996356619  
-1.05658046  
0.4376759115  
1.519904752  
0.372408745  
0.9594590643  
0.5916193229  
0.6653684558  
-1.359849084  
-1.001940161  
-0.2208896512  
0.8915857795  
0.8437472062  
1.113615305  
0.8106902145  
0.9983795452  
1.885918838  
2.371191468  
2.299284399  
-0.01419349867  
-0.5510574924  
-0.4347644735  
-1.033817727  
0.7352944141  
0.244602792  
0.7724856409  
0.1986323697  
-1.736613319  
-0.5566619777  
-0.7994459612  
-1.508947638  
-0.454363002  
0.04208362689  
1.296640236  
1.620392816  
