7891.949377  
7764.676325  
7580.631451  
7537.320102  
7513.292641  
7527.10036  
7541.014909  
7560.884479  
7624.330463  
7461.300845  
7520.946578  
7599.65262  
7527.019592  
7592.44697  
7544.432881  
7541.305019  
7549.826353  
7532.862589  
7592.316864  
7555.177472  
7589.015142  
7561.94777  
7501.969287  
7530.142208  
7525.345976  
7575.736344  
7584.835074  
7625.083529  
7665.56553  
7575.851676  
7557.693993  
7573.232204  
7512.828882  
7591.450432  
7544.636918  
7583.175697  
7594.62118  
7507.646443  
7643.040069  
7505.94397  
7542.199561  
7548.716808  
7574.723463  
7550.933069  
7587.972059  
7628.343205  
7595.767206  
7571.233187  
7551.299067  
7586.191938  
7616.731924  
7586.710107  
7578.922565  
7565.969858  
7592.151259  
7571.156081  
7659.174505  
7572.985024  
7563.038131  
7577.899596  
7522.642746  
7582.117576  
7600.48758  
7531.925911  
7518.922029  
7547.499596  
7533.387712  
7570.766409  
7608.630047  
7565.614792  
7603.606235  
7517.214594  
7589.627452  
7618.908231  
7583.42303  
7563.78494  
7578.04211  
7579.83733  
7540.899082  
7561.252921  
7591.687313  
7456.16056  
7588.63272  
7564.577036  
7579.576167  
7577.837854  
7550.786145  
7596.033865  
7595.127798  
7566.96791  
7609.599471  
7710.883753  
7565.97964  
7625.374685  
7575.557279  
7632.829675  
7679.613499  
7574.305293  
7603.747584  
7581.882308  
7479.713945  
7472.259181  
7519.202298  
7572.761965  
7586.546247  
7597.136807  
7576.548666  
7644.359803  
7616.498921  
7653.48837  
7579.382396  
7590.718233  
7626.285131  
7603.755982  
7556.106099  
7580.593116  
7516.612571  
7571.177046  
7661.41581  
7654.390914  
7593.009134  
7579.545956  
7492.825892  
7605.472342  
7626.88893  
7653.490135  
7614.260336  
7607.79495  
7635.797573  
7661.343137  
7754.906346  
7489.615041  
7701.632507  
7648.272529  
7596.292335  
7625.333749  
7625.194094  
7637.359346  
7589.122146  
7682.768093  
7722.676638  
7677.843582  
7721.322744  
7653.924138  
7632.936861  
7638.805027  
7661.968144  
7654.980792  
7638.806675  
7619.559969  
7666.287083  
7713.4558  
7714.922561  
7737.299427  
7709.080134  
7656.867481  
7671.874945  
7655.905688  
7722.321231  
7684.762847  
7581.205241  
7648.153041  
7633.291734  
7694.486346  
7710.105806  
7683.449861  
7642.590182  
7677.56817  
7603.864678  
7645.619397  
7601.088908  
7580.659374  
7628.259533  
7636.975534  
7637.602052  
7641.868841  
7623.434208  
7615.641315  
7595.244049  
7621.854116  
7617.539221  
7680.203119  
7620.964847  
7695.729988  
7679.229691  
7645.905209  
7642.377484  
7678.89306  
7687.947517  
7711.805976  
7690.538082  
7696.78759  
7594.655329  
7633.069715  
7651.422716  
7578.35793  
7694.17009  
7531.278201  
7515.783157  
7595.425125  
7630.489169  
7509.786013  
7525.803927  
7506.340421  
7522.62278  
7568.922074  
7609.534379  
7570.341874  
7587.261849  
7591.161624  
7611.306982  
7457.05804  
7524.116147  
7517.952266  
7612.123422  
7709.523088  
7501.094205  
7536.926509  
7545.185178  
7637.092961  
7722.661207  
7540.482184  
7601.515406  
7539.731551  
7606.80719  
7615.93641  
7710.262871  
7621.828342  
7669.939768  
7593.855274  
7643.047272  
7617.664906  
7536.770853  
7590.98845  
7629.326623  
7616.918834  
7624.516557  
7573.688571  
7543.310713  
7613.196312  
7554.09818  
7551.773366  
7551.190469  
7619.693714  
7583.543001  
7602.150408  
7592.819829  
7582.712047  
7575.096402  
7739.509255  
7544.932606  
7509.317289  
7538.699044  
7610.564778  
7593.867943  
7563.280772  
7622.43797  
7482.611135  
7626.71278  
7582.113479  
7700.82682  
7670.327194  
7712.545063  
7586.305267  
7590.161112  
7589.994799  
7639.624538  
7548.949849  
7531.33876  
7590.570328  
7658.26506  
7671.239079  
7622.610203  
7461.256268  
7329.236569  
7469.2337  
7591.696672  
7526.814197  
7578.243308  
7470.591923  
7606.213707  
7665.176861  
7505.061023  
7536.51826  
7545.858405  
7559.658942  
7471.258196  
7595.046393  
7505.388952  
7469.513858  
7492.796005  
7501.016152  
7530.25706  
