0.9601757006  
1.315577598  
0.0932217575  
-0.2112741436  
-0.08105919412  
-0.04370136671  
0.3765359479  
0.8576438604  
0.5134595324  
-1.45025483  
-0.7417425782  
-0.8804876935  
0.6244922895  
1.206383292  
-0.2276984559  
-0.2969949211  
0.06068813832  
-0.1218718969  
0.7034662239  
-0.1904204475  
0.8466908445  
-0.848383512  
-0.8939946894  
0.7289799617  
-0.4932802125  
0.6162564083  
0.09877004597  
0.1703526765  
2.140415276  
0.7703110039  
1.468122664  
0.8520394177  
0.9640550603  
0.9860070041  
-0.0371210817  
1.209209407  
0.2108766722  
2.948320112  
2.844087562  
0.6097513339  
1.323365289  
0.5528823147  
0.9556263801  
1.087774487  
1.060050493  
0.8515858839  
0.8055719321  
1.104569881  
0.5194327427  
0.6486547635  
0.2169110196  
1.135265157  
0.8415002511  
0.792117008  
0.7129343785  
1.286720924  
0.9585102008  
0.2625001597  
-0.003118047277  
0.1943261471  
-0.08225251207  
1.286765139  
-0.5090552866  
-0.04952189787  
0.3598876527  
0.2556608626  
0.2165210598  
0.8198859664  
0.2279968622  
-0.7202373604  
0.7786391455  
-0.01355557077  
0.7511454119  
-0.1371132051  
1.09930061  
0.8764594702  
0.6632766795  
1.870972288  
1.281919478  
0.6285975409  
0.2901114975  
3.291444293  
2.496698479  
0.3220524522  
0.6815701017  
0.5208001237  
0.7111246249  
-0.3835247686  
0.1329972038  
-0.1231923397  
1.221589255  
-0.5602941715  
0.3125927467  
0.3127697486  
0.1550993813  
1.356814648  
-0.1828971685  
1.657703073  
0.01383435252  
-0.2937066311  
2.547367991  
1.155911691  
0.4236921643  
0.273661823  
0.2443480498  
1.439942454  
0.7003081486  
0.362756704  
-0.08788018078  
-1.266661005  
-0.5252016483  
0.1301652043  
-0.1860128214  
0.03826048762  
0.8091953238  
0.3966975035  
-0.159282004  
0.6055192728  
0.5110527672  
-1.29249711  
-0.9078285778  
-0.9333806524  
-0.4520620047  
0.4380714415  
0.03216124986  
0.441904607  
0.2512041297  
0.1925877434  
0.6572022441  
0.1802011328  
0.374254194  
4.26560899  
2.548303206  
1.046616999  
0.4044020562  
0.7537216289  
-0.01138406574  
0.2625571453  
0.1628738619  
0.1449916266  
0.9337992477  
0.07015989422  
-0.1768054624  
0.05738589705  
-0.06122361579  
0.3028174665  
0.1978146218  
1.403133446  
1.22521773  
-0.4193391188  
-0.9750352692  
0.1552074836  
-0.9826347882  
0.192262425  
-1.22771074  
-0.2591909278  
-0.477063696  
-0.01420730421  
-0.5596408858  
-0.56534583  
-0.03668861163  
0.2538427927  
0.1087505323  
0.2432415433  
0.21701029  
-0.002768052659  
-0.2288775049  
0.5123699732  
-0.1640232004  
-0.4110184698  
-0.517127701  
-1.166351783  
-0.01889881277  
-0.2587658935  
0.5405435078  
0.2742994194  
0.6822024303  
0.1468313294  
0.7230397148  
-0.2172711266  
-0.003547667474  
0.4880614052  
-0.01070230767  
0.1272648262  
0.2487803157  
0.05961360927  
0.299311561  
0.5797973079  
0.04346422717  
0.6780302077  
-0.09465238547  
-0.1898390014  
-0.338695111  
0.6392696485  
-1.183991323  
-0.8658461304  
0.3902951287  
-1.358046331  
-1.293729902  
-0.9468917033  
-2.389750144  
-0.5588654923  
-0.3613635828  
-0.1133655903  
-0.678564784  
0.2439884478  
1.029697165  
0.1271051358  
-0.2161232671  
0.0498840681  
-1.879477791  
-2.991487502  
-0.5094654039  
-0.8453885154  
-0.2890214485  
-2.851152253  
-2.55904225  
0.155893603  
-1.046691121  
0.5102660441  
-2.329651302  
-2.217318274  
-0.1814871851  
-0.1596303561  
-0.3547990943  
0.4273803292  
0.6111962673  
-0.4327348005  
0.122962873  
-0.6575915896  
0.8631609704  
-0.7943095537  
-1.748387141  
-0.519037365  
-1.597461165  
-0.5305753187  
-1.005428544  
-0.8933049405  
-0.3420681917  
-0.2282129161  
-2.175915373  
-1.417516169  
0.2257190623  
-1.100222603  
-0.5672972884  
-0.4889490437  
-0.2385443934  
-0.7402485414  
0.2839800096  
-2.681362128  
-2.62134563  
-0.3300984868  
0.3606465431  
0.4636248582  
-0.3645971038  
0.1930144994  
-1.716698875  
-1.455351813  
-0.477019491  
0.2664554464  
-2.13839095  
-1.444103293  
-1.137442596  
-0.2890277417  
-1.088461373  
-0.9505301721  
-1.280904182  
-1.171193411  
-0.4309430767  
-0.5715714781  
1.454395434  
-0.6075545199  
-0.8766786856  
0.167308522  
-0.1596468863  
-0.01738042178  
-0.436825067  
-0.5310796659  
-0.9500529292  
-0.4477077042  
-0.5387756464  
-0.04510840841  
-0.01184845891  
-0.1394693304  
-1.973914269  
-2.450499915  
-2.351857548  
-0.588925587  
-1.672371221  
-2.457354437  
0.07574441377  
-0.6062640289  
0.145478665  
