-0.0256475129  
-0.06998213997  
-0.006221813784  
-0.5174520796  
-0.8664430047  
0.1337062506  
0.14679467  
-0.2975751066  
-0.1124269172  
-0.8887646844  
-0.04609892928  
0.7928209217  
-1.016077337  
0.0338617401  
0.4147130475  
0.06437663326  
-0.1282074565  
-1.317413072  
0.2522769056  
0.2504381095  
-0.542038207  
-0.1548971352  
-0.3936355737  
1.535544622  
-0.1589213669  
-0.1592171425  
-0.3074359596  
-0.2380955532  
-0.286680404  
-0.07183032308  
-1.048386552  
-0.3765697047  
-0.7020842822  
-0.2569517067  
-0.2222517759  
1.593732019  
1.549886733  
0.2544797504  
0.2430399356  
0.1173838835  
1.559097201  
-0.2356359593  
-0.08411827137  
-0.1089030465  
-0.4213235865  
0.1955722202  
0.01207128161  
-0.07617262523  
-0.09613306571  
-0.2475909662  
0.2435102276  
1.002948886  
0.9310259018  
-0.2012831691  
-1.039839197  
-0.151966704  
-0.9160648242  
-0.5965794407  
0.457620754  
-0.9285355733  
-0.5749221168  
-0.1343124401  
0.06870806728  
0.256393867  
0.2926984513  
1.366946056  
0.4394841155  
3.170045662  
-0.2546383266  
-0.6304127172  
-0.5288377934  
0.9649341487  
-0.5349080773  
0.06567093076  
-0.2722660978  
-0.309213168  
-0.7992365677  
-0.7539165541  
-0.2874823849  
-0.2501360989  
0.1208918104  
-0.003303182072  
-1.127531042  
0.9505488837  
2.217591312  
-0.5654944283  
1.192170764  
-1.345373354  
-0.001367458242  
-0.3963935194  
0.2662106998  
1.018779898  
-0.7496193792  
0.3408183285  
0.7960251781  
0.04151683646  
-0.1425118322  
-0.5064275739  
-0.3695047664  
0.04303906997  
-0.6949406182  
-1.017723577  
0.515914442  
-0.05872605512  
-0.9163588936  
-0.05674471044  
-0.006735106504  
-0.4078786032  
-0.6241032152  
-0.3792318669  
0.3822976957  
2.733113134  
-0.2638190452  
0.2820704168  
0.535781742  
0.199581518  
-0.2720164487  
0.1019503762  
0.5889794765  
-0.9766085521  
-0.1733881053  
0.01002646407  
-0.3320610167  
-0.4060389203  
-0.9035149676  
-0.2558639145  
-0.1541442759  
1.449665669  
-0.8351337152  
-0.2418509474  
-0.6387331741  
0.296100181  
-0.4492042916  
0.008722554727  
-0.1688994851  
-0.5351489154  
-0.2204593219  
-0.2355009307  
1.706354063  
1.24896369  
0.04131544981  
-0.5577969467  
-0.09955316036  
1.212005998  
-0.7999254127  
0.1723557094  
-0.6575719844  
-0.9791360958  
-1.653235157  
-0.8648240025  
0.2148253221  
0.9466468777  
0.1441900096  
-0.06103048586  
-0.4226628086  
-0.5060769136  
-0.639273723  
-0.8056644759  
0.03387622629  
-0.03148277448  
-0.6550220856  
-1.362203308  
0.485208619  
2.639426354  
-1.040657825  
-0.2931550558  
-0.08490328416  
-0.835429108  
0.3505919871  
3.373876626  
-0.8928530817  
-0.0262333654  
0.4598501611  
-0.8000619693  
-0.983696998  
0.1280271962  
-0.3393873195  
-0.3448446754  
0.06055998872  
1.25850892  
-1.180828504  
-0.3029687002  
-0.3183603263  
-0.2971269212  
-1.195453143  
-0.6526154712  
-0.2313688495  
0.3859826183  
-0.3117183284  
-0.3775654374  
0.6236177947  
-1.155109907  
0.4597478978  
6.105111391  
-0.329671066  
-0.1302377436  
-0.9932914164  
0.3530569492  
2.118651387  
-0.1168374294  
0.6841062313  
2.986544394  
0.2989182969  
-0.1065685162  
-1.050977569  
-1.041872267  
-0.4662367002  
-0.4965494964  
0.384652873  
1.525734363  
-1.853038661  
0.7042864681  
-0.5602751066  
0.07224717624  
-0.5683054123  
0.02526704923  
2.190041278  
1.043546791  
-0.3341864908  
-0.4385414915  
-0.09096839383  
-0.2086179563  
-0.3214957567  
-0.3218236115  
-0.719547174  
-0.8840248104  
-0.3776256159  
0.4010237893  
-0.5368916996  
-0.09489313518  
3.791645469  
-0.4098830204  
2.006509125  
3.947356292  
0.1422070093  
0.6457692362  
0.8535679694  
-2.126053991  
-0.4046835239  
-1.114034324  
-0.4817095583  
-0.6589424532  
1.091748967  
2.176724911  
-0.01861754351  
-0.1744279871  
-0.9089799457  
1.569963719  
-0.8564114528  
0.6101589281  
-0.7303258504  
-0.6252594255  
-1.11243343  
0.2389453854  
-0.1512918918  
0.9721419588  
-1.143761836  
0.2919096261  
-1.450347622  
-0.06851847502  
-0.7628193556  
3.058700415  
0.01371773441  
-0.3517263624  
-0.3856918551  
0.09424984432  
2.343932094  
-0.2700213969  
-0.6141617267  
-0.7895937556  
-0.807588566  
-0.8305766327  
1.858707358  
-1.652501097  
-0.432511762  
-1.097496971  
-0.4231531571  
0.562221915  
-0.595674541  
-0.8335916713  
-0.9904314193  
0.8918712487  
-1.302010147  
0.05139330665  
1.813222602  
-0.7418221309  
-0.4130205257  
-0.283626861  
2.827095072  
-0.7023193871  
-0.868452999  
-0.1799594429  
-0.5496606374  
