-0.4746183832  
-1.25633635  
1.235692861  
-0.9417036923  
-0.5921846126  
-0.9718348015  
-1.553557995  
-1.711241807  
-1.007558398  
-0.6637244782  
-0.2883624821  
-1.22314511  
0.0567400581  
0.9899867846  
-0.6341646215  
1.008179516  
-0.8474617213  
2.350006619  
0.5877369995  
-0.3016114776  
0.3717182943  
-0.3949308277  
-0.5455270074  
-0.308058494  
-0.6343324918  
-0.4797925269  
0.1969737691  
0.8016297841  
2.84126617  
-0.6905289077  
0.4191452905  
-0.4456929544  
0.697596346  
0.584785988  
-0.6429278154  
-1.261440615  
-0.9433454396  
-0.5971572465  
0.2983950175  
-0.3043368837  
0.06274895908  
0.9444913163  
-0.05314083087  
-0.273306206  
-0.4657547736  
-0.5211860435  
-1.224432652  
-1.170272334  
0.06555379995  
-0.6775829363  
-1.397462857  
0.1261152731  
-0.3706554894  
0.2873532731  
-0.0505462789  
0.7662609368  
-0.8540639131  
-1.525661509  
-1.022138377  
-1.227449647  
-0.7153449561  
-1.935839845  
-0.9329409234  
0.06792108819  
0.04860127721  
-0.308149626  
2.954970404  
-0.8055427613  
0.8172048232  
-0.8152206314  
-1.25365738  
3.203771987  
-0.03877999717  
0.4107467573  
-0.6664177745  
0.3287030371  
-0.1016986222  
0.6371227593  
-0.1843428879  
0.06462088254  
-0.2779735412  
-0.08531924613  
-0.03915275762  
-0.004825849405  
0.7244397782  
-0.1152935889  
-0.3289539579  
0.2385385784  
-0.9569979277  
-0.4738361615  
-0.07812873205  
0.1708629793  
1.661095929  
-1.108209507  
0.7629620981  
-0.3134065342  
-0.1149196144  
0.212742625  
-0.2890424478  
-0.3629875666  
0.4322282327  
1.461166603  
0.06531671207  
0.6587389034  
0.2864243381  
1.090870175  
-0.2897300972  
0.1201339204  
-0.4145239693  
0.1315179164  
0.29716136  
-0.5092641492  
-1.194242761  
0.1986149431  
0.3256258368  
0.9379910358  
1.034058492  
0.08449788311  
-0.06101680009  
2.123850916  
0.1758950446  
-0.03565373901  
-2.14065713  
0.4509302508  
0.8718213213  
0.7762477239  
-0.2273688537  
1.019751596  
1.598093135  
-0.1978669745  
0.3342814673  
-0.1222997627  
-2.361326071  
-0.7908407673  
0.5790442205  
0.4485893879  
1.46403143  
-0.5120490356  
-0.3531965271  
-0.4381484106  
-0.0250364233  
-0.6443405428  
0.6249250328  
2.132000636  
-0.03521839741  
-0.6890237302  
-2.371714131  
-0.05067394021  
-1.610496473  
-0.8785299316  
2.096936106  
-1.312632449  
-0.9625354353  
-0.5677230872  
-1.141082607  
-0.5880964072  
-0.8431763225  
0.2029834288  
-0.5273362369  
-0.06634794067  
-0.3690246266  
1.218147183  
3.372273789  
-0.1465837983  
0.4675621015  
0.09098559765  
1.6413882  
-0.3408688764  
0.1395867122  
-1.131408507  
-0.2185018324  
-1.287477358  
0.6674754509  
1.808378505  
0.150114909  
-0.3353792886  
-0.1550390108  
-0.1892149114  
-0.2652715556  
-0.3017544238  
0.5447226474  
1.670281337  
1.289193867  
-0.01907386201  
-0.2567715047  
0.2261945344  
-1.083116561  
0.03928708042  
-0.3579068796  
-1.922324438  
-0.7471431654  
-1.216263106  
-1.352550623  
-0.3103172681  
-0.2410902915  
-0.7581885335  
0.5035767494  
-0.01652790803  
-1.991495159  
2.35982762  
0.3899153765  
-0.1761979411  
1.129684928  
2.385505264  
1.06030242  
2.296285359  
0.1231640582  
0.5893998027  
-1.52962001  
0.6858021121  
-0.6752503514  
0.8088872863  
1.925761284  
0.08969995023  
-0.677956279  
0.9068509126  
2.686115473  
0.2832413759  
1.611011772  
0.2397473632  
-0.3471613481  
-0.02484403681  
0.6450230231  
-0.06929151927  
0.2661737515  
