0.005825514054  
0.3215825794  
1.402640155  
0.4644916505  
-0.9531639899  
-0.7429502687  
-0.2298763238  
0.130422769  
-0.9132139708  
0.07307652881  
1.764060248  
-0.5503127974  
0.2216996433  
-0.7836861258  
0.5134111256  
2.575912317  
0.2506239914  
1.291386903  
-0.9417714541  
-0.3228165986  
2.201322268  
2.219839344  
-0.1571949099  
0.04794424102  
-0.3601690014  
0.2836708931  
0.837708421  
-0.2451000727  
-0.5271064944  
-0.1905965014  
0.017435453  
0.8197127694  
0.3227449299  
-0.3195969  
-0.2834331975  
1.431212601  
2.341187671  
0.0969413786  
-0.03139346729  
0.1815776879  
0.2631568176  
-0.06631960356  
-0.3166480871  
-0.1204581413  
-0.06217208618  
0.5738681171  
2.588074803  
-0.4989706418  
0.2573637809  
-0.3271113081  
-0.1588024109  
-0.3553544503  
0.01236481575  
-0.9120118809  
0.411005539  
-0.09397193781  
-0.2495030726  
-0.2323396278  
0.5967880821  
0.8638261564  
-0.7867712408  
0.7209425852  
1.986124308  
-0.321925142  
0.1213671158  
0.7044189912  
1.676457728  
1.340134418  
0.04313513089  
2.525159841  
0.2525529246  
-0.001781843981  
1.647276789  
-0.01851836867  
0.2450283431  
-0.11273  
-0.5441484464  
-0.1935479856  
1.812214568  
-0.645942406  
1.638282055  
0.01104596145  
0.07042166668  
0.01293406073  
0.2365489587  
4.027253396  
0.8532516635  
-0.006849227334  
-0.2363386482  
0.1521785165  
-0.5662739727  
-0.1109593215  
-0.4755142978  
-0.3648964308  
-0.3692663789  
-0.3048560931  
-0.5936835573  
-0.9816309597  
-1.564652776  
-1.208981122  
-0.5300614004  
0.3472959889  
-0.1620412527  
-0.5524424651  
-0.1255700893  
0.2773720268  
-0.2012619361  
0.2664332116  
-0.3784925517  
-0.7432380696  
-0.4238646242  
-0.5194395452  
-0.5810814693  
-0.153363936  
0.2219662086  
-0.5889363127  
-0.2522305022  
-0.3845493082  
0.2520666546  
-0.5217723889  
-0.6473355999  
-0.1891645415  
-0.70592407  
0.07349308199  
0.1117947987  
-0.4398797526  
-0.9509065263  
-0.5646669362  
-0.2026929758  
-0.4615946003  
-0.08638339373  
0.3182465838  
-0.5405885175  
-0.9675208195  
-0.459968598  
-0.8778048251  
0.2288136219  
-0.3163467582  
-0.7288517061  
0.06014814666  
0.2413708658  
0.2212181717  
0.91732781  
0.188325965  
0.06847400561  
0.2654495764  
1.876699551  
0.4623441696  
-0.04689640709  
-0.5570850789  
-0.5881370823  
-0.3774937719  
-0.1731792958  
-0.1778034545  
-0.4427917308  
-1.274537483  
0.01174289037  
-0.2440121377  
-0.2741408321  
0.1143677176  
0.3928570553  
-0.07689667431  
0.3301155319  
-0.6050027709  
-0.6987757109  
-0.6815878686  
0.3970835793  
-0.4318859086  
-0.4507560168  
-0.5359100152  
-0.101102538  
0.9562146271  
-0.2362553633  
-1.415403922  
0.4017355141  
1.307816241  
-0.4147123006  
2.046277169  
-0.8533771703  
-0.1506656895  
0.02254634789  
-0.6037525494  
-0.5549868481  
-0.1976540996  
-0.3040198557  
-0.2213072468  
-0.1390694057  
-0.4847497032  
0.3409766809  
2.322952132  
-0.7040344385  
0.04843830957  
-0.8493844734  
-0.6220430607  
-1.519014096  
-0.1437847075  
0.4472406958  
-0.2806127401  
-0.7184470449  
0.04120194829  
1.027666417  
0.5270179354  
1.980602328  
0.07895204589  
0.8840950593  
-0.7142113826  
-0.0283781753  
-0.3947087966  
0.1483195664  
-0.7717836269  
-0.005619559276  
0.2656644329  
-0.6713919241  
-0.3624921334  
0.03291268855  
1.667948962  
-0.9650868895  
0.04272067875  
-0.8503310225  
0.4229316407  
2.183840496  
1.25963914  
-0.6559034105  
-0.6447596335  
-0.8711657852  
0.29527538  
2.996848883  
0.3950194187  
2.636531033  
0.2710059033  
-0.1051921706  
-1.022165662  
-0.199702552  
-0.6367693866  
-0.1965019246  
1.277573906  
-0.5562643541  
-0.9679228275  
-0.7669425435  
-0.7460278675  
-0.667703118  
-0.6893600664  
0.980303499  
1.183949956  
-0.8182439363  
-0.1705308386  
0.1165986497  
0.3865657172  
-0.6503321958  
-0.3655336207  
-0.8019932197  
-0.7777070753  
-1.251890342  
-1.426808864  
-0.6712401588  
-0.5680244268  
-0.5097772439  
-0.005908662472  
0.02317163581  
1.563321963  
-0.2181969421  
0.5323533447  
-0.9293499405  
-0.07045471335  
-1.284606343  
0.3116025366  
1.277392408  
-0.0180912005  
2.311851664  
-0.6122530435  
2.017019988  
0.7764043427  
3.145102841  
-0.1839347181  
0.3905830677  
0.7240445477  
-0.4517495453  
-0.5007134578  
-0.2049885943  
0.2873307678  
-1.090908305  
-0.3586558173  
-0.4351211874  
-0.8449567609  
-0.1874473281  
-1.826300111  
-0.7053950887  
2.868624954  
-0.5817944698  
0.1350538554  
-0.1214312151  
-0.4882727567  
-0.6452274521  
-0.4352463548  
-1.267904973  
-0.1196272117  
1.765401698  
-0.8641180514  
0.2578485145  
2.521582347  
-1.384972086  
-0.8239092331  
-0.9654192954  
0.01936527202  
-0.9997872625  
0.8125679164  
0.6252171134  
-1.373846214  
-0.9103209019  
-0.05058594761  
0.7553015955  
-0.470429993  
-0.5356865409  
0.09644406473  
-1.26353396  
-0.949286467  
-1.352107583  
0.1823313171  
2.48992536  
-1.302032353  
1.282438516  
-0.351729317  
2.71471921  
-0.7566701463  
-0.4078882801  
-1.03942598  
0.1108527186  
3.953353998  
-0.6733940672  
-0.6570578092  
-0.1803060046  
3.101852729  
0.75010308  
-0.1821916261  
-0.8413173468  
-1.201166822  
-0.9400443605  
-0.6378792358  
-0.7598495454  
-0.3533761261  
1.608611697  
-1.021038356  
-0.3635887011  
-0.5579489641  
-1.050104984  
-0.4216746173  
-0.000318413605  
-0.4680449362  
3.698578999  
-0.6174873554  
-0.5903517323  
-1.48226673  
-0.3288707209  
-0.8094065971  
-0.6322222361  
-1.099804495  
-0.1687090981  
0.3285760392  
-0.9223947746  
-1.439693758  
-1.845105956  
-0.6455724  
-0.601128608  
-0.1469409648  
3.243326804  
-0.6494419583  
-0.6220264379  
-1.548891308  
0.2716165066  
1.377829609  
1.26867009  
2.227783678  
-0.7227662241  
-0.5747777514  
-0.9449854875  
-0.9197805728  
-1.326482081  
-0.404430907  
-0.7908805786  
-1.392837327  
-0.6277777419  
-0.7784873193  
2.044251808  
3.256260163  
-0.5949825512  
-0.1727174181  
-0.1608630975  
-0.5446470371  
0.06448901154  
-0.8467361996  
0.01416259658  
2.396363127  
-1.055649815  
-1.119783816  
-0.6529931249  
-0.5947339339  
0.06663969263  
0.5709190555  
