0.830843076  
-0.6575211227  
-0.01984327375  
0.1642871849  
0.1300187789  
0.2725771353  
0.2314382131  
0.5489710093  
0.1914518787  
0.8802766461  
0.2470859495  
-0.3039946548  
-0.04758160681  
0.3998009782  
1.129004965  
-0.20677529  
1.306835985  
-1.340131342  
-0.04950737122  
0.4090329548  
0.2117406327  
-0.6984883723  
-0.644687716  
-0.2137265096  
-0.9863919912  
-1.305712839  
-0.8051960687  
-0.3861126756  
-0.0212567044  
1.168296334  
1.990824481  
-0.1096090367  
0.7490668705  
0.04556604864  
1.075349431  
-0.3112399309  
-0.631006359  
-0.2337133027  
-0.1001253836  
-0.08068262752  
0.04958236498  
-0.1360238743  
-0.4202976529  
-0.6226075128  
0.7433314796  
2.479917488  
0.958558772  
1.275433969  
2.224674849  
1.18535395  
1.353995098  
0.8051584626  
1.858456546  
5.827836796  
1.60856785  
0.4890650547  
-0.1277878077  
-0.4132068929  
-0.8434143002  
-0.3108020633  
-0.3059299164  
-0.6803568741  
0.1783318464  
0.5090764352  
0.2763881968  
2.011185953  
1.029061926  
-0.2820178798  
-0.8936807006  
-0.6527840271  
-0.1970648061  
-1.081223625  
-0.6471131732  
-0.4785645844  
-1.213949965  
0.7593375094  
1.812594865  
0.3329994216  
-0.8575894174  
0.6155702428  
-1.005731404  
-0.3193123842  
0.9480205254  
-1.27605614  
-1.798390686  
-1.89852805  
-0.5589370142  
-0.6701023081  
-0.7692127108  
-0.2275721322  
1.145137529  
-0.5325846136  
0.005750034983  
-0.01619667355  
-0.3002577057  
-0.6668759835  
-0.5338831307  
-0.1384511727  
-0.6579784853  
-0.1300427276  
0.007599048708  
0.09709329865  
-1.006700792  
-0.01655376627  
0.9688629484  
-0.2121249156  
1.819177569  
-0.2903669168  
0.09410133005  
-0.4378289991  
-0.6135358942  
-0.670461965  
-0.008010765657  
-0.4603063041  
-1.420756465  
-0.8998583698  
-1.318221429  
-1.574872567  
-2.225816679  
-0.609198201  
-0.03575699961  
-0.4315037373  
1.29361451  
0.3633288521  
-0.4291832511  
0.3348648219  
1.958239551  
1.322923053  
-0.009106145257  
0.4284943162  
0.8424763147  
0.7819098693  
0.4453036627  
-0.06150642427  
-1.888682329  
-0.4480094094  
-0.2168397753  
-0.5887096516  
-0.3239094282  
0.7043022702  
0.6727511168  
1.205223716  
0.169675795  
0.1899052242  
-0.2444691587  
0.03659093782  
-0.08101363612  
0.04728489788  
-0.7978501699  
-0.8070580153  
1.029396223  
-0.7762915148  
1.065673284  
1.196641226  
1.775821024  
0.8039022019  
-0.3289765307  
-0.8900275486  
0.218518998  
1.370057743  
0.3209291928  
-0.4818988187  
-1.902795264  
-1.281561732  
-1.321109065  
0.4573518468  
1.51510611  
0.3651988353  
1.008674153  
-0.8631695328  
0.1733781024  
-0.3184415387  
0.7227073852  
1.47562055  
0.2761401817  
1.093959865  
0.6953688341  
0.2363181533  
1.255075364  
2.299472353  
-0.7334631454  
0.1361625755  
0.6256286543  
-0.3789463569  
-2.283645493  
-0.9887585382  
-0.9821947416  
-0.4798805461  
-0.9586930295  
0.8989509243  
2.07210349  
-0.7790429348  
-0.1377376479  
-0.2935938567  
-1.717083701  
-1.289611532  
0.03309911107  
0.1533149625  
-0.5706656307  
-0.5412753257  
-1.024963802  
-0.6219667542  
-3.259386076  
-0.8153894308  
-0.835445818  
0.1247554028  
-0.8573748603  
-0.1675505873  
-0.1225855204  
0.6012716352  
1.043795685  
0.04812399942  
-0.2281794271  
-0.5871617415  
-0.3164426792  
-1.00940714  
-1.07285218  
-0.3647707791  
0.02926683466  
-0.3451516043  
0.1916353162  
1.652408304  
-0.316198375  
-1.033076449  
-0.9925953567  
