6549.962013  
6387.831924  
6310.239086  
6271.654363  
6815.121403  
6478.747562  
6944.388315  
6577.26598  
6568.002965  
6683.370429  
6439.13227  
6400.286572  
6445.970684  
6230.687536  
6597.562459  
6689.173848  
6579.264014  
7047.424055  
6920.676336  
6279.617684  
6965.349543  
7617.055853  
6614.709571  
6878.520203  
7111.120519  
6709.980392  
6672.858516  
6842.780087  
6753.704687  
6441.25179  
6403.660301  
7064.048245  
6651.253829  
6691.641767  
6646.199804  
7320.583516  
7081.17492  
6777.78434  
6718.355764  
6688.197046  
6508.206139  
6802.612605  
6575.309532  
7211.671392  
6960.896999  
7242.175444  
6939.853901  
6621.700099  
7074.008165  
6762.3844  
6609.315459  
6624.416954  
6750.573846  
6908.075192  
6740.707373  
7265.142503  
7044.719396  
6811.138281  
6878.278823  
6645.99047  
7222.058957  
6939.80884  
6846.137854  
6909.20483  
6848.988551  
6969.737204  
6858.464129  
6823.523689  
6663.879998  
6812.059044  
6635.570526  
7394.871925  
6910.097971  
6714.78332  
6731.785391  
6814.562064  
6631.675904  
6752.304071  
6805.951598  
7078.396901  
6652.492531  
7247.467382  
7501.143655  
6960.787896  
6800.295865  
6867.941506  
6894.201938  
6905.528192  
6721.673602  
6834.237893  
6713.619011  
6811.916855  
6761.810907  
6735.04611  
7521.008467  
7443.199936  
6736.320873  
7191.695693  
7226.418107  
6781.388379  
6841.71665  
6790.447341  
6799.584678  
6858.208559  
7427.635841  
6928.638213  
6733.350166  
7201.77072  
6871.287002  
6915.060692  
6897.911317  
6800.438095  
7058.889141  
7056.722785  
6811.50649  
7092.572344  
6850.258527  
7124.278481  
7016.487715  
7154.613468  
7072.683197  
7134.121333  
6770.743605  
7393.542525  
7413.611023  
7135.991753  
6922.829695  
6997.388589  
6990.662755  
7074.695768  
6883.461426  
7262.239502  
7014.175655  
6939.303989  
6931.601534  
6985.439772  
6821.79517  
7329.392141  
7505.971167  
7119.673967  
6997.645341  
7688.216383  
7550.520113  
7069.632491  
7112.110598  
7360.715177  
7530.621047  
7199.338849  
7078.75293  
7077.656012  
7001.183144  
7068.146403  
6945.943659  
7203.436106  
6967.445032  
6842.159305  
6712.797704  
6896.090981  
6951.481726  
6989.82513  
6805.398776  
6870.54518  
7081.077858  
7051.365376  
7013.445599  
7043.662683  
6823.012417  
6937.176486  
6931.316584  
7056.149841  
6941.798741  
7068.737954  
6769.289044  
7191.493483  
7446.772267  
7682.271372  
7026.573722  
6800.412758  
7083.759553  
6912.973966  
6746.466437  
6949.180585  
6823.825044  
7019.095378  
6737.22627  
7157.099631  
7181.320049  
6814.901277  
6852.448309  
7115.487002  
6728.85036  
7097.87929  
7109.717286  
6911.197192  
6877.207687  
6863.952946  
6791.760201  
7069.152798  
7600.397601  
7302.311122  
6939.396472  
6759.560854  
6797.840708  
6727.137022  
6912.319595  
7088.377665  
6871.708736  
7322.949004  
7286.653193  
6843.461965  
7083.302327  
6855.418908  
7616.844048  
7368.41517  
6875.51096  
7205.233524  
6841.880809  
7367.657836  
7098.361207  
6779.2094  
6854.649306  
6841.768191  
7230.275838  
6984.266397  
6975.157333  
6993.886886  
6899.185084  
6818.572454  
6896.037313  
6850.296483  
6818.264855  
7001.895587  
7054.438869  
6943.048755  
6861.689848  
6983.810774  
7075.971382  
7413.341855  
7051.053634  
6888.331516  
6857.845106  
7310.304874  
6779.555607  
6878.932921  
7143.453494  
6706.376058  
6765.818304  
6858.65749  
6759.592941  
7448.289973  
6995.698457  
6746.793318  
6741.569994  
6994.090215  
7008.911713  
6755.736105  
6895.898926  
7320.932394  
7524.920663  
7446.948737  
6878.515787  
7313.217401  
7275.019124  
6748.335141  
6926.328199  
6722.905515  
7495.382363  
7199.9521  
7109.012893  
7023.187386  
6990.803477  
6685.554252  
7236.067866  
7627.623633  
6832.552893  
7385.160659  
6863.469566  
7014.471228  
7072.302041  
6873.889763  
6839.190097  
6952.751996  
6717.306514  
6966.268932  
6610.97637  
6688.36812  
6766.151362  
6939.462842  
7224.244871  
6885.972002  
6995.824581  
7170.015304  
7114.959736  
