7487.546707  
7211.966914  
7428.78247  
7233.5325  
7289.075474  
7339.438382  
7281.201201  
7157.611187  
7198.077192  
7468.422389  
7252.79481  
7380.08506  
7239.071876  
7125.804395  
7445.743543  
7394.928614  
7446.180082  
7499.562711  
7444.408504  
7272.515116  
7430.759107  
7778.208853  
7466.516355  
7316.214528  
7566.554206  
7407.579353  
7294.310147  
7428.113773  
7472.712897  
7242.654787  
7264.715749  
7432.676307  
7385.819185  
7511.311564  
7442.800885  
7836.262256  
7580.975853  
7441.226226  
7439.480843  
7375.10994  
7277.125071  
7327.464088  
7448.635615  
7299.424026  
7679.677828  
7705.149111  
7599.866135  
7432.230513  
7469.549181  
7496.957606  
7376.898565  
7399.324429  
7456.773176  
7543.684208  
7422.757363  
7464.83824  
7633.474524  
7545.779357  
7581.314342  
7460.812332  
7459.71828  
7522.264123  
7617.848405  
7486.044011  
7618.794698  
7561.682167  
7539.055965  
7446.132294  
7387.804877  
7409.339835  
7392.913523  
7674.441093  
7617.169123  
7507.100527  
7362.863609  
7468.469425  
7372.957262  
7380.574621  
7417.85108  
7533.659558  
7597.817578  
7437.615411  
7810.289689  
7684.414938  
7538.746038  
7608.56287  
7542.032756  
7418.26661  
7392.871979  
7440.975003  
7435.721928  
7481.972489  
7516.636065  
7443.773399  
7923.497785  
7675.32386  
7540.16045  
7456.135888  
7712.547921  
7620.745741  
7533.019381  
7571.471071  
7461.413354  
7413.293462  
7678.017483  
7650.201568  
7452.983612  
7451.228229  
7613.590258  
7543.026802  
7526.589636  
7539.140734  
7590.266545  
7493.202724  
7591.259135  
7522.449532  
7589.749244  
7603.168792  
7621.837508  
7701.11957  
7625.724698  
7631.875282  
7470.044669  
7865.739446  
7805.197032  
7667.806223  
7579.793288  
7618.016386  
7522.42423  
7610.588021  
7552.184137  
7629.225897  
7576.222676  
7580.350243  
7618.845007  
7607.495937  
7605.132065  
7500.603199  
7891.581789  
7794.150079  
7695.7394  
7956.960957  
7815.912406  
7651.826871  
7586.120664  
7586.757582  
8236.078383  
7845.181789  
7544.642742  
7711.421778  
7576.279868  
7682.652673  
7510.282409  
7935.834801  
7599.517826  
7543.401481  
7415.552306  
7575.063185  
7740.934143  
7664.689063  
7543.064324  
7462.267988  
7610.113877  
7724.586961  
7532.765456  
7733.145404  
7596.612851  
7558.514113  
7573.046336  
7583.144918  
7634.767571  
7695.450892  
7523.161455  
7570.499144  
7612.393374  
8160.88943  
7859.136825  
7673.400073  
7676.889415  
7704.041403  
7481.823713  
7597.248859  
7809.332147  
7603.644412  
7614.682497  
7485.629781  
7680.648332  
7625.952832  
7651.467245  
7738.244036  
7571.756849  
7474.819964  
7617.781928  
7776.010038  
7584.932419  
7593.560311  
7501.222906  
7537.438862  
7864.84082  
8008.289739  
7524.735562  
7570.594273  
7533.183151  
7538.16746  
7559.726361  
7727.186147  
7549.485495  
7880.688671  
7665.899316  
7659.11957  
7710.226346  
7560.134781  
7910.304176  
7820.739975  
7593.505086  
7591.409885  
7622.477376  
7645.664923  
7712.634007  
7591.001595  
7640.952741  
7582.369796  
7846.096795  
7711.336747  
7648.401443  
7642.542884  
7699.181911  
7559.086506  
7577.69248  
7502.323703  
7403.645248  
7513.783075  
7657.014094  
7553.589527  
7533.191712  
7511.308234  
7630.271372  
7895.283543  
7714.541591  
7494.585387  
7489.777517  
7689.843967  
7606.097003  
7495.838393  
7504.869245  
7469.617314  
7433.732844  
7544.621867  
7456.630666  
7649.178918  
7677.389184  
7518.49076  
7478.953135  
7512.850642  
7560.630473  
7385.734636  
7575.12252  
7889.388043  
8072.936955  
7825.110766  
7573.82365  
7527.24029  
7686.764434  
7590.771698  
7569.382858  
7498.281258  
7776.425999  
7776.661445  
7732.930191  
7624.410561  
7720.676622  
7361.214924  
7537.580198  
7890.059574  
7647.711972  
7619.593776  
7623.585083  
7625.599334  
7559.415036  
7554.565438  
7540.594743  
7541.210814  
7385.755758  
7429.341831  
7408.082357  
7403.090925  
7464.989615  
7461.915124  
7390.188118  
7611.28948  
7539.877205  
7719.095818  
7336.0589  
