-1.703248269  
-1.614139445  
-1.689968012  
-2.150368132  
1.259855474  
-0.8538205953  
0.7064593495  
0.3163019313  
-1.036082021  
-0.7159342652  
-1.735178413  
-1.658494827  
-1.33664851  
-1.977234544  
-0.9824875792  
-0.7780888877  
-1.235152878  
1.293380202  
0.7205191364  
-1.994268544  
-0.4303013727  
2.421495215  
-0.7100186766  
0.4697351086  
0.823879404  
-0.3692702276  
-0.8609197125  
-0.002500752533  
-1.041582087  
-1.592544409  
-1.958938784  
1.485180794  
-0.8589248107  
-0.695921746  
-0.9807771497  
2.012840542  
1.12607951  
-0.5228043835  
-0.624311767  
-0.903012526  
-1.030329891  
-0.2466071193  
-1.007451682  
1.925322791  
0.02881539771  
1.258602421  
0.5839469692  
-1.061403374  
1.393417804  
-0.4113439245  
-1.351891783  
-0.9787052274  
-0.9479103913  
0.07080791816  
-0.126869599  
1.895017711  
0.2683132741  
-0.2226242381  
-0.02723350246  
-1.031043262  
1.857052663  
0.04085640406  
-0.0334383517  
-0.04826269184  
-0.1517489188  
-0.09858161247  
0.7646891241  
-0.4283295201  
-0.8734218408  
-0.4300009282  
-1.081748397  
1.937212118  
-0.1509849894  
-0.7203458521  
-0.9632655336  
0.293674207  
-0.6922568288  
-0.7442443003  
0.2561795864  
0.420429687  
-0.567034967  
0.4872303161  
1.765220828  
0.1913422535  
-0.3194249066  
-0.174842582  
0.1819410735  
0.4532602831  
-0.6206551975  
-0.0331707996  
-0.7079031676  
-0.2176793803  
-0.4895841964  
-0.682802139  
2.244648976  
2.429432316  
-0.1217705303  
0.8708513628  
0.8586466106  
-0.2502249527  
-0.2268455251  
-0.2668958041  
-0.3693260261  
-0.2664130276  
1.89602422  
0.2372322083  
-0.4821419884  
1.706452346  
-0.3853695499  
-0.1108666479  
-0.2289589351  
-0.3175042316  
1.110582981  
1.484474311  
-0.3380807268  
1.487349062  
-0.06562223719  
1.302326476  
0.868021143  
0.6824856033  
0.4145112733  
1.281402759  
-0.4473027443  
2.028955055  
1.982550962  
0.7497230707  
0.1287572665  
0.4283938134  
0.3638373994  
0.447791548  
-0.1264739194  
1.318205307  
0.01463856983  
-0.1582459414  
-0.06424168738  
0.03512186584  
-0.3083052036  
0.8067022452  
1.348886124  
1.442104219  
0.2250732801  
2.332748489  
1.634008958  
0.5574802218  
0.2103171503  
1.316927949  
2.060646767  
0.6672007027  
1.17965558  
0.44934616  
0.1202264038  
0.9852317154  
-0.3109318979  
1.485913688  
0.3250334124  
-0.4971045686  
-0.6710786779  
-0.4230372011  
1.107132204  
0.07914724452  
-0.5590516306  
-0.1563998289  
-0.09499932525  
-0.1947405598  
0.1124604065  
0.2299449338  
-0.6089125146  
-0.1609405538  
-0.09233112328  
0.02420216199  
-0.01008943331  
0.2473686907  
-0.5890290878  
0.6645557446  
1.563753083  
2.539170111  
-0.04993643839  
-1.051529403  
-0.08090562808  
-0.3246717382  
-1.013256058  
-0.3449928736  
-0.4919653937  
0.083835386  
-0.7170056196  
0.1284177453  
0.1638274694  
-0.7335429927  
-0.6374659825  
0.2104133777  
-0.6630870374  
-0.002901674759  
0.2830747454  
-0.3886478861  
-0.652326228  
-0.6445946407  
-0.542415985  
-0.1326677986  
2.050880652  
1.703158627  
-0.2623486772  
-0.9293327643  
-0.8454609614  
-0.7396814885  
-0.1424152472  
0.06499494083  
-0.4387343638  
1.759904969  
1.866809277  
-0.6461064417  
0.2226916829  
-0.7323412151  
2.408057171  
2.048767317  
-0.6532925647  
1.846997897  
-0.6843591251  
2.057991678  
0.1184925765  
-0.8305731942  
-0.6104943473  
-0.4711512262  
1.313200562  
-0.3049312663  
-0.06407302986  
-0.2936749532  
-0.417705302  
-0.880407031  
-0.08855271254  
-0.6974096567  
-0.754358259  
-0.1321278216  
-0.3267397474  
-0.3133937667  
-0.7528638972  
-0.1362928126  
0.06509387553  
1.880868292  
-0.06957924689  
-0.3578797397  
-0.8825337291  
1.382543928  
-0.7787079372  
-0.9618468978  
1.429745663  
-1.145374082  
-0.8224022613  
-0.5554147277  
-0.9638440131  
2.030239035  
-0.307526485  
-1.16673948  
-1.165797322  
0.1206442089  
-0.3238986744  
-1.165154884  
-0.910404343  
1.06810799  
2.016232768  
0.6281016937  
-0.4307475363  
-0.2062214568  
-0.2859366021  
-1.371762585  
-0.9497175613  
-1.588897582  
1.853553723  
0.2185843898  
-0.3812839645  
-0.005246977774  
-0.7997067497  
-1.489766057  
-0.4797387234  
1.145070441  
-1.045463085  
1.648231924  
-0.7971978  
-0.4613969878  
-0.3633499589  
-0.8858750691  
-1.008721604  
-0.496769036  
-1.428020671  
-0.2246760353  
-1.726750914  
-1.623613752  
-1.163802549  
-0.3667578724  
1.443759665  
-0.7609562181  
-0.7503277456  
1.378256828  
-0.5573994791  
