8554.564426  
8230.104547  
8156.518691  
8092.427632  
7930.876613  
8197.302975  
8139.802593  
8011.326178  
7953.930031  
8099.216738  
8024.72478  
7948.908636  
7962.286097  
8037.41831  
8166.129333  
8024.043783  
8080.390001  
8166.608213  
8065.638047  
8111.396033  
8191.731849  
8118.971798  
8227.547002  
8150.861214  
8093.957217  
8185.694424  
8247.348464  
8177.571564  
8299.563537  
8134.397932  
8097.981133  
8221.352275  
8272.606192  
8234.582521  
8234.373754  
8288.224022  
8280.951859  
8369.823956  
8319.010214  
8389.548426  
8462.25496  
8215.738638  
8186.076114  
8209.107184  
8224.210623  
8309.558417  
8577.667337  
8417.437195  
8372.41129  
8362.390624  
8184.566995  
8289.407378  
8256.146513  
8269.925418  
8204.289846  
8178.03323  
8156.910881  
8197.886421  
8170.9432  
8184.966904  
8246.188599  
8378.72663  
8243.116429  
8301.034014  
8414.41657  
8319.477963  
8276.04502  
8463.090133  
8422.228222  
8470.274206  
8415.544216  
8531.836129  
8361.506772  
8363.316137  
8360.804659  
8360.852807  
8322.291498  
8410.306254  
8322.473612  
8341.561984  
8348.598395  
8385.562584  
8365.466587  
8455.146195  
8466.128709  
8427.886505  
8479.207342  
8481.333232  
8539.141582  
8486.804551  
8516.237317  
8533.089728  
8403.327281  
8401.045117  
8364.396902  
8521.955768  
8502.688818  
8478.368133  
8285.351949  
8183.734615  
8205.822635  
8146.677316  
8133.689265  
8116.703107  
8303.832964  
8237.964762  
8356.199179  
8365.006874  
8319.074091  
8356.884152  
8397.246292  
8452.511116  
8499.425367  
8506.278004  
8402.250291  
8358.393  
8317.50799  
8452.203585  
8416.287027  
8434.563384  
8385.440786  
8373.48267  
8411.213858  
8485.707903  
8400.421359  
8486.494939  
8389.693791  
8386.637007  
8255.302787  
8310.856687  
8358.31923  
8604.182771  
8423.748609  
8404.751625  
8516.129262  
8352.000236  
8535.864127  
8511.623949  
8469.009924  
8413.994896  
8398.012414  
8398.390691  
8453.434574  
8425.244125  
8486.486058  
8439.140806  
8576.787735  
8457.405868  
8364.990346  
8302.989511  
8440.42084  
8523.045406  
8537.228604  
8516.681687  
8593.631683  
8482.34232  
8605.835745  
8569.415427  
8615.236167  
8597.457612  
8559.679164  
8584.026143  
8548.891468  
8511.310541  
8472.657453  
8481.408162  
8669.943488  
8660.820511  
8563.495826  
8679.739436  
8564.716993  
8577.713879  
8508.835373  
8440.27658  
8487.50891  
8471.213252  
8602.112766  
8560.483218  
8646.891088  
8578.22727  
8565.11164  
8552.979467  
8610.41156  
8610.428918  
8681.414345  
8655.931826  
8680.113531  
8667.490408  
8594.361552  
8605.840758  
8481.615103  
8297.83557  
8468.330838  
8470.070501  
8417.258442  
8604.751912  
8638.82746  
8403.077118  
8219.337703  
8407.396212  
8296.378913  
8467.420872  
8343.394852  
8424.323212  
8371.505801  
8543.608578  
8587.638626  
8532.934311  
8549.904601  
8548.690157  
8499.301761  
8638.05521  
8547.155667  
8608.19418  
8642.148166  
8660.711313  
8595.747726  
8539.895642  
8641.699635  
8621.715614  
8693.25715  
8650.146581  
8644.9187  
8628.618196  
8693.397176  
8683.45136  
8659.971257  
8626.107673  
8502.276522  
8691.07911  
8593.207272  
8559.629179  
8568.053741  
8337.846367  
8546.675961  
8507.427442  
8578.502323  
