8827.538123  
8644.155722  
8325.78878  
8365.787622  
8067.773207  
8206.761853  
8215.065364  
8270.541628  
8188.12107  
8324.275345  
8241.850905  
8245.040552  
8163.899822  
8283.311231  
8255.569707  
8303.681939  
8327.298894  
8175.477813  
8301.201961  
8290.846159  
8195.215978  
8336.688368  
8270.032467  
8250.177742  
8296.24978  
8307.973938  
8309.865778  
8376.049374  
8295.800622  
8388.115095  
8358.804466  
8408.80709  
8415.147181  
8337.761778  
8238.83298  
8215.174589  
8185.094401  
8230.008804  
8258.351726  
8251.713534  
8290.366655  
8216.570175  
8360.865333  
8353.897561  
8336.715189  
8346.94864  
8384.779353  
8334.163906  
8388.439584  
8367.427969  
8359.575166  
8405.139557  
8365.229444  
8373.471733  
8365.838227  
8301.601936  
8347.33469  
8373.915818  
8376.302617  
8466.11343  
8386.982886  
8408.309218  
8336.428896  
8392.892218  
8430.503908  
8422.076383  
8490.839135  
8406.490415  
8454.434279  
8343.647723  
8335.451642  
8489.032956  
8435.9317  
8400.143312  
8244.215285  
8180.885393  
8334.210639  
8262.701189  
8408.986836  
8353.853243  
8360.239529  
8319.525246  
8391.830911  
8408.654776  
8570.842518  
8434.059947  
8475.071066  
8422.204264  
8483.2351  
8345.375635  
8403.157154  
8382.904343  
8560.183596  
8501.294081  
8515.713736  
8423.133208  
8554.931615  
8550.967875  
8543.151574  
8553.302232  
8565.322346  
8571.505933  
8540.373823  
8633.445465  
8501.183562  
8633.270588  
8585.179265  
8606.732962  
8546.647725  
8509.568488  
8562.703754  
8601.460518  
8598.654223  
8552.223393  
8621.883134  
8517.410376  
8503.503428  
8616.530548  
8637.503445  
8624.318074  
8571.210551  
8604.172752  
8595.160182  
8553.373162  
8548.135156  
8644.749968  
8609.807667  
8584.451016  
8657.930653  
8514.2835  
8536.949805  
8564.019871  
8453.000189  
8449.665016  
8500.430994  
8376.044815  
8405.683448  
8416.994303  
8481.030305  
8380.034473  
8390.099961  
8419.148803  
8313.592815  
8386.275583  
8434.615898  
8433.859871  
8492.245523  
8467.632741  
8492.972319  
8477.287191  
8451.031402  
8545.391726  
8446.184151  
8519.753505  
8589.159501  
8515.729086  
8563.104487  
8535.557949  
8527.028038  
8547.398759  
8573.235603  
8605.563167  
8562.033155  
8520.744277  
8534.384993  
8504.339452  
8610.254502  
8551.763664  
8502.778373  
8491.418482  
8583.629867  
8584.901868  
8529.932903  
8534.185911  
8557.686395  
8587.829199  
8545.279704  
8645.275075  
8590.66094  
8535.008607  
8607.869141  
8618.509413  
8605.302142  
8585.943253  
8623.715139  
8537.750745  
8654.783824  
8481.7231  
8678.774555  
8444.456525  
8418.893825  
8619.28093  
8466.367545  
8489.565839  
8392.34382  
8468.690579  
8409.47099  
8412.099161  
8431.984422  
8457.654731  
8488.76714  
8491.956565  
8572.05843  
8557.18882  
8452.772113  
8531.190994  
8520.095296  
8526.38394  
8520.523921  
8467.170298  
8548.75073  
8489.68153  
8610.928092  
8596.344784  
8428.797091  
8500.747966  
8491.317369  
8510.454641  
8467.473118  
8466.528093  
8558.686166  
8570.459826  
8570.092966  
8535.041832  
8526.274966  
8521.411429  
8468.271971  
8485.78212  
8394.455538  
8570.690471  
8509.670761  
8250.638598  
8522.865316  
8548.756607  
8569.87783  
8620.683676  
8546.058856  
