-0.2952268284  
-0.3779797613  
-0.6728147234  
-0.8196862404  
-0.6067716334  
-0.9319651852  
-1.449195416  
-1.271402005  
-1.629313631  
-1.419219367  
-1.450949208  
-1.356713806  
-1.250402104  
-1.298857215  
-1.280239988  
-1.334180111  
-1.366825648  
-1.339419955  
-1.419203389  
-1.236401348  
-1.765554605  
-1.499728482  
-1.374747154  
-1.195333087  
-1.488218534  
-1.385883986  
-1.551698328  
-1.365974369  
-1.57241969  
-1.477450373  
-1.463372806  
-1.839442222  
-1.441037681  
-1.643911276  
-1.58957872  
-1.570500155  
-1.607486946  
-1.514878145  
-1.553587296  
-1.486696074  
-1.420082211  
-1.360331872  
-1.320492769  
-1.407063362  
-1.399116219  
-1.230937494  
-1.323262172  
-1.34225701  
-1.395446811  
-1.389700219  
-1.24815417  
-1.253248341  
-1.285197193  
-1.188204516  
-1.503657927  
-1.482900254  
-1.333419156  
-1.322216247  
-0.8793494706  
-0.6753855802  
-1.113823532  
-1.01728771  
-1.311972398  
-0.8807812426  
-1.345244979  
-0.9920476923  
-1.574461319  
-0.6382022429  
-0.7716501937  
-1.171151415  
-1.303815617  
-1.340595551  
-1.21585571  
-1.200238482  
-1.127548597  
-1.17548619  
-0.5340459476  
-0.6292682785  
-1.014243609  
-0.9686927194  
-1.288689397  
-1.103251558  
-1.234097449  
-0.6926113903  
-0.7311407732  
-0.801035297  
-0.7766301448  
-0.3977423886  
-0.6548159441  
-0.4749419189  
-0.8613719306  
-0.5333339297  
-0.8309206363  
0.3759970157  
-0.2090859291  
-0.3405587082  
-0.7010733877  
0.3626174639  
-0.2843347634  
-0.09932278546  
0.1618510663  
-0.2772248501  
-0.3052415283  
-0.1782922035  
0.238299047  
0.02143598328  
0.1108470807  
-0.340648455  
-0.07921829271  
-0.1561300295  
-0.009158999593  
-0.09800451138  
0.05383570757  
-0.07963910452  
-0.1611050275  
-0.01074208924  
0.02777768012  
0.169783351  
0.04847337482  
0.2157618364  
0.09903937586  
0.1723846517  
-0.5291779753  
0.0009511523249  
0.8630825907  
0.6156366239  
0.0573218503  
0.1884518224  
0.1713586569  
0.2040761998  
0.003733281917  
0.2256075753  
-0.01674963194  
0.2537843864  
-0.07641918853  
0.8537642649  
0.5478281601  
0.2213732613  
-0.1404413949  
-0.5305869464  
0.1624234686  
0.2269781969  
0.2958662634  
0.04688013778  
-0.08198556357  
0.3648948961  
0.669683716  
-0.03490533211  
0.3510023613  
0.02693941368  
0.2244910695  
0.3826356045  
0.4682351563  
0.3302135663  
0.4356997423  
0.608489236  
0.7198281603  
0.1489014239  
0.4223203707  
0.1317935145  
0.5717424839  
0.5004616467  
0.9927994302  
0.8561400224  
0.500119797  
0.7187029259  
0.4708513832  
0.7287458994  
0.6000153428  
0.6721006124  
0.5025806466  
0.9942506607  
0.5846802273  
0.4383521092  
0.01590567552  
0.2492566346  
0.727293728  
0.5688337761  
0.3391941043  
0.4446157775  
0.8298442182  
0.2684563683  
0.5464593372  
0.6030415847  
0.9092210095  
0.6000082788  
1.247346846  
1.078402143  
1.181168312  
1.204991141  
0.7947454181  
1.081600518  
0.9084184959  
0.9942999863  
1.249040352  
1.309389528  
0.4135778823  
0.9907995664  
0.7231262335  
0.9451684248  
0.784729023  
0.9363109731  
0.7202890753  
0.6930828566  
0.9000459662  
0.8547255566  
0.939517793  
0.960849209  
0.8331762361  
1.716559937  
1.169765683  
1.243006095  
1.595824936  
0.8983684801  
1.052830876  
0.5738805847  
1.064396782  
0.730782899  
1.558295736  
1.648219977  
0.9062387782  
1.514961958  
1.056882564  
1.240969239  
1.087857566  
0.7914003587  
1.256075536  
1.295867386  
1.321189933  
1.582540447  
1.354083894  
1.04841146  
1.033347792  
0.9985575888  
0.9433851064  
1.540057706  
1.62575943  
1.185499826  
0.7576960474  
0.6077506623  
1.258923748  
0.9091618196  
1.107495933  
0.8086059336  
0.9363630766  
1.368324661  
1.636495191  
1.29055497  
1.391910385  
1.117163978  
1.397196861  
0.947206969  
1.573130177  
1.593019044  
0.7988894175  
1.476563943  
1.832917612  
0.9088143565  
0.711145575  
1.129149246  
0.9942923887  
0.9233994832  
1.337823021  
1.076818371  
1.215076969  
