8623.696073  
8485.750675  
8168.192536  
8088.651657  
8081.148489  
8187.650181  
8214.945738  
8160.512566  
7972.626375  
8204.396336  
8192.316542  
8114.423327  
8122.007075  
8122.850993  
8056.251423  
8256.591576  
8086.872757  
8289.881927  
8115.153446  
7976.69131  
8102.836663  
8028.189167  
8251.243874  
8152.691702  
8107.998408  
8103.068382  
7970.831854  
8042.393184  
7996.347949  
7967.215611  
8280.756578  
8137.174359  
7942.465102  
8232.311235  
8399.135374  
8237.923956  
8087.566397  
8258.975485  
8385.780661  
7982.863251  
8062.412468  
8009.795907  
8191.332064  
8108.871154  
8051.902965  
8082.44119  
8183.056539  
8219.06978  
8142.709772  
8154.582762  
8142.770284  
8106.613172  
8323.584849  
8400.824457  
8175.71724  
8420.92406  
8169.216109  
8252.296245  
8096.304941  
8145.090012  
8215.680102  
8219.09442  
8044.680409  
8197.786126  
8142.13716  
8334.979736  
8273.524327  
8320.140525  
8117.112672  
8578.935064  
8396.012318  
8411.351514  
8297.529035  
8624.667087  
8472.069883  
8468.136414  
8297.483529  
8324.015488  
8440.816568  
8460.202192  
8312.964007  
8453.250432  
8551.545072  
8428.639938  
8392.704014  
8381.207581  
8264.286098  
8543.442371  
8472.195699  
8393.183651  
8345.608861  
8301.580308  
8377.968724  
8533.235732  
8250.630586  
8331.408717  
8332.415637  
8531.531183  
8559.333446  
8366.534055  
8497.321666  
8405.883604  
8532.757174  
8491.70434  
8520.955515  
8421.051064  
8402.680257  
8530.95074  
8654.763403  
8452.016512  
8524.148911  
8570.556347  
8702.597163  
8459.725801  
8556.466095  
8657.172954  
8593.412704  
8507.219387  
8561.350687  
8460.62353  
8375.193049  
8736.148112  
8590.625065  
8451.530357  
8194.55472  
8176.12923  
8226.813472  
8211.218468  
8097.376241  
8080.746156  
8164.824628  
8199.90931  
8288.625448  
8300.255456  
8316.926544  
8305.445486  
8482.683019  
8488.753701  
8572.569423  
8354.821053  
8437.33705  
8370.149893  
8480.21201  
8502.218301  
8246.883685  
8461.927942  
8556.507179  
8469.898477  
8462.015407  
8662.646021  
8591.550204  
8570.981625  
8541.503204  
8821.7337  
8616.348243  
8692.150419  
8518.769619  
8512.995332  
8553.436482  
8497.79439  
8503.653126  
8577.159234  
8696.549338  
8546.308466  
8602.545187  
8435.332637  
8588.684325  
8630.450688  
8600.23017  
8617.529669  
8563.675639  
8566.778837  
8500.22042  
8537.825056  
8565.793553  
8514.934799  
8695.095947  
8517.939154  
8851.61286  
8557.424841  
8501.626398  
8473.339006  
8642.526  
8762.834067  
8712.382687  
8184.415557  
8553.912125  
8582.370736  
8629.344757  
8479.563568  
8633.92043  
8535.370891  
8707.099342  
8423.924521  
8900.409314  
8595.747742  
8507.715887  
8636.728023  
8551.782981  
8629.925778  
8663.914688  
8516.434714  
8759.529592  
9140.746087  
8771.214989  
9079.427663  
8706.960607  
8912.884892  
8642.452243  
8676.668583  
8776.789034  
8605.091174  
8870.839125  
8945.366398  
8568.945403  
8472.127554  
8436.540131  
8378.501493  
8521.899089  
8660.01301  
8481.154513  
8592.704762  
8433.28373  
8258.445341  
8227.513779  
8103.572966  
8290.270104  
8264.560765  
8423.360819  
8494.041429  
8393.317967  
8387.866507  
8407.655666  
8355.764539  
8321.112249  
8375.801844  
8393.467599  
8454.577035  
8228.827049  
8284.677228  
8310.876757  
8480.977331  
8369.579772  
8323.359879  
8564.789285  
8520.102778  
8514.78335  
8491.823545  
8751.162745  
8569.647959  
8645.947075  
8520.519632  
8547.376415  
8759.179303  
8624.044627  
8583.630256  
8440.332056  
8486.303139  
8457.033094  
8390.199105  
8523.332489  
8604.570273  
8561.291547  
8633.599643  
8655.823608  
8700.785506  
8625.451292  
8720.480434  
8592.072891  
8709.513544  
8561.451242  
8434.447154  
8600.840058  
8684.280284  
8553.899021  
8580.855756  
8666.899535  
8620.252509  
8605.831121  
8643.97284  
8646.273269  
8515.973729  
8607.164438  
8566.800108  
8555.456831  
8658.834812  
8668.176383  
8657.235579  
8673.828646  
8659.639723  
8653.145353  
8664.53633  
8687.84095  
