-0.3274416889  
-0.8190832426  
-0.2944302417  
-0.1506563899  
-0.05249746537  
0.1860737663  
0.5572819217  
-1.566127831  
-0.9016337074  
0.2555481224  
-0.9028518925  
-0.05984456843  
-2.52526283  
-1.56345822  
-2.209694029  
-1.498816485  
-1.661741506  
-4.317343143  
-1.271821362  
-0.2314163037  
0.9167197055  
-1.796398935  
-1.934076221  
-0.07650769906  
-0.2241007003  
-1.49744728  
-0.3743997161  
-0.3647280476  
-0.2354897942  
0.06492500306  
0.4768324197  
-1.487285634  
-0.3828573703  
-0.8054495224  
-0.860767977  
0.1858112139  
0.1496614399  
0.5075722717  
-0.3804642517  
0.6688581076  
-1.508726143  
-0.5195578106  
-1.291679455  
-1.143436148  
0.2882330689  
-0.3598402886  
0.8641580273  
-0.7480988691  
1.839040963  
-1.503943421  
-1.330898707  
0.4498872146  
-0.1627954177  
0.6139991562  
-1.544597797  
-1.320440372  
0.4426260079  
0.3535699489  
0.2648785495  
-0.004596455419  
-0.4676359543  
-0.7860591197  
0.9687001231  
0.6739764283  
1.085672654  
-1.772464859  
-0.644325509  
1.563298679  
0.3969228873  
1.072874612  
0.5416133709  
0.8775949179  
1.656899642  
0.4260548343  
1.682215161  
0.1966720666  
1.273218658  
1.568572669  
-0.3879430684  
-1.330855729  
1.630031849  
-0.7997225196  
1.637090731  
-1.338056917  
-1.170900857  
0.545960806  
0.610064584  
-0.160117819  
-0.4917956875  
0.6340801722  
0.2512253159  
1.676720648  
1.042517038  
1.451277453  
0.5905236725  
0.6197148162  
0.9762097611  
-1.036445347  
-1.256546801  
1.0273883  
-0.08973746203  
1.797781049  
-0.5947121314  
0.8876041496  
0.6088933579  
0.505449629  
0.4464413297  
0.3272966643  
0.6899268313  
-1.246315337  
0.4779811957  
2.861354326  
1.391666752  
0.9302624516  
0.2529094725  
1.486911507  
0.2825908484  
1.227941266  
-1.05582441  
-1.083751892  
-0.007523747297  
-0.2579763336  
1.269386001  
0.6462960256  
1.087513624  
-0.05407018808  
0.8775717043  
0.5182353574  
0.3970445297  
0.7454799177  
-0.8989611983  
-0.8491141913  
1.660480005  
0.5513282793  
1.348123721  
0.4819286329  
1.310502701  
-1.490761941  
-0.871059631  
0.9681964421  
1.304517264  
1.478194871  
-0.5839923217  
-1.314745408  
0.8770588411  
-0.1005428065  
-0.08269317431  
0.6934778129  
0.2454216563  
0.358235906  
0.7671201694  
0.06297256512  
0.8972227656  
-0.4571349609  
-0.3895318593  
0.2549362008  
-0.114503584  
-2.826666775  
-1.63841262  
0.6732546522  
-0.08051389513  
0.09776208116  
-0.1469163661  
-0.252915536  
0.7204565963  
-0.1329119024  
0.5981773574  
-0.5995608247  
0.3226147948  
0.9640875512  
0.9797900336  
0.9468967187  
1.308171315  
-0.7683117553  
-0.8780517468  
1.278711696  
-0.5217962981  
-1.324272796  
-0.5663786556  
0.1166546203  
0.3339423747  
0.2808085453  
0.212946708  
0.03714100345  
0.9940394515  
-1.245661264  
-0.3157560777  
0.1277256534  
-0.7161078608  
0.4894057431  
-0.2065384955  
-0.3101902419  
-0.4844635238  
0.06809676723  
0.1708226944  
-2.048314607  
-1.432938767  
0.5553474003  
0.8482282067  
1.280051554  
0.3965199123  
0.3874820769  
0.07866416804  
0.8756554351  
-0.0979221703  
0.883501675  
-0.9991825766  
-0.6803901366  
-0.2087573987  
-0.1493866938  
-1.348364438  
0.5323840807  
1.127808036  
1.052220389  
-0.3667639287  
0.6509662315  
0.3453659848  
0.9861870584  
-1.094037209  
-0.656249944  
-0.27490878  
-1.488861563  
-0.1904522147  
0.03915556757  
-0.04958394972  
