0.08390626238  
-1.107964778  
-0.711041598  
-0.07891679346  
-2.142979695  
-0.8497837885  
-0.9221416138  
-1.858862974  
-1.080330566  
-1.032720362  
-0.8652362029  
1.081589424  
0.5036003735  
-1.757551308  
1.546016436  
-0.7589153602  
0.8079767853  
0.4214958209  
-1.906532947  
-0.5176120288  
-0.9863407485  
-0.5170549259  
-0.5589404047  
-1.095163063  
-0.7493862454  
-0.7767599129  
-1.101420632  
-0.9713048456  
0.6452908369  
0.1626148407  
-1.229340983  
-0.9746951821  
-0.5446150231  
-0.04005362652  
-0.8060539017  
-1.226775804  
-1.178706846  
0.7138920442  
-0.638281929  
-1.116590803  
-0.9357144163  
-0.9766900133  
-0.7101614808  
-1.1529565  
-1.699401523  
-0.1275259708  
-0.4476252177  
0.2810948413  
-1.203777831  
-0.7737557726  
-0.7897002892  
-0.02174081586  
0.7286538527  
-0.481134295  
0.5850296204  
-1.51599728  
2.487143414  
1.954974977  
-0.454075224  
-0.5911701084  
-0.2315265947  
-1.672091204  
-0.8075563122  
0.2310029614  
0.271996435  
0.4154931912  
-0.4137967924  
-1.326600712  
2.027242392  
1.406831609  
-0.9183227982  
-0.6421026202  
-0.8846590918  
0.9489127491  
0.3414962653  
-1.749329905  
-0.4304336055  
-0.4725185572  
-1.826135447  
-0.1640961237  
0.7105719157  
-1.138224395  
-0.8615277746  
-1.519560332  
2.193699245  
-0.2110876975  
0.5579606782  
1.152243921  
1.220415172  
-0.2310851283  
-0.01835807333  
-0.1967827502  
0.4442232227  
0.1208084351  
-1.357196906  
-0.560790241  
-0.9448635189  
-0.2452151351  
-1.318942142  
-0.4795442157  
-0.8066002195  
0.6864954511  
0.5468206864  
-0.2599706221  
-0.1988188146  
-1.465738273  
-2.026898027  
-0.389170931  
-1.286027845  
-0.1772327406  
-0.2090666397  
-0.7901329459  
-1.045608868  
-0.1104407604  
0.2445661598  
0.3702806414  
0.5522180019  
0.2956126222  
-0.8248357651  
0.9539348136  
0.9307564274  
2.527218437  
2.002322773  
1.17309656  
-1.107843565  
1.665497041  
0.8350520843  
1.592268394  
1.247072903  
-0.8481643779  
0.7072629045  
-0.360802766  
-0.4233413455  
-0.8281961061  
-0.1146081177  
0.373915226  
1.273455304  
1.170950357  
1.009549979  
-1.150381053  
2.398200243  
1.973525592  
0.3655405339  
1.245140202  
1.82240775  
1.552377669  
-0.9960058281  
1.619574474  
1.012254652  
0.4266764298  
-0.8336550435  
1.228235128  
0.876747254  
1.20074297  
0.5255667774  
-0.3613336564  
-0.6903301476  
-0.6377090885  
-1.036887635  
-0.1265191243  
-0.3661860429  
-0.6934363393  
-0.5693922914  
-1.331089555  
1.328263581  
1.048364243  
-1.649444332  
-0.05357264431  
-0.6133433591  
-0.3633072915  
-0.8164706231  
-0.1352221121  
0.5764639204  
0.3172251426  
-0.9004056436  
-0.4077719185  
-0.3390641743  
1.215928875  
0.05963821132  
-0.2919423313  
-0.04196092037  
1.746909072  
0.409720805  
-1.025614093  
-0.01964130797  
1.061766629  
0.1070827611  
-0.260862015  
0.6739700901  
-0.2195533953  
0.1137722376  
-0.1956230712  
0.03690626838  
-0.8550256368  
0.5244965707  
1.477275952  
0.01467054508  
0.8320865158  
1.598751417  
0.8439298816  
1.151378215  
1.668039127  
-0.3449569471  
-1.217461858  
-0.1854744035  
-0.1449342425  
-0.3921345253  
1.528296884  
0.5919797355  
-0.001688613862  
1.738107755  
2.858551561  
0.7472546155  
-0.7474501954  
-0.5296454707  
-0.4110044308  
-0.02339461827  
1.210855782  
0.5458814524  
-1.649215351  
0.8740381167  
0.2547002997  
-0.9476454483  
-0.3447687337  
-1.114774925  
0.4284881978  
0.7172135478  
0.03908437407  
-0.9996288783  
-0.6858701845  
-1.028974483  
1.183588549  
1.440261885  
-1.102465966  
0.8459409978  
1.277245648  
0.658721887  
0.3782486374  
-0.3876089439  
-0.3513845602  
0.2697760652  
0.7223742234  
-1.69479155  
-0.3764921932  
-0.7349570219  
-0.7956306218  
-1.002406838  
-0.5513419574  
-1.698939872  
-1.059451685  
-0.4425038563  
-0.1810554119  
-0.8920263926  
-0.3782274523  
-1.091269994  
0.85355746  
0.7029538389  
-0.5032097501  
-0.03008508687  
0.8886493916  
0.7037933331  
0.0921083766  
-0.3557777836  
-0.6393483906  
0.4820637949  
0.6900610215  
0.2100940617  
1.10142775  
1.374006057  
1.61560314  
0.4907972873  
1.597324768  
0.4862629658  
-0.7245468299  
-0.1078465482  
0.7523904713  
0.2416105393  
-1.553317069  
-0.517382188  
-0.8567491498  
0.6808737589  
0.5645789563  
1.14889822  
1.549368902  
1.749409806  
-0.0443426451  
0.300918908  
0.3552243805  
1.292545645  
0.9253832568  
2.281716032  
0.8003621103  
2.202533502  
