2.514985352  
1.664151748  
1.584431556  
1.270448339  
1.686523574  
0.009908304916  
0.6878957538  
0.7649897044  
0.6547903382  
0.8113872613  
0.7394233132  
0.8794265167  
0.1291232686  
0.5162041193  
0.4356771497  
0.9425381687  
1.232861559  
1.163423783  
0.3017089626  
0.8596948752  
1.629333462  
0.5270203187  
1.045827738  
0.6453194756  
0.6061764146  
2.016363641  
-0.2917899974  
-0.0438487029  
1.479997473  
1.266647293  
0.9226743536  
1.305866637  
1.036710834  
1.035342026  
0.389800036  
1.178826518  
1.070125116  
0.2648441263  
0.4880990346  
1.535496496  
0.01203252935  
1.186621423  
-0.002410157493  
0.9420944694  
1.343078105  
0.1016789468  
0.408418327  
0.9574224461  
1.075321065  
0.8575785584  
0.7783837491  
0.6528996029  
0.653959741  
0.1236572519  
1.015184071  
0.7071433356  
0.4374602206  
0.8072168703  
0.5795442953  
1.250093319  
0.8978908189  
-0.2119692809  
0.2519132702  
0.9168933061  
0.4538909225  
1.165196803  
0.6671235627  
1.008574466  
0.2581283169  
0.7637242215  
0.4237079894  
-0.2742877732  
0.2957081981  
1.092209365  
0.5133150224  
1.208846859  
0.7206460928  
0.9422416969  
0.3588489484  
1.045369226  
0.9516946227  
0.9403219078  
0.05888179381  
0.2758924376  
0.3091633268  
-0.7888624975  
0.2543232135  
0.6222861712  
1.117934173  
0.5953825657  
0.3983572743  
0.9107322282  
-0.2269000802  
0.5054081889  
0.4408447917  
-0.1918893339  
-0.06247801829  
-0.09191635152  
0.4936713056  
0.4642869302  
0.5425518514  
0.5736325801  
0.7867524087  
0.8763276914  
0.7638657142  
0.7450533761  
0.4124672918  
1.051900539  
-0.184773193  
0.7143602927  
0.8678620651  
0.4305714252  
0.5533105443  
0.6815847088  
1.187497499  
0.4217004551  
0.6583673285  
0.6831125697  
1.128547612  
0.7885460005  
0.8513716004  
0.9914012597  
0.5983205504  
0.9697616836  
-0.2218016812  
-0.09891395364  
0.6686800906  
0.7899464922  
0.7819119072  
0.6678379537  
1.24259691  
0.9204350403  
0.7812796993  
1.225985468  
0.1695204629  
0.468628265  
1.552602781  
1.140779874  
1.515496692  
1.248458948  
1.222848403  
0.7031286746  
1.0346079  
0.4764093688  
0.5076527425  
0.1887274207  
0.6122324968  
0.6718216938  
0.1059418169  
0.4840655993  
1.147677041  
0.4856526403  
0.7065422186  
0.6196525796  
0.8608020462  
0.7645069838  
0.4390658681  
-0.2495590646  
-0.05832520848  
-0.8635319127  
-0.7357489369  
-0.9176279673  
-0.31915427  
-1.606544358  
-0.8499059671  
-0.4958658589  
-1.033288957  
-0.051142674  
-1.015959263  
-0.7614151217  
-0.1129431724  
-0.4163899317  
-0.2336147459  
-0.6274903891  
-0.3005663714  
-1.277095749  
-0.4887516497  
0.3101949147  
-0.339895844  
-0.05122149642  
0.1339863471  
-0.4768280709  
-0.03935506817  
-1.030940149  
-0.7397956296  
-1.291983148  
-1.680272962  
-0.1656076725  
-0.02612888918  
-1.128865969  
-1.187605848  
-0.6685904731  
-0.6315649318  
-0.09971481711  
-1.26699713  
-1.799691555  
-0.9882331702  
-0.6656648255  
-0.4167266112  
-1.524485746  
-1.402587157  
-1.051590571  
-0.73951835  
-0.817966483  
-0.675749779  
-1.61762026  
-1.374759747  
-0.8361686455  
-0.797411909  
-0.9557246474  
-1.147954999  
-1.254733318  
-1.309388406  
-1.122747398  
-1.081390267  
-1.613889697  
-1.044782483  
-1.753566916  
-0.8554156824  
-0.8548048064  
-0.9308335028  
-1.444696004  
-1.265793654  
-0.8104904539  
-2.097340083  
-1.855021104  
-1.080139947  
-0.6701870099  
-1.943917139  
-1.586756134  
-1.843189661  
-2.234120739  
-1.179786854  
-2.065666719  
-0.9428879697  
-1.597558246  
-1.241220995  
-1.213348742  
-1.079222122  
-1.165221426  
-1.521532794  
-1.978928144  
-1.301448935  
-1.152570722  
-1.258621155  
-1.261792451  
-2.648185283  
-0.8863314937  
-0.5792002107  
-1.245116524  
-0.9646837395  
-1.894158443  
-2.002057656  
-0.7993700301  
-0.6787745442  
-1.285962405  
-1.4681351  
-1.896529976  
-1.776256806  
-0.7008855423  
-0.4800335906  
-0.9170758098  
-1.299897969  
-1.370256996  
-1.185898427  
