8472.320108  
8433.335138  
8076.411234  
8087.137119  
7982.914262  
7965.828785  
8018.971092  
8212.740448  
7984.639532  
8005.921102  
7889.792078  
8065.414599  
7949.113946  
8157.580544  
8102.646522  
8091.222879  
8035.101173  
8187.2323  
8107.183816  
8163.025936  
8034.143522  
8184.911163  
8109.575467  
8104.037603  
8199.048604  
8190.297983  
8158.198749  
8225.633883  
8265.778588  
8212.005241  
8169.64255  
8184.035779  
8221.547765  
8212.625014  
8127.866157  
8155.250541  
8089.786543  
8115.727298  
8128.005001  
8213.419505  
8178.119172  
8312.653696  
8261.182364  
8322.753981  
8267.600539  
8320.194281  
8344.371368  
8335.088299  
8355.397734  
8316.339027  
8312.253544  
8345.106446  
8229.437321  
8236.029679  
8316.078427  
8247.135304  
8253.673545  
8372.696957  
8295.642075  
8322.558377  
8311.785505  
8380.095092  
8309.356044  
8366.938873  
8279.224497  
8335.358369  
8355.204699  
8402.277354  
8372.197784  
8318.268701  
8359.242543  
8384.740722  
8275.103747  
8376.629779  
8403.118456  
8329.543898  
8263.924336  
8320.211459  
8439.926644  
8408.580895  
8435.428467  
8354.805544  
8222.66175  
8399.970512  
8490.450286  
8318.511412  
8391.833516  
8363.29303  
8443.225619  
8379.630087  
8439.766549  
8437.319321  
8389.103333  
8447.817121  
8503.874869  
8420.653735  
8516.056933  
8501.863721  
8407.334066  
8449.056981  
8444.789124  
8556.396757  
8395.081298  
8433.501636  
8342.499364  
8529.034276  
8502.096656  
8582.281247  
8504.144843  
8524.718927  
8461.68084  
8530.194436  
8517.936774  
8650.782604  
8398.434707  
8397.466852  
8487.547185  
8461.040092  
8648.311601  
8514.251496  
8583.185145  
8509.765847  
8532.339455  
8506.998688  
8478.481078  
8571.132819  
8587.133517  
8527.248911  
8601.113226  
8441.810985  
8398.261331  
8313.590455  
8518.092464  
8310.453392  
8509.27054  
8324.205454  
8251.761703  
8355.900742  
8355.530578  
8294.864863  
8284.186185  
8332.876442  
8237.038497  
8256.249092  
8339.692004  
8437.694348  
8491.569146  
8403.613212  
8482.696667  
8464.678694  
8369.850788  
8534.279213  
8385.099014  
8497.071168  
8511.671644  
8410.672224  
8495.206612  
8480.676246  
8484.1285  
8493.94996  
8547.251674  
8564.744758  
8543.944922  
8530.443742  
8440.973719  
8410.576624  
8559.927497  
8545.39152  
8543.665287  
8534.422093  
8410.933336  
8518.754338  
8511.699116  
8390.745586  
8502.921575  
8508.879281  
8575.395855  
8598.224486  
8604.895158  
8563.49062  
8591.701195  
8662.830727  
8683.244799  
8648.321651  
8629.964349  
8624.063407  
8666.075545  
8561.294884  
8646.628056  
8571.327832  
8597.219934  
8400.058175  
8568.135749  
8436.947102  
8535.157943  
8382.080957  
8507.359658  
8413.469582  
8506.093745  
8393.921271  
8515.356184  
8498.619093  
8566.495782  
8624.945663  
8453.25432  
8426.919748  
8592.309276  
8560.306613  
8599.715415  
8517.754135  
8591.05762  
8617.481723  
8573.029355  
8446.696997  
8467.490837  
8529.274044  
8575.386002  
8556.867484  
8618.10422  
8574.055553  
8517.78807  
8555.834554  
8633.419784  
8534.966692  
8641.537973  
8386.995378  
8230.273082  
8376.403236  
8344.919026  
8491.960644  
8381.86437  
8435.647242  
8446.141768  
8447.880905  
8540.967293  
8609.377052  
8562.261373  
