-0.535722389  
0.5162224725  
-1.119230383  
0.6665787078  
-0.6382587941  
0.807585519  
-0.6204270511  
-0.07150594064  
-0.1219240125  
0.007478369113  
-0.1114184906  
-2.190248278  
0.3379269725  
-2.811037317  
-0.4541678848  
-2.84448241  
-0.5739100332  
-0.4203474241  
0.1052231826  
0.9732387705  
0.3985712934  
0.1659713847  
0.8702991946  
0.5164869779  
-1.540804737  
0.5471524804  
0.4913819312  
0.6686952445  
0.5105872623  
0.5258910108  
-3.117597718  
-3.798486921  
-2.416750861  
-0.6622007714  
0.01632245569  
0.3222142044  
0.515297116  
-1.772448053  
-1.858089209  
-0.001461521338  
1.159702116  
0.6999823843  
0.6645095818  
0.3428533027  
1.850049272  
1.545227356  
1.168727788  
0.8213853177  
0.9973003813  
0.9500734265  
-0.3544266502  
0.4458663334  
-0.2102854544  
0.6414676731  
0.2790287344  
-1.352219081  
-0.0007862193704  
0.251333931  
0.2635929468  
0.339832767  
0.06335530128  
-1.915978186  
0.359667806  
0.4896069748  
-0.4910302777  
-2.650416388  
-0.3116657194  
0.1337417996  
1.29264422  
-1.704975884  
1.131334405  
0.7791493306  
0.004331740199  
0.9400961549  
1.815719047  
0.5441564348  
0.9313725787  
0.5800038671  
-1.595663461  
0.5888156002  
0.04198979129  
0.6981262248  
2.409089959  
0.8523213468  
0.759578948  
0.218819461  
-0.5574303259  
0.3240771008  
0.2880266675  
-0.3844733678  
-1.431056275  
-0.0522897466  
0.1369041604  
0.3397977052  
1.197887132  
0.3145460763  
0.04025600899  
0.1466971772  
0.04184593213  
-0.734613155  
0.5228159857  
0.1150967587  
-0.1476519053  
-0.05885848165  
1.773051051  
1.234062082  
0.4761287719  
0.6001872306  
0.3411786361  
0.3707513529  
0.01125390682  
-2.790847655  
-1.323597091  
-1.956653608  
0.7891720778  
0.6676360446  
1.753135064  
1.290313213  
0.6564015879  
0.4873075984  
0.2656378317  
-0.2079831235  
-2.293589832  
-0.7061376722  
-0.447300708  
0.5182553489  
0.4537826672  
0.4412545922  
0.3093620481  
0.4675843369  
0.4755889156  
0.8897100793  
-0.2863570404  
-0.5840971599  
0.3346126493  
-0.7237666224  
0.4009958355  
-0.2908396457  
-2.339260105  
-1.099623924  
0.1116471022  
-1.905902294  
-2.748396517  
-1.17935721  
-0.5393610465  
0.6281933427  
0.7307657406  
0.7190466312  
0.7929744303  
-0.270178206  
0.3307552354  
-0.711007959  
-0.1618457109  
-0.2647918201  
-1.230336645  
0.3773095728  
-0.1775580185  
0.3730160464  
0.7178573487  
0.5868607427  
-0.2212384689  
0.5083647882  
0.440994826  
0.3307992554  
-1.401393496  
0.6746290433  
0.09950395434  
-2.327263037  
0.100460636  
0.5628553164  
0.4687756772  
0.5947954707  
0.6849322119  
0.4007102101  
0.4638381899  
-0.02898448022  
0.2577476196  
-0.09388216914  
-0.1781228779  
-1.429706646  
-1.032085084  
0.1518789538  
-0.5272448283  
-0.7267644689  
0.3932114896  
1.268917328  
0.007199705828  
1.032044464  
1.115292726  
0.860774473  
0.6760268264  
0.3099962918  
0.7562939914  
-0.4886821824  
-1.442497155  
0.4147395006  
-0.3791400606  
-1.06096895  
-0.1866089577  
0.07248513679  
0.1406196295  
0.6782512355  
0.008096755477  
0.793725415  
2.228294526  
1.02649724  
1.096010674  
-0.6747681836  
0.4652732092  
0.38865255  
-1.49489238  
1.540824262  
0.7001236901  
0.4333466615  
-1.241655426  
0.4516603509  
-0.4786280055  
-0.4160343515  
0.4826536443  
-0.3113843735  
-0.9482177976  
0.1385210751  
0.2220474767  
-0.1959346644  
-0.1443567146  
