8588.319599  
8261.175428  
8155.997447  
8279.130345  
8073.796249  
8037.890799  
8028.375933  
7955.718321  
7939.448435  
7977.279072  
7993.904474  
8063.815859  
7873.438355  
8015.333666  
8057.815117  
8014.986513  
8062.076409  
7989.153025  
8092.118363  
7942.636224  
8167.478678  
8181.67616  
8130.645167  
8105.104727  
8213.892228  
8240.594229  
8194.89661  
8161.434348  
8280.851053  
8277.688043  
8155.775928  
8251.636192  
8193.590268  
8292.503764  
8175.929577  
8182.077126  
8157.042814  
8304.0001  
8238.96928  
8347.741587  
8197.398166  
8206.084246  
8248.637477  
8260.684813  
8164.143491  
8232.166195  
8257.457835  
8309.826974  
8278.473033  
8219.294525  
8147.612566  
8075.147281  
8062.287058  
8190.36789  
8137.179094  
8125.525818  
8123.339295  
8076.723375  
8081.72322  
8074.119782  
8148.156079  
8206.483725  
8104.062055  
8152.022943  
8207.530712  
8167.536115  
8110.482048  
8157.938707  
8219.72365  
8243.730959  
8042.941471  
8248.326751  
8198.727092  
8210.008214  
8037.421164  
8184.284848  
8140.379863  
8246.193201  
8110.618326  
8095.581368  
8146.617089  
8173.523509  
8174.728572  
8145.801166  
8264.142158  
8229.734536  
8238.101523  
8180.162818  
8233.357821  
8169.199853  
8148.92769  
8207.084464  
8254.559274  
8160.893181  
8082.75436  
8362.440904  
8449.594691  
8236.986221  
7950.12608  
8070.77877  
8110.896087  
8050.992962  
8033.351427  
8121.072041  
8123.974509  
8137.938236  
8136.697988  
8160.457656  
8164.586189  
8188.545164  
8144.313194  
8173.235135  
8158.93968  
8165.288863  
8192.443294  
8202.276791  
8184.741363  
8192.374501  
8328.710115  
8354.57477  
7914.845472  
8175.083613  
8279.766834  
8172.742503  
8033.681652  
8173.684167  
8128.139562  
8264.72666  
8112.617756  
8142.515294  
8257.882121  
8288.985812  
8205.361411  
8213.603318  
8233.077638  
8196.222082  
8248.941276  
8238.704863  
8191.058651  
8237.283075  
8182.682506  
8175.882355  
8164.697763  
8206.056275  
8130.564602  
8164.575686  
8221.280632  
8173.361543  
8136.468632  
8097.428699  
8197.637994  
8205.703674  
8212.276768  
8219.12744  
8242.401721  
8302.180981  
8370.376413  
8301.001355  
8287.147211  
8253.262613  
8234.609679  
8156.529527  
8268.777762  
8236.522004  
8329.090716  
8354.94608  
8359.91474  
8342.948607  
8299.003123  
8271.264097  
8223.492147  
8288.424631  
8304.95108  
8253.735016  
8270.719917  
8250.752376  
8279.933301  
8303.206116  
8282.082974  
8248.873835  
8310.516782  
8344.003354  
8378.583172  
8398.675298  
8431.588449  
8406.601119  
8395.277325  
8314.002417  
8281.867006  
8327.559685  
8362.711015  
8309.99792  
8450.596925  
8212.319826  
8254.247996  
8396.756603  
8181.843529  
8463.362117  
8212.620622  
8299.084367  
8280.104643  
8368.050685  
8318.875401  
8305.133262  
8212.697451  
8288.483683  
8316.935543  
8318.98006  
8275.63885  
8288.100696  
8305.262562  
8380.527127  
8311.235211  
8390.04407  
8384.125686  
8256.335119  
8414.468731  
8326.093424  
8402.961964  
8338.523066  
8397.043714  
8318.587399  
8408.034898  
8346.335576  
8417.295898  
8323.876565  
8374.664523  
8336.443337  
8327.064906  
8327.216625  
8380.401048  
8287.981652  
8339.067485  
8091.890303  
8490.656146  
8362.878907  
8271.44007  
