0.8947552055  
1.231028868  
0.9591541634  
1.047928868  
0.7310180245  
0.8540389437  
0.942763616  
0.6629839881  
0.660249106  
0.4578651123  
0.7208285209  
0.6804892129  
0.7783691865  
0.5191703656  
0.9767815251  
0.5292163435  
1.023156816  
1.124585403  
0.6115540226  
0.7390445147  
1.187199711  
0.609811409  
0.760650457  
0.7189418845  
0.9548640381  
1.32736019  
0.7847759771  
0.5869954918  
1.020226522  
0.9780660108  
0.5826360237  
0.4744073234  
0.8551559826  
0.4600476546  
0.7164600271  
0.5665535743  
1.13516187  
0.7846517508  
0.4707818654  
0.3582600639  
1.299482282  
0.6632757873  
0.4432600972  
0.830074332  
0.6654333497  
0.2939167814  
0.308819459  
0.5915529027  
-0.01731880693  
0.1066773691  
0.1374021808  
0.135579879  
-0.1935703248  
0.9223273374  
0.4233844715  
0.4203662338  
0.872627832  
0.1757482916  
0.438538151  
0.7037427703  
-0.0462056018  
-0.006822268936  
0.6295866329  
0.3489003179  
0.3077906104  
0.979482321  
0.5270169992  
0.455216401  
0.5785663857  
0.444372915  
0.2380328168  
0.04067840022  
-0.09652737059  
-0.4337944123  
-0.248725335  
0.04497311337  
-0.179491078  
-0.003450528417  
0.3752242382  
0.2556802475  
0.05171691468  
0.8816701688  
2.149511234  
1.027742233  
0.0328453799  
1.494580032  
0.5094476688  
-0.1388158362  
0.37415298  
0.1056655984  
0.1110592959  
-0.1279345329  
-0.4286108709  
0.103127306  
-0.165243981  
-0.1756478706  
0.09652997455  
0.3350406318  
-0.4385165541  
-0.03338713239  
0.192969612  
0.3905016915  
1.252942889  
1.303612288  
1.015958683  
0.7960624707  
0.9633069784  
1.10437559  
0.8571478127  
0.5024582948  
0.634413797  
0.5919879605  
0.8133826479  
1.193202431  
1.115403692  
0.9297880245  
0.1013101944  
0.5255455195  
0.9593894166  
0.1502845431  
0.07279332166  
0.3716858148  
0.1700288335  
0.7513644234  
-0.3486943288  
0.7527112996  
0.6522595803  
0.01875563332  
-0.7506947273  
-1.110374848  
-1.050381031  
-1.498227754  
0.5591110598  
-0.5310564298  
-1.041197349  
-0.5866807284  
0.07617151529  
-0.1310715713  
0.04217082986  
-0.009111232798  
-0.1976518894  
-1.405549907  
-1.434585744  
-1.116865384  
-0.5808482842  
-1.029524789  
-0.425280355  
-0.5522242738  
-0.8907310728  
-0.488227821  
1.316897031  
0.4557276696  
-0.8430318807  
-1.193653654  
0.9736234588  
0.1154937006  
-0.4077218896  
0.7563817724  
-0.1162472422  
-0.377558263  
-0.8424206677  
0.6987841452  
-0.3451154077  
-0.9818257629  
-0.5075020668  
-0.5342620081  
-0.1627037486  
0.432499088  
-0.01225401193  
-0.2974699619  
0.8294748507  
0.9787492662  
2.053253645  
1.45790402  
-0.1033378126  
0.1575767813  
-0.3922362322  
0.07883049409  
-0.2714303095  
0.008372914929  
-0.5412681281  
-0.2849422927  
1.090928228  
0.7214669576  
2.413042464  
0.5132196233  
0.8961633342  
0.5547306555  
-0.2758667193  
-0.5189739635  
-0.3317721932  
-0.09103810392  
1.275018969  
1.067779599  
-0.5172850851  
-0.1875183251  
-0.2804114611  
0.7432819723  
0.4307527987  
-0.0228301957  
1.369571412  
-0.08487431692  
0.1463088202  
-0.04160203925  
0.8221022013  
0.3074697373  
0.007136054449  
0.1261135756  
-0.2565920038  
-0.2066165666  
0.0983474524  
0.124889934  
-1.089852779  
0.4303635954  
0.7474302361  
1.025203315  
1.183155202  
0.9106886542  
-0.2727147619  
0.170903995  
1.171909895  
0.591616048  
0.5178136872  
0.4188025972  
0.9334631853  
-0.2762496121  
0.2495688866  
1.089546174  
1.82410574  
1.926891699  
1.000262102  
0.1495842533  
0.4417226223  
1.465209097  
0.5027297794  
1.384363727  
0.0140127793  
1.712377013  
0.1271815694  
0.5571958695  
0.2435850377  
0.554779401  
0.1699545179  
1.57740793  
1.550593736  
0.7975773288  
0.9522446818  
0.5786636936  
0.4913298777  
0.8754124825  
-0.1069691404  
-0.111843195  
1.298784133  
1.895150291  
-0.5611646697  
-0.7123778475  
-0.3002410511  
-1.251108276  
-0.3785032636  
-1.041084961  
-0.5959604075  
0.6296357415  
3.217449516  
-0.9363552484  
-1.572214849  
-1.283036758  
-1.036691719  
-1.104658475  
-0.8432891114  
-0.8701013734  
-0.8721392501  
-1.384873923  
-0.8510119271  
-1.260312838  
-1.214252864  
-1.595531899  
-2.158194639  
-1.461818944  
-1.168960844  
-1.403154294  
-0.8537330838  
-1.208766523  
0.0616138868  
-0.711923566  
-1.622313496  
-0.8331331701  
-1.243574591  
0.1400757585  
0.2252764589  
-1.565954601  
-1.633402484  
0.6051851805  
0.6462355236  
-1.280307643  
-1.179081405  
-0.6999719449  
0.5911945482  
-0.05079681816  
-3.27160777  
-2.423540684  
0.004090048017  
0.3031648613  
-0.9347097419  
-1.287234082  
-0.7139319954  
1.459680012  
0.1188722648  
-1.476830041  
0.3145277638  
0.0259108657  
1.585065282  
-1.609924628  
-1.528432346  
-0.5142098208  
-0.7310492887  
-0.7161848779  
0.1679519877  
0.9525301713  
1.517607991  
0.4745973276  
-0.8754812126  
-0.6755647063  
0.1551981474  
2.131784294  
-0.5747227816  
0.178728831  
-0.9928540905  
-0.9956751007  
-0.7907175877  
-0.3414896287  
-1.293221438  
-1.236947816  
-0.6483750066  
-0.9619885639  
-1.005037961  
-1.436559488  
-0.3836262659  
-1.31280037  
-0.3811834182  
-1.042520549  
-0.4983701552  
-1.735145296  
-0.1211854808  
0.2620011142  
0.02803510297  
-1.932875243  
2.083418893  
0.4657261187  
-0.9278370154  
-1.247129102  
-1.774922165  
-1.394313683  
1.227552162  
-0.463857475  
-1.221182756  
-0.643851973  
0.6870685896  
-0.8028424007  
-4.278314885  
-3.780116792  
-1.768366305  
-1.216331654  
2.630720858  
-0.6362965501  
2.323890012  
0.7117844185  
-1.078114773  
0.4073717966  
-0.608421638  
1.005332061  
-0.5898268426  
-0.5071777479  
-3.212786673  
-1.874016644  
-1.524231297  
0.2086333897  
-0.52498661  
-1.029755516  
-0.7792495527  
-1.251647821  
-1.724944224  
-2.073319684  
-1.570036702  
-1.578502373  
-1.446626832  
-1.465851895  
0.9996116224  
-1.274048493  
-1.846390154  
-1.425910244  
-1.655725378  
-1.044909248  
0.449658878  
0.6574750078  
-0.9408748947  
0.9674072597  
-1.296671365  
-0.981028636  
