6361.832671  
6141.842666  
6104.289353  
6112.203222  
6107.240463  
6139.881105  
6075.512457  
5996.858796  
6054.729551  
6158.356723  
6037.38752  
6124.002856  
6139.617189  
5929.032459  
6071.056526  
6095.484321  
6097.453223  
6039.520939  
6061.051458  
5993.366714  
6109.703396  
6064.769784  
6008.5666  
6036.427464  
6087.918997  
6086.588914  
6012.431179  
5968.901143  
6041.468966  
5993.812527  
6054.076355  
6036.497176  
6094.437608  
6065.153299  
5954.182131  
5986.170431  
6023.357842  
5928.815738  
6008.007449  
5918.588733  
5984.313462  
6036.182532  
6033.515189  
5959.047396  
5918.38955  
5959.72587  
6030.833503  
6036.132778  
5906.824973  
6012.94202  
6188.256028  
5961.388118  
6063.558807  
6024.408053  
6004.126377  
5980.51668  
6078.82679  
6102.476982  
6002.384317  
6009.13504  
5988.937815  
5999.250767  
6117.786258  
6119.408179  
5946.646309  
6055.592559  
5983.285513  
5963.277637  
5991.789445  
6029.645908  
6017.940272  
5930.846008  
5983.606257  
6020.895705  
5942.574064  
5995.849701  
6020.132698  
5962.442839  
5916.495417  
5913.029191  
5962.398188  
5939.681189  
5971.987838  
6061.176712  
6081.2955  
5972.743774  
5961.545482  
6081.551071  
6106.217943  
5955.371997  
5953.494627  
6053.564939  
6053.970044  
6028.925111  
6019.519475  
5945.168753  
6029.824683  
5886.481987  
5885.374632  
5991.146651  
6078.462682  
6165.919171  
6082.883253  
6044.040297  
6110.422548  
6064.725775  
6073.932828  
6040.646264  
5964.271966  
6101.928935  
6014.378917  
5930.236215  
5925.191177  
6024.16578  
6038.750992  
6048.509497  
6058.197292  
5962.219688  
5992.878207  
6048.591876  
6023.163513  
6028.245899  
5969.913492  
5955.254607  
6044.789491  
5986.702487  
6126.946959  
6045.880198  
6016.077903  
6013.264634  
6117.232189  
6023.802429  
6067.684431  
6052.324204  
5993.607917  
5976.710189  
6098.657183  
6129.454792  
5984.246718  
6002.628044  
6059.966323  
5988.033535  
5927.482536  
6048.723133  
6000.3675  
6109.155059  
5999.436604  
5946.795212  
5986.803465  
5988.051758  
6124.093132  
6084.171114  
6007.546969  
5988.587603  
6021.53015  
6069.715228  
5993.173508  
5847.587126  
5954.516752  
5974.356814  
5969.859474  
5968.026503  
5933.890404  
5968.948521  
6010.095329  
5982.654907  
6015.440985  
6088.19095  
6099.075673  
6205.785732  
6200.806602  
6130.155441  
6022.906361  
6039.028687  
5979.262148  
6110.922755  
6034.64194  
6067.141361  
6147.467172  
6193.691327  
6102.67285  
6214.701836  
6225.572632  
6139.303325  
6157.322191  
6071.867015  
5971.635266  
6006.329981  
6052.113067  
6035.515534  
5959.400393  
6122.365161  
6028.458257  
6131.291207  
6059.099017  
6027.220541  
6069.216244  
6021.377656  
6040.280197  
6158.532018  
6102.012983  
6043.069363  
6078.444066  
6069.969477  
6073.460816  
6062.372004  
6114.947566  
6179.307744  
6036.720529  
5978.731509  
6133.961395  
6113.373341  
6202.509912  
6064.510998  
6042.014261  
6141.798006  
6144.203342  
6047.64841  
6132.222842  
6015.176073  
6066.565673  
6035.301867  
6034.41301  
6109.392456  
6044.112696  
6066.577198  
6028.495335  
6091.886799  
6002.635439  
6074.145046  
6080.030776  
6052.200393  
6039.621953  
5968.57828  
6127.355421  
6050.857164  
6018.804833  
6097.227984  
6084.887604  
6090.578804  
6107.448522  
6073.798434  
5890.813962  
6033.770361  
6076.604536  
6063.148747  
6069.331677  
6019.809926  
6147.952043  
6122.131053  
6085.45815  
6086.884943  
6177.339479  
6147.476899  
6080.756517  
6223.260357  
6099.49157  
6037.989219  
6018.589411  
6141.742834  
6221.091316  
6120.142056  
6143.943916  
6168.041774  
6220.171161  
6071.028583  
6164.342146  
6083.39894  
6186.757076  
6098.467603  
6151.471793  
6159.036529  
6079.519282  
6065.100888  
6047.55344  
6128.355863  
6097.275073  
6060.457033  
6042.524203  
6075.919312  
6140.410576  
6142.70814  
6045.2669  
6122.029023  
6104.917443  
6022.685187  
6006.284788  
6179.194258  
6111.091685  
6285.035276  
6035.43998  
6332.898626  
6050.637811  
