1.159163801  
1.656609486  
0.9843558675  
1.158596683  
0.7522918045  
0.8029970881  
0.6102500947  
0.7844416772  
0.7248188234  
0.5835180695  
0.6916348674  
0.7624517286  
0.6441628464  
0.7849023802  
1.180886229  
0.9822131382  
0.5253966322  
1.239580365  
0.5027805062  
1.396941444  
2.211648425  
0.5579526511  
1.109540294  
0.6404932138  
1.134842396  
1.105044835  
0.7845700267  
0.7732650235  
0.696276159  
0.7453065809  
0.701819118  
0.4666310226  
0.8649739103  
0.6645716413  
0.7433768146  
0.7840640248  
1.136668546  
0.9313904396  
0.6948613028  
0.7762539022  
1.765319135  
0.8044210303  
0.6815837025  
0.8922957817  
0.9096865798  
0.2640947947  
0.531962696  
0.6938887226  
0.3351733464  
0.3257357291  
0.3792268858  
0.2713991801  
0.2487336634  
0.5374387503  
0.4621066424  
0.7576009004  
1.763603418  
-0.07121069102  
1.163502373  
1.58324543  
0.1133229103  
0.2508895213  
1.18636189  
0.3065300024  
0.5916035204  
1.65190313  
0.4407697448  
0.5901649867  
0.4938500258  
0.5188489026  
0.3441083142  
0.2405265566  
-0.05981548148  
-0.2329811518  
-0.3000936182  
0.2785327291  
0.1874215125  
0.2439456473  
0.3099288602  
0.3548467404  
0.1559248427  
1.030199351  
1.820100225  
0.6471203128  
-0.07492583209  
0.2605363751  
0.2041218073  
-0.206240928  
0.3340693081  
0.002826963276  
-0.2185699147  
-0.1075665552  
-0.45230699  
0.5460033897  
-0.07230666805  
-0.193235838  
-0.1051261466  
0.1992276796  
-0.597296647  
-0.3282852887  
-0.3666524514  
0.1255877858  
0.5709850835  
0.6741137632  
0.5426677648  
0.4135457867  
0.5667020068  
0.7159506687  
0.4610251074  
0.3193982923  
0.3963356945  
0.4095059551  
0.5074929188  
0.8825326118  
0.6502176496  
0.6153721842  
-0.01488601513  
0.5735034534  
0.9329320439  
0.01174002157  
0.1244327382  
0.2119925452  
0.1920868284  
0.2427550893  
-0.5659849995  
-0.6300417934  
-0.08460544301  
-0.1083258847  
-0.5009001487  
-1.311750049  
-1.429378033  
-1.342486778  
0.5909194148  
-0.7667902942  
-0.9817664643  
-0.803353431  
0.2444081746  
0.007709544945  
1.152895954  
1.155356411  
-0.5378261319  
-0.7056687575  
-1.014424636  
-1.102784189  
-0.4308329979  
-0.2767364875  
-0.1074415336  
-0.007317177784  
-0.7260601662  
0.7881142029  
2.487521556  
0.8115634476  
-0.5636290892  
-0.8620635031  
0.8501281407  
0.9458600526  
0.03137271728  
0.8167185507  
0.8304917219  
-0.553850588  
-0.5770095215  
-0.3602204755  
-0.5119089417  
-0.6921994558  
-0.2735631998  
-0.2056575041  
-0.04274810528  
0.5932952159  
0.1809125285  
0.06498226355  
1.364842207  
0.1933416313  
0.8440877377  
1.483692049  
-0.2610534433  
0.2999657607  
-0.3805912516  
-0.03630798752  
-0.4252792504  
-0.08111964863  
-0.02496168437  
-0.2963285676  
1.374294301  
0.3774129762  
0.9112380598  
-0.01366182979  
0.8860064988  
1.589969887  
-0.8090953559  
-0.2063995019  
-0.3564610727  
0.2990552926  
0.8040056692  
1.134555861  
-0.5231030027  
-0.302468375  
-0.01535982792  
0.851263234  
0.6774954369  
-0.2223002864  
0.03358163494  
-0.5891493824  
0.02107227083  
0.08125937162  
0.0940148008  
-0.2579855659  
-0.001466889231  
-0.04233558821  
-0.3443888312  
-0.1282754624  
0.7167334835  
-0.2235008544  
-0.6023478637  
-0.6223152068  
0.3599858736  
0.2791907122  
1.253010743  
1.342652614  
-0.4843042001  
0.7248171185  
1.857023047  
0.7096991471  
0.6673606285  
1.046934591  
-0.4531785174  
-0.2477313082  
-0.1847574211  
1.495745628  
1.109170052  
-0.3122305376  
2.086217956  
-0.1247656585  
1.111803324  
0.4291386096  
1.222264897  
3.009698676  
0.6479093941  
0.6432261519  
0.4707744225  
0.5384084727  
0.3300466858  
0.6385544654  
-0.08315064022  
1.199301913  
1.408874949  
0.1680637051  
0.9223703795  
0.4268200829  
0.08499454578  
-0.2671611385  
-0.04942782368  
0.1587015155  
0.7648833109  
0.4633816174  
-0.5036554112  
-0.3328842275  
0.1087899263  
-0.4245081329  
0.7388376054  
-1.05684249  
-0.1808597285  
0.1509842067  
2.597116917  
0.4090187031  
-1.335307609  
-0.9467354706  
-0.4815471916  
-0.4338119792  
-0.4043844449  
-0.8737877755  
-0.6930394861  
-1.556809703  
-0.7531590018  
-1.54761159  
-1.205975445  
-0.9715098221  
-2.012613369  
-1.076909154  
-0.6677645819  
-1.342727358  
-1.014108488  
-1.480849073  
-0.07764117061  
-1.233773393  
-1.54390272  
-1.362556988  
-1.091553272  
-0.7327941227  
0.05080515444  
-1.695695838  
-1.199149245  
-0.2083885092  
-0.2743278384  
-1.143559296  
-1.264327746  
-0.2652312196  
0.06014362108  
-0.5522619855  
-2.277209389  
-1.678278735  
-0.1501934758  
-1.404053061  
-1.361030169  
-1.174647948  
-0.4401634782  
1.777797988  
-1.313150981  
-1.358580244  
0.1954814061  
0.1114513213  
2.487604465  
1.27903418  
-1.494654455  
0.2474320578  
-1.091012268  
-0.1145485713  
-0.5669706775  
1.355282832  
1.574259497  
-0.6705474174  
0.005555981216  
-1.5315697  
1.007884103  
1.101499604  
-1.118168869  
0.6963662761  
-1.075241862  
-0.8996404881  
-0.6970737251  
-0.6948266734  
-1.586221795  
-1.016300054  
1.643709204  
-0.2940989306  
-1.141721212  
-1.276124348  
0.007808488647  
0.06003482952  
-1.38032265  
-0.7568044862  
-0.9559479561  
-0.803536141  
-0.02223049964  
0.5627397434  
0.2623024578  
-1.659511263  
0.4381780428  
-2.245668928  
-0.4899904572  
-1.0699623  
-1.441775844  
-1.658699907  
0.03087366221  
-1.542727371  
-1.057766853  
-1.073187919  
0.4720876964  
-0.8670231519  
-4.010510736  
-4.708608535  
-1.894132559  
-2.460191558  
0.7486856623  
-1.950130718  
1.956779262  
1.317681068  
-1.950752946  
-0.3790857117  
-0.7610699607  
0.5092680004  
-0.3638279644  
-0.1460125404  
-3.281438119  
-1.185157869  
-1.497355908  
-0.07560394994  
-0.9352382931  
-1.281268623  
-1.107051137  
-1.291595791  
-1.708659838  
-2.245025863  
-1.373793793  
-1.557656438  
-1.694401167  
-1.793817871  
0.9472494791  
0.4003611735  
-2.476569737  
-1.274909637  
-1.55557089  
-0.8353340151  
0.6058888062  
1.698953576  
-0.8663592939  
0.3597311612  
0.2118545737  
-0.1111493194  
