0.4603275355  
-1.559848373  
-1.649968218  
-0.3790551396  
-1.440649415  
0.7001066858  
0.9815453373  
-1.014792288  
0.7482591021  
3.689912229  
-0.1421880053  
-0.6194524931  
-0.3361495519  
-0.2500435313  
-1.204352467  
-1.116954575  
-0.7391453129  
0.1139615452  
0.7441172812  
-0.9111942443  
0.1575919677  
0.296117617  
-0.865150126  
-1.045353541  
-0.4257213383  
-0.5989676085  
-0.6315766354  
1.469551467  
-1.137730024  
-1.066157299  
3.134306542  
-0.4069592253  
-0.2868698843  
0.8728951749  
-0.9513881001  
-0.5328713778  
-0.6678358015  
-0.424482379  
-0.4354727657  
2.417408773  
4.415538619  
-0.8281380611  
-0.2242236863  
-0.1978181061  
-0.3346524869  
-0.4667823904  
-0.5073440168  
-0.6819570858  
-0.7213822959  
-0.4017563185  
-0.2700645683  
-0.5987158657  
-0.4610779991  
-1.317540833  
-0.9773268215  
0.6134190858  
-1.24209438  
-0.8713583768  
3.072518026  
-0.5578548003  
0.3687597463  
-0.4768632336  
-0.7850197044  
-0.3532866893  
-0.7995758007  
-0.3506265253  
-0.7931242102  
-0.05714979434  
3.52849003  
-0.5929896782  
-0.5532954498  
-0.6251045733  
-0.387127007  
-0.6393923773  
-0.6011947542  
-0.5217340975  
-0.5102744269  
0.3644411554  
1.292202995  
-1.059969617  
-0.8273615518  
-0.01777571321  
-1.748605006  
-0.1067144651  
0.7945350506  
-1.269040722  
-0.4088452841  
0.1341537689  
-0.9712385184  
-0.9766205277  
-0.2654794715  
0.1292960799  
-0.1941280212  
-0.08308461949  
-1.058142152  
-0.5031562936  
0.2616388139  
1.281931177  
0.04768353087  
1.976342868  
-0.6208396773  
-0.2336844192  
0.1020212796  
-0.1737755317  
1.236699308  
-0.7739389329  
-0.2181410873  
0.2335601776  
-0.3348177787  
-0.139573027  
-0.03182021789  
-0.9828217748  
2.520595067  
-0.4813455787  
-0.9796911574  
0.7012418588  
-0.235430977  
-0.134246387  
-0.5229513285  
4.195210481  
-0.2294315555  
0.7591906394  
0.7761130237  
-0.1316378672  
0.03907851412  
-0.4890212305  
-0.4028362699  
-0.3984636828  
-0.2154392763  
-0.1227977351  
-0.6400511939  
-0.1900885557  
0.1650365066  
0.02189513362  
-0.6933669043  
-0.6732875772  
1.735790945  
0.04216527747  
0.00416925015  
0.8053515746  
0.0118806373  
-0.4884611577  
0.5532510984  
-0.02563761394  
-0.1768889845  
-0.2972746284  
-0.7571618315  
-0.5886802023  
0.09750471406  
-0.3301693881  
-0.8600301922  
-0.5509454489  
0.6675829655  
-0.7545226609  
1.386755404  
-0.3711504828  
0.3433849457  
1.306401573  
0.3257546771  
-1.04249765  
-0.7122795789  
-0.7534504863  
-0.4820201907  
1.568805052  
-0.2664772135  
0.198871047  
0.1690904511  
-0.3461740964  
1.097679495  
-0.5472109584  
0.7178314581  
0.4226850259  
-0.169728317  
-0.7589571299  
3.158993307  
-0.2642634409  
0.3434545308  
-0.2645606287  
0.8945136669  
-0.08753566907  
2.218399167  
0.008623820931  
-0.1711246519  
-0.2041129025  
0.4766551025  
1.176510681  
-0.3913695592  
-0.6348765381  
0.4730229751  
-0.233554256  
-0.2589135419  
-0.2857961032  
-0.1720927771  
2.171231532  
0.05581803742  
-0.464945233  
1.615873211  
0.5032915101  
0.3242729331  
0.6332100467  
-0.3768112035  
0.3324943047  
-0.1544223922  
-0.01017619428  
-0.2391941309  
-0.3875675621  
0.3758459151  
0.3047857726  
0.5715410246  
-0.2090570747  
0.2769315443  
-0.2972889304  
0.7936839976  
2.720459208  
0.8259327413  
1.667362266  
-0.6689834864  
0.01033836498  
0.1067662163  
0.6113491598  
-1.062314063  
-0.5837566669  
-0.493021124  
-0.765051929  
-0.8766647284  
