1.814069985  
2.68213219  
1.991829751  
1.568128327  
1.034677786  
1.960386898  
1.716757796  
2.906002209  
3.893899917  
1.237615363  
1.644198111  
1.224404469  
1.590267174  
2.215689603  
2.160979394  
1.328536262  
1.405702894  
1.45050416  
1.545930038  
1.512157404  
1.394969809  
0.7940227714  
-0.105172167  
1.359499647  
0.06859340888  
-0.1706933364  
0.1897739111  
-0.7309428817  
0.2608906024  
-0.004445429807  
-0.1430328287  
-0.1710060435  
0.3630512539  
0.1106290093  
0.08369578793  
0.5243238066  
-0.1960918599  
-0.2542324459  
0.4683366741  
0.4053381171  
0.1440379917  
-0.2191504213  
-0.1651032268  
0.5104391758  
0.1978167907  
-0.1672183405  
-0.375526544  
-0.4932128753  
0.2071027621  
-0.1677176396  
-0.1576894025  
-0.1812427667  
-0.7313246058  
0.4086186921  
0.4001149355  
0.09398564163  
0.6505274721  
0.5353495619  
1.484408356  
0.1871495631  
1.82022351  
1.483682677  
0.1482599911  
0.04089839244  
0.208524707  
0.5498128126  
0.01231351047  
0.1120884174  
1.170087636  
0.3431794926  
0.08124704534  
-0.02469037627  
-0.188594434  
-0.1721205726  
-0.08397733615  
0.4070125248  
-0.2918419732  
0.2338596228  
-0.3091514444  
-0.5546378584  
-0.04337020467  
0.1528165817  
0.3237158724  
1.292871147  
1.135382392  
-0.4362074205  
-0.05794153186  
0.02840942158  
-0.4106251639  
0.6809803282  
-0.3202059607  
0.4047732889  
-0.1370408036  
2.578981565  
1.658670819  
2.319121091  
3.218417275  
0.6898817532  
2.380785833  
1.070800293  
0.7256553189  
-0.1041029481  
0.5376715374  
0.08598547026  
0.8714258906  
-0.3831180757  
1.204480342  
2.350336792  
-0.06414413362  
-0.8136996534  
-0.9728432332  
-0.7388825124  
-1.091446346  
-1.597050675  
-1.281980398  
-1.805128597  
0.4489020548  
1.871438362  
-0.1416144423  
0.1807918481  
-0.3537217336  
1.346465536  
-0.7972853335  
0.6392131953  
-0.3985556891  
-0.1808285742  
-0.6487836343  
0.1062852319  
0.4462799171  
0.009724629825  
-0.9344144288  
0.7164980262  
1.063288422  
-0.1498050544  
-0.1506211864  
-0.450248745  
-0.988865008  
-0.6494290468  
-1.504058172  
-0.7423597853  
-1.485860308  
0.02609264353  
1.895599859  
1.859862501  
1.933723349  
-0.7673943518  
0.437039766  
-0.6532385902  
-0.2115426697  
-1.148404932  
-0.9145680635  
-1.380183013  
-0.806703969  
-0.5800808025  
0.02025761535  
0.7410286701  
-1.361645705  
0.2373949087  
-0.8269678882  
-0.333512073  
-1.374903659  
0.591953232  
-0.8478188221  
-0.01548654036  
-0.5745263259  
-0.691957305  
-1.029664622  
0.4097086144  
1.770944982  
-1.510606497  
-0.6679739666  
-1.339397118  
-0.8622030681  
-0.9761407754  
-1.16452681  
-0.7848750453  
-0.4673916877  
-1.1572441  
-0.4220900989  
-0.9994860764  
-0.3969713786  
-0.9482859131  
-0.7120259284  
0.08084982054  
-1.452666121  
-1.049939326  
-0.9830896611  
-1.042334728  
-1.325903906  
-1.115660283  
-1.44040111  
1.326019328  
1.06327054  
0.4699469544  
0.3021227561  
-0.5527198477  
-0.5299622528  
-0.8728261915  
-0.638178344  
-0.5937094231  
-0.6070728354  
-0.6009455206  
-0.438628473  
-0.7406777333  
-0.8186093518  
-0.03699624378  
0.623479004  
-0.8540436932  
-0.6460918592  
-0.8096874897  
-0.7648057641  
-0.5473328633  
-0.6533423062  
-0.3505918918  
1.998072348  
-1.73814794  
0.1800208776  
0.7401532123  
-0.9141695679  
-0.9276259061  
-1.143396027  
-1.065337871  
-0.586035811  
-1.192803454  
-0.786854416  
-0.9682446739  
-1.333782567  
-1.205818855  
-0.6515352898  
-0.2059333727  
-0.3469533979  
-0.6808093676  
-0.1004396056  
-1.087409464  
-0.2343100576  
-1.225846179  
-0.9507117422  
-0.4341798086  
-0.1994760711  
-0.8723387798  
-0.528256008  
-0.4059076499  
-0.337638697  
-0.2643347075  
-0.4997308462  
-1.089395136  
-0.7725634855  
-1.192654819  
-1.116311437  
-0.9676347211  
-0.3714467178  
-1.514243284  
-0.5832448776  
-0.7752427056  
-0.5662020561  
0.08270510931  
0.9190107171  
-1.087983027  
0.2073100407  
2.670831759  
0.4905042162  
0.5204473527  
0.2882454759  
-0.5451914178  
0.5272323883  
-1.26590802  
1.229150213  
1.429733591  
-0.4660152031  
0.1305314748  
-1.424050858  
-0.9830211247  
-0.2632743261  
0.6922653635  
-1.285505847  
-0.4958528721  
-1.024486255  
0.2095699033  
0.3012420001  
-1.01114914  
-0.1401061573  
1.239195209  
-0.1464227009  
-0.3085598259  
-0.123684331  
-0.3702780025  
-0.1093083721  
0.4371557781  
-1.232603669  
-0.1043898084  
0.7804470236  
0.3401320769  
-0.569187763  
