6398.599849  
6272.833074  
6094.068982  
6059.345768  
6100.844755  
6015.556655  
5976.63721  
6044.553814  
5992.223314  
5963.951657  
6111.104861  
5986.45419  
6113.096875  
6092.942962  
6047.716792  
6108.006304  
6034.030276  
5958.395613  
6055.321976  
5958.967169  
6160.736646  
6205.757982  
6078.048899  
6188.968028  
6001.368604  
6070.590318  
5999.546225  
6035.585441  
6116.035607  
5992.74322  
6011.573795  
6107.104069  
5995.596954  
5933.827226  
5961.228657  
6034.319399  
6097.333483  
6031.306864  
6104.846715  
6039.862386  
5976.295728  
5983.829811  
6033.424464  
5953.108679  
6065.929573  
6020.59876  
5981.815407  
5983.531447  
5999.708454  
5998.65382  
5939.804797  
5965.342828  
6046.309256  
5952.649758  
5902.125108  
5948.406031  
5829.523602  
5909.292307  
5954.351813  
6015.376169  
5951.700243  
5934.78489  
6072.389656  
6004.290216  
5916.230012  
5968.00523  
5955.249671  
5997.139795  
5928.339308  
5911.93365  
5962.135597  
5931.092295  
5987.076247  
5993.3023  
5984.142278  
5901.386942  
5976.844047  
5900.750724  
5991.380204  
5981.036942  
5905.016159  
6109.239505  
5957.426876  
6024.198845  
5963.509472  
6013.83072  
5944.608897  
6013.222595  
5980.59731  
5923.885255  
6067.61768  
6090.812376  
5972.119528  
6049.799694  
5887.119302  
6039.325335  
5885.954174  
6065.527526  
5874.654402  
6131.228104  
6017.672032  
6189.793264  
6419.553229  
5962.824773  
6015.555056  
6020.411159  
6041.217448  
6247.424368  
6319.0077  
6028.542071  
6071.024829  
5956.999425  
6086.664487  
5979.423987  
5933.634946  
5890.595508  
5819.729941  
5842.500219  
5846.193132  
5803.57384  
5855.122858  
5981.55211  
5674.128662  
5971.534367  
5946.445701  
5916.3434  
5923.649288  
5703.059117  
5877.488604  
5849.330116  
5786.194665  
5820.6685  
5857.670985  
5873.937222  
5851.38539  
6053.743141  
5807.317049  
5865.146316  
5833.208552  
5885.848978  
5923.778735  
5846.084008  
5901.843904  
5835.344753  
6064.023234  
5961.116822  
5864.369746  
5907.710798  
5856.197966  
5857.670824  
5778.850412  
5985.851182  
5856.794906  
5937.688443  
6051.140885  
5963.468233  
5972.623281  
5884.036574  
5938.944375  
5972.086754  
5848.110019  
6017.632485  
6226.786034  
5785.174333  
5969.562447  
6065.192246  
6269.212483  
5808.082376  
5935.401025  
5950.84405  
6022.739561  
5895.894803  
5939.347686  
6148.302122  
6424.85643  
6075.663812  
6062.15205  
5882.133173  
5894.12071  
6296.00737  
5921.933693  
6185.5467  
5911.056053  
6234.264726  
5741.385891  
5855.598801  
6161.022828  
6468.530202  
6575.473647  
6062.830778  
5933.309755  
6007.170329  
6364.898541  
6243.624033  
6255.654086  
6908.929636  
6541.911601  
6134.527382  
6136.275876  
5968.150121  
5972.643886  
5943.171653  
6047.142915  
5925.433163  
6050.328008  
6039.857897  
6059.686284  
6480.584856  
6060.582119  
6014.709477  
5951.507399  
6164.908054  
6502.236723  
5617.581947  
6223.20199  
6152.666139  
6185.784703  
5988.780158  
6191.226752  
6143.203424  
5823.331387  
5953.898377  
6158.25764  
6424.195829  
6150.751677  
5826.292775  
5646.807699  
6035.208232  
5849.553414  
5936.179767  
5892.702553  
5897.086371  
5905.145419  
6323.714203  
6214.386052  
5861.372554  
6117.821225  
