-0.4152916208  
-1.397414282  
-0.5543305935  
0.0452942174  
-1.685604395  
1.828185984  
0.1859880382  
-0.5734329328  
-0.7112118874  
0.7974434141  
-0.9220505412  
1.363153674  
-0.68568927  
2.372813175  
0.8709311586  
0.4389641018  
-0.6843701685  
1.115764023  
1.88358158  
-0.9247227209  
-0.2685300621  
-0.834211383  
-0.7493804232  
0.4003675976  
-0.6297873042  
-0.8450233925  
-0.8858084737  
1.664646032  
1.734418783  
-1.272036261  
0.6930287559  
-1.031790175  
-0.1941873603  
-0.8608075165  
-0.7738405836  
-0.9549908696  
0.2577152962  
-1.518480849  
2.142075886  
-0.8546249999  
5.37438942  
1.801301605  
-0.4074955254  
-1.170248097  
1.655630704  
1.13351313  
-1.231308522  
0.04652628977  
-1.714710736  
2.160476551  
0.7715991721  
0.356242375  
0.3253473682  
-1.874049098  
-0.1852818956  
-1.097068198  
-0.4659058648  
-1.671380586  
0.3557092457  
-1.094014974  
1.908402738  
1.719357144  
-0.6186288554  
1.481081603  
-0.4401610431  
2.283032354  
0.02074068355  
-1.038103717  
0.2808389824  
-1.004543552  
1.016861055  
-0.08143661582  
-0.8105571012  
0.6661769012  
-0.8281241809  
-0.5502652289  
0.1154337765  
-1.399629142  
1.273342469  
0.244414018  
-1.436722805  
-1.359827667  
-1.376066848  
-1.282221463  
2.290392264  
1.885181662  
-0.1473995279  
1.026828685  
-0.2183733284  
0.2037353237  
0.0858324498  
0.6775164343  
0.2740403706  
0.06063691866  
1.741028802  
0.7595751506  
-0.3571597306  
1.284108313  
-0.7590024941  
0.1108010328  
-0.4613261659  
0.8450628257  
0.3444426868  
-0.1960338574  
-0.3476890844  
-0.4959338285  
-0.4227169743  
0.0789660564  
-0.366797639  
0.4706088316  
-0.4639019116  
-0.00984315905  
-0.3844034586  
-0.4731233057  
-0.9477041844  
-0.1970067625  
-0.6009812143  
2.002953028  
-0.2301436322  
0.01253715152  
-0.2184022028  
0.6467878704  
-0.5988536952  
1.995957899  
1.134540217  
0.2699343759  
0.1546782945  
1.120220876  
0.4190054543  
0.1177145839  
0.06270728217  
-0.7668343864  
0.09338721797  
-0.4554946023  
-0.5712260402  
-0.5249463254  
0.4229338538  
-0.5747747743  
0.1223312457  
0.2215057421  
-0.2939690835  
-0.5527643583  
0.2194827074  
0.6085458163  
-0.0240400931  
-0.4108996285  
-0.1933885088  
-0.8258272299  
-1.002213265  
-0.9747896575  
-1.051545357  
-1.360322208  
0.4575248502  
-1.206812342  
-0.3231226759  
-0.5589567295  
-0.2687095527  
0.7550561468  
0.09795217484  
-0.4989515379  
0.7084297651  
-0.3173629134  
-0.5845695374  
0.2058617617  
-0.3644274296  
1.725889328  
0.3249701833  
-0.1704550645  
-0.2846252252  
-0.06297750583  
0.6901956623  
1.034250714  
-0.08757915912  
-0.846366349  
-1.002338011  
2.385436668  
-0.18179556  
-0.6174713162  
0.5404465799  
0.3170572973  
-0.1706704549  
0.1385760202  
-0.6193372863  
-0.2378778295  
-0.2222602058  
-0.6912536765  
-0.9567091767  
-0.7368108327  
-0.5791402099  
1.656323984  
0.01455379497  
-0.4913031313  
-0.09074905204  
-0.06450650649  
-0.1874776521  
-0.5936545403  
0.743748929  
-0.367938067  
-0.3863032362  
-0.5099865493  
-0.3629690414  
-0.08761095321  
2.205064457  
0.1085305456  
0.3667001384  
-0.1708175475  
-0.6660969189  
-0.2031847075  
-0.5918194961  
0.8533536618  
0.1086817734  
-0.421835546  
-0.5005437306  
1.271276157  
0.1245753928  
-0.4807893176  
-0.2086530159  
-1.195070436  
1.026579646  
0.9780759047  
-1.458739479  
-0.2533392655  
-1.493672689  
1.788258545  
-1.953297889  
