5244.330045  
5096.481622  
4865.913328  
4785.435097  
5067.326402  
4990.931472  
4792.620074  
4978.875424  
4857.725509  
4872.274322  
4859.188134  
5022.190275  
4972.360576  
4910.917596  
4820.618344  
4905.312796  
4964.538779  
4988.294434  
4966.433641  
4942.773055  
4830.445567  
4758.136984  
5016.550088  
4952.033088  
4715.418537  
4801.061433  
5033.411093  
4699.607996  
4808.108663  
4948.185562  
4861.361822  
4911.799008  
4863.94398  
4874.302809  
4913.617924  
5002.113583  
4879.478597  
4921.256641  
4840.724433  
4967.767517  
4845.935835  
4801.767805  
4938.26451  
4844.200173  
4898.677314  
4888.456384  
5022.844293  
4909.442719  
4897.768687  
4903.838224  
4850.051147  
4978.846112  
4889.218962  
4970.850474  
4779.284242  
4763.238883  
4984.188995  
4984.091534  
5002.466189  
4965.167687  
4936.91883  
4873.929286  
4846.58255  
5036.337473  
4834.328805  
4889.832451  
4912.458034  
4834.01836  
5086.266307  
4923.979611  
4979.174442  
4864.862894  
4873.770387  
4947.606982  
4907.50374  
4927.651874  
4985.220702  
4941.514374  
4905.99225  
4896.04548  
4965.38397  
4937.708038  
4918.53758  
4861.925593  
4994.351008  
4997.357579  
5002.698218  
4885.443362  
4878.479337  
5055.043448  
4838.840553  
4856.977313  
4896.750069  
4860.772226  
5066.004149  
4940.185758  
4929.529198  
4904.838564  
4756.556475  
4953.934754  
4793.896612  
4775.55978  
5040.165611  
4942.35652  
5087.036039  
5008.819432  
5033.012165  
4886.928546  
4900.986313  
4928.897772  
4906.611976  
4859.368029  
4980.156129  
5001.907137  
5019.247308  
5038.427167  
4985.815789  
4894.839097  
5097.740794  
4962.599326  
4905.54795  
5017.082889  
4949.079861  
5022.979407  
4931.485656  
4966.015552  
4982.686157  
4924.120202  
4997.311961  
4867.195924  
4992.424578  
4929.499699  
4799.669516  
4914.101657  
4980.584958  
4965.208076  
4957.105322  
4999.778042  
4852.238734  
5034.746426  
5003.845913  
4916.316192  
4916.658878  
4911.371392  
4888.60187  
4749.498366  
4957.063986  
4984.945109  
4917.65885  
4974.089598  
4928.850554  
5005.51858  
4964.314524  
4964.837667  
4958.176829  
4941.758615  
4832.995018  
4858.56752  
4982.215539  
4965.45503  
4990.346866  
4962.681347  
4949.59092  
4934.338449  
5001.185919  
5008.012401  
5043.612582  
5028.573154  
4901.192162  
4941.972492  
4932.821347  
4944.71924  
4886.974385  
4964.315542  
4939.912721  
4872.343455  
5015.590893  
4945.943114  
4876.019672  
4876.623606  
5088.913809  
4879.607489  
4956.404768  
4935.339714  
4948.297663  
4899.344294  
4935.547349  
4870.57715  
5017.575654  
4826.25833  
4868.569113  
4975.226505  
4991.091177  
4928.784809  
4951.625852  
4880.289114  
5000.201295  
4979.112403  
4807.237163  
5006.450624  
4972.282184  
4962.062942  
4937.855905  
5203.346691  
5010.564899  
4941.70255  
4895.426753  
4903.525919  
4917.866133  
4941.614101  
4975.94392  
4912.730862  
4991.867509  
4761.1429  
4918.910912  
4983.493974  
4766.987552  
4989.36137  
4819.338119  
4863.00441  
5024.795207  
4894.533771  
4975.70026  
4858.845243  
4924.92524  
4925.439785  
4967.817137  
5041.048839  
4954.949355  
4929.120059  
4944.975387  
4912.832485  
4802.760029  
4785.311246  
5034.858408  
4938.923371  
4902.08072  
4934.475326  
4954.833098  
4915.047316  
4875.634424  
4963.069731  
4807.152319  
4926.07259  
4941.314375  
5017.837808  
4952.501711  
5112.667  
5023.272066  
4989.918631  
5004.276688  
4944.728759  
4954.583274  
5033.835298  
4892.906574  
4917.573036  
4959.642491  
4998.734138  
4951.94536  
5003.283823  
5026.814529  
5016.451592  
4975.766523  
4981.408476  
4933.333603  
5029.112539  
4940.415345  
4826.96622  
4950.499772  
5008.688316  
4897.278763  
4980.848331  
4922.576856  
4839.040696  
4915.782965  
4947.8106  
4868.27244  
4853.297604  
4732.551534  
4990.440596  
4934.624065  
4961.067063  
4920.794516  
4979.266096  
4933.776131  
4916.197954  
4959.484177  
4931.126856  
4944.362156  
4975.065599  
4773.047009  
4746.10125  
5013.999111  
