1.029899087  
-0.5391065506  
-0.7593738353  
-0.9033091626  
-1.021570543  
-0.3633404837  
-0.9755562935  
-0.7787708977  
-2.055289381  
-1.74347721  
-0.5473705963  
-1.159680937  
-0.5008803731  
-0.7167624425  
-1.262554515  
-1.180520797  
-0.7039773815  
-0.01185523853  
0.043464246  
-0.3976709837  
-1.852558382  
-1.701148131  
-0.5585833119  
-0.8423363442  
-1.748237575  
-2.788985863  
-0.08701868683  
-3.94052986  
-1.898084358  
-0.5671498046  
-1.090955863  
-0.4541992879  
-1.361286132  
0.04823229854  
-1.212414452  
-0.193404242  
0.3186853245  
-0.6853073206  
-0.6253134501  
-0.7501635701  
-1.116535633  
-0.1730245253  
-0.7355769578  
-0.8693010318  
-0.8885516446  
-0.8468099421  
1.839271014  
-0.6242018777  
-0.42043692  
-0.4547353764  
-0.9209264473  
-0.2181903731  
-1.70280074  
-0.5332547782  
-1.809160725  
-2.950165894  
-0.0994391019  
0.02122000556  
0.2610250677  
-0.3087133217  
-0.3404921965  
-1.513506668  
-2.070581676  
0.7459947323  
-2.617881972  
-1.359410775  
-1.452712297  
-1.607069942  
2.348607671  
-0.6706230588  
-0.0510007999  
-1.692760885  
-1.506250855  
-0.009380859298  
1.181876338  
0.1242034161  
1.923899463  
0.1455768838  
0.4984779104  
-0.4920952869  
1.432755794  
-0.3106431346  
0.05762583531  
-0.1113016466  
0.5790804142  
0.8458080457  
0.7772854616  
-2.071891616  
-2.005000945  
1.11279989  
-0.7104576444  
-1.161950664  
0.3438715347  
-0.6233726282  
1.591428967  
0.4162065259  
0.1799583006  
0.2929882543  
-1.276522463  
0.7771265141  
-1.194664298  
-1.329236557  
1.104687747  
-0.184264262  
2.285693793  
1.797464693  
0.7445980372  
-1.190571859  
-1.254209721  
1.126704752  
-0.8013748254  
0.4576159539  
-0.04902771777  
0.6160338952  
0.390038629  
1.111719101  
-0.003821519741  
0.07133807676  
0.9327259102  
0.6748781962  
1.097231319  
0.2101563197  
-0.3782491381  
1.025914726  
0.9489773331  
0.1787576027  
1.222682531  
-0.3997664833  
0.6968434432  
1.677264731  
0.8494617907  
-0.7325871626  
-3.00751043  
-0.2916631604  
0.5068715532  
-0.06983620758  
0.5618591634  
-0.3187837829  
-1.184513605  
1.232762262  
0.3782929917  
-0.04196278798  
-0.3156080643  
-0.1320909093  
0.9079554869  
-0.8029540674  
0.9362015195  
0.4499173392  
0.595649099  
0.7942101443  
0.5548210016  
0.7637951163  
0.3403072588  
-0.07272374513  
0.6760607513  
0.8214307028  
-0.359781288  
0.5396361961  
1.456236836  
0.2248288606  
0.7150752574  
0.3398136114  
0.3623206774  
0.4662169108  
0.5309514079  
0.668301388  
1.433695501  
0.9555798512  
0.2384993291  
0.7227443585  
0.5690759163  
0.2682092727  
0.36736965  
0.5206900499  
-0.05678343714  
-0.3421111796  
0.7807919953  
0.5065846547  
-0.8182839844  
-0.4906914627  
1.192774882  
0.8476748188  
1.449311711  
0.3052347226  
1.442156278  
-0.4551627455  
-0.1386044168  
0.7185508867  
1.639040737  
-0.1526190303  
-0.2626733296  
0.2507841569  
0.4688863296  
0.942181627  
0.3589030399  
0.4251665001  
0.553410884  
0.1774465576  
-0.7364666876  
1.04443184  
0.520658176  
-0.5992998712  
-1.173888454  
3.132934378  
1.599348573  
0.809217291  
1.240037131  
0.4946954282  
-0.1350313562  
0.6265375873  
-0.7786406235  
-1.372947956  
1.178087601  
-2.400362718  
-0.7474203552  
1.093507135  
-0.004800069333  
0.8995182031  
-0.3172503431  
-0.779243726  
1.692987444  
-0.4285485235  
0.5157566152  
-0.2128702885  
-0.2894631721  
1.407598425  
0.6651507415  
0.6982493939  
0.3278638651  
0.7295774484  
0.4348775732  
-0.05678851857  
-1.021585726  
-0.1989826447  
1.018761426  
1.023944372  
0.7673816643  
0.2370362002  
0.3839326056  
-0.1024899398  
-0.8154786325  
1.223695581  
-1.006277644  
0.2003173387  
0.4641965242  
1.171568616  
0.01058017642  
2.055865033  
0.9363664211  
0.3069384443  
0.3964123369  
0.6095020489  
-0.08081268044  
1.12651015  
-1.32149986  
-0.5594498632  
0.3049687578  
0.501072335  
0.9424853031  
0.5885171502  
0.638485473  
0.2013285065  
0.5212646352  
0.3022201961  
0.3177600656  
1.259314618  
-0.2087483449  
-0.8245164368  
0.5445926751  
0.9196051258  
0.6610170098  
0.8710428273  
0.09592366463  
-0.4507565263  
0.0583456  
0.8670921895  
-0.1217192004  
-0.3162765095  
-1.171656264  
0.6942435298  
0.2359770439  
0.345174232  
0.4552164017  
0.9264526693  
0.02847245184  
-0.1430699184  
-0.08229122671  
-0.8231413183  
0.6327107876  
0.334666079  
-1.801894477  
-1.282243747  
1.095092422  
