6093.899805  
6262.000898  
5677.078611  
5914.060433  
5704.55547  
6010.473216  
6149.337553  
6099.815994  
6339.543566  
5918.44613  
5731.092182  
5993.630383  
5940.58088  
6135.340768  
5713.593493  
6255.416761  
6021.359311  
5811.061661  
5937.017652  
5872.234947  
5837.766902  
6256.681235  
6045.344517  
6051.650836  
5946.522883  
5974.121687  
6090.433281  
5974.806663  
6151.411952  
6016.005882  
5875.423227  
5919.790984  
6272.119134  
6025.372594  
5963.217165  
5970.75469  
6137.418133  
6020.710584  
5893.544055  
5919.359169  
6129.219216  
6075.551425  
5999.923063  
5982.071507  
5829.464897  
6244.423835  
5951.776259  
5910.945234  
5894.040206  
5962.296894  
6393.529234  
6012.252721  
5986.86946  
6100.51973  
6440.163645  
6087.313994  
6434.921198  
6048.399671  
5936.296188  
5931.988604  
6038.975727  
6096.008717  
6178.009089  
6148.835014  
6646.064683  
6180.710784  
6014.163242  
6313.144099  
6665.168663  
6464.903461  
6399.615697  
5976.409747  
6145.94912  
6282.81447  
6148.203545  
6070.256436  
6265.355792  
6203.131467  
6169.347985  
6144.875326  
6096.0043  
6845.329658  
6209.769367  
6413.753497  
6201.433108  
6615.27376  
6395.527892  
6614.164436  
6772.431246  
6517.155845  
6504.04273  
7125.097931  
6399.278291  
6989.251834  
6512.050284  
6884.297301  
7248.462157  
6659.758051  
6537.95678  
7021.572365  
6806.388103  
7325.963951  
7340.234864  
6472.597109  
6670.150131  
6751.814288  
6653.283629  
6580.206344  
6912.249093  
7816.848732  
7850.905703  
7631.711093  
7817.614516  
6498.120802  
6492.994204  
6718.82237  
6779.953885  
6705.665241  
7016.863296  
6642.99372  
5956.141138  
6090.202711  
6272.842397  
6992.964036  
6900.220151  
7502.66582  
7395.240371  
6661.486653  
6295.649196  
6907.686807  
7730.951573  
6763.683217  
6636.067049  
6946.843246  
6715.875573  
6174.050786  
6264.482772  
6473.062746  
6515.633226  
6311.689901  
6312.898645  
6386.631322  
6333.748066  
6190.002465  
6281.162777  
6258.986291  
6238.732538  
6128.962394  
6143.202199  
6159.178136  
6179.395464  
5969.128626  
5818.209571  
6034.367891  
5984.912458  
5822.255839  
6023.398699  
6413.467023  
6333.783478  
6147.518066  
6268.397861  
6275.349445  
6054.660464  
6471.872525  
6019.040982  
5972.638675  
6029.346614  
6158.871308  
6514.095352  
6634.624165  
7082.49924  
6684.097701  
6000.34855  
5934.012719  
5895.010103  
5982.14205  
6077.233492  
5946.217535  
5835.056986  
6200.331815  
5987.803306  
5884.125272  
5702.450909  
5827.970431  
5641.329645  
6158.790693  
6121.304819  
6139.039127  
6313.677511  
5890.847462  
6134.837725  
6017.374612  
6010.319939  
6501.584553  
6615.681837  
6444.339056  
6971.224793  
6647.340091  
6391.783884  
5972.509353  
5719.755569  
5649.779179  
5957.593414  
5851.879422  
5928.579433  
6463.178591  
6530.595344  
6125.650483  
6277.19016  
5912.473153  
5915.962003  
5696.059726  
5770.81495  
5711.232094  
5718.780163  
5884.396207  
6579.423884  
6608.195328  
7622.927562  
6176.644049  
5957.768433  
6114.4842  
6187.102753  
6111.903078  
6200.340188  
6100.913474  
6472.518986  
6102.031536  
6435.360634  
6303.021614  
6120.74308  
6515.097833  
6431.167189  
7174.670541  
7015.443343  
7052.719605  
6553.576274  
6679.789004  
6318.655934  
6934.640403  
6825.544568  
6387.586534  
6447.213171  
6297.66394  
6190.902076  
6585.116145  
6105.945211  
6242.000746  
6675.072638  
6679.670396  
6069.549265  
6350.720247  
7125.116219  
6490.410819  
6456.87487  
7316.258573  
6698.426213  
6033.461817  
6449.588162  
6689.381932  
7245.381367  
6654.456413  
6247.710213  
6269.784982  
6271.311375  
6139.444643  
6433.193901  
6771.578494  
6678.855195  
6298.811625  
6375.107716  
7138.467314  
6404.938084  
6437.045901  
6790.424194  
7385.431807  
7769.421116  
8065.713477  
6650.020958  
6253.923889  
6557.822315  
6214.772939  
6571.051048  
7118.287561  
7071.309362  
6302.886695  
6684.225568  
7099.070229  
7548.448239  
7034.183132  
6797.524255  
6294.561779  
6284.797192  
