6561.361751  
6358.783375  
6255.67946  
6244.065654  
6472.676474  
6253.30542  
6321.387565  
6107.133023  
6179.396066  
6276.565296  
6204.085678  
6237.51024  
6232.368653  
6181.81091  
6189.75847  
6197.621983  
6246.913243  
6214.965292  
6168.015412  
6133.658016  
6188.453297  
6166.827806  
6068.956931  
6097.474878  
6098.6543  
6080.804519  
6072.971923  
5997.073742  
6252.9214  
6155.488325  
6097.859407  
6128.740172  
5979.580727  
6243.98908  
6135.499469  
6130.768419  
6225.052374  
6227.497348  
6289.22446  
6193.542901  
6092.991645  
6139.02955  
6225.830761  
6124.346624  
6012.923814  
6089.450126  
6112.411141  
6277.610825  
6139.73322  
6316.195717  
6381.246346  
6249.670478  
6252.961492  
6344.896314  
6150.198162  
6141.840109  
6274.257184  
6133.439009  
6236.319695  
6273.258428  
6115.353999  
6214.210333  
6246.197667  
6152.705916  
6248.474579  
6248.551885  
6151.876752  
6104.813971  
6188.524712  
6319.415803  
6269.622723  
6153.277993  
6132.870287  
6209.627772  
6202.822539  
6237.225254  
6232.729927  
6343.636529  
6277.837923  
6077.485424  
6207.881188  
6157.22174  
6175.328202  
6106.744769  
6296.400234  
6217.495234  
6268.765444  
6218.662841  
6278.465932  
6089.694484  
6114.611192  
6145.583133  
6396.327834  
6458.231211  
6298.821216  
6164.083708  
6205.061524  
6385.851069  
6113.635836  
6162.361752  
6215.901085  
6259.480749  
6320.817717  
6287.090979  
6158.474828  
6210.03485  
6281.257005  
6224.287083  
6033.171911  
6189.41042  
6128.554991  
6165.965304  
6073.15148  
6121.108061  
6188.735625  
6268.03943  
6279.76108  
6200.233674  
6100.982273  
6186.825866  
6242.115879  
6330.783401  
6207.897648  
6125.992483  
6090.970837  
6248.692345  
6205.251071  
6305.855162  
6167.161959  
6232.157911  
6205.45494  
6345.745188  
6204.105976  
6229.103632  
6228.209263  
6339.092908  
6371.58766  
6415.415778  
6239.364608  
6219.864456  
6227.824837  
6350.792292  
6213.4727  
6292.532946  
6314.052049  
6266.849345  
6247.739968  
6286.851372  
6363.267438  
6196.785459  
6253.354739  
6332.318385  
6320.709025  
6301.677923  
6270.840178  
6093.17382  
6225.027762  
6227.142406  
6224.030887  
6067.746787  
6331.976811  
6406.488271  
6171.459819  
6169.304621  
6240.100398  
6309.545205  
6349.619786  
6269.776829  
6363.315793  
6214.669151  
6235.98206  
6329.184033  
6389.003256  
6369.265577  
6317.962671  
6253.218314  
6322.554908  
6331.508359  
6246.558094  
6198.484942  
6278.699096  
6378.773727  
6267.659815  
6306.316125  
6510.538973  
6340.41599  
6414.444739  
6229.282492  
6339.199584  
6438.913916  
6425.611734  
6415.863814  
6340.851758  
6237.342282  
6270.778234  
6306.917921  
6199.98914  
6210.381897  
6321.598935  
6197.480769  
6181.439187  
6329.835674  
6283.090215  
6111.639827  
6392.617289  
6362.621781  
6231.435436  
6271.767839  
6262.270617  
6188.316335  
6202.322964  
6204.876821  
6314.00727  
6126.245818  
6191.258026  
6129.732535  
6366.754081  
6295.979978  
6214.368357  
6181.068684  
6209.545727  
6260.979656  
6300.718504  
6138.683212  
6180.42865  
6335.027521  
6318.206824  
6683.066437  
6756.670364  
6311.8803  
6202.544324  
6670.750087  
6486.569071  
6309.837152  
6229.937304  
6405.387903  
6401.530449  
6239.490891  
6418.364934  
6281.438153  
6294.289956  
6332.195403  
6360.539158  
6184.935455  
6347.156652  
6256.684762  
6374.977633  
6320.706535  
6316.271099  
6371.148378  
6495.184769  
6200.816399  
6783.003106  
7054.000071  
6406.178918  
6451.315729  
6455.996798  
6960.945121  
6751.309258  
6439.825144  
6381.829148  
6448.282864  
6522.490052  
6339.229183  
6349.003399  
6439.648392  
6411.788915  
6489.153314  
6367.400295  
6467.711927  
7097.289783  
6812.794701  
6526.605585  
6674.323379  
6439.433559  
6413.964128  
6654.720976  
6669.541851  
6509.699788  
6380.263842  
6562.136695  
6622.344368  
6641.199879  
6521.203595  
6372.003644  
6516.798205  
6332.521007  
6439.341171  
6475.625296  
6589.768  
6487.972369  
6745.388307  
6500.139253  
