-0.591480612  
-0.009044722538  
-0.7974948882  
-0.6662316018  
-0.8727701843  
-0.2908988264  
-0.4512035181  
-0.683661954  
-0.894525554  
-0.97031146  
-0.4858057216  
0.1719762819  
-0.8179690812  
-0.02094615402  
-0.8248755192  
0.2501599914  
-0.03981678319  
-1.0031229  
-1.055448316  
-1.045506087  
-0.8374896012  
-0.6418806332  
-0.4539441036  
-0.718043524  
-1.267488137  
-1.229697485  
-1.043341619  
-0.4967918515  
-0.66674518  
-0.9131875861  
-1.252407252  
-0.5641496729  
-0.8582091001  
-0.3873694738  
-1.327406423  
0.7541001524  
1.997675311  
-1.189413837  
-0.4516334045  
-1.355104915  
0.5535824106  
-0.2648273401  
-0.4070540487  
-0.9161296701  
1.274292653  
1.439272017  
-0.951225387  
-0.7291945786  
-0.4465248258  
-1.095744392  
-1.629485805  
-0.6977447285  
-0.7638145803  
-0.6024754583  
-0.3867672327  
-0.3167021934  
-0.1396804149  
1.344148317  
-1.08045403  
1.663867758  
1.671470993  
0.4575148124  
2.245740917  
-0.3895703135  
-0.4670496996  
-1.096142825  
-0.303595834  
-0.9512149531  
-0.3321499433  
-1.109811273  
1.361039371  
2.432140091  
0.1900356719  
-0.02212556657  
-0.840617782  
-1.000864189  
-0.7334511585  
-0.6870631783  
-0.8090985283  
-0.8903133797  
-0.4189314869  
-0.3031777185  
-0.3048048449  
-0.6925157806  
-0.8443433155  
0.5720427183  
0.5736889071  
-0.9833648432  
-0.2749741175  
-0.2274412519  
-0.283480923  
-0.6349582188  
-0.4137760785  
-0.4816948885  
-0.03659070887  
-0.6478013864  
-0.4604281627  
-1.228995354  
-0.5601340235  
-0.4354876974  
0.3594007431  
-0.8382609345  
0.09491899957  
-1.095511082  
1.751702429  
1.464580656  
-0.1039807874  
-0.2228706096  
-0.6779347297  
-1.535230464  
1.389270086  
2.094768527  
0.0111460858  
-0.3158526985  
1.143194674  
2.167983195  
-0.766424139  
0.28506287  
-0.6217002272  
0.3289926229  
-0.4999211413  
0.3267804007  
-1.037769271  
2.112873517  
2.177362338  
-0.3687581616  
0.5581294217  
-0.9496996635  
0.05655361009  
-0.5997946854  
0.4810706373  
-1.008671431  
2.045039439  
1.777028426  
0.2925555835  
1.072555986  
-0.3002145399  
-0.6051335579  
0.423816813  
1.00939103  
-0.6269923208  
0.5545296095  
-0.6662165397  
-0.1292589438  
-0.4715839806  
0.04909981099  
-0.6661431362  
-0.4322078989  
-0.7071912945  
-0.09695758153  
-0.5217198853  
-0.110698567  
-0.5560490037  
0.03712848103  
-0.5667876884  
-0.1756874678  
-0.8611376213  
1.301294389  
3.370242308  
2.037247979  
-0.07686078235  
-0.4645023347  
-1.043313338  
1.627840277  
2.122680024  
-0.03239169748  
-0.1090840223  
-0.2528163123  
-0.6406279409  
1.368864162  
3.026210019  
-0.4955446294  
0.8413351185  
-0.9107554531  
2.495212913  
1.584710059  
1.591769996  
2.19278823  
0.04430086983  
0.7098101845  
-0.127316249  
-0.2860748666  
-0.07186397645  
-0.03937995982  
-0.06977694317  
-0.3013932527  
-0.5228839512  
-0.3879583122  
0.4599552546  
-0.4584549991  
1.261992259  
1.580874186  
-0.4494477562  
0.5653162956  
-0.6554961565  
1.411160659  
1.95237106  
-0.9875633978  
1.967104717  
1.599050332  
-0.02108014182  
-0.1562851345  
-0.2498629351  
-0.4104220724  
-0.4181896981  
0.3682534743  
1.050236362  
-0.2816456664  
-0.2981971665  
-0.8349760251  
0.1836456491  
-0.8442405133  
2.408491791  
1.896004069  
0.9558484918  
1.549267489  
-0.6067421232  
0.09211941903  
0.2064625145  
0.1808271513  
-0.7535216785  
-0.6382142312  
0.3177276885  
1.507177765  
-0.3434219607  
