5748.70592  
5416.759476  
5448.460531  
5401.670156  
5394.876285  
5351.944029  
5388.747402  
5210.724539  
5377.213525  
5345.00619  
5395.370507  
5303.286926  
5336.005852  
5230.912594  
5357.873821  
5400.499601  
5390.494431  
5426.355291  
5368.759741  
5348.306038  
5363.740848  
5355.582919  
5307.466452  
5337.164384  
5249.696448  
5305.79188  
5315.970314  
5258.994451  
5363.083882  
5324.64645  
5300.137177  
5385.055183  
5328.425264  
5387.163217  
5237.229398  
5326.099606  
5340.510962  
5330.357867  
5348.751342  
5262.622578  
5293.63718  
5398.049066  
5336.181424  
5290.04153  
5411.491145  
5372.967977  
5399.357325  
5316.862101  
5402.635764  
5495.171475  
5355.057362  
5354.771343  
5337.958167  
5331.865466  
5357.162522  
5327.035143  
5329.157345  
5336.855433  
5289.337015  
5340.545635  
5327.020739  
5408.830137  
5402.538586  
5401.842611  
5475.22335  
5317.434936  
5337.644195  
5385.28305  
5398.142577  
5444.665768  
5325.107728  
5433.018217  
5421.470132  
5431.916625  
5316.749545  
5368.354874  
5363.968294  
5360.900248  
5304.630944  
5371.08876  
5382.399056  
5303.619658  
5279.717506  
5333.778519  
5387.297468  
5343.320022  
5365.542453  
5325.513139  
5284.515097  
5276.743497  
5311.011376  
5329.317052  
5329.697385  
5308.154891  
5288.461533  
5377.787808  
5345.441107  
5316.916909  
5221.82382  
5421.511982  
5438.436287  
5435.83373  
5419.714235  
5331.213953  
5351.943557  
5407.844066  
5356.833939  
5306.423139  
5363.121404  
5351.140691  
5333.265087  
5376.517225  
5402.327033  
5371.101322  
5318.634598  
5404.930041  
5339.603281  
5244.839144  
5298.956033  
5374.239038  
5369.678842  
5460.009737  
5238.473754  
5297.005076  
5355.097226  
5399.427042  
5359.351288  
5305.837239  
5404.62725  
5409.62449  
5337.023774  
5312.22416  
5497.243898  
5307.201639  
5426.52029  
5435.050195  
5334.189791  
5374.474115  
5376.32235  
5327.320227  
5309.396879  
5298.330074  
5353.406435  
5298.801934  
5199.719217  
5288.76175  
5349.244324  
5315.298892  
5300.699867  
5458.435299  
5359.848636  
5353.66357  
5274.148565  
5312.40564  
5303.715141  
5298.191202  
5345.259068  
5345.801842  
5320.029714  
5355.153497  
5341.130372  
5297.816822  
5392.970814  
5405.27685  
5333.945245  
5385.484332  
5385.722414  
5364.247324  
5547.177976  
5353.308958  
5363.776512  
5355.010512  
5299.467907  
5303.891278  
5444.847776  
5374.248228  
5335.859753  
5341.955151  
5408.049493  
5347.069321  
5351.377083  
5300.612088  
5384.598799  
5382.496983  
5344.977787  
5282.815897  
5390.103364  
5400.688453  
5312.877429  
5404.02676  
5339.563333  
5382.4872  
5296.725573  
5394.025579  
5356.858204  
5460.103957  
5412.839593  
5281.431282  
5298.897677  
5396.405128  
5406.686082  
5381.307899  
5410.464436  
5287.818107  
5395.078882  
5433.025313  
5341.980039  
5331.974995  
5380.025281  
5362.327783  
5425.989229  
5336.667048  
5328.749408  
5339.524694  
5377.591602  
5345.452497  
5268.360815  
5363.805148  
5427.998433  
5412.879781  
5282.245412  
5238.23406  
5264.916881  
5351.847082  
5367.893839  
5363.869726  
5341.532402  
5356.164781  
5253.181672  
5396.957863  
5296.222066  
5327.325486  
5470.391999  
5371.581119  
5366.44545  
5450.208133  
5367.394133  
5320.955004  
5349.163343  
5328.151372  
5284.836778  
5351.376086  
5316.450034  
5372.873304  
5376.77523  
5287.851022  
5298.463326  
5291.671856  
5361.776178  
5263.337042  
5459.345222  
5251.361582  
5319.66541  
5290.44494  
5344.57259  
5314.63268  
5249.949155  
5269.366361  
5380.01911  
5366.964322  
5301.449298  
5422.329254  
5291.472061  
5415.924824  
5348.551528  
5266.674228  
5360.329015  
5356.292236  
5429.582418  
5486.125074  
5397.611594  
5304.314655  
5394.445811  
5342.266492  
5390.271694  
5361.744958  
5293.888342  
5338.962037  
5368.175298  
5358.323526  
5239.767978  
5329.830456  
5220.558335  
5319.927347  
5339.648593  
5396.043088  
5402.619797  
5361.844436  
5321.371646  
5256.736912  
5355.873515  
5359.016713  
5402.233592  
