2.204384665  
1.006576929  
1.854233414  
1.297660296  
1.33954933  
0.6420145401  
1.272519311  
-0.6096091806  
0.9559761825  
1.403627629  
0.744376907  
0.6005133594  
0.753749239  
0.02213863969  
0.2405674269  
1.720049549  
0.7163500235  
1.358017567  
0.6618386656  
0.743857529  
1.567146022  
0.5456580055  
0.9589876665  
1.23677718  
2.164760903  
1.488107936  
1.087808939  
0.9491352879  
0.5367042415  
1.713311534  
1.384412894  
0.5002160311  
0.8958974048  
0.6024398669  
1.424310233  
0.8020746325  
-0.4419525951  
1.801377037  
1.317046679  
1.15508796  
-0.4052156696  
0.2456365356  
1.849977617  
0.6597563164  
0.7841349478  
-0.1581418941  
0.6778900153  
1.031766148  
-0.4087800313  
-1.663869529  
-1.377874059  
-0.5725112522  
0.1851272243  
0.6902777815  
-1.386404553  
-0.8817140519  
0.607254597  
-0.7207939218  
1.52673188  
-0.4991587368  
-0.09368212788  
-2.650573851  
-2.374075884  
0.09082486647  
0.766155132  
0.8281535546  
0.3767715926  
1.284253683  
1.146137307  
0.9574581613  
-0.07752811442  
-1.182299555  
0.1699938657  
-0.2223896595  
1.0801624  
-1.168086699  
-0.687410675  
1.081655433  
0.6901715888  
0.2832062607  
0.4934660758  
0.9356459031  
1.345113447  
1.023302085  
0.5970043234  
0.5169500666  
0.1292830726  
1.619493297  
-1.474396535  
-1.329981045  
-0.36760451  
0.4477626217  
1.018819468  
0.3878163088  
0.1541576097  
0.8287448822  
0.7415222406  
0.3358152548  
0.2490568632  
-0.3632033805  
-0.02235074849  
1.095743293  
0.1273542565  
0.571443105  
-0.9532811714  
-0.1529380603  
-1.076550277  
-0.1526908129  
0.6471458111  
-1.008285035  
-2.055290315  
-1.44068756  
0.1741404174  
0.1420915145  
-0.6697290929  
-0.3656621557  
0.6835705098  
0.2759654752  
0.6245991276  
0.2181301944  
0.4208305674  
-0.1608870109  
-1.441923965  
-1.243180338  
-0.9341941813  
-0.3956719314  
-0.3790523332  
1.153005857  
0.8371909568  
0.3027595554  
0.2653699945  
0.6189011919  
0.3634238468  
-3.023502842  
-3.066446258  
-1.605510552  
-0.3914217015  
0.61358615  
-0.415095433  
-0.5280806822  
-0.3118887892  
-0.02675133097  
0.4869519471  
-0.286619336  
-0.1349454232  
-0.2058599382  
0.6376453868  
-0.6159156911  
-0.1049785425  
-0.5858167599  
-0.7289420034  
0.9890974278  
0.1945663146  
1.12397079  
-2.000811999  
-0.5109235577  
0.70600673  
-0.5644733608  
-1.392544675  
-1.027493093  
0.417538163  
0.1099292333  
1.427412369  
-0.4205182725  
-1.578480637  
0.4342286146  
-0.7667756856  
-0.1516006189  
0.4709498704  
-0.7618531178  
-2.057905857  
-0.5164869036  
-0.6237173505  
0.5561235389  
-0.2540716578  
-1.112263232  
-0.5777917867  
-1.265178589  
-0.2169639087  
-2.874483076  
-1.182769248  
0.368855885  
-0.538722622  
-0.1750404145  
-0.04221725708  
0.2807874311  
0.2592576194  
0.58967869  
-0.3239605378  
0.3910842515  
-0.2093457993  
-0.4092993613  
-0.7074963674  
0.1537274943  
-0.03497654814  
0.2857912821  
-0.9397462642  
-0.1596249819  
-0.6364961174  
-1.139603573  
-0.6020836029  
-1.484908381  
0.8777418057  
0.2362745032  
-0.5741772761  
-1.139481917  
-1.769828493  
0.4115199984  
-2.060868813  
-0.7741594594  
0.0578745817  
-0.1076287357  
-1.358096209  
-1.14702741  
0.1054599077  
-0.7952163221  
-0.0120616595  
-1.134298242  
-1.183446145  
0.03586294601  
-2.138829354  
-0.3386959935  
-1.199004577  
-1.470915037  
-0.184528813  
