-0.6116682079  
3.567333061  
0.4549519938  
-0.6621572591  
-0.7352710633  
-0.9897693284  
-0.816431448  
-0.7284324631  
-0.8043070817  
2.732773044  
0.05302426896  
-0.758768017  
2.682434137  
-0.225439064  
-0.5756848723  
-1.042857435  
-1.079847348  
-1.032006604  
-1.256085526  
-1.221753727  
-1.433657816  
-1.035536087  
-0.960479264  
-0.997500866  
-0.9391005625  
-0.9870081462  
-1.062902008  
-0.9084512556  
-1.180612897  
-1.282112597  
-1.144284981  
-0.8514942268  
-0.9656788797  
-1.110892128  
-1.395287731  
-0.8296621645  
-0.9808145746  
-0.878412727  
-0.5730629972  
-0.7189875123  
-0.8303529162  
-0.8765203676  
-0.9097669651  
-0.8835930324  
-0.9319036252  
-1.040271538  
-1.031985989  
-0.6814601529  
-0.915058728  
2.640080246  
-0.2315634491  
-1.054261537  
-0.9562694682  
-0.8735183252  
-1.212079045  
2.471329022  
-0.01616319661  
-0.8631706762  
-0.826105564  
-0.8788456454  
-0.8098569538  
1.239041543  
-0.119809489  
-0.927539901  
-0.5956008353  
-0.9744150267  
-1.353064895  
-1.054898821  
-0.5431722529  
0.3580652713  
-0.9316080571  
-0.9931846455  
-0.8687809337  
-0.3833019095  
-0.8679273681  
2.87022293  
-0.2431073469  
-0.7396100076  
-0.4587274112  
-0.7823913346  
2.870942762  
-0.1206328945  
-0.5698806145  
-0.5248274169  
-0.7593897835  
2.788715352  
-0.1828801245  
-0.6900799345  
-0.6533419258  
-0.8579823346  
0.1933196171  
-0.5030883607  
-0.5815287914  
-0.8040812018  
-0.7021215779  
-0.5958911181  
-0.7221923928  
-0.03200561309  
-0.5824041606  
-0.6579125149  
-0.3610408404  
-0.4961782812  
-0.5356918747  
-0.6247238858  
-1.074092401  
-0.7567236436  
-0.7680377389  
-0.7615170043  
0.1063005046  
0.8132511378  
-0.4825153984  
-0.3479181896  
-0.5538176781  
-0.5598822876  
-0.756889338  
-0.9594855384  
2.59050268  
0.1591239893  
0.2087038255  
-0.5127901698  
-0.06809582695  
-0.6952313798  
-0.8217305079  
-0.2669878517  
-0.7474250784  
-0.825858434  
-0.9197356237  
-1.022439673  
-0.7556966393  
-0.7738080986  
-0.292642725  
-0.4414974066  
2.628366415  
-0.01519877724  
-0.3803402851  
-0.1226746245  
-0.4766662848  
3.282894197  
0.6570550911  
-0.09390971414  
0.1676183285  
0.1469525639  
0.03875404253  
-0.04408865496  
-0.1524139537  
-0.1467619559  
1.363862981  
0.3156144645  
0.0147866647  
-0.5303395461  
-0.2724151845  
-0.4144867291  
-0.3078061841  
-0.04567074272  
-0.07594950228  
0.09368060616  
0.01185502326  
-0.2477440816  
2.572890803  
0.2310805076  
-0.06687930375  
-0.3726156477  
-0.2467504794  
-0.3265232239  
-0.4043379018  
-0.1760098435  
-0.1263720508  
-0.3889351567  
-0.2830698685  
-0.1535264214  
-0.02387327843  
0.08380545365  
-0.1236241872  
0.03679093289  
-0.2328278801  
-0.1520475861  
-0.2093710282  
-0.1042876367  
-0.1394830269  
-0.1568058586  
0.04984794266  
-0.1402327257  
-0.02140683967  
0.1139193454  
-0.03154745507  
-0.061512571  
-0.1567163268  
0.08592532999  
0.04186959296  
0.01296019489  
2.686599764  
0.4519838532  
0.06511731739  
0.1724762334  
-0.1296889301  
-0.05564137288  
0.07717769767  
0.1803707131  
0.005825345207  
2.46520788  
1.857184345  
-0.1141100054  
-0.1904179689  
-0.06408023324  
0.08311472351  
0.8644492667  
0.431053728  
0.2296196694  
0.07207903256  
0.2172452109  
0.1708081622  
0.1392890701  
0.06762088292  
0.162006023  
-0.02652475758  
-0.02496991012  
2.796433221  
1.354919563  
1.074803525  
2.909451436  
0.9267161817  
1.620640438  
0.4280540642  
0.2720213866  
0.03695039543  
0.180313178  
0.2463894027  
0.4109951663  
0.1855062246  
0.2764880012  
0.1227727072  
2.30156693  
2.533956908  
1.426585533  
0.9153513232  
0.6940434518  
0.1883250291  
0.1293064139  
0.310290932  
2.58094538  
1.116800109  
0.5547753907  
1.421849359  
0.8006081608  
0.4789947358  
0.7590940337  
0.2450020197  
0.3504094327  
0.3458992016  
0.5121875112  
0.3750185164  
0.4962236179  
0.4492563351  
2.209076467  
0.7968851181  
1.78312782  
0.6844505532  
0.300032396  
0.6757041716  
1.156499797  
1.083986274  
0.355269602  
1.216555051  
0.874546908  
1.07470209  
