6629.847378  
6353.899795  
6372.25713  
6344.516778  
6365.961532  
6295.312722  
6330.045327  
6280.200939  
6319.14291  
6298.039138  
6359.065545  
6317.520101  
6388.313325  
6179.291138  
6321.806776  
6346.698874  
6265.973338  
6476.898327  
6424.526643  
6245.205694  
6342.826649  
6395.647255  
6338.872476  
6318.610816  
6303.506425  
6354.889988  
6315.789018  
6405.485514  
6385.33174  
6352.450763  
6324.398436  
6330.107914  
6360.516158  
6418.335385  
6341.826371  
6369.160827  
6276.624378  
6421.997448  
6346.348443  
6322.047772  
6301.858147  
6378.662578  
6377.928078  
6298.775342  
6300.18101  
6345.430472  
6420.314616  
6247.175484  
6304.573089  
6327.007208  
6408.511553  
6408.478648  
6365.92236  
6262.47478  
6324.320467  
6310.297123  
6343.052209  
6340.622672  
6408.873854  
6339.341686  
6282.087446  
6359.176406  
6367.422753  
6331.216521  
6361.003559  
6340.27144  
6275.168888  
6200.040034  
6269.324315  
6476.736461  
6363.910967  
6288.667713  
6299.044724  
6464.070604  
6311.503501  
6328.761913  
6367.443097  
6373.580197  
6230.105219  
6220.77764  
6420.29135  
6334.092247  
6285.482492  
6304.284422  
6370.642445  
6393.639002  
6353.534879  
6353.619664  
6358.379579  
6347.26431  
6324.348811  
6426.15221  
6315.133853  
6347.632269  
6299.951446  
6306.665406  
6350.808612  
6243.266315  
6345.774467  
6341.973307  
6289.096394  
6451.416659  
6400.808991  
6362.319197  
6331.34665  
6360.788581  
6338.808461  
6299.505678  
6424.299444  
6342.892264  
6314.404624  
6286.095413  
6367.676988  
6436.575622  
6387.805862  
6389.795311  
6329.204483  
6334.768413  
6272.109565  
6349.473029  
6359.900047  
6340.004093  
6287.209104  
6290.299252  
6304.455483  
6292.796512  
6325.267454  
6280.936674  
6306.464016  
6360.478709  
6326.38329  
6278.992807  
6353.011975  
6343.125929  
6432.107555  
6405.928058  
6358.762382  
6330.116135  
6354.852286  
6315.764551  
6379.604204  
6308.272117  
6343.673275  
6433.31489  
6285.405459  
6335.507471  
6360.302264  
6350.008669  
6351.755303  
6417.947514  
6381.941398  
6355.864095  
6338.097046  
6343.372542  
6349.547536  
6311.767899  
6299.140691  
6367.616685  
6325.990167  
6335.665028  
6373.587598  
6308.602425  
6291.459725  
6442.09653  
6370.451703  
6394.641133  
6308.856416  
6245.119453  
6460.021246  
6391.442735  
6435.132869  
6382.190424  
6321.584461  
6346.200749  
6268.641093  
6409.685585  
6356.204314  
6377.160179  
6431.371257  
6369.367033  
6280.281065  
6366.990705  
6428.06068  
6419.829303  
6363.395415  
6339.006727  
6266.711821  
6411.654269  
6332.783198  
6399.911801  
6283.153999  
6271.041011  
6272.62561  
6402.236058  
6376.453136  
6499.773794  
6427.815828  
6313.758124  
6318.688672  
6407.492625  
6429.78416  
6428.051439  
6454.652966  
6358.800968  
6439.462588  
6381.627805  
6402.535171  
6358.937605  
6281.783967  
6362.612444  
6522.617902  
6391.409043  
6358.97048  
6294.716608  
6354.750785  
6341.088456  
6290.804827  
6380.853964  
6330.938808  
6439.137358  
6375.1964  
6396.612321  
6306.41352  
6436.15428  
6403.665398  
6416.540706  
6352.066587  
6362.471476  
6319.461113  
6428.804504  
6390.500249  
6327.755507  
6388.075271  
6440.295317  
6443.666661  
6370.497997  
6324.132794  
6257.265426  
6421.815314  
6349.43905  
6328.429849  
6362.338037  
6336.666939  
6431.715601  
6424.285755  
6340.493192  
6402.445859  
6271.766563  
6363.467696  
6239.117916  
6370.283276  
6311.514801  
6379.540018  
6355.937564  
6402.319288  
6414.188737  
6320.753736  
6317.965241  
6415.997916  
6439.548406  
6419.76808  
6343.064155  
6318.827934  
6508.539077  
6476.517102  
6327.950419  
6273.458368  
6334.066418  
6433.584359  
6470.21161  
6518.77771  
6339.275789  
6326.640886  
6522.952562  
6415.226238  
6415.687689  
6355.75373  
6422.656131  
6432.512749  
6416.322412  
6297.570296  
6405.364303  
6319.230098  
6358.045059  
6365.577662  
6410.314123  
6487.841528  
6350.728164  
6424.841992  
6231.517731  
6333.352219  
6332.451836  
6399.010724  
