5191.923881  
4985.647215  
5094.353261  
5079.876613  
5023.761174  
5005.936409  
5067.520919  
5082.963492  
5281.624234  
5140.367761  
5068.849807  
4841.28308  
5033.938342  
5055.787985  
4995.941608  
5048.902869  
4956.012632  
5103.970237  
4904.660195  
5178.749116  
5166.134568  
4950.702904  
4944.055784  
5041.015102  
5089.032257  
5067.319238  
5058.316002  
5039.911823  
4871.756122  
5066.875333  
4920.786057  
5005.306357  
5080.17114  
4948.226573  
5089.8869  
5065.230223  
5112.78588  
5052.958045  
5107.436803  
5051.276194  
5062.689789  
5052.811291  
5115.488842  
4873.325031  
5107.378606  
5048.040455  
5076.399813  
5211.653538  
4942.271007  
5049.067723  
5150.068154  
5094.21986  
5067.945585  
5024.310943  
5091.220261  
4988.818316  
5067.706551  
4891.625477  
5141.934976  
5093.562067  
5103.901227  
4898.169391  
5075.911938  
5083.781133  
5019.496957  
5108.680862  
5068.88659  
5069.577751  
5120.083185  
5213.638191  
5210.26097  
5093.030874  
5011.020912  
5162.296792  
5201.556768  
5262.471991  
4978.044264  
4619.140146  
5179.9506  
5090.583588  
5283.42577  
4983.404449  
5134.941216  
5182.905603  
5118.19045  
5148.736763  
5155.681891  
5229.610281  
5180.571754  
5200.831906  
5172.629182  
5274.399924  
5226.460402  
5146.738815  
4977.187873  
5077.240323  
5360.360434  
5331.053217  
5151.277657  
5125.799668  
5046.445918  
5051.332061  
5026.454011  
4982.876821  
5110.836297  
4897.250417  
5057.55387  
5112.911875  
5139.150208  
5025.146144  
5150.734931  
5001.421059  
5044.170516  
5161.047689  
5069.093476  
5137.517574  
5155.962114  
5119.443583  
5163.049954  
5254.168049  
5108.435636  
5125.393423  
4936.351372  
4946.287666  
5241.054543  
5129.726065  
5230.830376  
5175.028415  
5184.626862  
5131.63735  
5325.576158  
5209.240557  
5382.784205  
5474.376748  
5443.912407  
5533.75392  
5442.423649  
5694.529452  
5412.541155  
5399.685899  
5326.012935  
5336.414311  
5450.991855  
5409.341026  
5231.965141  
5481.694465  
5084.126765  
5370.082897  
5339.499427  
5205.007964  
5170.79864  
5319.834213  
5260.427533  
5276.630926  
5387.043804  
4971.037738  
5224.128497  
5114.079609  
5213.266411  
4953.536424  
5457.313287  
5267.543036  
5275.986655  
5104.510085  
5437.142301  
5322.590442  
5156.564163  
5089.597043  
5225.963736  
5052.455607  
5238.152974  
5243.060984  
5316.314614  
5340.260277  
5155.85055  
5203.397686  
5179.447464  
5233.850461  
5155.963657  
4986.648695  
5028.407614  
5083.230139  
5098.756889  
5141.503254  
4977.566541  
5245.417113  
5259.432594  
5095.88679  
5194.75472  
5083.251159  
5095.096712  
5264.923751  
5177.54856  
5237.908278  
5174.528576  
5033.132344  
4922.213614  
5370.033909  
5563.483598  
5203.661431  
5167.964142  
5206.959852  
5400.773456  
5348.291841  
5263.438906  
5325.249278  
5300.111531  
5306.074106  
5160.821453  
5146.852676  
5149.07733  
5133.657156  
5381.120624  
5378.716307  
5173.490901  
5470.590086  
5397.485346  
4947.113253  
4806.237473  
5223.418532  
5104.931292  
5338.506149  
5133.890895  
5300.670918  
5310.714798  
5192.976665  
5308.585586  
5334.41293  
5176.730528  
5133.834177  
5094.755936  
4929.648076  
5194.621329  
5154.087999  
5243.673196  
5417.924924  
5463.173236  
