-0.4164704768  
0.2651032417  
-0.1350853178  
-1.000757759  
0.04272296557  
-1.140926565  
-0.1037552621  
-1.242373481  
0.1967020017  
2.953507715  
-1.212950761  
-0.2894779748  
-1.93795877  
-0.5470767528  
-0.8835983796  
-0.9179140556  
-1.029733708  
-0.6910274784  
-0.6328668527  
-0.1965610288  
-1.741385332  
-0.007673239127  
2.193754859  
0.7934128907  
0.9421166853  
-0.7161647753  
-0.1309690231  
-1.315914689  
-0.0861838207  
2.168909491  
-0.4543196334  
-0.8094929985  
-0.7922946055  
-0.653826921  
-0.803653161  
-0.6263180344  
-0.6951855046  
-0.2372357398  
-1.832521847  
-1.087557206  
3.255267803  
1.562612851  
0.4514922881  
-0.4662460795  
-0.5401854994  
-0.7663418366  
-0.3902004713  
-1.07143906  
-1.0787778  
-0.8577671755  
-0.5289448653  
-0.5445330691  
-0.2752640748  
-0.8750463799  
-0.7470648297  
-1.087531395  
-0.1102349043  
-1.043068135  
-0.2896789953  
-0.3513618864  
-0.08646621712  
-0.9404319903  
0.4221460708  
2.840062175  
-0.3559580172  
0.1380678932  
-1.206682443  
0.8307484795  
1.48948167  
-0.8993469656  
-0.7732085008  
-0.06768374291  
0.9668579413  
-0.5161859967  
-0.4103387524  
-1.23531261  
-0.2824254627  
-0.4091559721  
-0.4103928739  
0.3516341867  
0.2521902426  
-1.492387884  
-0.4883432516  
-1.043656342  
-1.212197593  
-0.4455434505  
0.1778312327  
-0.8659277361  
1.870714905  
3.695830595  
-1.122349022  
1.071558064  
0.1911417011  
-0.0458340647  
0.05871935094  
0.2371966323  
-0.7161749206  
-0.05205822381  
-0.5988632409  
-0.09606463426  
0.2817286091  
-0.3722794834  
-1.296682633  
-0.0507576506  
-0.9635618099  
-0.844982992  
-0.6303904474  
-1.35216466  
-1.209992098  
-0.3981884676  
-0.1498991857  
-0.1241624422  
-0.4675271591  
-0.5499974099  
-0.3335352879  
-0.4802625671  
-0.8763207511  
-0.5336588718  
0.4980599291  
2.273838024  
-0.5579154531  
1.46437867  
1.640192518  
-0.2426374036  
-0.551596946  
0.2096645789  
0.2119111718  
0.8531930941  
0.02983071589  
0.671481072  
3.883283345  
2.797440023  
0.2870362969  
-0.3067339962  
-0.766645501  
-0.02863286282  
0.3742285096  
-0.1096454604  
0.2004781953  
1.19877883  
-0.4008537129  
1.171727671  
2.84403267  
1.156401797  
1.660645334  
-0.1918365037  
0.3960641883  
-0.8519866306  
0.1638208384  
0.4033588679  
1.957899065  
0.1257835593  
0.151290361  
-0.4478538921  
0.4297444151  
-0.2381916713  
0.533532211  
0.4023569723  
0.4689550086  
0.05208419515  
-0.1882770297  
-0.728024667  
0.9193597608  
2.738962108  
-0.7617650944  
0.3558517461  
-0.448813096  
0.7070113247  
-0.3293946843  
-1.545914821  
0.08133003036  
-0.8903477162  
-0.5394115094  
-0.7785289457  
-0.4288852362  
-0.2737187446  
-0.1220310141  
-0.5708276279  
-1.108445604  
0.1148637409  
0.5074945789  
-0.09436902862  
0.405946537  
-0.2446074945  
0.2586811654  
-0.6517709283  
0.1084276247  
-0.04422268416  
0.1471809391  
-0.008020997531  
0.1210905242  
-0.8770545458  
0.6738411784  
1.414040266  
-0.6986322065  
0.1402596843  
-0.3349715455  
-0.5030523789  
0.2737635196  
-0.2345319913  
0.8465686549  
0.1530591537  
-0.2309828618  
1.220089231  
-0.68817904  
-0.1896733323  
-0.4143760206  
0.4121092516  
-0.3791187988  
-0.189145638  
0.6966976968  
0.9255787165  
0.7258368378  
1.90811899  
-0.5515656833  
0.2234433037  
0.7516058212  
1.062627206  
-0.8726002958  
1.591858777  
2.82090384  
0.206853269  
0.4741054549  
0.4977297376  
0.7177673915  
