-0.3260347194  
-0.7370762151  
-0.1781907631  
-0.4288152495  
-0.01727479375  
-0.9067741282  
-0.05904804567  
-1.772492053  
1.828989106  
1.501059849  
-0.8766248737  
0.06153660796  
-0.7716180289  
0.05038163193  
1.100749598  
-0.009308627351  
-0.4820580945  
-0.4921501841  
-0.5986802072  
-1.09186796  
-1.325879619  
-0.1988074652  
-0.5940860462  
-0.9671184691  
-0.3421848414  
2.102573101  
0.7992051477  
-0.9885322188  
-0.1791932501  
-0.8119393962  
-0.2613036983  
-0.03924361298  
-0.6445213075  
-0.7783036494  
-0.8457512115  
-1.676353825  
0.3598633471  
0.01050205887  
0.4614394924  
-1.041774171  
1.55148773  
1.05260877  
2.247464159  
1.49020603  
-1.42535831  
-0.1761686959  
-1.008916597  
-0.2253219207  
-1.368326359  
-0.471463864  
-0.7773105287  
-0.242958892  
-0.4930842594  
-0.196376185  
-0.8612910292  
-0.7107677464  
-0.8083879863  
-0.412655051  
-0.6733878235  
-0.4101243688  
-0.5735050462  
-0.7924131265  
-0.2635627283  
-0.1810937004  
-0.4909801101  
-0.1483146054  
-0.558313065  
-0.5270091746  
-0.605575908  
-0.3395633442  
-0.3719570261  
-0.4369751517  
-0.8767003997  
-0.1649862313  
-0.6098983093  
-0.6899466438  
-0.9098757558  
-0.115780628  
-1.041775273  
-0.5027600523  
-1.142121923  
1.665887189  
0.6638620485  
-0.9048825723  
-0.02547340279  
0.3177848136  
0.2449314831  
-0.3123315693  
-0.03648458205  
-0.6941850638  
-0.9739101765  
0.4582875749  
0.7965365039  
1.711272658  
1.258732848  
-1.352077393  
0.03166796234  
-1.425803939  
1.434552464  
-0.7858165205  
1.816530057  
1.645543024  
-0.6456757435  
0.1599788826  
-0.3525659127  
-0.7907032929  
2.03740846  
1.769577358  
-1.269044958  
2.276281968  
1.195974034  
-0.8606567646  
-0.8503211216  
-0.6184854383  
-0.5105469516  
-0.5167160722  
0.6048407126  
-0.8406412812  
-0.6105509996  
-0.5412942676  
0.1384466318  
0.3267422735  
-0.07995773878  
-0.07185895544  
-0.6527173892  
1.780398163  
2.2187001  
-0.2694962794  
0.3943580484  
-1.662883188  
1.933274242  
1.2482759  
-1.121845351  
-0.8036416383  
-0.7439504968  
-0.7603609746  
0.05871308592  
0.04765334407  
-0.6809822388  
-1.049259119  
1.354185871  
1.508584892  
-1.732106337  
1.86330139  
0.2465517044  
-0.1087115619  
0.6152678743  
-0.4006609944  
-0.485384319  
-0.4160745802  
-0.7727512073  
0.02503782109  
0.7982715902  
-0.6460643644  
-0.2244010733  
-0.5385501909  
-0.06696825507  
-0.5792009678  
-0.2187361831  
-0.7413067406  
-0.1062852073  
-0.07678927057  
-0.6911492135  
-1.07190579  
-0.5001183864  
-0.8458073244  
1.948287581  
1.240287172  
-0.7265297758  
-0.4286284427  
-0.518869873  
-0.4307515414  
-1.549567801  
-0.5120026489  
-0.7569402167  
-0.867692745  
-0.1592089764  
0.8868891059  
-0.5129052331  
-0.7913865827  
-0.436703291  
-0.3431926834  
-0.1966149638  
1.867685567  
1.859801887  
-0.1664139717  
0.4115114096  
-1.247465502  
2.207383573  
0.06764959014  
-1.5017669  
-1.233454544  
-1.37400444  
-1.30384957  
-0.4544002766  
0.5593999133  
-0.5767596781  
-0.3266296152  
0.1370190178  
-0.4936691199  
1.482630849  
2.448860271  
-0.2569530463  
1.696041566  
-0.782376457  
0.6648591983  
-0.8843307699  
0.272250239  
-1.084872647  
-0.183723051  
-1.006892373  
-0.1394916392  
-0.4772054282  
-0.1354235351  
-0.8907110228  
0.5052283721  
-0.5788036338  
0.6832294677  
-1.189637312  
2.169009088  
0.7746241192  
0.6655134466  
3.055644512  
1.312471111  
-0.82789682  
1.601056557  
1.405805835  
-0.1055233597  
-0.2544804556  
1.408493389  
2.630815334  
0.3705674311  
-0.495053392  
1.057531888  
2.161181073  
-0.4549287065  
0.4761915849  
-0.03970182767  
-0.003849267081  
0.1449777633  
-0.3858074526  
0.02484333135  
-0.1985459261  
-0.2148808072  
0.009474975813  
2.243599292  
0.8125979363  
-0.7707539203  
1.090337639  
2.910095601  
2.390319569  
1.557970749  
-1.0448765  
0.2799578812  
-1.024814926  
1.686182309  
1.066809378  
-0.6653905142  
-0.1840563397  
-0.3640185591  
-0.4826527781  
-0.02024607594  
0.009243025138  
-0.7991330594  
-0.2498373217  
-0.2468191006  
0.2981594995  
-0.08822027629  
-0.4410290443  
1.258799447  
2.674252267  
0.4669958222  
0.2110142985  
-0.8082824275  
0.03473330626  
-1.422131064  
2.415351237  
2.347463987  
-0.5693267486  
0.02240286073  
-0.6001269669  
-0.2151784812  
-0.5023703023  
-0.1158171535  
-0.7448796416  
-0.2913830847  
-0.3797917449  
0.7642166513  
0.05270659552  
1.412547112  
0.5562981414  
-0.2816899599  
-0.1353192126  
