0.4593184748  
0.03941383874  
-1.109894044  
0.04109027681  
-2.451105729  
-2.048192656  
-0.6007786599  
-0.632288196  
-1.215930001  
1.185800889  
1.752944081  
-0.8270922297  
0.03712794713  
-0.3624171697  
-0.2053832739  
-0.5959985554  
-0.5262420141  
-0.4667999714  
0.04559054358  
-0.3782774798  
0.7814867795  
-0.6239786887  
-0.7076413274  
-0.647359683  
-0.08788135599  
-0.4646574073  
-1.083504278  
-2.133556365  
-0.9777726615  
-1.007038314  
-0.9635087057  
-0.3669648536  
-0.6366656332  
-1.021537457  
-0.3149213835  
-0.8562856935  
-0.04497754187  
-0.8702326552  
1.815663197  
1.809696959  
-0.9078519251  
0.1498717221  
-0.7485087179  
0.9387015759  
0.624328069  
-0.6948355559  
-0.4877293546  
-0.5475625399  
-0.6442012112  
-0.07115438797  
-0.3938078654  
-0.2884727601  
-0.8267699862  
1.098064227  
-0.350278577  
1.12383494  
1.591817134  
-0.8933815709  
-0.0110286599  
-1.120905302  
-0.07455216536  
-0.9432160242  
-0.1676314739  
-0.8339283582  
0.04183487241  
-1.744765517  
-2.356564759  
-1.384503354  
-0.5346313144  
-0.7364885854  
-0.2249959197  
-0.2905163068  
0.5586722356  
-0.1100830371  
-0.5402310141  
-0.7952398931  
-0.599866824  
0.0983510395  
-1.700866848  
-2.332302051  
-1.229882736  
-0.6590296636  
-0.8752244156  
-0.2338930326  
-0.6405682458  
-1.069029208  
-0.5102733698  
-0.5322303513  
-0.1815756114  
-0.4075476762  
-0.3851483171  
-0.6188938832  
-0.7412779624  
-0.8886650115  
-0.6070027649  
-0.5005535639  
-0.5208743882  
-0.2414593522  
-0.5496608696  
-0.4565815238  
-0.4159197167  
-0.3865316012  
-0.0822974168  
-0.5657782049  
-0.8801151528  
-0.3988327131  
-0.3558886661  
0.32882325  
-0.5102126124  
1.074484093  
1.112111979  
-0.8124124197  
0.3182388369  
-1.221178947  
1.208246632  
0.3359804659  
0.8792423883  
-0.07892413407  
-0.4440459615  
-1.336643209  
1.852471723  
1.158205095  
-0.1800132508  
-0.1642152232  
-0.4258276883  
-0.2620004045  
-0.3398311156  
-0.7583405186  
0.3211550413  
-0.6276123363  
0.7052857469  
0.681736726  
-0.296688246  
-0.04467077308  
-0.539230311  
0.04233252839  
-0.53082398  
-1.178274866  
-1.730885589  
-0.9306841571  
-0.7012672328  
-0.6431497376  
-0.2267452887  
-0.7047114929  
1.356677322  
3.612720999  
1.243196509  
-0.2521497413  
-0.571109366  
-0.4530595324  
0.2142479189  
0.1290621744  
1.621385059  
2.692215846  
-0.1714690462  
-1.162903751  
-0.9556844033  
0.1010877626  
-1.22734703  
-0.5970193925  
-0.9266790817  
-1.015648602  
-0.5027204494  
-0.7263064258  
0.006341776288  
0.5657047977  
-1.112675204  
0.8831311644  
1.06310143  
-0.3428690438  
-0.567295022  
-0.0003096906983  
0.1979177691  
-0.2277158446  
-0.6039908072  
-0.2157104265  
-2.496698917  
-2.428362263  
2.411439416  
1.575307124  
-1.169832901  
0.4317870008  
-0.1766333319  
-0.227024433  
-0.3831607081  
-0.5333346043  
-0.5452460233  
-0.7015349575  
-0.3989620427  
-0.4014007829  
-0.6003564966  
-0.3849157657  
-0.1916541508  
0.04378947692  
-0.2120712726  
0.2070001847  
0.05846593481  
0.1464462708  
0.5380597264  
0.9329528835  
-0.8170123313  
0.5652106107  
-1.013278547  
0.1805900899  
-1.15712847  
1.888500489  
0.3839416772  
2.085095171  
1.996632997  
-0.4063920449  
0.3821936981  
0.05091708491  
1.246452437  
-0.3480032563  
1.973855972  
3.305333466  
-0.6569163124  
0.567491133  
-1.169432917  
-0.1580986297  
-1.558213558  
1.746450025  
1.14700094  
-0.4515514593  
-0.08382482433  
-0.2685321401  
0.2181255506  
1.442752321  
-0.300555001  
1.58558775  
0.6849523926  
-0.4111450444  
-0.3918131675  
-1.102289253  
-0.4492369669  
-0.09182453049  
-0.4937662312  
-0.3785988875  
-0.1585231234  
-0.09299151702  
-0.2305433663  
-0.2341851723  
-0.4833166025  
0.03866664315  
0.04526313124  
-0.3307092365  
-0.1781707986  
-0.1962965932  
-0.1598769061  
-0.1428382  
-0.6560636504  
-0.7375278779  
0.05746039676  
-0.4147449302  
-0.2764898986  
-0.2548155584  
-0.3545786477  
-0.5721675731  
-0.7259529497  
-1.201470426  
0.5113546243  
0.7026301785  
-0.2885872677  
0.006239267453  
-0.4471651718  
-0.3144178043  
-0.9151352092  
-0.5583570866  
-0.2947997307  
0.1402361611  
-0.9426993302  
-0.2790866974  
-1.161552297  
0.4897624354  
-0.501543185  
-0.1849507753  
0.08552230303  
0.162492367  
-0.9315923077  
0.287398647  
-0.8246219939  
0.4039054873  
-2.425810894  
1.337589157  
3.062916957  
0.736379637  
1.080292024  
-0.4203948827  
1.412276583  
0.4209877853  
-0.1700883066  
0.0539437449  
0.1007254717  
0.7508375159  
0.01973282349  
0.5780076312  
0.7178546526  
0.8562810958  
0.07623824544  
0.8181362013  
-0.138624275  
1.873569689  
1.33401817  
0.4919223097  
0.6813676269  
0.5764600909  
0.8062994475  
0.1611396095  
-0.1383447124  
0.9727778357  
0.4638538123  
1.558597984  
0.389792918  
1.314458344  
-0.2667650116  
2.536120144  
1.940364528  
-0.4004332884  
0.1822046671  
0.09944255409  
-0.09209333581  
1.18146206  
1.498857481  
1.379716706  
-0.8835224242  
4.539887858  
1.980142469  
-0.4545017907  
-0.06399881938  
2.065985382  
2.035496123  
-0.01778134396  
0.8375914304  
-0.1705429297  
0.3289959539  
0.1921449656  
1.847964917  
-0.3752098947  
1.119263466  
-0.5898128557  
-1.153505158  
-0.6459012487  
-1.170470145  
1.737350235  
2.394845954  
-0.9704337321  
1.884623292  
0.9871656577  
-0.5935611864  
-0.6214122537  
-0.4293072883  
-0.5029500876  
-0.5254765191  
-0.8570061224  
-0.8213572663  
-0.4978357723  
0.09824163929  
-0.2310304796  
0.09256449702  
0.3692417245  
-0.05939880879  
0.01516409223  
-0.05276561894  
4.692565609  
2.027219343  
-0.3804057684  
0.780338671  
-0.01416977263  
0.5105852177  
0.1403271532  
0.1169736522  
-0.09142056916  
-0.1415423393  
0.1510196467  
0.4967904958  
0.7220475251  
0.5347191369  
0.5661490914  
0.3516773047  
0.6173685006  
0.1312151801  
0.1451912591  
-0.06715088553  
3.38519528  
1.820190059  
0.9056078384  
1.038537414  
0.8755774991  
1.436809809  
-0.736049512  
0.4220655987  
-0.4578635068  
-0.2155608516  
-0.9155055473  
0.08791735719  
0.3305929995  
0.5605763935  
-0.2584075693  
