-0.9806336748  
1.430123013  
1.532036027  
-0.6456347664  
-0.4851693343  
-0.8632664817  
-1.022422581  
-0.02270759168  
2.369545066  
-0.03253094353  
-0.1323058638  
-0.5587705948  
-0.7987231889  
-0.2507031845  
1.151877799  
1.620130809  
0.1049217973  
-0.2892484765  
-0.6879433241  
-1.124350952  
0.08224521761  
-0.3875175281  
-0.4120266413  
-0.6789106291  
0.4421773228  
0.2955019303  
-0.7659561156  
-0.4135266405  
-1.065462606  
-0.09803126135  
-0.8125568232  
-1.19661526  
-1.214691617  
-0.7422537018  
-0.7905373815  
-1.26953751  
-0.4512261901  
-0.6520995604  
0.1840576533  
1.233553636  
0.9158348164  
0.0288755667  
-0.2931709411  
-0.7349700561  
-0.462970185  
-0.9876146779  
-0.6794149612  
-0.5138232673  
-0.6144502684  
-0.7028619558  
-0.9460898527  
-0.7561595248  
-0.2773640815  
-0.9873823443  
-0.3217967248  
-0.6852623191  
0.1627392587  
0.6004426567  
-0.04698006212  
-0.2318074386  
-0.4075585932  
-0.3762862957  
-0.1985547255  
-0.5382371718  
1.554120812  
1.471785554  
-0.3570827687  
0.09035551904  
-0.8960385936  
-0.3728089788  
-0.5028334357  
-0.02217525775  
-0.2764603782  
0.01787549221  
-0.5446966598  
-0.2755422304  
-0.4743694589  
-0.7623498828  
-0.8965315867  
-0.3920114042  
-0.6433997174  
-0.06389099617  
-0.5416881465  
-0.2080548831  
-0.5927280758  
-0.1834581164  
-0.68645295  
0.189388046  
-0.6044472765  
0.3291398453  
-1.285587731  
2.339165156  
3.102203619  
-0.06446293914  
0.1352687091  
2.033941583  
1.157690127  
-0.0424619588  
1.19003376  
-0.7898230937  
0.1763975248  
-0.5926225595  
-0.2813250952  
-0.5315516372  
-0.3656113269  
-0.6733495337  
-0.5450146423  
-0.472472209  
-0.7108397313  
0.2015635212  
1.108171124  
-0.5208532914  
-0.1617777209  
-0.3309948971  
-0.3777251538  
-0.6988750386  
-0.3747173121  
-0.4412504381  
0.6837179719  
-1.35818335  
-0.2651114514  
-0.2149415767  
0.1171883249  
0.2320530007  
-0.4767369542  
0.9564029911  
0.6787084522  
-0.7794489857  
0.872433605  
0.3582588766  
-0.1012369129  
-0.2016060482  
-0.1849284481  
-0.05288517586  
-0.3478828038  
0.2541109983  
0.6141288678  
1.290892979  
-0.03949294404  
0.254312848  
-0.9197861806  
-0.2265491496  
-1.184063485  
1.745169824  
0.4779167162  
-0.7684619348  
-0.6278588193  
-0.1942474722  
1.556169395  
-0.7038660576  
-0.2761538231  
-0.6416141314  
-0.4770721057  
-0.297790621  
-0.9522412694  
0.6889539933  
0.5253525744  
-1.107416843  
-0.03384016244  
-0.9136463936  
0.5259258173  
0.1357729588  
-0.8959846386  
-0.8717609786  
-0.1351680474  
-0.4999778891  
-0.3576684655  
0.08210302094  
0.1049183311  
-0.3072528252  
0.3267788808  
-0.6212208863  
-0.3131190878  
0.1556590272  
0.001843026181  
-0.2930261967  
-0.2398787579  
0.2951487071  
1.511392891  
-1.17863527  
4.721769463  
3.003920334  
-0.4870196061  
-0.1734467159  
-0.150322939  
-0.0244533755  
-0.4246525868  
-0.3549173732  
-0.9346724912  
-0.9062643035  
-0.9158508312  
-0.2399724778  
-0.2158089461  
-0.3071286409  
0.001292586129  
-1.013675286  
1.85571897  
1.435096997  
-0.5346996156  
0.07479558286  
-0.8317133094  
0.08955389984  
-0.9042168689  
-0.2286951405  
-0.2599906077  
0.1744000476  
-0.4849742113  
-0.2743208722  
-0.6485661589  
-0.5334694584  
-0.4892105233  
1.607863219  
-1.063350622  
0.6146821537  
-1.742026102  
3.384167236  
3.167541  
-1.088390899  
0.4919197495  
-1.080310608  
0.09586809928  
0.9005074791  
0.7185410074  
-0.07458950727  
-1.316663371  
1.608769022  
1.206580805  
-0.6335083428  
-0.3130208224  
-0.5724796495  
0.1699448534  
0.4340518078  
1.633675547  
-0.2633537901  
-0.1116799138  
-0.4355564537  
-0.7635106714  
-0.4858495697  
-0.1634942125  
0.1400259494  
-0.7552235582  
2.054861368  
3.76212731  
0.6945296633  
0.4015114082  
0.3538411154  
-0.1381438145  
0.03265600295  
-0.3822245033  
0.4701005167  
1.027290326  
-0.8741976926  
-0.03948329958  
-0.3186948046  
-0.3943903351  
0.1195570424  
0.3650511686  
-0.5681981693  
0.2861084232  
-0.3363719364  
0.007579678648  
-0.7505623146  
-0.06916458589  
-0.7947954532  
0.1889920552  
-0.2027622949  
0.3011925782  
-0.1203492135  
0.8848001237  
-0.3949117541  
2.429167899  
1.744376664  
-0.08321205135  
1.113904866  
0.02358118767  
-0.4478941931  
2.326427591  
5.556873095  
1.478226756  
0.7891651425  
-0.1777621539  
-0.2087178308  
-3.363873046  
1.494328188  
0.05192534794  
1.873356514  
1.715611487  
-1.352290389  
0.07992953853  
-0.4323102643  
0.1701214076  
-0.1980192835  
0.0522316262  
