5050.065307  
5059.30503  
4980.034498  
4888.845463  
4722.521286  
4853.77127  
4792.208913  
4858.933466  
4883.86499  
4824.743887  
4853.841653  
4831.868246  
4773.955757  
4840.832375  
4912.988087  
4839.476154  
4770.204919  
4766.189274  
4857.413568  
4908.300663  
4773.857963  
4843.109971  
4903.90908  
4845.909629  
4868.617553  
4831.77354  
4821.271136  
4800.543449  
4914.943256  
4806.465618  
4696.756817  
4775.311793  
4841.115787  
4942.798132  
5016.961293  
4852.860069  
4831.598601  
4917.230559  
4886.991722  
4759.354867  
4586.252713  
4886.555704  
4860.007516  
4866.805157  
4904.200435  
4857.983406  
4796.404958  
4896.682858  
5014.631369  
4941.122258  
4905.712806  
5039.053872  
4950.791353  
4915.477078  
4928.218831  
4889.483377  
4727.987788  
4850.406846  
5074.62697  
4974.974295  
4981.524189  
4895.233225  
4972.896217  
4858.573183  
4941.437335  
4882.523247  
4897.713193  
4673.051163  
4939.925712  
4821.504943  
4834.973911  
4900.555822  
4812.911338  
4823.720881  
4925.455501  
4935.736985  
4805.444382  
4963.943904  
5032.57999  
4846.60101  
4948.693263  
4864.174936  
4970.222605  
5041.615459  
5025.81328  
4971.079493  
4929.203241  
5000.726438  
4995.348263  
4921.433992  
4985.950786  
4920.629467  
4708.941249  
4848.193021  
4916.296444  
4829.821444  
5136.512888  
5033.227322  
4959.122652  
4903.547706  
5052.666755  
4887.550833  
4851.009294  
4756.066308  
4959.699265  
4863.164185  
4819.661817  
4979.70873  
4977.739771  
4989.916831  
4798.955928  
4859.408893  
5042.195645  
4976.792577  
5046.563433  
4931.619065  
5010.350519  
4722.279687  
4976.375839  
5003.265655  
4856.740524  
4853.44465  
4870.508422  
4867.45489  
5103.56209  
5116.989243  
4979.381564  
5134.866894  
4907.226085  
5082.445208  
5153.620149  
5110.643031  
4764.739212  
4984.614804  
4952.399219  
4783.566555  
5002.199437  
4674.845535  
5060.5978  
5012.132951  
4983.578416  
4980.849293  
4943.840651  
4866.476451  
4902.691544  
4993.766905  
5040.058353  
5054.132417  
4967.735436  
5121.242019  
5024.386399  
4850.340203  
5126.458623  
5051.375916  
5090.576847  
5053.177836  
5137.854671  
4950.49351  
5071.649306  
5090.440052  
5108.183841  
5025.242169  
5060.697475  
4972.386906  
5106.14446  
5138.237204  
4882.488624  
4896.861163  
5006.944353  
4807.412839  
5038.138781  
5158.307126  
5014.450369  
5010.395815  
4947.610765  
5097.250906  
5138.204896  
5233.672942  
5179.793938  
5119.973011  
5155.326475  
5081.603824  
5199.704121  
5247.800883  
5241.38639  
5024.98208  
5092.38027  
5143.56169  
5260.662802  
5164.835015  
5146.049048  
5266.635387  
5133.26419  
5185.341092  
4995.61112  
5009.396864  
5117.21132  
5164.769038  
5085.109878  
4926.388004  
5294.04248  
5082.455078  
5166.4184  
5005.410914  
5074.726062  
4991.606496  
5039.393424  
5029.853946  
4876.735097  
5102.904243  
5258.97964  
5182.736791  
5142.371092  
4934.14443  
5149.55987  
5058.194005  
5088.362302  
4944.231893  
5030.694598  
5036.835069  
5156.101493  
4938.794181  
5257.98052  
4865.821595  
4972.995084  
5002.975834  
5037.94233  
5093.944825  
4784.815275  
4719.29478  
4635.047417  
4849.185283  
4983.496909  
5010.405676  
4873.719949  
5145.194749  
5016.440931  
