-0.12485212  
-0.3914746474  
-0.4830825138  
-0.4021993503  
-0.6178083265  
0.2970712821  
1.504531295  
-0.9094479904  
0.1181753824  
-0.8767760654  
0.9684316509  
2.010627421  
-0.3286332775  
-0.2116591539  
-0.9265195513  
0.1895956586  
-0.820126595  
-0.1676089267  
-0.3385989226  
-0.2973607116  
-0.1910281985  
-0.1943351596  
-0.5118391314  
-0.3389045974  
-0.6292828368  
-0.3205934766  
-0.3974623056  
-0.5363064807  
-0.5636612202  
-0.4782605198  
-0.1961448444  
0.08868561698  
-0.3405720947  
0.04217221945  
-0.3987150133  
-0.4654486101  
-0.5293879761  
-0.2176216764  
-0.6971328157  
-0.377852126  
-0.1916525206  
-0.8464994307  
-0.4197176434  
-0.7335353355  
-0.3557414633  
-0.4654276682  
-0.452222359  
-0.3324855023  
-0.3928876351  
-0.4637037577  
-0.6767361363  
-0.5637311096  
-0.142893778  
-1.021646644  
-0.1327925956  
-1.059520222  
1.370979458  
3.04114286  
-0.7166064062  
-0.4979882073  
-0.9911512122  
-0.03594927161  
-0.6653994901  
-0.147533469  
-0.4891940519  
0.02382161781  
-0.3064223951  
0.009005535901  
-0.1983695963  
0.6516468519  
5.001940776  
4.062771715  
-0.5560134662  
0.3918530561  
-0.1284201444  
0.1658916833  
-0.4751048448  
0.3193447114  
0.2077634242  
-0.3784973559  
-0.7178495798  
-0.31317327  
-0.6314683938  
-0.2793300148  
-0.7352670886  
-0.1784695076  
-0.6658553182  
-0.1977278604  
-0.7011137547  
-0.01936322677  
-0.6733053164  
0.06236061467  
-1.028788074  
1.283731596  
2.322725941  
-0.6191087358  
-0.1345647666  
-0.3555435744  
-0.7467443812  
-0.09021068808  
-0.7967005128  
1.491383634  
2.827426113  
-0.6322281004  
-0.069337478  
-0.6380833624  
0.2565571014  
0.7855551875  
-0.8014941508  
0.07617752254  
-0.8026289467  
-0.3828680924  
-1.002135928  
0.810009348  
2.847929071  
0.3357509552  
0.3037041323  
-0.2328975326  
0.9120271043  
-0.2580536021  
0.1931921561  
0.03325503594  
-0.2234688083  
-0.4455698993  
-0.27727625  
-0.3733778887  
-0.3758864207  
-0.2050594124  
-0.672011717  
0.3781968429  
3.878054535  
-0.3902505166  
1.422756871  
1.661001789  
0.3979757447  
-0.494435851  
-0.5607076207  
-0.1479990827  
-0.5267142306  
-0.4793078391  
-0.3634618313  
-0.4924059423  
-0.3737643721  
-0.4498377509  
-0.5408833387  
-0.4428060806  
-0.3252488789  
-0.2117153191  
0.03835806357  
-0.2132283641  
-0.3089425911  
0.2681030223  
-0.5787441258  
0.175865286  
-0.8716765479  
1.192344631  
2.506424668  
-0.4047872394  
-0.1707666415  
-0.274821577  
-0.4795186549  
-0.006481840429  
0.4947203657  
0.6132765244  
3.682301135  
-0.4734405302  
0.7660986042  
-0.7294851273  
-0.007082999338  
-0.6476919767  
-0.01239887823  
-0.6642056117  
0.3711970601  
-0.4331724711  
-0.1956227578  
-0.273664369  
-0.4503403426  
-0.9798376185  
0.3695755924  
-0.4723577245  
0.4540781395  
2.199373489  
2.852407002  
2.388084064  
0.8077519039  
-0.1753178256  
0.02827725102  
-0.7030647772  
0.9796570428  
4.324623676  
-0.5557562393  
0.3040079472  
-0.8272957905  
0.1216945468  
-1.040443813  
0.8918015061  
2.635771911  
-0.08494172493  
0.4179869847  
-0.8568866335  
0.04637325982  
-0.4737693292  
-0.4983772694  
-0.5854917189  
-0.8230160006  
-0.5705123927  
-0.4424082365  
-0.5606128831  
-0.2462786023  
-0.7708686437  
-1.732475497  
0.01788694972  
-0.007961001203  
-0.2957888556  
0.2106174974  
-0.5796439833  
-0.1334437931  
-0.9040751762  
-0.3405586086  
0.266714641  
-0.272345685  
-0.457095552  
0.3124265714  
0.5661766978  
-0.2674602669  
