-0.1589142254  
-0.456697413  
-0.06929535206  
-0.4036288328  
-0.4901086083  
0.2142610804  
1.420877463  
-0.6377482498  
0.2115165314  
-0.6578423136  
1.200893421  
2.220889257  
0.2416212084  
0.223404464  
-0.4194059173  
1.022880624  
-0.6099252562  
0.08470082727  
-0.1139004432  
-0.4260197959  
-0.334829982  
0.02354081264  
-0.3379096804  
0.01523719213  
-0.3760586152  
-0.07485044496  
-0.2550118137  
-0.3449598601  
-0.010309292  
-0.1400312399  
-0.4557066865  
0.4780456238  
-0.6638136925  
0.4757861614  
-0.2796793516  
-0.1801950222  
-0.5005276342  
0.1672771835  
-0.614815137  
0.08576648121  
0.2041079262  
-0.6071545457  
-0.3052949331  
-0.7040672489  
-0.5266321111  
-0.2157695883  
-0.4416277847  
0.0571365133  
-0.3830859336  
-0.197101525  
-0.7285445253  
-0.002645735415  
0.2339618153  
-0.7755894457  
0.1184580409  
-0.9672735838  
1.333068626  
3.976979538  
-0.2190658399  
-0.195328953  
-1.408887372  
0.03882192923  
-0.6703997373  
0.2569300161  
-0.6663156941  
0.6271790344  
-0.2052224355  
0.5499857055  
-0.5482850682  
1.767119988  
3.370349088  
0.2478578116  
0.2886167769  
-0.07170505873  
-0.1851462382  
-0.9719051073  
0.4351334413  
0.2719961209  
0.3371341002  
-0.3454840263  
-0.49157563  
-0.419045874  
-0.5408600551  
-0.4027036525  
-0.6809557056  
-0.2999928606  
-0.5646253657  
-0.4208885383  
-0.5236417591  
-0.1143458086  
-0.7225456092  
0.03026820927  
-1.077246965  
1.416555917  
2.597041463  
-1.017763793  
-0.3272266081  
-0.2436752035  
-0.6389961086  
-0.2677613145  
-0.6902232995  
1.590463819  
3.05465541  
-0.7373350951  
-0.1332918678  
-0.5285108943  
0.1107245307  
0.7342173682  
-0.6692621774  
0.4611876403  
-0.453981955  
-0.3023316576  
-0.8726798852  
1.040185078  
3.484226809  
0.277699467  
0.2864129969  
-0.5080241858  
0.5084539952  
-0.2825098701  
0.05670546298  
0.2344508338  
-0.5431633471  
-0.4666964631  
-0.4806701282  
-0.5483543276  
-0.348508713  
-0.1903499593  
-0.8340647343  
0.2578633807  
4.042777984  
-0.9780716491  
1.27774833  
1.264256666  
0.08361370724  
-0.7952095599  
-0.6202427237  
-0.4730818783  
-0.6287897551  
-0.754825658  
-0.3524667708  
-0.8260002658  
-0.2445532692  
-0.3645756215  
-0.7200521077  
-0.4333092194  
-0.3336813409  
-0.2291165988  
0.0003177582153  
-0.07725457779  
-0.5244240604  
0.07779873087  
-0.7302190445  
0.03250707579  
-1.032238236  
1.432407623  
2.998766263  
-0.4284824015  
-0.4182998725  
-0.2224553876  
-0.2232443189  
-0.3606016593  
0.1881769164  
0.7367604896  
3.680633584  
-0.362449827  
0.41753943  
-0.7665241428  
-0.2581351648  
-0.9190158889  
-0.1754187  
-0.7614115955  
0.02825028329  
-0.4539993266  
-0.2481677661  
-0.1600299348  
-0.1751593656  
-0.9585442982  
0.1653406836  
-0.3316467189  
0.5018001644  
2.044366316  
3.504759926  
2.521319993  
0.5039115731  
-0.1285878556  
0.1736586623  
-0.7680005993  
0.7371389182  
4.1014773  
-0.1494983788  
0.3436230963  
-0.8056352114  
0.01701948765  
-1.036263395  
1.00307534  
2.952749293  
-0.0619713782  
0.2487241732  
-1.229581158  
0.009962603078  
-0.4870819333  
-0.7825967244  
-0.6742197578  
-1.020230876  
-0.8627338636  
-0.4446277986  
-0.6700903726  
-0.08625279409  
-1.007527215  
-1.997908236  
-0.358496303  
-0.5308396797  
-0.304226426  
-0.175271833  
-0.6940281493  
-0.3192574423  
-0.8887334369  
-0.8740316691  
-0.04483550935  
-0.8482174957  
-0.6583492206  
-0.1399135038  
0.03126495892  
-0.3751608303  
