4278.814607  
4251.47009  
4090.792976  
4014.926216  
3996.057226  
4181.59916  
3963.944376  
4096.834424  
3985.424472  
4104.825654  
4029.000261  
4177.232736  
4039.410614  
4058.798281  
3899.63459  
3950.607322  
4169.120237  
4157.036339  
4076.569048  
3984.018895  
4140.026398  
3926.092858  
3993.688789  
4176.14228  
4008.95337  
4144.138388  
4031.482605  
4064.147233  
3974.969419  
4088.941642  
3953.393789  
4251.033418  
4008.286824  
4353.688574  
3754.69691  
4128.182572  
3954.224149  
3942.545677  
4298.582028  
4062.712195  
4077.894189  
3699.908684  
4050.618594  
4213.832197  
4230.095645  
4154.508684  
4082.224015  
4116.323346  
4105.494854  
4091.242586  
4166.205283  
4151.559155  
4211.56183  
4213.263089  
4201.631822  
4164.759521  
4268.089496  
4160.332636  
4220.790329  
4218.993842  
4245.163156  
4158.926666  
4123.509918  
4312.579927  
4100.50477  
3953.489127  
4197.42722  
4612.782285  
4226.799699  
4206.765233  
4120.182044  
4275.369229  
4132.270435  
4368.692602  
4433.246695  
4157.378568  
4203.135089  
4114.578848  
4132.140303  
4089.580096  
4014.065985  
4275.559853  
3893.816916  
4000.806456  
4445.926474  
4163.614183  
4143.266085  
4340.266828  
4164.369371  
4208.305346  
4141.318977  
4244.896986  
4181.514196  
4167.044131  
4170.019143  
4254.081729  
4279.04723  
4288.754284  
4264.247228  
4317.944564  
4275.386145  
4292.861092  
4317.28533  
4326.624495  
4246.821065  
4343.593301  
4293.512375  
4414.513062  
4354.693704  
4462.045027  
4397.769186  
4454.301425  
4416.173494  
4523.361262  
4097.849809  
3931.503375  
4141.592099  
4399.177967  
4224.444376  
4258.0742  
4264.31941  
4404.558085  
4200.370312  
4127.02104  
4393.174784  
4205.776407  
4617.638107  
4253.160758  
4226.575709  
4252.066296  
4161.270572  
4067.973686  
4291.619337  
4176.069194  
4242.860125  
4137.296542  
4145.737859  
4257.686661  
4672.385288  
4443.127494  
4317.678684  
4596.547344  
4661.848069  
4774.32841  
4127.632058  
4517.609253  
4434.794732  
4647.401614  
4975.784939  
4561.823914  
4492.267147  
4466.373343  
5011.675301  
4934.621049  
4585.578805  
4309.582148  
4303.958731  
4277.856058  
4298.057054  
4188.607555  
4506.950303  
4626.088415  
4306.17348  
4388.054203  
4355.187117  
4297.024103  
4221.07392  
4253.705309  
4355.553078  
4228.89433  
4479.221876  
4964.600386  
4193.448071  
4451.176085  
4654.864075  
4486.962731  
4534.908928  
5053.444485  
4636.667766  
4417.76831  
5097.271613  
4382.090323  
4342.179713  
4270.607091  
4451.77875  
4240.470129  
4430.127884  
4372.263536  
4386.420851  
4264.950466  
4271.688896  
4358.503693  
4516.373405  
4510.728012  
4636.531041  
4251.034709  
4206.5905  
4456.304752  
4342.011081  
4288.140119  
4361.579192  
4267.736509  
4211.886552  
4468.668566  
4383.317393  
4304.284993  
4222.614242  
4339.232344  
4273.669251  
4246.660876  
4218.1172  
4074.737482  
4258.811626  
4247.351927  
4282.450585  
4457.308109  
4611.517468  
4338.976748  
4343.200141  
4467.735696  
4276.402691  
4544.826632  
4331.775233  
4406.349251  
4337.830073  
3969.264778  
4302.692522  
4295.598806  
4262.96318  
4222.717134  
4482.347871  
4413.085919  
4370.422742  
4386.355301  
4301.749092  
4267.900907  
4306.704597  
4301.499143  
4383.30162  
4215.287256  
4435.741326  
4280.874394  
4500.465094  
4233.302709  
4377.334857  
4415.402659  
4296.38622  
4334.711655  
4398.963977  
4566.733468  
4742.152109  
4629.804863  
4872.53469  
4944.408542  
4471.053013  
4733.869024  
4629.624699  
4375.334386  
4596.904562  
4181.957176  
4501.543328  
4404.026072  
4391.878925  
4417.554326  
4520.034169  
4512.832892  
4360.224074  
4548.911652  
4293.329523  
4172.358306  
4230.72459  
4478.866155  
4191.169283  
4445.65891  
4353.121721  
4325.080238  
4255.775887  
4438.633193  
4299.439811  
4339.316466  
4402.21468  
4512.371579  
4416.440511  
4386.31149  
4382.5184  
4388.007838  
4349.132565  
4459.136491  
4247.317789  
4082.602306  
4496.741609  
4458.225227  
4412.806562  
