4592.729218  
4446.024947  
4729.141648  
4548.839162  
4869.41844  
4619.190529  
4586.49468  
4497.38888  
4635.509602  
4595.812052  
4468.704878  
4628.927629  
4539.337927  
4570.062029  
4555.763284  
4557.127317  
4587.993807  
4573.515762  
4611.124676  
4580.006417  
4585.629334  
4575.151146  
4639.648935  
4653.985394  
4591.824576  
4581.773926  
4595.775398  
4607.490982  
4610.849486  
4616.403472  
4615.071507  
4605.092464  
4654.712954  
4637.93137  
4602.757143  
4609.743319  
4394.690066  
4673.603869  
4698.20042  
4772.779907  
4854.829987  
4477.123557  
4449.156218  
4072.975499  
4282.914727  
4774.727393  
4646.80183  
4370.752259  
4456.93262  
4233.345358  
4332.647731  
4354.963449  
4587.322338  
4589.761901  
4500.719998  
4545.364507  
4619.284889  
4510.554744  
4531.539819  
4423.706902  
4599.188896  
4388.960945  
4471.973954  
4531.300029  
4502.171667  
4756.242917  
5202.552842  
4896.681657  
5080.270334  
5059.852386  
5213.841562  
5003.825495  
4702.698718  
5085.819367  
4870.12378  
5049.234205  
4617.218014  
4895.645346  
4794.120602  
4945.189377  
4918.242666  
4924.407002  
4805.348793  
4952.512649  
4573.28724  
4463.744748  
4228.276227  
4249.629635  
3772.229563  
4625.698444  
4291.39922  
4435.033353  
4220.037775  
4491.31176  
4180.510296  
4047.57512  
4084.33183  
4105.718182  
4642.933666  
4397.114858  
4659.826498  
4339.884063  
4099.338897  
4202.374136  
4032.935679  
4210.9736  
4325.039221  
3819.573714  
4495.603975  
4342.135428  
4332.16696  
4779.310214  
4398.111827  
4486.778447  
4300.78134  
4445.627871  
4149.501442  
4413.225301  
4308.874389  
4469.790939  
4262.088632  
4545.410809  
4684.45998  
4843.781069  
5211.591435  
5187.68559  
4880.790137  
4859.414055  
4887.859199  
4981.108716  
4775.914207  
4762.567573  
4766.457412  
4694.339478  
4810.109299  
4894.142231  
4611.442606  
4516.392751  
4858.160773  
4909.105663  
4849.240863  
5280.017371  
5176.233909  
5208.513034  
4376.900034  
4719.0166  
4727.786721  
4761.360406  
4780.536957  
4724.634891  
4693.935759  
4729.556873  
4703.265081  
4548.047099  
4794.973318  
4824.57276  
4618.281925  
4620.575013  
4414.995771  
4209.967516  
5448.768631  
5281.334978  
5936.491146  
4701.772494  
4245.11932  
4889.266795  
4328.040154  
4638.638223  
4666.577377  
4620.875117  
4665.17701  
4571.585342  
4659.421095  
4637.435954  
4708.373008  
4612.27018  
4719.769406  
4632.991322  
4752.102684  
4679.183969  
4835.070785  
4651.726503  
4970.793911  
4213.971731  
4347.820177  
4595.901645  
4502.839652  
4557.800084  
4608.238763  
4943.740657  
4348.306736  
4539.365597  
4468.294291  
4803.278902  
4408.129255  
4376.266616  
4506.541124  
4758.242666  
4414.638452  
4644.536217  
4226.691542  
4457.020517  
4510.072427  
4385.86823  
4750.204585  
4480.493352  
4493.31842  
4476.861976  
4621.634297  
4611.116095  
4482.683568  
4621.240039  
4378.532303  
4497.95005  
4610.587174  
4576.813533  
4558.985548  
4734.116067  
4628.099193  
4613.565399  
4689.223934  
4635.17579  
4551.974639  
4581.762676  
4508.246682  
4717.784455  
4538.583251  
4874.698189  
4644.130227  
4746.877669  
4053.361038  
5409.515377  
5879.865838  
5380.218921  
5714.893688  
5072.667038  
4603.593173  
