-0.2111226581  
-0.5976968273  
-0.5796162029  
0.2571552682  
-0.6683950312  
-0.6307910716  
-0.7663836408  
-0.3958834418  
-0.03130616949  
0.1921671993  
-0.406707493  
-0.723193909  
-0.6905782866  
-0.7636836544  
-0.6698854344  
0.04746638432  
-0.4434920324  
-0.6779554248  
-0.8576083203  
0.9132737183  
1.849043617  
0.956761769  
-0.3214818202  
-0.6063960103  
-0.1681551357  
0.01452065422  
1.145613213  
2.680545032  
2.576651621  
1.013704526  
-0.5430261261  
-0.452171015  
-0.667063977  
2.377364844  
0.2341373694  
-0.5788449234  
-0.5604756919  
-0.4552415706  
-0.5938651847  
-0.6899010243  
-0.5984359045  
-0.6991840788  
-0.5975191389  
-0.8201744111  
-0.5290028653  
-0.6312238556  
-0.7463914604  
-0.8513281418  
0.3713184021  
0.4341368954  
-0.9407297886  
-0.498423453  
-0.9255910426  
1.145262091  
-0.4117638231  
-0.6361265831  
-0.6121513647  
-0.06316887191  
-0.9519880217  
1.311500781  
2.870722233  
2.266376161  
-0.1512111471  
-0.7310246983  
-0.4695546653  
-0.3487372931  
0.3902409912  
-0.6828862461  
-0.5436549368  
-0.8646487159  
-0.6679007847  
-0.5744377858  
-0.7736906025  
-0.3154587023  
-0.8184226476  
0.5858927849  
2.134000607  
-0.3283992429  
-0.5033255856  
-0.6341404267  
-0.6382068022  
-0.7925704141  
-0.6410165804  
-0.8970282678  
0.9428688583  
-0.2496923801  
-0.7401232465  
-0.7809527385  
-0.7520063619  
-0.1773117284  
-0.7772374602  
-0.5406442387  
-0.4996015392  
-0.6424321624  
-0.4199671012  
-0.2997329035  
-0.8277779446  
0.1402552701  
-0.2032459033  
-0.1125129993  
-0.4679010364  
-0.3187960612  
-0.7871580913  
-0.7331292164  
-0.6750394494  
-0.7128053722  
-0.7764906814  
-0.7949254699  
-0.6878124557  
-0.6463412937  
1.474898127  
-0.3322455773  
0.6106236587  
-0.2534910556  
1.918117652  
-0.1063520219  
-0.7178844591  
-0.598407639  
-0.7179886969  
-0.6796519307  
-0.7402901256  
-0.6132376279  
-0.7569085932  
-0.7104279669  
-0.6961279146  
0.8640509772  
-0.2853583781  
-0.6729202847  
-0.6195393107  
0.07990329122  
-0.1770440454  
0.2188904104  
-0.2250755302  
-0.5537098172  
-0.5675900205  
-0.6900030524  
-0.5861383172  
-0.4333708518  
-0.6785501798  
-0.5552527109  
-0.571516592  
-0.7604908936  
-0.6742788579  
-0.6345173705  
1.969322593  
1.789038638  
1.723174201  
0.09645425679  
-0.4282583104  
-0.5119087909  
2.66658329  
-0.3449952252  
-0.5156325253  
-0.5641291589  
-0.703715182  
1.18485881  
2.75187178  
0.6597370846  
-0.478677544  
1.550101902  
2.543462906  
2.041209445  
2.637157939  
2.71101394  
2.720714129  
-0.4260040956  
-0.5940236634  
-0.6487094308  
1.868755594  
-0.3940889213  
-0.6877494933  
-0.5594021329  
-0.5293381014  
0.08718910726  
-0.2311888372  
0.2364649179  
-0.377834331  
-0.4667634474  
-0.463115002  
-0.448910116  
2.775611612  
1.50669302  
0.243611256  
0.6606494201  
0.170048815  
-0.7784175978  
0.9832881264  
-0.3270418099  
-0.2486980921  
1.468122186  
-0.3190196631  
-0.249433553  
-0.7108954028  
-0.2898800515  
-0.5941148636  
2.43784645  
2.494574931  
1.304332147  
2.869312116  
-0.03079827219  
-0.3025374638  
-0.2062363337  
-0.4120671254  
-0.06877876697  
-0.02039902391  
0.1106906818  
-0.432825011  
-0.4201078647  
-0.4463968437  
-0.4589017402  
-0.3940454088  
-0.5401607459  
-0.3808292501  
-0.7021874085  
1.528835561  
2.618304135  
2.305680794  
0.7311630094  
-0.1572709456  
-0.09422224306  
-0.3695012587  
-0.1607991188  
-0.2947104076  
-0.3937576979  
-0.4124128466  
