3280.091954  
3353.396568  
3515.728766  
3186.467987  
3685.900746  
3397.065043  
3584.216993  
3303.137588  
3544.107573  
3602.560047  
3569.391101  
3478.274918  
3470.623269  
3583.412762  
3497.10485  
3562.406758  
3553.879397  
3580.686478  
3597.392308  
3597.385442  
3535.623737  
3595.570359  
3693.496558  
3701.921112  
3586.12497  
3626.270288  
3618.975542  
3677.560708  
3625.87465  
3700.298803  
3639.73519  
3708.357581  
3698.781992  
3754.900072  
3619.461846  
3776.713136  
3191.87287  
3556.785481  
3807.996982  
3806.366183  
3824.884016  
3312.490808  
3287.262053  
3011.186286  
3175.396322  
3679.516859  
3497.610118  
3359.810254  
3342.468758  
3338.367379  
3571.495241  
3383.949012  
3376.842659  
3470.428138  
3475.452247  
3541.884983  
3691.110535  
3602.054426  
3639.279725  
3504.687324  
3665.48762  
3544.440226  
3572.02431  
3482.590851  
3573.268066  
3825.089538  
4374.600828  
3827.124318  
4010.566559  
3989.710048  
4346.234301  
3918.309013  
3906.603084  
3906.990936  
4031.994946  
3864.583254  
3759.318677  
3956.870713  
3907.893785  
3959.873954  
3597.870394  
3844.234824  
3937.344111  
3752.203306  
3639.008228  
3444.675277  
3079.446185  
3166.312049  
3057.494457  
3810.614009  
3352.127051  
3571.881488  
3420.68502  
3699.529641  
3181.967032  
3094.371184  
2973.025768  
3234.60781  
3585.903172  
3331.441291  
3384.817094  
3117.153336  
3019.253791  
3163.179754  
3188.081271  
3461.042658  
3573.797796  
2790.169968  
3479.328197  
3000.366333  
3279.19329  
3878.685382  
3335.340112  
3556.988885  
3516.814731  
3637.048521  
3349.46586  
3586.451624  
3533.418416  
3629.729987  
3306.640824  
3536.406826  
3830.068446  
4093.564265  
4372.552197  
4106.257258  
4056.315697  
3812.777594  
3913.748244  
3988.77519  
3874.385422  
3832.128752  
3874.861021  
3673.766347  
3732.395028  
3897.818884  
3400.235511  
3346.2275  
3896.431891  
4112.775681  
3847.999406  
4312.939591  
4158.060435  
4136.235442  
3385.479594  
3597.193702  
3725.519458  
3806.945064  
3824.783861  
3833.789336  
3747.695005  
3825.000722  
3753.412561  
3627.262259  
3938.172105  
3772.960363  
3591.82675  
3619.951898  
3179.074857  
3343.999317  
4341.873765  
4405.210591  
4990.823749  
3853.424652  
3046.657134  
3724.236357  
3464.140445  
3634.618286  
3529.610409  
3607.181227  
3725.241601  
3601.23651  
3728.301881  
3735.58988  
3781.966148  
3737.093161  
3788.289194  
3768.910245  
3812.676962  
3829.381749  
3897.946839  
3786.225654  
3921.045038  
3208.9977  
3346.270126  
3255.910561  
3510.065485  
3546.471208  
3673.479323  
3984.252306  
3511.226223  
3328.611538  
3662.693037  
3906.022138  
3176.087939  
3455.454267  
3621.609468  
3868.072314  
3552.423784  
3936.565601  
3229.153608  
3574.293916  
3480.264111  
3348.238823  
3969.826075  
3609.127081  
3810.754661  
3508.303215  
3802.748106  
3766.606945  
3590.614633  
3673.354893  
3652.961246  
3719.425165  
3849.465148  
3748.926591  
3819.675139  
3781.487995  
3677.76739  
3827.404792  
3604.58692  
3697.567201  
3779.299452  
3756.003624  
3779.310228  
3822.291525  
3687.14122  
3997.053463  
3581.027604  
3730.418966  
3170.719699  
3865.371845  
4625.104758  
4248.976303  
4534.376044  
4195.372547  
3679.926234  
