-2.266355501  
-3.05635691  
-1.68506714  
0.709864419  
-0.5428755599  
0.9218165876  
0.314440997  
-0.5913643105  
0.4704995966  
0.6075489306  
0.583579127  
0.316562555  
0.3108149198  
0.7198554834  
0.4618938691  
0.6443006706  
-0.02759129624  
0.4308210399  
0.6484081778  
0.7093923245  
0.5172305084  
0.2418156588  
-0.03938451401  
0.4894625124  
0.6079982778  
0.6635021616  
0.6498628969  
0.5021555188  
0.563573315  
0.7838123338  
0.3587849216  
0.9554728585  
0.2389607894  
0.2537115412  
0.6389024133  
0.537746323  
0.7240067657  
0.806472817  
0.7592970543  
0.01107740373  
0.6818384931  
0.2326680087  
0.002039796208  
-0.3808634218  
0.3870606998  
0.5682928444  
-0.1217730169  
0.2602149641  
0.6514779638  
0.7439932751  
0.7183675769  
0.6888022471  
0.8463560242  
0.4113529425  
0.7134954662  
0.4739334254  
-0.6014143338  
0.04988524103  
-0.5094722405  
0.5734543337  
0.88394946  
-1.167212984  
-1.79097461  
-0.9481924841  
0.3216104361  
0.2434116296  
-0.2088442715  
-1.949371729  
0.4280324434  
0.9361685701  
0.5401338004  
0.1428540058  
-0.3843029883  
0.9509887925  
0.2765445699  
0.7633599121  
-0.403362829  
-0.235345839  
-1.291518348  
-3.232993284  
-3.576505136  
-0.7463819897  
0.3907971857  
0.3515696777  
0.4040052916  
0.3710610952  
-2.824402365  
0.1369332544  
0.6435758057  
0.1722343257  
0.1649049101  
0.3190334406  
-0.4986430758  
-2.004641075  
-0.3082229341  
0.4798427427  
0.3729623321  
0.8322885883  
-2.366882451  
-1.439097457  
-0.4299103957  
0.1686467734  
0.981718535  
0.5925506236  
0.8921091646  
1.010264191  
0.8390094286  
0.00264605744  
0.968144756  
0.5023417959  
0.5901232089  
-0.1849640681  
0.6357412581  
0.03592784756  
0.2983904057  
0.6474654009  
0.608001586  
-1.848416521  
0.2312819142  
0.7733712286  
0.6137519529  
-0.4845687039  
-0.9401564206  
-0.873878622  
0.8338461899  
0.5317521379  
0.477082573  
0.4807990742  
0.05503953365  
0.3570350882  
0.3923672054  
0.5386698814  
0.4297079273  
-1.280983336  
0.5827703257  
0.7180851253  
-1.1201153  
-2.77157024  
0.006425883916  
0.8871993089  
0.2297007451  
1.088326605  
-1.165596834  
-2.790808842  
-1.027683791  
-0.259929959  
-0.2000841101  
0.8793769313  
-0.9009824506  
-2.164785247  
-0.2083536656  
0.301768835  
0.1570346978  
-0.617212793  
-2.336591756  
-0.7763593262  
-0.1624815689  
0.1511382591  
0.7497600555  
0.6288019047  
0.3674309907  
-1.086356381  
0.07328663515  
0.9419621022  
-1.051294629  
0.04658080377  
-1.724078657  
-1.551671401  
-1.646273385  
0.4930951166  
-2.573873167  
-0.2562045246  
-0.3681022033  
-0.38107529  
-1.927185997  
-0.9654246342  
-1.616366589  
-0.4705808712  
0.1287676135  
0.5811868501  
0.6909057143  
0.1978707745  
0.6922949884  
-0.1896919594  
0.5804758734  
-2.556061202  
-0.434528644  
0.5342695713  
0.4180975101  
0.4034985636  
0.307681095  
0.3160671213  
0.5523316501  
0.5362759887  
0.9645818056  
-0.08581893137  
-2.576456296  
-0.01626010706  
0.557301564  
0.7213449782  
1.346964492  
0.6410578555  
0.7422396516  
0.9952219819  
1.087221275  
0.7697224954  
0.9861656282  
1.196071013  
1.144716622  
1.062407117  
0.3217238593  
0.9437366237  
0.8753355668  
1.065155831  
0.7330712847  
0.6516204212  
0.9061386752  
0.520942421  
0.685307287  
0.7944312142  
0.5955045278  
-2.615118419  
-2.606137461  
-0.8472096046  
-0.03075951125  
