3615.615144  
3796.244299  
3643.381932  
3752.409977  
3520.055024  
3563.023851  
3525.906722  
3294.760602  
3594.918525  
3544.308482  
3540.783684  
3504.362246  
3437.583804  
3517.533135  
3550.225828  
3549.02377  
3460.538688  
3556.777822  
3579.006713  
3544.007492  
3537.42431  
3526.470158  
3746.934357  
3626.793246  
3594.817396  
3570.314349  
3517.89104  
3604.641149  
3528.892258  
3662.316321  
3625.669563  
3682.452987  
3528.49722  
3544.369993  
3701.139135  
3636.694547  
3588.365368  
3595.222383  
3541.465495  
3500.446099  
3595.180859  
3494.389317  
3490.76839  
3405.730486  
3528.952444  
3520.356173  
3681.516779  
3484.870546  
3584.630581  
3594.26926  
3556.04141  
3589.062199  
3576.603793  
3602.352877  
3597.421149  
3519.457196  
3384.305231  
3665.800106  
3997.906215  
3863.426552  
3675.246079  
3669.358384  
3440.505448  
3413.994652  
3832.571155  
3645.235711  
3534.738017  
3492.516303  
3707.306634  
3718.423709  
3634.239526  
3662.374213  
3616.551332  
3693.399827  
3687.725368  
3572.123712  
3535.594233  
3498.386256  
3770.951747  
3696.534197  
3707.668228  
3558.030568  
3659.880356  
3634.931528  
3573.671073  
3563.370349  
3482.61495  
3592.947446  
3633.620945  
3505.546413  
3558.37339  
3580.161981  
3506.931309  
3975.60313  
3748.09258  
3540.457534  
3713.289213  
3564.327064  
3570.661315  
3408.450576  
3564.398359  
3670.300252  
3690.062454  
3682.404131  
3734.498629  
3776.640103  
3824.782133  
3653.581555  
3739.047101  
3706.318381  
3662.588988  
3575.361986  
3671.086597  
3603.259704  
3573.059598  
3701.999975  
3701.360636  
3759.200656  
3782.265997  
3614.611072  
3682.824993  
3676.610878  
3783.016946  
3495.163716  
3746.568487  
3700.678537  
3625.154307  
3592.029104  
3634.45845  
3590.230917  
3630.399187  
3670.568675  
3615.651224  
3345.30213  
3724.477075  
3674.167992  
3371.184385  
3588.614262  
3685.463483  
3638.414921  
3736.710941  
3624.507203  
3892.122264  
3913.140978  
3969.788714  
3688.694127  
3540.119546  
3644.671989  
3736.571799  
4071.41355  
3745.236386  
3651.441042  
3645.172  
3648.998021  
4213.936273  
3979.514831  
3798.854942  
3706.541764  
3832.729235  
3846.960973  
3869.999578  
3889.421588  
3817.118685  
3715.601069  
3820.053106  
3752.939751  
3939.47009  
3789.242082  
4198.869443  
3744.800115  
3929.647607  
3831.153588  
3759.674549  
3719.257006  
4368.16047  
4193.313762  
4045.735821  
3984.721601  
3555.443812  
3859.700374  
3613.64982  
3755.165821  
3684.738072  
3716.341779  
3555.035191  
4008.675558  
3817.99005  
3731.632553  
3665.298448  
3702.674459  
3620.576477  
3846.86873  
3884.000557  
3804.033637  
3798.961205  
3821.396279  
4536.781024  
4051.816927  
3817.972638  
3848.271572  
3856.82501  
3962.244681  
3921.826686  
3940.007795  
3889.892309  
3950.244855  
3855.360286  
3933.572492  
3851.96567  
3951.719016  
3744.406817  
3867.76873  
3792.674447  
3893.101058  
3725.173285  
3959.012754  
3740.86396  
3756.349293  
3861.011624  
3927.870925  
3759.58678  
3856.25136  
3860.395445  
3608.307195  
3764.533443  
