0.6616928643  
-1.306861947  
-0.447635816  
0.01406550258  
-0.4236195551  
-0.6326562337  
-0.6815257757  
-0.8272393363  
-0.7560206417  
-1.091967598  
-0.7355420069  
-0.810564892  
-0.8459405263  
-1.108738172  
-0.7532369825  
-0.7757803641  
-0.9405580858  
-0.6972658627  
-1.072263646  
-1.069593971  
-0.8587365818  
-0.1897011945  
-0.8541998639  
-0.644237109  
-0.8931206203  
-0.7148696739  
-0.8805873939  
-0.9392287421  
-0.7728446318  
-0.9413385384  
-0.9548252869  
-1.103778236  
-0.9902175517  
-0.9048263201  
-0.006323932227  
-0.6839906096  
0.1187132682  
0.1141988894  
-0.7052422219  
-0.893810089  
-0.6629994497  
-0.2152665383  
-0.4688579613  
-0.8278585008  
-0.8891137199  
-0.6825637926  
-1.007520146  
-0.9322137363  
-1.013348595  
-0.9950924551  
-1.02393163  
-0.9303936365  
-1.237323881  
-1.000241393  
-0.8385343284  
-1.062171496  
-0.9723409065  
-1.001946816  
-1.056920155  
-0.9883821543  
-1.132112516  
-0.9048018331  
-0.7770917714  
-1.121691648  
-0.3704035081  
-0.5049112072  
0.9707074262  
1.38074662  
-0.9455355548  
-0.6567665489  
-0.7000875778  
-0.4451121856  
-0.4098288859  
0.226246966  
0.2323987052  
-0.7310229113  
-0.9643239166  
-0.6331246681  
-1.047338425  
0.2586131682  
1.134078987  
-1.235331356  
0.9790677618  
0.0704351288  
0.1096996704  
-0.2543528361  
-0.1977726514  
-0.3594281274  
-0.9616929304  
-0.8597542247  
-0.9662344724  
-0.8835829241  
-0.6990347877  
-0.8817583781  
-0.9058183037  
-0.9749579027  
-0.9738238633  
-1.030809636  
-0.8905944525  
-0.9745145867  
-0.9291154363  
-0.9329440657  
-0.8731171222  
-0.4603663138  
-0.6846998783  
-0.8526057973  
-0.7654184873  
-0.8714167449  
-0.7475927397  
-0.9356388465  
-0.6706700513  
-0.9743279529  
-0.743400531  
-0.8900431101  
0.3273163429  
0.6793504514  
1.730785975  
1.002604678  
0.7300100523  
0.01967588292  
-0.2038771261  
-0.1337500024  
1.615275701  
0.2237556207  
1.106663945  
0.4327824878  
0.3147684877  
0.6275730496  
-0.2233204324  
0.5464553503  
-0.9009842527  
-0.4245438377  
-0.8356325229  
0.01732114323  
-0.5326907343  
-0.5750053749  
-0.727301577  
0.80546412  
2.07019232  
0.01077696381  
0.2597754154  
0.9777484146  
0.9626943493  
1.850133551  
0.04281192959  
2.63015741  
0.8297431436  
1.450824497  
2.468978791  
1.640818346  
0.3112752819  
0.7849789631  
2.462252398  
1.988530706  
0.6909133576  
-0.4831240282  
-0.1762221565  
-0.380037159  
-0.3113858278  
-0.7015699072  
0.5536024704  
1.654454562  
-0.5596982394  
-0.1756629893  
-0.6841615344  
-0.5333429122  
-0.5094730509  
0.09164216782  
-0.4109160853  
-0.1597163238  
0.2337560455  
2.563530405  
-1.154209458  
0.9011123596  
1.106521339  
0.6545776185  
2.248279422  
2.371310526  
0.8061088824  
0.5326463557  
2.160363079  
-0.4773539446  
-0.142713799  
-0.4490576931  
-0.4111652329  
-0.5798016266  
0.08095377048  
0.6725278368  
-0.5984547801  
0.3813743427  
-0.5983078898  
0.1622259266  
0.5269090249  
0.7629936221  
1.148674862  
0.1851999136  
0.2547249201  
-0.05769051128  
0.827359817  
-0.5257466107  
-0.2731983346  
-0.3074605817  
-0.4233718134  
-0.1684862375  
0.5950071353  
-0.7318102164  
-0.09030100377  
-0.2422704191  
0.6947413967  
-0.5084498061  
-0.4552262513  
-0.06890558008  
-0.427359238  
-0.06203696577  
0.2598860703  
0.1193587194  
1.243304789  
1.088198299  
1.634021707  
-0.7873713208  
1.407439889  
2.651991197  
2.105520263  
-0.5174915849  
0.8095859912  
-0.3128213589  
0.6874511667  
-0.1631637997  
-0.05437655294  
-0.6037482823  
0.3301276074  
0.635786575  
-0.4085274052  
-0.4446552179  
-0.04630914339  
-0.3092820545  
-0.009858188622  
-0.188194088  
-0.4211480848  
-0.1936721623  
-0.01820993227  
-0.1413931876  
0.8732585082  
-0.02143809021  
-0.1740320095  
0.1511734473  
-0.3501993325  
0.03614607783  
2.429254416  
2.851581155  
3.190827815  
2.785472549  
3.690855606  
1.754358797  
0.637654382  
3.590811219  
1.803237867  
-0.5730811664  
0.2104776939  
0.206121948  
-0.4335374362  
0.8719650013  
0.580474427  
-0.2271628246  
1.412481518  
2.737581966  
-0.2167036773  
0.1485428836  
-0.6106219343  
0.1308329657  
-0.1920235354  
-0.2087502585  
-0.2977551132  
-0.2532957966  
-0.610926621  
-0.3806543919  
-0.5448473792  
-0.1588919301  
-0.5966738827  
0.1196228531  
0.6432120968  
-0.2464543415  
-0.1430780943  
-0.02364784388  
-0.1885415327  
-0.2799251162  
0.3136264019  
-0.1572594513  
0.03175985761  
0.9645097117  
2.248002233  
2.676921833  
2.229291771  
