-0.7995346116  
1.045044796  
-0.05012914762  
-0.3834752028  
-0.216775509  
0.4508267725  
-0.02934865774  
-0.01824646612  
0.1828297816  
0.6474391332  
-0.05824619676  
0.700651248  
0.2073049411  
0.525609652  
0.03686085705  
0.0368442711  
0.5568734229  
0.6068839674  
0.4884171528  
0.4107560544  
0.4693482677  
-0.7357388774  
0.3769598771  
0.3293121258  
0.1840824185  
0.491448462  
0.5322325783  
0.3516202167  
-0.01016570966  
0.4273019874  
0.2034452534  
0.8712894776  
0.441327572  
1.036011352  
-0.7249053258  
0.2487890934  
-1.039844709  
-0.7251798871  
0.8327436116  
0.4794989709  
-0.2552019697  
-1.439280261  
0.6711601487  
0.5807492424  
0.8842359666  
0.3119216572  
0.6742121033  
0.5004235645  
0.5331352689  
0.5955719665  
0.8229322539  
0.7118535104  
0.9527862709  
0.8257733557  
0.7878968499  
0.8118263881  
0.8856580608  
0.7336541026  
1.032210053  
0.8730174251  
1.090215638  
0.3639273655  
0.1476623084  
1.075934174  
0.09870619917  
0.187988444  
-0.8756794186  
-0.7023049654  
0.6752638671  
0.3773731629  
0.430010075  
0.4957416152  
0.009737797072  
0.344605632  
0.1120461516  
0.5233885483  
0.7004736555  
0.1252707541  
0.4539541867  
-1.000803985  
-1.447535236  
1.098747863  
-2.137124672  
-0.1861543756  
0.4267749463  
0.01863076128  
-0.1301763496  
0.6166523054  
0.4647352461  
0.5943915095  
0.6859383274  
0.8960241512  
0.420195758  
0.6838384756  
0.8190463565  
0.9543430003  
1.071054042  
0.9773705875  
0.8795028289  
0.993162547  
0.8802889014  
1.133772113  
0.8903828416  
0.9091475115  
0.7963620127  
1.039442907  
0.7520979095  
1.219767813  
0.9115220156  
1.304989494  
0.9263475952  
1.488062022  
1.003912312  
1.540025166  
-0.8726904053  
-1.318051254  
-2.586484111  
-1.217803138  
-1.235188649  
0.1085362011  
0.07222227806  
0.4585101896  
-2.380525262  
-0.6902392645  
-0.7947345695  
-0.4441507393  
0.6141526477  
-0.5983966642  
-0.1887763249  
-0.8788503488  
0.404356757  
0.09134709413  
0.6873674035  
-0.1462353508  
0.2343663413  
0.2206373513  
0.123165223  
-0.8913259598  
-1.542890113  
0.1355560425  
-0.4420585451  
-0.5523316103  
-0.7339590086  
-1.317324856  
-0.5065736313  
-2.410393846  
-0.4349449127  
-1.012816845  
-1.76140641  
-1.479782453  
-0.02791247431  
-0.7571476549  
-1.798318469  
-1.545746318  
-0.2253156996  
0.7715591737  
0.3769524445  
0.6906108936  
0.1823431958  
0.612692209  
-0.7057264078  
-1.374599132  
0.5169248198  
0.2506854942  
0.9516500014  
0.3927466998  
0.5321057389  
-0.3787998081  
0.5607117557  
0.2839513992  
-0.5238554848  
-2.072408313  
0.9951559748  
-0.5547187412  
-1.000832758  
-0.3131156724  
-2.059913607  
-2.033142127  
-0.3219715117  
-0.139175712  
-1.683352498  
0.6434915454  
0.3973475359  
0.1178557727  
0.8415828655  
0.4776339729  
0.5396701027  
-0.3038793119  
0.5102316805  
-0.3379886337  
0.7034362317  
-0.2129065066  
-0.4152054947  
-0.6871871121  
-0.5446108295  
-0.1744330474  
-0.1119711882  
0.6140844151  
-0.8496687409  
0.6142765553  
0.3776232208  
0.6343670644  
0.1182228878  
0.8811664137  
0.03909580134  
0.9818700172  
-0.125452959  
0.5575154368  
-0.3362183215  
0.6740968735  
0.3886705486  
-0.2476831534  
0.2096336856  
0.3756310094  
0.03671211958  
0.06184371647  
-1.036779697  
-1.216263618  
-0.9450104865  
1.324591689  
-0.8802046389  
-2.857860845  
-2.61059129  
1.007190602  
-1.350183262  
-0.7067110471  
-0.2093261032  
0.5742055849  
0.2094470408  
0.4431541757  
0.4018932821  
-0.2440368852  
0.8553716896  
0.9530657775  
0.3333763837  
0.4822899501  
0.5019721197  
0.5882754535  
0.802205274  
0.3386474751  
0.4063367193  
0.4231883862  
0.1691594585  
0.09321269512  
0.5964777493  
0.1146988181  
0.5383921015  
0.3587053098  
-2.971347676  
-3.173957485  
-3.744399783  
-2.671948795  
-3.642112312  
-1.52241444  
0.01542224191  
-3.655664537  
-1.674339977  
0.9282062962  
0.6658336064  
0.01109756868  
1.197509456  
-0.9046223487  
-0.4551699209  
1.071623073  
-1.213438209  
-2.765572967  
0.7422216097  
0.6814458369  
0.9550746497  
-0.2506981614  
0.5068192212  
0.9818821359  
0.4847980389  
0.7614143036  
1.016892526  
0.8240279308  
0.4475303786  
0.5911689875  
0.923553141  
0.5746052648  
0.1823449542  
0.8247264738  
0.8267676737  
0.2615491328  
0.8405482537  
0.7011398927  
0.5622929384  
0.876900806  
0.1175810187  
-1.178266289  
-2.562495938  
-2.858810203  
-2.555531939  
