3389.678188  
3656.684481  
3399.659677  
3318.438851  
3316.989034  
3467.781971  
3325.55656  
3473.030058  
3374.264883  
3497.640229  
3341.297564  
3515.837032  
3337.506409  
3491.403014  
3327.829691  
3381.707168  
3519.669373  
3478.924106  
3451.35219  
3452.0492  
3523.700977  
3149.084951  
3467.246469  
3505.647008  
3398.946554  
3513.273993  
3519.601705  
3453.947882  
3403.469217  
3493.877253  
3408.399006  
3639.335413  
3479.021209  
3724.052573  
3146.152895  
3531.429316  
3202.411806  
3315.372232  
3759.269745  
3527.052629  
3468.093907  
3080.006296  
3627.422707  
3625.769234  
3676.494575  
3499.240354  
3510.812033  
3453.733147  
3490.881605  
3539.388855  
3581.888794  
3596.882693  
3671.706273  
3687.400023  
3642.131877  
3587.279544  
3672.055135  
3590.926741  
3674.61745  
3674.964314  
3717.953841  
3530.546872  
3508.881907  
3698.393949  
3437.773705  
3401.823797  
3474.783895  
3795.182455  
3590.278424  
3645.536239  
3526.834229  
3642.657035  
3441.762379  
3728.377233  
3665.809132  
3634.522328  
3624.360189  
3530.599844  
3507.302793  
3340.269451  
3272.01602  
3696.159655  
3044.213697  
3493.987983  
3739.856142  
3523.619478  
3473.853956  
3658.871668  
3555.551214  
3621.877206  
3619.151623  
3682.894038  
3552.181307  
3604.195152  
3656.02357  
3732.394631  
3754.925024  
3751.291889  
3730.899159  
3782.031442  
3724.318422  
3775.986989  
3779.63342  
3765.948406  
3713.527111  
3841.498501  
3745.282147  
3871.547952  
3780.964508  
3915.211784  
3836.394174  
3950.844444  
3876.587772  
4011.416787  
3331.208882  
3214.889002  
3182.232333  
3468.292235  
3297.196691  
3623.413021  
3523.932715  
3766.308296  
3177.593013  
3490.147405  
3562.766658  
3597.596098  
3887.928274  
3533.247213  
3504.178214  
3449.750027  
3535.217074  
3368.552527  
3730.146345  
3507.592317  
3634.430142  
3492.169146  
3533.386889  
3482.266022  
3633.302181  
3674.23933  
3524.54814  
3786.123299  
3663.024812  
3696.215497  
3387.760299  
3385.653096  
3590.649548  
3715.245868  
3866.796695  
3527.281063  
3651.748599  
3613.72854  
4033.067526  
3902.643379  
3735.003643  
3675.683532  
3617.793297  
3638.048568  
3575.984887  
3578.092613  
3661.833938  
3660.927006  
3646.811844  
3629.957649  
3773.226903  
3638.797217  
3642.134495  
3462.790665  
3665.099554  
3534.820816  
3660.415107  
3918.470015  
3646.340974  
3625.950501  
3769.881665  
3603.681142  
3429.191916  
3997.407608  
3707.436031  
3655.524845  
4036.922169  
3710.94312  
3694.398691  
3572.619913  
3769.048666  
3584.305041  
3721.122612  
3565.453061  
3662.130463  
3495.656561  
3600.02432  
3630.408406  
3719.466224  
3571.403369  
3704.894375  
3483.076764  
3557.286455  
3736.267646  
3396.704986  
3706.873895  
3643.418955  
3628.150934  
3513.800528  
3785.68901  
3671.454669  
3708.126817  
3501.199537  
3690.411147  
3527.372025  
3626.445328  
3611.403597  
3451.593848  
3568.702207  
3619.728312  
3511.509317  
3616.469286  
3663.958622  
3289.128998  
3455.848394  
3777.271349  
3376.741886  
3189.446817  
3248.04351  
3752.633226  
3330.67484  
3273.861146  
3607.544018  
3577.483948  
3545.164439  
3536.138023  
3716.389803  
3581.95027  
3668.194881  
3724.141317  
3561.063978  
3567.447008  
3617.207263  
3638.674986  
3701.738247  
3600.239308  
3692.197228  
3548.235829  
3666.425131  
3511.453782  
3659.205174  
3593.083084  
3613.333201  
3556.862321  
3164.624427  
3254.336542  
3288.072238  
3359.061639  
3314.960305  
3593.466848  
3698.005004  
3305.011689  
3525.842611  
3757.639806  
3688.846604  
3427.115189  
3835.242056  
3431.68303  
3635.646502  
3731.340869  
3452.855709  
3344.456286  
3693.309877  
3759.528245  
3653.13233  
3496.434292  
3571.368437  
3698.975165  
3518.466089  
3733.02558  
3740.117953  
3669.29407  
3524.713191  
3679.442149  
3647.878026  
3619.703997  
3647.232711  
3829.576691  
3719.448625  
3595.942993  
3704.824057  
3679.555507  
3659.536787  
3715.76163  
3377.805294  
3249.821521  
3263.492598  
3203.476342  
3259.137859  
