0.1628344553  
-0.04045639704  
0.2512540964  
0.4823886293  
0.8694167286  
1.123572757  
0.8686393502  
0.9182993348  
0.7703431883  
2.101387799  
1.316626418  
1.220911  
1.272686202  
1.071927398  
1.129130595  
1.001174341  
0.9673169287  
0.8254653796  
0.9876726102  
1.20951011  
0.8773191041  
0.9842257528  
0.7513771324  
1.044380035  
0.8741335258  
1.236525153  
1.275360524  
0.6491139183  
1.079765777  
0.6013101485  
1.047139216  
1.004422922  
1.091062074  
1.619663146  
0.8402756875  
0.7734289139  
1.435083605  
1.083949179  
1.656355926  
1.147700021  
1.65077253  
1.466375172  
1.15091198  
1.081001637  
1.295357938  
1.302672382  
1.134142034  
1.280639941  
1.301604012  
0.8266426498  
0.8470309206  
0.8519570525  
0.7069334162  
0.5551210736  
0.2385980999  
0.7823714695  
0.3382207037  
0.947978564  
0.6467658225  
0.6024140936  
0.5524336104  
0.3409932835  
-0.08271401955  
0.1027895525  
0.7119568327  
0.7725746848  
1.197842693  
0.9568666714  
1.484506165  
1.376559303  
0.9738325663  
1.713299871  
1.033402155  
0.8669544915  
1.284028672  
1.293063049  
1.265194399  
0.8240640771  
0.6977958382  
1.094992887  
1.074455462  
0.8484242864  
1.387944078  
0.8451050141  
1.23334922  
0.9277428733  
1.339096164  
0.7658005585  
0.4423799609  
0.9121787819  
0.2703146534  
0.3977330939  
0.2438076017  
0.532585025  
-0.1018312319  
0.6551281579  
0.409729436  
0.7864370233  
0.4578321648  
0.09814402665  
0.2547977794  
0.7319130571  
0.9009186564  
0.9013229813  
0.5246418597  
0.4969008695  
0.2741044333  
0.4572514498  
0.7903885263  
-0.4564088265  
-0.4563380476  
-0.6448783841  
-0.08703819781  
0.4109494195  
0.3276695002  
0.3124944382  
0.09030047266  
-0.012380776  
-0.02773472906  
0.3394017494  
-0.3091136619  
0.1394918371  
-0.4848791328  
-0.07397802885  
-0.8084515143  
-0.8040256649  
-0.1243957096  
-0.4758420553  
-0.04293135307  
-0.4179037695  
-0.3902495404  
-0.648998562  
-0.3832695019  
-0.4690358752  
-0.0927085591  
-0.07065368789  
-0.03351509626  
-0.1830695383  
-0.4262834096  
-0.4585236324  
-0.117974996  
-0.3997121824  
-0.7745063042  
-0.1201596189  
-0.4484206374  
0.08967798886  
-0.6455323297  
-0.791751865  
-0.582934392  
-0.6357008831  
-0.4248382167  
-0.8719348453  
-0.6156855496  
-0.7304676173  
-0.643324838  
-0.6077779246  
-0.4176042874  
-0.397187259  
-0.4685245375  
-0.5927952238  
-0.2676232945  
-0.4647667514  
-0.8041294499  
-0.6648756911  
-0.9056763896  
-0.4795743212  
-0.7658372242  
-0.5038789564  
-0.652895861  
0.6315032601  
-0.3521081038  
-0.245000525  
-0.9672048915  
-1.189446081  
-1.345393486  
-1.946397957  
-1.589151282  
-1.51657337  
-1.27893605  
-0.8315936437  
-1.136929164  
-0.9286225018  
-1.147097251  
-0.9054497491  
-1.276589812  
-1.793907389  
-1.595665965  
-2.075492137  
-1.257635407  
-1.492888072  
-1.51712281  
-1.72920128  
-1.723903947  
-1.352794279  
-1.076982546  
-0.720993828  
-1.475354815  
-1.541963452  
-1.562032231  
-1.052059226  
-1.398341454  
-1.662324952  
-1.212337836  
-1.548012153  
-1.730813764  
-1.756091649  
-1.729447683  
-1.203075622  
-1.754719154  
-1.316501223  
-1.710951086  
-1.681047098  
-1.47336405  
-0.950565792  
-0.6090714053  
-1.434675553  
-1.356807611  
-1.285126871  
-1.481541051  
-1.23989917  
-1.371984832  
-1.464216548  
-1.234379528  
-1.600413022  
-1.241826523  
