0.1059995611  
0.8675027124  
-0.3157305699  
-0.3972092974  
0.4391979035  
-0.3812846283  
-0.3675102804  
-0.177736989  
0.1598430169  
-0.4079620256  
-0.5148901427  
-0.6965565332  
-0.9532023766  
-0.7092561169  
-0.2459714271  
0.4518619091  
0.3694494305  
0.265705828  
-0.6485721244  
-0.3268758801  
-0.641149037  
-0.8241323951  
-0.792241657  
-0.6747678859  
-0.6966135248  
-0.1216661794  
-0.6539005435  
-1.272573933  
-0.9308003151  
-0.8540608447  
-0.7927875964  
-0.322680947  
-0.5824086574  
-0.765753647  
-0.6865474906  
0.1025764384  
-0.6299380169  
-0.6908164932  
-0.5586047071  
-0.274921319  
-0.6317418327  
-0.7941562762  
-0.6962807866  
0.9464296887  
-0.3973747381  
-0.09409051463  
-0.4782683254  
0.3873252973  
-0.0826269755  
-0.7439762214  
-0.3518635311  
-0.8794412389  
-0.573696442  
-0.5983580966  
1.140973313  
-0.6767572828  
-0.4396853222  
-0.4378119085  
-0.5317817821  
0.421409876  
-0.121020361  
-0.2830300573  
-0.03138302507  
-0.8219222401  
-1.190740398  
0.5941645531  
1.031991504  
-1.129771586  
-0.5499107042  
-0.1433353121  
-0.6515631362  
-0.5243245022  
-0.5884743224  
-0.286113055  
-0.8305451629  
2.065104573  
1.324112929  
-0.1314891107  
-0.3104867256  
-0.4743432263  
-0.5971415733  
-0.511342397  
-0.4438943296  
0.8705734347  
-0.6608126651  
0.1223075954  
-0.2940267593  
-0.7806177524  
-0.648730908  
-0.4224317397  
-0.1479440685  
-0.744928994  
-0.1329877862  
-0.4826468764  
-0.8277572637  
-0.8495442414  
-0.5859980663  
0.1117155276  
-0.8836648777  
-0.8970634648  
-0.6664175984  
-0.2653198019  
2.011203671  
-0.9698489704  
-0.5323001553  
-1.059442182  
1.740120237  
-0.3597531967  
-0.667133153  
-0.9043180117  
-0.1650411265  
1.465657868  
1.268705339  
1.790704467  
-0.8538361795  
-0.7527402659  
-0.04418168272  
-0.9702391344  
-0.190714945  
-0.1105744944  
-0.5157199661  
0.03748004093  
-0.7724808704  
-0.6507549318  
0.1338104202  
-0.5468029205  
-0.5330825244  
-0.03675539579  
-0.8097477117  
-0.8499638624  
0.05752650977  
-0.08823017589  
-0.3254695375  
-0.6632671149  
-0.4132349375  
-0.7768016144  
-0.6328965415  
1.246664664  
-0.5251275772  
-0.9021739033  
-0.6875098138  
-0.5069440515  
2.51460091  
-1.023631403  
-0.3647471612  
-0.3186583044  
0.0002902870992  
-0.06919130693  
-0.591476354  
-0.2982744301  
1.276799918  
3.888541695  
-0.3586785995  
-0.4815545965  
-0.4361895142  
1.130436047  
1.380459911  
0.4393803726  
-0.5599581071  
0.5517992897  
-0.1014478085  
-0.6998709077  
-0.3895693431  
0.08839440866  
0.005918268934  
-0.5278906927  
-0.607269346  
1.323308168  
0.001891524188  
-0.4620701618  
-0.3894316939  
2.847205832  
-0.147008575  
-1.146290374  
-0.4674975072  
-0.05880216743  
2.611781808  
1.521108876  
-0.5153988121  
-0.5900801727  
0.3455361594  
1.191194119  
-1.096422611  
-0.9488434969  
-0.4707279111  
-0.1172688674  
-0.1942228443  
-0.3832887941  
0.1743496527  
-0.7830884923  
-0.1719960035  
-0.3491579689  
1.986296828  
-0.2323569916  
-0.5840438313  
-0.1433976791  
-0.3102167714  
1.00027637  
-0.7069280635  
-0.5612109351  
-0.5972883408  
-0.3874347411  
0.664139593  
0.3463765264  
-0.2504569996  
-0.3127581646  
-0.02433948993  
-0.5707137381  
0.4510101351  
0.1103630702  
1.506052165  
1.497231393  
0.05494879126  
-0.3050484597  
0.006340707975  
0.09774825366  
-0.1181428159  
0.009012620018  
0.9086947076  
-0.4455116481  
-0.4453767718  
2.341523698  
-0.6866344218  
-0.5660531431  
-0.815900575  
-0.4848760789  
-0.5562501221  
0.4788703165  
-1.08826775  
1.85303804  
0.3786133737  
-0.491275464  
0.7060288878  
-0.1219855204  
1.491385141  
0.03549068498  
1.374324196  
-0.9277592195  
-0.8038382253  
-0.7415475871  
-0.5395389962  
-0.5602313032  
-0.1485362714  
-0.3954650658  
0.2452192988  
0.06764903288  
-0.2055396761  
0.9730683151  
-0.5817063745  
-0.3686859067  
-0.8401216848  
-0.02695218916  
1.180196576  
3.363825217  
0.0194049536  
0.5436358669  
-0.4836153548  
0.5110718677  
-0.7242239774  
-0.3403564836  
-0.4611266742  
-0.4496064197  
-0.5681735332  
-0.444311106  
0.06708387414  
0.3373902099  
0.3982291976  
1.109028819  
2.164330927  
1.71403159  
-0.329639219  
-0.3197813711  
0.729069546  
-0.4473551229  
0.4683271757  
-0.9318267087  
-0.2064386281  
-0.4337934047  
-0.5659985629  
-0.1972472291  
-1.018295892  
-0.4622887961  
1.40192447  
1.0860075  
-0.2949414107  
-0.3819378087  
1.283884381  
0.183564625  
-0.5106991062  
-0.2966758045  
-0.3328082852  
-0.9023994638  
-0.1277635974  
-0.6020193084  
-0.2852469468  
2.555094176  
-0.2852655077  
-0.8097917132  
0.03645788118  
-0.03540736709  
-0.1603691673  
-0.04649955921  
2.508552647  
0.6214443622  
-0.1972468326  
0.2892272293  
2.51521533  
0.532342848  
-0.05551066579  
1.634621051  
1.43930875  
1.489109732  
1.764370776  
0.07923076128  
-0.5035608098  
0.4189205494  
0.9429563367  
0.3137638827  
1.680740293  
0.07628006362  
0.2758961044  
0.08881663638  
1.231965998  
1.612330557  
1.064985934  
2.737613232  
2.130853745  
0.7752398393  
0.009598498179  
1.010569794  
0.7979483801  
0.1420833818  
-1.910142958  
-0.4362816735  
1.236516971  
-0.1934740319  
0.003865954925  
-2.403656372  
-0.2582235864  
-0.8131631942  
0.20492035  
-1.146334137  
2.238922732  
0.1347733761  
-1.02038096  
-1.287779543  
-0.3624678023  
-0.515228486  
-0.3878934238  
0.3790851317  
-0.9956865432  
-0.4117221168  
-1.374398835  
2.698900282  
-0.8682384858  
-0.9278276553  
-1.077111505  
0.4271593709  
3.490901833  
0.3740660969  
0.6645767076  
0.3920503519  
1.33223042  
5.034212667  
2.716879608  
0.8360267485  
2.310099121  
3.684899174  
-0.3545822762  
-0.6176546333  
-0.07991071913  
-0.3130746703  
0.6726601462  
-0.7175311927  
-3.109490186  
-2.851435086  
-2.004644856  
-0.9792029791  
-0.5639598928  
-0.1805112189  
0.143083472  
-0.5312956209  
-0.6896062339  
-0.6355380846  
-0.6402395311  
2.654970591  
-0.08639651171  
-0.3251051624  
-0.210171962  
2.319294046  
-0.2277705112  
-0.4197580474  
-0.04179452801  
-0.3193215181  
1.044040071  
-0.04432070063  
-0.4226318821  
-0.6570760958  
