7662.111539  
7657.958777  
7527.302665  
7504.785788  
7444.01881  
7460.178808  
7428.542164  
7497.389376  
7569.209667  
7448.102462  
7474.570564  
7505.655925  
7463.843846  
7494.398082  
7481.400661  
7466.4255  
7499.65081  
7399.550927  
7423.593696  
7473.577823  
7513.352379  
7464.59694  
7392.635385  
7410.239769  
7412.110468  
7416.472194  
7450.48017  
7582.373432  
7492.653868  
7421.412748  
7436.915328  
7410.944198  
7403.558231  
7450.389599  
7409.122691  
7427.036572  
7544.749008  
7499.2961  
7414.969818  
7384.658528  
7416.405853  
7428.842053  
7409.23931  
7419.043044  
7442.751143  
7515.06015  
7454.813641  
7432.154936  
7409.937  
7484.957483  
7540.838564  
7483.50849  
7437.97966  
7380.22027  
7443.861275  
7442.541241  
7495.758954  
7446.657576  
7443.524883  
7451.745333  
7413.665271  
7444.142317  
7493.757462  
7414.079823  
7400.14521  
7366.563632  
7356.847185  
7415.480878  
7520.708273  
7408.995468  
7398.331737  
7391.569497  
7471.71881  
7507.959805  
7444.080081  
7468.312777  
7462.899969  
7475.923626  
7397.748453  
7496.264902  
7494.138572  
7453.104106  
7539.601252  
7543.291983  
7454.878643  
7452.535547  
7383.770122  
7503.216425  
7444.859872  
7441.231603  
7498.113456  
7748.366786  
7555.026661  
7494.20594  
7485.874429  
7525.979152  
7533.65346  
7418.265879  
7452.60644  
7498.916887  
7361.194788  
7331.117636  
7391.354738  
7393.550264  
7471.694226  
7462.86771  
7465.246214  
7509.677695  
7567.284487  
7562.364632  
7499.091444  
7463.451115  
7513.477915  
7526.253726  
7380.535597  
7465.767093  
7411.825241  
7450.465601  
7571.283827  
7607.548703  
7495.141855  
7500.199737  
7408.136261  
7582.655083  
7608.287106  
7613.747502  
7515.786263  
7521.862405  
7609.322067  
7654.704892  
7751.39783  
7512.746866  
7639.759903  
7629.455  
7547.724164  
7564.334995  
7571.724326  
7600.407984  
7566.050291  
7659.540633  
7727.259143  
7634.57515  
7741.598237  
7631.52065  
7604.482132  
7599.730397  
7620.704194  
7626.859152  
7587.626374  
7645.213904  
7692.569529  
7715.977753  
7732.707418  
7719.693946  
7694.339616  
7655.693064  
7638.24414  
7621.146212  
7759.595097  
7708.696233  
7567.824139  
7622.028411  
7600.301767  
7687.888835  
7669.760132  
7618.574925  
7625.324233  
7563.406665  
7629.499695  
7582.492751  
7609.26583  
7500.776931  
7545.740127  
7601.759835  
7590.831962  
7593.674709  
7568.903409  
7607.230987  
7586.067355  
7608.126856  
7561.487648  
7615.891648  
7608.246786  
7644.843146  
7672.289495  
7611.616596  
7637.723135  
7659.370146  
7745.521824  
7665.835851  
7686.828548  
7634.443373  
7621.119842  
7614.156261  
7677.459859  
7635.295507  
7648.936786  
7456.930155  
7500.942789  
7589.083266  
7766.108703  
7498.059223  
7463.174927  
7413.130601  
7422.245476  
7463.179027  
7547.679193  
7462.739468  
7557.530471  
7545.493654  
7654.766026  
7509.807672  
7406.139622  
7485.426711  
7539.183771  
7764.647089  
7647.238897  
7477.8104  
7514.475144  
7568.40449  
7822.760038  
7544.523591  
7520.967681  
7540.908904  
7628.269775  
7620.790621  
7562.167005  
7560.419072  
7557.374729  
7567.787918  
7552.706007  
7665.804664  
7545.278308  
7565.684599  
7665.550623  
7603.779239  
7587.812152  
7539.894063  
7525.680162  
7570.202601  
7550.289626  
7612.0722  
7514.979512  
7646.628355  
7519.482019  
7541.610902  
7511.839984  
7538.498101  
7548.119197  
7793.972281  
7608.496652  
7467.854152  
7552.020519  
7559.369233  
7562.812394  
7528.721781  
7663.787811  
7520.147746  
7594.245103  
7589.566685  
7744.422822  
7667.485324  
7708.031358  
7561.213239  
7593.041314  
7576.740246  
7641.839888  
7495.530528  
7473.115587  
7614.548761  
7658.852034  
7592.659293  
7594.917565  
7371.993479  
7300.455801  
7478.201751  
7604.914845  
7459.693144  
7553.142207  
7457.987678  
7616.5222  
7768.979841  
7468.890624  
7456.22011  
7549.456893  
7559.982121  
7475.709008  
7525.123679  
7604.903883  
7496.434755  
7462.847474  
7389.666793  
7485.998169  
