7119.229965  
6704.005704  
6639.659312  
6853.404298  
6653.397419  
6703.366212  
6721.235543  
6600.661369  
6725.987061  
6639.59806  
6785.418729  
6699.297328  
6740.290034  
6713.413984  
6651.718666  
6616.767731  
6677.443477  
6662.410498  
6605.93721  
6688.543329  
6690.105413  
6669.459145  
6613.678864  
6623.136112  
6677.53896  
6744.990424  
6711.717213  
6712.425882  
6683.329324  
6734.494056  
6612.698368  
6631.516688  
6696.582425  
6571.880504  
6756.254614  
6658.168063  
6700.291806  
6721.430401  
6719.3884  
6710.745888  
6732.864208  
6649.74453  
6691.119585  
6703.071581  
6664.122871  
6603.779566  
6709.948993  
6619.126543  
6617.611621  
6656.377486  
6755.184985  
6647.076309  
6628.966693  
6751.438152  
6799.215992  
6798.020012  
6755.475298  
6768.641429  
6589.092066  
6833.261586  
6626.315577  
6649.455258  
6739.487968  
6696.426988  
6640.141834  
6719.512519  
6609.48498  
6685.663022  
6690.648976  
6515.486531  
6604.917733  
6683.410305  
6548.793467  
6684.584021  
6614.057055  
6639.740136  
6512.432358  
6552.397341  
6714.591442  
6592.661503  
6504.444105  
6717.444669  
6615.23817  
6576.530634  
6663.172107  
6694.22562  
6649.806111  
6564.861415  
6657.849934  
6639.130583  
6650.697674  
6676.515887  
6653.982344  
6702.509897  
6637.948817  
6679.442394  
6668.298367  
6681.33621  
6653.814433  
6657.006114  
6666.255507  
6646.993013  
6683.166832  
6663.531056  
6693.097487  
6572.553727  
6868.085932  
6690.314869  
6678.281798  
6736.740124  
6719.016307  
6727.192505  
6713.126997  
6639.530729  
6718.489519  
6687.330251  
6773.671212  
6902.924102  
6735.714311  
6750.487389  
6729.74351  
6699.548031  
6701.875727  
6827.786591  
6706.675753  
6739.625152  
6755.09622  
6815.923839  
6734.252322  
6703.478643  
6631.723545  
6592.275572  
6755.356688  
6706.260758  
6747.748883  
6779.300086  
6587.15736  
6776.273164  
6653.181809  
6734.302585  
6717.667851  
6798.495519  
6690.008472  
6693.232261  
6830.855764  
6706.117404  
6738.55765  
6690.067229  
6705.417106  
6811.568261  
6710.512321  
6596.523287  
6853.4245  
6712.181588  
6767.177507  
6693.10904  
6820.005335  
6740.23611  
6875.517265  
6800.764149  
6815.422661  
6816.576502  
6843.564263  
6750.032612  
6850.841197  
6739.237501  
6835.098205  
6844.997129  
6717.538576  
6750.640144  
6768.065197  
6778.32138  
6754.84101  
6769.347347  
6737.363444  
6671.963998  
6663.817656  
6723.651724  
6653.693797  
6740.185133  
6484.902376  
6766.901858  
6690.575071  
6620.215004  
6763.027013  
6775.901528  
6805.887644  
6789.831023  
6680.542792  
6728.983321  
6709.633784  
6708.606255  
6724.660978  
6773.516977  
6660.443575  
6799.249264  
6827.569466  
6687.981352  
6732.217495  
6766.670591  
6699.990171  
6764.210458  
6661.919074  
6727.847198  
6759.719079  
6705.789052  
6770.423695  
6668.237361  
6719.243851  
6571.390124  
6600.127311  
6750.404365  
6730.162222  
6677.801647  
6706.302328  
6693.634755  
6724.070587  
6577.340639  
6741.77639  
6697.955941  
6754.808597  
6700.578974  
6686.50965  
6743.786716  
6719.968541  
6750.485526  
6651.351257  
6706.93072  
6606.456178  
6689.380918  
6644.390056  
6711.134067  
6673.464584  
6719.609457  
6684.047681  
6496.81838  
6674.707734  
