7135.276576  
6944.602903  
6789.978269  
6792.595058  
6743.602439  
6723.887763  
6731.908729  
6707.661632  
6741.360172  
6708.09918  
6705.481325  
6681.796924  
6684.931911  
6754.962135  
6732.698338  
6725.111889  
6723.268144  
6780.07217  
6754.105722  
6764.515897  
6749.368198  
6780.423204  
6761.248558  
6765.64098  
6763.349878  
6784.928377  
6869.402625  
6804.343997  
6888.005077  
6797.874722  
6771.258923  
6733.936281  
6768.420517  
6742.690887  
6828.927446  
6786.356738  
6817.375489  
6770.984583  
6800.323254  
6785.784432  
6835.507285  
6761.76888  
6769.557806  
6800.707205  
6817.393731  
6734.770827  
6811.867874  
6753.298736  
6783.425053  
6910.217466  
6867.591132  
6763.974196  
6842.857996  
6817.974958  
6893.561748  
6851.293191  
6827.18203  
6885.80747  
6817.877686  
6855.595337  
6823.212038  
6698.425067  
6820.023372  
6754.690925  
6781.551131  
6868.431907  
6758.783882  
6804.886705  
6783.722153  
6756.815004  
6823.650192  
6887.973729  
6792.064622  
6760.237826  
6861.811084  
6863.059567  
6902.868721  
6915.560526  
6979.08758  
6883.418896  
6927.828163  
6839.100089  
6877.76117  
6850.253173  
6894.765464  
6847.372852  
6875.269367  
6811.576471  
6828.337909  
6820.057303  
6825.40877  
6802.251234  
6838.138851  
6803.422161  
6863.419818  
6891.151189  
6880.75238  
6819.86606  
6854.323234  
6782.825658  
6870.164136  
6729.174649  
6872.130129  
6902.069965  
6853.84968  
6799.865965  
6869.327923  
6837.814999  
6739.787473  
6791.675188  
6760.072188  
6835.099735  
6796.505359  
6763.390155  
6784.989577  
6774.22703  
6771.810506  
6830.27266  
6764.122403  
6762.071522  
6797.501682  
6790.614252  
6710.190435  
6744.124023  
6640.66793  
6711.070105  
6737.934383  
6792.215694  
6708.957654  
6664.843  
6722.921281  
6635.317195  
6557.586216  
6723.87018  
6723.05545  
6681.129557  
6664.567862  
6755.447049  
6642.444495  
6719.718486  
6611.537904  
6678.027405  
6756.282712  
6683.644166  
6715.919178  
6696.683277  
6690.864038  
6744.368597  
6719.568081  
6783.582394  
6725.07503  
6728.253374  
6755.737663  
6692.213329  
6699.12309  
6740.771554  
6690.674616  
6764.560638  
6715.767781  
6754.014114  
6790.19574  
6748.904228  
6704.460943  
6769.990994  
6701.86269  
6673.785147  
6767.195753  
6767.469647  
6809.540341  
6708.73117  
6706.908269  
6706.48002  
6695.740835  
6713.22608  
6781.726311  
6742.09017  
6722.876884  
6693.917269  
6712.009919  
6715.145581  
6742.455992  
6734.81739  
6734.84535  
6731.982898  
6653.826797  
6776.760924  
6759.160198  
6803.837848  
6736.515205  
6758.669283  
6765.423577  
6728.879651  
6714.387644  
6765.775644  
6751.460877  
6782.4928  
6710.155877  
6697.607209  
6776.108902  
6709.439262  
6721.464122  
6718.644638  
6746.05286  
6789.217305  
6736.606841  
6736.595068  
6761.241773  
6803.172633  
6790.939269  
6774.904133  
6658.480503  
6761.095558  
6735.974216  
6752.475353  
6710.653634  
6726.305126  
6781.758788  
6724.903189  
6792.730255  
6736.527488  
6788.315968  
6797.027233  
6816.273764  
6804.237177  
6769.588423  
6816.377807  
6840.92844  
6854.105705  
6811.550609  
6827.547627  
6811.141759  
6809.288551  
6800.319262  
6804.783646  
6793.79141  
6837.18248  
6812.598952  
