7113.272298  
6897.126804  
6763.856381  
6675.81421  
6645.464099  
6630.072197  
6549.104581  
6571.967784  
6563.434035  
6603.896227  
6684.235686  
6562.567289  
6536.563251  
6659.802556  
6647.504583  
6566.783262  
6566.39574  
6600.964715  
6601.941883  
6625.31931  
6516.672481  
6589.487026  
6608.749728  
6550.461706  
6602.047217  
6522.495932  
6663.4  
6652.68993  
6624.500485  
6558.866911  
6360.608964  
6609.855877  
6386.679941  
6698.08349  
6581.248772  
6570.177111  
6586.401318  
6636.294577  
6651.886403  
6679.187625  
6701.197898  
6690.868549  
6672.178606  
6670.767874  
6743.493048  
6583.737758  
6658.082324  
6664.571802  
6644.7987  
6636.472445  
6683.770016  
6666.706004  
6632.497332  
6625.743845  
6651.841777  
6632.215381  
6657.949648  
6677.342687  
6682.100493  
6554.671067  
6662.693479  
6750.212094  
6644.921233  
6644.383759  
6635.97466  
6612.76887  
6705.298151  
6672.559458  
6682.513524  
6706.381167  
6696.575342  
6613.033429  
6559.902329  
6718.868386  
6671.724477  
6712.020083  
6678.24395  
6720.778175  
6687.630632  
6710.424807  
6711.036748  
6712.139259  
6693.850539  
6588.601685  
6718.26826  
6689.399802  
6635.998688  
6622.541499  
6660.24657  
6743.664075  
6601.802727  
6655.217299  
6684.233872  
6653.881548  
6639.264371  
6664.845579  
6693.874481  
6645.741129  
6687.19035  
6665.550833  
6673.863109  
6657.376327  
6670.417795  
6671.52298  
6648.99196  
6686.524019  
6565.629584  
6685.4004  
6677.648793  
6679.304194  
6697.62972  
6641.634419  
6680.079867  
6643.368444  
6740.90026  
6728.203059  
6659.656153  
6657.657111  
6641.82528  
6726.260762  
6659.085977  
6674.954507  
6710.500682  
6696.479563  
6704.79511  
6598.112431  
6587.321353  
6637.461737  
6671.629811  
6611.143097  
6651.428141  
6694.51573  
6647.78185  
6678.235189  
6644.970215  
6701.890877  
6663.044713  
6678.103105  
6671.515168  
6677.726695  
6630.526175  
6603.539225  
6590.145766  
6703.847031  
6678.010446  
6657.082287  
6684.244596  
6684.596578  
6746.308616  
6644.039254  
6716.992249  
6746.521812  
6689.672531  
6728.42898  
6721.337949  
6778.002408  
6799.708575  
6722.664898  
6727.411781  
6758.391403  
6741.666598  
6719.691053  
6700.350129  
6657.060131  
6690.262695  
6707.121704  
6692.818994  
6655.384489  
6579.062892  
6743.133867  
6644.245184  
6754.506157  
6678.974797  
6700.132557  
6657.565735  
6710.224947  
6625.914521  
6729.09931  
6690.205563  
6720.752824  
6638.139568  
6643.633884  
6695.712845  
6748.628025  
6923.840811  
6795.206821  
6771.82656  
6697.227448  
6725.502942  
6743.80194  
6672.15418  
6718.962998  
6768.761048  
6782.556088  
6776.381321  
6782.927712  
6680.280347  
6697.64314  
6793.854015  
6729.816032  
6669.238256  
6681.20558  
6769.243559  
6748.392991  
6741.757864  
6707.047477  
6634.587696  
6910.089928  
7012.443746  
6827.206102  
6818.298112  
6730.905555  
6750.962352  
6788.490106  
6801.204424  
6762.483151  
6808.926655  
6565.99322  
6860.259814  
6673.924935  
6835.857504  
6794.791008  
6731.801991  
6789.828  
6812.573721  
