3.197398265  
1.688073423  
0.2423673276  
-0.8640526328  
-1.730554108  
-1.101939179  
-0.9527535363  
-0.2874847023  
-0.8417361195  
-1.135742949  
-0.6656256326  
-1.812934062  
-2.132408669  
-1.069322923  
-1.129248376  
-2.002463361  
-1.263696465  
-1.363738664  
-1.448095226  
-0.9905691476  
-0.1442812091  
-0.7055229922  
-1.69001464  
-2.23216645  
-2.20971826  
-0.3634721863  
-0.7717488727  
-0.3069780809  
-1.459709107  
-1.71052312  
-1.209725407  
-0.5482134637  
-0.4490783828  
-0.6333268952  
-0.1063789517  
-0.9364797566  
-0.6746900152  
-0.4748365348  
-0.1526017357  
0.2829667491  
-0.0133520525  
-0.45841703  
-1.282727542  
-1.085947783  
-0.6928836066  
0.428626165  
1.243153395  
-0.129626482  
-0.7081387551  
-0.7039105003  
-0.2200682892  
-0.6062071668  
-0.6874807365  
-1.449782981  
-0.557002575  
-0.483246789  
-0.6542835973  
-1.040894912  
-1.330252082  
-0.0640619276  
0.002851150928  
-0.5168166215  
0.18925994  
0.1089085589  
-0.3941914735  
0.06967425933  
0.3655931918  
0.3043287068  
0.1783326847  
0.9909287884  
0.0102003295  
0.04780885065  
0.06338967635  
-0.2382799286  
-0.1592065289  
-1.103401852  
-1.280837661  
-0.1094938613  
0.5014120931  
0.005790456554  
0.3966539958  
-0.1065419876  
-0.3122362368  
-0.3426435504  
0.7344282847  
0.9017282889  
-0.4650252005  
-1.121135483  
-0.6534538297  
-0.1896722086  
-0.4063401109  
-0.6908057006  
0.01565300016  
0.7659516502  
-0.4579043321  
0.6928348697  
1.92277172  
0.7826523457  
0.9395735471  
0.3919498626  
-0.8676348049  
0.5095725465  
1.946377233  
1.186523367  
1.616332827  
0.3627206188  
0.06024474911  
-1.162900286  
0.5868995537  
0.2028639864  
-0.7992491108  
-0.1514446086  
0.1309043237  
0.5317975729  
0.5521050617  
1.449776169  
0.2899595863  
-0.3221845031  
0.3048842955  
0.1397474055  
1.176410821  
1.686908267  
1.077771372  
0.1530086496  
-0.1291572311  
0.07329535718  
0.7549798184  
0.7430003552  
-0.2301272137  
-0.2621767817  
-0.2529539592  
-0.03545762792  
0.08740681209  
-1.079413257  
-0.6588751506  
-0.3984790073  
-0.3055637347  
-0.3121600886  
0.01189763606  
-0.468194089  
-0.3500296499  
0.04751022183  
-0.1549124239  
-0.1251841782  
-0.9184321419  
-0.7224716859  
-0.188694753  
0.1340549523  
0.7538201001  
0.2351918441  
0.9951008705  
0.8169170131  
0.3026663215  
0.7021479944  
0.3591196071  
0.9797658997  
-0.1149632899  
0.04698802688  
0.5041400624  
0.3354588517  
0.3339178595  
0.1493777645  
-0.04492641364  
0.1789928454  
-0.05540867271  
0.07884826918  
-0.4714910131  
-0.2495340081  
-0.8236767603  
-0.1368791243  
0.3052147731  
1.21400775  
1.116974603  
0.5714801044  
-0.08522500654  
-0.8530045642  
-0.413144599  
-0.3591287917  
-0.142013823  
-0.4484262916  
-0.3815110787  
-0.9531617752  
0.2123765123  
0.09765211938  
-0.8855344726  
-1.281408327  
-0.8517216676  
-0.716117514  
-0.03493648639  
-0.7761261848  
-0.6305725664  
-0.09685216905  
0.1307134519  
0.4331359323  
0.8968494142  
0.5958795771  
0.3966858261  
0.4135385452  
-0.09582389209  
-0.9356769831  
-0.7622900346  
0.04593092527  
-0.1765042857  
-0.4371539777  
-0.6858501809  
-1.169030985  
-0.04667528318  
1.748829796  
3.228015479  
2.728231196  
2.062686416  
1.431420535  
1.777118974  
1.307945304  
2.294402806  
0.8871520638  
1.087427389  
1.627685798  
2.080322532  
1.180369744  
3.301681466  
2.578532476  
2.793514225  
2.953781969  
1.744343526  
