-0.7402247335  
-0.9141411069  
-1.096912778  
-1.425018758  
-1.663288168  
-1.300755346  
-0.9657491377  
-1.86206403  
-1.711706343  
-1.680458768  
-1.39963552  
-0.6280221143  
-0.4757424333  
-0.9915641301  
-0.7606102729  
-0.9522537742  
-1.655966304  
-1.641632689  
-1.926383415  
-1.544585704  
-1.432811603  
-1.263629625  
-1.494549903  
-1.307776326  
-0.758346946  
-1.378023024  
-1.360670638  
-1.123685365  
-1.100795771  
-0.9208003825  
-1.020389844  
-0.6885265655  
-0.6101168106  
-1.568116517  
-1.271684257  
-0.8241236704  
-0.4630364867  
-1.025834686  
-1.222421897  
-1.137522493  
-1.794657152  
-1.54937972  
-1.191648821  
-1.079471392  
-0.8262254202  
-1.121797602  
-1.031829337  
-0.8718686826  
-0.9724067526  
-0.5650210562  
-0.4519667259  
-0.9215713799  
-0.5736694933  
-0.3516062123  
-0.574343537  
-0.4112160983  
-0.7091983074  
-0.9514751051  
-1.39068617  
-0.9932320756  
0.1052316885  
-0.7616816881  
-0.6833176514  
-1.107493643  
-0.9237589514  
-0.6777477765  
-0.7479850334  
-0.5954178565  
-1.09133727  
-0.7038158478  
0.04378728517  
-0.9463237003  
-0.6169977975  
-0.6669588936  
-0.8526250118  
-0.4147014781  
-0.5063119917  
-0.3878384794  
-0.3094440452  
0.05346353551  
3.194298033  
0.2264902747  
0.3536526726  
-0.3253168834  
-0.288710695  
-0.8398200976  
-0.4910645096  
-0.6939878245  
-0.8371995501  
-0.7770180533  
-0.5574414793  
-0.5830382377  
-0.5434397959  
-0.5791993045  
-0.6100825552  
-0.4288713774  
0.655133813  
-0.6773139179  
-0.6324916943  
-0.3661119011  
-0.1486357803  
0.0612505288  
0.2360563971  
-0.8366063342  
-0.155444521  
0.9758301769  
0.830629611  
0.2260561405  
0.2168402022  
0.3090639409  
-0.1024417406  
-0.4024750187  
-0.4437599724  
-0.1730620665  
-0.4909057077  
-0.2185248539  
0.5622342373  
0.2864622488  
0.8328650232  
1.354963303  
1.517321124  
1.178623251  
-0.1749855502  
0.05767809791  
-0.1302382928  
1.418288671  
3.294524769  
-0.5623924809  
-0.4162774051  
-0.3873625014  
-0.189728556  
-0.3791848506  
-0.3318008814  
-0.4319923877  
0.3785991614  
1.133169854  
1.634467626  
1.088449464  
0.8306559333  
0.2118891578  
0.5513450516  
-0.1618493368  
-0.2777634531  
-0.300458104  
-0.4355260303  
-0.6068438398  
-0.1534502673  
0.3105845927  
-0.3108162205  
-0.3770292724  
-0.477210304  
0.09495427743  
2.005027371  
0.5838970408  
0.5476092306  
-0.1442790797  
0.7260697922  
0.6562504441  
0.1332187766  
1.597520738  
1.70736943  
1.143804343  
0.6751872951  
0.4510796391  
0.9750281351  
0.4272378801  
1.427710834  
2.178122547  
1.379281486  
0.8937905226  
0.5245831272  
0.1993144304  
-0.3096664404  
0.07011853053  
0.2844232556  
1.29536528  
0.4011094083  
0.6636380444  
1.975889704  
2.480995227  
1.741317163  
1.325488949  
0.2459301034  
0.8447927715  
0.2255592667  
1.132826753  
1.102750897  
0.7326392558  
0.3602126087  
0.9483653759  
1.329996585  
0.7151128542  
0.7848665409  
-0.2978994996  
-0.150594927  
-0.3729814828  
-0.1431439831  
-0.4516484856  
-0.1036094233  
0.258360851  
0.09956240508  
0.7606009619  
0.5407329711  
-0.05616932181  
0.07122018638  
-0.2240736481  
-0.5193834458  
-0.7766160149  
-0.4427714258  
0.5269416723  
1.210052788  
1.642812854  
1.468983179  
0.08885380681  
1.205954097  
-0.2781404912  
0.1424613705  
2.315308193  
1.761337617  
2.530294158  
0.6564365117  
2.164795922  
0.2634305333  
1.088598047  
2.361250946  
-0.04496113862  
0.3515287823  
0.9378552558  
0.1329544947  
1.3017886  
0.2057271653  
0.2998075738  
0.02976903083  
0.4116808941  
0.6028430297  
-0.2407222236  
-0.07610389884  
-0.1686541944  
0.2234011812  
-0.06462151112  
-0.001375222136  
-0.4652798022  
-0.2773071532  
-0.3986635776  
0.02823641668  
-0.3877515742  
0.1089014384  
1.841279753  
-0.392668907  
-0.5391463655  
-0.3949926018  
2.353976234  
-0.4021583763  
-0.1766113509  
0.2607093442  
0.981185215  
1.333470816  
2.78492827  
2.315499193  
1.079771903  
-0.1178154825  
0.5774356527  
1.818354314  
2.205023813  
-0.09818807423  
