2.030130214  
1.790410001  
1.318125475  
1.470851393  
1.380723013  
1.127101205  
0.8832430125  
0.9490460598  
0.7127946009  
0.9140511506  
1.390872457  
1.269298325  
-1.415389373  
1.765601084  
0.7102102579  
-0.4541693199  
1.026906091  
1.289280594  
0.6188614121  
1.120639424  
0.228969336  
0.7861009953  
1.066600026  
1.054502412  
1.704046327  
0.8277942511  
-2.80265684  
1.524594738  
-1.001796294  
1.0676836  
0.5428854182  
1.210212518  
0.8586965516  
1.607144273  
0.9866565118  
1.007674108  
0.9565793847  
1.544001111  
1.132037698  
1.029380355  
1.301204858  
1.137204314  
1.51385055  
1.280947293  
0.6928302363  
1.243366512  
1.006612584  
1.032426207  
0.5805773338  
1.137704248  
0.876581808  
1.060853065  
0.8250169877  
1.20903841  
-0.02050905476  
0.1731133306  
0.5502527021  
0.9552784173  
0.7447502905  
-2.574363058  
0.7162385718  
0.4329496442  
0.5646368957  
0.702823774  
0.8023188242  
0.7928695335  
0.8253240572  
1.060910059  
0.5955637818  
0.060599327  
0.9958917531  
0.4918401944  
-0.04375235328  
-2.487766416  
0.5188559544  
0.3129216909  
0.4546477754  
0.2713137391  
0.7846706388  
0.2838080944  
0.6419698167  
0.1550689786  
-0.04358384868  
0.6100152995  
-0.4703891521  
-2.476094917  
0.4808031623  
0.3461830406  
0.9143155279  
0.4877919325  
0.7611840219  
0.3029234788  
0.9446291207  
0.1798339228  
-0.01615411685  
0.6451399901  
0.9900586032  
0.252777057  
0.6550553781  
0.5626653797  
-0.1097859106  
0.7302637471  
0.7737522862  
0.5527896672  
0.9957249032  
0.4196920805  
-2.323842936  
0.7008007286  
0.2125144195  
0.0990259619  
-0.5329046351  
0.2511494553  
0.01388233937  
-0.1986883036  
0.2815079955  
-0.1733226571  
0.346357401  
0.5980402137  
0.760136167  
0.2685430255  
0.1193838427  
-0.1232377147  
0.3371731078  
0.281000857  
-0.1089095649  
0.3284099024  
0.6085418718  
0.4778324066  
-0.1480536082  
0.1856184189  
0.1758767198  
-0.09601500439  
-0.7693761766  
0.3066165054  
-0.1528023671  
-2.345581155  
0.6289432126  
-0.3588501597  
0.1825962621  
-0.3270468264  
0.2000487847  
0.5416441288  
0.3432997736  
0.1896221415  
0.1148312225  
-0.6937998175  
-0.3511136276  
-0.7312688894  
-0.4856741675  
0.1791459135  
-0.4401114391  
-0.3282337703  
-0.1250476594  
0.1848436379  
-0.02874765352  
0.5510403644  
0.6506827842  
0.7002029559  
0.03040336649  
-0.1673963818  
0.5031258328  
0.4166070408  
0.2828052117  
0.2311526586  
0.4679938081  
0.7106213905  
-0.008791092998  
-0.4191793656  
0.3712653141  
0.8175521055  
0.4824701262  
-0.2857581428  
0.2338208835  
0.2180553971  
0.7754830555  
-1.435692518  
0.08596391268  
-0.4078861318  
-0.4027710971  
-0.4147698704  
-3.143829061  
-0.02888040572  
-0.7788900119  
-0.9672182069  
-1.476246371  
-0.3841382878  
-0.1708041206  
-0.09905777229  
0.4683479771  
0.02945598443  
-0.1747615679  
0.3149267997  
-0.6519152589  
-0.2265015158  
-0.563407767  
0.1704530808  
-0.2950464276  
-0.3699629926  
0.1097585215  
0.3516830386  
-0.1227487872  
0.05180199659  
-0.009428145871  
-0.03919375019  
-0.4228917844  
-0.7009872319  
-1.036680262  
-1.19790607  
-0.3915958812  
-0.1687936258  
-0.2458635455  
-0.2323213127  
-0.5316328423  
-0.6090173208  
-0.3913584526  
-1.572803425  
-0.5244160872  
-0.2949480173  
-0.6107005803  
-0.6334422052  
-0.5904980241  
-1.50955068  
-0.2001034631  
-0.9987074213  
-0.07807541606  
-0.885973283  
-0.1310040192  
-0.474463176  
-2.380058442  
-1.33903004  
-1.727772633  
-1.160771742  
-0.9342866187  
-0.9223791105  
-0.5305704784  
-0.3858448041  
-0.2147969725  
-0.213614424  
0.2427829477  
-1.716120376  
-0.9645703646  
-1.032612227  
-0.2152681509  
-1.241655655  
-0.636206094  
-1.887714456  
-0.8492643069  
-1.219992538  
-0.6943781867  
-0.8936334396  
0.07777936711  
-1.156291529  
-4.992991105  
-0.120984777  
-2.458058146  
-0.6868141404  
-1.098605317  
-1.532976845  
-1.966877647  
-1.193905364  
-3.116968589  
-2.436050136  
-1.218037929  
-2.257533534  
-1.926074487  
