7158.18167  
6816.543762  
6665.571028  
6785.474355  
6670.037713  
6653.80671  
6615.688431  
6504.184762  
6677.595801  
6578.87178  
6646.322635  
6632.931575  
6607.646996  
6636.280629  
6624.798479  
6600.505072  
6637.381006  
6684.533129  
6656.756866  
6622.958781  
6653.923508  
6695.615327  
6676.607435  
6599.022659  
6617.499674  
6640.365621  
6745.417363  
6701.842612  
6773.928737  
6668.360917  
6732.64438  
6733.983304  
6670.294337  
6647.384943  
6703.001956  
6687.761661  
6710.728413  
6651.195155  
6679.160428  
6669.468221  
6732.863938  
6646.455676  
6627.220725  
6670.807067  
6672.243422  
6671.631221  
6701.497796  
6685.533668  
6604.441615  
6587.749975  
6799.037129  
6594.923493  
6627.329092  
6640.976694  
6887.668616  
6767.889421  
6775.433825  
6804.100388  
6750.988942  
6798.511021  
6757.702495  
6748.155502  
6856.362564  
6686.931478  
6723.410781  
6856.28103  
6660.337156  
6774.887523  
6788.490159  
6719.676192  
6773.649265  
6837.542022  
6716.086226  
6654.089988  
6732.263422  
6825.186848  
6780.743675  
6678.190289  
6865.58172  
6497.33808  
6906.520151  
6770.296423  
6836.726898  
6806.79951  
6839.051405  
6786.982401  
6773.495287  
6663.126654  
6755.460487  
6687.20657  
6662.927559  
6716.684544  
6751.554939  
6726.220774  
6775.716383  
6838.882662  
6792.239274  
6749.071477  
6817.295783  
6716.66249  
6811.32622  
6651.724999  
6771.916808  
6793.3334  
6738.575117  
6728.468231  
6892.233524  
6812.109433  
6727.050963  
6777.612629  
6592.886751  
6833.429816  
6833.762374  
6736.517288  
6772.573399  
6704.688556  
6700.294756  
6894.793822  
6709.316964  
6766.089048  
6835.658669  
6782.834653  
6692.002488  
6740.430813  
6561.157477  
6766.147492  
6714.579258  
6747.287447  
6729.015981  
6756.323516  
6677.986084  
6522.643022  
6525.33792  
6746.190194  
6801.385014  
6687.576171  
6635.202945  
6764.984396  
6701.278447  
6758.71238  
6643.951111  
6561.548007  
6702.621902  
6553.403864  
6759.679691  
6716.886562  
6730.714624  
6765.413498  
6745.141409  
6795.507358  
6710.678505  
6751.798462  
6762.249562  
6791.613486  
6763.285111  
6757.730029  
6712.801089  
6736.942928  
6738.738466  
6798.470596  
6817.586631  
6707.274281  
6708.339228  
6857.705184  
6680.749631  
6707.747603  
6776.005967  
6816.763373  
6843.551073  
6697.941479  
6691.966964  
6737.78518  
6721.07724  
6725.519849  
6805.287145  
6738.773608  
6677.291889  
6719.086095  
6728.582729  
6738.816682  
6755.582832  
6710.843789  
6757.289129  
6728.083647  
6622.532328  
6752.024487  
6733.229148  
6858.002818  
6720.151245  
6734.996158  
6751.436653  
6602.891484  
6693.228477  
6748.364672  
6765.95711  
6740.74148  
6729.92571  
6677.928014  
6755.297886  
6726.202611  
6734.767315  
6727.167774  
6754.980727  
6784.697175  
6693.921088  
6709.597962  
6728.053026  
6750.302281  
6748.419675  
6691.672196  
6573.196028  
6671.894487  
6700.693516  
6743.077945  
6711.842278  
6707.969023  
6765.238032  
6617.969004  
6791.034383  
6697.770922  
6773.90556  
6764.732172  
6775.567904  
6772.711501  
6732.21891  
6735.50493  
6796.699305  
6749.510389  
6754.088966  
6794.175397  
6709.318481  
6683.046525  
6703.357646  
6690.153737  
6690.421271  
6713.677667  
6699.325015  
