3.211643684  
1.890144522  
1.066662173  
0.7523425707  
0.1498208346  
0.023307604  
-0.4734679014  
-0.01333058051  
-0.5540289823  
-0.1800505031  
-0.2608476528  
0.184451112  
-0.3473846178  
0.1584283785  
-0.19811054  
-0.5374560705  
-0.9478080457  
0.1397632903  
-0.155721808  
-0.9291997343  
-0.8323539817  
-1.155550038  
-0.9788034397  
-0.9125863644  
-0.6774031254  
-1.227761119  
-1.800018456  
-1.138150348  
-1.866639027  
-0.9967442412  
-1.614328407  
-0.444487586  
-0.7229775176  
-0.9103379986  
-0.5252854908  
-0.9543877562  
-0.9978536951  
-0.9675376575  
-1.260672441  
-1.134819921  
-0.9618127288  
-0.7652590385  
-0.561159786  
-0.6173589614  
-0.9954818377  
-1.043183963  
-1.198229759  
-0.7937555036  
-1.373911869  
-1.363554002  
-1.264337692  
-0.948618013  
-1.09621874  
-1.085801909  
-1.367374502  
-1.447368116  
-1.303995775  
-1.151641974  
-1.276301049  
-1.543890442  
-0.8336290404  
-0.5620389375  
-0.8732567998  
-0.8544914425  
-1.046143541  
-1.797346835  
-1.415101987  
-1.242944892  
-1.319154019  
-1.514216614  
-1.382718788  
-0.8671083541  
-1.16291903  
-1.681059355  
-0.9681004957  
-1.505069391  
-1.282120062  
-1.032447838  
-1.18907115  
-0.9401317013  
-0.8131768193  
-0.4955665107  
-0.5626123914  
-0.357533153  
-0.8727004529  
-1.202314734  
-0.5023171033  
-0.6653125145  
-0.7064587473  
-1.145240257  
-0.6687615508  
-0.6225255668  
-0.1180164618  
-0.8242153247  
-0.7699425553  
-0.7184561309  
-0.8358450436  
-1.075833981  
-1.241022514  
-0.6772579138  
-0.2987202136  
-1.153421865  
-1.167694566  
-0.5918255986  
-0.6233467231  
-0.5485561653  
-1.026468618  
-1.081899701  
-0.5838923646  
-0.3205734445  
0.08898529417  
-0.005386632802  
-0.1741830873  
-0.3143493797  
-0.09031024675  
-0.03816070183  
0.06579311279  
0.158214057  
-0.2442142175  
-0.3679970084  
-0.03351174454  
-0.1941023135  
-0.2353710254  
-0.01134684599  
-0.6045046093  
-0.7672216996  
-0.9559691248  
-1.045398467  
-0.6000988809  
-0.6798539751  
-0.2307810079  
-0.2911641525  
-1.030669775  
-0.3737791693  
-0.4937300901  
-0.7323191731  
-0.6060367218  
-0.4957980189  
-0.4988206728  
-0.2377506976  
-0.5035207158  
-0.5510636152  
-0.40886219  
-0.5829154042  
-0.1005158145  
0.2467647349  
-0.06110015326  
0.9664620413  
0.9379378923  
0.875197752  
1.187411293  
1.571049317  
1.306737174  
1.233130635  
0.7755763632  
0.5317089701  
0.2961282099  
0.2705697653  
0.3247621827  
0.6281433984  
0.3613883766  
0.743977109  
0.1918464897  
0.2650049762  
0.05676295009  
0.03257316803  
0.09766921339  
-0.02436881425  
-0.5123306749  
0.05394825573  
-0.8609291225  
-0.01265138524  
-0.1066364536  
0.002689233547  
-0.4639320014  
0.6384976211  
0.6075448309  
0.3243380894  
0.6847780521  
0.6106934221  
0.6194554583  
0.7777865026  
1.352120856  
1.401062389  
1.395505089  
1.369718852  
1.234814644  
1.024613055  
0.7464124339  
0.3705851293  
0.8153756652  
0.6738329697  
0.3396965333  
0.3664231407  
0.9270833802  
0.60378355  
0.4022921234  
0.2503007106  
0.4843060444  
0.195394038  
0.07508587032  
-0.008308060932  
0.1929827127  
-0.3472521471  
0.01437085269  
0.08920778887  
0.4260040194  
0.3921461374  
0.2939275226  
0.1737505417  
-0.1240784045  
-0.1550405604  
-0.0765462703  
0.08973444852  
0.0061435449  
0.4538380968  
0.6385762999  
1.880719656  
2.265284541  
1.692305688  
1.339333268  
1.346260962  
1.343851724  
1.363429742  
1.585991587  
1.584400327  
1.275170533  
1.153860444  
0.8672123617  
1.225187256  
1.475709652  
1.64847257  
1.362139485  
0.8308456558  
0.7769939447  
0.6918845397  
1.043046571  
1.055779643  
0.870854231  
1.472676553  
2.554128957  
1.939946641  
1.263607753  
1.195450261  
1.006355431  
0.6740850181  
1.364274079  
1.198442148  
1.31500764  
1.43004786  
1.345345092  
1.17855791  
1.003365752  
1.893844884  
1.411392764  
1.731217829  
1.25407069  
1.750636963  
1.794088488  
2.255702661  
1.934530187  
2.423925202  
1.681124023  
2.147293621  
0.06178985791  
