0.8761508008  
0.9564558352  
-0.6770035188  
-0.5519907765  
-1.137094774  
-0.7781153397  
-1.577604257  
-0.4482728425  
-1.319112834  
-0.7333966541  
-0.815428484  
-0.1891148034  
-0.2783390006  
-0.9613686451  
-1.331537101  
0.4618404156  
-0.7554623015  
-0.8553768641  
-1.260169827  
-0.1619447714  
0.1124200573  
-0.6112259035  
-0.7677206872  
-1.135230221  
-1.376560837  
-0.3403176783  
-0.8032748119  
-0.8230614281  
0.3744533077  
1.335798497  
1.437376115  
1.426193788  
-0.2045829404  
-1.184136148  
-0.1639485403  
-0.744390956  
-1.324847485  
-0.8838971782  
-0.228580506  
-0.9162900546  
-0.6583151064  
-0.8805000155  
-0.9714258318  
0.4140014183  
-0.579372763  
-1.291083487  
-0.6498040418  
0.1553616464  
-0.02280176362  
0.1437177271  
1.222996992  
-0.9535631002  
-0.592256771  
-0.1657278118  
-0.5582414772  
-0.999290846  
-0.7297330124  
-1.322474425  
-0.7464539205  
0.9408444104  
-1.431875338  
0.4622615143  
0.9843689704  
-1.474028045  
-0.3468338946  
0.3993798193  
-1.107205323  
-0.9446488123  
-1.244251084  
-0.9188172077  
-1.122717859  
-0.9061063937  
0.1369683843  
-1.09412034  
-1.136904059  
0.08511041251  
-0.9933078768  
-0.3795322828  
-0.3007220792  
0.9514355074  
2.076389515  
1.44147592  
1.295856746  
-0.1063031513  
-0.7550718005  
-0.01224765412  
0.4573084854  
-1.14893699  
-0.3201055366  
1.242769488  
2.203100388  
1.810538503  
-0.06429883313  
-0.09188813456  
-0.5217277537  
-0.1202916099  
-0.4429645651  
-0.4623762867  
-1.040707696  
-1.195667076  
-0.8399472776  
0.7822707261  
0.2352928057  
-1.2976145  
-0.9462832571  
-1.092933906  
0.723166509  
-1.389564912  
-0.316373022  
-0.3432714919  
-0.02490777881  
-1.507029034  
0.3571307785  
-0.3318335477  
-1.17069639  
-1.206419947  
-1.14544559  
-0.9794039009  
1.157007943  
-0.01256282391  
-1.214440341  
-0.6594554444  
-1.205523775  
-0.08974323601  
0.1300283717  
-0.8515724229  
0.06966066238  
0.2382054429  
0.6784538461  
0.2115729855  
-0.915293108  
-0.7642303919  
0.5398414362  
1.361582049  
0.7397844716  
-0.5906440024  
-0.06712180718  
1.33033591  
1.403244243  
1.316261792  
-0.4986853683  
0.6144269136  
-0.6511652921  
0.6107574048  
2.131599996  
1.073975666  
1.710005996  
0.8872283308  
1.332450405  
1.338665293  
1.292151942  
0.2036837206  
-0.08297167713  
-1.19563974  
0.4227452012  
0.369886559  
-1.362201413  
-0.2437140367  
-0.3116516283  
-0.1924312975  
-0.8069433683  
-0.2352046111  
-0.0544903991  
-0.8088333022  
-1.097549171  
-1.132922844  
-0.5050403808  
-0.7199662839  
-0.9405895656  
-0.9979753222  
-0.5124124495  
-1.393045683  
-1.4626878  
-0.7168402276  
-1.25004294  
-0.6484766409  
-1.102790656  
-0.2402838459  
-1.079646852  
-0.6562867226  
0.346694356  
-0.8496001733  
-0.5760303534  
-0.6247662709  
-0.3531044196  
0.04882138155  
0.4343051731  
1.260183871  
-0.839302415  
-0.008641319671  
-0.8161883085  
0.09417461927  
1.558561082  
1.458564093  
1.816311106  
1.665956473  
0.2581833103  
1.592150485  
2.124977135  
0.3399869316  
1.738704477  
2.198958819  
2.061877015  
2.144872784  
2.028493913  
2.048077573  
2.090366178  
1.913041854  
1.293805903  
2.340190373  
2.01795546  
2.826086181  
1.293953765  
0.1912949819  
1.009044373  
-0.66326514  
0.2235027365  
-0.313801298  
0.1780966187  
-0.2477754116  
0.3333251616  
0.1197686126  
-0.7825229346  
-0.3205235075  
0.2632429082  
0.8021470351  
0.700840139  
0.2314313874  
0.879055552  
0.6334423632  
-0.5337979988  
-1.135505046  
-0.3177795099  
0.1256260207  
-0.462963806  
-0.3224807536  
-0.1918984667  
-0.5356923468  
-0.8216723905  
-0.2713732482  
-0.2992036195  
1.308521839  
1.149906561  
-0.6966283244  
-0.2630566637  
-0.8705224227  
-0.3917100606  
0.349004627  
-0.0099806133  
0.5060052913  
0.729078379  
0.3925528759  
-0.4817776377  
1.12645858  
1.019878229  
-0.03225470965  
1.554165187  
1.539112018  
1.853142306  
1.346267121  
2.012741845  
1.119474803  
1.569538843  
1.024963649  
0.08784440557  
