8372.854495  
7992.837859  
7534.091601  
7633.051496  
7821.072171  
7560.320128  
7807.810503  
7736.376271  
7821.43206  
7894.539347  
7498.84794  
8002.626336  
7520.849864  
7915.190951  
7673.238704  
7489.580967  
7693.898569  
7771.16252  
7645.700255  
7886.760859  
7793.125244  
7961.37858  
7901.70255  
8045.180994  
7926.465702  
8098.929195  
7862.32416  
7507.75493  
7902.073016  
7399.666907  
7569.218494  
7978.697819  
7564.852451  
7467.917535  
7581.333321  
7947.841531  
7422.07309  
8122.636995  
7746.634504  
7841.434013  
7593.787896  
7728.79781  
7612.876148  
7323.74628  
7773.662405  
7677.057735  
7764.902507  
7565.490241  
8103.12526  
7892.529865  
7757.400216  
8053.110557  
8085.476247  
7962.212773  
7762.081349  
7990.320193  
8132.070492  
7980.069062  
7764.873422  
7929.810823  
8009.084548  
7883.304555  
7996.770997  
8110.910548  
7992.280366  
8073.870281  
7722.557222  
7986.521289  
8037.22927  
7763.420759  
7880.080509  
7505.526561  
7764.763411  
7689.923251  
7952.55525  
8013.779414  
7706.421306  
7198.584541  
7248.788408  
7597.010132  
7869.460266  
7656.347272  
7644.750307  
7525.786234  
7781.027464  
7869.552808  
7701.29479  
7738.97064  
7414.933807  
7810.225661  
7956.822611  
7687.916765  
7816.314212  
7698.423712  
7394.373579  
7847.367193  
7826.54463  
7594.855034  
7802.10923  
7559.204752  
7636.400763  
8001.658821  
8001.082822  
8042.422574  
7426.0508  
8169.952888  
8117.977413  
7746.892212  
8032.705896  
8030.981078  
7739.875852  
7910.85416  
7962.393281  
8311.231333  
7782.449095  
8005.424965  
8109.497993  
8006.536452  
7651.234927  
7994.186009  
7718.187688  
7709.296508  
7974.734874  
7869.799332  
7800.159863  
7375.749568  
7694.851117  
7429.7154  
7736.472909  
7428.267669  
7421.554542  
7615.606156  
7651.929508  
7906.666634  
7735.728738  
7400.463081  
7451.883014  
7758.854474  
7910.215515  
7665.838854  
7678.856758  
7906.031565  
7599.335046  
7957.164799  
7755.039634  
7712.827887  
7661.104921  
7237.513021  
8135.568809  
7805.326354  
7325.334952  
7480.076673  
7590.827865  
7530.24558  
7724.959397  
7631.266193  
7704.609115  
7375.110903  
7946.152653  
7497.168362  
8133.273461  
7595.090571  
7643.158271  
7819.452547  
7432.141312  
7850.059095  
7714.722275  
7630.670981  
7679.329348  
7708.037163  
7407.421407  
7639.627393  
7904.279972  
7873.753916  
7605.814559  
7904.542701  
7928.375999  
7682.143161  
7950.61732  
7669.300486  
7636.34324  
7793.330581  
7870.794471  
7785.631448  
8031.194491  
7694.493355  
7874.008452  
7639.625767  
7692.051365  
7815.297307  
7840.356306  
7941.957363  
7734.755521  
7574.668696  
7719.106027  
7846.462682  
7743.119405  
7732.119008  
7613.184204  
6985.539533  
7852.58294  
7663.681406  
8080.88055  
7567.326562  
7722.551631  
7840.989581  
8048.867507  
7808.551865  
7993.205161  
7931.949593  
7740.963535  
7907.667412  
7521.66724  
7814.237441  
8010.292692  
7697.973656  
7112.566221  
7581.59386  
7287.097435  
7955.884138  
7799.410716  
7826.645082  
7891.389683  
7828.599763  
7786.547687  
7883.182296  
7649.796302  
7491.816201  
7815.451362  
7807.543089  
7544.468241  
7624.219172  
7655.933833  
8381.466542  
7712.149767  
7777.447402  
7580.126363  
7938.782065  
7762.35808  
7561.720424  
7424.114463  
7782.093117  
7230.520843  
7669.553714  
7127.65492  
7471.554234  
7699.925595  
7765.943719  
7674.592073  
7832.379095  
7941.339689  
7793.195333  
7912.683925  
7717.287539  
7837.343671  
8106.148078  
7705.714138  
8100.970661  
7643.310659  
8308.170601  
8006.923243  
7458.143564  
7589.754226  
7503.558779  
7669.112312  
7818.280332  
7465.069226  
7680.712325  
7865.212436  
7515.595997  
7613.2865  
7835.37989  
7751.256712  
7210.922167  
7634.048544  
7752.445206  
7580.146529  
7496.049447  
7813.402387  
7784.34106  
7658.071182  
7860.613344  
7638.46961  
6701.430269  
7821.233273  
7681.495944  
7360.973532  
8172.5745  
7364.005891  
6909.94463  
7629.122321  
8272.4152  
7959.816075  
