-0.5704739148  
-1.541389011  
0.7686947335  
0.3981522662  
0.9714919127  
0.6485898543  
1.381822862  
0.4370590877  
1.127191417  
0.6472751169  
0.6147552327  
-0.02255604305  
-0.220155487  
0.8330080025  
1.085168375  
-0.1742812639  
0.8449967826  
0.782871661  
1.256715118  
0.4181138723  
-0.3582983088  
0.590447296  
0.7620953344  
1.164361026  
1.296210451  
0.5830876988  
0.9116260742  
1.047543207  
-0.06312808089  
-1.107524761  
-1.397596738  
-1.467459501  
0.05684965171  
0.9177501303  
0.3909863222  
0.7015011276  
1.298235458  
0.8255883362  
0.2885164834  
0.9299957472  
0.696645678  
0.9221007114  
0.9775736465  
-0.1966318306  
0.4742130295  
1.251453841  
0.7168433324  
-0.006918435857  
0.3935537893  
0.2543442133  
-1.394969105  
1.057355378  
0.3568416951  
0.3068382216  
1.166864969  
1.102587508  
0.7736189972  
1.366946478  
0.7817832516  
-0.7073444575  
1.581204634  
-0.2151391855  
-0.9428082854  
1.434051692  
0.450476372  
-0.4432338219  
1.151269869  
0.9275305552  
1.258530038  
0.8643213369  
1.198194064  
0.9282866829  
-0.3326432075  
1.12895686  
1.073038458  
-0.1155776335  
1.008050271  
0.5092750555  
0.3978518987  
-0.827348654  
-2.124072826  
-1.315525281  
-1.599322314  
0.1746622072  
0.7716068829  
0.01799979186  
-0.7262386431  
1.248331978  
0.2072270636  
-1.30921108  
-2.15042328  
-1.756339307  
-0.1409201975  
-0.3321630595  
0.6873316947  
0.1272103712  
0.2863735945  
0.6383293869  
1.133396428  
1.244665251  
1.008003967  
-0.9094400643  
-0.07634751784  
1.197354204  
1.069755136  
1.00078917  
-0.4416180828  
1.32134436  
0.4290768021  
0.586278847  
-0.01405894808  
1.381121047  
-0.2117658705  
0.3475462984  
1.147747185  
1.20630854  
1.117679317  
1.119139307  
-0.7833609648  
-0.2379886776  
1.119251296  
0.6764377191  
1.170358529  
0.1984908494  
-0.2634170237  
0.6545526085  
0.04963602083  
-0.599337083  
-0.6243664568  
-0.334958912  
0.9025623438  
0.751546821  
-0.7215163696  
-1.381046051  
-0.8598920465  
0.3047471872  
0.2171655215  
-1.362934847  
-1.486436712  
-1.551101182  
0.2724796496  
-0.3013355772  
0.7700139429  
-0.3311085874  
-1.883730553  
-1.126854895  
-1.659444379  
-0.846526119  
-1.169892183  
-1.377951682  
-1.372333442  
-0.7054798958  
0.03635005044  
1.037339894  
-0.3093889562  
-0.6118108911  
1.165669252  
0.1385994039  
0.2241700214  
0.1903480163  
0.8156227166  
0.05849416811  
0.3643517869  
0.7175846149  
1.168503903  
1.0694654  
0.7896658742  
0.8147004644  
1.050264448  
0.9557182899  
0.851503107  
1.135943556  
1.086818894  
1.130906878  
1.247714002  
0.9981093383  
1.113315007  
0.3046141911  
1.040078364  
0.8702417628  
-0.315553908  
0.6231529863  
0.4774235927  
0.3746606713  
0.09647325861  
-0.1006866148  
-0.2701480634  
-1.306841369  
0.7514749528  
0.03298703005  
0.8618296922  
0.0399750707  
-1.773858726  
-1.509694644  
-2.013623264  
-1.810588848  
-0.6233813481  
-1.504164565  
-2.132243066  
-0.5808159045  
-1.776584073  
-2.193284254  
-2.069786199  
-2.216586031  
-1.969354438  
-2.032002083  
-2.058893199  
-1.965873633  
-1.319938002  
-2.069907029  
-1.970480386  
-2.515038735  
-1.244653369  
-0.09848760874  
-1.385678655  
0.5436696228  
-0.05992617739  
0.6955446945  
0.1331413489  
0.3504876302  
-0.3265922698  
0.02958566243  
0.6634725925  
0.3813255315  
-0.1698853305  
-0.5653057426  
-0.6854901717  
-0.02268038676  
-0.4796182013  
-0.597600917  
0.4844596854  
1.098124922  
0.4092548606  
-0.2076291136  
0.3486057949  
0.5239605988  
0.2467275271  
0.4599085493  
0.8163873777  
0.3676137095  
0.1507623659  
-0.8895534879  
-1.411138973  
0.5510676477  
0.2088103698  
0.7831298608  
0.4042407225  
-0.5839068306  
-0.06348866646  
-0.7486536727  
-0.7690077663  
-0.7562691469  
0.5207927407  
-0.9068039153  
-0.9860856574  
-0.09253579604  
-1.511267129  
-1.611679996  
-1.997910936  
-1.699871332  
-1.855025398  
-0.9879857892  
-1.540351691  
-1.018609723  
-0.364809042  
