-0.08322446164  
-0.7662834303  
-0.4135564818  
-0.4060829157  
-0.3751444778  
0.9110183288  
0.4401324044  
0.7062748555  
0.7390895575  
0.719870904  
0.7042527601  
-0.3128836789  
0.2780819078  
0.9715088634  
0.8342452313  
0.9108680577  
0.8217932285  
0.9166613252  
0.07490333532  
0.4215680405  
0.6693687128  
0.6572129546  
0.4959748998  
0.1527872513  
0.1664484461  
0.2217181436  
0.1583235546  
-0.3751156044  
0.583764836  
0.1006486761  
-0.2003402768  
-0.3229135022  
0.6423903098  
0.7172123531  
0.8750122873  
0.778445468  
0.8365786986  
0.4744089901  
-0.1852485474  
-0.05142614954  
0.8031486217  
0.8779288751  
0.7929559532  
0.9242986276  
0.825387822  
0.7796365509  
0.6277488422  
0.9089186221  
0.726663766  
-0.3028616008  
0.04142198685  
-0.3757663021  
-0.4191588187  
0.1008395087  
0.3972634141  
0.3697227303  
0.6293723323  
0.07555654174  
0.3815889689  
0.5734075545  
0.6855493762  
0.9415184462  
0.8046529344  
0.7973079214  
0.8043753132  
1.021228178  
0.8659343593  
0.8904520082  
0.8005447695  
0.8386911949  
0.8613931767  
0.790994852  
0.736281872  
0.7025505249  
-0.07265686256  
-0.04385908991  
0.01302105142  
0.09771165538  
0.409769307  
0.3571066942  
0.393528158  
0.9493283149  
0.9130272397  
0.6368332308  
0.6261632656  
-0.2051034248  
0.07331764217  
0.3839428479  
0.6217061954  
0.5845228703  
0.8414596071  
0.9426042259  
0.917690556  
0.9476622421  
-0.0006098766273  
0.4986048049  
0.7778218267  
0.9426630757  
0.9047184822  
0.8229062621  
0.8181876681  
0.8420868743  
1.005009838  
0.5429239979  
0.6227218894  
0.6554643002  
1.135882143  
1.127735131  
1.064086756  
1.018581216  
1.022028514  
0.8784956051  
0.8136888269  
0.8245357009  
0.8350832652  
0.8448123416  
0.8782518015  
0.9424890586  
0.9069561529  
1.026049988  
1.106948968  
1.043809581  
1.145828379  
1.114573404  
1.107277905  
1.08750571  
1.062837739  
0.9687833739  
0.9748937447  
0.9849090923  
1.013151474  
1.009623268  
1.001463257  
1.040510871  
1.040669612  
1.059841886  
1.017458295  
1.079097597  
0.9045712045  
1.160863676  
1.239516139  
1.066010813  
1.037190956  
0.9249175687  
0.9121561853  
1.03685923  
0.9978109399  
1.023933038  
1.128418882  
1.078474238  
1.038224786  
1.094466554  
1.047358415  
1.082976636  
1.116756247  
0.9431576498  
0.7732114008  
0.8476083556  
0.8091271322  
0.8302977093  
0.7519371703  
0.9870474219  
0.9196620023  
0.8877651848  
0.8919838048  
0.8615958972  
0.7962044406  
0.8087459329  
0.858013932  
0.8960292887  
0.9596283012  
0.9741814133  
0.9279461819  
0.9776859685  
0.9002149965  
0.8954274406  
0.8495402554  
0.9680865524  
1.064844208  
1.150257035  
1.055212768  
1.088721402  
1.04115872  
1.187265751  
1.094900388  
1.178080565  
-0.1568773661  
-0.5259527197  
-0.9387613718  
-0.9227051022  
-1.167779278  
-1.397621452  
-1.217786658  
-1.010418147  
-0.8392885609  
-1.414149664  
-1.327859041  
-1.037588953  
-1.35289013  
-1.675372518  
-1.526344266  
-1.693334465  
-1.099953057  
-1.308411428  
-1.205216533  
-1.506120648  
-1.132126038  
-1.356865757  
-1.401546728  
-1.165255625  
-1.487644614  
-1.478647676  
-1.519094811  
-1.495241308  
-0.68768288  
-1.352562057  
-0.9933444228  
-0.9698254802  
-1.387621752  
-1.430437904  
-1.307246459  
-1.416430504  
-1.381109373  
-1.427452122  
-1.437810412  
-1.397463877  
-0.9126540697  
-1.17214127  
-1.20550956  
-1.341485309  
-1.330304809  
-1.223885645  
-1.381217849  
-1.390227832  
-1.363731885  
-1.083558157  
-1.393184052  
-1.430822323  
-1.394496439  
-1.301574995  
-1.346475304  
-1.164463787  
-1.413013683  
-1.347326559  
-1.262424657  
-1.392039211  
-1.42091973  
-1.148046928  
-1.337195069  
-1.381040876  
-1.437077608  
-1.387076822  
-1.413916991  
-1.433073051  
-1.429286157  
-1.398287364  
-1.511035837  
-1.318911678  
-1.194388137  
-1.387020288  
-1.301432232  
-1.173423542  
-1.317597704  
-1.345301278  
-1.366621292  
-1.312931763  
-1.412397499  
-1.318119483  
-1.143208217  
-1.32482522  
-1.444204378  
-1.356992129  
-1.293620057  
-1.543661379  
-1.423162125  
-1.370826515  
-1.360311031  
-1.205263869  
-1.291068854  
-0.305974272  
-0.852016993  
-0.9910881031  
-0.3532111299  
-1.048773393  
-1.109868824  
-0.2366093403  
-0.8249719136  
-0.8591453023  
-0.8643488646  
-1.005645059  
-0.8536501356  
-0.8565980445  
-0.7675490542  
