-0.7960445367  
-0.253610823  
-0.5859438001  
-0.9870315413  
-0.9114781745  
0.4068982531  
-0.3637604203  
1.215992679  
-0.5138433561  
-0.2929403149  
-1.596889378  
0.6319033914  
0.1213926469  
-0.3928864795  
-0.7873842955  
-1.293759113  
-1.206679469  
-0.8227392699  
0.9135121339  
1.536246906  
-0.4686274334  
-1.24253779  
-1.017670181  
-0.3338353241  
-0.6686556679  
-1.234447805  
-1.061495455  
-1.247832533  
-0.5391640188  
1.271628702  
-0.3603531788  
0.4770144722  
-0.2858203328  
1.246206548  
-0.1562586199  
-0.6690703025  
-0.556197163  
0.9840670181  
-0.1857291195  
-0.7371604269  
-1.182566602  
-1.204570378  
-1.524271854  
-0.1400425204  
-0.6399818204  
-0.83662866  
0.6209620842  
-0.2790070697  
0.2104992803  
-0.5150503294  
-0.6476680959  
-0.5096036333  
0.09124086057  
-0.7471419139  
0.01310449305  
-1.690609909  
0.1527709423  
-0.5430047113  
-0.382950075  
-1.059628726  
-0.2833355503  
-0.6913984491  
-0.7972615442  
-0.1222160839  
-1.299821614  
-1.118838413  
-0.3484250499  
1.087427581  
-1.211749856  
-0.6581626176  
-1.356736838  
-0.4038773282  
-0.3932645543  
-0.7820923266  
-1.100302801  
0.1638279702  
-0.06640230404  
-0.4993281325  
-0.8724776282  
-0.5538203777  
0.02275917286  
1.849296551  
1.378765059  
0.2053837877  
-1.092519462  
-0.5138799123  
-0.5879760048  
0.6572842877  
0.96189267  
1.629352589  
2.009687775  
-0.7037792632  
0.1215583013  
-0.1717141947  
-0.4886715867  
-0.1732292922  
-0.3427003633  
0.4828761946  
-0.9789466659  
0.455758644  
-1.099277004  
0.1677358131  
1.219685703  
0.8792424195  
1.105186577  
0.2423745673  
0.203818703  
0.1666655533  
1.463064823  
-1.443908395  
-0.7064797072  
0.1480060175  
-0.4693687519  
-0.8186497418  
-0.1793379527  
0.3291643414  
-0.2486509343  
0.1053102322  
1.302830333  
0.6374145017  
1.327894012  
-0.4418988049  
-0.7878243542  
-0.07964657124  
1.84355166  
1.410193146  
1.854445879  
0.1931027281  
0.5460192864  
2.422300005  
0.6409991434  
0.868973897  
1.612298753  
0.8655965316  
-0.1013798755  
0.01784974525  
1.88521247  
1.45156313  
2.221435315  
0.988362164  
0.8081712655  
-0.5249323636  
0.8263339754  
1.200863736  
1.236856541  
0.8407875482  
0.5891913448  
-0.1613184579  
0.6625291296  
-0.1052815917  
-0.7410330462  
-0.619138125  
0.4740755718  
0.6909192698  
-0.7093869796  
-0.4960337979  
-0.05929161002  
-0.1663313057  
-0.1219604312  
0.48501023  
-0.4505098938  
-0.7787053518  
-0.480734  
-1.448220624  
0.03272829396  
0.9152285789  
-1.136600529  
-0.8391059598  
-1.274291779  
-0.9354800346  
-0.8283437856  
-0.8537217398  
-1.118187289  
-0.9687622279  
0.5998326736  
2.208052382  
-0.7285952982  
-0.7024454421  
0.2077556028  
1.608279931  
-0.4854580644  
1.117984697  
-1.401012172  
0.3334760454  
-1.041056742  
0.963303884  
-0.6404905861  
3.117557005  
0.835721292  
-0.1268049649  
-0.7966716906  
3.156845682  
1.498831779  
0.4743822081  
4.124491838  
0.1217531652  
2.146688311  
-0.9327712909  
0.2948213219  
-0.5586104372  
-0.04806989435  
-1.296763523  
-0.2958255444  
0.9649221217  
1.475135766  
-0.9144532299  
0.9519689612  
0.9881507649  
0.04704328439  
2.103769263  
1.961502623  
-1.345597379  
-0.05319136367  
-0.365160791  
0.226921482  
-1.072726548  
-0.6855187247  
-0.7200075454  
0.03070241134  
-1.493893098  
0.6810137446  
-0.2962895572  
-0.6115138521  
-0.4722589965  
-0.6787315848  
