8656.823157  
8174.784276  
7623.252518  
7248.748053  
7856.565753  
7881.023189  
8002.526796  
7799.1766  
7638.777062  
7964.887675  
7971.38415  
7425.424426  
7835.054674  
7534.49556  
8154.034769  
7608.494407  
7905.318143  
7830.247771  
8162.340738  
7751.427756  
8027.637665  
7993.41255  
8053.544542  
8025.70887  
8044.384009  
8079.097833  
8249.7818  
8249.785768  
7971.834567  
7766.950603  
8013.459793  
7836.487501  
7965.967535  
7837.0601  
7989.9782  
7748.739004  
7635.418787  
7784.918811  
8028.709985  
7899.891316  
8124.419748  
8127.578421  
8148.09971  
7815.94515  
7905.530338  
7790.627542  
7822.153975  
7778.028879  
7994.713868  
7766.421992  
7259.14939  
8205.371992  
8064.013592  
7851.365493  
7877.295399  
7993.463838  
7619.718112  
7817.501421  
7882.275177  
7714.099146  
8017.624168  
7848.281814  
7433.510164  
7621.034117  
7821.868742  
7851.126471  
8038.294899  
7463.852887  
7882.635262  
7659.382682  
7812.718574  
7538.20453  
7682.978182  
7598.116837  
7354.479475  
7802.140133  
7512.401931  
8263.197996  
7705.552813  
7735.779679  
7343.506138  
7518.795547  
7600.473216  
8109.929943  
7582.008816  
7912.533406  
7217.291462  
7701.275537  
7521.718255  
7596.056477  
7810.53463  
7653.982478  
7907.842392  
7814.06753  
7719.747992  
7805.68267  
7496.0252  
7678.195773  
7889.325975  
7956.206741  
7892.314844  
7850.336663  
7736.801108  
7651.407743  
7667.201628  
7918.312602  
7735.959436  
7985.424424  
7633.231354  
7652.769262  
7912.076634  
7173.207121  
7905.687775  
7711.889371  
7959.188453  
7714.211417  
7887.090068  
7910.318582  
8137.22901  
7733.428463  
7741.255088  
8005.81248  
7667.234676  
7734.202953  
8068.105521  
7950.006818  
7930.093118  
8013.08964  
8098.12091  
8188.730712  
8185.167466  
8127.544734  
8101.548312  
8088.865327  
7917.230927  
8011.622501  
7970.415827  
8025.882232  
7907.430597  
8037.14058  
8034.179338  
7893.255232  
7770.571593  
7800.066163  
8164.697116  
8089.622403  
8090.542856  
8047.541744  
8067.923123  
8131.485594  
8014.450273  
7994.740618  
7983.746603  
8046.775838  
7890.671891  
7920.353375  
7974.934365  
8043.224089  
8048.857606  
8094.904223  
8164.532637  
7929.091546  
8007.122264  
8024.435364  
8054.731592  
8113.271872  
7953.184124  
7761.151475  
7872.624404  
7870.267677  
7840.262371  
7903.827297  
7800.527779  
8147.240546  
7982.254387  
8102.408132  
7957.139228  
8157.880116  
8053.972997  
8021.4162  
8060.229491  
8127.887073  
8103.812322  
7597.372886  
7896.23778  
8349.48102  
8053.640309  
8186.201006  
8022.788711  
8094.717691  
8176.374854  
8064.826247  
7981.734929  
8057.548836  
8103.161726  
8046.855445  
8069.867128  
8021.607515  
7649.397261  
7786.321846  
7920.598088  
7845.668598  
7785.930535  
7798.233457  
7719.154148  
7896.502598  
7751.055472  
7821.352119  
7788.240508  
8102.822824  
8038.625413  
7697.580992  
7911.382421  
7845.077041  
7432.166757  
7253.511401  
7644.299315  
7421.981872  
7807.350812  
7645.335332  
7818.622587  
7752.851217  
7713.819592  
7814.952505  
7485.122571  
7718.94545  
7782.244431  
7777.108663  
7820.729481  
7844.677852  
7880.853469  
8069.393469  
8033.002216  
8018.049668  
7983.721366  
8024.042676  
7893.619269  
