-0.2718628368  
-1.026822551  
-1.127152606  
-1.340838202  
-0.8568704967  
-0.1366588402  
0.2455830785  
-0.7262297931  
-0.9979175698  
-0.3806680862  
0.1423719149  
-0.8048288874  
-0.2691456653  
-0.5915781128  
-0.5517597573  
0.7795189142  
-0.1303283163  
-1.059949902  
1.364390443  
0.1303433832  
-0.6007528778  
-1.046393264  
-1.435703344  
-0.5297018514  
0.7992653794  
1.689284254  
1.275051285  
-0.5121683392  
0.2705901286  
1.001882145  
1.228540024  
-0.04806364214  
2.106289971  
1.753987213  
1.521283293  
-0.1027664289  
2.184579101  
1.425505915  
2.086906375  
-0.1123023913  
1.358033103  
2.003915829  
2.160390825  
1.556768823  
0.5523708466  
1.984929483  
1.853302643  
1.283041192  
0.09829434932  
-0.9629482367  
-0.5701300611  
-1.098920679  
-0.136148104  
2.090045994  
1.491169316  
1.680199951  
1.578078124  
1.81416302  
1.389195421  
1.832212896  
1.509471924  
-0.4221560198  
0.3539604545  
0.7290777203  
2.2561365  
1.428923201  
0.8354112525  
1.659034358  
0.9205633951  
-0.1488624828  
1.089285495  
1.006093093  
1.56281183  
0.8961649619  
1.353133763  
1.481317877  
-0.07122642539  
0.8177010701  
0.7786166615  
-0.3943266949  
-0.2400982265  
-0.5097834538  
-0.3148282213  
-0.4168315197  
0.2144152671  
0.24332369  
-0.3120007106  
0.5367289799  
-0.7242515819  
-0.4644436113  
-1.175832727  
0.1564253098  
0.9090226129  
1.144521818  
1.341687843  
0.8369533565  
1.633375541  
1.358691152  
-0.2936144916  
-1.208882305  
-0.769152215  
-1.022530058  
-0.9873479809  
-0.9026659068  
-0.6547746715  
-0.9260009669  
-1.002393978  
0.7559727502  
-0.175480761  
-1.029906387  
-0.9812642358  
-0.8810176488  
-0.3457437516  
0.3773123354  
-0.8935199755  
1.189100819  
-0.5296089545  
-0.2849023422  
-1.023114445  
0.9945486102  
0.4229794207  
0.9493051297  
-0.688574466  
-0.1259780241  
1.14206662  
-0.2528089542  
0.2824946868  
-0.6356274087  
-0.5830792946  
0.8125508706  
0.4215803055  
1.01168441  
1.58874589  
1.949410152  
1.723489216  
2.225781098  
0.5738420119  
-0.6925896851  
-0.2960713103  
0.4686124493  
0.7263288964  
-1.528990704  
-1.323213525  
-0.9483498421  
-0.01235243589  
-1.083374809  
-1.188725442  
-1.390744815  
-0.425521388  
-1.172389198  
-0.09968032796  
-1.141924464  
-0.3601011084  
-1.284796096  
-1.289593382  
-1.390289349  
-0.8729449536  
0.1115080047  
-0.6983190464  
0.4264832782  
-0.2230138543  
-1.34282295  
-0.7686452478  
0.3035970245  
-0.5164455168  
-0.8758528192  
-1.205426728  
-0.9782348857  
0.5854722695  
1.026067704  
0.2799431951  
-1.027017203  
-1.269081005  
-0.5948911592  
0.215512708  
-1.036032933  
-1.356152776  
-1.042344659  
-1.013901233  
-0.266263209  
-0.7745070338  
-1.228878361  
-0.9091148745  
-1.055277852  
0.3938469407  
-0.3634406405  
-0.8509594067  
0.6413972811  
-0.03935790572  
-0.1334598635  
-0.06382005318  
-0.9910200648  
-1.154826887  
-0.9442116715  
-0.08167303308  
0.9376156745  
1.107537337  
-0.4543016587  
0.1687318554  
-0.04766710031  
0.2842550408  
-1.19702973  
-1.035883365  
-0.5176283204  
0.1225685048  
-1.197307946  
-1.384904048  
-1.283181852  
-0.03121568433  
0.3307902029  
-0.3862439309  
-0.9173974922  
-1.119277564  
-1.030596659  
-1.245045953  
-0.5291018786  
0.7014451535  
-0.9334018846  
-0.3626838002  
-1.04465639  
-1.04850595  
-1.44090215  
-0.07448270107  
-0.7749972241  
-1.267785899  
-1.263561757  
-0.8978700544  
-0.03182083283  
-0.4853155257  
-0.6866949522  
-1.180048022  
-0.8722024229  
-0.969302366  
-0.6490755504  
-0.4738645063  
-0.6584057946  
-0.7156279032  
1.296529781  
0.5328810252  
-1.028651009  
0.6654197037  
0.4944880647  
0.3052201611  
-0.2142898824  
1.247661991  
1.24980655  
1.395613828  
1.455302298  
-0.7150045909  
-1.355649708  
-0.3917042582  
-0.7863084114  
-1.334095339  
-0.3460018759  
-0.5015943079  
-0.474748559  
1.098956675  
1.405311552  
1.538137531  
0.9817580964  
-0.264933356  
0.6011622974  
1.12290094  
0.5944243915  
0.726371121  
