2.946156e+01 3.545144e+01 1.483624e+00 6.342937e+01
1.247105e+02 2.127049e+01 1.000773e+01 1.359732e+02
-5.658250e+00 -1.985185e+01 -2.838174e+01 2.871634e+00
3.071014e+01 -1.706581e+01 -3.254140e+01 4.618573e+01
-3.777127e+00 1.101332e+00 5.262289e+00 -7.938083e+00
1.156673e+02 7.531069e+01 3.195112e+01 1.590269e+02
5.991858e+00 -1.714295e+01 5.697742e+00 -1.684883e+01
-1.916084e+01 -3.565727e+01 -2.130351e+01 -3.351460e+01
1.165962e+02 -6.369141e+00 3.263165e+01 7.759542e+01
-1.094009e+01 -3.135573e+01 -4.926769e+00 -3.736905e+01
-9.058894e+01 5.035990e+00 -2.964460e+01 -5.590835e+01
2.507402e+01 1.734625e+01 3.281732e+00 3.913855e+01
-5.538542e+01 -4.448558e+01 -2.542088e+01 -7.445013e+01
7.387455e+01 8.860823e+01 9.551080e+01 6.697197e+01
1.642738e+00 1.594136e+01 3.236221e+01 -1.477811e+01
-3.733575e+01 -3.495440e+01 -2.376048e+01 -4.852966e+01
6.994792e+01 3.133312e+01 2.116102e+01 8.012002e+01
4.821422e+01 -1.599832e+01 6.452549e+00 2.576335e+01
4.035044e+01 1.196632e+00 1.530242e+01 2.624465e+01
-1.351595e+02 -4.089929e+01 -2.134912e+01 -1.547096e+02
3.991815e+00 -3.206434e+00 1.807587e+01 -1.729049e+01
-2.584983e+00 -1.301172e+01 -1.872967e+00 -1.372374e+01
-7.233524e+01 -2.073106e+01 -2.833787e+01 -6.472844e+01
-1.283360e+01 -2.463266e+01 -8.126868e+00 -2.933939e+01
-6.332848e+00 2.756418e+01 4.114376e+01 -1.991243e+01
-2.937779e+01 -1.376182e+01 -4.725910e+00 -3.841369e+01
-5.495490e+01 3.985964e-01 -3.944686e+01 -1.510945e+01
1.874651e+01 3.941955e+01 1.484635e+01 4.331971e+01
-1.389218e+01 -1.631279e+01 -4.538211e+01 1.517715e+01
7.859756e+00 7.670085e+01 3.860791e+01 4.595270e+01
9.419335e+01 2.728621e+00 2.209077e+01 7.483120e+01
-1.725816e+01 -3.501661e+01 -2.861528e+01 -2.365949e+01
2.436232e+01 -9.405422e+00 2.294305e+01 -7.986144e+00
7.762899e+01 4.552473e+00 1.768165e+01 6.449981e+01
-1.219611e+01 -3.406711e+01 -8.517029e+00 -3.774619e+01
-6.873276e+01 -2.380880e+01 -3.521556e+01 -5.732600e+01
2.108957e+01 1.242610e+01 -7.745092e+00 4.126076e+01
6.917658e+01 6.345084e+01 3.623537e+01 9.639206e+01
-3.419767e+01 -1.720392e+01 -4.053373e+00 -4.734822e+01
-3.625639e+01 1.412030e+01 -2.023566e+01 -1.900435e+00
-9.738800e+01 -3.106870e+00 9.029633e+00 -1.095245e+02
1.133818e+01 -1.760991e+01 -2.011370e+01 1.384197e+01
4.573109e+01 -4.493455e+01 -2.054657e+01 2.134311e+01
1.257068e+00 6.633042e+00 1.124287e+01 -3.352760e+00
1.257068e+00 0.000000e+00 7.440621e-01 5.130062e-01
1.257068e+00 0.000000e+00 7.440621e-01 5.130062e-01
1.257068e+00 0.000000e+00 7.440621e-01 5.130062e-01
1.257068e+00 0.000000e+00 7.440621e-01 5.130062e-01
1.257068e+00 0.000000e+00 7.440621e-01 5.130062e-01
1.257068e+00 0.000000e+00 7.440621e-01 5.130062e-01
1.257068e+00 0.000000e+00 7.440621e-01 5.130062e-01
1.257068e+00 0.000000e+00 7.440621e-01 5.130062e-01
