1.811810e+01 5.152045e+00 2.308741e+01 1.827284e-01
5.010343e+01 5.152045e+00 1.633663e+01 3.891884e+01
2.920340e+01 2.486421e+01 3.193180e+01 2.213581e+01
-2.321806e+01 -4.704040e+00 6.733074e+00 -3.465518e+01
2.404634e+01 1.500813e+01 2.035555e+01 1.869892e+01
4.213306e+01 -1.456013e+01 9.235074e+00 1.833786e+01
-3.011554e+01 -4.412838e+01 -3.987796e+01 -3.436596e+01
5.748490e+01 4.457638e+01 4.319247e+01 5.886881e+01
7.130012e-01 -3.427230e+01 -3.470528e+01 1.145981e+00
3.619922e+01 3.472030e+01 3.105457e+01 3.986495e+01
1.750956e+01 2.486421e+01 4.008102e+01 2.292752e+00
-3.955949e+01 -1.456013e+01 -1.209053e+00 -5.291057e+01
2.673446e+01 2.486421e+01 2.340381e+01 2.819486e+01
-1.992582e+01 -1.456013e+01 -3.755618e+00 -3.073033e+01
4.555267e+01 4.457638e+01 4.488981e+01 4.523924e+01
1.667728e+01 -2.441621e+01 -1.938096e+01 1.164203e+01
5.943009e+01 3.472030e+01 4.367801e+01 5.047238e+01
3.598532e+01 2.486421e+01 2.373472e+01 3.711481e+01
1.132883e+01 1.500813e+01 1.767438e+01 8.662573e+00
2.563987e+00 -4.412838e+01 -4.002790e+01 -1.536501e+00
8.975382e+00 -4.704040e+00 -2.586594e+00 6.857936e+00
-2.327161e+00 -1.456013e+01 -9.341555e+00 -7.545735e+00
-3.949643e+00 5.152045e+00 1.351344e+01 -1.231104e+01
-4.467129e+01 -2.441621e+01 -2.036410e+01 -4.872340e+01
-4.999805e+01 -2.441621e+01 -1.729230e+01 -5.712197e+01
3.643493e+01 4.457638e+01 4.558552e+01 3.542579e+01
4.225573e+01 5.152045e+00 2.314226e+01 2.426551e+01
5.494998e+01 1.500813e+01 2.978944e+01 4.016866e+01
-1.270433e+01 3.472030e+01 4.669798e+01 -2.468201e+01
9.324174e+01 4.457638e+01 6.226577e+01 7.555235e+01
-6.782288e+01 -1.456013e+01 -1.087401e+01 -7.150899e+01
5.192982e+00 5.152045e+00 9.106455e+00 1.238571e+00
-4.397641e+00 -3.427230e+01 -3.304172e+01 -5.628221e+00
-8.520695e+00 -2.441621e+01 -1.817658e+01 -1.476033e+01
-2.975748e+01 -4.412838e+01 -4.134936e+01 -3.253650e+01
1.600174e+01 3.472030e+01 4.160100e+01 9.121040e+00
-9.974007e+00 -4.412838e+01 -2.697120e+01 -2.713119e+01
-2.869638e+01 -3.427230e+01 -1.377332e+01 -4.919536e+01
-3.620500e+01 -4.704040e+00 -1.002695e+00 -3.990634e+01
9.668095e+01 3.472030e+01 4.945580e+01 8.194545e+01
-5.013802e+01 -3.427230e+01 -2.730869e+01 -5.710163e+01
9.679938e+00 -4.704040e+00 3.206595e+00 1.769302e+00
-9.127887e+01 -3.427230e+01 -3.244527e+01 -9.310590e+01
1.400903e+01 1.500813e+01 2.047615e+01 8.541003e+00
1.400903e+01 0.000000e+00 7.426015e+00 6.583015e+00
1.400903e+01 0.000000e+00 7.426015e+00 6.583015e+00
1.400903e+01 0.000000e+00 7.426015e+00 6.583015e+00
1.400903e+01 0.000000e+00 7.426015e+00 6.583015e+00
1.400903e+01 0.000000e+00 7.426015e+00 6.583015e+00
1.400903e+01 0.000000e+00 7.426015e+00 6.583015e+00
1.400903e+01 0.000000e+00 7.426015e+00 6.583015e+00
1.400903e+01 0.000000e+00 7.426015e+00 6.583015e+00
