-0.7217828173  
-1.226355752  
-0.3138867144  
-1.42280962  
1.498880985  
4.584937796  
-1.147490611  
0.06853810958  
1.192117306  
-0.004662992309  
-0.649507979  
-0.6983513175  
-0.7084385862  
-0.6414957834  
-0.5034354426  
-1.36947125  
-2.139188427  
-0.7420643034  
-0.3379032128  
-0.781242708  
-0.7949989309  
-1.022053896  
-0.6565213021  
-0.9149567481  
-0.4027922239  
-1.781777206  
-1.530123109  
0.5364576831  
-1.260995426  
0.1044858041  
-0.2968592814  
-0.1672898841  
-0.4318341402  
-0.5117913144  
-0.1564859495  
-0.6517918711  
-0.6086192898  
-0.1783717213  
0.2204304842  
0.3164141986  
0.4596172803  
-0.3661211684  
0.1606143069  
-0.9474688394  
-0.5717174135  
-0.6134839513  
0.6742338905  
2.279733313  
-0.04384286206  
0.518733697  
-0.1553695331  
0.01727804796  
0.09888620658  
0.0197121853  
-0.2430531417  
-0.08552548803  
-0.167861429  
-0.1018181893  
0.04140817835  
-0.1760517991  
-0.2723998216  
-0.483827063  
0.7408416195  
-0.6640111336  
1.473522404  
2.003300809  
-0.921180673  
0.5275558995  
-0.2211847689  
0.08305831959  
-0.3835726317  
-0.4947898744  
0.7922382833  
2.964030691  
-0.5162794116  
0.1556097883  
-1.055505004  
0.2277296461  
-0.1441479898  
-0.08653412315  
-0.5097465792  
0.1297384763  
-0.6714373544  
0.184853788  
-0.9285706688  
1.170736979  
0.9474569294  
-0.2292171285  
-0.1408036512  
-0.8741999074  
1.266633495  
0.8283583149  
-0.4382473279  
0.8845505279  
-0.1770342741  
-0.01199457174  
-0.548958634  
-0.2695305597  
-0.7346045918  
0.3190468075  
1.831435937  
-0.1514579766  
0.4453348808  
-0.2067915873  
-0.1199821094  
-0.2067645017  
0.08167876459  
0.6680426336  
-0.296865997  
0.2878015058  
-0.06968148104  
-0.5614313388  
-0.5099093211  
-0.4899854467  
-0.8118664132  
0.9918408322  
2.711818586  
-0.1536718034  
0.5649351324  
0.7564653837  
0.5090500141  
-0.7195539487  
-0.2184457823  
-0.4989102631  
-0.458569602  
-0.322921438  
-0.7182833148  
-0.2917819966  
-0.3561094889  
-0.0906482171  
0.1677292179  
0.261355846  
-0.1666839232  
-0.1428043989  
-0.2882422441  
0.05152826709  
-0.007451213778  
-0.432871486  
-0.3844502564  
-0.2942897564  
-0.2049561029  
0.08799465937  
0.01763635451  
0.3139022711  
-0.0901318353  
0.04344847657  
0.2883787136  
-0.07594342957  
0.2748877607  
0.1913903763  
0.7611503799  
0.2912384552  
-0.3833550339  
0.05455271447  
-0.01622175598  
-0.6081065445  
-1.07166431  
-0.2376419927  
-0.5776743607  
-0.3843058135  
-0.3720170156  
-0.2377819309  
-0.4034064805  
-0.3972447321  
-0.6788957854  
-0.3607871326  
-0.2579199018  
-0.5703112437  
0.3511965688  
-0.539587848  
-0.02621680547  
-0.4679363981  
-0.7331917483  
0.07360163481  
0.02765724923  
-0.2332712292  
-0.3666551563  
-0.5377606798  
0.417217364  
-0.799886304  
0.7540284924  
1.740192258  
-0.3182905403  
0.7242954304  
-0.1715558719  
0.251818711  
0.1858844925  
-0.00745800216  
-0.6913201369  
-0.1272093469  
0.7145421687  
1.024627322  
-0.8442678743  
-0.3551229474  
-0.09211728439  
-0.10478937  
-0.1813193526  
-0.3723043911  
0.1564304761  
-0.2386584923  
0.6174987155  
3.16881255  
-0.3211446047  
1.834702724  
3.695946546  
0.07011899999  
0.2018082812  
-0.3975332733  
0.5578302289  
0.006342375494  
0.122204411  
-0.1570345296  
-0.4684788973  
-0.3107697556  
-0.09046057054  
0.3234553006  
-0.0004298764192  
-0.17375299  
-0.2554359527  
0.1559799415  
0.5529506721  
2.811295182  
-1.782009085  
1.844278758  
4.059125126  
0.369010575  
0.2063085325  
-0.002442336747  
-0.7334064775  
-0.03129693266  
-0.852820737  
0.009595533985  
-0.9299547639  
1.499780939  
3.627280508  
-0.2313332053  
0.2486378704  
-0.4410106239  
-0.407435325  
-0.02797930564  
-0.3811267082  
1.286744357  
-0.7535288198  
0.4951349538  
-1.291950445  
0.2337357068  
-0.4949985791  
-0.9532705057  
-2.021933942  
-2.091757323  
-1.393572954  
-0.3414236451  
-1.420150838  
0.79757328  
3.571144488  
-0.7017633389  
-0.6565651863  
-1.177482103  
-0.4212460045  
-0.4459371995  
-0.9324745694  
-0.1492989272  
0.7905814  
1.386664635  
5.264988015  
