6446.25906  
6549.41365  
6463.586555  
6333.995133  
6401.97054  
6254.936329  
6329.650029  
6289.787626  
6345.650945  
6355.038736  
6314.136761  
6135.045413  
6236.45851  
6324.314376  
6262.477175  
6274.668097  
6229.840502  
6285.995097  
6344.199736  
6307.736871  
6298.177498  
6302.3673  
6316.258342  
6359.452162  
6332.288882  
6244.145466  
6328.328648  
6060.159759  
6193.729566  
6415.46844  
6171.172427  
6329.239807  
6214.625626  
6323.365747  
6225.415327  
6357.76908  
6213.618619  
6347.012729  
6381.268648  
6282.774677  
6289.655004  
6279.35673  
6252.707606  
6359.448262  
6267.877343  
6388.243211  
6282.569068  
6431.436978  
6107.521667  
6367.315829  
6477.913554  
6344.367683  
6267.42528  
6328.071993  
6145.621284  
6224.221196  
6400.947761  
6312.654071  
6384.348734  
6297.715827  
6247.098421  
6262.728014  
6451.582959  
6272.946617  
6285.254857  
6367.502668  
6104.673926  
6111.222395  
6390.651821  
6300.605415  
6362.78544  
6308.3854  
6381.804557  
6308.952543  
6412.862755  
6354.932325  
6384.880012  
6362.696623  
6382.896792  
6330.316418  
6434.877344  
6360.40277  
6405.751797  
6426.114196  
6340.85715  
6268.281202  
6363.79237  
6330.759494  
6343.070997  
6394.330017  
6284.418326  
6328.065889  
6535.721272  
6360.107755  
6330.96712  
6390.006606  
6360.997513  
6298.543419  
6335.946018  
6283.397301  
6387.904881  
6315.962187  
6353.111952  
6358.403377  
6316.107243  
6376.188349  
6398.118263  
6388.111451  
6452.722078  
6333.13078  
6400.675637  
6361.220589  
6402.479094  
6485.092827  
6325.451982  
6354.152768  
6309.337467  
6340.822714  
5967.545523  
6579.492089  
6438.752079  
6345.230765  
6314.471931  
6335.063749  
6364.509535  
6346.506261  
6403.231731  
6362.223056  
6383.37445  
6304.506297  
6356.83067  
6438.136754  
6304.78975  
6392.222082  
6402.804368  
6286.596157  
6293.552178  
6379.104927  
6335.367378  
6423.021427  
6362.486471  
6375.500963  
6345.004245  
6318.162419  
6345.768757  
6370.016882  
6270.180257  
6305.972651  
6451.020002  
6331.485281  
6356.094158  
6280.751375  
6363.527769  
6360.220021  
6363.507133  
6299.370074  
6398.590423  
6330.1784  
6378.20037  
6306.54836  
6407.21616  
6314.824368  
6188.432015  
6371.369473  
6340.270418  
6321.598807  
6403.899325  
6326.48233  
6586.012206  
6432.440651  
6377.272868  
6330.338955  
6416.417401  
6425.418993  
6477.614233  
6331.904038  
6320.322746  
6438.746391  
6363.591294  
6414.547846  
6348.979751  
6406.465666  
6375.593007  
6326.969997  
6361.605823  
6358.330523  
6322.714076  
6448.837811  
6432.725289  
6441.274867  
6358.675265  
6403.177084  
6466.537331  
6470.225879  
6526.235829  
6356.812454  
6340.665435  
6298.698751  
6417.0114  
6406.893924  
6414.78797  
6420.610772  
6375.392229  
6372.582982  
6413.049216  
6427.340467  
6492.041363  
6259.527996  
6250.851453  
6422.749489  
6362.408448  
6462.574227  
6154.753352  
6498.772166  
6368.070444  
6407.841965  
6384.196692  
6428.077128  
6412.626368  
6335.189961  
6358.496719  
6535.185293  
6392.065165  
6411.563048  
6502.567206  
