7247.117175  
7049.536099  
6845.821442  
6820.080669  
6687.39657  
6804.868681  
6818.600829  
6677.904374  
6879.94533  
6719.405296  
6876.387374  
6754.936163  
6821.202372  
6721.447437  
6828.694372  
6790.004535  
6901.738254  
6540.397852  
6857.167468  
6760.722843  
6787.115319  
6756.580373  
6809.963655  
6731.02356  
6920.484925  
6698.568429  
6782.741939  
6788.875855  
6849.705429  
6891.57285  
6829.173168  
6792.488921  
6772.246305  
6853.596702  
6745.254831  
6875.728236  
6789.396198  
6823.308856  
6799.883714  
6878.27422  
6804.294397  
6758.581399  
6784.253049  
6871.775788  
6736.094657  
6953.88963  
6798.987307  
6783.390359  
6890.748093  
6824.479123  
6786.196652  
6807.115358  
6918.907364  
6929.190953  
6841.326048  
6838.067049  
6841.520089  
6852.702941  
6811.104704  
6748.817337  
6743.775377  
6661.588314  
6766.772491  
6832.856659  
6860.601007  
6772.312798  
6750.037905  
6706.739773  
6768.9224  
6770.060838  
6882.244109  
6847.357199  
6854.146633  
6814.414055  
6823.932393  
6853.059337  
6846.151534  
6853.301166  
6890.22695  
6882.695097  
6860.507074  
6840.491692  
6769.447469  
6805.107261  
6797.381651  
6884.404467  
6948.324563  
6817.621322  
6829.218352  
6811.459683  
6871.47569  
6756.882985  
6816.773459  
6929.66247  
6852.182009  
6854.696991  
6920.739598  
6905.060592  
6813.391802  
6837.484441  
6758.958184  
6844.687123  
6901.695953  
6879.043765  
6888.524612  
6833.686243  
6960.337994  
6801.723239  
6789.283214  
6785.948193  
6779.356134  
6847.438227  
6741.812029  
6856.399295  
6798.206436  
6929.389257  
6865.456861  
6811.880097  
6878.067825  
6879.897944  
6817.442313  
6864.943757  
6854.29374  
6896.308039  
6867.902644  
7000.980678  
6573.2764  
6768.49023  
6978.310035  
6694.688069  
6729.960816  
6782.218257  
6650.007933  
6671.391572  
6823.12219  
6738.846214  
6896.672814  
6516.955157  
6826.33771  
6732.10411  
6780.446616  
6890.451218  
6763.42779  
6782.957294  
6787.157677  
6743.99623  
6825.110555  
6791.304815  
6840.766194  
6701.906339  
6853.638625  
6778.334838  
6859.639369  
6781.828112  
6855.727752  
6762.137796  
6735.443841  
6781.605344  
6818.767459  
6767.280077  
6781.398247  
6802.452172  
6671.878085  
6813.594613  
6752.672662  
6752.004168  
6697.314161  
6822.494043  
6804.678501  
6752.528852  
6686.422892  
6776.351393  
6588.593879  
6819.212867  
6635.058587  
6789.70184  
6623.592641  
6686.068718  
6885.87383  
6756.34816  
6796.581478  
6767.634152  
6781.249955  
6797.519341  
6762.284293  
6783.490556  
6735.382598  
6811.761786  
6653.575644  
6711.43976  
6749.849633  
6722.540723  
6724.76362  
6754.099486  
6647.355877  
6736.331341  
6742.745729  
6753.279855  
6733.447199  
6727.006713  
6755.921761  
6702.900906  
6792.434106  
6743.372267  
6742.863401  
6856.026759  
6820.695997  
7534.54837  
6484.96433  
6617.703477  
7004.525324  
6719.918682  
6802.33241  
6655.002811  
6787.928039  
6726.228439  
6744.407527  
6732.621051  
6762.317755  
6716.455693  
6791.567276  
6768.285263  
6815.834176  
6763.989656  
6815.970547  
6792.198713  
6825.733681  
6866.853738  
6908.491726  
6858.277294  
6854.808989  
6908.332129  
6833.161472  
6800.366989  
7123.64361  
7017.825972  
6757.95125  
