0.7103647075  
0.446229905  
0.1336738394  
0.3343539472  
0.5501294329  
0.7403220543  
-1.055591731  
0.6613083454  
0.1916947846  
0.509815821  
0.4523508228  
0.48375814  
0.5646887816  
0.3286234976  
0.5621507026  
0.5523278194  
0.3064404692  
0.2920038123  
0.1730227624  
-0.08600262094  
0.5648267092  
-1.394463028  
0.1775464429  
0.2675800404  
0.5270711053  
0.3738982274  
0.4833607623  
0.4025151246  
-2.526180394  
0.05267354137  
0.8341121359  
0.4586608755  
0.5989920689  
0.5147424827  
0.264960655  
0.9894690258  
0.6976042324  
0.2392873429  
0.6966023569  
0.5886084438  
0.5428364826  
0.2228821079  
0.4452281248  
0.5529928812  
0.8017041175  
-4.228130629  
-1.109913702  
0.02367471434  
0.4054753121  
0.4622698885  
0.5994800922  
0.6446211098  
0.7878194081  
0.5505689421  
-0.4351750588  
0.3836497756  
0.6107144037  
0.8852234792  
-2.745705162  
-0.2487269812  
0.2349893794  
0.4103675455  
0.5079177676  
0.5415352356  
0.1134529147  
0.8219680012  
-3.177286512  
-0.9062990549  
0.009400484144  
-1.317324268  
-0.1566978574  
-0.03719237278  
0.2184040555  
0.3765722697  
0.5512758967  
0.4121128854  
-1.229468727  
-0.2207230889  
-0.0410003237  
0.2399205468  
0.1807091847  
0.1564580774  
0.128420358  
0.4472755078  
0.213208193  
0.2702851552  
0.4403837571  
-1.609600775  
0.4613838575  
0.3355086057  
0.260083892  
0.48702447  
0.5933688741  
0.4860810872  
0.437953926  
0.3996875044  
0.3233640497  
0.2807897321  
0.2775223696  
0.1171801743  
0.5451154951  
0.0837578558  
0.8511828025  
0.02449810527  
-0.1100744223  
-0.994909391  
-0.09080236078  
0.1378378677  
0.2979505643  
-1.044320757  
-0.343954502  
0.004381120374  
0.2519288746  
0.248265326  
0.4603184774  
-4.420056099  
-1.126716016  
-0.1647173324  
0.1402366355  
0.1381820388  
-0.5535467445  
-0.1277518533  
0.161681932  
0.1562411541  
0.2795643834  
0.2160772593  
0.1478059029  
0.5355617504  
0.3071007776  
0.5449520709  
0.3215276361  
0.09218920117  
0.4133260819  
-3.659083851  
-3.458987927  
-1.316848544  
0.1124376771  
-0.1575523804  
0.0326647922  
0.406216156  
0.3385080814  
0.3486727236  
0.3024722295  
0.5033421454  
0.6007215145  
0.4937340745  
-0.1447602647  
0.5237050443  
0.4820911675  
0.4939057528  
0.7523787292  
0.4778220886  
0.5951418989  
-0.497796364  
0.3923546542  
0.5799453066  
0.4384426039  
0.5376166721  
0.3865093942  
0.5028397603  
0.4260413563  
0.5240376491  
0.4122810339  
0.1835809678  
0.3822213702  
0.4368077154  
0.8261916336  
0.7507832204  
0.07958718444  
0.6450759438  
0.3549850183  
-0.009560339235  
0.8286709027  
0.06036738145  
-0.6587193688  
-1.937405763  
-0.2748863431  
0.0439150832  
0.222423328  
0.358553282  
-0.7582922852  
-0.2060877777  
0.002099431536  
0.5381107886  
0.6238681411  
-4.722094701  
-1.838619377  
-0.1037096843  
0.2236127195  
-1.641387704  
0.4832332572  
0.3072461643  
-1.325834084  
0.03844314618  
0.5794318698  
-1.555313832  
-0.0326911674  
0.1006951529  
0.1651016843  
-5.258635588  
0.01570704955  
0.8308461948  
-3.928239677  
-1.878977723  
-0.1032027619  
-0.3872270742  
0.1638669037  
0.4840040734  
0.5000946021  
0.535449526  
0.6183925254  
-0.6197735526  
-0.04451789765  
0.661964083  
-0.241971985  
0.4615944244  
0.3795197126  
0.7142808918  
-0.07005573265  
0.748716162  
0.6650134078  
0.5130478403  
0.6063388918  
-0.5331786212  
0.330818826  
