7790.555884  
7252.162035  
6920.726875  
7104.781876  
7001.836306  
6991.633682  
6977.079843  
6949.544125  
6962.050185  
6949.331364  
7032.059106  
6989.063969  
7079.706979  
6755.148645  
7152.396701  
6639.048886  
7030.791089  
6993.148161  
6974.875035  
6847.200468  
7091.748224  
6949.074775  
6958.576468  
7053.46078  
6872.764824  
7107.346427  
7054.411161  
7043.10077  
7010.003453  
7005.236514  
7015.185257  
7082.781616  
7060.530447  
7058.417101  
6994.852945  
7052.066235  
7032.853657  
7094.970726  
7055.388459  
7084.68692  
6947.755754  
7088.849559  
7107.777024  
7008.72758  
7121.930721  
7075.59095  
7073.819252  
7068.072414  
7060.068365  
7181.294583  
6675.56123  
7290.720539  
7021.57559  
7105.58443  
6958.335884  
7085.778026  
7135.528589  
7120.926764  
7078.020796  
7034.022125  
7084.118411  
7061.728158  
7098.42074  
7134.184663  
7014.889553  
7152.176251  
7152.280694  
6962.048896  
7044.454565  
7135.140199  
7112.119131  
7013.043875  
7062.341667  
6907.820772  
7113.628076  
7034.270448  
6714.5267  
7153.754663  
7036.462868  
6885.260304  
6666.634911  
7204.764302  
7077.188914  
7109.295403  
6984.082383  
7030.223956  
7066.024294  
6933.677296  
7064.710071  
6949.595814  
6997.973592  
7059.58565  
6932.956595  
7066.860893  
6903.719303  
6981.284091  
7143.245554  
6929.157706  
6879.505927  
6977.402213  
6969.908783  
7045.865448  
6848.707023  
7127.609999  
7022.368164  
6892.037837  
7236.034764  
6993.357246  
7060.496848  
6950.121799  
6980.595555  
6969.55182  
7012.294155  
6912.931692  
6987.794679  
7042.982133  
7086.742424  
6889.837699  
6963.059579  
6952.162998  
7078.414411  
7051.543192  
6956.106445  
7013.896194  
6922.795777  
6986.262529  
7202.404365  
6925.687602  
7096.720621  
6601.433452  
6934.196279  
7131.86147  
6955.973496  
7066.406036  
6875.951497  
7135.785488  
7060.680095  
6989.58497  
7080.514687  
7044.26239  
6792.575879  
7112.850563  
6873.838775  
7025.061697  
7157.032752  
7013.87082  
7109.32961  
6973.872451  
7076.719566  
7132.660929  
6958.951749  
7097.038578  
7045.513796  
7087.906005  
6791.791065  
7010.070182  
7222.731737  
7004.417806  
7214.024319  
7005.550684  
7073.840003  
7033.115005  
7113.266085  
7038.889959  
7109.439584  
7248.474191  
7183.757146  
7079.17533  
7176.514753  
7061.623766  
7207.72647  
7095.822105  
7082.323886  
7085.762692  
7113.6955  
7123.900292  
7142.970915  
7149.640623  
6955.555955  
7119.029085  
7036.33754  
7182.157404  
6891.072296  
7081.330814  
7202.054966  
7075.293194  
7205.91184  
7173.069814  
7220.780488  
7104.720729  
7155.999921  
7144.147256  
7230.29808  
7565.258299  
7525.082892  
7485.720057  
6764.887101  
7380.956307  
7320.930039  
7134.667889  
7161.573354  
7080.214775  
7241.210432  
7159.013638  
7220.147282  
7140.340049  
7139.468978  
7057.30577  
7110.504739  
7100.850608  
7250.307564  
7236.784304  
7116.016221  
7157.794033  
7106.619098  
7100.18961  
7078.860704  
7002.645578  
7106.618722  
7001.267152  
7072.596691  
7012.140277  
7120.681901  
6809.212197  
6847.620339  
7221.429133  
6934.66462  
7074.073376  
7083.972101  
7092.984963  
7112.830239  
7051.39447  
7033.869488  
7272.443246  
7456.688325  
7107.025503  
7070.471526  
6993.599631  
7289.308752  
6499.386308  
6966.553587  
7308.279458  
7025.531858  
6954.194202  
7144.599655  
7152.377169  
7116.637963  
7463.006109  
7116.333961  
7203.708683  
7311.038845  
7016.815549  
7321.214441  
7393.676047  
7263.719865  
7325.735109  
7410.148553  
7384.13232  
7427.40733  
7362.91145  
7247.952429  
7196.759821  
7178.074448  
7133.62255  
6989.542977  
7185.811723  
7107.857334  
7274.95719  
7348.617296  
7625.129326  
7186.931712  
7241.349867  
7182.958816  
7232.163891  
7124.302643  
7069.376048  
7116.342615  
7075.666086  
7164.946009  
7103.969236  
6996.342742  
7142.749237  
7018.223794  
7118.243483  
7108.992835  
7153.29488  
7134.642535  
7282.598117  
7155.590927  
7198.919128  
7074.338577  
7206.838616  
7137.873398  
