7176.728903  
7210.180234  
6845.984303  
7104.679452  
7027.558339  
7002.680281  
6927.440072  
6887.137481  
7169.465449  
6847.318562  
7056.131859  
6931.495302  
7029.159804  
6895.394642  
7004.101878  
6895.040088  
6981.562305  
7021.419581  
6937.18523  
6897.556718  
6900.513454  
6948.696034  
6812.429931  
6932.614806  
6938.982328  
6917.740357  
6886.189111  
6910.993841  
6883.649788  
6851.340628  
6874.863456  
6946.120014  
6864.466892  
6855.614186  
6833.036187  
7090.814438  
6831.326413  
6861.765154  
7015.85194  
6999.9017  
6913.613507  
7052.432907  
6876.784528  
6974.346009  
6985.161707  
6971.418976  
7039.594818  
7011.208148  
6987.800585  
6997.905515  
7057.232113  
7032.364505  
7044.311944  
7034.495191  
6980.771185  
7009.063523  
6958.189692  
6945.461626  
6984.014312  
6941.855204  
7042.029361  
6900.317846  
6949.293313  
6969.414053  
7008.010408  
6988.668572  
7012.276976  
7153.312617  
7013.158921  
7022.773072  
7018.785958  
7053.496485  
7158.799916  
6947.4316  
6942.607916  
7016.300748  
7139.871987  
6829.241158  
7187.563788  
7053.369016  
6940.016212  
7064.078158  
7077.394782  
6950.524542  
7041.41634  
6772.651206  
6839.419426  
7174.053337  
6970.978854  
7024.12309  
7053.571565  
7172.509478  
7082.049054  
7175.076755  
7050.536263  
7095.096726  
7241.106202  
7075.976675  
6916.240137  
7090.377832  
7047.155164  
6908.545309  
7074.602193  
8182.001552  
7381.13588  
6919.203866  
7000.851749  
6949.600695  
7105.956103  
7005.898982  
6902.460716  
7157.682191  
7046.552637  
7154.437302  
7049.500624  
7182.310492  
7208.804018  
7182.102691  
7330.127552  
7170.415516  
7107.80558  
7137.702892  
7084.520255  
7075.847434  
7033.738978  
6985.025482  
7064.409995  
7032.128776  
7018.68465  
7048.215229  
7167.167138  
7096.947913  
7106.918395  
6928.143907  
7066.544134  
7119.091083  
7124.601094  
6773.410927  
7126.399947  
6996.918747  
6938.73256  
7020.453814  
6975.269868  
7081.280616  
7097.620329  
7288.958698  
7221.243907  
7129.987147  
7117.07048  
7137.540486  
7096.406573  
7081.79059  
7034.613966  
7039.779939  
7062.101199  
7197.172727  
6907.583029  
7146.487528  
7085.456354  
7018.178192  
7055.690009  
7093.053365  
7296.19248  
7111.087118  
7110.510795  
7024.346615  
7101.759375  
7025.509746  
7058.575133  
7049.989635  
7171.08264  
7081.51986  
7086.822077  
7114.180075  
7144.86505  
6678.689165  
7255.998113  
7274.863194  
7090.819682  
7075.126175  
7020.799602  
7088.82176  
7028.581738  
7214.958514  
7171.185703  
6973.996724  
7174.790346  
6954.179849  
7075.241405  
7107.201298  
6950.61361  
7209.364649  
7072.691624  
7099.915142  
7113.856988  
7164.886262  
7133.099277  
7105.465332  
7030.38056  
7068.784826  
7131.513507  
7112.856286  
7102.122652  
7074.35422  
7121.228728  
7083.315212  
7127.412854  
7071.80794  
7012.383526  
7092.325112  
7002.725675  
7144.830142  
7096.640569  
7121.970958  
7146.382715  
7218.910681  
7217.165981  
7185.73006  
7160.556833  
7153.625196  
7131.95536  
7077.195682  
7207.922071  
7125.435876  
7108.362694  
7115.461984  
7105.784946  
7223.788489  
7128.710469  
7238.952843  
7303.436708  
7254.693534  
7265.926645  
7382.024836  
7281.370417  
7215.83171  
7085.477319  
