1.945167974  
0.1253625606  
0.5574173893  
0.01156275804  
-0.733896478  
-0.9876172541  
-1.315127512  
-0.6054772235  
-0.674563188  
0.0433955479  
-0.2171554308  
-0.571772504  
-0.09462828838  
0.01565454553  
-0.4808031421  
-0.1949199281  
2.269092274  
0.07388563616  
-0.483769422  
-0.5419835829  
-0.704732568  
-0.3351578551  
-0.3830097285  
0.4268780507  
0.4588003553  
-0.1682508795  
0.09750550305  
-0.3480884269  
-0.5028609593  
3.923400874  
0.5648370365  
-0.06516834788  
-0.174179577  
-0.1474243973  
-0.1696316532  
-0.1688344468  
4.157134788  
0.4734103877  
-0.023317172  
1.710041799  
0.89610131  
0.6515764942  
-0.2298604039  
0.07308108804  
-0.6864344823  
0.1489516186  
-0.02330246506  
-0.4974597693  
-0.1804894793  
0.04686448918  
0.4173776351  
-0.09716943535  
0.5765374767  
0.6340938175  
0.2845585544  
-0.3049000424  
-0.02352692983  
-0.2724890605  
-0.3847711726  
-0.6420589058  
0.1160601732  
0.05269992067  
-0.05376227614  
-0.4576338395  
0.03071010702  
0.4268920624  
0.02120680265  
0.02843959693  
0.25701211  
-0.1340910141  
-0.8406020575  
-0.1913016056  
-0.486113828  
-0.1566589462  
-0.4649267364  
4.912067476  
1.453033845  
0.06269001993  
0.8875972577  
1.196066431  
0.4783008597  
0.7888097074  
-0.2662360851  
-0.09935806103  
4.225185207  
0.3550472785  
-0.3481849106  
1.136270518  
0.18490981  
-0.3722403131  
-0.3172901658  
-0.6347422749  
-1.1026077  
0.2343925446  
0.2652927419  
0.07205483263  
-0.2995826856  
0.1629854519  
-0.4793505353  
0.1130734219  
-0.3838619275  
-0.1725582716  
0.2297611937  
-0.2254473076  
-0.1455291539  
0.2077258521  
-0.241083338  
-0.1846636735  
0.03435377719  
-0.03482358752  
-0.4641182957  
0.06601923734  
1.57230535  
0.4316146148  
0.4774533917  
0.05764795806  
0.04182962693  
0.184324649  
-0.03811448933  
-0.1987229998  
0.02948216524  
0.3475701251  
-0.5455511417  
-0.4921053137  
-0.8805623183  
-0.2204337843  
-0.866809063  
0.3068831652  
-0.5810032807  
-0.2354223693  
1.01487054  
0.1189781337  
0.6503051477  
-0.005842495268  
-0.2256933151  
-0.1213540427  
-0.2341510768  
0.3371636576  
-0.09683318462  
0.1790988844  
-0.295609531  
0.5385043509  
-0.3197221774  
-0.08162356355  
3.617261577  
0.4200735252  
0.009931095833  
0.2225167584  
0.1301243002  
0.01591151641  
-0.1790869702  
-0.7591038986  
-0.5115357131  
-0.4020915563  
-0.301366897  
-0.5327131838  
-0.03683903951  
-0.7178993681  
-1.612057551  
-0.6110922151  
-0.9082074705  
-0.4788249064  
-0.584133001  
1.077652172  
-0.8689323633  
-0.5737866441  
-0.08734369667  
-0.210097083  
0.243641122  
3.067380575  
0.2961026228  
1.253296752  
-0.4896901513  
-0.5859379935  
-0.9939845734  
-2.016479334  
-0.9695726592  
-0.9648195471  
0.07140691474  
-0.5636497761  
-0.5665959539  
-0.3791736926  
-0.5110569528  
-0.2541474113  
-0.5039012972  
4.601958355  
0.3623315423  
-0.2452895698  
-0.7350551132  
-1.39304609  
-0.9527721176  
-0.6537966779  
-0.5660057936  
-0.4805206285  
-1.107858296  
-1.005461493  
-0.6666580889  
-0.9873231609  
-1.042766677  
-0.9484415276  
0.7542794636  
-0.4648965115  
-0.4024174486  
-0.7107918057  
-0.8302417563  
-0.03257462192  
-0.155870832  
-0.6922499825  
0.6455386133  
1.821187774  
-0.57397867  
-0.5613368742  
2.075320226  
-0.3391965672  
-0.4846562244  
-0.5277017429  
-0.809588761  
0.6653000921  
-0.8308357804  
-0.5896997212  
-0.4431596615  
0.3380834122  
0.3633901475  
-0.534221233  
-0.51937861  
-0.675258523  
-0.3098453059  
-0.9242891525  
-0.1108305304  
-0.8755928824  
0.2023351499  
-0.08819330283  
-0.4745356515  
-0.3310326706  
-0.1621532427  
4.341302163  
0.5246940616  
-0.3283546029  
-0.4910306735  
-0.6129297492  
-0.3023354935  
3.950201566  
-0.1886232383  
-0.1319859902  
-0.502261211  
-0.5314245409  
-0.5366489032  
-0.4660572073  
-0.8089687017  
-0.4898035227  
-0.8364174659  
-0.6121702352  
3.776505929  
0.4166301368  
-0.2273082028  
0.8128006499  
0.05553914794  
-0.1849945095  
-0.3311091354  
-0.283401393  
-0.5679317129  
-0.4369213818  
-1.089475468  
-0.462359889  
-0.7347650445  
