7270.383747  
7070.035548  
6999.735601  
6660.751409  
7073.415237  
6943.914652  
6869.19673  
6861.952668  
6874.718333  
6863.879184  
7005.062411  
7002.894509  
6860.005036  
6941.909799  
6948.159791  
6968.681379  
7065.492771  
6964.002523  
6931.463638  
6938.329568  
7067.104528  
7091.562986  
6800.1693  
6975.670255  
6877.524887  
6886.936788  
6915.673687  
6909.003608  
6902.96805  
6915.860597  
6834.622463  
6851.058754  
7020.404637  
6920.602563  
6918.952402  
6940.11187  
6953.922951  
6921.363489  
6938.830559  
6880.599417  
6876.013179  
6908.399366  
6947.769932  
6911.765962  
6697.836373  
7053.086151  
6869.773382  
6939.636765  
6805.890507  
6859.789203  
7068.703535  
6452.886158  
7083.045917  
6887.390728  
6994.910576  
6902.955934  
7058.669372  
6836.350018  
6965.437739  
6925.669822  
6912.482195  
6892.228275  
6914.625419  
6977.349972  
7055.699997  
7084.572991  
6958.636367  
7006.033521  
6963.177633  
6989.123458  
7034.510266  
6932.621621  
6953.926292  
6914.113075  
7017.724755  
6936.865881  
6913.291201  
7068.385061  
6951.746359  
6955.755524  
6973.640445  
6944.867459  
6922.758084  
6920.441698  
6971.562323  
6948.584054  
6979.795823  
6982.499173  
7051.813252  
6966.580384  
6942.708622  
6877.1926  
6997.956226  
6980.199509  
6996.27515  
6952.128155  
7155.003699  
7042.467349  
6957.638125  
6948.985861  
7023.87819  
7088.36271  
6945.913868  
7010.899806  
6978.312566  
6894.067466  
6708.206373  
7078.358163  
7017.015872  
7017.975615  
6972.30028  
6939.403506  
6893.59106  
7014.581191  
6959.204842  
6948.798364  
7045.291345  
6789.708654  
6868.464822  
6918.711243  
6893.945101  
6923.426027  
6863.071406  
6974.732239  
6824.045046  
6973.397965  
6886.771141  
6675.758638  
6914.583613  
6885.094886  
6772.526894  
6952.562705  
7038.02356  
6691.177782  
6912.741008  
7075.409371  
6761.445665  
7077.08043  
7005.123856  
6958.828961  
6961.383474  
6827.495871  
7076.248106  
6949.26531  
7010.747869  
6881.702893  
6830.144332  
6976.419631  
7015.34206  
6950.633419  
6850.804974  
6951.703407  
6889.452531  
6923.932195  
7067.901878  
7020.279166  
7042.164113  
6948.823276  
6953.092149  
6988.556744  
7054.117767  
6956.128041  
7023.7842  
6891.899399  
7107.639206  
7127.711911  
7150.248508  
7196.222952  
7036.762611  
7019.831569  
6800.465904  
7073.102781  
7138.750703  
6986.43087  
7076.700909  
6947.754559  
7006.363039  
7071.881223  
7049.202694  
6981.19398  
7024.015101  
7114.254698  
6952.305676  
7052.100607  
6813.314114  
7049.071059  
7003.268961  
7016.544828  
7052.18887  
7078.370792  
7030.919717  
7055.726939  
7039.848342  
7021.790379  
7053.449103  
6923.62573  
7114.155705  
7086.82837  
7096.804094  
7056.364652  
7029.654121  
7164.844161  
7056.245376  
6984.488408  
7082.416281  
7119.429185  
7059.900912  
7114.200874  
7047.840895  
7123.100204  
7155.777958  
7188.05919  
7171.033532  
7122.264139  
7094.327505  
7058.946403  
7152.437358  
7062.399929  
7092.129506  
7049.22642  
7202.228758  
7170.346462  
7092.67869  
7138.447992  
6993.276919  
6823.594903  
7166.418466  
7047.302132  
7135.021394  
7051.578333  
7020.400167  
7197.036226  
7191.615689  
7145.660364  
7114.258682  
7228.538219  
7188.186275  
7191.638185  
7178.40949  
7102.907106  
7072.283065  
7180.943388  
7154.73695  
7010.845983  
7037.20147  
7000.700322  
7021.929318  
7087.153432  
6981.154875  
7182.088573  
7251.016413  
7026.320132  
7093.897245  
7079.426713  
7188.764011  
7113.957023  
7175.097377  
7015.257101  
7123.375881  
6824.370525  
7005.680935  
7059.051228  
7031.819072  
7069.688973  
6813.945819  
7039.6536  
7256.596935  
7126.604721  
7204.919159  
7069.715778  
7108.503497  
6968.419449  
7115.044276  
7104.273607  
7172.092496  
7068.996515  
7206.015858  
7200.982419  
7210.464177  
7088.912928  
7227.986967  
7170.817109  
6874.319553  
7168.872596  
6863.668322  
7098.687432  
7064.628469  
7056.882852  
6928.934614  
7042.951345  
7002.054283  
7151.170325  
7094.657927  
