0.3015628034  
-0.4852744784  
-0.4921677058  
0.9776847013  
-0.516931465  
0.02330175825  
-0.1605888564  
-0.464318123  
-0.4444597692  
-0.4024123448  
-0.4219367541  
-0.1048201231  
1.892172956  
1.772348115  
-0.01766880243  
-0.8244020365  
0.3217296171  
-0.3775776997  
-0.3476593014  
-0.3114172217  
-0.1704688668  
3.180098828  
0.4129305834  
0.6482882405  
0.1049694952  
-0.5553682103  
-0.3026123766  
-0.2659349251  
-0.2376377161  
-0.3642060907  
-0.4523267145  
-0.4668052615  
0.6575699806  
-0.1773140842  
-0.4320303123  
-0.3482449984  
-0.4361077752  
-0.9006340245  
-0.4081648668  
-0.4550936039  
3.464292226  
0.6405753083  
0.190774178  
-0.3881280919  
-0.1995942252  
0.3175677069  
-0.07422944402  
-0.1915162589  
-0.3375699255  
-0.6559025041  
0.1420354865  
0.7965861437  
0.1512410006  
0.0980891966  
-0.260436524  
-0.4577363251  
3.18847766  
0.2848327004  
0.5104907252  
0.06082424378  
-0.2733037  
-0.3610615277  
-0.8033719969  
-0.1191762233  
-0.09849391316  
0.1132165924  
2.493260948  
-0.7967435973  
-0.550911323  
-0.02317860664  
-0.1482467043  
-0.6308681835  
-0.7112788593  
-0.5887101121  
-0.1392352669  
-0.6743784571  
0.2163792138  
-0.5889890305  
-0.7447477479  
-0.9229179476  
-0.1664860416  
0.3992197501  
3.188301946  
0.1809717888  
-0.8367478431  
-0.5106050451  
2.164232101  
-0.3195177274  
-0.1557857599  
-0.3461009153  
-0.9580773422  
-0.8769514276  
-0.682159009  
-0.7239758627  
-0.05437606745  
-0.3125563111  
-1.053362907  
-0.9512778045  
-0.4309805612  
3.103210609  
-0.05078614536  
-0.4904582106  
-0.3196540497  
-0.3990807871  
3.163826316  
1.952992411  
0.001090570723  
-0.5739459608  
2.996467504  
3.03493793  
0.9545428655  
-0.5367664268  
-0.6247740954  
-0.3284897831  
-0.3905250586  
-0.834222408  
-0.2013032199  
-0.6973241688  
-0.9652849112  
-0.7723627494  
-0.4683490425  
-0.5670916555  
-0.6166694238  
-0.9571171486  
-0.6778904592  
-1.491771149  
-1.212407225  
-0.891423402  
-0.7812777386  
-0.1847291596  
-0.1768829612  
-0.8810483008  
-0.2028920615  
-0.6456726077  
-0.6696961783  
-0.1027286571  
0.8635096162  
-0.6845965158  
-0.2243985923  
3.109315876  
-0.1395057744  
-0.2395169766  
-1.127613142  
1.510792668  
-0.6793607382  
-0.2050969692  
-0.6862263257  
-0.6263460735  
-0.7602936086  
3.385686052  
0.2429437791  
-0.3326932375  
-0.3208797021  
-0.78072148  
-1.227991541  
-1.624513001  
-0.9421763618  
-0.9881515795  
-0.08389299064  
-0.234382069  
-0.9258405172  
-0.5084888506  
-1.019818242  
0.8664741261  
0.1337169131  
-0.5830351864  
-0.3167635442  
-0.6046892527  
-0.5834122759  
2.695718816  
-0.5405798269  
-0.3884428776  
-0.7203726144  
-0.2853070448  
-0.5720144845  
0.5795220668  
-0.6005775549  
-0.9457461267  
0.2454451556  
-0.5148669212  
-0.3399239977  
-0.7129746154  
-1.21404322  
-1.368140845  
-0.9210655462  
-0.6181443664  
-0.2803632923  
-1.299891732  
-0.6977890475  
-0.5674480046  
-0.417963714  
-0.3456264636  
0.5294029941  
2.121674468  
2.515256036  
0.9787680338  
0.4933193981  
0.6595966154  
0.6689942652  
-0.3988618718  
-0.9445800721  
-0.5462715046  
-0.5875901143  
-0.2736765999  
0.3150445552  
0.3100716326  
-0.6882112262  
-0.7013708768  
-0.01705337106  
0.5333126622  
-0.05256885251  
1.921837635  
-0.2183225928  
1.257913864  
-0.3321474132  
-0.4378461174  
-0.8472878064  
-0.4261231115  
-0.8759066138  
-0.2922112367  
-0.8701383753  
-0.6312465094  
1.569597516  
-0.4139118379  
-1.534068114  
-0.6122599979  
-0.5336470638  
-0.6856025882  
-0.6772989773  
-0.6026776859  
-0.6202698847  
-0.3989947849  
-0.6386225162  
0.6138159555  
0.3123003428  
-0.36314089  
-0.6699562228  
-0.5286426786  
-0.4680709751  
1.068991322  
-0.00344144328  
-0.6573800653  
-0.2840423258  
2.312042105  
0.0005265610595  
-0.315704458  
0.08741330727  
2.504745781  
1.442664437  
0.4192585924  
0.2808597422  
0.7941754868  
0.2958368797  
0.6828081034  
0.5218602598  
0.4267698666  
2.086012111  
1.431221977  
1.441832783  
0.9268004532  
0.3254976978  
0.4129571766  
-0.1487193427  
-0.3583092936  
-0.0591161106  
0.05642792592  
-0.7325773565  
1.021282241  
0.8412030495  
4.394729812  
1.049431492  
0.219743328  
0.3328482099  
0.1977704316  
0.01264799161  
-0.3490862092  
-0.4422520508  
-0.8055923847  
0.4700999863  
-0.643154813  
0.01951106728  
-0.07054663251  
-0.6619798201  
3.169956839  
0.2441866011  
-0.03982100781  
0.2595049224  
0.1773070379  
-0.1364577353  
-0.4158710034  
-0.3066140706  
-0.3144076648  
0.148185066  
