1.677931e+01 -5.413447e+01 5.064908e+01 -8.800423e+01
8.610205e+01 -1.709154e+01 1.816598e+01 5.084454e+01
5.594204e+01 -3.077513e+00 2.822327e+01 2.464127e+01
-1.157264e+02 -2.874238e+01 3.671944e+01 -1.811882e+02
7.221025e+01 1.284972e+01 1.343296e-01 8.492564e+01
9.404414e+01 -7.901234e+01 5.186178e+01 -3.682998e+01
-6.336194e+01 1.465932e+01 -2.835458e+01 -2.034804e+01
7.744607e+01 4.381217e+01 -2.735674e+00 1.239939e+02
1.691051e+01 4.580196e+01 -5.753721e+01 1.202497e+02
-3.118832e+01 5.873500e+01 -2.446593e+01 5.201261e+01
-4.258660e+01 -4.574198e+01 6.288514e+01 -1.512137e+02
3.479316e+01 -3.121792e+01 2.270562e+01 -1.913038e+01
-5.254567e-01 4.194263e+01 -8.875987e+00 5.029316e+01
-3.287725e+01 2.989576e+00 -3.441591e+01 4.528240e+00
-1.638569e+02 4.718459e+01 -2.269946e+01 -9.397282e+01
-1.257478e+01 5.213156e+00 -2.332642e+00 -5.028986e+00
3.953976e+01 -9.790755e-01 1.509076e+01 2.346993e+01
-5.783532e+01 4.746711e+01 -2.356045e+01 1.319223e+01
2.226571e+01 2.907455e+01 -1.612115e+01 6.746142e+01
-1.930017e+01 9.290886e+00 -1.534738e+01 5.338089e+00
6.423694e+01 3.122757e+01 -2.770693e+01 1.231714e+02
-8.955249e+01 9.900835e+00 -8.651632e+00 -7.100002e+01
-7.592707e+00 -1.112689e+01 2.570679e+01 -4.442638e+01
-6.820766e+01 1.387940e+01 -1.431780e+01 -4.001045e+01
-1.176821e+02 9.105329e+00 -2.632745e+01 -8.224935e+01
-9.714005e+01 3.513618e+01 -1.100088e+00 -6.090378e+01
7.454823e+01 -6.372374e+01 7.150947e+01 -6.068499e+01
-1.981657e+01 -3.402961e+01 3.469257e+01 -8.853875e+01
1.114615e+02 -3.180961e+01 6.124168e+01 1.841020e+01
6.775205e+01 -4.175382e+01 4.670195e+01 -2.070372e+01
-3.648962e+01 2.331718e+01 -2.712923e+01 1.395679e+01
-6.069056e+01 1.172717e+01 7.446195e+00 -5.640959e+01
-2.285558e+01 3.494880e+01 -4.570775e+01 5.780096e+01
4.568721e+00 8.370507e+00 -1.819329e+01 3.113252e+01
-4.958416e+01 1.907965e+01 -2.733301e+01 -3.171502e+00
1.017774e+02 -2.993411e+00 3.483579e+01 6.394823e+01
3.429895e+01 -5.551390e+01 3.231082e+01 -5.352577e+01
-9.946832e+00 -6.222887e+01 2.804323e+01 -1.002189e+02
5.684670e+01 1.796073e+01 -9.939258e+00 8.474669e+01
9.453374e+01 -4.043467e+01 6.008107e+01 -5.982005e+00
-5.423369e+01 1.973286e+00 -1.475752e+01 -3.750289e+01
1.810835e+01 -7.579066e+00 1.573109e+01 -5.201805e+00
5.128415e+01 2.196137e+01 -2.129606e+01 9.454159e+01
3.253215e+01 1.358204e+01 -2.376700e+00 4.849089e+01
3.253215e+01 0.000000e+00 5.078476e+00 2.745367e+01
3.253215e+01 0.000000e+00 5.078476e+00 2.745367e+01
3.253215e+01 0.000000e+00 5.078476e+00 2.745367e+01
3.253215e+01 0.000000e+00 5.078476e+00 2.745367e+01
3.253215e+01 0.000000e+00 5.078476e+00 2.745367e+01
3.253215e+01 0.000000e+00 5.078476e+00 2.745367e+01
3.253215e+01 0.000000e+00 5.078476e+00 2.745367e+01
3.253215e+01 0.000000e+00 5.078476e+00 2.745367e+01
