1.822832e+01 5.422438e+01 9.690370e-01 7.148366e+01
1.628140e+01 3.253406e+01 -4.761723e+00 5.357719e+01
1.033522e+02 -3.036419e+01 7.785364e+01 -4.865630e+00
1.612296e+02 -2.610283e+01 4.745421e+01 8.767257e+01
3.827010e+01 1.684531e+00 1.896926e+01 2.098537e+01
1.565285e+02 1.151907e+02 -7.167241e+01 3.433916e+02
-1.468057e+01 -2.622082e+01 -4.473799e+01 3.836608e+00
6.078308e+01 -5.453920e+01 9.740952e+01 -9.116564e+01
-4.011449e+01 -9.741853e+00 -6.922482e+01 1.936848e+01
-2.769448e+01 -4.795983e+01 6.473801e+01 -1.403923e+02
-2.937295e+01 7.702746e+00 7.136913e+01 -9.303934e+01
-6.911008e+01 2.653178e+01 -1.839339e+01 -2.418491e+01
3.227131e+02 -6.804246e+01 8.220569e+01 1.724650e+02
-2.062339e+02 1.355298e+02 -1.527135e+02 8.200937e+01
1.796223e+02 2.438295e+01 1.599094e+01 1.880143e+02
8.906674e+00 -5.346413e+01 1.958887e+01 -6.414633e+01
2.535168e+01 4.792525e+01 1.305634e+01 6.022059e+01
9.692385e+00 -2.447006e+01 3.454379e+01 -4.932147e+01
8.743426e+01 1.830295e+00 6.813043e+00 8.245151e+01
1.325719e+02 -6.255708e+01 -4.427736e+00 7.444254e+01
8.287592e+01 -4.904367e+00 -1.813707e+01 9.610863e+01
-2.771783e+01 -1.990194e+01 -2.397876e+00 -4.522189e+01
-1.234810e+02 -3.170898e+01 5.506598e+01 -2.102559e+02
-2.336385e+01 -3.767663e+01 -2.613827e+00 -5.842665e+01
-1.541740e+02 4.216050e+01 -7.891695e+01 -3.309653e+01
1.277538e+01 -2.104925e+01 7.034198e+01 -7.861585e+01
4.669663e+01 6.096689e-01 6.168222e+01 -1.437592e+01
2.447923e+01 6.029376e+01 -4.937486e+00 8.971048e+01
-6.571844e+01 -2.495105e+01 1.087550e+02 -1.994245e+02
1.589044e+01 1.173170e+02 -1.110633e+01 1.443138e+02
4.528403e+01 4.173534e+00 -3.640481e+01 8.586238e+01
2.663749e+01 -5.355929e+01 5.999854e+01 -8.692035e+01
-1.139772e+02 -1.438596e+01 -5.654664e+01 -7.181649e+01
-2.301306e+01 6.963187e+00 -4.317568e+01 2.712581e+01
8.497975e+01 -5.210699e+01 -2.212397e+01 5.499673e+01
2.992374e+02 -3.641650e+01 9.888920e+01 1.639317e+02
6.746563e+00 1.900621e+01 -3.801920e+01 6.377198e+01
-2.107531e+02 9.705057e+01 -9.604730e+01 -1.765520e+01
-2.508125e+01 -2.631408e+01 1.309342e+01 -6.448875e+01
1.157713e+02 2.159755e+01 6.859108e+01 6.877780e+01
-3.895913e+01 -4.752080e+00 -4.177037e+01 -1.940837e+00
1.367354e+02 -2.693506e+01 3.262027e+01 7.718006e+01
-8.191658e+01 -6.872917e+01 7.410512e+00 -1.580563e+02
-1.616142e+01 1.014550e+01 9.966186e+00 -1.598211e+01
-1.616142e+01 0.000000e+00 7.255612e+00 -2.341703e+01
-1.616142e+01 0.000000e+00 7.255612e+00 -2.341703e+01
-1.616142e+01 0.000000e+00 7.255612e+00 -2.341703e+01
-1.616142e+01 0.000000e+00 7.255612e+00 -2.341703e+01
-1.616142e+01 0.000000e+00 7.255612e+00 -2.341703e+01
-1.616142e+01 0.000000e+00 7.255612e+00 -2.341703e+01
-1.616142e+01 0.000000e+00 7.255612e+00 -2.341703e+01
-1.616142e+01 0.000000e+00 7.255612e+00 -2.341703e+01
