6389.875516  
6218.552533  
6184.952773  
6224.085363  
6167.328933  
6152.56456  
6154.351337  
6124.630161  
6146.581611  
6135.764844  
6123.199177  
6133.219471  
6157.061606  
6082.189271  
6099.060028  
6187.299549  
6154.814242  
6148.647073  
6136.305166  
6116.37202  
6120.199061  
6205.90836  
6214.201379  
6198.715901  
6249.545397  
6283.603492  
6121.240309  
6173.694063  
6239.377148  
6196.54193  
6191.816629  
6288.236919  
6299.099559  
6190.439608  
6277.389372  
6167.349036  
6270.171229  
6306.490397  
6312.654337  
6234.902471  
6202.527782  
6409.69243  
6338.083928  
6230.539937  
6263.123741  
6283.598085  
6165.049538  
6150.530512  
6146.066571  
6093.685575  
6256.615515  
6209.420807  
6316.94573  
6283.709721  
6179.991942  
6213.192303  
6238.121871  
6290.375149  
6281.11947  
6287.394069  
6158.050114  
6208.712234  
6296.727133  
6262.310593  
6487.769095  
6428.281626  
6205.827346  
6332.442357  
6476.886683  
6391.854313  
6394.355097  
6207.620457  
6370.896841  
6508.338509  
6293.037412  
6210.07865  
6293.16862  
6414.009381  
6234.200525  
6252.694819  
6281.022294  
6399.873104  
6316.979824  
6305.373476  
6285.900692  
6440.027974  
6293.431692  
6607.152662  
6507.352097  
6246.819077  
6297.409102  
6278.424909  
6380.814353  
6460.460769  
6350.373581  
6208.882728  
6312.949178  
6327.997806  
6323.22232  
6195.611572  
6255.904938  
6328.071572  
6262.946982  
6256.721163  
6299.96803  
6273.609722  
6306.351083  
6408.156562  
6234.270179  
6260.808186  
6273.326952  
6474.548532  
6356.448518  
6228.957919  
6389.329433  
6403.422124  
6483.278029  
6531.740856  
6345.017279  
6407.394607  
6453.905972  
6476.433953  
6392.141984  
6513.5523  
6377.818132  
6454.714161  
6496.830008  
6204.488451  
6320.148994  
6167.760825  
6314.918601  
6224.542819  
6213.284231  
6219.470285  
6287.314787  
6280.803174  
6465.512251  
6598.987184  
6610.262989  
6239.045833  
6554.658009  
6421.370729  
6369.093749  
6339.655975  
6479.151214  
6591.060785  
6905.903284  
6636.863318  
6441.264932  
6243.050275  
6314.601213  
6294.195932  
6379.399225  
6291.340789  
6231.268255  
6264.027318  
6296.711099  
6419.627694  
6277.75878  
6238.070376  
6343.653656  
6317.39965  
6345.56021  
6183.537698  
6233.902558  
6264.675152  
6343.495704  
6325.236218  
6391.418554  
6300.154217  
6428.459339  
6364.134654  
6393.504926  
6312.683494  
6581.666164  
6234.011482  
6366.492104  
6499.147892  
6607.617165  
6596.530009  
6378.68763  
6551.536414  
6604.778272  
6518.327512  
6540.421943  
6632.505615  
6292.301616  
6445.672888  
6401.452124  
6429.467946  
6330.186977  
6477.67645  
6447.547411  
6471.3199  
6390.583999  
6378.265377  
6526.616699  
6870.368249  
6956.456522  
6809.055909  
6398.14635  
6506.741355  
6343.757314  
6516.397765  
6406.404785  
6445.698093  
6317.048864  
6258.15548  
6357.222001  
6355.17241  
6239.694045  
6485.913859  
6383.374139  
6375.337093  
6266.899489  
6356.825784  
6405.517737  
6398.073064  
6323.951224  
6351.461224  
6374.376895  
6385.329888  
6431.524592  
6524.10667  
6402.324111  
6470.209876  
6527.790723  
6438.681495  
6414.761039  
6391.316359  
6397.016678  
6459.093927  
6517.802475  
6619.289208  
6519.350476  
6770.182333  
6702.471707  
6557.812571  
6512.289668  
6568.685356  
6438.773178  
6410.767678  
6461.557842  
6596.97796  
6362.557112  
6651.652112  
6532.622311  
6340.112428  
6510.958747  
6450.762146  
6473.251044  
6877.159461  
6516.866239  
6379.10038  
6556.305126  
6547.354999  
6468.585875  
6516.335493  
6643.662312  
7018.013995  
6774.6167  
6385.989107  
6530.117233  
6517.511132  
6404.764475  
6450.809884  
6438.282287  
6526.440592  
6545.184565  
6302.361197  
6253.125489  
6457.556398  
6476.582532  
6472.830488  
6649.125189  
6553.131366  
6396.567113  
6579.420711  
6507.398274  
6669.769772  
6784.16101  
6505.746494  
6851.75959  
6752.684106  
6796.366228  
6835.455639  
6966.900634  
6909.436239  
6775.121117  
6469.636183  
6484.108415  
6426.701401  
6555.032469  
