-0.3088757322  
-0.5778295353  
-0.8841075639  
-0.7969342349  
-0.7666688717  
-1.354139163  
-1.069097824  
-1.217427285  
-0.9463238745  
-1.074387211  
-1.357259762  
-1.528632668  
-1.189643966  
-1.358016126  
-1.235511075  
-1.397711119  
-0.9519597183  
-1.106427931  
-1.222000342  
-1.423519542  
-1.372061986  
-1.162142454  
-1.035462247  
-1.253071865  
-1.218287217  
-1.346866868  
-0.5914327014  
-0.7846999451  
-1.294788668  
-1.541393946  
-1.130035119  
-1.41651652  
0.4264736238  
0.4361896582  
-1.576492661  
-1.114321718  
-1.615744594  
-0.7809755173  
-1.594436175  
0.9199698267  
0.5859455299  
-1.68626576  
0.1994810211  
-0.4464253812  
-1.489163303  
-1.33347199  
-1.366945788  
-1.108298865  
-1.492964608  
-1.070982342  
-0.3336483451  
-1.219956958  
-0.5919894662  
-1.986785621  
0.6985168618  
-0.2319772649  
-1.044741918  
-0.4379286775  
-0.9316278406  
-1.13961669  
-1.11700707  
-0.832450085  
-0.3793425588  
-0.007723341535  
-0.6800170483  
-0.9279063078  
-0.8032100504  
-0.6605673292  
-0.9447742306  
-0.6949533555  
0.9082598711  
1.160312745  
-1.604033484  
0.1284617332  
-0.4806657628  
-0.3999510692  
-0.3425322131  
2.31812452  
0.3826123101  
-0.6791531536  
-0.02987637278  
-0.4175871045  
-0.6705115573  
-0.6340470576  
-0.7640179248  
-0.5695969226  
-0.1978518957  
-0.2492743951  
-0.2994501251  
-1.094164634  
-0.01110920626  
-0.3120310204  
-0.05661746395  
0.4124518411  
-0.6988897592  
-0.0224319922  
0.4319332108  
0.1168203162  
-0.2052453527  
-0.3299609988  
0.4735037674  
-0.2487602377  
-0.6720120776  
-0.3605331391  
-0.003872972208  
0.3153693211  
-0.1960639791  
0.3981444707  
-0.5604909577  
0.09442655605  
-0.5753719434  
1.651720422  
1.069082704  
0.3637795244  
1.322645342  
-0.5584879789  
0.3116524894  
-0.4900297932  
0.0692825804  
-0.1997912065  
0.3202165954  
-0.2148285567  
-0.2224007203  
-0.04867602377  
0.2379321409  
0.448271991  
1.006329125  
-0.152887515  
1.746906873  
0.7601235123  
0.9285875606  
1.67541958  
0.6058501335  
0.6966407794  
1.009953348  
-0.112975355  
0.9511822805  
1.03749497  
0.4106052353  
-0.0436936713  
0.2052275339  
0.03001500997  
2.044089604  
1.597628489  
1.210247332  
1.326342341  
1.424184306  
0.9043086454  
1.168497164  
1.366320475  
1.896345032  
1.610589486  
0.6173211299  
-0.1423179132  
0.5686197053  
0.9426979149  
0.9588845239  
0.9898387762  
0.4483095444  
0.5154753875  
0.2836466949  
0.2235938388  
-0.2007846391  
0.2008956738  
-0.184505962  
0.1363917226  
0.8271112872  
-0.07538757683  
-0.3768396944  
-0.5452545021  
-0.6339009426  
-0.7893092562  
0.1188250381  
-0.002232156838  
0.02135215308  
-0.8823794781  
-0.3980122481  
-0.6462240894  
0.2054597765  
0.1913101797  
-0.9396631153  
-0.1286735846  
-0.5739711659  
-0.6102124448  
-0.8011812708  
-0.2154610567  
-0.3632594774  
-0.3314753588  
-0.1832535439  
0.3054414908  
0.6147235139  
0.3873718762  
1.015254982  
0.6241006237  
1.973346962  
1.846090054  
0.6103364722  
1.08815998  
0.7111488717  
0.7722077594  
1.203111998  
2.618848175  
1.528723448  
0.2989793527  
0.9652068836  
0.5920270848  
1.402756963  
0.6326045083  
1.453279685  
0.3881217358  
2.580100669  
2.390579777  
0.2659467258  
2.310213492  
1.65841355  
2.587075566  
2.956365157  
1.003944815  
0.3039722736  
0.1255041309  
1.853624935  
1.124539925  
0.8960128223  
0.9673294082  
0.1904522089  
