7596.030167  
7331.459053  
7173.059468  
7147.388509  
7214.721327  
7194.566916  
7218.863098  
7142.532545  
7140.883655  
7138.48675  
7228.239529  
7199.0097  
7244.156895  
7185.094781  
7204.816926  
7223.435412  
7293.619705  
7297.908867  
7299.346855  
7164.206342  
7183.646405  
7321.756034  
7318.619496  
7296.424262  
7277.871356  
7304.996349  
7286.056191  
7226.111431  
7364.879713  
7380.108383  
7267.751114  
7265.651946  
7321.964985  
7258.539276  
7410.319063  
7388.657129  
7351.23986  
7503.882048  
7423.525094  
7469.967223  
7444.00868  
7727.961451  
8049.984824  
7488.942634  
7521.334122  
7707.733507  
7573.886182  
7406.268711  
7551.758271  
7288.819894  
7818.376339  
7496.821359  
7729.227751  
7727.241314  
7491.050898  
7513.560368  
7502.127101  
7571.938591  
7553.301226  
7535.105046  
7547.967259  
7407.814763  
7672.565535  
7644.973428  
8113.993055  
7919.846117  
7667.558526  
7661.651436  
7885.488247  
7901.70784  
7759.462538  
7774.776993  
7625.555837  
7758.512037  
7897.772477  
7486.381389  
7387.102544  
7623.612698  
7575.870253  
7443.412804  
7330.881089  
7906.959775  
7810.873638  
7497.272592  
7534.557322  
7807.690609  
7620.197886  
8028.847804  
8046.0407  
7709.016567  
7664.710858  
7679.036515  
7649.813356  
8022.941011  
7903.761905  
7551.865774  
7585.345048  
7509.754799  
7549.624451  
7348.653576  
7418.953534  
7405.754682  
7400.422847  
7417.347491  
7467.623511  
7466.23113  
7468.971789  
7569.450572  
7480.890185  
7506.136844  
7706.911702  
7904.051644  
7683.533024  
7489.905089  
7611.236375  
7589.808837  
7684.644599  
7930.146501  
7706.913457  
7599.85861  
7984.221134  
7749.084383  
7735.180435  
7877.731953  
7731.518275  
7738.912509  
8211.511403  
7835.441593  
7742.573847  
7498.935221  
7557.502648  
7615.071094  
7610.843723  
7546.233262  
7607.992109  
7579.120925  
7832.175345  
8219.037532  
8094.996912  
7628.113677  
7884.846643  
7823.411838  
7839.877457  
7673.644762  
7966.734661  
8101.425764  
8472.900723  
8015.403755  
7830.130459  
7502.876402  
7344.723119  
7488.343742  
7552.251441  
7529.605264  
7418.204777  
7483.537571  
7323.448533  
7696.907546  
7531.047864  
7409.53482  
7542.567987  
7646.08232  
7647.72224  
7502.305549  
7592.71807  
7423.309141  
7390.683353  
7415.607403  
7556.681708  
7421.235638  
7650.109194  
7553.685599  
7629.258298  
7512.530058  
7815.229376  
7807.383233  
7622.792472  
7790.746126  
8026.793899  
7929.289661  
7552.237741  
8029.845035  
8094.384539  
7789.391295  
7804.066368  
8031.455588  
8105.51759  
8097.73784  
7696.486828  
7820.485367  
7775.079656  
7894.106884  
7741.935792  
7838.808292  
7576.891771  
7616.221681  
7759.332218  
8281.680339  
8319.638129  
8418.67699  
7902.009312  
7625.717659  
7563.348778  
7521.79457  
7583.220138  
7599.356881  
7450.817479  
7535.823298  
7351.781509  
7529.210587  
7315.21644  
7900.674769  
7686.120896  
7626.317695  
7655.431267  
7580.686675  
7453.469316  
7358.327579  
7420.768446  
7398.445361  
7641.449747  
7749.851828  
7646.393022  
7728.786028  
7564.477042  
7567.570791  
7609.140735  
7735.206529  
7577.719474  
7966.613298  
7623.259541  
7843.50005  
8006.666765  
7754.057106  
7825.425159  
7947.230663  
8304.411838  
7964.845941  
7813.327563  
7953.23679  
7696.343973  
7692.057242  
7702.964839  
7907.101052  
7682.541502  
8090.39139  
8002.240465  
7721.238854  
7979.650215  
7893.962599  
7657.057682  
8462.857279  
8144.237892  
7588.478942  
7881.816871  
7879.736403  
7797.562281  
7939.712153  
8317.059745  
8448.041723  
8372.183521  
7763.103846  
7688.766704  
7827.127239  
7647.902128  
7680.879468  
7727.569481  
7605.307563  
7983.22549  
8203.077671  
7801.815626  
8222.070944  
8164.790699  
8043.258689  
8203.513459  
8063.423317  
7836.018304  
7869.419993  
8005.329916  
8239.351807  
8035.645812  
8051.59481  
8284.063741  
8318.098908  
8239.888589  
8056.113435  
8291.690632  
8275.487097  
7981.160588  
7494.339207  
7740.215598  
7615.554258  
7962.068836  
