7608.886018  
7584.341233  
7426.83054  
7268.579931  
7129.152532  
7322.745348  
7217.803885  
7162.658799  
7202.863266  
7316.727628  
7228.710776  
7349.935918  
7372.176242  
7208.384768  
7216.433002  
7291.923862  
7239.261743  
7725.897204  
7356.085495  
7368.812755  
7401.878975  
7351.70141  
7759.758526  
7639.486243  
7410.569898  
7510.026272  
7599.163126  
7675.781459  
7495.069435  
7459.28646  
7225.034655  
7594.086375  
7470.362999  
7398.990724  
7388.944263  
7313.722553  
7508.380141  
7221.453346  
7555.605182  
7634.11615  
7496.720435  
7573.944675  
7269.239244  
7312.495028  
7288.052732  
7495.018241  
7305.16971  
7604.487274  
7395.8428  
7621.905012  
7295.763855  
7796.211864  
7652.880949  
7424.153395  
7410.631119  
7393.906681  
7451.163734  
7595.792957  
7492.168803  
7389.637604  
7466.875067  
7748.259963  
7393.0231  
7510.587826  
7448.213852  
7410.484336  
7414.81931  
7439.414569  
7505.573332  
7789.702646  
7562.733131  
7357.150157  
7391.439856  
7416.754057  
7516.078583  
7325.52144  
7640.671386  
7541.020899  
7531.284524  
7410.96542  
7348.389512  
7413.996223  
7355.982505  
7349.762236  
7301.714473  
7598.321433  
7289.221048  
7286.092989  
7353.029114  
7333.479397  
7446.51835  
7484.921814  
7349.563018  
7362.270497  
7355.009684  
7741.754193  
7647.04347  
7355.18675  
7678.977196  
7381.740046  
7378.182738  
7339.418937  
7265.836902  
7458.755023  
7309.422325  
7356.089207  
7272.589095  
7374.50121  
7334.753933  
7388.396215  
7476.622589  
7319.205885  
7350.657877  
7573.813141  
7733.964104  
7586.330055  
7395.80463  
7741.30891  
7775.741056  
7710.926149  
7541.855238  
7448.665051  
7433.283934  
7431.343712  
7417.111111  
7458.427742  
7516.774148  
7505.51848  
7382.712752  
7547.378016  
7396.525903  
7668.678681  
7492.316136  
7427.778739  
7368.985567  
7829.318111  
7523.077923  
7538.826288  
7666.218737  
7691.583238  
7330.926482  
7782.639415  
7544.237477  
8379.339124  
8292.35101  
7610.394535  
7231.371598  
7726.67791  
7717.374361  
7634.878647  
7713.188009  
7439.585398  
7568.57349  
7531.051503  
7445.743798  
7417.857305  
7627.760639  
7647.515969  
7590.466552  
7667.033488  
8167.723623  
7632.91806  
7837.416129  
7618.161802  
7463.973762  
7860.776226  
7538.466445  
7522.476561  
7481.182841  
7426.949574  
7445.952189  
7512.669511  
7600.350678  
7611.423809  
7523.664765  
7938.422341  
7815.778504  
7344.398729  
7600.417773  
7577.858933  
7673.223408  
7915.775964  
7774.546694  
7895.555696  
7782.11817  
7798.898625  
7806.577522  
7483.697361  
8515.589856  
7979.510532  
7468.530857  
7624.798475  
7513.932722  
8193.606575  
7954.283865  
7505.451741  
7626.632265  
7535.135966  
7861.252762  
7857.816223  
7641.694972  
7555.116987  
7595.408972  
7440.703201  
7469.328048  
7670.697835  
7888.453437  
7414.430191  
7445.860522  
7330.60385  
7640.995392  
7763.440892  
7668.066907  
7656.123736  
8456.483308  
7663.184502  
7677.435841  
7487.79866  
7352.049261  
7447.890936  
7324.207408  
7324.518034  
7374.856693  
7318.86472  
7766.782076  
7250.065156  
7722.313607  
7796.596433  
7617.475888  
7578.916415  
7301.159005  
7391.101283  
7147.004852  
7542.833531  
8539.669822  
8321.872272  
7380.073041  
