-2.258759568  
-2.422821708  
-2.612112131  
-2.772070516  
-2.091640428  
-2.671435162  
-2.972063552  
-2.681710108  
-2.80436432  
-2.5953802  
-2.487943605  
-2.544972631  
-2.444526875  
-2.573395906  
-2.288357881  
-1.534014421  
-2.717754121  
-1.904575328  
-2.341991027  
-1.382963857  
-0.1055998209  
-1.951930931  
-1.797698377  
-1.56656459  
-1.72622405  
-1.225904458  
-1.733581861  
-2.003678178  
-1.665462013  
-2.092688811  
-1.853209158  
-2.01815976  
-1.495750057  
-1.650878715  
-1.073377819  
-1.182411706  
-0.09488536947  
-0.3625634678  
-1.380956219  
-1.225086746  
-1.574001648  
-1.248331645  
-1.805185398  
-1.301059359  
-1.645492655  
-1.734053086  
-1.772608343  
-0.9182617561  
-1.357468466  
-1.250265645  
-0.7513623062  
-0.4184307372  
-1.144211119  
-0.1838058008  
0.1130302452  
-0.7295617501  
-0.4899672506  
-0.6099726327  
-0.6462773959  
-0.6312846728  
-0.6586678926  
-0.865832395  
-0.2112030321  
0.08415890013  
-0.2282459343  
-0.01087802573  
0.8241760047  
0.5172517999  
0.1324309921  
-0.2377326351  
-0.7865691835  
-0.9477588236  
-0.5953823608  
-0.7641434408  
-0.5178191014  
-0.7181406206  
-0.6473001078  
-1.023295653  
-0.9167807083  
-1.058400003  
-0.7660861941  
-0.862640375  
-0.297480309  
-0.5327117985  
-0.6857664483  
-0.4738774368  
-0.7977104755  
-1.191730771  
-0.5017228555  
-0.8650497035  
-0.004548890361  
-0.2979941249  
0.2273908589  
-0.1109839196  
-1.003696164  
-0.5047836916  
-0.9632881209  
-0.2648643335  
-0.8086039841  
-0.5239036828  
-0.215658758  
0.07274480172  
0.04985618492  
-0.45877958  
-0.04395074292  
-0.5719062374  
1.074244978  
1.747769332  
0.292711497  
0.5079633549  
0.01502018735  
0.3352705037  
-0.1629943706  
-0.06159906576  
-0.1393303731  
-0.6036952021  
-0.3797010245  
-0.7715503126  
0.3396019958  
0.1356802851  
-0.8838770943  
-0.07951560373  
-0.6093152563  
1.069358819  
2.739425158  
0.1466362112  
0.4361073829  
0.8317155302  
2.114922884  
-0.1011141752  
0.3163645124  
-0.5409311631  
0.9149733501  
0.8363763871  
0.2795386408  
0.8375404838  
0.2728921419  
0.4626179832  
1.99036431  
1.207015705  
-0.07488797977  
1.427753318  
1.585468356  
0.3969214772  
0.08513717812  
-0.07129223558  
0.4234915253  
0.3262595877  
0.1615734699  
-0.2896939881  
0.2616518787  
0.2432003744  
-0.03873494279  
-0.1951859953  
0.7324997969  
0.2544742557  
0.681812252  
0.6761860056  
-0.00163114532  
0.4486793354  
0.5511180372  
0.5348870055  
0.6309546547  
-0.1503384309  
-1.093376407  
-0.7317632259  
-1.093700963  
-0.6574713181  
-0.9689572466  
-0.7401377881  
-0.6890677773  
-0.1034807261  
-0.3918326642  
-0.5546069468  
-0.2550808795  
-0.325695122  
0.2909395027  
0.1642512653  
-0.1524700383  
-0.0383576808  
-0.1260630961  
-0.1788317512  
-0.1943701786  
0.9726181271  
1.381376256  
0.6730605386  
-0.1544231269  
0.06021515185  
0.1429504446  
1.83132684  
0.9532061619  
0.2718175191  
0.4168832798  
-0.2387933305  
-0.3769316239  
-0.156734662  
-0.5089331791  
-0.1395970868  
-0.3103432118  
-0.5834440092  
-0.3242956726  
-0.2797705376  
0.01515358924  
-0.4093870689  
-0.2005209084  
0.1861699812  
0.06499973645  
0.5929910473  
1.401836576  
0.04470829618  
0.5414577626  
0.4100368372  
0.4301245655  
0.02366114266  
1.967506539  
1.502000692  
0.6743862681  
2.555061837  
1.877816641  
1.596031144  
1.124014845  
2.280759932  
0.7230641434  
0.7967979489  
-0.5874152746  
1.211072513  
0.2548373778  
1.217989891  
0.5502202002  
-0.3106889351  
0.5572270228  
0.05866283114  
0.2828397956  
0.2949918235  
1.303120769  
-0.2073583796  
-0.02773787795  
-0.09206183626  
0.2961766584  
-0.2117038624  
0.5504200606  
0.7889681964  
0.01342374149  
0.07039710078  
-0.2017965563  
-0.02438685651  
-0.4779166744  
0.02275846646  
0.5482138494  
-0.2411768446  
0.1417000149  
0.07692812797  
0.8563791449  
1.28196297  
1.301432056  
0.9434214997  
1.408437305  
1.040548706  
-0.1432336688  
0.2620338754  
0.08638358352  
0.246137474  
0.01828305961  
-0.0354161004  
-0.2565169303  
0.04645256979  
-0.2398556661  
0.3258423892  
-0.2010463446  
0.4860846189  
-0.4805979297  
0.6387008373  
0.8631589946  
-0.6503003339  
0.1596647393  
-0.7528241763  
0.9028911955  
0.6265441739  
-0.553306851  
-0.1855591213  
-0.4174974908  
-0.02288386124  
-0.01427521659  
0.0792415503  
-0.5319265752  
0.9136636718  
0.8005275491  
0.9143973456  
1.763586289  
-0.4519624187  
1.20414134  
-0.03254183936  
0.7356657584  
0.5737591987  
-0.1062691044  
0.0002534229547  
1.272378105  
1.255664055  
0.4049792849  
1.072141242  
1.016964722  
2.590141686  
1.197659428  
0.8294136941  
2.38435086  
2.396669113  
0.08613086903  
0.5716618024  
0.3505697112  
0.7525154721  
0.5048629997  
0.9898776967  
0.1418593497  
0.3762256243  
-0.4150106284  
1.34718488  
0.5609173572  
-0.2893178055  
-0.03195126063  
0.236433651  
0.450899791  
1.462107732  
1.207308081  
-0.1020039417  
0.9213619474  
-0.3737884127  
1.234585588  
0.8894735467  
-0.1426709627  
0.711525424  
1.683082269  
1.010814177  
0.1340141658  
1.425572358  
1.469925955  
0.4482403665  
0.7201199194  
-0.02526252611  
0.6603979947  
0.3897607285  
0.1168577551  
0.09532932379  
0.1905693098  
0.1008648334  
-0.2241590809  
0.06844847411  
0.238884546  
-0.1588157092  
0.9462590796  
0.3332179222  
0.8103203235  
1.305965551  
-0.4250441325  
0.608413394  
0.1640305405  
0.507176243  
0.3828099893  
0.4740757411  
0.04584464479  
0.1553076745  
-0.04629676483  
0.1587565541  
0.0142057983  
0.3002850392  
-0.1160106798  
0.731734292  
0.6383632398  
0.4593568002  
2.008237903  
0.9321748382  
0.2415278345  
0.3018953509  
0.1443020491  
0.5315234947  
0.4606800904  
0.2373542066  
0.583501276  
0.7422309283  
0.8076493626  
0.3756581488  
1.203325716  
0.4102683873  
1.228335936  
0.9435428631  
-0.04167557058  
0.7043160568  
0.2063338502  
-0.2776391492  
0.3659433813  
0.6626648441  
0.01962658116  
0.4135938107  
0.3055490094  
0.6775870215  
1.34444967  
0.07918818636  
2.35918148  
1.389186281  
