5.887576297  
2.095925082  
0.3256394853  
-0.05792436124  
-1.375862156  
-0.66757075  
-1.082906565  
-0.3941654926  
-0.8771238095  
-0.7514462535  
-0.9861989237  
-0.6776160587  
-0.3474959416  
-0.7079327708  
-1.211855922  
-0.4588947045  
-1.296744171  
-0.551481089  
-1.01123512  
-0.7879427892  
-1.329977418  
0.6765371581  
0.2074065785  
0.7773133531  
0.1854650592  
-0.4615357808  
-0.106020225  
-0.479853202  
-0.2866561918  
-0.2230388585  
-0.4475656993  
-0.3209588292  
-0.2997089752  
-0.4269306438  
-0.3085626526  
0.03975934081  
0.06292282464  
0.03696096972  
0.3142644579  
-0.2398788758  
-0.1281507613  
-0.1755487406  
-0.7639458872  
-0.5803388199  
-0.65139198  
-0.03335122803  
0.1673495492  
-0.2317754679  
0.5279034853  
0.4840270104  
0.5014299619  
0.2937966141  
0.1719056697  
0.2354748105  
-0.04842817526  
-0.3321852127  
0.07896694251  
0.6333813988  
0.3987149129  
0.3528152755  
0.3549324659  
-0.2064700015  
0.539170502  
0.8797184877  
0.1827691832  
0.3121063145  
0.02729866341  
0.1941498699  
-0.1057748143  
0.3059019128  
0.06184896965  
0.3212018049  
-0.3092467376  
-0.7602995657  
-0.403243368  
-0.3622677216  
-0.1881375566  
-0.4182205282  
0.03215393615  
-1.214169423  
0.7847413956  
1.178740754  
0.04192901891  
0.6050177266  
-0.4483236748  
0.005499885416  
0.08779054412  
0.5355589206  
0.5206931194  
0.66889457  
0.02009380915  
1.270006131  
0.9352444778  
0.658541855  
-0.1278388552  
0.2333226928  
0.5674477773  
-0.1828873779  
0.8798237811  
1.188350017  
-0.09122843435  
0.1939403349  
0.1111155508  
0.08304906102  
-0.5658139859  
0.3342384598  
-0.2167489609  
-0.4313473424  
-0.07970981633  
0.4097505547  
0.211422493  
0.3466733973  
0.301541438  
-0.0190812013  
0.4846639093  
0.3140376213  
0.2869744222  
0.2682224889  
0.9215762083  
0.4081405282  
0.8357401423  
0.6855330732  
0.4507072372  
0.9548251265  
1.012736629  
0.02455911572  
0.5470106551  
-0.05585467918  
0.8339083707  
-0.9452043855  
-0.2216841633  
-0.3685203553  
-0.1532145674  
0.971172586  
0.01449144153  
0.7133901307  
0.8029107755  
0.8726723545  
0.861426183  
0.9679500926  
1.091882026  
1.180460732  
1.019510395  
0.7890328194  
1.133779772  
0.4676905465  
0.5700675312  
0.6299897447  
0.1987474642  
0.7633026753  
1.192709055  
1.178471633  
1.439253767  
0.4480578409  
1.351955834  
1.34915529  
0.6944966191  
1.160558371  
0.6901334462  
0.1823271151  
1.277746529  
1.014456713  
0.8985681381  
1.214091517  
1.07082193  
0.9046930058  
0.6417114933  
0.7191871337  
0.7880895809  
0.7959046679  
0.6991151267  
0.8030334914  
0.5781750567  
-0.07269090978  
0.8970427291  
1.201917014  
0.3982583148  
-0.453130316  
-0.5680037427  
0.7890014539  
-0.2436388351  
-0.3031394122  
-0.6798564841  
-0.5965866202  
-0.3957134165  
-0.2514715376  
-0.02638448476  
-1.186923833  
-2.254667953  
-1.869493762  
-0.6089349414  
-1.207660072  
-1.772729624  
-0.750301249  
0.922723764  
0.9969645115  
-1.488924921  
-0.610744496  
-3.004756038  
-1.159089135  
-0.9956918902  
-0.2525190448  
-0.4362905239  
-0.07939339234  
-1.162471786  
-0.04296898945  
-6.366330409  
-5.48411369  
-1.160692141  
-0.7230826742  
-0.4092532865  
0.246441674  
-0.3740505059  
-0.8489980422  
0.1134551626  
0.09194006454  
-0.1203773757  
-0.258593379  
-0.1543389579  
0.8217585144  
0.7416283683  
0.05653806765  
-0.2659017109  
-0.02570772485  
0.4382074118  
-0.03671174952  
0.0221693731  
0.0891554032  
-1.020762524  
-0.6772905651  
-0.7400715158  
-0.5537684391  
-0.4141186444  
-0.1746241836  
0.1321601785  
-0.1844482718  
0.0231916362  
0.7246141862  
-0.0600476397  
-0.08415400421  
-0.1613075785  
-0.2439602384  
-0.3294715948  
-0.6875699447  
-0.6960404974  
-0.08308968033  
-0.2806269203  
-0.4487189729  
-0.5040150085  
0.0129215412  
0.1185992851  
-0.6660974877  
-0.2681024644  
-0.7887371808  
-0.7374148166  
-0.6953901497  
-0.9446232577  
-0.9018213386  
-0.2343200999  
-0.8423526896  
-0.8719415216  
-0.3672046761  
-0.6560054409  
-0.3533588043  
0.5112745357  
-0.1811629024  
0.09685960776  
-0.5741213277  
-0.178650619  
-0.3117242906  
-0.1865971783  
-0.4831765827  
-0.9090617403  
-1.036480048  
-0.1293061562  
0.7870908239  
-0.1376629239  
-1.224132207  
-0.103527758  
-0.6077338581  
0.1113748033  
0.4533912446  
2.083138157  
0.5702624107  
-1.598455173  
-1.30183783  
0.8088597331  
-0.7894943501  
0.1135263553  
-0.2980646561  
0.6069817499  
0.1834051357  
6.245567357  
