7011.240855  
6887.277285  
6637.837902  
6677.699767  
6585.947328  
6662.07238  
6606.286956  
6646.433395  
6607.517946  
6619.96527  
6662.007828  
6657.457769  
6663.760034  
6626.707636  
6601.723662  
6639.52392  
6647.497273  
6680.649852  
6643.018366  
6653.031795  
6604.318011  
6760.459617  
6716.458023  
6675.085535  
6749.321058  
6721.85855  
6684.281624  
6680.23456  
6688.729117  
6723.719933  
6683.606583  
6674.374088  
6697.857371  
6711.027735  
6710.003572  
6701.422972  
6666.205487  
6733.319725  
6748.05531  
6717.844571  
6734.118888  
6737.265892  
6687.354167  
6701.363398  
6674.839034  
6678.646202  
6736.367438  
6695.847082  
6716.949425  
6726.137256  
6698.610198  
6735.83963  
6729.499341  
6731.959702  
6734.808837  
6725.045239  
6712.215719  
6774.119736  
6738.012094  
6752.535892  
6789.268961  
6686.588109  
6673.326761  
6759.370926  
6736.210268  
6740.857949  
6717.579825  
6804.057473  
6705.625564  
6763.374957  
6757.770926  
6761.323289  
6665.560203  
6676.668963  
6727.915899  
6741.754727  
6753.384668  
6730.002319  
6784.321797  
6595.22617  
6644.259297  
6802.328471  
6727.000918  
6723.299676  
6734.511024  
6775.901713  
6750.239357  
6788.400301  
6766.507058  
6786.231171  
6745.207809  
6763.340194  
6768.126885  
6795.509999  
6780.468289  
6766.136425  
6713.393759  
6786.375095  
6652.441118  
6714.126729  
6810.219114  
6771.113392  
6773.906291  
6782.182452  
6772.286483  
6759.518162  
6780.706557  
6740.043891  
6749.072882  
6772.124306  
6758.563473  
6733.971635  
6777.246862  
6696.025758  
6760.328901  
6777.549651  
6778.226364  
6767.585864  
6805.869218  
6799.479313  
6793.004957  
6821.036672  
6797.495477  
6763.515598  
6824.405371  
6779.20087  
6802.7421  
6751.081518  
6760.385155  
6788.885096  
6770.779149  
6783.208267  
6786.222888  
6816.784405  
6775.201824  
6821.993014  
6785.034921  
6814.347242  
6785.165634  
6856.187971  
6842.243265  
6861.174832  
6849.195748  
6839.255126  
6854.10984  
6801.200038  
6851.124986  
6839.817661  
6798.258217  
6795.432226  
6836.200761  
6865.984678  
6883.561138  
6815.177841  
6857.845839  
6868.737877  
6785.6653  
6831.654044  
6835.664693  
6797.866092  
6817.892987  
6774.15612  
6731.739625  
6703.418368  
6954.280699  
6805.162736  
6849.763265  
6798.455115  
6834.599172  
6823.629363  
6841.341528  
6821.167379  
6818.286785  
6772.387396  
6759.898706  
6680.866619  
6754.304631  
6807.144905  
6692.663668  
6749.241627  
6726.497936  
6750.998798  
6754.197061  
6752.148708  
6781.41969  
6750.297256  
6788.175274  
6733.349524  
6667.937829  
6716.497714  
6729.335523  
6616.548577  
6687.954775  
6557.040378  
6220.284462  
6752.201676  
6543.876634  
6658.165926  
6525.049318  
6666.81435  
6653.812776  
6725.343061  
6693.931067  
6767.127509  
6668.521885  
6775.593956  
6314.733848  
6664.78586  
6639.113575  
6630.157404  
6707.831103  
6694.119701  
6684.420636  
6660.867814  
6706.988939  
6689.486914  
6832.332407  
6768.116927  
6740.998559  
6733.111254  
6788.772593  
6759.385801  
6772.721582  
6744.109163  
6796.198266  
6766.821421  
6768.224508  
6764.92696  
6758.103481  
6753.568348  
6729.014543  
6762.225039  
6772.577668  
6771.320202  
6811.994456  
6776.720713  
6768.962416  
6778.385209  
6762.708185  
6769.404203  
6758.629647  
6740.235828  
6746.99144  
6736.52463  
6780.003362  
6781.527221  
6770.628593  
6786.487612  
6790.38909  
6770.314206  
6753.781771  
6695.673332  
6752.769177  
6686.637728  
6681.851109  
6661.719964  
6718.140726  
6701.517277  
6786.351963  
6762.193579  
6709.383097  
6743.070112  
6713.98777  
6714.044002  
6730.660851  
6692.787782  
6768.816821  
6676.748372  
6755.507482  
6746.940132  
6764.485176  
6746.276669  
6759.98477  
6707.208984  
6685.843577  
6684.89878  
6783.142078  
6706.244378  
6793.75449  
6691.765257  
6754.147426  
6721.143765  
6734.767494  
6773.874846  
6787.827827  
6714.470888  
6747.007966  
6759.812675  
6811.150624  
6747.340542  
6866.074001  
6662.534003  
6925.299283  
