6797.418881  
6430.579898  
6492.114176  
6328.90282  
6390.973922  
6532.142039  
6244.385221  
6277.460962  
6445.788132  
6354.728262  
6244.051894  
6421.026055  
6326.355059  
6305.703631  
6532.461184  
6416.983212  
6320.068302  
6210.84008  
6231.098217  
6306.715647  
6565.255457  
6334.448863  
6264.487964  
6375.541808  
6337.569673  
6374.485284  
6349.694536  
6455.428125  
6441.393522  
6389.379621  
6409.789929  
6491.046823  
6355.045883  
6389.689734  
6312.995149  
6445.148123  
6306.96365  
6311.596334  
6283.824081  
6271.750239  
6504.040996  
6328.690045  
6299.409618  
6358.535947  
6454.349894  
6399.942254  
6345.150524  
6332.040992  
6334.684546  
6450.260419  
6411.256189  
6451.482284  
6439.592522  
6527.196821  
6635.999834  
6641.873926  
6416.368882  
6396.694972  
6435.912162  
6378.451788  
6615.919732  
6531.75622  
6436.131604  
6400.574767  
6415.866027  
6299.422714  
6473.320558  
6603.22845  
6333.590679  
6572.062269  
6364.695759  
6501.992669  
6380.746249  
6363.948085  
6504.02636  
6450.792376  
6474.634997  
6474.324778  
6545.89517  
6428.762718  
6388.944754  
6349.455279  
6341.512223  
6361.37887  
6366.797362  
6421.033775  
6422.722252  
6343.998975  
6461.174272  
6365.72569  
6455.293719  
6404.976812  
6354.786923  
6317.567283  
6424.176661  
6348.931619  
6301.508964  
6584.998755  
6323.231586  
6341.649749  
6385.575563  
6397.670497  
6438.244351  
6512.032632  
6821.338871  
6533.057521  
6333.068187  
6386.842984  
6312.062198  
6423.401246  
6351.801221  
6505.811055  
6444.281514  
6452.927267  
6494.96982  
6366.940185  
6607.525652  
6403.85982  
6262.0452  
6424.98117  
6398.469577  
6407.473487  
6556.248709  
6544.535693  
6495.443882  
6436.45003  
6355.798681  
6370.090645  
6439.713824  
6469.555522  
6486.022549  
6375.346206  
6524.002414  
6425.995746  
6321.329199  
6400.2858  
6324.034408  
6393.663587  
6532.026714  
6507.119943  
6448.976037  
6668.814713  
6711.559039  
6370.123831  
6435.182118  
6578.676541  
6409.372377  
6399.543624  
6451.881129  
6408.659964  
6364.415503  
6501.614296  
6614.917849  
6701.203395  
6801.556339  
6465.112513  
6544.199609  
6660.625998  
6405.661639  
6455.058952  
6407.297036  
6731.321424  
6902.921454  
6539.917786  
6465.480043  
6413.760531  
6623.908681  
7052.339528  
6575.340025  
6821.843992  
6712.206762  
6489.208222  
6409.203447  
6360.799774  
6489.981373  
6398.969878  
6410.255817  
6334.934619  
6358.522695  
6415.073301  
6425.967027  
6424.596172  
6438.245091  
6397.795693  
6440.267183  
6395.834992  
6349.44428  
6401.123093  
6367.280506  
6351.736715  
6351.751894  
6349.716527  
6417.719296  
6471.5568  
6338.537903  
6452.024675  
6384.542979  
6589.683859  
6507.783071  
6294.398242  
6421.034077  
6543.281399  
6399.090108  
6412.091678  
6262.026883  
6382.581089  
6335.830501  
6604.396083  
6361.567949  
6331.493439  
6402.262353  
6321.909184  
6961.907905  
7598.036994  
7465.003235  
6258.008152  
6552.952195  
7358.691669  
6819.937268  
6604.792665  
6413.532564  
7760.768987  
6965.964092  
6798.689313  
6608.164037  
6282.819489  
6606.126877  
6398.353307  
6544.922806  
6384.552404  
6523.035267  
6448.58735  
6434.607708  
6370.324318  
6440.591725  
6431.717627  
6362.684965  
6492.636531  
6494.983619  
6429.367464  
6660.305697  
6417.223151  
6650.675766  
6396.226059  
6354.633912  
6355.98239  
6755.468933  
6479.291941  
6621.391155  
7315.317065  
6654.682009  
6286.368214  
6612.868099  
6412.310235  
6294.348146  
6371.613528  
6568.732362  
6435.211308  
6453.658254  
6342.084097  
6463.532278  
6498.069578  
6453.593055  
6452.628958  
6418.039763  
6523.766227  
6821.936423  
6524.316819  
6418.573629  
6338.558032  
6315.328506  
6554.552814  
6759.805518  
6393.604502  
6562.048552  
6432.73915  
6583.155467  
6431.516684  
6557.946627  
6593.753312  
6782.594241  
6643.413655  
6438.189723  
6552.5994  
6635.701106  
6413.032801  
6486.062459  
6414.324988  
6812.909997  
6531.258903  
6494.043381  
6418.729529  
7051.274527  
