-0.8076634171  
-0.2093337517  
-0.4824928936  
-1.132561233  
-0.5913284434  
-0.6433779385  
-0.09685532416  
-0.9451014704  
-0.5715362298  
-1.357848551  
-0.47425216  
-1.529153579  
0.5760380817  
-0.1522922567  
-0.7731474829  
0.7346116795  
-0.1695049538  
-0.3928648994  
-0.7118431225  
-0.9715472102  
-0.5376661221  
-0.9145171346  
-0.7753720187  
-1.090986941  
-0.6229209352  
-0.8639063968  
0.7824848882  
-0.3214844733  
-0.261389991  
-0.2885081308  
-0.3581225276  
-0.2428682437  
-0.6987187578  
-1.149729437  
0.04355617294  
-0.8233201888  
-0.7395662433  
-0.2728506334  
0.7297668059  
0.05011572455  
-1.304442887  
-0.6679027179  
-0.8957646952  
-0.2593353525  
-1.518632259  
1.517283597  
2.749367989  
1.960347016  
0.5012100332  
-1.313518762  
1.547468755  
2.32495873  
-0.3323530745  
-0.09620649961  
-0.4748927911  
1.513004681  
1.265215835  
-0.3154167417  
0.5229331342  
-1.242237501  
0.01262060094  
-1.619994893  
2.128828068  
1.326787408  
-0.5594524464  
-0.3921837727  
-1.394007872  
-0.3796444409  
-0.01825424943  
-0.5729475225  
-0.1840221823  
-1.24959598  
0.7893887139  
1.783166482  
0.9302962179  
-0.6508679417  
1.60669221  
2.464634535  
-1.045610262  
0.04976729574  
-1.054644622  
-0.342294659  
-0.343219087  
-0.4402262655  
-0.8962249944  
0.9487591892  
0.1937816161  
-0.6945905749  
1.109000506  
0.744479465  
-0.4113698171  
-0.5123778478  
-1.103307517  
0.1344847751  
-0.04150537493  
0.7858571702  
-0.3086032397  
-0.3348614  
-0.589093644  
-0.06772715977  
-0.3618986063  
-0.5045922779  
-0.1741390609  
-0.01373942174  
-0.9060340104  
-0.8212340736  
-0.5863916846  
-1.375815754  
0.9094264781  
0.948715722  
-0.02477791108  
0.9655196885  
2.954425024  
2.377902803  
-0.9623287692  
0.7283868738  
-0.8409011227  
0.3117544909  
-1.26543274  
1.646693327  
1.195560462  
1.408510579  
0.8374821962  
-0.5722415922  
-0.567842168  
-0.7882009784  
-0.5474268061  
0.1957947224  
-0.6306554963  
0.9077464288  
2.65646728  
-0.2918248257  
-0.1538978225  
-0.1367735481  
0.2636507087  
-0.1087520125  
-0.3802325909  
-0.1233115583  
-1.08713158  
-0.2106146148  
-0.1573342338  
0.4786843873  
-0.9116080579  
-0.699278167  
-0.8376778149  
-0.3934329898  
-0.1229905871  
-1.325872249  
-0.02040341423  
-0.8396427644  
-0.1618183835  
-0.6216736014  
-0.7031522907  
-0.7231283729  
-0.0500467115  
-0.08700654347  
-0.119990786  
-0.8933272328  
-0.724566704  
-0.01243796452  
-1.086014055  
2.516806444  
2.584977679  
-0.5653844258  
-0.08534835643  
-0.5365968634  
2.212936848  
-0.739091826  
-1.711521397  
0.1625693859  
-0.3227840394  
0.3773582703  
2.284801278  
1.124183075  
0.5217700994  
0.4840381805  
-0.4823492687  
1.918388199  
1.301723084  
0.3331687331  
0.4311207883  
-0.1422886766  
0.06809191276  
-0.4267902517  
0.1814451964  
-0.7466380209  
-0.3463667825  
-0.7008136994  
-0.2679040162  
-1.102965653  
0.4007187323  
-0.6692465621  
-0.6227769559  
-1.156068864  
-1.169458364  
-0.1982156548  
2.638803877  
1.642378184  
0.4224712344  
0.2494990849  
1.297004354  
0.5502067117  
-0.4546282301  
-0.6686839959  
0.2387044778  
-0.7892202354  
1.675958121  
1.783376749  
1.955876906  
0.7429856702  
-0.1452537817  
0.623342965  
0.7442427302  
0.1721137725  
-0.5142989345  
-0.2611056841  
-0.9076689231  
2.12960385  
2.740470742  
-0.1510778954  
0.3021093429  
-0.6915895566  
-0.2067898561  
-0.4027764845  
-0.7116138801  
