0.807108553  
0.2764692504  
-0.2714042904  
-0.316709451  
0.0153713969  
-0.06346720443  
-0.2085210661  
-0.3551077626  
-0.3726827749  
0.6209832225  
-0.279515981  
-0.8586682774  
-0.4482575388  
-0.4067678837  
-0.5016807424  
-0.3173362214  
-0.2460735755  
-0.5719537088  
-0.7710948987  
-0.2172583355  
-0.513689994  
0.2720038551  
0.2503335345  
0.3740420688  
0.02612287259  
0.4585203001  
-0.3887205413  
-1.235237135  
-0.2910085979  
-0.9373754845  
-0.8213512784  
-1.052026172  
0.03854075788  
-1.0340219  
3.754039432  
2.021449684  
-0.4048617977  
-0.09317216041  
-0.5086170834  
-0.1415871306  
-0.156391025  
-0.07694693987  
-0.4567776532  
0.01974229756  
-0.4637332103  
-0.3949152601  
-0.5148477003  
-0.07186364162  
-0.2458706141  
0.4484349498  
-0.281272979  
-0.3888097682  
-0.2745942552  
-0.7804974519  
-0.4391872274  
0.01993316529  
0.2876123874  
-0.1167670653  
-0.4638209911  
-0.2412445239  
-0.3158210974  
-0.599901173  
-1.144434763  
-0.3355372268  
-0.6130746165  
0.4454353467  
-0.07845928712  
-0.3560314262  
-0.4441679068  
-0.5227597496  
-0.446122524  
-0.2994240711  
-0.5013942638  
-1.095541482  
-0.6848978322  
-0.5908283863  
-1.030115152  
-0.751952192  
-0.4352222158  
-0.2712817366  
-0.4621399169  
-0.2521292487  
-0.9578679972  
-0.8787362361  
-0.7101601467  
-0.273810761  
-0.2485670419  
-0.2305195682  
-0.4728617163  
-0.9602330771  
-0.3317894431  
0.0284811761  
-0.7398778133  
-0.6862226343  
-0.5020625258  
-0.2584520223  
-0.667827765  
-0.3638331277  
-0.5291408976  
0.7903821179  
-0.3666014372  
2.09523461  
0.7514213374  
-0.9618925957  
-0.1114311476  
-0.9448004354  
-0.7708636995  
-1.052647066  
-0.6043047553  
-0.8550942775  
0.1775299091  
-0.9301837522  
3.955084298  
3.057665894  
0.2977281516  
1.215977605  
-0.2865654833  
-0.3067779327  
-0.9054719733  
-0.596380599  
-0.4504000164  
-0.6531280605  
-0.3750565585  
-0.4293453813  
-0.4214419503  
-0.7358415353  
-0.5213287455  
-0.4003437281  
-0.3599681988  
0.3196064977  
-0.299288251  
-0.3548102075  
0.1433522034  
0.01942048114  
-0.4148250116  
-0.2763076228  
-0.3638385671  
-0.3606710876  
-0.3545124599  
-0.2838089466  
-0.1444452774  
-0.7072842175  
-0.4713609494  
-0.4222940081  
0.4128195154  
0.1278031349  
-0.3932887598  
-0.1286247608  
-0.1521899419  
-0.2317510726  
-0.7962856309  
-0.2820504817  
-0.7581294936  
-0.2718759698  
0.8218341795  
0.5855268558  
-0.5411288252  
-0.2981151636  
-1.412924945  
0.07037258357  
-1.127618917  
4.360106325  
2.480892473  
0.334998061  
0.07303789534  
-0.3516244583  
-0.2951761594  
-0.1928917142  
-0.2563757997  
-0.3157066323  
0.1666938721  
-0.01107672333  
-0.116656036  
-0.1440026388  
-0.3384352718  
-0.2007159067  
-0.718126716  
1.220458134  
0.3695723176  
-0.3508787567  
-0.2003321106  
-0.3016880983  
0.07324857742  
-0.01282342813  
0.6239686578  
0.09437388438  
-0.533395086  
-0.6645741052  
-0.6833145645  
-0.3811404739  
-0.433430724  
0.1337986501  
-0.5853655906  
2.200179882  
1.050311268  
-0.2998642601  
0.5351801214  
-0.3268977178  
-0.1031059789  
-0.3836279775  
-0.2370430246  
0.2156677537  
0.04212183441  
-0.3960435275  
-0.7071780248  
-0.8890831399  
-0.1885526442  
-0.3410512295  
-0.3542412611  
0.228390313  
-0.2143454208  
-0.1088160701  
-0.1623578968  
0.5487478818  
-0.2524412547  
-0.03032647102  
-0.3753477726  
0.1565760029  
-0.7681355561  
4.13504544  
1.916743154  
-0.254177378  
0.1505325802  
-0.5518688266  
0.03047136943  
-0.3423149405  
0.1584352216  
-0.5617630402  
-0.2697451329  
1.083021014  
0.712541796  
-0.730873881  
4.205942633  
2.48376783  
0.5098687057  
0.2316386957  
-0.3243021254  
-0.107847945  
-0.2578113994  
-0.2331678088  
-0.1401023646  
-0.07335572038  
-0.2042934394  
-0.5053940661  
0.9522791456  
-0.6331158387  
4.039632241  
2.987980499  
1.086881701  
1.882817236  
-0.7220549911  
3.905595642  
0.1300611959  
4.03115666  
2.355941416  
1.132079921  
-0.03586181334  
2.865637339  
1.351385249  
-0.3022123408  
0.2685282815  
-0.3725433329  
-0.129586353  
-0.2488707378  
0.630969434  
