8983.482803  
8693.752543  
8410.482574  
8567.449272  
8474.631705  
8508.361312  
8409.265947  
8257.962326  
8710.727716  
8801.537163  
8472.141166  
8542.503222  
8567.555939  
8314.534359  
8352.056378  
8345.881786  
8273.040816  
8582.206963  
8387.980872  
8524.57281  
8663.854494  
7978.799174  
8715.163542  
8188.845754  
8580.652049  
8285.362054  
7933.893617  
8129.948683  
8590.975421  
8451.289393  
8292.054172  
8184.282703  
8588.99686  
8526.624258  
8543.559078  
8553.038714  
8536.455029  
8431.817045  
8357.343528  
8491.531726  
8560.803323  
8696.588405  
8656.966108  
8742.322359  
8673.643198  
8386.167541  
8450.458621  
8618.38998  
8527.868257  
8629.41621  
8601.254585  
8459.288897  
8548.14207  
8642.572545  
8658.68153  
8484.590879  
8597.011663  
8543.658919  
8554.832368  
8366.176166  
8864.139558  
8477.580954  
8619.747433  
8216.727984  
8647.102099  
8297.691188  
8932.274651  
8454.334077  
8426.167408  
8277.201522  
8357.483386  
8634.254754  
8485.392995  
8724.276111  
8424.961639  
8443.53089  
8282.019783  
8712.455255  
8518.607989  
8203.433834  
8684.875516  
8467.691409  
8827.311311  
8467.338251  
8333.481984  
8528.257597  
8486.157582  
8327.510213  
8821.487687  
8532.206294  
8738.637501  
8460.504604  
8322.402838  
7957.320028  
8546.46576  
8991.357694  
8563.23784  
8749.039797  
8344.305846  
8775.132714  
8781.605089  
8518.683981  
8522.56292  
8524.641366  
8459.531092  
8623.08231  
8441.047672  
8548.476649  
8608.629461  
8486.762682  
8368.339292  
8465.33447  
8637.805115  
8641.11634  
8573.482714  
8311.110045  
8725.268146  
8542.272469  
8612.095367  
8529.600073  
8615.120512  
8553.574941  
8662.208293  
8731.044312  
8705.722372  
8762.967485  
8856.09959  
8550.460826  
8728.365276  
8486.866242  
8699.564244  
8516.892196  
8515.354804  
8696.372198  
8544.705902  
8458.294901  
8451.482457  
8527.407627  
8785.68738  
8652.519986  
8660.529079  
8436.517163  
8255.080204  
8459.763773  
8246.911477  
8623.916084  
8607.492203  
8296.40524  
8279.447799  
8822.85949  
8254.969925  
8808.871545  
8522.017121  
8536.642363  
8692.656404  
8513.431417  
8764.779999  
8378.12987  
8570.707276  
8708.83165  
8521.895262  
8665.004135  
8201.481446  
8333.109076  
8835.616987  
8468.832702  
8746.594084  
8481.981262  
8657.757891  
8328.88993  
8633.062334  
8582.613481  
8388.774303  
8341.506486  
8457.81719  
8578.763122  
8607.104571  
8368.744635  
8706.584219  
8263.444703  
8176.634546  
8794.246071  
8392.320335  
8287.881502  
8259.421218  
8580.928131  
8766.229516  
8312.555799  
8351.932271  
8534.176592  
8410.729454  
8603.285672  
8641.66412  
8453.926951  
8425.80165  
8732.254692  
8644.48025  
8835.301361  
8661.798941  
8439.423418  
8515.830346  
8349.54764  
8293.545016  
8855.655226  
8580.714101  
8767.802481  
8494.093107  
8431.248413  
8842.463045  
8628.407234  
8716.674129  
8765.070163  
8722.576537  
8689.806167  
8445.345338  
8443.927137  
8627.652845  
8463.734822  
8684.931393  
8565.929152  
8704.012674  
8740.584405  
8712.363727  
8574.420307  
8698.725326  
8694.384021  
8657.697853  
8451.499151  
8591.55889  
9040.2539  
8616.054806  
8760.046105  
8654.748655  
8708.378366  
8755.911628  
8556.960006  
8903.827703  
8603.089192  
8576.934485  
8550.762027  
8788.566495  
8579.807549  
8399.914438  
8725.862893  
8693.776767  
8684.404333  
8728.430409  
8834.75844  
8889.800254  
8681.47302  
8631.515374  
8928.235789  
8709.755181  
8723.031837  
8845.070298  
8784.966439  
9041.18077  
8631.665777  
8593.861751  
8906.943808  
8848.000932  
8650.77905  
8622.34344  
8658.182929  
8406.378265  
8790.061157  
8711.473476  
8576.388522  
8906.016519  
8550.610759  
8820.737169  
8354.312283  
8642.821661  
8651.839683  
9088.839739  
8668.526992  
9392.187323  
8690.418517  
8592.36015  
8940.683606  
8531.745515  
8620.155142  
8654.048877  
8664.145155  
8643.913275  
8654.197968  
8568.355189  
8598.076306  
8704.383732  
8455.770778  
8702.264726  
8905.802594  
8616.811752  
