7400.31259  
7282.163211  
7162.813266  
7124.572591  
7023.98642  
7094.421529  
6989.366643  
7029.504064  
7001.68341  
7073.818507  
7074.653992  
7074.80809  
7213.640172  
7265.986354  
6944.015401  
7219.423668  
7090.566076  
7155.427313  
7086.545009  
7082.639085  
7059.068645  
7179.292324  
7029.068117  
6990.802528  
7081.022788  
7209.133843  
7098.861628  
7113.084749  
7131.420586  
7152.878178  
7072.281353  
7031.538565  
7125.471183  
7059.600118  
6999.197199  
7023.136119  
6997.52396  
7064.522529  
7043.222986  
7164.397523  
7095.548479  
7100.643484  
7059.127359  
7072.910619  
6943.007855  
7004.585906  
7108.009152  
7000.040293  
7098.609617  
6987.920143  
7133.660485  
7093.774289  
7168.518366  
7013.471362  
7091.108137  
7051.353762  
7072.283171  
6984.632483  
7142.712412  
7153.178522  
7089.313125  
7126.171266  
7073.550831  
6938.282523  
7022.618154  
7248.058588  
7195.806896  
7043.367804  
7253.313496  
7374.32399  
7249.764064  
7253.566511  
7249.291357  
7104.608021  
7144.191343  
7133.907391  
7119.642096  
7250.319016  
7282.450968  
7367.876685  
7287.850844  
7306.466659  
7251.606471  
7238.860485  
7222.75774  
7125.704485  
7478.628358  
7319.627461  
7205.516363  
7192.703423  
7169.527189  
7413.690844  
7293.799628  
7233.627102  
7278.31319  
7344.360639  
7169.184477  
7140.229262  
7118.355076  
7184.396034  
7021.926735  
7186.196968  
7057.495251  
7262.303091  
7117.696295  
7191.141176  
7165.408381  
7176.635299  
7197.074187  
7320.144146  
7107.767431  
7091.821327  
7085.910164  
7509.644025  
7391.57001  
7091.995335  
7370.023937  
7405.35485  
7336.980876  
7158.245614  
7609.72088  
7449.759379  
7220.452182  
7033.185732  
7336.765534  
7160.311299  
7280.099635  
7497.269266  
7228.595413  
7288.25987  
7565.791199  
7271.63251  
7202.177089  
7414.383594  
7229.306577  
7227.977602  
7213.014277  
7540.944314  
7395.502982  
7498.880178  
7305.43309  
7314.347839  
7205.994027  
7563.167974  
7486.646387  
6940.917118  
7185.986668  
7151.691703  
7023.368246  
7269.118216  
7250.075012  
7185.876608  
7022.973208  
7164.392253  
7163.105967  
7202.119588  
7129.287122  
7209.433298  
7194.21879  
7204.266417  
7161.784609  
7351.024055  
7411.409025  
7476.636264  
7369.243475  
7115.317181  
7278.560883  
7200.628057  
7263.170941  
7259.791555  
7435.776557  
7272.751444  
7181.332207  
7154.847233  
7068.419116  
7218.606362  
7154.206501  
7324.413172  
7235.33038  
7198.617237  
7403.455009  
7177.978713  
7278.685411  
7311.511122  
7132.209318  
7189.743987  
7317.795896  
7406.007914  
7229.30238  
7171.621232  
7214.834433  
7266.022993  
7210.969333  
7150.506495  
7241.664302  
7201.504935  
7219.162165  
7170.291518  
7328.326958  
7139.120112  
7289.123778  
7224.881444  
7201.390492  
7261.203109  
7575.237428  
7197.440469  
7246.086084  
7208.648639  
7260.55455  
7036.058033  
7546.12705  
7307.015891  
7352.509643  
7414.050373  
7252.195046  
7278.424481  
7327.4492  
7317.948138  
7338.312589  
7266.462869  
7248.199391  
7296.660275  
7221.286277  
7595.051822  
7508.110007  
7259.637729  
7318.258224  
7091.744728  
7471.236117  
7430.499389  
7488.422574  
7302.663561  
7345.041654  
7229.926947  
7394.016107  
7235.468728  
7396.157681  
7396.529551  
7160.287525  
7293.620913  
7523.966118  
7285.935166  
7319.438085  
7092.977509  
7263.264946  
7200.966282  
7081.14537  
7173.885703  
7127.301282  
7346.014365  
7347.507897  
7463.022507  
7396.677839  
7394.311612  
7451.383888  
7343.623149  
7313.011621  
7258.031557  
7637.353981  
7288.903796  
7644.691469  
7373.717761  
7126.376505  
7134.514943  
7251.463301  
