-1.386129786  
-1.145899932  
-0.8649412453  
-1.037015209  
-0.454270068  
-0.5571541912  
-0.691421462  
-1.651824622  
2.207273202  
-0.03858605806  
-0.2026125534  
-0.3255502515  
-0.5939592706  
-0.8291557855  
-1.657781662  
-0.839965885  
-0.9042444713  
-0.2216964599  
-0.9265738072  
-1.244749232  
-0.7110596595  
-1.233527827  
-1.169872055  
2.149672872  
1.259153031  
-0.7973570279  
-1.139877598  
-1.375748403  
-0.5289647111  
-0.8166785165  
-0.5076751428  
-0.2353871169  
-0.3697687233  
0.5607244896  
0.04082870081  
-0.7764740587  
-1.176696578  
-0.5338635962  
-1.340369096  
-0.1182013514  
-0.6932047903  
2.749149162  
1.00446914  
0.827887815  
-0.417658353  
1.20436971  
1.256596532  
0.3916090045  
0.4051113053  
-0.2719211355  
-0.1182993131  
-0.697529436  
2.870205883  
0.7987608126  
-0.06193221925  
0.02621699914  
-0.3128868398  
-0.06655545062  
-0.4906587322  
-0.7596179831  
-0.5712491127  
0.4463772194  
0.5259397943  
-0.6747282953  
1.746086097  
-1.532282738  
1.620560667  
-0.0879407005  
-0.7289049158  
0.2674908991  
0.4984812013  
-0.0996447013  
-0.2975114637  
-0.5418380324  
0.5293146063  
0.2527301726  
-1.49541068  
1.609694442  
-0.329398316  
-1.070440007  
-0.4318825717  
-0.7224639938  
1.905799923  
0.7747278787  
-0.7815337416  
-0.962300677  
-0.8426526502  
-1.060593192  
1.64066975  
0.09106781704  
0.8630541928  
0.9165904143  
0.2599552786  
0.4509927844  
0.32899563  
-0.5263208874  
-0.03685973966  
-0.5621289249  
-1.615362549  
-1.443748348  
2.729723226  
1.1551321  
-0.1728063283  
-0.3947703595  
-0.870978694  
-0.5772597127  
-1.529496541  
-0.3474302185  
-0.6184315855  
-0.999086594  
0.313964358  
-0.3033869398  
-0.8249935187  
0.6722446984  
-0.3049123764  
-1.242752511  
-0.3997328823  
-1.024086184  
-0.3538184326  
-1.17850434  
-0.3436427293  
-0.4288529599  
0.08743312916  
-0.3991315051  
-0.07274248393  
-0.7006793576  
0.6530086895  
0.223480102  
4.187591806e-05  
-0.3061994712  
0.04247090876  
0.1934926565  
0.05798426556  
-0.3138965041  
-0.2870874693  
-0.6650536879  
-0.3925453915  
-0.1556281138  
1.051811078  
2.364173672  
0.5706778197  
-0.4144997383  
-0.8866142195  
1.83255197  
0.5728329497  
0.1497174233  
-1.298332138  
-0.4211145677  
-1.601234956  
-1.303753596  
-0.9388589986  
-1.237841969  
2.413259643  
0.1189915883  
3.025811877  
0.1834437726  
0.1551184252  
-0.6710575122  
-0.6559476378  
-0.6221725545  
0.5671207055  
-0.1408300362  
-0.1127913757  
-0.6970475808  
-0.2257861909  
-0.160097905  
1.405833081  
0.6500754937  
1.974476766  
0.8214496896  
0.707056179  
-0.1977598177  
-0.4918912942  
1.15302124  
0.2926231063  
1.893143458  
0.283322973  
0.1578492514  
1.524955491  
-0.127717009  
-1.283803861  
-0.3522590824  
-1.55905122  
-1.645240493  
-1.010483213  
-1.019811849  
1.869290722  
-1.296308172  
-0.9545605596  
0.06225190208  
-1.893916723  
0.2531055567  
0.7443175678  
-0.4025786769  
-1.30302185  
0.2240089304  
-1.448833154  
2.396049842  
0.6812523565  
-0.1958124291  
-0.5505965224  
0.8011570616  
-0.5503689423  
-0.1367755893  
-1.096740259  
2.01339752  
0.2581491688  
-1.038620215  
0.8267647003  
-0.8110332917  
-0.7153901928  
1.463663464  
0.1521821246  
-0.09183085465  
0.05722041634  
-0.5268933635  
-0.4277611063  
-1.163617412  
0.5584579223  
-0.1178177018  
0.1990026765  
0.1548920078  
0.283951162  
-0.3946693354  
0.7959001022  
0.440401079  
-0.2513852863  
-0.5850041086  
-0.9182020383  
2.192592485  
0.2606078925  
0.09964325141  
-0.3806342893  
-0.197687557  
-0.5270092955  
-0.2137969494  
0.5254411709  
0.1590009346  
-0.2913654315  
0.07841159707  
0.3875175955  
0.7706827115  
-1.478998662  
-1.413960062  
-0.193967063  
-0.6281844174  
2.504587137  
1.162617733  
-0.3476096718  
0.0327821298  
-0.2066050205  
2.334942882  
0.8881280711  
-0.1726430075  
2.648652691  
0.9829365482  
1.486252021  
0.3637606117  
-0.1855349665  
2.105051593  
1.720986001  
0.9328726303  
-0.2242836077  
0.9496955355  
-0.7959896779  
1.012683315  
0.3463061296  
0.1182032346  
-0.03454655325  
-0.6752725479  
1.595125717  
-0.3622620661  
-0.05938528657  
-0.04271835189  
2.793530357  
0.6221880878  
2.151499767  
2.244719551  
0.7841024901  
0.4770828651  
-0.03304287609  
-0.3128674871  
-0.6750243189  
-0.3554939018  
-1.121325559  
0.03640787193  
-0.9974383413  
-0.766239551  
0.3952004956  
0.6993511045  
0.2922059479  
-0.5257896532  
0.2157960378  
