-0.4086750642  
-0.6405332109  
-0.8210637282  
-0.8448558898  
-0.7043567087  
-0.8828405758  
-0.9220613474  
-0.8259942462  
-0.7699737597  
-0.8011222731  
-0.8909021311  
-0.7092972202  
-0.7635746086  
-0.7685172615  
-0.6886858465  
-0.9196646864  
-0.3850756827  
-0.5304292965  
-0.6627106114  
-0.9089364587  
-0.5221363238  
-1.047124429  
-0.1163408131  
1.496570811  
-0.9076023789  
-0.5476314448  
-0.5992710038  
-0.7584930461  
-0.8893920375  
-0.7056546919  
-0.6212103393  
-1.014998435  
-0.751589349  
-0.79371122  
-0.7238179314  
-1.017716448  
-0.6397869138  
-0.7828165071  
-0.5443228357  
-0.9936092937  
-0.6105313138  
-0.968330397  
-0.5408764663  
-1.011462557  
-0.3514879944  
2.363893398  
-0.6255152156  
-0.9254501431  
-0.1983294396  
2.698797588  
-0.5957327285  
-0.4262586822  
-0.3861480548  
2.020714752  
-0.9427862486  
-0.3109364404  
-0.9032991099  
-0.4360033918  
-0.9015684157  
-0.4078072139  
-0.5593776273  
-0.529692243  
-0.499441351  
0.6124223916  
-0.6913863744  
-0.4936184244  
-0.7134985476  
-0.463195686  
-0.6274233701  
-0.6108754574  
-1.225326307  
-0.4346485838  
-0.5638774679  
-0.4572942298  
-0.6301253172  
-0.09270052147  
-0.8288787654  
0.237317833  
2.58896308  
0.1374939167  
0.1287741555  
-0.4807766842  
-0.2903813532  
-0.3453436797  
-0.6367682621  
-0.4346125406  
-0.6243557343  
-0.5120389462  
-0.205739089  
-0.4294212754  
-0.2651465916  
-0.1423326098  
-0.6261325386  
-0.3574314203  
-0.5738556669  
-0.3049695303  
0.07536394747  
0.2670922166  
-0.8770044685  
0.1303704942  
2.628015558  
0.1557473026  
2.031024803  
-0.02872210282  
1.825084273  
-0.6973237212  
-0.09269616047  
-0.5441817368  
0.1622525042  
-0.5520013675  
-0.2389071252  
-0.906842517  
-0.3661581058  
-0.7560887937  
0.3577558607  
1.20948033  
-0.0005982966229  
-0.6345030576  
0.5478059177  
3.260817428  
0.2452308657  
-0.01663056458  
0.5285254391  
3.067370924  
-0.08867592791  
-0.3193818234  
-0.2317302994  
-0.5021490138  
0.5219243101  
2.923433971  
-0.5830562853  
0.1060282239  
-0.7700198253  
-0.03330705004  
-0.5406372156  
-0.1123338579  
-0.06230015179  
-0.005448792929  
-0.2298505121  
-0.3913732262  
-0.09930271277  
0.8831949315  
-0.08636722474  
-0.4882171779  
-0.4163597508  
2.907087842  
-0.6518068617  
0.4252638145  
2.389504902  
0.1313349959  
-0.8557703968  
-0.1207645702  
1.879201159  
-0.5563510116  
-0.04511072818  
0.3260178962  
-0.4328420212  
0.1496836975  
-0.4032290755  
-0.4225638231  
-0.5755159386  
-0.2703173102  
-0.5520702062  
-0.5431526427  
-0.4615866584  
-0.1663212235  
-0.3048379416  
-0.4405332999  
-0.4500902112  
-0.2784358182  
-0.6576337608  
-0.2449755687  
-0.5782547756  
-0.03102352745  
2.117916472  
-0.3861227955  
-0.2794408476  
-0.8239479939  
-0.8939598994  
-0.3663227662  
-0.6148166407  
-0.1421950967  
-0.4300302715  
0.1117884031  
2.749033859  
-0.2433846502  
0.04066872442  
-0.5088550077  
1.534235896  
-0.3312975587  
0.7079230536  
-0.1974602095  
0.01611110687  
-0.2157761653  
-0.3130013806  
-0.4035612886  
-0.08382868977  
-0.6047750703  
-0.1406612954  
2.630894203  
0.3916997067  
0.09769256937  
-0.1457755583  
-0.203394227  
-0.6043906359  
-0.7033511529  
-0.2693022327  
-0.4347470988  
0.2633842711  
3.114921423  
-0.260502855  
0.3622248177  
0.3564451898  
-0.01132513401  
-0.2307354683  
-0.2740496767  
-0.1270841414  
0.05362044213  
-0.4431162776  
-0.2280637798  
-0.3431976214  
-0.2036622639  
-0.5722897389  
-0.693607794  
-0.2086955745  
-0.09533745015  
-0.08472330753  
3.394291166  
-0.4030379106  
0.2962715279  
-0.4634892487  
0.5378351253  
1.084045268  
0.03996446643  
-0.6667395589  
0.5468057856  
2.408890002  
0.2800630401  
2.783866936  
-0.1757156706  
0.1505325969  
-0.2311616567  
0.4903639071  
3.502862661  
1.993412917  
0.2952400985  
2.901638709  
1.822232185  
2.461380126  
0.4610349739  
0.1013736481  
-0.6618008294  
0.04452430427  
-0.5673073393  
-0.133938073  
-0.3436856046  
0.6679123608  
3.188991647  
0.3523788993  
0.6107563995  
-0.2831241181  
0.2153642508  
2.813022312  
1.351882087  
1.016772847  
