7353.448481  
7571.420027  
7258.824868  
7213.124951  
7353.532713  
7318.350177  
7209.770679  
7271.800317  
7330.585833  
7187.196382  
7165.14398  
7125.494821  
7325.873696  
7157.291722  
7258.777053  
7079.436021  
7372.614244  
7304.29939  
7231.173626  
7247.542124  
7096.25993  
7165.991324  
7577.675343  
7235.171136  
7343.654111  
7355.119668  
7060.079538  
7147.630391  
7416.323936  
7139.650855  
7479.837446  
7586.201233  
7439.604867  
7514.341696  
7398.269895  
7228.13562  
7175.790529  
7302.37518  
7306.114872  
7293.708697  
7460.092915  
7237.192613  
7364.696509  
7457.188162  
7304.805533  
7256.919275  
7003.432437  
7214.447936  
7505.053498  
7492.117552  
7471.077665  
7460.633049  
7449.290532  
7366.542005  
7403.612022  
7125.60508  
7365.38141  
7532.261591  
7522.726814  
7321.440434  
7427.161635  
7387.569043  
7345.26005  
6996.980112  
7291.370781  
7422.759332  
7487.855012  
7209.91304  
7416.663684  
7163.463783  
7087.729187  
7433.329378  
7616.760861  
7614.299863  
7245.105372  
7222.068337  
7255.521418  
7224.977942  
7390.176979  
7442.121305  
7736.666033  
7433.348326  
7554.286822  
7012.800006  
7181.220538  
7581.337132  
7543.477842  
7014.702885  
7589.455145  
7334.587391  
7007.951123  
7501.090158  
7151.339382  
7314.299777  
7375.994447  
7282.3562  
7430.707456  
7373.214853  
7345.732409  
6981.226038  
7503.859762  
7610.706059  
7325.062135  
7279.933413  
7559.625059  
7454.964734  
7443.454957  
7487.253847  
7383.528151  
7291.772968  
7247.871176  
7249.345232  
7295.95859  
7297.995507  
7473.158388  
7748.011276  
7419.396566  
7395.945926  
7174.73232  
7720.752653  
7385.122911  
7413.544337  
7231.616926  
7583.254892  
7292.936914  
7369.089713  
7300.068682  
7335.895025  
7441.067031  
7078.757323  
7191.959335  
7061.014196  
7348.127543  
7421.08599  
7315.638125  
7232.631574  
7508.288081  
7231.784544  
7524.930475  
7396.078952  
7319.649643  
7083.232043  
7078.126795  
7767.868647  
7354.382218  
7426.243078  
7216.005068  
7266.757515  
7294.774898  
7003.421687  
7485.422806  
7759.993344  
7316.767301  
7453.532458  
7243.903082  
7396.939862  
7172.052863  
6972.355509  
7281.823497  
7597.001436  
7118.068903  
7393.249515  
7319.34127  
7318.99399  
7189.025136  
7345.75378  
7296.880716  
7053.38622  
7331.526599  
7657.497654  
7259.869845  
7359.441436  
7303.075887  
7319.966058  
7443.582037  
7456.691335  
7361.546768  
7362.382689  
7248.756671  
6966.327234  
7372.316005  
7811.077686  
7214.754228  
7583.375954  
7070.995067  
7489.451718  
7147.350538  
7659.100975  
7330.164948  
7590.664312  
7439.280136  
7527.172327  
7151.406146  
7426.61431  
7560.876577  
7444.741803  
7153.298726  
7528.416317  
7289.017523  
7288.340007  
7417.097064  
7239.39231  
7492.348949  
7327.18655  
7455.751442  
7366.159811  
7511.348756  
7330.368222  
7230.878473  
7242.944848  
7395.83487  
7325.648482  
7434.256561  
7503.287065  
7355.781876  
7237.080644  
7511.25662  
7490.377291  
7406.270322  
7555.687199  
7413.807777  
7368.975168  
7668.636584  
7453.412923  
7161.571706  
7333.577168  
7457.719471  
7461.333061  
7163.4436  
7374.118251  
7252.330509  
7526.309906  
7516.675431  
7452.287944  
7463.240413  
7513.123661  
7434.426463  
7292.142817  
7620.201951  
7374.455225  
7523.2206  
7520.134464  
7166.36046  
7556.201458  
7469.260562  
7274.450885  
7237.108338  
7202.510522  
7174.485931  
7368.858413  
7463.194418  
7393.164446  
7558.310372  
7396.480796  
7556.816808  
7451.430884  
7320.004918  
6931.700365  
7540.630084  
7280.789396  
7515.116504  
7985.905512  
7410.634839  
7539.126515  
7348.099113  
7537.763238  
7259.195352  
7443.986195  
7202.892918  
7408.552422  
7581.686006  
7345.950543  
7111.762093  
7249.114228  
7363.373406  
7406.828132  
7132.378256  
7637.201959  
7400.641693  
7684.633184  
7355.659436  
7396.376763  
6998.870767  
7053.264054  
7062.722064  
7386.418708  
7352.916554  
7242.335476  
7303.780019  
7801.749367  
7356.696053  
7448.93758  
7485.228044  
