-0.007565108645  
-0.7601999258  
-0.3334104397  
-0.9664830682  
-0.8780604839  
-1.304611792  
-0.7021397686  
-1.077339358  
-0.878197261  
-1.146111285  
0.31478739  
3.560119865  
-0.6906759051  
0.2768826014  
1.975081661  
1.920073186  
-1.184036877  
0.1509457159  
-0.2127185215  
-0.5382523828  
-0.2955005583  
-0.7657117743  
-0.4842532808  
-1.10503215  
-0.6185685625  
-0.5070230109  
0.9405186164  
3.835142609  
-0.5006003105  
0.9073386602  
-0.1055322122  
-0.3326787419  
0.2840919262  
-0.6546693745  
-0.7385080912  
-0.84394877  
-0.5734190773  
-0.5052389538  
-0.5275665485  
-0.930581217  
-0.9374775569  
-0.712848771  
-0.7813267733  
-1.063286416  
-0.7837478201  
-0.7067305796  
-0.6683583176  
-0.5904858175  
-0.4838258946  
-0.6501545753  
-0.4639232593  
-0.8471056603  
-0.1744622444  
1.540927658  
-0.3202102562  
-0.6386189496  
-0.6704260127  
-0.6031936169  
-0.6473645157  
-0.08261892972  
-0.2868647625  
-0.07603429286  
-0.2513801623  
-0.8486539257  
-0.5836343406  
-0.9146925565  
-0.3897687564  
-1.126149603  
-0.2392111398  
0.5541927519  
-0.3442041134  
-0.8724144702  
0.2120222344  
4.161143683  
0.1873987804  
1.680891551  
3.006818431  
0.4613356491  
-0.3845731655  
-0.7286812183  
-0.7540262436  
-1.007654201  
-0.02895150456  
-0.1410187317  
-0.4471449675  
-0.2491629408  
-0.5320840039  
-1.028622156  
0.2262399986  
3.597655138  
-0.6642408478  
0.2684211397  
-0.3718403603  
0.296064909  
-0.2008616673  
-0.4740590106  
-0.5939344233  
-0.4053769026  
-0.8131217435  
-0.6131008853  
-0.8939753991  
-0.5923887652  
-1.066162325  
-0.2753631791  
-0.6605061848  
0.1277270219  
-0.7375449531  
0.2672168724  
3.413837729  
-0.6772972709  
0.2019189438  
-0.6831795149  
-0.4454621636  
-1.011363331  
-0.578752129  
-0.8098476004  
-0.4903889604  
0.1845462969  
4.177036886  
-0.7574471853  
1.123388164  
2.350243038  
0.1123974695  
-0.6537922411  
0.7185570009  
3.874478364  
0.4919373124  
0.08239531794  
-0.4746686742  
-0.4079730859  
-0.4270082275  
-0.6261581994  
-0.9653962158  
-0.9416754179  
-0.2296580745  
-0.3489127047  
-0.4782230303  
-0.8426159282  
-0.006547926975  
1.103957526  
0.1397155137  
4.077897499  
0.08844475325  
0.4579604899  
-0.7991673262  
-0.01462020432  
-1.018245237  
0.1031759905  
-0.8428534913  
0.4838994218  
-0.1966239524  
0.2725586809  
0.3390099881  
-0.3810291919  
-0.5018684535  
-0.5305651663  
-0.5729229621  
0.0945687804  
0.2766444538  
-0.4273727654  
0.3741720848  
-0.3804012885  
0.2931131397  
-0.568966449  
-0.5720007618  
-0.1996382858  
1.95621995  
-0.4137722673  
-0.05441152247  
-0.6801289311  
0.3180598684  
-0.4673705311  
0.3000601019  
-0.3522801644  
0.8394135579  
2.978671831  
-0.2794831577  
-0.2726053297  
-0.1431287119  
-0.3427618537  
0.177044276  
-0.5946967754  
-0.00310084804  
-0.5353337862  
0.09768765045  
-0.5442723782  
0.8914150747  
-0.1149726597  
0.70398761  
2.939575297  
-0.05366442381  
0.3836385717  
-0.3705870316  
-0.3012761302  
-0.05315539033  
-0.3457235293  
-0.2247408118  
0.09117863298  
-0.06440918133  
-0.3064795884  
0.0505830162  
-0.9068573521  
1.091415693  
3.59653882  
0.6749370038  
0.81220017  
-0.2483198326  
0.5368544833  
-0.3781474455  
0.05168958126  
0.4976682792  
-0.05307630589  
-0.1521266962  
-0.3000743895  
-0.1762606508  
-0.3191497709  
0.5642205433  
1.067913662  
-0.2278754629  
-0.1130878578  
-0.3774614172  
-0.122116069  
-0.06791718829  
0.2608914565  
-0.07277775051  
0.6393875764  
-0.2929763122  
0.2887893203  
0.2787606133  
0.003822809798  
0.2721467149  
-0.009452976783  
-0.06702952599  
-0.2683423527  
0.03334852735  
-0.08910302045  
0.4942535015  
0.2325581588  
0.6932753936  
3.225784155  
-0.2405869122  
0.1333549058  
-0.2757329293  
0.3292436855  
-0.4047636589  
0.2963065867  
-0.2759225504  
-0.2498470513  
0.1964886121  
1.285115334  
-0.1329906476  
0.1044478794  
-0.210874661  
-0.0469262441  
-0.2845442063  
0.003401916606  
-0.3658017221  
0.03686229916  
0.01134193277  
-0.1757498391  
-0.2671385391  
-0.1249459633  
-0.4799348646  
-0.2085025415  
-0.06983013873  
