2.052301727  
-0.6872216878  
-0.2182536293  
-0.9750055093  
-0.6233097407  
-1.088212344  
-0.9964810801  
-1.350340714  
-0.5591679669  
1.742743073  
-0.5869170813  
-0.5523752248  
-0.8679882638  
-1.023569455  
-0.7770870758  
0.6212634514  
-1.140796207  
-0.07477789204  
-0.2986742679  
0.1054042389  
2.581265472  
0.2977544907  
-0.1999825584  
-0.6332312259  
-1.634888387  
-0.7527992096  
2.936694479  
0.140074889  
0.03404777663  
2.054750523  
0.01381037052  
-0.1154527228  
-0.3951044898  
-0.7227534697  
-0.4038926377  
-0.8091731621  
-0.6288936354  
1.697049851  
-0.5323997166  
-0.1388261876  
1.44962465  
-0.7043641022  
-0.1176885789  
2.380514215  
-0.02645093067  
-0.07209914067  
0.2328181475  
-0.5082241798  
-0.8567578625  
-0.711772735  
-1.13022924  
-0.7974075958  
-0.7250951625  
0.4661395552  
2.346720919  
0.8574815648  
-0.6456252805  
-0.4064373833  
-0.2400246321  
0.7813280551  
-0.5151826813  
0.06245561266  
-0.5989083515  
0.04544232792  
-0.2237961365  
-0.03889565268  
2.23254603  
-0.1150435289  
-0.6438289393  
-0.4955926669  
0.9148967397  
-0.7757526139  
-0.3624450685  
-0.8519913174  
-0.566388866  
0.2271052146  
1.227620808  
-0.1891130373  
-0.107374071  
0.2025036387  
-0.3735460577  
-0.5436736285  
-0.7654610765  
-0.6918052456  
-0.893177376  
-1.17120154  
-1.11303417  
-0.8999547547  
-0.4174494977  
-0.6904528283  
-0.6947341496  
-1.801176643  
-0.9219142505  
1.384783255  
0.2124856395  
0.5592793879  
2.167076807  
0.9150907057  
-0.5374276219  
0.2166136157  
-0.1072404616  
1.087354167  
1.675436416  
-0.2716334758  
2.917646187  
1.975227785  
1.568031585  
-0.1258168811  
-0.374184078  
-0.9170506599  
-0.569530824  
-0.8210612881  
-0.7130181557  
-1.05761829  
-0.7576244235  
-0.7048875376  
-0.8547993788  
-0.1234328274  
1.980314498  
2.062256707  
0.8369321801  
-0.5723962123  
1.931531918  
-0.4492986342  
0.2776450962  
-0.4701762551  
-0.2844751957  
-1.358737353  
-0.3588821508  
-0.6786482858  
-0.5110259001  
-0.4804990691  
-0.9407914082  
-0.7904723495  
-0.4726708087  
0.6540978314  
-0.2780707489  
-0.8102076809  
-0.792934797  
-0.9113595172  
-0.55367515  
-0.4062071893  
0.07099144331  
-0.4138361959  
-1.140715124  
-0.6236716239  
-0.8324055903  
-0.7981536189  
-0.8967649915  
-0.3265937704  
-1.150667967  
-0.8709328309  
-0.9906048903  
0.00724691839  
2.131680815  
0.8422342861  
-0.3006091193  
0.3038603113  
3.092285134  
0.6270094347  
0.3325212004  
-0.5619510254  
-0.06560097652  
0.4495417608  
2.624114688  
0.221795991  
-0.33765031  
-0.1897841658  
-0.9747421087  
-0.2593471025  
0.4387013405  
-0.1943733085  
1.328740736  
-0.4565955483  
1.182996319  
0.07004222211  
0.2229675711  
2.135998214  
1.036913877  
0.2698875091  
0.4343805551  
-0.6133218107  
-0.2611194774  
-1.243275415  
-0.5746989708  
-0.7661733746  
-0.7712253923  
-0.6387502558  
-0.3181017663  
-0.7188979803  
-0.4717052352  
-0.5218464861  
-0.7645228661  
-0.3105979186  
-0.6549422897  
-0.769971959  
-0.4061818002  
-0.6389000904  
-0.45677033  
0.8989801447  
0.3249375004  
2.651910637  
0.933469075  
0.173431924  
0.8757261108  
0.02167480474  
-0.5429610349  
0.0680521705  
0.05645220265  
-0.4682731357  
-0.3130457214  
0.5342692383  
0.6667201595  
2.818827131  
0.8507397163  
0.535180776  
0.02638741004  
-0.1559817476  
2.508993019  
0.2786184411  
-0.4456274649  
0.1663618351  
2.755493918  
0.6518726224  
-0.2887768486  
