8737.827633  
8822.527337  
8432.073453  
8649.651748  
8467.70978  
8652.984063  
8521.751028  
8433.445261  
8343.082817  
8584.425943  
8441.439215  
8527.513173  
8576.238713  
8541.943878  
8482.603087  
8699.241661  
8506.370737  
8759.80334  
8554.521642  
8371.298155  
8790.115968  
8236.22  
8840.251549  
8510.265705  
8704.199056  
8390.498237  
8898.85724  
8402.847569  
8474.560969  
8546.720132  
8347.195595  
8765.131321  
8732.86652  
8643.489567  
8576.4979  
8402.325198  
8313.216776  
8649.770929  
8438.720658  
8456.625929  
8922.471336  
8658.376881  
8616.091917  
8659.101965  
8497.616495  
8772.023351  
8835.921181  
8694.224882  
8689.74731  
8567.169828  
8830.819415  
8734.60161  
8734.10672  
8646.358969  
8677.361723  
8745.618822  
8654.775338  
8813.087631  
8680.831275  
8627.974  
8647.231407  
8929.335019  
8650.729929  
8851.429359  
8657.457467  
8699.92276  
8888.349557  
8788.130648  
8711.052456  
8588.499837  
8440.058076  
8904.972385  
8578.559151  
8696.332434  
8620.702723  
8568.757343  
8584.301465  
8681.962504  
8590.272893  
8520.978404  
8724.449906  
8877.220892  
8661.800615  
8635.207409  
8487.791531  
8726.121556  
8947.765928  
8559.91057  
8805.190236  
8556.51006  
8318.565492  
8688.547295  
8864.864473  
8859.636122  
8649.970355  
8640.877741  
8581.455115  
8695.545121  
8677.287289  
8822.188174  
8910.944582  
8868.938437  
8615.148951  
8535.600666  
8797.765416  
8495.696908  
8670.714074  
8747.958002  
8704.041835  
8642.413598  
8679.039173  
9057.478923  
8665.144039  
8625.466475  
8564.833922  
8671.758184  
8681.564699  
8405.255112  
8522.553066  
8655.065549  
8754.33628  
8792.169379  
8638.923017  
8642.319492  
8879.941008  
8722.426037  
8665.659633  
8594.769363  
8952.82208  
8511.994778  
8905.74316  
9006.79061  
8742.334941  
8637.694302  
8288.300418  
8449.548549  
8939.757167  
8594.6109  
8603.905945  
8739.284495  
8726.493759  
8700.543066  
8734.438769  
8943.570071  
8727.426701  
8729.411417  
8580.006708  
8707.648591  
8710.100142  
8924.684519  
8662.768979  
8824.070885  
8495.085065  
8404.29897  
9019.858656  
8762.191931  
8746.319193  
8560.54765  
8597.299089  
8737.199402  
8615.837656  
8613.554713  
8587.291269  
8511.432679  
8630.695287  
8564.248701  
8700.49662  
8767.488155  
8732.544907  
8719.462122  
8789.411753  
8778.772944  
8769.283679  
9012.904779  
8568.887141  
8725.541435  
8774.714587  
8398.610189  
9142.720943  
8578.042316  
8786.556579  
9029.076476  
8625.835706  
8496.436767  
9038.354694  
8666.192217  
8774.208731  
8521.620051  
8403.865651  
8858.083994  
8720.030167  
8655.391808  
8990.371103  
8713.00728  
8929.837336  
8825.383691  
8397.198214  
8473.918311  
9222.88246  
8682.352282  
8713.798623  
8394.732067  
9053.10152  
8731.931428  
8823.513802  
8680.547821  
8791.81694  
8617.253527  
8850.934448  
8513.384893  
8679.822142  
8551.663049  
8448.120411  
8610.897108  
8681.78372  
8508.752772  
8876.328399  
8422.662468  
8604.128502  
8561.499131  
8376.570066  
8463.031371  
8610.600789  
8831.210905  
8980.081189  
8660.394979  
8657.136783  
8810.42878  
8753.342004  
8734.778905  
8640.550075  
9295.717033  
8872.747334  
8768.281815  
8687.127292  
8810.009026  
8676.759969  
8542.576195  
8827.442772  
8802.2541  
8826.166006  
8689.000321  
8850.493862  
8857.15578  
8736.300828  
8669.56274  
8596.679929  
8770.579439  
9020.992685  
8632.552534  
8482.407069  
8757.372662  
8457.745106  
8743.984794  
8745.317718  
8509.739401  
8757.852354  
8358.934662  
8820.08904  
8625.899416  
8595.843851  
8665.474587  
8395.91732  
9100.828728  
8505.328588  
8824.512641  
8435.965439  
8413.104049  
8522.224074  
8642.494943  
8557.755087  
8755.614137  
8342.784276  
8806.543021  
8710.825647  
8821.912845  
8644.314875  
8771.989229  
8686.347489  
9103.82631  
8688.479821  
8699.975177  
8670.729409  
9109.69353  
8511.917158  
8821.377346  
9048.58819  
8579.106638  
8710.696981  
8905.013474  
8739.989913  
8275.549652  
8403.188329  
