8601.385385  
8708.538504  
8419.325658  
8372.283792  
8256.635033  
8211.737073  
8210.967727  
8257.964005  
8010.788217  
8147.526472  
8371.809105  
8350.583206  
8151.404242  
7896.268415  
8316.155221  
8207.056784  
8312.754638  
8018.320488  
8257.149205  
7825.911523  
7989.444394  
8242.716061  
8337.829661  
8109.209869  
8101.962939  
8172.938132  
7622.550627  
8085.192719  
8456.629879  
8331.352892  
8185.662814  
8062.821484  
8157.871597  
8113.514834  
8405.486124  
7980.867894  
8165.468368  
8535.966977  
8348.337582  
8314.819763  
8205.024184  
8386.588155  
8009.626848  
8164.054017  
8356.135098  
8237.588665  
8311.035004  
8269.627019  
8302.339438  
8282.732657  
8289.784458  
8299.349985  
8208.887694  
8227.539463  
8315.817458  
8231.297393  
8224.703585  
8012.567408  
8255.097415  
8294.523496  
8051.970954  
8340.674738  
8301.79024  
8392.122707  
8159.300855  
8260.286059  
8186.037454  
8226.418533  
8053.079221  
8050.223235  
8286.285176  
8175.190182  
8282.499921  
8122.05253  
8233.819171  
8193.313645  
8162.322481  
8090.353648  
8166.982281  
8030.764339  
8215.892855  
8140.037327  
8282.053215  
8396.815379  
8275.302872  
8236.658884  
8255.985414  
8117.274115  
8014.343462  
7931.785257  
8154.720659  
8326.147811  
8221.611196  
8278.562005  
8317.782564  
8241.2781  
8237.200124  
8492.456036  
8136.213996  
7975.252212  
8064.194286  
8184.267658  
8045.360009  
8221.788645  
8144.030089  
8515.422147  
8128.801101  
8210.936391  
7933.630302  
8262.833061  
7968.455872  
8239.374924  
8293.84623  
8333.21163  
8327.184602  
8394.50171  
8094.283505  
8066.216529  
8213.562664  
8282.774003  
8031.33696  
8201.722565  
8493.700102  
8188.427036  
8497.788643  
8189.482722  
8383.905491  
8245.637261  
8320.191004  
8271.124658  
8292.006332  
8337.163832  
8316.554333  
8249.041725  
8172.355809  
8253.152614  
8076.078776  
8215.773161  
8224.590598  
8194.538227  
8051.322666  
8195.055436  
8110.51009  
8253.737327  
8389.93144  
8260.205701  
8133.201738  
8360.588266  
7985.848435  
8085.271268  
8135.890954  
8453.35029  
8045.248655  
8220.337156  
8343.440967  
8312.589048  
8367.409373  
8418.024452  
8157.504642  
8344.002759  
8177.96755  
8278.350029  
8031.445051  
8355.501987  
8242.458672  
8190.371936  
8566.76476  
8225.828645  
8320.541366  
8327.005555  
8160.288735  
8259.64686  
8335.123207  
8268.917402  
8071.551692  
8149.511041  
8509.012983  
8146.549  
8292.726695  
8393.880811  
8150.473571  
8472.821815  
8013.175959  
8207.051265  
8409.246946  
8215.149002  
8303.464066  
8325.377986  
8326.339229  
8314.384209  
8300.453046  
8316.384453  
8251.332663  
7818.648691  
8147.015091  
8439.666874  
8182.123468  
8342.12986  
8500.101283  
8181.575549  
8258.712421  
8345.686105  
8422.345034  
8341.208482  
8641.814195  
8379.909228  
8432.873991  
8535.141843  
8254.6191  
8340.505965  
8340.485293  
8301.892941  
8204.090024  
8240.751704  
8461.417362  
8212.574169  
8220.898916  
8101.642933  
8083.943206  
7990.438454  
8129.517854  
8117.666718  
7967.382357  
7884.707922  
7893.784916  
7904.447371  
7886.433231  
7946.596973  
7918.71761  
7915.408203  
8067.49472  
7935.116816  
8006.414323  
8114.142203  
8108.464248  
7994.181308  
8317.780304  
