0.2890203596  
-0.0003837348095  
0.05714448234  
0.3966646002  
0.5584765283  
0.8969567504  
0.3830000614  
0.4552727471  
1.883543503  
2.229586093  
1.626411056  
0.6956510339  
0.6397537826  
0.03304060807  
-0.9405683892  
0.1405318618  
-0.1262939419  
0.07908927679  
0.3585184988  
0.6226980455  
1.413036193  
0.7185452288  
-0.04176357028  
1.034450694  
-1.387913547  
0.7059065733  
0.5315291659  
0.6427444085  
1.300387207  
-0.04766245883  
1.098760271  
-1.295492035  
0.00451319056  
0.2111071312  
0.1434752604  
0.02634377578  
0.1200395889  
-0.5773971145  
-0.2273303505  
-0.2486434082  
0.3138719333  
1.478866239  
0.96042445  
0.08484986138  
0.7707988755  
-0.2373583831  
0.07089957536  
-0.1321177997  
0.2960218432  
-1.035375938  
0.2243382335  
-0.3757651965  
0.9961154421  
0.5376084907  
0.09928483659  
-0.588340275  
-0.4877716749  
0.0381918646  
0.409013513  
-0.3942535799  
1.175521463  
-1.421992571  
-0.1699041706  
-0.3667112116  
-2.295890593  
-1.824865707  
-2.62592499  
-1.486028916  
-0.9135203745  
1.571361981  
-0.7187981846  
-0.1197583372  
1.137999132  
1.393251107  
-0.3673266384  
-3.712557418  
-0.9188572648  
2.721130731  
-1.576686047  
-2.44521459  
-2.57972824  
-1.820507477  
2.3646028  
-0.2830752442  
-0.9684637422  
-0.5978887216  
-0.824510125  
-0.8297955592  
-0.9735247723  
-1.892444948  
-0.9451313107  
1.390678696  
2.094004712  
-1.144012057  
1.352403403  
-2.299911277  
-1.747227449  
-0.1801775176  
-1.401633117  
-2.904462434  
-1.405774982  
-0.08731856688  
0.08803495949  
0.167343842  
1.379179831  
0.724269511  
1.089860405  
0.07326166654  
0.1287698739  
-0.3530973441  
-2.866611979  
-2.07539853  
2.143375698  
1.843586722  
-0.353350065  
0.1014555008  
-0.8719999598  
2.123142488  
0.6630894321  
0.4706386603  
0.6590378562  
-0.0426573944  
-0.1503439526  
1.419938238  
1.205815711  
0.6290399387  
0.5711656067  
-0.5814811162  
-0.2368448949  
0.04263404353  
-0.6482237657  
-2.403537802  
-2.787446409  
-1.307492331  
-0.4808025201  
0.3942540718  
-1.076657048  
1.812673741  
1.733768218  
0.06120720384  
1.455928056  
1.255241143  
0.5862220289  
0.6477481161  
0.1552220719  
0.1636520031  
-0.1932944638  
-1.02430011  
0.3626476158  
0.7353592254  
-0.5619470491  
-0.1789676861  
-0.01294514013  
0.3875328582  
-0.8013131294  
-0.2407022942  
-0.1899795737  
-0.5758845517  
-0.9778052048  
-0.5918746603  
-0.1836928235  
0.8825102976  
-0.3209609529  
0.04027997699  
-0.3695650091  
-0.636406448  
0.3401994926  
-0.2654593648  
0.1484309407  
0.6332232298  
1.010667995  
0.866334914  
0.3755664497  
-1.87865108  
-1.135399769  
0.3470605984  
0.1503776913  
0.7396582413  
0.348643056  
1.239587961  
1.035583898  
0.7880305697  
0.7963921737  
-0.05789485632  
0.01834015795  
0.3182894684  
-0.02542307293  
0.6009528259  
0.6186974105  
-0.226331414  
0.4400124517  
0.5883453859  
0.7210695092  
0.2341746515  
0.0168719338  
0.04250274878  
-0.2937620989  
0.8785879321  
0.6006889608  
0.9619330415  
0.6343364993  
0.3166423228  
-0.2139416309  
0.6222122294  
1.760761976  
-0.3504771252  
1.26272642  
0.3895816051  
-1.034014851  
-0.0101467449  
-0.4669609775  
-0.04442208324  
-0.3174986299  
1.000005613  
0.512336805  
0.501592231  
0.7832814236  
0.7746809486  
-0.4390617403  
-0.005238282159  
0.2955120564  
-0.1396143533  
-0.2898161393  
-1.116812708  
-0.6061125847  
-0.3347679413  
-0.6480501873  
-1.291489643  
-1.736116023  
-0.7220156153  
-0.02888039878  
-0.4857970931  
-1.08811058  
0.05683502897  
-0.4153557502  
-0.5821714691  
-0.8620004853  
1.141441634  
-0.05255712498  
-0.7739844426  
0.3166384559  
-1.774341837  
-2.55409857  
0.009476051006  
-0.6607360663  
0.04773612262  
0.1323041218  
0.1253533546  
-0.01337062237  
-0.7158410977  
1.785941867  
2.097606085  
0.141582899  
0.5292921177  
0.2551493102  
0.03162249306  
-0.2238192081  
0.1257241222  
-1.155087517  
-0.5582726294  
-0.2324035051  
1.2545374  
1.144050439  
0.04798120363  
-0.7998370603  
-0.4230267723  
0.01585725377  
0.4723309886  
-0.2532887808  
0.03115366151  
-0.2221348526  
0.2919076039  
-1.060432518  
0.1949377685  
0.1181215384  
-0.5037887921  
0.3633957864  
2.137087299  
0.4680982651  
0.1016071648  
0.31122902  
0.3209122518  
0.3245435803  
-0.1825231967  
-0.3085670385  
-0.717346623  
-0.1035031393  
-0.5907565651  
0.5007068113  
-0.2502104231  
-0.402255968  
-0.8655140369  
2.014753945  
