7089.500342  
7103.959407  
6828.738762  
7121.214174  
7038.337943  
7048.140331  
6843.628233  
7153.455844  
6802.063299  
6881.19253  
6996.845923  
6861.855047  
6918.695379  
6991.308683  
6827.935709  
6824.119978  
7259.812991  
7030.589023  
6997.22211  
7006.999294  
6901.10491  
6964.817872  
6934.602995  
6974.595046  
6451.511868  
6572.147959  
7032.055838  
6762.024148  
6954.642057  
6771.330992  
6896.001779  
6886.842959  
7017.198425  
6907.570033  
6989.822964  
6909.392976  
7113.896413  
6666.38489  
6971.487145  
6627.408141  
6666.553398  
7090.751824  
6826.093076  
6885.931148  
6900.070765  
6863.789152  
6833.747554  
6908.52437  
6940.058726  
6973.701271  
6907.844503  
6876.967454  
6924.274532  
6988.587754  
6919.237392  
6833.404779  
6988.116315  
7002.068831  
6984.764384  
6954.228736  
6849.63199  
6904.914847  
6989.259194  
6619.842902  
7285.776871  
7062.02067  
6622.6147  
6565.933795  
6773.151089  
7302.873317  
6735.00464  
7352.679619  
6600.85112  
7030.215976  
7051.032212  
6939.458611  
6805.521451  
7112.712386  
6700.486247  
6838.448508  
7118.358101  
6485.4678  
6965.5573  
7013.356096  
7408.866497  
7020.738809  
7107.973502  
6985.388174  
7057.794402  
6991.394666  
6692.582046  
6833.362171  
7404.754938  
6530.057017  
6837.681094  
6884.561586  
7015.317865  
7057.205482  
7028.160831  
6897.121313  
6753.9204  
7177.209814  
7016.370194  
7078.142202  
7024.496377  
7384.213446  
7185.956588  
7468.882324  
6976.785591  
7147.993052  
6898.918586  
6680.681749  
6878.035837  
7302.37756  
6971.111034  
7179.048512  
6894.924424  
6974.195555  
7139.624172  
7025.419549  
7111.86104  
7011.36615  
6933.788769  
6808.768221  
7209.351205  
6949.158067  
7150.68929  
6905.582207  
6857.446397  
7060.797317  
6960.092539  
6832.185093  
6701.259798  
7066.662228  
6904.151989  
7010.791223  
6798.281531  
6746.085784  
7201.657291  
6897.191276  
7183.94563  
6871.501347  
6890.98011  
7021.498736  
7035.175124  
6992.425332  
6924.276469  
7115.241622  
7082.20394  
7110.995414  
7044.757257  
7073.908791  
7214.681536  
7185.676541  
7009.934123  
7009.981149  
7019.500721  
7086.7115  
6890.502767  
6848.700849  
6963.203707  
6902.560623  
7231.921834  
7074.566387  
7054.183933  
6981.106604  
7077.687567  
7242.412825  
7159.595048  
6939.876477  
7103.386493  
7025.260592  
7054.846048  
6778.764903  
7092.460901  
7090.734128  
7200.812251  
7173.14364  
6994.155928  
6943.157885  
7028.825066  
6993.586832  
7013.110218  
6928.945219  
7120.375196  
7030.847253  
7028.285173  
7077.970704  
7012.65139  
6930.977829  
7095.496097  
7102.724917  
7161.529632  
6906.375953  
6927.932053  
6928.515502  
6988.314475  
6972.125734  
6944.807542  
6957.503877  
6833.695228  
7093.663652  
6865.523856  
7047.044115  
6984.435415  
6910.470431  
7144.35741  
6668.074866  
6642.3645  
6972.133148  
6978.17499  
7123.134608  
7018.108135  
7111.256616  
6907.321258  
6986.156742  
7068.590324  
7097.396466  
7071.469009  
7043.587738  
6988.362172  
7102.55329  
7172.415357  
7106.745829  
6991.033193  
6949.936346  
6930.289557  
6614.775053  
6929.095366  
7162.86838  
7009.000245  
6985.904176  
7035.834546  
7085.312482  
7071.510803  
7001.189332  
6878.392334  
6651.930533  
7230.791566  
6782.762366  
7062.852325  
6411.088466  
6793.146554  
7150.81565  
6992.473844  
6921.647453  
6913.682088  
6832.614529  
6904.092783  
6690.713795  
6695.590788  
7253.14741  
6946.333618  
6911.752278  
6904.891618  
6909.631686  
6657.05531  
6796.545795  
6798.20344  
6869.030526  
6744.559043  
6698.435362  
7043.913595  
6831.987108  
6718.890055  
6864.803752  
6978.319125  
6902.210976  
6807.702199  
6864.115318  
6853.582185  
6990.767001  
6836.165706  
6990.505755  
6831.396916  
6820.711223  
6839.918436  
6603.092989  
6947.064253  
6888.297595  
6733.830966  
6888.837965  
6955.593283  
6898.454211  
6915.678064  
6874.380712  
6845.667405  
6836.486051  
6936.08303  
6602.081178  
7130.500077  
6731.878883  
6944.414688  
