5731.005413  
5426.868448  
5504.29061  
5541.984971  
5449.075799  
5716.808739  
5562.97688  
5614.168208  
5348.874421  
5471.269201  
5557.935334  
5598.436253  
5590.261473  
5386.582518  
5777.791896  
5531.380856  
5599.820366  
5496.548323  
5715.952951  
5545.813112  
5420.091849  
5590.780775  
5623.244239  
5532.279614  
5561.687982  
5571.474496  
5100.051693  
5355.30705  
5441.407432  
5595.692863  
5444.782193  
5338.389154  
5398.416738  
5596.927482  
5617.146785  
5494.237185  
5772.918363  
5470.84158  
5674.095722  
5311.704211  
5510.54772  
5703.70762  
5542.82265  
5510.163391  
5741.615468  
5541.479837  
5667.59452  
5451.316912  
5572.781368  
5639.661762  
5422.937194  
5510.316171  
5290.049679  
5581.107549  
5436.061162  
5628.302419  
5544.047546  
5790.347562  
5685.439903  
5488.473349  
5309.013192  
5308.088959  
5398.908617  
5539.677404  
5384.361073  
5406.747948  
5821.816057  
5828.240461  
5771.265751  
5580.506743  
5511.074575  
5472.567657  
5490.075908  
5631.42375  
5449.804898  
5259.325484  
5468.553012  
5584.361575  
5591.697247  
5430.727549  
5661.940345  
5530.756292  
5622.182728  
5653.270662  
5448.322202  
5543.69347  
5374.19707  
5601.040376  
5711.190421  
5498.287427  
5318.089689  
5604.026213  
5560.040969  
5532.671161  
5384.613446  
5202.071259  
5471.592197  
5352.624658  
5672.813207  
5515.750035  
5558.428902  
5281.8525  
5358.545322  
5627.4206  
5881.088525  
5585.614482  
5597.247814  
5711.031284  
5479.931632  
5735.946004  
5629.603749  
5610.784928  
5669.922884  
5785.576678  
5395.922741  
5531.40091  
5470.001983  
5525.912822  
5430.098193  
5349.954761  
5390.837473  
5528.182125  
5572.271904  
5529.466645  
5563.617475  
5553.130423  
5358.922122  
5413.959288  
5433.940411  
5525.838551  
5354.289014  
5370.117232  
5307.315661  
5593.669896  
5566.780256  
5291.638578  
5278.721808  
5419.2097  
5401.68687  
5353.39835  
5372.088601  
5295.971095  
5740.789374  
5407.34353  
5247.865859  
5553.88691  
5419.338852  
5377.079517  
5528.428927  
5390.067357  
5334.296986  
5154.012672  
5537.968891  
5323.330008  
5389.937848  
5127.095508  
5650.280004  
5708.614646  
5750.545907  
5414.888426  
5607.88632  
5272.005485  
5654.256004  
5634.261194  
6068.832894  
5821.736292  
5559.770709  
5433.066479  
5926.874728  
5431.693748  
5357.058533  
5542.228795  
5501.450561  
5693.63726  
5572.937192  
5534.922789  
5437.731318  
5559.20659  
5633.870215  
5365.530459  
5548.386215  
5470.489853  
5668.662483  
5380.831779  
5533.46893  
5748.667331  
5218.330702  
5623.49963  
5422.161027  
5506.180311  
5551.284012  
5527.814545  
5739.272924  
5443.138931  
5468.196  
5587.716965  
5394.239182  
5333.374266  
5182.833709  
5411.614837  
5596.750438  
5383.850424  
5254.076433  
5386.632326  
5719.767685  
5734.505598  
5420.812131  
5596.335804  
5355.477061  
5106.808352  
4668.439493  
5555.88009  
5393.010119  
5206.809746  
5611.774381  
5222.424319  
5617.978654  
5502.135502  
5349.840744  
5524.331859  
5480.888342  
5363.281781  
5196.696122  
5343.889123  
5492.0405  
5371.433167  
5304.80855  
5682.213405  
5368.388712  
5635.39421  
5339.726806  
5478.42873  
5504.248833  
5522.962283  
5496.461792  
5649.582065  
5479.828126  
5441.045643  
5546.329632  
5360.005477  
5433.850605  
5573.812426  
5528.707636  
5380.518837  
5729.058583  
5430.927341  
5459.349363  
5461.54577  
5302.195818  
5644.801944  
5480.721354  
5585.59721  
5400.786107  
5484.443368  
5319.748828  
5536.17582  
5401.407586  
5363.631489  
5403.047115  
5427.972709  
5657.142786  
5494.118539  
5334.001505  
5598.398036  
5336.961253  
5544.656645  
5513.528778  
5578.641032  
5593.229184  
5634.36271  
5471.929538  
5513.335548  
5324.51993  
5522.767875  
5606.609126  
5675.089744  
5410.294287  
5594.401062  
5504.449612  
5430.414617  
5646.917838  
5515.187184  
5537.176794  
5553.397835  
5219.71665  
5533.83504  
5462.292939  
5415.718617  
5252.787049  
5411.003324  
5337.084062  
5395.649588  
5231.031011  
