6598.109385  
6631.884549  
6355.987591  
6588.345147  
6549.757334  
6777.981749  
6628.414849  
6602.569896  
6426.716331  
6561.315542  
6643.723809  
6532.363397  
6773.199121  
6343.390439  
6819.047994  
6746.148553  
6553.886459  
6662.87418  
6747.97597  
6540.56218  
6372.85891  
6704.002318  
6704.357369  
6563.332525  
6541.968595  
6682.379108  
6250.31374  
6529.738669  
6575.220218  
6536.393634  
6531.501648  
6475.692513  
6672.145071  
6670.662062  
6719.56846  
6560.248534  
6942.142262  
6580.092965  
6626.521165  
6554.57691  
6641.608588  
6747.874217  
6672.610423  
6559.001633  
6863.315315  
6766.130493  
6672.110909  
6647.833949  
6736.864917  
6789.416787  
6643.020923  
6686.383082  
6637.620307  
6743.200747  
6811.269519  
6682.738304  
6656.457165  
6936.403279  
6842.048696  
6623.193135  
6424.593678  
6667.555961  
6560.029149  
6737.092914  
6542.080767  
6653.229522  
6832.397119  
6798.52284  
6724.073193  
6700.062273  
6583.845413  
6714.531017  
6672.251903  
6700.469896  
6622.595755  
6499.588039  
6562.55083  
6711.039402  
6668.529547  
6526.82249  
6835.681086  
6633.471724  
6682.587927  
6649.603817  
6542.935122  
6713.115835  
6644.87586  
6587.841155  
6694.282198  
6778.33047  
6581.633484  
6738.704453  
6511.476446  
6682.640256  
6701.473581  
6529.621019  
6768.039761  
6547.848399  
6843.437592  
6628.081964  
6854.784195  
6641.007619  
6603.582301  
6798.965875  
7026.00078  
6927.431908  
6744.520047  
6898.805329  
6879.283399  
6828.945789  
6687.859845  
6658.774635  
6838.352587  
6743.832534  
6619.512414  
6517.739455  
6618.404006  
6504.253376  
6723.287477  
6553.444824  
6616.503509  
6749.524895  
6751.632485  
6730.643427  
6859.992245  
6518.9704  
6567.539534  
6875.634855  
6475.626238  
6790.265242  
6586.069845  
6570.938158  
6490.663657  
6750.09978  
6534.722023  
6484.882393  
6536.717563  
6490.213822  
6558.757067  
6620.510768  
6734.823886  
6465.734253  
6798.662109  
6492.01211  
6420.677832  
6719.569161  
6705.532098  
6645.422727  
6661.424529  
6448.519  
6617.864184  
6564.185365  
6664.336172  
6399.359956  
6481.417563  
6587.586166  
6881.706641  
6774.417285  
6620.209505  
6670.716591  
6931.694336  
6594.769394  
6833.161587  
6856.21984  
6919.600718  
6804.430712  
6674.607865  
6747.627248  
7031.949399  
6869.664415  
6592.980884  
6877.097163  
6830.911057  
6974.005138  
6844.430333  
6683.217253  
6631.188247  
6718.714058  
6812.757435  
6623.043072  
6806.771758  
6747.961335  
6800.931772  
6705.562726  
6842.587338  
6687.508263  
6657.401579  
6781.241442  
6675.084409  
6681.274474  
6752.825963  
6688.507488  
6767.624964  
6798.598134  
6535.695967  
6744.609409  
6727.717086  
6711.24799  
6512.113228  
6658.491566  
6667.717583  
6669.117211  
6528.300073  
6681.193338  
6936.98708  
6950.530353  
6639.970746  
6881.811493  
6278.971421  
5986.440668  
6824.071474  
6950.055693  
6809.579245  
6345.862442  
6845.769909  
6479.940527  
6727.774608  
6718.840515  
6524.223687  
6808.250315  
6745.860344  
6755.607705  
6543.096878  
6566.458231  
6699.89931  
6601.830731  
6632.16554  
6814.738919  
6705.195007  
6828.588832  
6600.433366  
6742.211268  
6851.97484  
6837.656393  
6700.992211  
6860.481615  
6746.477621  
6646.567848  
6749.702076  
6723.59826  
6704.480832  
6739.38116  
6798.68503  
6501.943482  
6948.836827  
6841.279394  
6766.463756  
6662.348372  
6682.812534  
6812.60403  
6753.194968  
6735.694085  
6596.02077  
6932.281819  
6711.816112  
6716.036754  
6796.833554  
6656.870526  
6762.03674  
6759.14435  
6766.293147  
6673.540783  
6405.638792  
6908.887293  
6552.128254  
6857.221298  
6694.981107  
6810.988367  
6659.865791  
6752.127097  
6945.659205  
6829.928594  
6866.541277  
6880.3694  
6907.560971  
6845.923668  
6823.135665  
6618.813841  
6779.53748  
6749.10259  
6801.35653  
6649.495805  
6722.157044  
6658.688302  
6721.462672  
6729.640441  
6661.20498  
6526.133036  
6582.368326  
6786.210104  
6293.756971  
6769.483709  
6470.667846  
