7393.130879  
6622.320024  
7238.284063  
7005.771808  
7527.942029  
7122.363118  
7197.51828  
6898.86337  
7267.119041  
7073.14335  
7155.530581  
7118.66814  
7113.060242  
7176.454208  
7031.247308  
7180.214434  
7011.563777  
7049.944695  
7431.274942  
7153.663101  
7262.315567  
7057.381787  
7269.344485  
7074.924851  
7753.701108  
7655.934864  
7208.356191  
7326.195563  
7257.960743  
7358.891071  
7276.744051  
7665.581869  
7690.326861  
7400.830414  
7410.858873  
7277.016633  
7528.007259  
7361.332634  
7349.869306  
7267.588152  
7396.162736  
7278.008913  
7319.132044  
7311.986597  
7296.698934  
7291.158369  
7528.28214  
7194.478048  
7627.720979  
7231.064095  
7879.523392  
7700.795071  
7000.516079  
7233.5182  
7297.281415  
7562.301669  
7236.403567  
7066.994866  
7141.104302  
7155.55084  
7399.292342  
7379.329439  
7727.757303  
7467.55564  
7167.358355  
7599.064686  
7480.102515  
7541.298073  
7603.31113  
7326.511866  
7913.901457  
7570.592376  
7415.517348  
7450.836661  
7905.989969  
7315.780934  
7092.987011  
7251.673112  
7197.438064  
7322.724228  
7379.161811  
7542.128729  
7451.760672  
7651.589548  
7648.159769  
7525.651302  
7344.705419  
7511.220189  
7372.607808  
7413.241979  
7348.014357  
7580.718718  
7778.008124  
7425.200782  
7457.796407  
7523.349093  
7449.67968  
7368.873636  
7525.018642  
7376.508633  
7191.186983  
7293.571058  
7520.529449  
7479.360459  
7371.14892  
7315.940694  
7394.450774  
7443.262218  
7576.83101  
7605.950336  
7487.078796  
7359.373476  
7257.976992  
7312.148102  
7166.182536  
7208.31996  
7253.917571  
7342.900733  
7495.317956  
7086.587909  
7499.828411  
7461.514852  
7609.693747  
7574.162469  
7348.782466  
7579.538782  
7267.303238  
7427.436129  
7233.851402  
7640.11776  
7412.952181  
7445.765627  
7534.843734  
7708.940782  
7479.812013  
7389.953046  
7462.15805  
7584.198422  
7496.781571  
7289.888793  
7329.357352  
7434.912039  
7300.456047  
7441.732  
7411.787796  
7660.997575  
7386.975432  
7479.759605  
7118.619931  
7086.81185  
7540.065695  
7426.325165  
7203.923446  
7203.306801  
7191.393995  
7202.53208  
7166.796195  
7168.97115  
7356.974627  
7319.867684  
7159.241897  
7192.487905  
7233.270152  
7142.885128  
7184.966643  
7636.829184  
7175.136207  
7423.412904  
7283.645283  
7279.624937  
7058.882387  
7473.053246  
7605.958868  
7428.923685  
7335.371707  
7169.924004  
7417.348538  
7279.864039  
7336.159002  
7293.813254  
7819.693729  
7457.663365  
7241.069994  
7316.709365  
7234.793896  
7182.796483  
7391.074212  
7278.47905  
7488.467548  
7329.873174  
7517.999944  
7305.790191  
7308.346591  
7324.710494  
7255.930376  
7251.159009  
7439.027527  
7851.105872  
8896.546886  
8281.914756  
7133.615236  
7554.486336  
7175.58574  
7177.731758  
7055.518866  
7022.743615  
7530.503943  
7536.230369  
7230.307002  
7444.591672  
6973.209363  
7634.650845  
7243.254093  
7281.647987  
7089.766174  
7442.398054  
7256.172271  
7265.774456  
7701.121861  
7429.149346  
7571.47731  
7532.323644  
7212.381935  
7478.006017  
7565.932454  
7074.375804  
7528.597209  
7046.846041  
7705.444515  
7666.097085  
7607.372651  
7550.066845  
7181.427143  
7406.469857  
7012.457922  
7530.382037  
7353.752608  
