-0.4046444426  
-0.6378923295  
-0.9437314754  
-0.9069176492  
-0.8190693606  
-0.3866721437  
-1.039844573  
-0.6091732324  
-1.090206061  
-0.8351438483  
-1.582264177  
-1.1946725  
-1.284638265  
-1.063017788  
-1.340068052  
-0.7541513367  
-1.226525698  
-0.281855063  
2.870645829  
1.827003687  
-0.4790823906  
-0.3944925577  
-1.340681856  
-0.1648047253  
2.809749224  
-0.3063603745  
0.6631766602  
2.224135414  
-0.07654754055  
0.01454130336  
-0.5416155742  
-0.05399615027  
1.507682334  
0.03327499151  
1.040717246  
-0.237209382  
0.7996431175  
0.4792601997  
-0.2807848106  
-0.8128956195  
-0.3278994592  
-0.8014723198  
-0.3683982746  
-0.5995416366  
-0.4161331692  
0.7960024228  
0.07901667362  
-0.1523977822  
-0.3385066619  
-1.195791942  
0.9426694411  
2.724871106  
0.2663217126  
-0.6511116374  
1.218085596  
0.5230076672  
0.6330108192  
-0.9180868836  
-0.2963478541  
1.744544039  
-1.183437698  
0.1682642981  
-0.9284212186  
0.3201749129  
-0.3587964086  
1.018805882  
1.164069649  
0.1243104746  
0.7099917293  
-0.5035418634  
-1.105735592  
0.02173635496  
-0.1119618283  
0.5025670086  
1.167533761  
0.2912158135  
-0.1824605566  
0.457559653  
-0.4291992647  
0.09502964736  
-0.3878189587  
-0.06389651865  
-0.6672291646  
0.3545429268  
2.038609651  
0.05776520764  
-0.3589818716  
-1.246905454  
1.911235816  
0.1651869186  
0.2978021507  
2.013046114  
0.6487061028  
0.7199519541  
-1.010364205  
-0.1776259358  
-0.4783222501  
0.1072087946  
-0.1704184552  
0.4387278496  
0.8065248272  
0.3561746487  
1.584335902  
-1.131064432  
-0.6877919689  
-0.5668533432  
0.1574405075  
-0.2499884207  
-0.02279294818  
-0.1062522632  
-0.1574428498  
-0.6578072137  
3.048840546  
-0.218641884  
-0.2154051827  
-0.2066641357  
-0.1594011114  
-0.1798395793  
-0.2947652072  
0.6267758339  
-0.7328226216  
-0.4791143302  
0.1386628256  
-0.2292577851  
-1.012486789  
-0.3071831075  
-0.5653931151  
-0.4396890311  
-0.5535704135  
2.253056997  
-0.2697533343  
3.374209523  
0.4369667829  
-0.6375276734  
-0.5177054466  
-0.2022904774  
-0.5151123426  
-0.3274216677  
-0.3827464216  
-0.4355214424  
-0.92513741  
-0.862207078  
-0.8954378458  
-0.1502747114  
-0.7075432731  
-0.3650699718  
-0.9689105019  
-1.359289506  
-0.5357154755  
-0.6070076594  
-0.2642251038  
-0.1071299214  
-0.4367562331  
-0.3927990961  
-0.7028128684  
-1.31308759  
-0.5040268443  
-0.359643602  
-0.2158288397  
-0.5683880289  
-0.3150037384  
-0.1830193213  
-0.5926725252  
-0.1237156057  
-0.6749226022  
-1.333720097  
-0.5500315311  
-1.456545317  
-0.5849631064  
-0.7228765074  
3.600258514  
0.6870364645  
-2.692876352  
2.157436805  
-0.1066087353  
-0.03363453468  
-0.03750736452  
0.4359997542  
-0.005262617102  
0.2763297947  
0.4228551261  
0.04057729915  
-0.4740258128  
-0.1638618466  
-0.513194526  
-0.6866416196  
-0.07152257642  
-0.1058022059  
-0.1595159356  
-0.1765992702  
-0.1662861168  
2.53497488  
0.2599400015  
-0.1905885258  
2.219492776  
0.3425693485  
0.4879466814  
-0.3111308339  
-0.03132253044  
-0.4757442515  
2.851851494  
0.4994133747  
1.157531723  
-0.677931717  
-0.2496437452  
-0.04385499138  
1.233696888  
-0.5473071887  
-0.3669128018  
-0.4414739851  
1.150371851  
-0.8058506485  
-0.2095012554  
-0.08965386462  
0.08268564919  
0.4174407958  
3.584238114  
0.05645411013  
3.216016199  
0.8561948308  
-0.1975416883  
-0.3438307782  
-0.3247393873  
-0.4614519637  
-0.4230510585  
