7599.966012  
7381.524753  
7297.988148  
7771.695913  
7263.901921  
7168.880716  
7035.057178  
7110.659272  
7340.399025  
7216.662679  
7083.202572  
7337.291113  
7164.509272  
7454.285553  
7256.872065  
7590.969284  
7763.784064  
7132.744887  
7435.109133  
7161.349319  
7811.377552  
7223.817753  
7419.866843  
7133.100052  
7478.136492  
7318.608726  
7384.349856  
7214.537611  
7584.103855  
7731.943374  
7266.96925  
7300.914448  
7601.161916  
7413.648038  
7476.96714  
7217.912285  
7337.652922  
7285.71814  
7509.345518  
7286.047025  
7392.979512  
7504.710859  
7452.549214  
7264.808927  
7655.43393  
7635.032792  
7552.320877  
7540.582322  
7478.384094  
7218.275806  
7238.172051  
7693.41638  
7201.806151  
7854.497599  
7413.18014  
7288.003432  
7532.690307  
7784.319698  
7473.322641  
7384.67695  
7278.294566  
7256.007781  
7519.673122  
7742.053405  
7534.013048  
7520.098984  
7259.045352  
7321.392951  
7470.460324  
7698.355025  
7500.09458  
7372.187739  
7506.853891  
7751.824212  
7448.806785  
7554.062203  
7330.17768  
7566.373258  
6746.389951  
6973.164761  
7700.907044  
7287.909797  
7453.076622  
7345.397112  
7700.446114  
7708.933947  
7496.571853  
7329.525413  
7191.338872  
7234.482165  
7411.907004  
7291.272537  
7390.563062  
7422.506408  
7362.808751  
7432.922095  
7589.624678  
7454.75975  
7433.938503  
7685.474425  
7478.355826  
7611.462952  
7419.491066  
7385.259084  
7255.294096  
8197.126147  
7729.957732  
7499.386333  
6841.59426  
7351.47453  
7180.393168  
7322.290664  
7332.713209  
7082.082113  
7728.483679  
7093.154926  
7046.852061  
7119.424383  
7501.229278  
7398.666202  
7502.399325  
7507.694173  
7196.516018  
7216.599324  
7297.832804  
6835.522121  
7644.531059  
7230.667951  
7508.189398  
7490.137902  
7668.6568  
7370.891631  
7390.523045  
7370.687989  
7297.95969  
6765.82188  
7108.230581  
7003.358045  
7016.324025  
7275.571552  
7132.527656  
6920.607022  
7120.835703  
7241.969201  
7071.410919  
7216.25007  
7388.190009  
7250.576278  
7029.72578  
7027.178922  
7348.875751  
7259.052589  
7335.383851  
6843.78449  
7204.564516  
7356.622851  
7183.684027  
7127.474481  
7276.426187  
7358.854725  
7351.192009  
7262.186163  
7472.019761  
7291.124428  
7530.628016  
7301.594812  
7346.121283  
7131.96472  
7342.555645  
6849.439428  
7223.472851  
7387.303653  
7196.360235  
7977.432801  
8159.471978  
8040.745493  
8170.254095  
8003.016231  
7796.912989  
8148.816347  
7002.399029  
7492.842252  
7313.352581  
7168.576894  
7320.439747  
7157.809293  
7233.542554  
7095.84873  
7365.509347  
7343.980691  
7363.374988  
7387.922123  
7409.767059  
6896.956221  
7739.371177  
7943.349718  
6605.240643  
7754.525244  
7796.097305  
8423.595205  
8600.412511  
8878.00908  
8691.536664  
8766.819408  
8590.771996  
8757.139242  
7936.489803  
7451.737885  
8635.174404  
8650.028129  
8198.315402  
8551.750642  
7178.504342  
7240.561435  
7614.221442  
7281.573317  
7354.161403  
7246.751143  
7446.79573  
7312.190899  
7222.978713  
7246.643773  
7262.724367  
7462.414011  
7214.739534  
7329.133364  
7250.384765  
7281.033266  
7230.452902  
7330.739892  
7353.161666  
7416.21047  
7239.862071  
7316.474023  
7368.053616  
7304.219075  
7231.112768  
7401.751228  
7201.601425  
7349.854651  
7308.187625  
7506.417517  
7419.142991  
7452.8853  
7057.096741  
7181.697754  
7890.082515  
7410.351113  
6927.058046  
7088.061234  
7221.862261  
6878.962495  
7033.020488  
6955.331453  
6962.66903  
6847.482531  
7116.902698  
6855.847117  
7165.98805  
7247.920187  
6864.875236  
8390.738116  
7612.961265  
7048.007755  
7431.793294  
7051.171966  
8097.60409  
8037.186671  
7476.723442  
7304.961805  
7352.478513  
7054.333802  
7148.844826  
7428.976626  
6940.190627  
8048.203337  
8383.827051  
7675.045195  
7515.590812  
7415.136486  
7520.395816  
7328.221563  
7353.702767  
7233.158103  
7512.664025  
7359.840461  
7705.929072  
7315.867865  
7298.22725  
7373.351833  
7337.251827  
7272.482239  
7305.30398  
