7560.529155  
7316.202146  
7191.475733  
7373.167305  
7466.581866  
7348.688861  
7393.643879  
7552.412557  
7383.757061  
7407.31273  
7286.868663  
7315.015048  
7004.244307  
7079.493551  
7248.527396  
7394.955634  
7441.529234  
7248.039825  
7316.788049  
7334.216053  
7344.885112  
7484.502313  
7163.989912  
7573.949352  
7458.034767  
7144.858193  
7435.649431  
7211.162102  
7484.676974  
7512.772434  
7505.879963  
7425.9196  
7202.038591  
7287.216246  
7404.962538  
7464.940948  
7321.75845  
7396.749563  
7297.560264  
7152.583906  
7289.196741  
7354.427616  
7317.726904  
7288.133289  
7366.765138  
7332.211401  
7399.615128  
7563.691313  
7079.632623  
7499.524053  
7226.728975  
7537.434076  
7386.698577  
7285.345492  
7331.995807  
7312.633376  
7450.295116  
7419.099772  
7427.736583  
7483.538375  
7565.079109  
7397.986381  
7462.544939  
7411.684873  
7314.580156  
7382.165816  
7261.816514  
7283.426954  
7544.779377  
7311.352779  
7343.328104  
7347.847652  
7302.374235  
7453.706517  
7264.851984  
7124.632161  
7234.128107  
7398.645886  
7316.068857  
7451.758079  
7413.666568  
7296.953615  
7623.362169  
7312.855513  
7259.42378  
7123.075513  
7246.137112  
7113.531027  
7122.149455  
7147.678164  
7235.839926  
7389.137734  
7261.276039  
7188.145573  
7372.557356  
7184.973415  
7341.747207  
7212.362802  
7107.524122  
7130.312528  
7229.596903  
7327.243733  
7185.044605  
7356.973632  
7214.216359  
7322.101658  
7406.163861  
7122.833819  
7237.310093  
7313.763043  
7327.860296  
7244.171462  
7279.740173  
7374.114695  
7327.513913  
7307.194658  
7095.125774  
7401.36014  
7124.324676  
7297.392737  
7314.276351  
7097.346084  
7580.73587  
7103.721508  
7256.590936  
7353.391337  
7477.249513  
7118.475331  
7074.318828  
7163.181856  
7504.545027  
7220.36902  
7602.552877  
7038.001527  
7171.172073  
7212.752456  
7086.490741  
7340.180861  
7043.299731  
7283.968043  
7027.443097  
7239.820111  
7518.439976  
7598.073116  
7261.713074  
7373.827699  
7181.053345  
7151.289794  
7664.749135  
7310.358371  
7367.575055  
7234.610068  
7319.318216  
7251.615444  
7262.672202  
7284.373071  
7279.033711  
7273.28349  
7431.224552  
7357.286068  
7273.956254  
7234.368726  
7469.809984  
7265.916154  
7098.630209  
7282.714494  
7184.635556  
7310.458396  
7212.635808  
7452.031022  
7531.020931  
7198.629599  
6982.257062  
7344.598964  
7879.002395  
7257.959463  
7151.116519  
7069.474487  
7246.748511  
7075.415122  
7431.729713  
7434.164325  
7241.966158  
7378.672743  
7241.846665  
7330.185382  
7273.869235  
7208.649675  
7621.660815  
7492.675255  
7576.311131  
7441.368097  
7428.12168  
7592.987424  
7827.716111  
7528.830439  
7515.359145  
7263.186631  
7177.842046  
7165.205851  
7196.772183  
7091.322759  
7264.992031  
7350.511822  
7335.465571  
7222.791715  
7445.922374  
7636.58104  
7188.534079  
7600.755921  
7220.718964  
7087.870564  
6981.014597  
7394.805733  
7311.433935  
7072.131457  
6850.024037  
7176.266611  
7277.126029  
7432.538431  
7150.542443  
7124.744675  
7340.994858  
7098.841062  
7003.583031  
7166.61956  
6923.522161  
7115.759854  
7127.16661  
7174.746055  
8254.494514  
7391.357961  
7381.057791  
7581.443796  
7027.219695  
6500.647729  
7282.981584  
