7609.484268  
6963.864619  
7142.069231  
7103.862825  
7425.286377  
7210.72729  
7204.956458  
6973.04774  
7265.658537  
7100.787183  
7234.696606  
7139.200606  
7157.240601  
7215.647436  
7078.38209  
7116.717242  
7025.804089  
7192.934118  
7370.052137  
7167.65086  
7280.717387  
7144.1251  
7310.337151  
7171.362943  
7634.042706  
7481.600314  
7262.773122  
7312.910544  
7328.140555  
7218.234588  
7355.366876  
7568.993645  
7516.635787  
7420.125464  
7307.595861  
7328.104114  
7467.487761  
7373.1911  
7344.67714  
7250.875764  
7400.058972  
7291.435079  
7394.371233  
7220.38447  
7275.814248  
7336.738335  
7392.627011  
7260.471936  
7415.329033  
7199.559533  
7788.792293  
7623.16587  
7009.086866  
7281.611638  
7151.088046  
7507.185596  
7278.444535  
7126.796837  
7127.138991  
7146.878662  
7376.851121  
7399.150656  
7479.945045  
7315.953214  
7188.070298  
7495.217942  
7427.933704  
7478.974175  
7535.473065  
7335.84982  
7751.750046  
7493.6491  
7445.602879  
7336.173692  
7633.478917  
7102.590601  
7043.557369  
7178.543824  
7213.2317  
7339.515248  
7356.57918  
7510.609465  
7420.444144  
7578.233068  
7563.500901  
7493.721081  
7357.058811  
7436.924627  
7379.589086  
7481.418781  
7335.736992  
7547.724158  
7655.469907  
7375.378679  
7461.729642  
7510.347274  
7432.951023  
7332.776458  
7491.824551  
7382.158605  
7164.236546  
7301.250651  
7420.32026  
7393.472988  
7370.569147  
7298.586719  
7425.965307  
7426.020576  
7537.042037  
7569.113359  
7478.421774  
7323.060756  
7287.583916  
7204.424347  
7188.010885  
7297.212221  
7201.809909  
7341.596617  
7349.020903  
7165.759934  
7406.738851  
7402.349186  
7436.022045  
7531.97992  
7323.65971  
7472.25403  
7285.028364  
7332.254365  
7211.040491  
7569.174059  
7400.620753  
7429.388371  
7455.89263  
7650.584575  
7462.751201  
7328.041225  
7355.237967  
7448.244087  
7353.036482  
7311.647789  
7334.164953  
7410.40455  
7288.427355  
7481.634572  
7289.462004  
7563.499543  
7285.694871  
7259.626064  
7103.936894  
7049.61281  
7530.218155  
7358.638385  
7294.349643  
7180.753555  
7254.552072  
7251.391944  
7183.747953  
7301.808756  
7387.588208  
7338.448818  
7278.555628  
7108.918447  
7240.581428  
7090.756003  
7185.071295  
7507.690828  
7195.503187  
7432.21184  
7351.520215  
7247.574696  
7051.443745  
7470.474406  
7419.378843  
7368.411919  
7363.637401  
7185.548119  
7407.123683  
7295.724734  
7363.241138  
7360.244785  
7704.3757  
7534.358752  
7306.987421  
7396.234844  
7268.67014  
7197.028567  
7493.085442  
7305.807896  
7604.133228  
7315.803347  
7496.885744  
7407.937601  
7312.956382  
7408.983579  
7347.380229  
7341.687823  
7421.14974  
7878.797811  
8841.887124  
8170.475895  
7087.216136  
7450.217157  
7106.888286  
7209.113382  
7104.883719  
7049.892193  
7496.910283  
7527.647487  
7273.026138  
7459.491249  
7010.407858  
7556.608989  
7289.452405  
7338.616975  
7159.542224  
7432.379241  
7196.217373  
7290.082669  
7469.263763  
7523.461015  
7498.414804  
7457.301294  
7254.393509  
7373.914232  
7529.833943  
7132.439952  
7335.272645  
7021.462561  
7736.455254  
7554.433638  
7401.275145  
7523.802985  
7248.795374  
7380.546695  
7133.144265  
7501.127836  
7379.760044  
