2.156778201  
2.821827067  
2.50091781  
1.267682431  
2.199765182  
2.52253969  
2.979200249  
2.355929766  
1.341694921  
2.140313014  
1.726090302  
2.088110781  
2.003960558  
2.468127491  
0.6978550348  
0.6709392944  
1.509370904  
1.674035008  
1.667855534  
2.345339757  
1.155852007  
0.3651983494  
1.863996635  
1.779634523  
1.747310968  
0.3927537291  
0.6814186946  
1.139366748  
0.8051578004  
1.032298066  
0.7727114671  
0.5566578627  
1.293325415  
1.00262055  
1.18714823  
1.422303323  
0.7721676174  
0.4254876304  
1.444829228  
1.008494128  
1.753666728  
1.290386038  
1.404719882  
1.185741031  
1.779760373  
0.8146725311  
1.421120341  
0.9360549917  
1.779194542  
0.8243060102  
0.2680275757  
1.362400787  
1.142114453  
0.9508379849  
1.431663643  
0.8672626978  
0.4914321586  
1.161422889  
0.926456577  
0.9442379686  
1.458685342  
0.7809681584  
0.3632804738  
1.25179044  
0.8059405461  
0.9973392165  
1.031499839  
1.347785246  
0.770440688  
1.047534406  
0.7800381441  
0.7974562972  
1.030876094  
0.806290625  
0.8712844837  
0.9659843751  
1.243208441  
0.9594042163  
1.190771646  
1.240264258  
1.357915994  
0.7514706787  
1.532776936  
0.6086040491  
0.3658262411  
1.083804893  
1.375749383  
0.890607813  
-0.2192634468  
0.685316295  
-0.02951309826  
-0.2623824156  
0.08222332608  
0.1974252437  
0.1822122344  
-0.05545833505  
-0.0203137781  
0.2723509759  
0.01956030592  
0.3424075287  
0.01449650506  
0.2045957663  
0.06753300805  
0.1060349757  
0.1772116939  
0.2691391459  
0.09510831357  
0.2311267711  
0.3731536667  
0.4314700741  
-0.08362905326  
0.1459877829  
-0.01379007441  
-0.2888630648  
-0.06789581327  
-0.231526307  
0.1577384949  
0.09619126096  
0.5113265199  
0.0107758771  
-0.1794387212  
-0.0250595275  
-0.03680828654  
0.1170964893  
-0.1144328187  
-0.08719284619  
-0.2157780556  
-0.1815098168  
0.1825190662  
-0.00525434538  
0.004676353573  
-0.106930165  
-0.08104052476  
0.09009758486  
-0.1181834308  
-0.07899110393  
-0.01692494109  
-0.1126872378  
0.2623576327  
0.1571634035  
-0.09186338594  
0.004601096719  
-0.2804279253  
-0.3879517569  
-0.01008277496  
-0.1057676534  
-0.07642212411  
-0.3226163939  
-0.1626902557  
0.2643381421  
0.190056736  
0.03115919607  
-0.01204448691  
0.005511763191  
0.2223813194  
0.0666844497  
-0.6894788602  
-0.1966191355  
-0.1360599921  
-0.8751902298  
-1.083869278  
-0.8589796463  
-0.116465326  
-0.0721394955  
-0.3177302717  
-0.9564096871  
-0.9277407559  
-1.172684134  
-0.8310939264  
-0.6264875115  
-1.186556256  
-1.414447001  
-1.056656508  
-1.104569324  
-0.6819439215  
-0.5644626847  
-1.229693584  
-1.302580979  
-0.3897180041  
-0.5961461684  
-0.9307331052  
-0.6327625566  
-0.9577390662  
-0.7229415565  
-0.532198635  
-0.8403219263  
-1.135356888  
-0.6638582587  
-1.34267364  
-1.137231942  
-1.611206626  
-1.468047311  
-1.056761063  
-0.8620451313  
-1.002248845  
-1.372681718  
-1.796973769  
-1.610911398  
-1.53931833  
-1.008684228  
-1.005149101  
-1.19861738  
-1.659149415  
-1.714258782  
-1.58028076  
-1.324493792  
-1.20236183  
-1.158888434  
-0.7131451921  
-0.3351324347  
-0.4170252705  
-0.2897662462  
-0.5708835159  
-0.606000866  
-0.119263722  
-0.383036813  
-0.4437670632  
-0.6547728627  
-0.2678309908  
-0.2926298594  
-0.6571209646  
-0.4068840282  
-0.3674988029  
-0.407973889  
-0.5585600533  
-0.2880998735  
-0.3785899026  
-0.3705519807  
-0.3342638643  
-0.1958219532  
-0.2981745759  
-0.5112201318  
-0.4392109  
-0.09582132403  
-0.808646449  
-0.2362748301  
-0.5708461682  
-0.4145815098  
-0.3426988279  
0.07732050353  
-0.3040382393  
-0.8598433846  
-0.6877970166  
-0.04040091337  
-0.8909348377  
-1.192888531  
-1.489455761  
-1.241846037  
-1.04256434  
-1.40203557  
-0.9601404733  
-0.7927760479  
-0.4775987731  
-0.906355968  
-1.248593047  
-1.34601084  
-1.211421047  
-1.506418828  
-1.308792145  
-0.8388346591  
-1.169748709  
-0.971988923  
-1.527662119  
-1.50074196  
-0.8748711296  
-1.070674905  
-1.332664275  
-1.532599003  
-1.35441307  
-1.148753436  
-1.432889085  
-1.659195535  
-0.9944463778  
-1.54992414  
-1.293819189  
-0.5902816094  
-0.4432953727  
-0.7997893674  
-1.364243612  
-0.6333361356  
-0.2850960103  
-0.4937725744  
-0.2413326253  
-0.2269852019  
-0.1218699834  
-0.1675478402  
-0.5513679133  
-0.115064476  
-0.9350823061  
-0.9531382792  
-0.4672478421  
-0.2647847517  
-0.6476723783  
