1.89439504  
2.179438639  
1.828945104  
1.005459986  
1.260120947  
1.663061565  
2.018149492  
2.19534288  
2.073364075  
1.51352963  
1.273741874  
1.304210992  
1.470574012  
1.937190014  
1.71704567  
1.032792968  
0.9026055338  
1.018171755  
1.326897591  
1.689158173  
1.470206524  
0.9991899939  
0.9640608278  
1.706058141  
1.03333045  
0.4328420976  
0.9651594896  
1.217142616  
0.8830845364  
0.6515073695  
1.248019927  
1.286139342  
0.9062643913  
0.9236919747  
0.9542843008  
1.219345096  
1.184936211  
0.7439893924  
0.8710276383  
1.046364204  
1.189210142  
0.9465502939  
0.9641492837  
1.046064564  
1.282790555  
1.156701749  
0.732482513  
0.9938234563  
1.169782165  
1.272623206  
1.303529902  
0.8798300191  
0.7230102223  
0.8083897107  
1.116485996  
1.357054834  
0.8898925731  
0.752835806  
0.7970275845  
0.7200387953  
1.066214842  
1.046138876  
1.227042051  
0.5696066228  
0.7730150321  
0.7488259373  
0.9578426353  
1.026244438  
1.264279189  
0.5329525861  
0.6951880304  
0.6604872757  
1.060900713  
0.7675026913  
0.7355606536  
1.062868533  
1.111118102  
0.6840847695  
0.8589057391  
1.046248653  
0.9404050198  
0.7312464449  
0.9925299816  
0.8608680103  
0.8651492404  
0.3323766991  
0.6014254255  
0.6200913681  
0.0476168787  
0.7725117428  
0.479631593  
0.6608057688  
-0.09122491727  
0.1961112787  
0.4967937821  
0.6122174672  
0.4903010287  
0.09660697246  
0.349441683  
0.4445967336  
0.04482469379  
0.07016003917  
0.2941021976  
0.1312271156  
0.5701239068  
0.3831110418  
0.1708838083  
0.3545108635  
0.5422731128  
0.3848168351  
0.2419286039  
0.2433430249  
0.5479143673  
0.4104354429  
0.01967659174  
-0.1413885706  
0.2053545808  
0.3996105095  
0.5518741484  
0.1178246903  
-0.1366984695  
0.0127177056  
0.0428641954  
0.2781962482  
0.4927061039  
0.1977847105  
0.009311717363  
0.2127859743  
0.3099478191  
0.3414251511  
0.1136134669  
0.1629146508  
0.3183324827  
0.1607256245  
-0.03702465747  
-0.008684953393  
0.2104286819  
0.2138145745  
0.3572737041  
0.07250207728  
-0.2788664317  
0.03685359981  
0.6067412768  
0.03431581029  
-0.06122228822  
0.3582190566  
0.180065  
-0.110841065  
-0.1239030174  
0.2892418773  
0.2385540609  
0.06319017824  
-0.1825759596  
0.2302109211  
0.2504195397  
0.1864338766  
0.1735005923  
0.1737136658  
0.2292868401  
0.345840399  
-0.8446061049  
-0.4188656711  
0.004489479099  
0.163084659  
-0.08702889023  
0.09899341852  
-0.09945557299  
-0.1968444285  
-0.0005122830616  
0.1719273688  
0.5439323372  
0.1636619051  
-0.1556521624  
-0.1363554857  
-0.05442941208  
0.04589800453  
0.6224351835  
0.07416727173  
0.01143849355  
-0.1381323192  
0.09602558056  
-0.8514828022  
-1.676675459  
-0.5236563501  
-0.6397061043  
-0.2191507842  
-0.1600945515  
-0.4519573383  
0.1316233615  
-0.6133166041  
-0.4761550801  
-0.6235538767  
-0.5989828781  
-0.5457377549  
-0.1610313386  
-0.6317712899  
-1.569040268  
-1.714049032  
-1.726440225  
-1.383121697  
-0.7408575214  
-1.169387773  
-1.83514615  
-2.091430808  
-1.107059347  
-0.5782087584  
-0.7522613234  
-0.5179323966  
-0.4062464325  
-0.4107596182  
-0.5168330177  
-0.8555331002  
-0.6284205914  
-0.4395299398  
-0.473095311  
-0.5467858952  
-0.7433138543  
-0.548426405  
-0.2585004734  
-0.4759019119  
-0.4042410793  
-0.5495606716  
-0.5332339248  
-0.4101026962  
-0.3906240232  
-0.7848533064  
-0.6548964855  
-0.7821883794  
-0.705464834  
-0.5014759317  
-0.6238466641  
-0.6635757391  
-0.4976110637  
-0.4905650744  
-0.3360457968  
-0.8400969121  
-0.8144412042  
-0.8196828677  
-0.5289420744  
-0.5325916507  
-0.2949365005  
-0.83937559  
-0.9925162316  
-0.5304154399  
-0.3550276995  
-0.5270418654  
-1.087845408  
-0.729078197  
-0.1001887567  
-0.2313970271  
-0.7102765311  
-0.5337755075  
-0.6743503926  
-0.5386827326  
-0.8748945518  
-0.6221151816  
-0.3814015184  
-0.5296034127  
-1.055868515  
-0.3742272695  
-0.1162221466  
-1.110879711  
-1.122341889  
-1.481046177  
-0.7470474307  
-1.230372309  
-2.5141333  
-2.499816516  
-1.875429439  
-0.9712635686  
-1.441609761  
-2.538766597  
-2.573194848  
-2.742252504  
-2.937881194  
-2.117065496  
-2.671568504  
-2.50239281  
-2.227006564  
-2.16242928  
-1.97090593  
-2.111604709  
-1.911668227  
-1.570683005  
-1.639737922  
-1.677130345  
-1.532794055  
-1.332212543  
-0.79490691  
-1.487165675  
-1.489775749  
-1.740018963  
-1.660223033  
