7904.825861  
7729.5145  
7638.933861  
7466.485104  
7468.901076  
7566.779795  
7686.302078  
7764.938913  
7798.796698  
7499.969789  
7500.220076  
7446.154819  
7505.895748  
7602.940172  
7708.917836  
7529.84415  
7355.481468  
7368.65524  
7447.385871  
7516.940924  
7514.446713  
7504.143871  
7358.127973  
7525.499817  
7397.418227  
7330.30164  
7323.645153  
7388.080361  
7411.298019  
7259.518518  
7400.990141  
7478.082438  
7324.307012  
7316.561478  
7369.589786  
7370.03484  
7513.473342  
7458.364011  
7307.264965  
7384.120107  
7363.02031  
7422.859817  
7333.322222  
7381.651271  
7458.958431  
7479.182588  
7288.953628  
7489.102918  
7322.21748  
7490.946547  
7593.873145  
7309.876033  
7369.708918  
7324.320629  
7424.197218  
7500.509799  
7449.057906  
7330.784001  
7341.228316  
7306.815034  
7395.191571  
7397.165597  
7485.615776  
7283.630681  
7373.685599  
7375.123986  
7412.093206  
7397.311303  
7512.770633  
7271.665103  
7410.054474  
7346.554289  
7421.966435  
7433.070658  
7354.907887  
7416.266201  
7471.204397  
7345.817711  
7329.079834  
7403.215665  
7400.018378  
7365.73679  
7414.770482  
7435.339998  
7456.207043  
7221.018839  
7338.901006  
7358.75021  
7212.118936  
7275.852711  
7293.324676  
7364.824446  
7171.010596  
7215.722219  
7266.056512  
7423.793436  
7200.827566  
7203.365417  
7237.361615  
7255.280463  
7174.512017  
7187.952809  
7221.224628  
7244.613433  
7283.732387  
7271.155492  
7224.791609  
7193.331248  
7267.278534  
7280.997439  
7201.554181  
7210.444446  
7344.869581  
7251.188148  
7194.356913  
7205.13764  
7212.097327  
7251.147203  
7348.387932  
7145.908805  
7125.762816  
7179.287704  
7159.083517  
7294.414944  
7290.490073  
7311.662132  
7176.192108  
7208.414499  
7176.469666  
7243.387072  
7211.209346  
7179.587898  
7278.47295  
7199.517013  
7163.355454  
7198.661807  
7193.820177  
7239.560818  
7271.567045  
7180.073467  
7098.256825  
7200.878544  
7272.669907  
7228.475077  
7141.066371  
7228.073802  
7263.890953  
7169.322074  
7113.387284  
7236.981352  
7193.708193  
7162.675188  
7130.790742  
7218.399571  
7187.582639  
7281.00448  
7331.956939  
7257.080967  
7270.1121  
7518.720928  
7500.258654  
7373.886339  
7281.816979  
7323.686573  
7318.902682  
7376.90069  
7429.867922  
7476.756523  
7384.21129  
7395.824777  
7635.292252  
7539.332748  
7537.693854  
7482.910627  
7375.893497  
7328.005526  
7650.080476  
7550.907498  
7406.180081  
7345.727086  
7416.521465  
7155.648691  
6975.179196  
7231.167093  
7165.050769  
7368.871758  
7483.162109  
7294.606157  
7625.214899  
7505.865707  
7536.005147  
7512.543927  
7511.269473  
7357.580257  
7552.936815  
7659.604335  
7431.513677  
7388.435648  
7475.154936  
7367.499976  
7564.514394  
7565.955144  
7267.018  
7257.362523  
7410.933043  
7305.534406  
7315.301312  
7361.729246  
7343.1262  
7240.072944  
7213.712892  
7098.234129  
7193.489594  
7259.839423  
7209.257976  
7193.24071  
7203.512668  
7314.301626  
7234.196877  
7234.170703  
7328.073118  
7216.593357  
7281.297083  
7222.907493  
7284.644022  
7180.867526  
7135.179257  
7157.075814  
7202.128229  
7138.875685  
7262.717751  
7244.860584  
7190.391392  
7196.384341  
7255.980245  
7044.276178  
7168.744884  
7096.746173  
7210.330378  
7190.521639  
7241.926237  
7448.088691  
7288.039089  
7211.679428  
7526.796099  
7571.296527  
7518.249205  
7529.25453  
7560.721269  
7650.359904  
7445.225048  
7376.188779  
7268.479348  
7413.688207  
7488.242734  
7555.575474  
7559.799509  
7650.55219  
7501.687798  
7479.037781  
7790.045132  
7472.79439  
7586.268583  
7562.639444  
7463.147949  
7787.601738  
7715.850457  
7534.256887  
7440.930337  
7782.169443  
7628.287981  
7539.136672  
7714.470907  
7494.659667  
7249.607126  
7317.781542  
7099.472977  
7101.185806  
7411.497304  
7289.563932  
7315.711896  
7176.952923  
7194.281366  
7222.303691  
7161.529155  
7308.638267  
7233.856815  
7321.534382  
7625.057713  
7423.03818  
7243.794947  
7243.427772  
7333.998889  
