5957.014226  
5783.572184  
5742.657192  
5587.308143  
5528.760925  
5607.439631  
5715.992243  
5751.123082  
5856.148189  
5610.704403  
5569.334237  
5549.091109  
5579.33391  
5686.308095  
5784.689011  
5634.197644  
5462.666373  
5500.851912  
5562.747757  
5645.93058  
5673.52372  
5628.379389  
5468.311939  
5711.092483  
5501.291906  
5519.369221  
5674.368336  
5632.128375  
5587.347814  
5500.323688  
5627.980405  
5686.00424  
5528.363075  
5509.296417  
5570.986261  
5574.342008  
5700.529027  
5556.902815  
5492.347337  
5562.630039  
5592.24326  
5609.099787  
5515.504483  
5587.307388  
5632.3889  
5673.094794  
5432.37921  
5677.903615  
5529.184798  
5642.230721  
5735.348752  
5487.796991  
5530.575955  
5539.765471  
5566.481078  
5669.955154  
5599.462851  
5476.950302  
5571.782689  
5522.432547  
5580.08073  
5589.91242  
5669.563293  
5438.598064  
5573.439503  
5559.71391  
5601.659282  
5601.074532  
5685.263786  
5456.797013  
5604.148937  
5543.368685  
5624.593274  
5608.413592  
5539.34501  
5608.711745  
5663.635341  
5528.811147  
5487.513645  
5607.309456  
5593.036808  
5526.116851  
5551.448089  
5586.66372  
5588.422982  
5398.351434  
5445.236094  
5454.508036  
5407.292059  
5467.510329  
5490.212076  
5536.238244  
5339.29191  
5414.079197  
5471.483164  
5570.833957  
5432.299675  
5337.390905  
5419.402518  
5448.716483  
5378.644992  
5384.476014  
5430.553081  
5421.424441  
5489.457031  
5465.470425  
5447.060913  
5380.665102  
5462.924706  
5423.333919  
5389.067373  
5366.659201  
5536.233572  
5431.00667  
5371.578339  
5374.191106  
5409.188386  
5462.04035  
5535.633832  
5354.180294  
5309.110669  
5421.175351  
5344.167071  
5417.889067  
5472.665083  
5455.609687  
5365.842484  
5392.13068  
5406.430731  
5419.134413  
5398.975878  
5395.835025  
5442.461707  
5434.587604  
5359.143188  
5372.123752  
5419.94587  
5425.563291  
5494.452548  
5352.165761  
5255.001683  
5392.740188  
5510.276905  
5339.906826  
5309.599811  
5431.699781  
5418.080028  
5382.204851  
5290.590939  
5420.657375  
5384.324084  
5300.909208  
5265.884127  
5387.320795  
5325.07832  
5469.131171  
5560.228699  
5458.621931  
5430.45672  
5690.790292  
5491.472717  
5452.700989  
5439.58869  
5469.776582  
5514.413001  
5554.236791  
5563.533777  
5604.940405  
5492.372812  
5581.187494  
5823.81175  
5706.513183  
5653.184501  
5610.918315  
5525.938346  
5534.325513  
5831.829559  
5688.232907  
5564.173194  
5540.728149  
5594.921047  
5329.663208  
5095.063769  
5262.928335  
5344.85331  
5546.159583  
5550.981493  
5410.081799  
5699.069676  
5579.82943  
5629.368638  
5549.477325  
5502.402164  
5449.585625  
5614.171371  
5660.256514  
5367.912296  
5307.929523  
5321.270963  
5251.723372  
5475.21751  
5492.746048  
5278.779975  
5249.842911  
5424.538708  
5444.032414  
5466.891231  
5493.317283  
5444.839918  
5405.731488  
5336.882641  
5229.801914  
5328.875282  
5341.624105  
5332.656677  
5307.92524  
5291.919053  
5427.391181  
5344.761236  
5326.3451  
5451.873643  
5336.24501  
5361.222267  
5371.788451  
5376.436153  
5299.306441  
5281.879012  
5229.149459  
5325.597332  
5296.912261  
5348.205908  
5372.878561  
5288.759653  
5316.096696  
5420.697137  
5173.559862  
5302.524395  
5230.465186  
5345.137049  
5310.608855  
5356.39413  
5454.635578  
5291.107888  
5278.939665  
5544.160371  
5548.964332  
5429.971124  
5470.99616  
5599.109648  
5658.935697  
5458.783031  
5439.298622  
5337.545982  
5530.505236  
5478.987792  
5496.80237  
5586.039962  
5599.637811  
5438.458182  
5505.165702  
5749.301775  
5428.207268  
5477.881642  
5359.200901  
5414.156966  
5515.666002  
5146.643532  
5084.038286  
5133.464197  
5502.280357  
5372.257606  
5105.69507  
5169.59616  
5050.428709  
4862.003041  
5029.236017  
4851.903678  
4939.8274  
5053.539749  
5017.066138  
5042.822435  
4957.303115  
5032.896158  
5110.562676  
5040.773462  
5134.363651  
5122.364934  
5216.223334  
5473.723119  
5205.299385  
5184.261042  
5079.192777  
5096.635245  
