0.08235843278  
0.7599466022  
-0.2292615508  
0.7656344669  
-0.1781411299  
0.002725568327  
-0.3684306443  
-0.5524549503  
-1.370251749  
-1.769692021  
-1.315358104  
-0.4105604375  
-0.09529124425  
-0.5230512936  
-0.3785037058  
-0.3962134703  
1.207026251  
0.1444883302  
0.1847455816  
0.7807742546  
2.25564199  
-0.8217151446  
-0.8997404731  
-0.1004931249  
-0.3725994866  
-0.5661156366  
0.08550006374  
1.027962604  
-1.070544983  
0.6258995893  
0.1349488496  
1.383998873  
2.409344655  
0.3891130664  
-0.9388300885  
0.3490535141  
-0.6279917  
0.3070947225  
0.5549310723  
-0.5803840712  
-0.6209764617  
0.03732923473  
-0.2098599272  
0.04353788516  
0.5584089534  
-0.5797910418  
-0.3742181873  
-0.789335034  
0.4924485128  
-0.296978953  
0.6152229138  
-0.3040073059  
-1.161368413  
-0.2156617728  
-0.4743494375  
0.3309887646  
0.6971339157  
0.2731766788  
0.1749703402  
0.563675341  
3.645607567  
-0.1323659264  
1.16376218  
1.731969879  
-0.227158164  
0.368304055  
-0.1166506634  
0.1748726425  
0.4783672349  
0.4974021513  
0.3847424228  
-0.8492852112  
-0.9084518984  
-1.293481688  
0.1664959285  
-1.161026355  
1.095360382  
3.153637137  
-0.03217422477  
-0.5917785106  
1.522713141  
2.731026158  
1.126927546  
0.689862246  
-0.4324333886  
-0.5268047206  
-3.028824571  
-0.4402113889  
-1.351925777  
-0.3556756421  
-0.1669528746  
-0.8337643963  
-1.604198395  
0.341446152  
-1.270350697  
0.2251588226  
-0.5267130926  
-0.4500115093  
-0.4599845882  
0.399573236  
1.91401541  
0.2217025367  
0.6952039239  
-0.05947221493  
0.1187660948  
-1.563367009  
-1.128037917  
-1.469476497  
-0.070304931  
0.4977573347  
0.2426159695  
0.09267569497  
0.1396555659  
-0.2816129931  
-1.082978929  
-0.6346815493  
0.1142511133  
0.7453982078  
-0.1533404144  
0.7258590563  
1.179654334  
1.889619848  
0.2421518526  
0.2482435517  
-0.3557453435  
0.5515605068  
-1.037831797  
-0.9576254384  
-0.1147648367  
0.2679234031  
-0.3545732448  
-0.3086268453  
-1.178881317  
-0.6447792666  
-0.7722824543  
0.2734325525  
-0.8367569529  
-0.6675303609  
-0.6720899532  
-0.3712351718  
-1.147567308  
-0.6598066621  
-0.6742843954  
-0.3823197624  
-0.3244409955  
0.06309907724  
0.5052900402  
-0.1136031604  
-0.1683824285  
-0.6142728359  
-0.09628357505  
-0.741969568  
-0.10020789  
-1.012746135  
-1.220833608  
0.6689317518  
-0.4982901817  
0.8429282051  
-0.6483743002  
-0.09041030998  
-2.540748236  
1.009017169  
-0.1230345397  
-2.200531686  
0.4933658507  
-1.047987067  
-0.4410041391  
0.623825529  
-0.07930414273  
2.050403986  
1.153029635  
-0.0173329845  
1.858590228  
0.4321807825  
0.4291798937  
0.726184612  
2.026744204  
0.4651264468  
0.2527370311  
-0.08623052167  
-0.7257118284  
-1.04116512  
0.1174704071  
0.2487062611  
-0.442048759  
-0.0873895566  
-1.883467117  
-0.7441371524  
0.5946566528  
-0.2841670551  
0.1590739353  
-0.2958582627  
-0.06818407793  
-0.01118003269  
-1.274849746  
-0.7643965232  
-1.626840823  
-1.086168274  
0.3618855694  
-1.195032219  
0.7083913242  
-0.3305865186  
-0.3426998467  
-1.200884392  
-0.0161119917  
-0.08286092193  
-0.1450042056  
0.1999803855  
0.2081923143  
-0.2983212965  
0.1609110381  
-0.843559519  
1.153078769  
2.528581281  
0.5590898191  
-1.229198263  
-1.932549634  
-0.8063413245  
0.01470023868  
-0.1463275785  
-0.6103001319  
-0.380185114  
0.1829666461  
-0.2442442473  
-2.73962819  
-0.5396415063  
-0.387719474  
-0.9304958637  
0.7333655593  
0.9517418206  
-0.6941169385  
0.3074549847  
-0.5860320759  
1.353469135  
0.6322814452  
3.061199021  
0.1645828867  
0.4893825398  
-0.5693008689  
-0.01020072562  
-1.809575931  
-1.480040191  
1.51499508  
-0.3473253984  
-0.5485022998  
0.2683326019  
2.773049322  
0.04356099861  
2.031599308  
1.872498387  
1.526579568  
-0.2840692051  
-1.588463185  
-0.1844390963  
-0.4018411159  
0.3989970179  
0.1337621887  
0.04370759526  
-0.004001509185  
0.9099912865  
-0.4988195918  
-0.4343041343  
-1.015200363  
-0.9179169267  
-0.6966014579  
1.363508164  
2.629170274  
1.953020656  
0.8299231858  
0.3553252528  
1.688769579  
-0.6795792103  
1.621430801  
1.0001252  
0.1439130482  
0.1935963912  
-0.05477202101  
0.1526677011  
-0.5455515546  
0.468803378  
0.9782473833  
-0.3184571098  
2.142668258  
1.486726465  
0.4339799329  
0.05869561461  
-0.9333671867  
0.8862148223  
1.9276546  
0.5754919031  
-0.04857442705  
-0.9080292747  
-2.799903844  
