8104.547721  
7784.613297  
7626.078802  
7562.241193  
7608.498523  
7540.842163  
7504.580177  
7582.491343  
7524.448707  
7554.268389  
7581.439607  
7553.450306  
7571.836008  
7528.75783  
7507.575662  
7538.150642  
7682.559175  
7586.403881  
7591.423671  
7563.65383  
7552.155717  
7462.817488  
7446.42175  
7589.262637  
7570.112585  
7559.621424  
7528.665599  
7425.860342  
7718.671072  
7609.155589  
7631.259583  
7590.704065  
7629.666012  
7582.863952  
7542.036607  
7559.146434  
7542.073242  
7603.117816  
7619.968849  
7426.476738  
7559.395294  
7529.567466  
7517.480354  
7501.562078  
7611.148616  
7523.8639  
7499.952178  
7594.542673  
7555.183812  
7598.411569  
7593.441478  
7498.918642  
7529.068085  
7565.133738  
7518.308839  
7557.056325  
7677.750465  
7541.512014  
7646.603313  
7491.342501  
7469.46377  
7535.058244  
7623.782511  
7571.274363  
7441.004482  
7575.034279  
7545.144405  
7516.496411  
7590.119279  
7594.113943  
7594.300731  
7584.719316  
7563.514053  
7589.60736  
7555.414113  
7594.262162  
7648.620456  
7603.072931  
7472.417977  
7388.131755  
7667.155297  
7461.550458  
7589.587237  
7518.065965  
7520.087163  
7473.025412  
7567.134235  
7556.66815  
7503.52876  
7495.012497  
7551.75292  
7579.823732  
7561.827849  
7456.747475  
7520.502937  
7538.763734  
7497.18072  
7486.699431  
7532.320608  
7512.284403  
7507.957173  
7532.678728  
7551.432705  
7513.789203  
7563.255503  
7465.596614  
7563.894839  
7490.53852  
7555.856097  
7552.792547  
7583.082613  
7526.047132  
7615.656686  
7526.585813  
7499.429133  
7590.90823  
7611.623498  
7711.670305  
7561.2535  
7589.489592  
7614.827137  
7554.342515  
7555.182851  
7527.097946  
7477.623113  
7534.990334  
7534.036868  
7613.385834  
7521.330008  
7548.665817  
7508.036176  
7517.164166  
7542.794819  
7449.066974  
7502.139645  
7504.468519  
7498.610645  
7538.396953  
7536.875708  
7515.902781  
7541.03737  
7573.580621  
7548.446929  
7519.560878  
7515.537273  
7516.306057  
7589.245868  
7468.323466  
7552.778215  
7590.33864  
7620.28795  
7489.361768  
7590.51767  
7410.242839  
7444.316126  
7531.304781  
7465.458916  
7587.30546  
7536.715657  
7590.524081  
7475.477843  
7626.548398  
7441.8868  
7542.074509  
7562.446258  
7513.421142  
7549.654497  
7509.397214  
7541.503801  
7564.33941  
7457.179032  
7551.274965  
7515.722337  
7566.195748  
7537.915323  
7528.909991  
7565.919222  
7421.949505  
7481.132577  
7572.040148  
7442.396784  
7550.844071  
7461.317138  
7598.137411  
7476.541535  
7504.80787  
7454.54102  
7491.089626  
7590.304682  
7517.98341  
7557.214215  
7563.105652  
7524.877161  
7591.016456  
7488.405096  
7579.909008  
7472.901754  
7591.988163  
7582.762892  
7461.098362  
7417.379568  
7565.046972  
7485.450929  
7487.980762  
7577.282071  
7474.168601  
7579.797984  
7535.191058  
7506.214768  
7516.284055  
7468.959049  
7547.239565  
7489.715875  
7554.200295  
7533.944645  
7530.042578  
7525.146895  
7495.993536  
7510.014322  
7452.568247  
7556.850047  
7555.658312  
7470.11982  
7407.633933  
7415.287448  
7636.866118  
7543.488593  
7534.553384  
7572.994055  
7602.050038  
7496.21214  
7604.732072  
7482.767345  
7635.863783  
7433.15909  
7391.073024  
7677.102183  
7434.596442  
7478.635931  
7539.560148  
7426.511131  
7417.321487  
7652.195579  
7564.673336  
7566.873162  
7487.74395  
7537.894662  
7572.805291  
7598.286944  
7482.934399  
7576.89451  
7529.132853  
7460.20501  
7479.714145  
7515.309685  
7536.935187  
7548.275418  
7569.568046  
7485.586284  
7570.355235  
7568.784596  
7489.854315  
7527.537238  
7502.46001  
7567.198863  
7536.827141  
7414.25071  
7558.022338  
7502.05596  
7531.737643  
7518.882178  
7495.495851  
7537.880632  
7601.405188  
7506.134484  
7559.535866  
7544.190813  
7542.050624  
7522.829921  
7546.041397  
7538.305001  
7509.135413  
7622.113626  
7524.393537  
7529.890246  
7583.542179  
7483.941965  
7539.602179  
7484.738375  
7474.665162  
7521.519568  
7561.661043  
7255.363205  
