0.1249447137  
1.285952053  
-0.2280878447  
0.0267143448  
-0.4457863719  
0.4364613486  
0.7471313096  
1.158960495  
-2.02276385  
-0.6079336831  
1.792175813  
0.8744698853  
0.9306456221  
-0.01486867116  
-0.4170567426  
0.03971096953  
0.9382868518  
0.6276877192  
0.9714445165  
0.5346446841  
-0.563579476  
-1.073260861  
-0.0173949689  
-0.6706523098  
0.2107019664  
0.9719888651  
-1.9653487  
-0.8670073053  
1.301713042  
-0.3458173274  
0.8559473595  
-0.8976716791  
-0.09738752349  
0.7974657135  
0.349282828  
0.1386986692  
-0.1444493223  
0.7113333922  
1.104335598  
0.9327457486  
-0.4650079801  
-0.01429267674  
0.1846292979  
1.293144409  
-2.013530729  
-0.6428498298  
1.247136107  
-0.537578928  
0.9020461429  
-1.580479072  
-0.466941935  
1.076582677  
0.6086192372  
0.577205547  
-1.36726861  
-0.9717773938  
1.439608916  
-0.1887140102  
-0.1820779661  
-1.0171889  
0.2511246693  
-1.5616516  
-0.5527227498  
0.4426324096  
0.3695711275  
1.480121937  
-1.204406123  
-1.793910725  
0.1863552326  
-0.03734629752  
1.001275226  
-0.7820589345  
-0.1372177239  
-0.09931717844  
1.321062401  
-1.154559122  
-0.2707329345  
0.8191092549  
0.3200085337  
0.1582776389  
-1.558602738  
0.6254569207  
0.9209333815  
1.007684167  
0.7488846262  
0.6240631017  
0.5320716445  
1.262680819  
0.7278778698  
0.5424460484  
-2.901399616  
-1.339974445  
-0.04569860671  
0.643131173  
-0.4993664251  
-0.6563269228  
0.450984324  
0.7861122992  
-0.3728344734  
-1.564948486  
-0.08859355338  
-0.04173626022  
-0.5029110617  
0.9281681911  
-1.47322828  
-0.9364373012  
-0.1537307999  
-0.09657199162  
-2.704906448  
-0.7344720209  
0.5610864253  
-0.1911242879  
1.16834235  
0.520611418  
0.405316558  
0.3468649403  
-0.1612382014  
-0.1031895348  
-1.495300291  
-1.009485486  
1.503535872  
-1.893918959  
-0.6668965444  
0.3402140429  
0.3149055101  
-0.01781586911  
0.3810762525  
0.2204057294  
-1.32060031  
-0.2002095204  
0.270298855  
0.8472517216  
-0.4256457149  
-1.296193046  
0.3286564493  
-0.187811318  
0.1778789013  
-0.08477709445  
-0.6465720259  
0.1002231496  
-1.21695515  
-1.288354741  
1.04075529  
-0.1296669742  
0.924599268  
-1.735093503  
-0.3659739814  
0.1902791732  
-0.1851244033  
0.04824937323  
0.4001072047  
0.5363695483  
-0.0965981427  
-0.5944775928  
0.9309188786  
0.3815910543  
-0.2663208589  
-2.839512425  
-0.4082929168  
0.901120211  
-0.1348671147  
0.1411604324  
-0.7264450444  
-0.4182640053  
0.4471682678  
-2.816081825  
-0.5049773893  
0.7443509949  
-0.1569177343  
-0.5398576136  
1.312435294  
-1.685640362  
-0.1356304314  
-0.5305974048  
-0.644751124  
0.6668841004  
0.1970585126  
0.4330857436  
-0.1560884795  
0.02409075364  
0.1983420725  
-2.213638338  
-2.409425941  
0.8798008777  
-0.311476525  
0.5346055597  
-1.882631716  
-0.7666210755  
0.4952672393  
0.4943550468  
0.1174991583  
0.7378075531  
0.4636665353  
-1.428182521  
0.8354821067  
-2.413774857  
-0.7796441419  
1.081122836  
0.687805771  
-0.1967441846  
0.2951553736  
-1.302802109  
-0.4994786286  
2.475682018  
0.6982438186  
0.900408687  
0.6323011969  
-0.6997225874  
0.08561357332  
0.9284931641  
0.6324369305  
0.5267216211  
-0.3092439251  
0.4069524639  
-0.1939621911  
1.190275407  
-1.663786389  
-2.033074628  
0.5267713058  
1.254749292  
0.8675193551  
1.401831403  
-0.02095958341  
-0.08365109689  
1.480789997  
-1.962024821  
-1.511216815  
0.4498501707  
0.9859114607  
-0.7088980973  
-0.6968849002  
1.150189489  
-1.286934728  
0.7581936658  
0.5368986188  
-0.467793202  
0.8574802825  
-0.9617885033  
-2.467769922  
-2.31036204  
1.106176517  
-1.403226796  
0.6923345407  
0.7230037854  
1.990784684  
-1.386340781  
-0.2541709931  
1.11719722  
0.06021528175  
0.365999171  
-0.2485551823  
1.564443284  
0.1709587483  
0.0722584315  
-0.6725523576  
0.7290326294  
0.5403698314  
1.320881756  
-0.1430235753  
1.254022592  
0.3497359113  
1.659864425  
-0.2654337738  
1.311563665  
-0.09137507433  
1.45981405  
-1.754162449  
-1.589487512  
1.248638667  
0.767615123  
1.613327639  
1.391467614  
1.136623582  
-0.07226492541  
1.328341942  
1.387616709  
-0.6839890126  
-1.468905166  
-0.4098051703  
0.921123486  
0.9971981  
-0.6543970285  
0.5598324686  
1.85530149  
-0.4499319649  
0.00213367976  
-0.5455435722  
1.778761789  
-0.3338404216  
0.3531902967  
-0.91199593  
-1.26776345  
1.011569233  
