4813.713057  
4922.213875  
4697.957951  
4656.398149  
4544.284485  
4570.246618  
4545.946068  
4812.60205  
4663.100874  
4553.191609  
4781.38111  
4577.470892  
4725.86393  
4644.20164  
4652.923509  
4528.338697  
4614.380009  
4780.703112  
4614.430931  
4734.291624  
4620.038938  
4458.520306  
4648.864698  
4640.532923  
4474.840868  
4817.850158  
4943.29058  
4802.640314  
4640.043435  
4747.955966  
4539.441147  
4572.548339  
4705.869114  
4759.620678  
4934.159554  
4567.346059  
4731.700221  
4466.58406  
4786.357029  
4749.006709  
4676.939265  
4604.528346  
4653.745069  
4750.226932  
4789.471822  
4661.291334  
4679.113898  
4775.988268  
4655.131285  
4722.138911  
4915.119419  
4775.548245  
4733.119633  
4836.720684  
4736.798484  
4596.663824  
4772.840499  
4817.226249  
4685.319453  
4933.446106  
4681.25353  
4700.320999  
4736.726209  
5028.564145  
5025.58173  
4836.190896  
5048.975755  
4585.223362  
4951.208566  
4794.356937  
5007.326917  
4574.130174  
4782.389  
4490.885654  
4723.461682  
4717.402781  
4704.228752  
4736.092988  
4626.442775  
4668.288789  
4635.028817  
4897.459826  
4827.207379  
4709.323926  
4748.992724  
4828.086164  
4825.675269  
4675.37573  
4881.90054  
4756.004323  
4863.844973  
4558.537047  
4824.297592  
4823.923706  
4774.17325  
4895.30303  
4784.361069  
4799.104455  
4756.902989  
4359.998497  
4608.737158  
4940.098841  
4799.453746  
4735.733738  
4717.417752  
4522.66157  
4711.645312  
4842.543485  
4784.905857  
4851.079058  
5001.23338  
4813.216919  
4809.857203  
4638.395278  
4760.461258  
4689.088039  
4945.413666  
4981.916904  
4758.237367  
4496.27638  
4536.511494  
5002.112016  
4748.002625  
4728.293763  
4699.389194  
4812.4437  
4828.926894  
4911.780648  
4977.627423  
4793.993833  
4863.655848  
4971.539816  
4650.429766  
4835.489049  
4824.208024  
4681.195575  
4913.598028  
4761.289408  
4904.329057  
5030.050792  
4833.959147  
4859.822628  
4558.41994  
4904.124352  
4813.430976  
4966.592957  
4831.793259  
4785.209118  
4935.392199  
4461.31972  
4735.565032  
4875.867844  
4648.964345  
5245.110029  
4168.83521  
4700.817391  
4773.025169  
4785.460813  
4723.008006  
4583.210112  
4786.536648  
4568.533622  
4717.174065  
4742.172471  
5016.723964  
4910.637987  
4778.094081  
4965.413555  
4678.969395  
4672.90506  
4855.875714  
5037.855972  
4720.841753  
4806.344079  
4779.582505  
4654.368061  
4966.66405  
5208.118233  
5055.721764  
4911.031216  
4912.739393  
4682.938263  
4838.632354  
4615.790601  
4782.38595  
4384.890291  
4658.616043  
4544.332754  
5112.190958  
4823.972395  
4836.333543  
4739.570708  
4839.757508  
4922.544982  
4769.556641  
5033.23526  
4913.918102  
4831.583434  
4738.259304  
4956.485709  
4781.711628  
4788.337656  
4769.876285  
4733.345704  
4866.692476  
4631.559832  
4682.52878  
4748.93278  
4803.960421  
4767.355626  
4781.634152  
4905.176895  
5046.387983  
4785.663428  
4810.228017  
4912.428443  
4653.951682  
4750.182564  
4959.242057  
4759.988579  
4915.454979  
4729.095176  
4995.359246  
5040.405098  
4957.939001  
4816.252843  
5088.612289  
5162.0471  
5099.07936  
4816.095576  
4936.072707  
4883.694707  
4581.833292  
5018.623566  
4805.678512  
4883.132923  
4782.961711  
4769.988597  
4375.068598  
4851.842715  
4994.749463  
4818.750828  
4728.340204  
4811.785452  
4557.565618  
5030.332227  
4872.278545  
4888.530104  
4693.048703  
4876.403131  
4844.954696  
4858.38035  
4791.741292  
4845.710293  
4757.274888  
4904.091337  
4984.060715  
4693.347472  
4872.635998  
4727.613736  
4617.927013  
4902.379811  
4836.363696  
4816.022123  
4783.510888  
4585.660139  
4638.534176  
5037.59476  
4670.809122  
4706.59605  
4793.207639  
4780.709975  
4183.538012  
4803.995301  
4935.048121  
4873.06681  
4911.359584  
4690.659767  
4883.436637  
4845.752427  
4650.246341  
4575.152492  
4784.648335  
4652.213798  
4456.473393  
4734.249598  
4909.633276  
4856.216543  
4729.122635  
4680.081088  
4852.11104  
5261.399413  
5011.407134  
