-0.2963410855  
-0.3775976224  
-0.4134991834  
-0.5893646021  
-0.8832075505  
-0.8588759289  
-0.896465685  
-0.7356724687  
0.7942195674  
-0.6272978225  
-1.125151407  
0.05909610052  
-0.09779065239  
-0.7007202474  
-0.09113693178  
-0.1807863991  
-0.6827457396  
-0.1852899357  
1.374774636  
-0.910864463  
-0.6292268325  
-0.7224389779  
-0.6316451135  
-1.08055122  
-0.8639779564  
0.0848854254  
0.1066151842  
-0.6089779633  
1.042483229  
-0.8666823956  
-0.5931616771  
-0.4529575726  
-0.9595037811  
1.077254095  
-0.5346008442  
0.2247978255  
0.2934105896  
-0.6928930124  
-0.8024703247  
-0.7874697922  
-0.9176287943  
-0.9474556541  
-0.6744745301  
-1.012484712  
-0.833648381  
-0.4292777048  
-0.8166377417  
-0.9889430354  
-0.7946689897  
-1.021099815  
-0.09544007637  
-0.4767778225  
-0.3263042861  
-0.6996520762  
-0.1439500461  
-0.9222571559  
0.4382155913  
-0.5242013705  
-0.2937146816  
-0.4920484105  
0.4249030482  
-0.634762661  
-0.4023302999  
0.02435700125  
-0.6483984924  
-0.6214257743  
-0.7126597927  
-0.4297844672  
0.7360278721  
0.1431585043  
-0.7449951736  
-0.1343483363  
-0.9769946142  
-1.149062561  
-1.123881532  
0.7862833149  
-0.7730708014  
-0.9466914965  
-1.116165157  
-0.04603173839  
0.7946190814  
-0.5408253553  
0.1727313739  
-0.7102319661  
-1.159226301  
-0.2117190279  
-0.7928958261  
-0.001764544741  
-0.944265211  
-1.256702505  
-0.3447648841  
0.841733988  
-0.09881092807  
-0.8791055329  
0.4053541004  
-0.3694909886  
0.4144066644  
-0.6755886878  
-0.8405271534  
-0.2906408908  
0.7428544594  
0.1973705956  
1.065878734  
-0.9155461775  
-0.6051248566  
-0.8654414492  
-0.8772155643  
-0.5111820388  
-0.841855028  
-1.253373442  
-0.7151031825  
-1.097718227  
0.01262947673  
-0.4182020172  
-1.099969934  
-0.06043253395  
-0.1778273975  
-1.177017749  
0.07894687321  
2.69126127  
1.862396684  
0.9744774018  
-0.6411292354  
-0.5910220629  
2.11977157  
0.6202544701  
-0.08298763015  
-0.8355406815  
-1.082955069  
1.715371244  
0.1216746416  
-0.5118112296  
-0.9822585403  
-0.2927247219  
0.8843558681  
0.9479605646  
-0.7121696474  
-1.022766511  
-0.669188058  
1.23576607  
0.01648240464  
-0.3854018604  
-0.2860723304  
-0.5148339222  
-0.9479097968  
-0.05489179011  
1.724008311  
-0.5738445713  
0.1173136908  
0.2943065813  
-0.6051256033  
-0.678320857  
-0.6775709661  
-1.315574326  
2.121700639  
-0.8437901597  
1.270574962  
-0.5238664621  
-0.1130894374  
-0.1575054087  
-1.203715147  
2.302110896  
2.044995168  
2.242831313  
0.428595657  
0.6934707827  
-0.8124410435  
-1.10189626  
-0.8843130291  
-0.9078411106  
0.5559877119  
0.1257360796  
-0.9949326557  
2.024958786  
0.129497641  
1.461902151  
3.330002318  
0.0885132922  
1.612089047  
-0.4303112959  
-0.3508697588  
-0.9083086855  
-0.6915928777  
0.8309917416  
0.5196625614  
0.5828761108  
0.3960461488  
1.637153228  
-0.4032360723  
-0.5374522075  
-0.9981620349  
0.1553856445  
0.4078928605  
-1.021641859  
-1.029552094  
-1.053019548  
-1.147413507  
0.957099373  
0.7103699649  
3.543274056  
-0.4387487196  
-0.9631367638  
-0.5321739467  
0.9733765255  
-0.4180052539  
-1.345323707  
-0.7741504548  
-0.2069874841  
1.268051317  
-0.5506149024  
-0.822266184  
1.209243353  
-0.0272095821  
-1.063984715  
-0.856916993  
-1.346001875  
0.1703428928  
-1.011415474  
2.85233568  
0.2572685785  
0.02684014745  
0.5184225643  
1.651338185  
0.8877096899  
-0.1723517373  
0.3951152424  
0.565016194  
1.25072218  
2.519713853  
0.74885445  
-0.4655741682  
-0.6065429423  
-1.244192171  
-0.9088770629  
0.1607067718  
-1.278609172  
1.302100972  
0.5905993996  
1.53603952  
-0.05939552664  
-0.6776345482  
1.318898361  
0.9415560561  
-0.7988078874  
1.877137657  
-0.5052475944  
2.033665626  
0.628799161  
2.222779432  
1.849819481  
1.913278494  
-0.2238359318  
2.3437207  
0.1972054176  
-1.178558565  
-0.8556222406  
-0.8734824246  
0.9693447387  
-0.596206748  
0.106692379  
1.364505438  
0.6855612202  
1.098211978  
-0.1159250038  
-1.226125633  
-0.1158749263  
-0.1303743165  
0.9900265833  
0.5467316819  
0.4950134743  
-0.2719096661  
-0.09341078356  
1.585416455  
-0.1624344695  
0.1953284161  
0.8997601989  
-0.07015173354  
2.349360721  
0.513335967  
2.084853109  
-0.3607546379  
0.9539091045  
-0.1309079695  
-1.085934951  
2.295970124  
0.8400576655  
0.4239896495  
1.103092649  
0.3146851341  
0.5749673537  
-0.8339783564  
2.346294752  
2.67801712  
