8627.653669  
8353.434763  
8203.998985  
8142.20816  
8082.339906  
8169.046825  
8178.377974  
8098.470321  
8065.826899  
8101.841362  
8027.491477  
8164.277104  
8142.068257  
8109.298263  
8131.846257  
8066.320316  
8188.161626  
8261.796263  
8058.388211  
8035.63348  
8083.544133  
8090.959457  
8056.09604  
8151.162433  
8112.632334  
8095.362604  
8134.25944  
8080.193987  
8172.767763  
8168.839121  
8096.129644  
8131.629146  
8046.349381  
8184.024185  
8217.069037  
8131.525514  
8064.969886  
8167.027676  
8130.722439  
8167.284453  
8078.854298  
8163.922379  
8181.851104  
8157.161238  
8071.68778  
8108.289662  
8217.905685  
8299.148464  
8101.888926  
8140.730546  
8254.885184  
8190.932437  
8199.372004  
8189.78154  
8194.450396  
8204.224519  
8337.245605  
8198.626199  
8059.316804  
8132.981973  
8088.542447  
8056.018969  
7989.326476  
8014.892209  
8213.581154  
8116.078305  
8187.168851  
8043.554987  
8304.274926  
8140.544706  
8184.509898  
8142.633579  
8132.086752  
8163.641398  
8083.547963  
8060.502721  
8134.643959  
8122.746924  
8073.918298  
8134.191292  
8145.231205  
8115.471105  
8094.662573  
8059.674818  
8239.409159  
8079.537933  
8184.862692  
8162.040258  
8281.152824  
8168.253598  
8178.706462  
8158.852489  
8195.220511  
8187.355478  
8172.411354  
8135.898325  
8206.073736  
8187.491191  
8183.429394  
8186.037037  
8147.873207  
8184.040683  
8233.942793  
8227.954298  
8270.716808  
8100.200611  
7937.683874  
8256.342577  
8131.661564  
8200.685753  
8157.720438  
8258.052422  
8181.853663  
8319.404865  
8291.718375  
8249.150342  
8253.785792  
8258.834158  
8273.84711  
8179.787409  
8162.58949  
8509.143424  
8421.632898  
8301.755272  
8248.944199  
8257.815826  
8252.189365  
8339.803719  
8406.62268  
8175.297178  
8333.346363  
8208.31399  
8213.589928  
8159.863614  
8251.39502  
8342.626215  
8346.834585  
8320.012251  
8327.148809  
8203.848008  
8372.322341  
8459.836126  
8217.151958  
8307.918406  
8230.777248  
8398.736516  
8178.454181  
8414.52844  
8239.468645  
8355.454527  
8262.141311  
8326.664416  
8298.13091  
8344.063358  
8261.061405  
8275.129456  
8209.057942  
8169.615835  
8110.683619  
8165.217292  
8073.895566  
8215.11954  
8127.973959  
8183.452122  
8248.421958  
8291.96537  
8099.936557  
8256.514478  
8170.105461  
8180.163083  
8166.935342  
8144.437689  
8184.628838  
8208.309482  
8196.72957  
8166.151189  
8217.662105  
8326.121565  
8247.538814  
8221.846726  
8225.017135  
8225.848537  
8195.819324  
8108.795623  
8164.344736  
8200.796977  
8232.652087  
8245.158436  
8263.54476  
8243.505697  
8267.08717  
8237.568438  
8225.764764  
8250.457303  
8360.163068  
8377.853839  
8198.830694  
8321.997201  
8234.233781  
8265.204016  
8355.322223  
8297.432915  
8129.254524  
8118.208029  
8138.217936  
8265.656415  
8247.351077  
8374.569299  
8210.601436  
8278.177917  
8374.215439  
8421.509007  
8268.879825  
8238.9879  
8220.536235  
8277.220108  
8308.430497  
8149.204516  
8161.449866  
8092.568811  
8277.06589  
8245.430426  
8212.156885  
8154.091688  
8166.410358  
8220.001144  
8246.997625  
8176.992875  
8207.813301  
8163.981906  
8175.941888  
8302.386656  
8335.606132  
8176.601445  
8258.426149  
8321.924197  
8251.675264  
8311.121109  
8276.589394  
8243.152201  
8324.310249  
8354.961117  
8214.070702  
8228.458359  
8316.240658  
8219.450242  
8240.508982  
8227.03101  
8178.390832  
8235.863367  
8262.117295  
8270.746905  
8244.831741  
8259.63986  
8203.739127  
8330.492525  
8258.259246  
8215.932861  
8241.906641  
8319.279682  
8290.214148  
8355.568035  
8290.851181  
8223.309674  
8284.738914  
8306.954094  
8269.614242  
8298.747487  
8300.824215  
8301.879915  
8317.148413  
8497.687384  
8316.846626  
8298.358643  
8256.923009  
8444.596232  
8404.034354  
8211.319838  
8311.560264  
8184.709283  
8315.366037  
8332.339127  
8342.546115  
8300.726666  
8438.099794  
8285.392357  
8402.389345  
8323.250564  
8411.873192  
8194.52818  
8159.56437  
8416.792199  
8503.199217  
