-0.02511634724  
-0.4123378956  
-0.08638199746  
-0.5915919117  
-0.0003332095171  
-0.2996985749  
-0.204746729  
-0.9953970413  
-1.21394062  
-0.6114564603  
-0.01944166094  
-0.1429766623  
-0.207277917  
-0.7630892595  
-0.6931842587  
-0.6649062615  
0.3083962312  
-0.2623594426  
-0.03958628567  
-2.102942655  
-1.587030466  
-0.5385842087  
-1.104195163  
-0.9604836735  
-0.7073773148  
-0.1259481516  
-0.5260392997  
-0.3823163097  
-0.185582705  
-0.1735013547  
-0.6022818906  
-0.4695649033  
-0.09940292051  
-0.1718259021  
-0.4907288691  
-2.656085482  
-0.6290696991  
-0.3624459796  
0.3999168768  
-0.2467137809  
0.3168695136  
0.4648028505  
0.2681966782  
-0.9211200039  
-0.8187987501  
-0.2196806791  
-0.08487648202  
0.2521131063  
-0.5800533971  
-0.188649605  
-0.07923926938  
-0.02622393791  
-0.1184400911  
0.2176343679  
-0.8283409638  
-0.1571960216  
-0.2892504799  
0.282386378  
0.3797752027  
0.05279052628  
-0.9305269016  
-0.2701196196  
0.09338404125  
0.3288923047  
-0.3594180145  
-0.088332703  
-2.558097129  
-0.5485628937  
0.2949814646  
-0.04920360974  
0.3061042913  
-2.184844075  
0.21952519  
0.8095781069  
0.09699219411  
0.1129062926  
0.2156537105  
0.4031873869  
-0.5998886374  
-0.05612463695  
0.2748939939  
0.4303591896  
-2.75637284  
0.2020990656  
0.718783904  
0.6437362082  
0.4554170825  
0.8645641457  
0.8833697914  
-0.2713599138  
-1.54106728  
0.2228934227  
0.7589518729  
-0.06123078947  
-0.5676582921  
0.1037458196  
0.6932301798  
-0.07137694305  
-0.2665433769  
0.3474967299  
0.4233670335  
0.9266925883  
0.7783400078  
0.148880774  
-0.4167366098  
0.9848152097  
-2.524154439  
0.01574361144  
0.04679306885  
0.5397015629  
0.1011465668  
0.1053929021  
0.56008319  
-1.775243707  
-0.8019627072  
0.3022593874  
0.952297298  
-0.07889736514  
0.5154722379  
0.8130546432  
-2.382559495  
-2.901302585  
0.1524741976  
-0.3932610151  
1.24268483  
2.046883516  
1.142104606  
0.01145215811  
0.4254790409  
0.9661488913  
0.9518594009  
0.8160565116  
-1.192165968  
0.8353652281  
1.332901084  
1.162403487  
1.020884248  
0.07754769169  
0.2256161378  
-0.3853121524  
0.589672787  
0.5431038022  
-0.05180426985  
0.7142891801  
0.4313181285  
0.3266407915  
-1.421003468  
0.2276287296  
0.7887636569  
0.2374787852  
1.099944657  
1.129933528  
0.8552540999  
0.3235680075  
1.277702844  
0.8451592614  
1.324136368  
-0.4370336089  
0.7152256863  
0.8101465238  
1.085843268  
0.9372050374  
1.098661638  
-0.7494929674  
1.052348607  
1.746736187  
1.669185645  
0.3455428953  
0.5435064481  
0.8918857239  
1.084595322  
0.6410309628  
0.5061954848  
0.4081118276  
0.8728184939  
-2.520342632  
0.7857585954  
0.6402008047  
-0.1692233812  
0.7718691402  
0.6695767884  
-0.2341467658  
0.9346705158  
1.316534347  
0.7688267853  
0.1541819505  
-0.4098351224  
0.6893243237  
0.6823342162  
0.6631920702  
0.168257319  
0.8760617693  
-1.494358733  
0.6607016093  
-0.5594168813  
-0.4170911826  
-0.09493656514  
-0.2661607457  
-0.06225409726  
-0.8829349338  
-3.046075361  
1.331678551  
1.28949258  
0.9409926605  
0.6432108443  
0.849753041  
-1.700819034  
-0.4308559366  
0.2698075738  
0.4925397484  
1.006397191  
0.9206420598  
-0.3949113128  
0.4996554289  
0.7593369819  
0.1425541706  
-0.03622704427  
-0.7913796486  
0.1538506822  
0.6347502198  
0.8239815878  
-0.1531628334  
0.4618357431  
-1.343928817  
0.5915875202  
0.2854705275  
-1.224678903  
-0.3767970744  
-0.2561260017  
-0.06225333895  
0.1020261193  
0.575559803  
0.4397061536  
-0.2443979347  
0.635123717  
-2.572559498  
0.2539216296  
0.004308736197  
-0.256526569  
-0.7229943062  
0.6531350327  
-0.8030711281  
-0.2490195003  
-0.3269232914  
0.1595823577  
-0.1857980886  
-1.145657972  
0.364723012  
-0.04311165936  
0.3376007907  
-3.47119096  
0.134078898  
0.9950300842  
-0.4314814691  
0.6228753262  
1.488339019  
1.349155518  
-3.285515005  
0.6048253438  
0.1278638747  
-0.2376432837  
1.86961862  
-3.056693795  
0.8945037842  
0.7546202053  
1.405399771  
-2.836117143  
1.182224446  
0.2768027734  
0.9673404934  
-1.353013977  
0.8384923762  
0.8077035425  
-3.335742859  
-1.168852888  
0.7460059219  
0.6899312299  
-0.08269832764  
-2.985711072  
0.2732028057  
0.5010661551  
-2.707764101  
-1.893254401  
0.656352274  
1.207742996  
0.4970672126  
-0.9163698985  
1.809900863  
-0.6913441402  
2.253340365  
0.02441323091  
1.344104599  
-0.6070394624  
