0.6370518737  
0.886832818  
0.4346090419  
1.267945089  
0.6834628146  
0.7939512578  
0.8895059005  
1.49522087  
1.135646234  
1.125059825  
0.5083691794  
0.6838154143  
0.5817085789  
1.162633414  
1.122608266  
1.332978376  
0.3735312201  
0.6721093566  
0.9993554575  
2.200912946  
1.753257699  
1.198662192  
1.603327245  
1.517005396  
0.8622337523  
0.7292389977  
1.231090892  
1.04006808  
0.5995379174  
0.5742439222  
1.050033736  
1.245277013  
0.8502826382  
0.9148679285  
1.190844327  
2.563934841  
1.002710111  
1.072976571  
0.4430504003  
0.8996730334  
-0.09555834889  
-0.755080072  
0.08878079605  
0.9302441258  
1.026046492  
0.6105740263  
0.4396141446  
0.2545715843  
1.263407488  
0.9929964138  
0.8026210104  
0.7033885588  
0.3803059362  
0.4076873312  
1.232610697  
0.5383970529  
0.8154520109  
0.2364458477  
0.02044168869  
0.3360148455  
1.138513166  
0.4915672045  
-0.2715638547  
0.2814006032  
0.59739777  
0.8138974277  
1.878950007  
0.4949604373  
0.2980241663  
0.3402525509  
0.2523564419  
1.609015726  
-0.9140940406  
-0.8773190723  
-0.4328823781  
0.3350425909  
0.1695973469  
-0.3349619426  
1.249698136  
0.3797021331  
-0.5632764858  
-0.5034783631  
1.865035371  
-0.04612157373  
-0.1178307652  
-0.266788283  
0.06238846178  
-0.2433264255  
-0.5779626889  
0.6360548031  
0.6171487235  
-0.1735273402  
-0.8279938487  
0.2886141711  
0.7570476917  
-0.08958512939  
-0.4484812174  
0.4570617939  
0.9904339594  
-0.4835370817  
-0.4262722828  
-1.06614988  
-0.5991717081  
-0.3033918226  
0.3497345755  
-1.010031853  
0.8372382894  
0.1916278483  
0.1328107986  
-0.8733918082  
0.1853964902  
0.2391399539  
-0.3247112755  
0.4515090683  
0.3398606304  
-0.9009902077  
-1.672431781  
-0.7331052893  
-1.051509755  
-0.9981753552  
0.6351829676  
0.8064586599  
-0.2830884217  
0.5282829775  
-1.294812297  
-2.624223314  
-1.475344545  
-0.1664779188  
-1.20713237  
-1.360283877  
-1.426139373  
-0.7209415772  
-0.4531487231  
-1.37833289  
-0.8102239972  
-0.8305235647  
-0.5197456982  
0.5942605621  
0.3201018027  
-1.01914438  
-0.8491816559  
-0.4861300408  
0.3615117156  
-0.2730716281  
-0.1848952516  
0.1849271871  
0.2204850828  
-0.2261851125  
-0.9343606168  
-0.1505971487  
-1.197102849  
-1.544292426  
-1.13218242  
0.1510117754  
-1.05408256  
-0.9575481832  
-1.47236267  
0.512773099  
-1.085833632  
-1.032844971  
-1.60408865  
-1.403347457  
-1.536352379  
-0.3875525237  
-1.361111581  
-2.135969056  
-2.48218143  
-1.054446812  
-0.5291020126  
-0.9159622763  
-0.9652061389  
-1.038371  
-0.6160606555  
-0.0506996251  
-1.190712071  
0.0621847579  
-1.197870036  
-0.6479310462  
-0.3398039342  
-0.9321118166  
-0.9642307972  
-0.07562043514  
-1.526402335  
-2.083723386  
-1.157693983  
-0.2502723402  
-0.02021548238  
-0.7156289589  
-0.6173234612  
-0.7029915641  
-0.3346240208  
-0.6307659678  
0.9683365632  
-0.861082094  
0.05625891074  
0.5652197716  
0.364771474  
0.5457803588  
0.2939598344  
0.1188299556  
1.262138832  
-1.497625571  
-2.149343468  
-1.015674823  
-0.1292322636  
-0.2297110355  
0.6785583078  
0.7342254268  
-0.4701624328  
-1.063508429  
-1.221714634  
-0.9211469783  
0.8649525698  
-0.3756304636  
-0.5794547977  
-0.2880281443  
0.04692723698  
0.5063078282  
-0.1526012986  
-0.4371693346  
-0.8789628283  
2.009811229  
2.169376984  
2.20469635  
1.929197337  
2.0318757  
2.380561491  
1.237895281  
0.3877386643  
0.1136470942  
-0.06041158769  
-0.497172593  
-0.1256851037  
0.3930514247  
0.2155126327  
1.504089346  
-0.05799665838  
0.7484047087  
0.33601509  
0.9494741008  
-0.1999651267  
0.9588907865  
0.8049522235  
0.5975941487  
0.1646855535  
0.5225749474  
0.7940997781  
0.1100113792  
0.5660972309  
0.3236698084  
2.441295839  
0.09633219289  
-1.074273562  
0.04846497788  
-0.4422310606  
-1.96120832  
-1.45665965  
1.124433941  
-1.017199067  
-0.690804974  
-0.904608217  
-2.14378607  
1.135236935  
-0.9906383275  
-0.847213768  
-1.58950244  
1.36853334  
-1.370590432  
-1.056272892  
-1.527313658  
0.3130689855  
-1.089984659  
-1.144547917  
1.135773627  
0.426913112  
-0.558847873  
-0.3572054281  
0.4186507746  
1.935953364  
0.06376839882  
0.2285978119  
1.828568176  
0.7118227969  
0.07754728791  
-1.870065773  
-0.8242062645  
0.4936535236  
-2.361981388  
-0.7445934792  
-2.702110781  
-0.8226604532  
-1.452653363  
-0.01194029001  
