1.220368415  
0.8976857153  
1.038661355  
0.9134110816  
1.020077752  
0.97214796  
0.8885241396  
0.9952552399  
0.9845755714  
0.9774480685  
0.9086802429  
0.8551869137  
1.039154329  
0.816884125  
0.9404083094  
0.909817303  
0.9566333925  
0.716346783  
0.7902984026  
0.9529724772  
0.8555376649  
0.9201204238  
0.7818500267  
0.8545053912  
0.9337982535  
0.949822828  
0.8548654082  
0.7331843442  
0.7996122758  
0.8531298631  
0.6465064751  
0.8499393456  
0.7197122941  
0.9145388603  
0.9062393007  
0.830246487  
0.7520093663  
0.6779998705  
0.8605257418  
0.7056639859  
0.9035365499  
0.6731052696  
0.8796473924  
0.765218595  
0.8663320396  
0.7933254831  
0.8683447098  
0.8325295636  
0.8954130677  
0.6944039013  
0.8982578388  
0.5494351793  
0.574696842  
0.8744953431  
0.7760754244  
0.7039661067  
0.8691637315  
0.7367302665  
0.8135514783  
0.8891071823  
0.8437104378  
0.7180943789  
0.7339984883  
0.9715976029  
0.8123818069  
0.7915904977  
0.7913940413  
0.8966956761  
0.7145706662  
0.7843859181  
0.653804347  
0.8919623099  
0.7774927968  
0.7673265217  
0.5901620682  
0.8036687941  
0.7151113825  
0.8337152718  
0.7198659158  
0.6403312305  
0.4986415927  
0.5608087179  
0.5041989441  
0.5779480298  
0.5601762358  
0.528170369  
0.6751624797  
0.7644243632  
0.5694587958  
0.4693967412  
0.5484664416  
0.4554027203  
0.479479871  
0.5763142623  
0.2472235784  
0.04201421485  
0.04659817005  
0.3007889431  
0.5110333795  
0.4603989361  
0.1794352264  
0.1997051208  
0.7170435707  
0.6175529539  
0.4529794373  
0.8295352993  
0.910115825  
0.7003560121  
0.9062322445  
0.7022981405  
0.8000358043  
0.6685899914  
0.6532205033  
0.8335003029  
0.6941960225  
0.7792304749  
0.5617089401  
0.7060040821  
0.476628942  
0.5237168557  
0.5995361243  
0.5174572946  
0.4990902354  
0.5365481722  
0.388589782  
0.5499807124  
0.4961284982  
0.6305881059  
0.5786844019  
0.392666472  
0.4297572278  
0.265515119  
0.3413062355  
0.4114538369  
0.1351752971  
0.3629389187  
0.1060504855  
0.09523524372  
-0.06747928629  
0.07661745312  
-0.08608653054  
-0.1053544596  
-0.2476945029  
-0.3753568474  
-0.1646614993  
0.2016577164  
0.2483126669  
0.3966881577  
0.04910260543  
0.08540841145  
-0.5323046952  
-0.5704026764  
-0.5247440413  
-0.6620874152  
-0.7191659931  
-1.04262892  
-0.9351565226  
-1.042308685  
-1.257278789  
-1.247836215  
-1.312578454  
-1.435858715  
-1.342946235  
-1.47573485  
-1.269046516  
-1.73381616  
-1.504157489  
-1.687268752  
-1.697708241  
-1.740751899  
-1.750630727  
-2.008124588  
-1.873113662  
-2.009435904  
-2.074502257  
-2.165670344  
-2.068940167  
-2.04072796  
-2.076560007  
-1.997754841  
-1.946402665  
-2.132677654  
-0.6363095451  
0.3400138647  
0.2303944909  
0.1042414389  
0.1147947817  
0.01822604477  
-0.1072718855  
-0.576844313  
-1.014577502  
-1.103583042  
-1.09060144  
-0.8237715916  
-0.8800285886  
-0.8230903399  
-1.015392597  
-0.9492346894  
-1.029930724  
-1.215095125  
-1.255580401  
-1.270537888  
-1.270555256  
-1.453566716  
-1.49962603  
-1.720657858  
-1.729173253  
-1.661891873  
-1.455432752  
-1.87512668  
-1.778464224  
-1.755939044  
-1.901374645  
-1.715968572  
-1.82210774  
-1.684675993  
-1.648086459  
-1.768129807  
-1.802171793  
-1.520948733  
-0.9550135907  
-0.9988240738  
-0.9577045494  
-1.045176626  
-1.256473125  
