-2.066206872  
-1.793616248  
-1.758960805  
-1.706023867  
-0.6395991998  
-1.356653891  
-0.4151409598  
-1.281554707  
-0.7616842603  
-1.718275862  
-0.9353341491  
-1.328044886  
-3.649710344  
-1.128787166  
-0.9507937595  
-1.61381134  
-3.03808004  
-0.6201660167  
-0.5723891449  
0.3652405954  
0.04707388854  
0.3223256131  
-0.121926476  
0.2932913204  
0.5978471605  
0.09727506392  
-0.4821296994  
-0.8799580133  
-0.5514172282  
-0.5409259075  
0.2366689979  
-0.277002211  
-0.4538654435  
-0.01565442159  
-2.583439593  
-0.6068735586  
0.03171319  
0.2826638377  
0.0155571442  
0.5552660398  
0.3391146657  
0.6404347518  
0.2674447664  
0.2566116631  
0.4081645295  
0.5918705785  
0.1731923879  
0.1665492451  
-0.39650589  
-0.0532181532  
-0.1158694478  
-0.9468350577  
0.425851493  
-0.8978118525  
1.001576075  
-0.5397499139  
-2.165609746  
-0.01589915782  
-0.09843170344  
0.2962006591  
0.3006831711  
0.3874383509  
-2.444371831  
-0.8461554382  
-0.4939930152  
-2.353213862  
-0.927600217  
-0.03959849565  
-0.288077224  
-0.8328198031  
0.205929266  
0.2473291811  
0.4396807398  
0.263377086  
0.2956763974  
0.2417933512  
0.454927037  
-0.0002238321746  
0.05861966306  
0.2000539612  
0.3576390545  
0.4302079945  
-0.6040320068  
-1.509408325  
-0.6814566563  
-0.2576111291  
0.2708248447  
0.4992434759  
0.06893117756  
0.5092210077  
0.7939944452  
0.7922723376  
0.3629746269  
0.4102274844  
0.8027891786  
0.5634670729  
0.4157581852  
0.312878158  
0.5877892621  
0.2673841027  
0.7061694306  
-0.8964003536  
0.1883077019  
0.5128814869  
0.2079392356  
-0.1570326859  
-0.5258066347  
-0.4381436729  
-0.1691484804  
-1.730595582  
-1.994410789  
-0.1086810622  
0.05398404572  
0.5951634109  
0.8674431613  
0.7270900936  
1.115109816  
0.3010708813  
-0.8329145302  
0.7447475841  
0.813166617  
1.08361142  
1.04475053  
0.4587076836  
-1.010702911  
0.3669410651  
-1.069560602  
-0.9593699874  
-0.1663912971  
0.5290735481  
0.4579484702  
0.578142226  
-1.231504022  
-0.204643875  
0.1291927293  
0.114349929  
-1.514491169  
-1.09994803  
0.7654389882  
0.6246808785  
1.224193082  
0.4143023912  
1.081659818  
0.6664413174  
1.483733905  
-0.1243192496  
0.8764212323  
-0.6368958301  
-0.05165917993  
0.3349005211  
-0.6255973069  
-1.38218056  
-1.002576184  
0.4659288908  
0.1676515663  
0.1494722049  
0.6511328009  
-0.2406714822  
0.1620604886  
0.8185051963  
-0.2430703212  
0.1639257603  
0.1361960618  
0.5911780955  
-0.5049554208  
-0.2033444435  
-0.8754672339  
-0.377007799  
0.3332302004  
0.2823168518  
-2.480967465  
0.05022585598  
-1.689088755  
-0.8332063431  
0.3465431432  
-0.9462420279  
-0.392655833  
-1.280738192  
0.3874072124  
-0.91469409  
-0.9872750066  
0.3218472124  
0.4271451017  
0.5727675256  
0.07645468431  
-0.5380910577  
0.231466411  
-0.3289648002  
0.4076256506  
0.5646687527  
0.8037888914  
-3.507047272  
-2.488528493  
-0.5571399254  
-0.8259191285  
0.7421432677  
-3.004266899  
-1.052374596  
0.4675598953  
-1.408755532  
-0.4691230175  
0.4456096975  
0.5982678959  
1.086490922  
1.225645119  
1.335883721  
1.313479875  
1.425445079  
1.552427763  
0.9893755957  
-1.573933764  
-0.09885206392  
-0.3370977783  
-0.3951126678  
-0.2196289214  
1.07466598  
0.5675693101  
-1.651559465  
0.3068495276  
0.3206481222  
0.1215302588  
1.137780029  
0.3285802343  
0.7678264107  
-1.001488773  
0.1433102028  
0.07623219695  
0.167335494  
0.264603035  
0.4053681509  
0.9127681285  
1.232219354  
0.790259737  
0.7684301074  
1.52383096  
1.486316404  
1.466769891  
0.2458779911  
0.662638444  
1.447611409  
1.041838915  
1.361753109  
1.513083571  
1.564316417  
1.479659905  
1.60829745  
1.368082389  
1.797148277  
1.51809355  
1.679752708  
1.65120264  
0.8588154822  
1.354752573  
1.403338115  
1.667473381  
0.9489325142  
0.7796018893  
1.387196933  
1.535755545  
1.619130792  
1.120702927  
0.2049256565  
-0.2682000356  
-0.004206762612  
-2.008182797  
