3944.147932  
4137.402651  
4082.869394  
3963.555787  
3955.425517  
4006.483248  
3969.271387  
3955.694451  
3960.458401  
4055.587871  
4045.62838  
4122.007656  
4055.957809  
4034.184401  
3995.484218  
4080.503723  
3986.52638  
4060.637901  
4016.82449  
4008.019354  
4007.890678  
3949.53112  
3930.204068  
4054.689138  
3913.100347  
3822.187677  
3988.867521  
3974.895663  
4019.805133  
3973.755142  
3989.91558  
3989.083011  
3971.187814  
3899.779882  
4029.645047  
3894.548733  
3986.905667  
3979.947077  
4001.492265  
4031.475081  
4016.770232  
4040.004496  
4050.941029  
4005.796397  
4041.264306  
4064.112346  
4066.459175  
4043.088768  
4070.543514  
3996.729704  
3925.770789  
4018.462  
3981.553871  
3989.612934  
3941.991863  
3981.494453  
3944.362054  
3960.481172  
3874.415485  
3905.179589  
3968.445815  
3891.046807  
3942.140418  
3862.799575  
3966.497753  
3922.152758  
3955.080541  
4033.286555  
4082.657536  
4089.804473  
4112.559769  
4097.913944  
4048.362845  
4096.062043  
4121.235914  
4107.12293  
3995.994079  
3984.998704  
4077.299308  
4066.462209  
4083.632466  
4066.349053  
4114.622637  
4064.196869  
3865.094705  
3967.469105  
3923.898148  
4031.517537  
4006.748828  
3888.619488  
4055.154464  
4015.2963  
3954.434289  
4019.438712  
4131.732522  
3917.586184  
3957.287357  
3980.664438  
3822.316163  
3866.712987  
4055.326385  
4101.728565  
3934.450296  
3994.880944  
3975.057626  
3914.49804  
3931.315563  
3907.249883  
3933.844277  
3961.555027  
4053.506146  
4081.482942  
4071.449762  
4043.050912  
4059.51483  
4084.757902  
4094.104551  
4085.471913  
4144.675823  
4136.116101  
4159.854484  
4138.417294  
4118.752145  
4147.440959  
4105.589738  
4089.136585  
4110.164006  
4117.37896  
4128.731671  
4087.591289  
4103.69045  
4109.326593  
4096.360145  
4121.892769  
4104.981106  
4037.356545  
3931.285774  
4054.743549  
4023.897678  
3983.030843  
4069.039903  
4072.185845  
4089.933201  
4091.5185  
4097.329853  
4109.481836  
4108.089924  
4082.727456  
4102.95248  
4107.614275  
4092.395764  
4101.395471  
4108.211072  
4103.707306  
4074.718425  
4094.487917  
4078.63161  
4083.623289  
4094.77422  
4080.679879  
4104.67467  
4043.408645  
4044.944874  
3886.464315  
3820.381193  
4017.759759  
3926.910061  
3837.140158  
3866.317462  
3991.479466  
4032.782746  
3963.485385  
4049.0239  
3890.940793  
3948.314886  
4050.867541  
4133.206041  
4048.054184  
4009.177372  
4069.774212  
3928.477087  
3952.296247  
4015.094281  
4099.917147  
4113.265284  
4120.915464  
4082.871337  
4103.900693  
4074.565211  
4141.579135  
4052.237597  
4040.361187  
3925.375626  
3792.811354  
3934.736942  
4104.848054  
3960.290328  
3898.984927  
4066.218826  
3960.067136  
4064.102916  
4058.164006  
3887.105437  
3838.139238  
4012.491694  
4140.592862  
3977.104266  
4066.241794  
4025.425742  
4066.499649  
4097.514068  
4065.807799  
4113.105183  
4118.618441  
4128.158486  
4131.279522  
4078.885825  
3988.951848  
4005.285246  
3900.651133  
3939.462185  
3958.089294  
3859.586948  
4025.916981  
4015.650114  
4010.837202  
4074.376535  
4160.919489  
3967.657503  
4029.733926  
3995.048088  
4018.051605  
4131.726076  
4004.620517  
3698.01673  
3991.677007  
3751.596626  
