0.9367296977  
1.27223725  
1.301999795  
1.029182149  
1.018531862  
1.098266798  
1.128130064  
0.717830884  
0.7635838386  
0.3191559145  
0.6351299487  
0.7554384879  
0.8152301919  
-0.1393365137  
4.65429435  
3.144837933  
0.6417152849  
0.9734432622  
0.05095595871  
0.6206597441  
-0.3179911883  
0.4449589903  
-0.2002074262  
0.2885229486  
0.113939612  
0.2195896683  
-0.2175924318  
0.2964848227  
-0.324503667  
0.02392871664  
-0.8186586027  
1.82278199  
0.3348423112  
-0.4831150854  
-0.486338047  
-0.4117525012  
-0.3734127497  
-0.5080704489  
-0.594866007  
-0.5596934699  
-0.3956531277  
-0.7508413944  
-0.5223011273  
0.03390614898  
-0.1254481331  
0.1153136644  
-0.5251182984  
0.06312210944  
-0.8424952454  
2.624210852  
0.8085257242  
-0.6996816119  
-0.1972073104  
-1.542394227  
0.181173891  
0.1277768935  
-0.7040186179  
1.125958061  
-0.2914195182  
0.164825004  
-0.6266772244  
4.085972061  
0.9796800266  
2.688691771  
0.8910718781  
-0.3686464778  
-0.3979588831  
-0.4692530832  
-0.4430209706  
1.595585103  
-0.3406022793  
0.4490391143  
0.2786611762  
-1.012601227  
-0.1973099078  
-1.134426467  
-0.03285750551  
-1.182282644  
0.8338121161  
-0.5237515349  
-0.3866689316  
0.01969350567  
0.06667396741  
-0.8594670994  
0.1968003039  
-0.1588211212  
3.497928797  
-0.07368302028  
0.1549241615  
0.3132036566  
-0.006430021968  
0.586395145  
0.2385638991  
-0.1213405231  
-0.3269085234  
0.1902627406  
-0.2828560502  
-0.1805607766  
-0.3822948094  
-0.4397885004  
-0.7583024439  
-0.3302555059  
-0.618039227  
-0.7397903596  
-0.3636303803  
0.002221942018  
-0.5459031496  
-0.2535246883  
-0.7986870919  
-0.6537966906  
-1.021529725  
-0.7298175684  
-0.9772087676  
-0.9875348338  
-0.7045127913  
-0.2028675921  
-0.9671230563  
-0.8318756849  
-0.9823043323  
-1.013651461  
-0.7841696165  
-0.03695532585  
-0.6100713738  
-0.04415416061  
0.0006244836579  
-0.3227689825  
0.1578114016  
-0.2094823027  
-0.1076725081  
-0.1451302024  
-0.2870672976  
-0.1669441697  
0.001220679131  
-0.1030256288  
0.299113042  
0.2089024216  
0.08038183917  
-0.003351683197  
1.250072036  
1.915515272  
1.661294524  
1.194293479  
0.4300157837  
3.771952159  
2.467352061  
-0.1964265879  
4.333060558  
1.534550563  
1.497671599  
1.020098925  
0.5838913008  
0.6904423646  
0.6212016005  
0.8489327047  
0.4910843263  
0.7057064793  
0.7073226817  
0.2974074515  
0.4850619565  
0.1671980909  
0.2670789251  
0.2146981385  
0.9185942909  
0.1451736472  
0.2028651175  
-0.1868463877  
-0.2254332797  
0.2856517628  
0.3759256069  
0.2678456047  
0.13145083  
0.1565466347  
0.6281316664  
0.3845871038  
0.07810267236  
-0.05702630383  
-0.219428794  
-0.2115928154  
-0.3859840339  
-0.5529488369  
-0.7060726309  
-0.552684361  
-0.7291460683  
-0.6459230903  
-0.2798017222  
-0.1330153319  
-0.40663177  
2.466678059  
0.750954457  
-0.8264711727  
0.3825369296  
0.3055293407  
-0.132456318  
-0.5903800862  
-0.7206880189  
-0.8349127932  
-0.7419296577  
-0.5675785814  
-0.668599474  
-0.538474973  
-0.7088061835  
-0.6049023651  
-0.6110560713  
-0.8651067817  
-0.8336226986  
-1.02657601  
-1.104460197  
-1.133078426  
-0.5610466892  
-0.8253861355  
-1.084152248  
-0.8231337466  
-1.122680694  
-0.9284286041  
-1.535351741  
2.322956911  
0.4337822111  
-1.106037246  
-0.5812141815  
-1.355836128  
-1.008648689  
-1.522397922  
0.06859086123  
-0.1375221746  
1.316919811  
0.008478968318  
2.176722714  
0.7894946977  
-0.320884517  
-0.3912998634  
-0.8753246489  
-0.6371732669  
-0.6742391882  
-1.0054054  
-0.9490788911  
-0.9493296212  
-0.9052315305  
-0.9160274305  
-1.009527309  
-0.9358499149  
-0.9489508812  
-1.137702109  
-0.7190377552  
-1.431840491  
1.651966515  
-0.2087390153  
-0.9082541728  
-0.896246694  
-0.8181371661  
-1.180497917  
1.071427643  
1.957756241  
-0.4772334181  
-0.6687218252  
-1.000627917  
-0.5520651768  
-0.8441304643  
-0.9162633432  
-0.3092753899  
-1.112153176  
-1.00162897  
-0.1899775806  
-1.226323211  
-0.01343680007  
0.08296268366  
