0.3966092938  
-1.825893662  
-5.978949549  
-0.1106873567  
-1.746792426  
0.3686210467  
-0.717884184  
0.4811440057  
0.740386844  
0.8739304042  
-1.447208992  
-0.4847108445  
-0.2850998586  
1.283206646  
-2.868820845  
-2.656979874  
0.712411699  
-0.3270629789  
0.4137213547  
0.6166989537  
-1.433511374  
-0.2054015713  
1.157937162  
-1.678202257  
0.1372592437  
0.8038800974  
1.345206385  
0.5058670661  
-0.1702010585  
1.261141329  
1.25992973  
0.369852696  
-0.6107164115  
0.2330951477  
1.042206457  
0.6576867824  
-0.3075701334  
0.6136635205  
1.304551318  
0.5656057177  
0.891957695  
1.353426221  
0.7198119959  
0.1890014606  
-0.143421206  
-0.5243935432  
0.430185165  
-0.7558318418  
0.7856452962  
-0.6434130577  
-1.101501747  
1.136744073  
-0.08403457422  
-0.6843131416  
-0.9967113635  
0.3812690153  
0.9903357191  
-0.7753527875  
0.2548655823  
0.5538191902  
0.722768461  
-1.046388409  
0.01502088442  
-1.682791322  
0.09124954614  
0.1094201383  
1.301038953  
-0.6821555629  
-0.3153913415  
0.4468260341  
-0.9887988387  
0.1377263136  
0.3328532219  
0.6500048134  
-0.4547158006  
1.270486847  
-0.3100789534  
1.608156815  
0.3900202323  
0.1466787515  
-0.5468893692  
0.6421212214  
0.1239323802  
1.455545184  
-1.580590647  
-0.8193932449  
-2.860116434  
-3.310901361  
-0.1248033674  
-0.0151740745  
0.6045778991  
0.09202964296  
0.6362984686  
0.5414031099  
0.7135425924  
-0.01077341826  
0.3054973747  
0.5067268741  
0.5248043756  
0.7678984224  
0.9247405989  
0.8515754295  
0.479625001  
1.129641484  
0.6667499255  
0.03409433954  
0.5334583591  
-0.7524714348  
0.7106267152  
0.7003694764  
0.909868757  
1.000845004  
1.236725538  
1.401347318  
0.5668176523  
0.1947106719  
1.54914904  
1.387736759  
1.489103087  
1.488923674  
-0.2593497385  
0.7454371144  
0.3406121748  
-1.463622383  
0.5933360494  
0.9700304999  
0.01146612401  
0.6249831261  
0.4696410518  
0.03220733876  
0.1814718321  
0.4098931785  
0.2712969945  
-0.1015258063  
0.1712588372  
0.008600312157  
-1.480942499  
-0.2052064093  
-0.1337446556  
-1.944683838  
-0.7575679009  
-0.5720122142  
0.4127494678  
-1.152040553  
-1.335223769  
-0.3939905377  
-2.314652536  
-1.724932781  
-2.326567455  
-0.6658904632  
-0.5760475037  
0.2262727091  
0.1133512665  
-1.982601007  
0.06456057944  
-0.2422653901  
0.1238029055  
0.432811856  
0.5835297902  
0.7382357514  
0.5722734651  
0.6858679807  
0.6214112827  
0.4845424124  
0.6173741537  
0.8234847792  
0.5683946164  
-0.5194542925  
0.5217645683  
0.6790551205  
0.8295362475  
0.3650907757  
0.107321885  
-0.5449461201  
-0.5878187487  
-1.010589978  
0.00942951084  
0.4297989046  
0.5006322555  
0.8449193058  
0.8152849265  
0.8658049073  
0.571585246  
-2.172405602  
-0.7756488675  
-0.7590103229  
0.2122902183  
-1.183655504  
-0.7547033908  
0.3042403961  
-1.959526949  
0.4038190434  
0.3433579133  
-0.8295020616  
0.1176823176  
0.2761069225  
0.3740817298  
-0.1940830155  
-0.2640425053  
0.5787471674  
0.3967566078  
-0.5723742931  
0.7239845294  
0.1303316985  
0.5990315146  
0.580371664  
1.263265077  
0.2509028887  
-0.6649001219  
-0.8971897664  
0.5872535711  
0.4028347817  
1.028776038  
0.8093944592  
1.816776355  
-1.571325557  
-2.608652781  
0.2535097481  
-0.0008989982882  
1.053919812  
0.7824631939  
1.292204226  
-0.08282805116  
-0.9708954636  
-1.381094528  
-0.6266876233  
-2.348070413  
-1.514193874  
-0.5713452791  
-0.9226553316  
0.499993498  
0.08859397881  
-0.1375978062  
0.4323887803  
0.7707026827  
0.5410485144  
0.2994990656  
0.6415554288  
0.7618780903  
0.4055382126  
0.5511750968  
0.5045246579  
0.4231699153  
0.6760815819  
-2.147134668  
-0.7902413304  
0.4874714197  
0.4791439591  
0.3962594794  
0.8017204764  
-0.7383922721  
-1.753088535  
-0.4725436446  
-0.2911244801  
0.2110574755  
-0.3206487058  
0.07529112476  
-0.2768642021  
-0.5239895726  
0.5186902955  
-0.5257589133  
-1.047576044  
0.5999862232  
0.5827586901  
-0.9817362526  
