3296.958731  
3426.203329  
3363.00316  
3257.155916  
3288.723404  
3272.445891  
3286.949934  
3259.898889  
3291.472971  
3330.083589  
3318.579673  
3327.175098  
3334.362287  
3305.455062  
3289.6934  
3333.14925  
3235.023665  
3296.272872  
3328.755577  
3288.537015  
3250.156148  
3148.037033  
3236.522684  
3308.451534  
3269.950935  
3251.612251  
3223.87298  
3266.101578  
3275.061277  
3260.740911  
3247.909787  
3257.004457  
3276.298387  
3256.95084  
3276.841201  
3276.3584  
3301.62974  
3290.431036  
3304.262589  
3318.600802  
3299.042643  
3311.304133  
3313.499612  
3265.78056  
3272.996283  
3314.418336  
3310.798559  
3295.436401  
3253.64259  
3318.782888  
3310.612702  
3269.612304  
3230.246507  
3273.890152  
3249.370042  
3269.586127  
3210.358367  
3241.368688  
3240.978399  
3302.316952  
3225.088303  
3199.112814  
3233.864006  
3176.998851  
3247.226659  
3243.73297  
3277.367752  
3317.275885  
3330.97672  
3346.472328  
3344.12124  
3309.996382  
3276.21164  
3315.390609  
3333.952991  
3357.579785  
3256.506962  
3247.470474  
3299.717727  
3301.534879  
3324.303828  
3307.189911  
3328.531502  
3309.245729  
3231.52731  
3287.275131  
3225.036487  
3347.667797  
3279.614502  
3250.651389  
3314.153361  
3255.663535  
3247.073101  
3263.296603  
3333.823545  
3261.944493  
3291.326159  
3278.207978  
3213.834381  
3230.290342  
3373.686175  
3266.889703  
3267.660589  
3278.468687  
3216.570753  
3140.641361  
3277.546257  
3265.458252  
3216.157761  
3300.003842  
3291.173948  
3374.672583  
3345.736244  
3343.55455  
3360.053548  
3359.656206  
3344.021266  
3351.859012  
3367.74402  
3378.921954  
3387.725309  
3384.421263  
3371.271111  
3401.039032  
3328.709909  
3322.081694  
3323.712253  
3349.947996  
3352.959785  
3354.525103  
3339.425576  
3359.290785  
3338.602735  
3375.492283  
3320.538221  
3320.20936  
3256.291008  
3289.469372  
3302.101197  
3262.451798  
3340.766415  
3330.96085  
3365.735986  
3354.874578  
3354.578987  
3374.490189  
3378.33938  
3348.098705  
3357.796583  
3317.290238  
3294.061238  
3326.166134  
3346.782622  
3341.104907  
3337.689631  
3353.183916  
3337.486477  
3341.328565  
3352.759741  
3365.624546  
3361.134413  
3362.665044  
3345.140273  
3263.956407  
3280.404723  
3321.208902  
3252.01714  
3282.07327  
3282.390089  
3333.831373  
3335.523099  
3261.706559  
3336.776848  
3236.39717  
3241.212752  
3320.273028  
3355.121671  
3373.01232  
3362.709268  
3317.137576  
3247.743915  
3231.74517  
3308.057596  
3352.958088  
3361.42785  
3369.310859  
3354.584998  
3323.133984  
3322.442825  
3327.666402  
3323.056616  
3280.855262  
3235.127887  
3260.444106  
3240.203621  
3385.37322  
3311.397977  
3235.778443  
3312.165996  
3275.723011  
3337.063804  
3364.619573  
3283.067536  
3260.379075  
3352.709848  
3357.448414  
3252.577496  
3349.419528  
3290.471771  
3321.503212  
3321.729596  
3361.68529  
3371.124439  
3391.515666  
3365.626037  
3405.222315  
3367.220801  
3346.368595  
3305.749623  
3268.105563  
3310.934432  
3320.521603  
3267.714461  
3348.993894  
3337.975828  
3273.51443  
3351.427848  
3386.486075  
3278.57934  
3324.236867  
3317.854704  
3348.016068  
3323.475026  
3425.473046  
3208.537957  
3365.854743  
3530.599243  
