-1.048935982  
-1.310088814  
-1.335161671  
-1.337946034  
-0.8398684907  
-1.025110154  
-1.367579127  
-1.191148395  
-0.9572895537  
-1.44761828  
-1.100698975  
-1.110887098  
-1.265578608  
-1.045861538  
-0.9900126063  
-0.8158343684  
-0.909286313  
-0.9020842357  
-0.9118626909  
-0.858512849  
-0.9554968297  
-0.9592990732  
-0.7658561992  
-0.668291093  
-0.7042065546  
-0.8154571204  
-1.218253638  
-1.420303396  
-1.368834585  
-1.035165572  
-1.100670846  
-0.7932869246  
-1.042740166  
-1.049578773  
-1.410757831  
-1.037091363  
-0.7535290453  
-0.9637800636  
-0.8032526839  
-0.9063492009  
-0.7444491337  
-0.9220040725  
-0.6446371809  
-0.8549532299  
-0.4487506187  
-0.8976725087  
-0.6618523045  
-1.081347176  
-0.8070842643  
-1.308187854  
-0.07858208754  
-1.401308689  
-0.2523870879  
-4.080121497  
-2.162592865  
-0.165443827  
-1.822416612  
-0.4996440773  
-1.023334602  
-0.6857205449  
-0.88131187  
-0.5500736063  
-1.112766975  
-0.8129329559  
-1.165332185  
-0.8162889788  
-0.9614362839  
-0.9195414999  
-0.6392950075  
-0.7764182865  
-0.969677471  
-0.742039993  
-0.8967729426  
-0.7781069662  
-0.9918220666  
-0.803215554  
-0.9034358401  
-0.804621228  
-0.8599447141  
-0.7130040762  
-0.8133740483  
-0.6538527896  
-0.9196747936  
-1.149439599  
-0.8099691394  
-0.9417784809  
-0.726074123  
-0.7494729662  
-0.7174121971  
-0.7223546694  
-0.5370090658  
-0.6223082954  
-0.725997466  
-0.6165812439  
-0.5716103174  
-0.6736405384  
-0.7518322437  
-0.6996832935  
-0.8594075587  
-0.7449699732  
-0.8210543073  
-1.173582222  
-0.9032318013  
-0.7240637315  
-0.6895430462  
-0.6271788083  
-0.9371692261  
-0.7631467641  
-0.691560757  
-0.9734692941  
-0.979801612  
-0.8812640294  
-0.563859005  
-0.6411598105  
-0.3320505107  
-0.3190307671  
-0.3328644565  
-0.3569994413  
-0.6444807402  
-0.04042611464  
-0.151955938  
0.04329929912  
-0.1113295054  
-0.04132701071  
-0.3293645673  
-0.134796504  
-0.05676395806  
-0.4118071725  
-0.07194331091  
-0.1944365588  
0.1715375292  
-0.1499414882  
0.7048856557  
0.1840662045  
0.1780430718  
-0.106565991  
-0.97734149  
-0.02757836928  
0.5264857687  
0.3586102507  
0.5181841363  
0.2830223973  
0.179413881  
0.430117912  
0.4373106621  
0.4843704779  
0.8715142556  
0.2791800355  
0.3407621569  
0.5283002037  
0.607285691  
-0.1464381157  
-0.1944371152  
0.894793173  
0.6014187837  
0.8827958581  
0.07367029298  
0.6201714888  
0.5163557544  
0.9368478346  
0.5109689957  
0.8166106955  
1.056997801  
0.8516563873  
0.2676015647  
-0.01420287603  
-0.08831620762  
0.5400667132  
0.06343952199  
0.4125795279  
-0.003344032992  
0.2664819637  
-0.3578064963  
-0.399587982  
0.250429678  
-0.2698445892  
0.6878696287  
0.002279963131  
0.2202918311  
-0.1555073758  
0.1486885607  
-0.3359327136  
0.4756320266  
0.5159040949  
0.1856846788  
0.3174178658  
0.563818304  
0.702522841  
0.9601509884  
0.9397647829  
1.237670174  
-1.099412785  
-0.4900209039  
0.2811383411  
0.6901963365  
1.113417629  
0.6377722604  
0.5959816554  
0.8568495226  
-0.04284435636  
-0.1954960764  
1.114447797  
0.8804305735  
1.388179173  
1.138315586  
1.771976192  
1.325114972  
1.644539928  
1.095862569  
1.66203272  
0.2697990953  
0.7571890642  
1.348963059  
0.3681495198  
0.9934755526  
1.162566859  
1.247303001  
0.8845605115  
1.227354139  
1.146905039  
1.238763774  
1.483407982  
1.421032426  
1.92078622  
0.4207961359  
0.7939981805  
1.190463237  
1.206245181  
1.127463791  
1.309575943  
1.178805322  
1.446358717  
1.165860406  
1.392801097  
1.446327218  
1.531490628  
1.503831017  
1.399285376  
1.472837531  
1.745959586  
1.646507194  
1.673871525  
1.811236648  
1.596317379  
1.738544023  
1.58578381  
1.796701926  
1.590795315  
1.764266645  
1.565192164  
1.651429643  
1.54080143  
1.503723086  
1.786221869  
1.511050519  
1.72883787  
1.355275112  
1.723432624  
1.424494611  
1.330003323  
1.62329574  
1.390387882  
1.064252937  
1.312416943  
0.7843957693  
