0.2394342289  
-0.6412508918  
-0.6375640689  
-1.023862748  
0.1156193543  
-0.09566579156  
-0.732422686  
-1.065028341  
-0.128285791  
-0.1790474011  
-0.8353792214  
-0.2969846039  
-0.4860096636  
-1.427255204  
-0.8040185073  
-1.019402  
-0.566919302  
-1.218933967  
-1.109400439  
-0.6003595777  
-0.7439175239  
-0.5839699955  
-0.9218976975  
-1.124725311  
-0.576888371  
-0.7655763602  
-0.6478284427  
-1.043262769  
-1.161370768  
-0.7978651997  
-1.511013377  
-0.6214546477  
-1.170681631  
-1.185284376  
-1.249565349  
-1.401339957  
-0.7900995837  
-1.459511036  
-0.8433502734  
-1.016365336  
-0.9752444267  
-1.542597221  
-1.023344369  
-0.817719035  
-0.9655742728  
-0.8594214923  
-0.5577794298  
-0.7333465175  
-0.2338759082  
-1.007300228  
-0.8412365311  
-0.9175319674  
-0.5874439918  
-1.14257269  
-1.643973881  
-1.087111988  
-0.2837376566  
-0.8452965934  
-0.4070670991  
-0.08989541264  
0.07264148287  
-0.8939906272  
-1.023731475  
-0.7024497136  
-0.7626491519  
-1.098723581  
-1.008438674  
-0.6333161526  
-0.7942484146  
-0.9678776216  
-2.017376385  
-0.7216458205  
-0.9706965217  
-0.8816898774  
-0.703093763  
-0.6812975736  
-0.9846761099  
-0.6450015688  
-0.4507599105  
-0.8646422612  
-0.7418956452  
-0.9444337706  
-1.340929913  
-0.947797363  
-1.354067968  
-0.4268355666  
-0.6391854101  
-0.455897595  
-0.766800178  
-0.6694925782  
-0.5373092388  
-0.2493355037  
0.08915558771  
-0.1041715675  
-0.245093108  
-0.6494080335  
1.127666765  
0.2963783538  
-0.3190103725  
-0.1863764448  
-0.3459918217  
-0.5072916094  
-0.04198253148  
-1.073282043  
-0.6237355145  
-0.7719476692  
-0.6564701993  
-0.7376635907  
-1.329525264  
-1.384952385  
-0.6092773397  
-1.668442971  
-1.071772108  
-1.050920946  
-1.129424924  
-0.4036841853  
-0.724624498  
-0.4916427915  
-1.233331004  
-0.8804150758  
-0.2381010475  
-0.7289272651  
-0.5674827835  
-0.6701512868  
-0.1649570772  
-0.2190801922  
0.3924077558  
0.270882287  
0.5731842814  
0.04968423378  
0.4688558936  
-0.0425772247  
0.6652044337  
1.063167821  
0.5977607956  
0.08792198578  
-0.5360782852  
0.9792101889  
0.4968186811  
0.8788319096  
0.4261458759  
0.9671679539  
0.8618336486  
0.4415519806  
0.5270508328  
0.04923643787  
-0.3239414801  
0.01308524014  
0.2341935061  
0.6857335762  
0.9291143682  
1.49439566  
1.195625611  
1.848504899  
0.8078807209  
0.4010340768  
1.190974467  
1.062974467  
1.473552467  
0.07954343897  
1.929519119  
0.6400242086  
1.559789886  
1.700822097  
1.861982199  
1.384661279  
1.713637403  
1.145617323  
0.4255693473  
1.855882273  
1.132057383  
1.38127194  
0.4190070463  
0.1846145404  
1.693118833  
1.123062958  
1.078094874  
1.118042389  
1.651534502  
1.149315726  
0.6576604324  
1.560901425  
0.2660435284  
0.1450179931  
-0.1720340616  
0.5893334312  
0.2777572347  
0.8841593918  
0.1499490454  
-0.3268486434  
-0.4323889016  
0.8166774939  
1.685517646  
1.35995617  
1.445033528  
1.237409869  
0.9689987901  
0.7093262367  
1.200087112  
0.8430067718  
1.861313755  
1.252157185  
1.910369861  
1.257045445  
1.444302288  
1.052419259  
1.477193381  
0.8546741595  
0.9476710529  
2.753145169  
1.193636871  
1.356960667  
1.091840662  
1.186249424  
1.754314234  
1.848827873  
1.052521072  
1.860950313  
1.613848705  
1.519552392  
0.7736798932  
0.2264703181  
0.3159643659  
1.990202974  
1.894923086  
