4124.237978  
3912.214115  
4003.142966  
4175.871934  
3893.990995  
3955.842608  
3887.304667  
4103.886165  
4030.060627  
4010.000664  
4044.494112  
4065.314311  
4045.895128  
4130.108541  
4033.751464  
4029.234492  
4075.358  
4003.967882  
4069.948399  
4076.955616  
4056.081407  
4031.693936  
4089.817806  
4134.186462  
3980.545847  
4130.350139  
4110.544241  
4103.941987  
3996.546183  
3900.11112  
4065.188406  
3989.376427  
4010.944056  
4140.903194  
4131.730778  
4104.552141  
4154.374991  
4127.35975  
4056.149306  
4034.199369  
4129.706396  
3942.946776  
3903.942157  
4100.699491  
3924.657913  
3972.307507  
4047.437844  
4087.767345  
4065.955702  
4059.75886  
4034.023394  
4157.598278  
3997.242771  
4044.857867  
3912.27157  
3988.061887  
4125.061568  
4138.636307  
4193.272151  
4120.305056  
3930.812207  
4164.085552  
4099.310596  
4080.302068  
3974.135826  
4042.213135  
4050.909862  
4013.306889  
4054.907605  
4068.742232  
4139.704904  
4091.790073  
4070.765065  
4052.337822  
4205.369699  
3832.455805  
3926.23289  
4164.065218  
4121.590024  
4157.35142  
4092.966701  
4138.258357  
3976.076486  
3981.322725  
4142.646017  
4102.006334  
4104.81145  
4101.819053  
4107.917085  
4097.514468  
4125.353576  
4066.774075  
3998.435647  
4012.258722  
4027.74106  
4125.561955  
4038.495269  
4094.626969  
4002.893702  
4033.162194  
4156.075854  
4115.192375  
4044.543047  
4121.110756  
4075.631716  
4087.783999  
4060.757458  
4080.341097  
3939.027505  
3957.916893  
3992.649809  
4024.083744  
4019.041179  
4039.878871  
4086.409748  
4129.464963  
4113.955515  
4037.044572  
4019.171258  
4105.640011  
4021.914242  
4095.821857  
4048.927354  
3974.415974  
4086.219263  
3970.025242  
4087.136176  
3933.272723  
3846.271855  
4124.705475  
4061.241853  
3976.881011  
4083.869624  
3983.436291  
3981.263658  
4206.567583  
4044.256942  
4100.286984  
4085.105639  
4139.572836  
4143.223775  
4162.165088  
4136.784241  
4171.100296  
4114.072809  
4192.363087  
4103.70605  
4174.705907  
4088.331556  
4168.717096  
4030.7755  
4086.418098  
4046.498958  
3914.788993  
3961.863017  
3973.067194  
3954.478384  
4035.450224  
4061.568696  
4103.644709  
3993.556029  
3980.174712  
3998.040427  
4052.307955  
4087.731072  
4090.482096  
4122.509568  
4086.618705  
4166.467267  
4063.677247  
4140.149965  
4122.353136  
4136.5393  
4152.45432  
4168.309069  
4148.649328  
4038.850042  
4083.437734  
4127.412543  
4013.806484  
4003.224761  
4049.184036  
4101.819512  
4130.920878  
4075.939919  
4118.807519  
4128.668164  
4123.969942  
3995.472459  
4015.854515  
3818.54137  
3927.02927  
4085.821944  
3987.660335  
4014.298751  
4059.738556  
3949.418983  
3867.470916  
4089.33906  
3986.317972  
3933.726846  
3986.17459  
4050.610872  
3996.43495  
4107.663068  
4064.544344  
3954.471847  
4094.149546  
4040.642054  
4066.949958  
4142.548472  
4030.55725  
3997.300689  
4121.143057  
4123.671679  
4059.974518  
3979.143665  
4185.741771  
3999.761613  
4069.832429  
4023.084327  
3988.994437  
4107.788536  
4145.811589  
4100.242822  
4158.176177  
4177.760453  
4152.581724  
4150.421951  
4155.733788  
4159.179171  
4118.38872  
4188.449379  
4026.246602  
4026.132504  
4090.668067  
4334.003008  
