4301.896214  
4095.736846  
3952.532207  
3955.876827  
3965.785947  
3860.370585  
4090.870161  
3889.628636  
3993.1261  
3951.340849  
3919.714012  
3851.162827  
4123.25049  
4048.263072  
3882.678134  
3999.791219  
4101.975615  
4132.592457  
4113.405892  
4010.624793  
4007.575338  
4079.895017  
4038.362129  
3932.723012  
3955.718835  
3946.293872  
4002.693002  
4069.647371  
4071.43676  
4014.237029  
4014.553124  
4076.396069  
4055.470887  
4050.672631  
4052.3217  
3900.411751  
4097.212127  
4036.186303  
4038.231881  
3999.652979  
4165.103054  
3977.764474  
4000.406793  
4060.461979  
4120.666025  
4003.805675  
4074.070511  
4044.609244  
4097.931603  
4028.414484  
4024.32317  
3819.437342  
3986.318693  
3839.084441  
3788.471531  
3943.656658  
3856.136076  
4031.805767  
4083.583505  
4022.819874  
3950.121674  
4181.779295  
4099.707149  
4094.351071  
4070.035545  
4111.919753  
4121.397209  
4159.452098  
4113.503422  
4071.85275  
4100.213424  
4121.894639  
4101.068222  
4108.80866  
3923.120776  
4032.313806  
4048.501139  
3998.239529  
4059.765697  
4093.852618  
4050.573635  
4099.085409  
3888.386843  
3978.704843  
4100.516028  
3991.17469  
4013.028294  
3964.093317  
3966.641026  
4073.470814  
4081.395906  
4184.791161  
4217.261826  
4106.897129  
4212.225958  
3916.18178  
4104.927355  
3963.182897  
4182.969233  
3985.084999  
3984.252127  
4027.449937  
4078.372733  
4085.358304  
4105.545918  
3937.379354  
3980.501538  
3805.448234  
4015.576459  
3979.468184  
3944.367396  
3767.319609  
4021.28225  
3855.632505  
3728.801943  
4210.723472  
3993.546324  
3975.599791  
3922.497092  
4032.133971  
4076.936915  
4011.72078  
3969.738838  
3966.587717  
4023.384965  
4128.044538  
4154.702548  
4121.84129  
4116.088779  
4050.901285  
4069.901077  
4128.326135  
4109.577555  
4125.870037  
4066.08008  
4027.441518  
3921.75298  
4074.233865  
4020.220797  
4134.915959  
4068.152035  
4145.535535  
4016.683941  
4140.026896  
4149.583594  
4146.681429  
4053.791895  
4094.554594  
4093.499182  
3940.326306  
4073.939517  
4199.726704  
4013.519986  
4066.304243  
4059.875023  
4049.013978  
4113.553067  
4165.535817  
4024.845983  
4098.374747  
3997.008257  
3949.304942  
4165.954692  
4013.128386  
4084.126315  
4087.81116  
4090.02932  
4099.681294  
4145.484668  
4145.89742  
4159.315036  
4160.388868  
4113.770844  
4105.27291  
4135.972549  
4208.028765  
4161.348565  
4241.385275  
4141.902201  
4163.191064  
4110.139804  
3970.203332  
4142.004743  
4149.165451  
4032.534909  
3931.047912  
4095.211259  
4165.558616  
4218.449116  
4250.088571  
4110.919893  
4016.433986  
4112.108418  
4184.331257  
4170.033326  
4265.176775  
4198.647652  
4152.394224  
4071.939482  
4237.913807  
4134.082983  
4150.708463  
4130.546587  
4106.239519  
4054.880833  
4090.002629  
4113.887521  
4095.224765  
4181.568271  
4112.245582  
4289.163662  
4159.231159  
4208.331513  
4111.894989  
4172.749551  
4102.080939  
3978.640012  
4076.333672  
4343.751374  
4143.284988  
4034.050769  
4038.460361  
4053.367462  
4180.636567  
4084.955948  
4140.402806  
4143.231216  
4242.739761  
4232.839375  
4247.157172  
4034.991797  
3996.588158  
3948.748857  
4017.708504  
4207.400511  
4014.34589  
4125.361344  
4091.916742  
4061.808252  
4079.349657  
4150.935112  
4066.649926  
4008.6557  
4165.468296  
4163.816331  
4252.32204  
4193.097675  
4150.602098  
4184.991752  
4171.773988  
4149.020954  
4125.96157  
4179.17067  
4222.059074  
4206.656251  
4153.196706  
4194.183507  
4213.275271  
4222.334198  
4150.759514  
4008.908367  
4141.643575  
4282.953021  
4049.888526  
3946.283011  
3822.642819  
4174.294554  
4329.931515  
4109.186167  
4206.0654  
3965.400409  
4096.054902  
4038.917244  
4095.14176  
4077.459392  
4184.022918  
3969.578125  
4044.945894  
4195.143988  
4130.578825  
4240.630953  
4138.068435  
4175.790083  
4027.856677  
4181.004836  
4158.580083  
4208.842455  
3909.705334  
3934.856795  
4180.111587  
3768.412968  
3843.62461  
4014.492231  
