7467.292337  
7018.829893  
6604.041936  
6775.785051  
6753.426418  
6827.794526  
6732.020815  
6683.703227  
6740.45907  
6720.811855  
6745.620251  
6754.732434  
6782.226465  
6485.30839  
6856.417221  
6542.098993  
6827.398193  
6716.143014  
6728.054246  
6548.928624  
6805.593159  
6673.807268  
6678.394777  
6809.059587  
6613.252393  
6811.37468  
6841.45407  
6803.782454  
6786.1095  
6768.890407  
6756.44271  
6812.064011  
6827.88161  
6817.694105  
6773.191122  
6718.969236  
6853.965793  
6780.960166  
6774.374549  
6780.697365  
6580.54945  
6786.398402  
6849.576901  
6739.983408  
6800.787147  
6822.01819  
6808.883428  
6834.363758  
6691.706422  
6909.433416  
6505.471457  
7064.523599  
6835.074686  
6857.200473  
6748.177743  
6780.265937  
6910.045933  
6858.900755  
6920.904267  
6782.51576  
6820.582659  
6818.203361  
6874.92347  
6898.589494  
6796.493718  
6922.979888  
6890.89718  
6702.302687  
6782.282631  
6990.676989  
6826.419839  
6736.505837  
6781.126016  
6596.66154  
6810.527553  
6799.973901  
6396.513085  
6844.62206  
6832.203585  
6665.657765  
6505.628275  
6858.318708  
6775.896036  
6804.74882  
6714.827121  
6748.925273  
6790.483599  
6684.638912  
6727.489614  
6763.011111  
6751.273356  
6806.369254  
6719.000646  
6773.497818  
6713.808843  
6714.547149  
6821.424669  
6660.279754  
6618.751861  
6645.550423  
6689.767746  
6771.657041  
6567.25205  
6778.68464  
6694.231557  
6708.369991  
6948.124193  
6724.057563  
6730.186495  
6677.326593  
6736.674215  
6653.886496  
6766.861314  
6801.895376  
6753.287482  
6708.35756  
6778.233112  
6613.202642  
6713.982671  
6764.096091  
6761.766217  
6811.961773  
6706.983797  
6712.345957  
6707.656358  
6770.405608  
6904.972811  
6712.548004  
6810.02791  
6343.951282  
6660.46947  
6903.22778  
6683.171309  
6890.470058  
6643.385219  
6884.545992  
6795.022759  
6790.481471  
6808.23671  
6832.194705  
6656.825101  
6898.666864  
6601.495041  
6801.80597  
6912.731883  
6866.256442  
6901.729235  
6754.604803  
6816.750828  
6818.372679  
6745.108586  
6860.372497  
6820.499834  
6857.676269  
6548.438325  
6760.513637  
7013.167304  
6671.223388  
7017.899043  
6820.878661  
6837.550527  
6800.659358  
6858.574254  
6846.08646  
6950.071523  
7009.002495  
6993.481453  
6789.823608  
6999.039178  
6772.433007  
6967.376544  
6870.185369  
6880.748178  
6900.749858  
6987.632715  
6938.857188  
6604.44181  
7004.623426  
6710.437347  
7000.246269  
6813.596369  
7023.103901  
6601.837945  
6877.634203  
7096.678793  
6862.558586  
7143.986569  
6982.929896  
7056.02517  
6937.257779  
6954.23149  
6997.311985  
7076.43773  
7334.866462  
7196.390954  
7313.446595  
6698.192403  
7032.393367  
7113.711583  
6938.576948  
6890.382707  
6851.648451  
6993.394787  
7022.184023  
7080.726128  
6966.080357  
6918.768743  
6846.428026  
6914.360932  
6923.967035  
7046.774222  
7024.756151  
6941.089902  
6968.722349  
6940.328678  
6942.525831  
6909.808767  
6908.857095  
6989.356237  
6834.578491  
6898.20119  
6795.959083  
6957.446622  
6592.244837  
6674.263236  
7080.918574  
6738.670336  
6901.984251  
6901.95526  
6941.109468  
6907.932233  
6886.212728  
6896.604681  
7187.792748  
7311.656819  
6895.900454  
6894.478603  
6769.406274  
7149.620084  
6595.193707  
6893.627579  
7078.856747  
6847.813458  
6769.71491  
6956.491088  
6959.12261  
6994.373918  
7354.073541  
6915.510384  
6972.594373  
7230.106433  
6792.131788  
7087.471509  
7242.487555  
7081.85572  
7199.887671  
7249.479907  
7253.579795  
7241.530648  
7148.263932  
6996.484494  
7024.507398  
7005.236738  
7009.520605  
6928.35867  
7075.81149  
6961.504033  
7088.224937  
7208.060318  
7371.945559  
6986.004728  
7062.667321  
7050.398076  
7122.695399  
6979.021953  
6955.975749  
6945.227171  
6924.337819  
7142.485254  
6946.619035  
6861.435873  
6904.497276  
6861.164017  
6847.143761  
6916.297995  
7016.841193  
6934.201322  
7119.397715  
6974.304173  
7035.287698  
6883.236439  
7088.621753  
7027.105179  
