8427.924883  
7792.839233  
8283.290364  
8276.076542  
7735.020806  
8093.179779  
7854.064128  
7599.563672  
7974.867651  
8496.080937  
7754.380656  
8263.499494  
7891.558205  
7799.029472  
7691.702166  
8577.150365  
8831.504565  
7976.82596  
7946.139663  
7663.586588  
8021.770328  
8010.553043  
7932.466124  
7842.014409  
8229.394308  
8042.013062  
7908.71997  
8057.551483  
8701.23752  
8391.281406  
7852.288826  
8291.740191  
8284.974147  
8031.961898  
8059.136741  
7961.527266  
8393.676359  
8239.539464  
8262.073117  
7795.363452  
8304.413822  
8044.03189  
8063.61583  
7932.807698  
7867.828926  
8606.381812  
7899.238564  
7865.118684  
7930.003595  
8144.101118  
8226.517323  
8139.679789  
8097.602298  
7938.073265  
8010.958982  
8607.956031  
8210.256013  
7835.694339  
8060.323678  
8043.966826  
8115.603183  
8540.619472  
8298.528911  
8259.561225  
8324.598598  
8212.268911  
7985.508589  
8269.609463  
8582.094285  
8169.286614  
7956.744963  
8248.118103  
8302.807678  
8045.07307  
7948.083777  
8133.55567  
8797.496723  
8146.019221  
7687.614302  
8249.312998  
8386.811421  
7904.388791  
8042.587996  
8543.896951  
8131.90595  
8004.481469  
8202.000479  
8645.687536  
8317.068603  
7777.310709  
8511.729176  
8224.926529  
8049.468332  
7975.856893  
7773.790846  
8033.721854  
8301.913064  
7688.847932  
7895.313981  
8078.963453  
7715.208968  
7840.885599  
8053.986137  
7889.969669  
8241.771062  
8531.267153  
7971.084527  
8045.491283  
8379.335178  
8708.247238  
7952.151782  
8189.761911  
8343.448394  
8456.657456  
8527.481055  
8028.422736  
8010.126535  
8041.653892  
8826.35561  
8123.357493  
8255.249854  
8109.769404  
7969.275806  
8016.71233  
8046.713597  
7954.246577  
8132.592338  
7932.587727  
7860.686352  
7833.777769  
7946.937214  
8053.35675  
8187.001335  
8104.771151  
8025.667487  
8299.151873  
7838.11488  
8153.313716  
7935.522184  
8200.868594  
8082.219167  
8306.202393  
8488.26643  
8098.96483  
8146.087963  
8188.143571  
8056.165073  
8061.561758  
7845.375414  
8212.149159  
8041.792392  
8193.424806  
7870.015502  
7995.941677  
8640.906766  
7974.247299  
7941.838085  
8259.189383  
8247.350076  
8306.827134  
8356.028089  
8068.767654  
8467.192981  
8412.320803  
8447.089038  
8315.079237  
8124.303295  
8203.798836  
8285.316905  
7805.755155  
7763.163092  
8216.233207  
7751.746459  
8049.446925  
8124.228641  
7958.991675  
7789.240903  
8000.853335  
8395.707732  
8091.353284  
7863.384504  
8015.081117  
8009.18957  
7879.497728  
8019.068303  
8082.518038  
8145.227185  
8040.066447  
8163.573699  
7975.922319  
8334.943426  
8089.890803  
8413.018119  
8616.932353  
8268.529121  
8564.922729  
8524.936666  
8584.612482  
8157.237335  
8347.165857  
8330.877524  
8386.292602  
8505.27491  
8339.70878  
8170.082507  
8378.387755  
8195.784344  
8426.896257  
7697.686676  
8061.469367  
8288.787224  
7747.232606  
8071.199719  
8363.569846  
8184.601785  
8234.009875  
8222.248682  
8342.379936  
8049.176529  
8332.913592  
8253.982083  
8150.897041  
8172.68289  
8001.102784  
7949.13781  
7925.887855  
8037.551208  
8058.57967  
8240.130152  
8592.851772  
8688.837404  
8143.733276  
8249.469155  
8312.115542  
8080.112141  
8186.050269  
8313.874148  
8233.796593  
8220.74918  
7850.153011  
7875.92385  
8087.353914  
7914.849965  
7939.503161  
8314.068129  
7933.897692  
8679.213562  
8960.295756  
8019.738025  
8414.770033  
8845.312008  
8161.493311  
8034.791899  
8133.467617  
8265.712645  
8714.987161  
8829.80326  
8196.617023  
8053.726166  
8265.28137  
8255.080824  
7909.993877  
8197.028487  
8336.875936  
8599.295665  
8017.162453  
8505.531378  
8821.015645  
8647.54584  
8134.862895  
8271.021804  
8513.646475  
8417.006299  
8316.046582  
8047.574142  
8050.135741  
8338.905963  
8268.259139  
8254.423629  
8075.411284  
8069.627085  
8107.26817  
8089.622034  
8043.476141  
8278.713773  
8342.459273  
8345.966123  
8436.669471  
8303.970522  
8154.370099  
7932.899361  
8032.537572  
8249.845487  
