1.15013658  
0.6726079366  
-0.8303877878  
-1.073357823  
-1.280242894  
-1.333120807  
-1.344502408  
-0.6316246733  
-1.016509937  
-0.08022019045  
-0.2996851286  
-0.9370992707  
-0.8360036585  
-1.526075738  
1.443445978  
-0.294918066  
-0.7875255496  
-0.7413142106  
0.5346500353  
1.128542898  
-0.5954067467  
-0.1752030582  
-0.9679230653  
-0.5522625916  
1.684705662  
0.09250243287  
-1.022043765  
-0.814486933  
-1.012788267  
-1.108372626  
-0.2824677369  
-1.147991012  
0.6297918837  
0.1506183842  
-1.314393749  
0.5523580998  
2.976410594  
0.09879117673  
0.8465429326  
-1.008219237  
-0.2405161452  
0.6483121399  
1.814952049  
1.127802991  
-0.4624840781  
-0.8285069675  
1.205991844  
1.154400375  
-1.392264242  
-0.5383635102  
-1.453625416  
-0.7048663104  
1.006838323  
1.602022476  
0.1261586326  
0.7134074881  
0.3700141145  
0.3724287619  
-0.04650709061  
0.4310746637  
-0.4902572579  
-0.5335787412  
-0.7695564506  
1.159797113  
2.646126824  
0.8301082053  
0.1394549513  
0.06457517838  
-0.0251359493  
-0.0694144221  
-0.3835495001  
-0.5161213547  
-0.2359994345  
-0.09914500056  
-0.4640244711  
0.9796186977  
2.319366705  
0.2434230029  
-0.006307969567  
-0.7100973393  
-0.8039273706  
1.434516619  
0.5067647344  
-0.3654762847  
-0.4869305153  
-0.8362087581  
-0.8004486761  
-0.7859297871  
-0.5430683674  
-1.03840802  
1.955956726  
-0.08839779727  
-0.4361269471  
1.14333729  
0.6306015633  
-0.3595990137  
-0.1344256394  
-0.550524963  
-0.1481297355  
-0.828407865  
1.347902518  
0.9491187208  
1.801199531  
0.1147958198  
0.9142055044  
0.06792664602  
-0.9572171834  
1.161625556  
1.041234333  
0.5819969713  
-0.3566788476  
0.02979696381  
-0.6011105467  
-0.7653550185  
-0.3814454031  
-0.9220300515  
0.5238974924  
-0.3689732032  
1.050946627  
0.3869170596  
-1.300531577  
-0.442097785  
-1.506644996  
0.7285536385  
-0.7847275351  
-0.2361755217  
-1.465960351  
2.384065352  
-0.1314543159  
1.442759671  
2.588454949  
0.5745382225  
1.029265444  
0.8243357058  
-0.5363893912  
-0.6211944241  
0.1944816839  
-0.8088392625  
-1.160828484  
-1.160891824  
-1.270574859  
-0.8330405651  
-0.1901459668  
-0.5806272983  
1.421970261  
-0.1830676788  
-0.5683790625  
-0.1275598534  
2.54467624  
0.1464888779  
-0.4958142642  
0.4429021508  
-0.7126080793  
0.8903571354  
1.221914085  
-1.322220234  
0.8896443501  
-1.00983806  
1.360626127  
-0.3985802851  
1.006937216  
-0.71237046  
0.7206218266  
0.3534576127  
-0.8256726961  
-0.3485632498  
-0.7299427365  
-0.7701302505  
0.3474087143  
-0.8594010881  
-1.045201076  
-0.619714096  
-1.047038179  
-0.430866841  
0.2852749558  
-0.03377159082  
-1.175081829  
-0.1411575993  
-0.6542831727  
0.4730429411  
0.4064549869  
-0.8360066593  
0.06594432386  
-2.45995174  
3.074180054  
0.7619125866  
0.9724766944  
-0.4220912203  
0.9326139967  
0.3687861753  
0.4211486818  
-1.158547761  
0.86948327  
-0.07595644288  
1.937145068  
1.522202978  
-0.7472764671  
-0.7627826112  
0.8182634401  
-0.218637684  
-0.9703459635  
0.288099017  
-1.028203849  
-0.8398427621  
-0.8423778922  
-0.3088861133  
0.1553051289  
1.141366033  
-0.8511458295  
-0.2009327804  
-0.9687169972  
1.687022986  
-1.626493541  
0.7854408068  
2.211362389  
0.01429510331  
-0.9095860585  
1.84739486  
0.4623957584  
-0.06433262866  
-1.508461944  
-0.7072455477  
-1.133013315  
-0.08346877513  
2.334188395  
