-1.549076268  
-1.579729235  
-0.9313463358  
-1.626036632  
-1.568448387  
-1.553655392  
-1.676041129  
-1.580351843  
-1.589466288  
-1.621993314  
-1.311303644  
-1.426329134  
-2.384442221  
-2.449961822  
-2.457918346  
-2.584456573  
-1.076516517  
-0.8054291664  
-2.30766947  
-0.9634981574  
-1.657837407  
-2.171871066  
-2.512736843  
-2.176231698  
-2.42400924  
-2.220675454  
-2.499736344  
-2.492492856  
-2.521634434  
-2.45034423  
-2.481681243  
-2.402132429  
-2.477831564  
-2.364728885  
-2.135342646  
-1.607555335  
-2.133817071  
-1.734862574  
-1.12092929  
-2.190357019  
-1.04074341  
-2.25505681  
-1.640461626  
-1.592325519  
-0.2926901041  
-1.524875419  
-1.718346154  
-0.9155104  
-0.778854434  
-1.038879804  
-1.607590417  
-1.883230555  
-2.234309636  
-1.40700365  
-1.713279944  
-1.355753999  
-1.115884651  
-1.939748172  
-1.247994773  
-1.645094605  
-0.9721621041  
-1.749872271  
-1.242359219  
-1.746410818  
-1.410140312  
-0.6237830902  
-1.400827664  
-1.590815055  
-1.817506697  
-0.2886217182  
-1.155497628  
-0.8086201413  
-0.4899291799  
-1.13614944  
-1.243218511  
-1.004376683  
-1.819610255  
-1.265486426  
-1.340326561  
-0.7473573419  
-1.197376686  
-1.48346408  
-0.3660629466  
-1.315999256  
-1.070216201  
-0.7520748543  
-0.3168788301  
-0.7885303471  
-0.4219953009  
-0.646741862  
-1.108170254  
-1.393922225  
-0.170215282  
-0.2033587033  
-0.7932534635  
-1.607647328  
-0.668578728  
-0.5858215031  
-1.232071587  
-0.6053954256  
-1.014290225  
-1.323727417  
-0.7122693477  
-1.318363614  
-0.5372334521  
-0.5036281956  
-0.3865209715  
-0.3659335658  
-1.052461008  
-0.3869461215  
-0.2910274774  
-0.2784707077  
-0.3585369791  
-0.4185474932  
-0.1500877972  
-0.6545978649  
-0.7346686048  
-0.69252363  
-0.1386301208  
-0.5978570424  
-0.1449324296  
-0.6101005291  
-0.5202517946  
-0.008537023015  
0.2154627197  
0.0172798614  
-0.1986112942  
-0.1400250741  
-0.4790234746  
-0.1334384809  
0.06260128054  
-0.3469452498  
-0.03219835972  
-0.3432497499  
0.1954378127  
-0.1919597387  
-0.01320074761  
-0.1300783318  
0.268503599  
0.05874078903  
0.3038611526  
0.1612272532  
0.1715763872  
0.07208009442  
0.2342490064  
-0.2123135152  
-0.1090376697  
0.05460546415  
0.1789212265  
0.0763367562  
0.5057577482  
0.572571926  
0.1768583088  
0.1221891213  
0.2815467281  
0.4899626707  
0.4760604741  
0.576867432  
0.3689115449  
0.5366153657  
0.5654990876  
0.5953610706  
0.43339151  
0.7469823319  
0.8967123257  
0.7295753355  
0.9460535566  
0.8840575008  
0.5723205717  
0.5410653231  
0.5598592117  
0.4502846857  
0.3472746529  
0.01625538335  
0.329251184  
0.4514466416  
0.4524028555  
0.735786109  
0.8388100233  
0.9634692693  
0.267129033  
0.3616520661  
0.817932061  
0.6267568109  
0.9530963545  
0.8636282041  
1.099925313  
1.14055808  
0.7960951914  
0.6985990855  
1.122485652  
1.006971871  
1.157362552  
1.027970163  
0.9690514471  
0.8348035653  
1.114829124  
0.7481998983  
0.6158874338  
0.5663318382  
0.4095758448  
0.3880175629  
0.3883790083  
0.3639584896  
0.349221736  
0.4230884286  
0.6516100221  
0.4816030274  
0.6090520187  
0.8573336769  
0.8469231667  
0.6366728229  
0.811448182  
0.8467047588  
0.878313671  
1.059151993  
0.9625214783  
0.8344831968  
0.5732374932  
0.435046432  
0.6433368224  
0.635325966  
0.7218863176  
0.6674708363  
0.820393768  
0.9621584884  
0.5277101506  
-0.8246489026  
0.7477488063  
0.48092484  
0.6957635115  
0.1557869568  
0.9913257197  
0.9745569903  
0.5752013313  
0.4399025183  
0.6721176376  
0.5231461466  
0.5092655038  
0.4599083158  
0.5746647735  
0.494323235  
0.6560857489  
0.5549921576  
0.7271174698  
0.5447868635  
0.6416504249  
0.4631640635  
0.7428081968  
0.7111215209  
0.903441159  
1.071704002  
1.16673516  
0.522984333  
0.6239819087  
0.9236942384  
0.9656501045  
0.7872423431  
0.3233422062  
0.6357050108  
0.8764612702  
0.9535460075  
0.4658804329  
0.5082423079  
0.4204153496  
0.6024440855  
0.6395263725  
0.5921742849  
0.5666822886  
0.7681762551  
1.169249361  
1.035046648  
1.242673736  
0.9170709408  
1.126675583  
1.228640182  
1.277227323  
1.236363429  
1.392574925  
1.270653932  
1.331324331  
1.324310252  
1.044657961  
1.204369579  
0.7140076713  
1.362163941  
0.941776098  
0.9953892905  
1.042321658  
0.8371959624  
0.8079636494  
0.9181505455  
0.9985444905  
1.074527411  
0.9698241978  
1.037843885  
0.7776823817  
0.9182058759  
0.9111115889  
1.093798884  
0.8963066225  
0.6335930264  
0.707045478  
0.5553052627  
1.003795954  
0.3648769186  
0.4009321481  
0.7331180919  
0.7125690708  
0.7705647237  
1.157688668  
1.194020869  
1.299320902  
0.9746259363  
0.5714878142  
0.7057336685  
0.3096644112  
0.07961733578  
0.1308122934  
0.5075481599  
0.1860467387  
-0.1043430774  
0.03924421586  
0.5333163303  
0.2648960274  
0.1589534738  
0.1980643707  
0.2968798193  
0.4225716838  
0.246890956  
0.4284943365  
0.8725492849  
0.590921875  
0.6315114411  
0.5699400477  
0.7550593562  
0.7210221731  
0.007416042532  
0.01940295732  
0.1235230167  
0.3228461061  
0.001471591918  
0.22620568  
0.1857161402  
0.2257180033  
0.2401697947  
0.500798831  
0.7226964479  
0.5513175242  
0.3093058584  
0.4217865811  
0.2358689671  
0.3860583546  
0.3038953569  
0.4555582946  
0.3375424561  
0.7288297413  
0.200970044  
0.8592801597  
0.6071434677  
0.3897537895  
0.8383248133  
-0.3614729077  
-0.3218859372  
0.4895774982  
0.8920951879  
0.4263481307  
0.3373767871  
0.3072046712  
0.3894431852  
0.6173732013  
0.3999769101  
0.5013078277  
0.5371457942  
0.950682899  
0.874016807  
0.9893584104  
0.3962121232  
0.009063751046  
0.9381162257  
0.9038825927  
1.101541908  
0.6568759092  
0.7869048014  
0.5921879298  
1.373479312  
0.1854202026  
0.5332792204  
0.722620954  
-0.2008370844  
0.07300791796  
0.6662923894  
0.9830741833  
0.6972407133  
0.4387922315  
0.6022231188  
0.7971965285  
1.032749718  
