0.1676325293  
-0.06993068938  
-1.769679097  
-1.565351109  
-1.739886518  
-1.71215371  
-2.075115735  
-0.4578788533  
-0.489495503  
-0.9002060955  
-1.074198476  
-1.323779279  
-1.441050384  
-1.607820732  
0.1165743587  
0.5554369097  
2.096764436  
1.842072442  
0.4554507025  
0.2350429983  
-0.2434756829  
-0.983032985  
-0.9257916276  
-1.133292451  
0.921270471  
-1.139865213  
-0.6536899736  
-0.8595034547  
-1.086372147  
-1.206524718  
-0.4693531148  
-1.357518242  
0.9015347373  
0.3225067025  
-1.43252545  
0.7430979959  
1.849202809  
0.03885906196  
1.132937738  
0.6554562629  
3.541779006  
0.8394377234  
0.7764547425  
0.2353065622  
-0.9794260235  
-0.7231918788  
0.4774433137  
-0.21631418  
-1.489316413  
-1.098261543  
-1.457423245  
-0.6704725434  
1.122828333  
0.8716803495  
-0.8881451773  
0.2316562142  
-0.4153033469  
0.1683307776  
-0.4584493601  
0.1870383128  
-0.9125303174  
0.003126129382  
-0.3300371398  
1.251403016  
1.850561839  
0.5675587793  
2.223476159  
3.404657723  
0.6819133463  
0.2822618389  
-0.3413698162  
-1.072101362  
1.536469141  
0.1836984238  
-0.6327631235  
0.8592592243  
1.365537602  
0.3842217676  
-0.3088198844  
-0.5315306588  
-0.6461602807  
1.307636267  
-0.1613081045  
-0.6201626219  
-0.5098454395  
-0.9467882632  
-0.6188713948  
-0.08173220069  
-0.3654434812  
-0.7309724569  
1.162803159  
-0.298474584  
-0.6056317567  
0.7320740569  
0.1164308871  
-0.1177583694  
-0.07240096654  
-0.3034895645  
0.134843649  
-1.079983932  
1.151208721  
0.9073820799  
0.6675823678  
-0.3451113295  
0.3214817912  
-0.3476339649  
-0.2848733166  
1.552131371  
0.4140012506  
0.2472227492  
-0.8560144261  
-0.1393002779  
-0.6576673873  
-0.09993670226  
-0.2727933912  
-0.5477905023  
0.7031531629  
-0.6587365493  
0.6292011437  
-0.8702035919  
-0.9728112468  
-0.8455961658  
-1.824073779  
-0.5309335333  
-0.3530330182  
-0.1660282764  
-1.952539091  
0.9413927168  
0.9425352569  
2.097006302  
1.433613322  
1.358808181  
3.089686326  
1.80495702  
-0.7606583067  
-0.9794326227  
-0.3355523572  
-1.222547832  
-1.313752508  
-1.272343343  
-1.296958205  
-0.7655839504  
-0.03603940153  
-0.4189687578  
0.912506426  
0.1501818419  
-0.8696874239  
0.7432396925  
1.670346048  
-0.00296022779  
-0.2909551821  
0.07696279565  
-0.4581736748  
0.4513853004  
0.3988861255  
0.3963062659  
1.911019627  
-0.2439788509  
1.383530898  
-0.565513394  
1.4215379  
-0.2424338143  
0.4031290679  
0.7564033101  
-0.7725641862  
-0.1866682465  
-0.5711439522  
-0.5423439395  
0.232618543  
-0.5308463923  
-0.1791032535  
0.1625076212  
-0.9890980815  
-0.2334039659  
-0.0889361474  
0.4086749213  
-0.9195151622  
0.8241229402  
-0.2503332336  
0.8283007288  
0.1697460638  
0.04222740167  
0.3400673404  
-0.5000672246  
2.587194263  
1.341192683  
1.153325578  
-0.001796220594  
-0.127891673  
0.3381255429  
0.5537212915  
-0.9728400911  
0.8727194913  
0.9646826768  
1.29279064  
0.4382726733  
-0.7405420946  
-0.8903422829  
0.2444995564  
-0.05377241758  
-0.8132915566  
0.1233457132  
-0.6952429051  
-1.125230816  
0.1531029395  
0.648302339  
1.222142443  
2.030150829  
-1.081755386  
0.5895058953  
-0.4353328955  
0.6725772599  
-1.630065832  
-0.1532865033  
0.1963143529  
-0.04552686507  
-0.04807060369  
0.5455206403  
-0.6621605085  
0.5463489229  
-0.4955099284  
-1.216408372  
-1.742888999  
0.3970900426  
1.508847915  
