8492.0004  
8268.540551  
8036.259582  
7767.959004  
7817.065614  
7645.360038  
7607.92055  
7974.841801  
7512.861803  
7767.397844  
7509.211646  
7605.183534  
7876.615712  
7657.201954  
7580.459773  
7770.411789  
7820.089749  
8033.446781  
7727.281082  
7969.420829  
7779.124018  
7914.976821  
7987.944556  
7816.33195  
8262.219117  
8184.661006  
8126.666237  
8143.43738  
7800.180111  
7623.349098  
7706.758774  
7645.518328  
7496.202177  
7763.704893  
8003.728695  
7609.807491  
7786.600732  
7845.044253  
7803.642693  
7477.906713  
7700.801892  
7913.107732  
7698.102825  
7655.102212  
7556.774801  
7820.223963  
8036.861394  
7637.054278  
7966.445653  
8255.821649  
7820.378959  
8204.155133  
7890.4937  
7927.347125  
7719.366327  
7787.069827  
8026.387086  
7977.749381  
7622.16778  
8140.413679  
7749.11716  
7813.868783  
8043.506842  
8093.819903  
8159.00675  
8406.690302  
7777.29036  
7982.393845  
7868.052359  
8117.701921  
7928.674073  
8100.104157  
7865.003358  
8445.489286  
8130.953577  
8522.450335  
8362.891983  
7931.710163  
7965.810214  
7847.372738  
7783.022702  
8035.218807  
7733.752364  
8083.728221  
8025.108064  
7994.229171  
7715.165363  
8488.045728  
8152.854173  
7852.512031  
7881.797728  
8050.786672  
7834.207857  
8314.196111  
7722.707355  
8027.821267  
8158.657678  
8495.532927  
7925.895875  
8297.958748  
8580.451339  
8003.875956  
7959.883457  
7842.080393  
7628.73357  
7976.005435  
7772.993115  
8104.28193  
7727.577782  
7743.091364  
8113.336329  
7943.377086  
7866.304477  
7960.321991  
7907.509761  
8267.798608  
7752.363241  
8322.274064  
7864.092409  
7932.136903  
8480.197933  
7880.455189  
8225.088855  
8006.104557  
7915.783839  
8144.213663  
8104.34844  
8143.877688  
7996.745774  
8181.188749  
8044.451991  
7895.890838  
7774.211387  
7652.750027  
8053.412716  
7961.129653  
7912.598899  
7929.969525  
7680.809744  
8168.133106  
8075.235238  
8048.666056  
7980.085907  
7711.759035  
8309.905972  
7978.215743  
7687.006091  
8038.643873  
7899.350894  
7676.04499  
7586.558876  
8012.132804  
8633.17235  
8434.662676  
8569.231349  
8072.996134  
7984.536771  
8036.849823  
7922.117276  
8279.389668  
7680.374317  
8185.212868  
8156.734244  
7777.494804  
8414.819928  
7955.082218  
7736.907065  
8197.312382  
7931.083791  
8310.241915  
8072.555231  
7868.115409  
7971.734236  
7781.354052  
8412.75551  
8076.625817  
8288.229942  
8383.504075  
8364.220798  
8068.20143  
8002.789293  
8219.305656  
8204.373827  
7879.97417  
7978.000822  
7805.058621  
7742.145255  
7971.637256  
7637.766524  
7906.789643  
7837.4128  
8201.445963  
7853.969764  
7946.971092  
8090.924273  
7901.854237  
7723.925741  
8101.918019  
7648.353542  
7927.842777  
7778.051668  
8065.016536  
8532.352976  
8196.271215  
8667.761501  
8103.574804  
8178.889992  
7930.252964  
7894.919403  
7945.772462  
7719.778547  
8071.416548  
7972.036228  
7951.059617  
8366.179493  
7624.634389  
7781.021715  
7868.623747  
8022.673023  
8464.318633  
8073.709091  
7954.079247  
8131.820045  
7920.798376  
7923.451416  
8024.256375  
8446.799227  
7876.087996  
8393.538469  
8407.697418  
8043.664779  
8326.865656  
7890.352348  
8466.051051  
9058.292637  
8985.815981  
9057.195767  
