9363.944975  
9685.888613  
8985.146044  
8465.004723  
8678.32666  
8399.838056  
8570.719026  
8753.135176  
8313.405723  
8853.968785  
8713.209269  
8498.183659  
8220.715838  
8412.478282  
8600.68883  
8348.035085  
8486.655563  
8653.782284  
8251.094767  
8942.922925  
8529.175907  
8632.426457  
9125.292716  
8838.002285  
8683.21786  
8755.268852  
8749.788019  
8878.216994  
8484.666581  
8363.011098  
8717.148194  
8657.49505  
8559.92234  
8485.217173  
8235.941656  
8608.72903  
8346.37713  
8451.166269  
8455.00693  
8490.251056  
8169.934095  
8083.814923  
8117.409132  
8448.321368  
8281.255169  
8400.306508  
8682.598612  
8614.365155  
8813.803242  
9025.610822  
8607.379388  
8368.124009  
9114.148455  
8455.472011  
8809.408917  
8385.687929  
8542.937195  
8504.427796  
8163.039567  
8542.049689  
8645.777131  
8516.373782  
8870.203479  
8436.623406  
8657.535274  
8320.697931  
8635.770174  
8993.413424  
8536.068414  
8662.850645  
8721.309193  
8661.93088  
8574.397582  
8430.124432  
9003.251448  
8556.89178  
8326.3915  
8221.876281  
8491.529203  
8429.382536  
8377.671269  
8322.666243  
8368.17883  
8826.108547  
8593.014157  
8137.168038  
8463.16028  
8124.049183  
9110.264799  
9093.699732  
8598.322908  
8926.799777  
8801.916295  
8474.422655  
8707.031637  
8561.791396  
8228.623424  
9058.205973  
8580.678273  
8901.817612  
8809.812182  
8868.381317  
8999.976251  
8540.508028  
8346.964789  
8777.622273  
8548.864373  
8786.456987  
8969.351606  
8605.976231  
8255.420472  
8794.434864  
8875.835215  
8582.461042  
8469.625025  
9197.616629  
8475.37148  
8601.376357  
9256.586352  
8623.139765  
8773.279363  
8321.25068  
8686.508981  
8969.717763  
8408.9425  
9013.572016  
8536.625863  
8703.602676  
8978.357292  
8778.113202  
8514.55764  
8819.716826  
9032.048347  
8497.349633  
8897.307352  
8528.444567  
8338.70008  
8287.600389  
8193.814653  
8813.364533  
8647.578259  
9041.277256  
9143.524967  
8555.058271  
8843.597825  
8728.649258  
8752.720901  
9032.715616  
8656.173906  
8614.179151  
8467.15495  
9024.970552  
8768.175129  
8818.151743  
8856.52682  
8731.073643  
8761.461694  
8671.074745  
8780.54423  
8512.404553  
8313.217914  
8145.880644  
8340.065329  
8139.639417  
9177.607086  
9066.320116  
8514.438676  
8558.09523  
8300.709602  
8479.135072  
8514.906102  
8803.986542  
8936.906093  
8464.839265  
8626.963117  
8708.3895  
8194.157694  
8799.418512  
8572.295834  
8746.155698  
8391.551175  
8361.843385  
8878.702635  
8456.58076  
8909.902383  
8651.822613  
8412.994855  
8774.115895  
8480.272833  
8984.45497  
9290.8148  
8537.191284  
8367.172722  
8227.38408  
8314.759962  
8388.041038  
8368.426059  
8834.211619  
8884.864179  
8583.651445  
8798.033919  
8676.542194  
8916.456037  
8557.823669  
8533.891702  
8659.977803  
9005.541412  
8266.995183  
8474.85777  
8971.622433  
8253.949844  
9132.005344  
8969.610307  
8620.14692  
9226.473745  
8615.908954  
9097.246553  
9031.456177  
8653.10244  
8792.780617  
8688.882938  
8812.746874  
9009.937478  
8466.439601  
8871.9233  
8669.355691  
8738.981218  
8940.332359  
8495.590844  
8823.265903  
8740.342964  
8776.262569  
8665.2793  
8450.63208  
8689.296872  
9372.337257  
9481.435424  
