0.5974435379  
-0.1311114625  
-1.163888647  
-1.428114059  
-1.602116151  
-1.58602723  
-1.608638705  
-1.070503112  
-1.118862326  
-1.494173401  
-1.506911414  
-1.555823724  
-0.4047239893  
-0.4378776267  
-1.227413754  
-1.412075879  
-1.465246225  
-1.568149715  
1.467161382  
0.6624631884  
0.1436922612  
-0.1100690139  
-0.8879504653  
-1.232733006  
-1.482235572  
-1.097048959  
-1.167607667  
-1.215023216  
-0.2615525885  
-0.9707926448  
-0.9993753118  
-1.262979594  
-1.541564294  
1.360533757  
1.410234552  
0.2858855305  
0.1262652084  
-0.9822245285  
-1.358271032  
0.3404124784  
0.988588795  
0.5231785226  
0.07822680237  
-1.013269609  
-1.365541572  
-1.308415896  
-1.345888719  
-0.4946967653  
-0.4523265088  
-0.6757845671  
-1.394921595  
2.633614463  
0.04008150722  
0.1618066737  
-0.3270731704  
-1.58460755  
1.415659312  
-0.3702187433  
-0.7015214671  
-1.87044581  
-1.045926828  
-0.5528018215  
-0.6717849945  
-0.4056443018  
-0.9780619902  
-1.126460855  
-1.333873984  
-0.9535572394  
0.0665669074  
-0.7961142302  
-0.6562197897  
-0.2859996981  
-0.9836495183  
1.303082165  
2.876341822  
0.2107798534  
0.1842614303  
-0.4008072791  
-1.523187785  
-1.473459665  
1.08321737  
0.9382356401  
0.103252183  
-0.8307865855  
-0.9172939714  
-1.433431317  
1.394480583  
0.1486846586  
0.3717719199  
1.139465466  
-0.7778365803  
0.3419478059  
1.120130997  
-0.2667895806  
0.16970711  
-0.6302370753  
-0.9491908988  
-0.6342788509  
-0.3987733202  
-0.263456648  
-0.03301253151  
-0.4644694629  
-0.08967717442  
-0.6885536799  
-0.5979389096  
-1.010261721  
-0.7154330612  
-1.319129204  
2.626834103  
1.155719051  
-0.7156644561  
-0.05494718554  
-1.117534598  
-0.1939455381  
-0.7136852569  
-0.976565686  
-0.8993393155  
-0.7513893804  
-1.002409992  
0.6396297896  
1.650529603  
1.049783975  
1.611227687  
0.9556349862  
0.5416579572  
-0.2522442469  
0.681494221  
-0.5798535792  
0.06843259695  
-1.007218936  
2.248070527  
0.6208091253  
0.2321327929  
-0.006950098983  
-0.3000057639  
-1.657766697  
-0.06416232504  
1.176178721  
0.3179600361  
-0.4934267747  
0.008965424436  
-0.5440074344  
0.9664986112  
0.5553599897  
0.9311590933  
0.07750462377  
-0.0904398901  
0.5137081315  
1.583769054  
0.7152576972  
0.1834958091  
0.05385864201  
0.5983455782  
-0.002377627806  
-0.4102369773  
1.406724879  
0.6241326933  
-0.3433180771  
2.040985568  
0.5486796305  
0.1874894432  
0.5729601507  
-0.1757594782  
-0.4691148355  
-0.01338993875  
-0.643123077  
-0.01338885432  
-0.9531116968  
1.992338328  
0.05830238338  
1.616064166  
0.5822911105  
0.6016725082  
-0.471679846  
-0.04378633855  
1.868402255  
-0.2509385892  
0.01194014067  
0.7418652014  
0.8685617223  
0.490876693  
0.8360774027  
0.1054338558  
-0.02917018862  
-0.2883739999  
-0.1231481271  
2.050827175  
1.644306688  
-0.1151121041  
1.56768953  
0.672564489  
0.01319609517  
1.145740992  
1.826735619  
1.012582375  
0.5809329259  
1.099539015  
0.7130656131  
-0.4268488262  
2.012965432  
0.6202154417  
2.196941408  
0.6275513766  
0.2071817203  
1.526832054  
0.2979701392  
0.8837310905  
0.05499009785  
0.2420036928  
-0.2920105307  
0.02743037003  
0.3478301534  
1.097033106  
0.5220045147  
1.623563037  
1.307827472  
0.6126376605  
0.5230986695  
-0.1974998273  
-0.1361925976  
1.891179421  
0.7761416144  
0.2970820519  
0.1245524757  
-0.4698968224  
