9174.312192  
8917.773329  
8668.705815  
8433.683278  
8415.578058  
8274.660538  
8267.502727  
8630.30621  
8213.461613  
8386.472137  
8184.408766  
8225.897908  
8458.26475  
8318.504664  
8329.538491  
8343.673945  
8423.696225  
8797.880184  
8354.429243  
8616.184417  
8435.549384  
8635.920144  
8692.297121  
8436.806535  
8867.309702  
8767.228903  
8608.779348  
8707.886985  
8476.667514  
8353.405735  
8297.779699  
8232.961884  
8247.861679  
8343.65278  
8668.621484  
8270.568882  
8382.092648  
8390.872341  
8470.446825  
8169.257009  
8367.636321  
8521.543496  
8308.191831  
8354.0103  
8223.1384  
8552.133092  
8559.989272  
8229.204922  
8760.387632  
8943.863486  
8428.695584  
8618.354026  
8409.870622  
8792.607626  
8381.468307  
8569.515216  
8542.850014  
8621.35072  
8392.805808  
8898.894009  
8406.178519  
8512.506104  
8492.03868  
8728.808758  
8665.924227  
9166.748997  
8496.006658  
8592.976374  
8478.325323  
8800.850124  
8684.718237  
8824.836374  
8508.695861  
9019.517708  
8712.222102  
9115.34021  
9095.441976  
8584.085665  
8687.830873  
8449.711645  
8427.870351  
8597.366975  
8403.260431  
8608.35525  
8586.509681  
8706.13079  
8381.252303  
9119.93564  
8884.89917  
8450.11694  
8622.776539  
8802.772396  
8604.356588  
9020.024455  
8392.034852  
8723.30508  
8937.197276  
9206.467708  
8475.981984  
8923.52166  
9125.788575  
8740.76417  
8501.288555  
8466.657672  
8246.941673  
8611.257343  
8436.676971  
8798.207614  
8256.139416  
8394.753684  
8768.258612  
8541.375517  
8482.975023  
8558.918172  
8551.24724  
8948.374079  
8590.628327  
8884.062034  
8477.82378  
8546.857531  
9192.114776  
8573.993062  
8831.253119  
8625.27792  
8463.825462  
8800.613422  
8775.620403  
8749.668608  
8541.745765  
8745.807954  
8795.229034  
8436.70189  
8446.804489  
8310.443296  
8590.383079  
8740.886841  
8535.686078  
8602.386769  
8335.523193  
8769.249419  
9014.100472  
8647.354373  
8751.017779  
8420.65423  
8996.536911  
8658.688477  
8416.920027  
8582.229925  
8478.202549  
8308.149471  
8273.035461  
8581.854196  
9292.61163  
8977.824791  
8966.132887  
8922.973595  
8641.506059  
8935.642484  
8839.441247  
8945.51087  
8233.506508  
8873.673461  
8914.877765  
8477.873515  
8920.933946  
8575.774195  
8416.763365  
8749.427963  
8538.353373  
9071.632638  
8633.180933  
8488.554718  
8708.152953  
8441.813408  
9086.366489  
8685.986263  
9009.629271  
9109.727659  
9044.460314  
8672.386119  
8588.396762  
8939.738355  
8975.106705  
8690.988498  
8471.649535  
8487.944495  
8432.672064  
8669.394302  
8366.506852  
8472.292939  
8463.228578  
8855.3038  
8562.573907  
8534.046745  
8692.638204  
8535.939621  
8428.438418  
8896.359456  
8337.509572  
8517.960908  
8361.170024  
8632.940639  
9115.106536  
8860.46276  
9342.65822  
8556.426351  
8574.041928  
8380.847534  
8527.961734  
8552.064998  
8378.810747  
8839.050539  
8518.320686  
8507.325544  
8839.852436  
8274.326469  
8413.165451  
8453.898016  
8628.047701  
9157.886219  
8734.477345  
8716.279586  
8681.499745  
8600.138263  
8561.889822  
8763.050431  
9036.665496  
8574.367384  
9034.884344  
9000.579351  
8677.036083  
9030.075349  
8452.244276  
9171.206618  
9567.240525  
9583.611665  
9613.230425  
