8767.082581  
8887.349917  
8241.221057  
7777.849162  
7988.529005  
7860.34254  
7984.821826  
8216.985773  
7741.022148  
8390.949007  
8035.684072  
8023.040867  
7745.419795  
7853.668734  
8061.973771  
7766.542958  
8009.105587  
8212.139092  
7700.962419  
8285.888105  
8094.217479  
8016.252293  
8395.691153  
8031.301831  
7993.129204  
8149.742933  
8203.493451  
8349.133631  
7923.599467  
7968.398556  
8196.476847  
7915.351609  
8139.596869  
7975.613605  
7619.934573  
7984.825172  
7774.284796  
8018.986732  
8130.373345  
7942.524115  
7632.630102  
7507.4222  
7629.759425  
7919.949153  
7741.624909  
7895.469239  
8046.150258  
7996.918609  
8525.752155  
8419.957489  
8218.277469  
7994.603372  
8408.927399  
8060.634026  
8017.073885  
7906.910295  
7914.79452  
7957.534941  
7650.152294  
8144.338032  
8044.451837  
8134.340715  
8332.570876  
7833.736757  
8028.174477  
7711.159764  
8149.871149  
8341.571337  
7814.52244  
8075.138587  
8284.343584  
8164.411342  
8088.793396  
7938.969321  
8325.835851  
7974.564177  
7918.273582  
7840.493813  
8137.620338  
8087.532888  
7928.138563  
7821.534133  
8022.405456  
8179.465246  
8025.713472  
7636.692272  
8123.814488  
7827.522138  
8441.244359  
8443.147953  
8004.942759  
8406.05973  
8290.925561  
8001.1159  
8215.161245  
8169.712319  
7832.68016  
8314.734535  
8216.039943  
8516.919909  
8335.548784  
8429.043641  
8680.602792  
8000.721019  
7951.019226  
8252.833873  
7978.565221  
8307.587531  
8427.635684  
8115.973142  
7778.682815  
8389.681521  
8222.285089  
8240.695588  
8089.81504  
8554.620669  
7940.526996  
8226.482194  
8523.211057  
8376.18456  
8363.874232  
7889.02374  
8209.705811  
8326.161162  
8118.146396  
8392.027499  
8008.120996  
8153.422413  
8377.173023  
8228.94816  
8050.920043  
8310.751827  
8291.604296  
7889.539733  
8202.442884  
7975.504759  
7784.645664  
7828.64416  
7698.155721  
8276.249401  
8118.263539  
8572.665255  
8630.526274  
8007.572696  
8337.653257  
8127.330221  
8165.371261  
8701.669395  
8129.192419  
8236.643608  
7954.451397  
8323.319109  
8361.553385  
8262.32936  
8337.273713  
8241.769334  
8336.941998  
8280.597853  
8322.154941  
8033.546597  
7810.676628  
7702.825556  
7964.950903  
7673.495169  
8791.172737  
8585.774486  
7981.157551  
8141.734362  
7852.481292  
8083.69476  
8031.377527  
8368.207575  
8471.081428  
8069.467769  
8093.570281  
8071.466213  
7658.477385  
8252.94079  
8303.445647  
8216.25759  
7962.271593  
7823.509756  
8444.512592  
8092.091162  
8408.813275  
8155.092057  
7924.610438  
8526.542192  
7945.485576  
8526.330408  
8785.680482  
8054.920603  
8017.594163  
7673.376569  
7953.353466  
8021.951418  
8013.97661  
8465.997672  
8310.306676  
8179.884349  
8307.208746  
8163.405672  
8332.37746  
8099.829002  
8004.000725  
8118.734435  
8620.732646  
7709.56849  
8126.552099  
8362.155638  
7829.912962  
8720.307803  
8383.22237  
8096.795893  
8991.347221  
7983.36627  
8722.463801  
8621.484003  
8123.734976  
8178.425187  
8030.149734  
8082.277781  
8426.073709  
7853.510713  
8314.20253  
8296.372372  
8327.665006  
8433.927493  
7995.823303  
8380.216898  
8078.950233  
8346.267447  
8216.382652  
8074.631788  
8196.525012  
9118.584209  
9078.424765  
